87.76978417266187
92.08633093525181
89.20863309352518
89.92805755395683
88.84892086330936
89.20863309352518
87.05035971223022
86.33093525179856
89.20863309352518
87.05035971223022
92.80575539568345
87.76978417266187
88.48920863309353
89.568345323741
88.12949640287769
87.05035971223022
87.41007194244604
88.48920863309353
88.12949640287769
80.93525179856115
89.568345323741
91.36690647482014
91.72661870503596
86.33093525179856
86.6906474820144
88.48920863309353
87.05035971223022
85.97122302158273
85.61151079136691
89.568345323741
89.20863309352518
87.41007194244604
88.48920863309353
87.76978417266187
90.28776978417267
87.05035971223022
91.36690647482014
84.17266187050359
87.05035971223022
87.05035971223022
