<model>
linear
</model>
<W>
0.0
0.0
0.0
0.0
0.0
0.0
0.0
0.0
0.0
-0.1545632341070119
1.4922582701962408
0.0
0.0
-2.9725294123634924
0.0
0.0
0.0
0.0
0.0
0.0
0.0
0.0
0.0
0.0
0.0
0.0
2.1324623151333064
0.0
0.0
0.0
0.0
0.0
0.2791026825405597
-0.35637529824602326
1.8661118958492018
0.2702673781830969
0.05905746214764518
0.605846142517946
-1.6725615827528093
-1.0861931011061563
0.5245750040877122
0.5137650976822488
0.8143939937857437
-1.3805353637097169
0.6723763028258246
1.347716632362482
-2.2792203095232257
7.652529807977128
-0.03671771798261589
0.7388877094242183
1.557453403304358
-0.4033557584012439
0.1773217801935977
1.059369631109176
3.310546550010897
-0.7227247036481328
2.608409454203374
-0.12894319726859638
-0.6212276802371919
-2.356550044557396
-1.912235445855382
-5.39603863190572
-2.3745286562354697
-2.5846344128785756
0.2892393462380868
2.514966781402813
-1.1568303537598619
0.09493068082016165
-1.081827377559478
-1.0354812835337812
-4.1879631018116275
-0.8516515601566618
-1.1472902343790063
1.4757376864945484
0.1667658637404072
-1.2552952218294173
-1.2722261495880225
-0.6865806491593961
-0.7494944816246611
-0.38460244349933104
0.1110593576148514
-1.1844284193505843
0.7383794031341068
2.540158066341138
-2.6160779970957493
-0.2939025144690724
-1.5402206659710018
-0.6639133314610031
-1.5437882937509741
-2.115239194106319
-1.6075508564189425
0.6962395757915121
-0.41453146546918396
0.7254758957915121
-0.03525811955902199
0.42713540803058164
-0.140224671
3.390506332577924
2.4936218467422107
-2.185961665924464
-2.591437489035191
-1.8265316070791944
2.1687684565077787
-7.410463996604013
-0.340416798785821
5.096678380064116
-1.2742889092164393
-1.0494181378423586
4.692082766149874
-5.795653908872218
2.2713156235115806
-0.7704977269568076
0.8560182970716644
-0.2506703078590096
-0.6625239547784989
5.162358726729228
3.05901798053116
-0.7374266677055007
4.36244871985061
-2.075770263848801
1.187118040830203
1.593799537241114
-0.6389820688474687
-1.51851813467198
0.6318031863585319
-1.5182033966625401
-0.0664374200066523
0.0
0.0
0.0
0.0
0.0
0.0
0.0
0.0
0.0
0.0
0.0
0.0
0.0
0.0
0.0
0.0
0.0
0.0
0.0
0.0
0.0
0.0
0.0
0.0
0.0
0.0
0.0
0.0
0.0
0.0
0.0
0.0
0.0
0.0
0.0
0.0
0.0
0.0
0.0
0.0
0.0
0.0
0.0
0.0
0.0
0.0
0.0
0.0
0.0
0.0
0.0
0.0
0.0
0.0
0.0
0.0
0.0
0.0
0.0
0.0
0.0
0.0
0.0
0.0
0.0
0.0
0.0
0.0
0.0
0.0
0.0
0.0
0.0
0.0
0.0
0.0
0.0
0.0
0.0
0.0
0.0
0.0
0.0
0.0
0.0
0.0
0.0
0.0
0.0
0.0
0.0
0.0
0.0
0.0
0.0
0.0
0.0
0.0
0.0
0.0
0.0
0.0
0.0
0.0
0.0
0.0
0.0
0.0
0.0
0.0
0.0
0.0
0.0
0.0
0.0
0.0
0.0
0.0
0.0
0.0
0.0
0.0
0.0
0.0
0.0
0.0
0.0
</W>
<b>
-2.638140865439972
</b>
<info>
Training (X) File : /home/vibhatha/data/libsvm/webspam/webspam_isesvm_train_x_bin.360 
Training (Y) File : /home/vibhatha/data/libsvm/webspam/webspam_isesvm_train_y.360.bin 
Testing (X) File : /home/vibhatha/data/libsvm/webspam/webspam_isesvm_test_x_bin.360 
Testing (Y) File : /home/vibhatha/data/libsvm/webspam/webspam_isesvm_test_y.360.bin 
I/O Time : 125
Kernel Matrix Calculation : 0.254 s
</info>
