<model>
linear
</model>
<W>
0.0
0.0
0.0
0.0
0.0
0.0
0.0
0.0
0.0
-2.1284336267684427
1.7611070732591283
0.0
0.0
-2.2420288092704097
0.0
0.0
0.0
0.0
0.0
0.0
0.0
0.0
0.0
0.0
0.0
0.0
1.2051254488586578
0.0
0.0
0.0
0.0
0.0
-1.6264975926704415
-0.792820483626004
3.2603352727625676
1.824109822348889
0.09422818384745466
2.4791442051227515
-1.560477365363231
-1.847468032154608
4.923994127238248
4.876247517626701
-2.214521224378623
0.4510937275288428
1.2505318454570098
3.50577576182898
-1.5728996208447543
6.234359965953369
-2.3225834282601006
0.46599075774362153
0.27150637069295425
0.3994520461230201
-0.24499843884920922
-3.709999396304856
4.794556127993755
0.8655648918356924
2.2578808735011644
1.2292024078192512
1.4447320785813669
0.5851658598902942
-3.2523415776575764
-5.485666172259277
-3.8441053984671285
-1.058370618021043
0.4982637651753245
4.899679054312039
-1.8075808220047658
-1.879931596186782
1.0855458875553436
-2.3822803427776194
-2.2147424598835097
1.5047610833749314
-3.162797110796469
1.984619030954718
-0.26991106582588903
-2.0203159174673413
-0.7710847605854065
-4.622772633640252
1.554816303845433
-0.3142604401489312
-1.2006006620868472
1.386231218657546
1.011859764748355
1.1985136426028817
-0.0201005707166638
-0.8372992041015667
-1.4542791004075786
-2.122787989803153
-0.8258139938778847
-2.149916927188136
-1.8343116217207107
-1.9289736591832216
-2.588144482729495
-1.9289736591832216
-0.027073172811539613
0.8891604181111454
-0.005585144287351055
6.015040475696999
-3.755374258043816
-3.646469000019803
-3.54211280076143
-2.723775523784826
2.6022513151963964
-6.56664963138274
0.8020824376087341
4.8950480550861135
-1.0521210001660517
-0.7007558527484321
4.847126352956655
-8.202551679817123
7.166104604437699
-1.8149022529949388
-2.1642495947336338
-1.1077096533178241
-6.009489883238307
8.466521457550654
-0.8375771627217876
0.26119184523147365
6.341326093046219
-0.16658445057732174
2.1603744772131233
1.0427326431087427
-1.1726982229603988
1.4809553841055403
0.7137216267625665
1.4439347392753292
-0.2630442025304623
0.0
0.0
0.0
0.0
0.0
0.0
0.0
0.0
0.0
0.0
0.0
0.0
0.0
0.0
0.0
0.0
0.0
0.0
0.0
0.0
0.0
0.0
0.0
0.0
0.0
0.0
0.0
0.0
0.0
0.0
0.0
0.0
0.0
0.0
0.0
0.0
0.0
0.0
0.0
0.0
0.0
0.0
0.0
0.0
0.0
0.0
0.0
0.0
0.0
0.0
0.0
0.0
0.0
0.0
0.0
0.0
0.0
0.0
0.0
0.0
0.0
0.0
0.0
0.0
0.0
0.0
0.0
0.0
0.0
0.0
0.0
0.0
0.0
0.0
0.0
0.0
0.0
0.0
0.0
0.0
0.0
0.0
0.0
0.0
0.0
0.0
0.0
0.0
0.0
0.0
0.0
0.0
0.0
0.0
0.0
0.0
0.0
0.0
0.0
0.0
0.0
0.0
0.0
0.0
0.0
0.0
0.0
0.0
0.0
0.0
0.0
0.0
0.0
0.0
0.0
0.0
0.0
0.0
0.0
0.0
0.0
0.0
0.0
0.0
0.0
0.0
0.0
</W>
<b>
-0.09449954876104791
</b>
<info>
Training (X) File : /home/vibhatha/data/libsvm/webspam/webspam_isesvm_train_x_bin.344 
Training (Y) File : /home/vibhatha/data/libsvm/webspam/webspam_isesvm_train_y.344.bin 
Testing (X) File : /home/vibhatha/data/libsvm/webspam/webspam_isesvm_test_x_bin.344 
Testing (Y) File : /home/vibhatha/data/libsvm/webspam/webspam_isesvm_test_y.344.bin 
I/O Time : 115
Kernel Matrix Calculation : 0.224 s
</info>
