<model>
linear
</model>
<W>
0.0
0.0
0.0
0.0
0.0
0.0
0.0
0.0
0.0
-2.1554480115642756
1.4067340741711647
0.0
0.0
0.7196820770118459
0.0
0.0
0.0
0.0
0.0
0.0
0.0
0.0
0.0
0.0
0.0
0.0
3.999306252904801
0.0
0.0
0.0
0.0
0.0
1.0997301845222704
1.2309088399496682
3.3789159810977507
4.065865971450072
-0.00901973621620087
3.5830120787048694
-3.0370512138650945
-0.8507997360407142
3.201987318933947
3.2811228234706253
0.875753375054266
-0.7309417161684507
-1.9859406170556813
6.002499326058547
-3.6930317351323527
12.169279079676468
1.306179087383602
3.6595098950837466
0.9316085054288229
-1.8295738387736014
-2.546813653174218
0.19894996471680992
3.1844425211844447
0.5755598179812542
2.045664654176613
3.6662819681994656
-2.03148719483702
-2.0003372836426556
-4.068554600607873
-8.671674881287384
-3.7654202989268666
-6.682629830732711
0.5479138649937187
6.231363900170851
0.5981220307716477
0.9138959449654507
-1.007575469211095
-5.7500175494836
-3.524264284836623
-3.324444651202815
-1.4832379157209572
-0.587969055600945
-0.859062807721421
0.26606025650383164
1.0791105356176136
0.2345474822640787
0.046750962677298606
0.833839922299032
-2.896742292685615
1.5216565811882794
1.111568182377388
0.18603856378245345
-0.15312956768350477
0.5730265608653222
2.1101057708781914
-3.5750010288239515
-1.9120480027525155
-2.9254212266115074
-5.148591143035051
1.3196054691845003
-1.2700493597947062
1.5335855091845003
-0.05852227055570562
-3.8885226768550547
-0.04538951
7.5994760289922025
2.5681690525866547
-1.4300489587441427
-5.3473029094184295
-5.160555359245105
0.8550200946003882
-4.42044877124903
4.132399048845088
6.706043809395994
-0.5725643403202978
-3.6077299481890677
9.01566507844501
-3.6388492702078294
4.302779699174214
-0.8475544393916115
-5.56490799258263
1.7630796796548618
-3.179512975498572
11.818124779809816
-0.08086754694914447
-1.5345405080400931
10.461446040474993
-5.215684672453278
-0.32104831554551605
-1.878127049539883
4.48016646205147
-0.8384216016534628
1.113324360075258
-0.8112720610546219
-0.39574484977093966
0.0
0.0
0.0
0.0
0.0
0.0
0.0
0.0
0.0
0.0
0.0
0.0
0.0
0.0
0.0
0.0
0.0
0.0
0.0
0.0
0.0
0.0
0.0
0.0
0.0
0.0
0.0
0.0
0.0
0.0
0.0
0.0
0.0
0.0
0.0
0.0
0.0
0.0
0.0
0.0
0.0
0.0
0.0
0.0
0.0
0.0
0.0
0.0
0.0
0.0
0.0
0.0
0.0
0.0
0.0
0.0
0.0
0.0
0.0
0.0
0.0
0.0
0.0
0.0
0.0
0.0
0.0
0.0
0.0
0.0
0.0
0.0
0.0
0.0
0.0
0.0
0.0
0.0
0.0
0.0
0.0
0.0
0.0
0.0
0.0
0.0
0.0
0.0
0.0
0.0
0.0
0.0
0.0
0.0
0.0
0.0
0.0
0.0
0.0
0.0
0.0
0.0
0.0
0.0
0.0
0.0
0.0
0.0
0.0
0.0
0.0
0.0
0.0
0.0
0.0
0.0
0.0
0.0
0.0
0.0
0.0
0.0
0.0
0.0
0.0
0.0
0.0
</W>
<b>
-3.9516845597542023
</b>
<info>
Training (X) File : /home/vibhatha/data/libsvm/webspam/webspam_isesvm_train_x_bin.94 
Training (Y) File : /home/vibhatha/data/libsvm/webspam/webspam_isesvm_train_y.94.bin 
Testing (X) File : /home/vibhatha/data/libsvm/webspam/webspam_isesvm_test_x_bin.94 
Testing (Y) File : /home/vibhatha/data/libsvm/webspam/webspam_isesvm_test_y.94.bin 
I/O Time : 123
Kernel Matrix Calculation : 0.254 s
</info>
