<model>
linear
</model>
<W>
0.0
0.0
0.0
0.0
0.0
0.0
0.0
0.0
0.0
-0.6271402301395146
0.29421756847786756
0.0
0.0
-1.122442926891507
0.0
0.0
0.0
0.0
0.0
0.0
0.0
0.0
0.0
0.0
0.0
0.0
2.4220126076072543
0.0
0.0
0.0
0.0
0.0
-0.007949140577681757
0.020474450458917742
1.394247165478561
0.48820316980574235
0.002565608799608359
-0.48393545829760853
-0.9897282025051203
0.044759451136886945
1.1729299274926688
1.1734212974926685
0.11060406193901712
0.19032234611519042
0.21211742327487124
1.21794820876646
-0.027220426143657217
3.5497960180883403
0.8385533925542172
0.6922062614904225
0.28552399292301245
-0.06635388499321226
0.30265413967522903
0.18004268906599832
0.6891969973248324
0.6052485818868193
0.13096255391545328
0.49611936648436633
1.2024439048253024
0.733635353429562
-0.10466142479793696
-1.928202738583845
-0.08936288312056433
-0.33511213556402075
0.010036219151468642
0.8385300491415286
-0.18082907749780847
-0.440527481232463
-0.4109127447390253
-0.7688759425715359
-1.1334042192706004
-0.10977399379111533
-0.6457224824307903
0.3309876891162101
-0.07991652914501607
-0.2766976689836242
0.26257962457358003
-0.11758472666634913
0.011929065933379532
-0.05401777414309978
-0.17273811094865854
-0.310630506863817
0.05970916344684686
0.8027990861568512
-1.015402803168027
-0.20146315798293057
-0.027000396616686354
0.015515074180062333
-0.16219350894128395
-0.5779965036508297
-0.3158669949274145
0.15036964346534623
0.05663782578745835
0.14431392246534622
-0.04541737247495482
-0.0064798204463164845
-0.004069591799999999
1.1193666256922616
0.6133415527506797
0.20439907332712548
-1.277403026203349
0.027609519181757303
0.7221638583609142
-1.5469123572610575
-1.4459922622327004
2.9203881676173857
-0.36236716858275925
-0.08807682089713138
2.1408614169318776
-2.4738446600789237
2.7047291839408167
-0.415871654259114
1.0234436930207487
-0.30127553740633256
-1.5049349064791981
3.6600164337513177
-0.1609541172822409
-0.7626598091968849
1.6536945133488696
-0.6567616787983042
0.5114067991035556
0.21394890869235236
-0.006956370258678797
-0.023445687320239446
0.20751616974736192
-0.022540327320239438
-0.013427225299999998
0.0
0.0
0.0
0.0
0.0
0.0
0.0
0.0
0.0
0.0
0.0
0.0
0.0
0.0
0.0
0.0
0.0
0.0
0.0
0.0
0.0
0.0
0.0
0.0
0.0
0.0
0.0
0.0
0.0
0.0
0.0
0.0
0.0
0.0
0.0
0.0
0.0
0.0
0.0
0.0
0.0
0.0
0.0
0.0
0.0
0.0
0.0
0.0
0.0
0.0
0.0
0.0
0.0
0.0
0.0
0.0
0.0
0.0
0.0
0.0
0.0
0.0
0.0
0.0
0.0
0.0
0.0
0.0
0.0
0.0
0.0
0.0
0.0
0.0
0.0
0.0
0.0
0.0
0.0
0.0
0.0
0.0
0.0
0.0
0.0
0.0
0.0
0.0
0.0
0.0
0.0
0.0
0.0
0.0
0.0
0.0
0.0
0.0
0.0
0.0
0.0
0.0
0.0
0.0
0.0
0.0
0.0
0.0
0.0
0.0
0.0
0.0
0.0
0.0
0.0
0.0
0.0
0.0
0.0
0.0
0.0
0.0
0.0
0.0
0.0
0.0
0.0
</W>
<b>
-2.044532177137819
</b>
<info>
Training (X) File : /home/vibhatha/data/libsvm/webspam/webspam_isesvm_train_x_bin.64 
Training (Y) File : /home/vibhatha/data/libsvm/webspam/webspam_isesvm_train_y.64.bin 
Testing (X) File : /home/vibhatha/data/libsvm/webspam/webspam_isesvm_test_x_bin.64 
Testing (Y) File : /home/vibhatha/data/libsvm/webspam/webspam_isesvm_test_y.64.bin 
I/O Time : 120
Kernel Matrix Calculation : 0.198 s
</info>
