<model>
linear
</model>
<W>
0.0
0.0
0.0
0.0
0.0
0.0
0.0
0.0
0.0
-1.6553420382228772
4.4269409117496865
0.0
0.0
-3.230564088193268
0.0
0.0
0.0
0.0
0.0
0.0
0.0
0.0
0.0
0.0
0.0
0.0
1.5328538657071322
0.0
0.0
0.0
0.0
0.0
-2.7345073197136593
0.10452233783231749
3.452095797448491
0.35112718313660546
-0.0604953508978025
-0.6632691854946058
-1.9741778897340498
-3.817502203121181
2.684761923573307
2.795745036334486
0.3032721558509299
0.5165140169424616
0.865925258855767
1.0342647137135836
-3.3544047458951356
6.924763122256266
-1.1905875790959581
-0.05718637120373029
0.7121851691280863
0.7353846557560796
0.22685492226263998
-0.664582394284102
2.015692689073986
0.9904034642352085
0.18574948536878047
-0.2649660561615412
2.360221604039923
1.8510843679889506
-2.7105707723411414
-5.989168544665469
-2.907068410876859
-1.3332219067625513
0.37701433213939534
0.5172051753330461
-2.300231192588089
-3.5724081808558665
-2.610332241002741
-1.713938330520221
-4.139952593434975
-1.2675260913526234
-2.6517364387924336
1.140335419439128
-0.26678479606985983
-1.5777773693719417
0.04427957741460911
-2.0741078696089508
0.9324583522407848
0.736886263787179
1.466854347162324
0.10949091947849929
0.26853168664556637
-0.6420671304067984
-0.11843150609802494
0.6522158002955046
-0.01448507127942674
-0.005611227056379217
-0.5705563441877985
-1.2384472213417372
-1.4292128932846242
0.9039040084626213
0.3329526256093715
0.9067741284626214
0.010804931643593887
2.850773716470934
0.0035153580000000005
2.750841213720753
1.8433288869727764
-3.851006155360079
-2.7099219042752103
-2.4916249294006905
0.07252475439945716
-3.5046068990193917
-2.3785924821735422
4.396325530218099
-1.4722971204852313
-2.988358187810153
4.2190663838940905
-6.004193485933111
2.9156360118291587
-1.4617663504119587
2.2276410991350684
0.3805333847831945
-3.4604590395513815
8.85627575590852
-4.406483210044084
-0.10546033816092994
3.1609758092517195
-0.43216517395278475
1.059410179871176
-1.7089049602429163
-0.6083901270451466
0.15772519075553618
0.3421886867526476
0.15415756075553613
-0.007568701800000001
0.0
0.0
0.0
0.0
0.0
0.0
0.0
0.0
0.0
0.0
0.0
0.0
0.0
0.0
0.0
0.0
0.0
0.0
0.0
0.0
0.0
0.0
0.0
0.0
0.0
0.0
0.0
0.0
0.0
0.0
0.0
0.0
0.0
0.0
0.0
0.0
0.0
0.0
0.0
0.0
0.0
0.0
0.0
0.0
0.0
0.0
0.0
0.0
0.0
0.0
0.0
0.0
0.0
0.0
0.0
0.0
0.0
0.0
0.0
0.0
0.0
0.0
0.0
0.0
0.0
0.0
0.0
0.0
0.0
0.0
0.0
0.0
0.0
0.0
0.0
0.0
0.0
0.0
0.0
0.0
0.0
0.0
0.0
0.0
0.0
0.0
0.0
0.0
0.0
0.0
0.0
0.0
0.0
0.0
0.0
0.0
0.0
0.0
0.0
0.0
0.0
0.0
0.0
0.0
0.0
0.0
0.0
0.0
0.0
0.0
0.0
0.0
0.0
0.0
0.0
0.0
0.0
0.0
0.0
0.0
0.0
0.0
0.0
0.0
0.0
0.0
0.0
</W>
<b>
1.5467025030528614
</b>
<info>
Training (X) File : /home/vibhatha/data/libsvm/webspam/webspam_isesvm_train_x_bin.115 
Training (Y) File : /home/vibhatha/data/libsvm/webspam/webspam_isesvm_train_y.115.bin 
Testing (X) File : /home/vibhatha/data/libsvm/webspam/webspam_isesvm_test_x_bin.115 
Testing (Y) File : /home/vibhatha/data/libsvm/webspam/webspam_isesvm_test_y.115.bin 
I/O Time : 121
Kernel Matrix Calculation : 0.23 s
</info>
