<model>
linear
</model>
<W>
0.0
0.0
0.0
0.0
0.0
0.0
0.0
0.0
0.0
-1.8523018398642652
-2.3167861984174225
0.0
0.0
-0.8365841007746065
0.0
0.0
0.0
0.0
0.0
0.0
0.0
0.0
0.0
0.0
0.0
0.0
1.4981999319185757
0.0
0.0
0.0
0.0
0.0
-1.086508403268474
-1.7702525375915605
3.9588312587354304
1.5950122931406157
-0.8534981217634154
3.4125126496351825
-0.45735083808628785
0.6069145799794056
7.532195303779028
7.525989510722368
-0.3114645283941479
-0.5635392257298071
-1.9895676349396203
4.815237737570265
-3.079917728540095
6.397152431589069
2.682864430372899
-1.8401923949907455
-1.1261077303216394
-0.9709486472499959
-7.5148995073655644
1.55596048691431
6.430628458204297
-1.205347181636834
1.97791977513947
-3.5531233465251892
-2.0738612218695973
-0.5299762442986641
-3.184647577612461
-10.865342979371501
-3.077521640999514
-3.1738304069371925
0.596780237838448
3.9524505611742153
-1.8563194795759668
-4.4133468514757555
2.355278996348763
-0.598460145167256
-8.848875477600577
0.15214176903666868
-2.15544939948264
4.541380341980648
0.6504151510206093
0.6163384118345048
0.8198832373890845
-3.7708663302349934
3.7316477963382595
-1.1729106868853991
-0.3247266010029596
-0.06517237756064659
1.9235808503596867
5.848090899295062
-0.4285213413427008
-1.197662047732719
-0.0690236441127009
-2.6203436533152127
0.016951210226413993
-1.6191532494568806
-0.9714168768206948
1.7757901279309407
-0.9197196871521556
1.7421768859309412
0.0672422632699294
7.173070110106459
2.065184689925559E-18
1.2938759130214468
3.20953511526539
-4.908916701303685
5.93800048833571
-0.7647007805616884
4.312391937485851
-8.951041402800184
-4.831849889309147
6.324692533096356
-4.6855667125107034
-2.462710142681099
4.077003778012372
-11.334792880032614
5.756606631218398
0.4857505655512476
-1.6285479892722323
-1.158757420272699
-5.960805234708535
8.127848912747446
3.102946988229096
-3.5159074522687352
6.903916462151339
-1.8008389968883214
1.6879027596953127
2.886354998266291
-1.640479831931901
0.7427427316797125
2.088034061814497
0.7421683201797125
-0.08888600351957271
0.0
0.0
0.0
0.0
0.0
0.0
0.0
0.0
0.0
0.0
0.0
0.0
0.0
0.0
0.0
0.0
0.0
0.0
0.0
0.0
0.0
0.0
0.0
0.0
0.0
0.0
0.0
0.0
0.0
0.0
0.0
0.0
0.0
0.0
0.0
0.0
0.0
0.0
0.0
0.0
0.0
0.0
0.0
0.0
0.0
0.0
0.0
0.0
0.0
0.0
0.0
0.0
0.0
0.0
0.0
0.0
0.0
0.0
0.0
0.0
0.0
0.0
0.0
0.0
0.0
0.0
0.0
0.0
0.0
0.0
0.0
0.0
0.0
0.0
0.0
0.0
0.0
0.0
0.0
0.0
0.0
0.0
0.0
0.0
0.0
0.0
0.0
0.0
0.0
0.0
0.0
0.0
0.0
0.0
0.0
0.0
0.0
0.0
0.0
0.0
0.0
0.0
0.0
0.0
0.0
0.0
0.0
0.0
0.0
0.0
0.0
0.0
0.0
0.0
0.0
0.0
0.0
0.0
0.0
0.0
0.0
0.0
0.0
0.0
0.0
0.0
0.0
</W>
<b>
-1.17006395490024
</b>
<info>
Training (X) File : /home/vibhatha/data/libsvm/webspam/webspam_isesvm_train_x_bin.246 
Training (Y) File : /home/vibhatha/data/libsvm/webspam/webspam_isesvm_train_y.246.bin 
Testing (X) File : /home/vibhatha/data/libsvm/webspam/webspam_isesvm_test_x_bin.246 
Testing (Y) File : /home/vibhatha/data/libsvm/webspam/webspam_isesvm_test_y.246.bin 
I/O Time : 111
Kernel Matrix Calculation : 0.211 s
</info>
