<model>
linear
</model>
<W>
0.0
0.0
0.0
0.0
0.0
0.0
0.0
0.0
0.0
0.3365726305689416
0.9166111698877648
0.0
0.0
-5.545711021273725
0.0
0.0
0.0
0.0
0.0
0.0
0.0
0.0
0.0
0.0
0.0
0.0
2.1811133684779977
0.0
0.0
0.0
0.0
0.0
1.01684914101806
-4.9248587278251765
5.861087808056306
3.7227358526212684
-1.7848814458601865
-4.482242219259384
2.4917957978365863
0.5924559865039548
4.362390467891793
4.545744267478882
6.502740354310586
-1.0271108719397668
-5.254960084868895
8.152295989435158
1.6874536171636212
8.3149502370911
0.37690510549375755
5.507865404525092
4.629934137397793
-3.2583391336737075
-5.658656595240233
-1.5152418414956577
5.760499909175908
-8.05986691380945
7.391585317325334
4.171976185328671
-4.287646509031336
-0.8474325669852647
-6.432950917493226
-6.708216207158303
-6.12226031091701
-5.481518221158005
-0.7790920738388024
-0.7506462999833915
2.009989847995115
-4.652275846319822
3.099510660723989
-5.803749161631023
-9.23757651096278
5.682143977279624
0.9659799335281187
5.148791207435747
2.6160419204762393
1.417245392076669
0.16114085386281463
-7.118596551678992
-2.92196753188506
0.06886643966643669
1.3315986862565596
2.824740407640451
2.17579739553777
1.012227564421026
3.353070046106291
-1.1053828867032256
1.1116064524236213
3.7029314548010683
-0.5477226132322849
-1.5358929031381694
0.5718689676782475
1.0873898635113686
-1.1620764469218696
1.0816993955113685
-0.13063077357890238
2.5842070192891367
0.20034577517321106
3.694605856340665
-0.68921429297617
-7.002627721883035
3.190676781601205
-0.9995128340950998
8.209443465085949
-12.482696377295076
3.6064317367740717
6.050012414364355
-0.37528795304125606
-0.18235854788538475
10.348212075121937
-14.401615915037567
5.786402501605625
-1.0338595487272215
2.2702501437701494
2.426421612040601
-6.076110097599617
9.699396494318849
0.88754047885846
-2.161587920297376
6.077679013827858
-4.965300441778657
-5.887486396830343
0.6944148006317743
-0.7255290620919868
0.01845567459342785
-0.4142644270197495
0.030564734890027267
0.03826930377200216
0.0
0.0
0.0
0.0
0.0
0.0
0.0
0.0
0.0
0.0
0.0
0.0
0.0
0.0
0.0
0.0
0.0
0.0
0.0
0.0
0.0
0.0
0.0
0.0
0.0
0.0
0.0
0.0
0.0
0.0
0.0
0.0
0.0
0.0
0.0
0.0
0.0
0.0
0.0
0.0
0.0
0.0
0.0
0.0
0.0
0.0
0.0
0.0
0.0
0.0
0.0
0.0
0.0
0.0
0.0
0.0
0.0
0.0
0.0
0.0
0.0
0.0
0.0
0.0
0.0
0.0
0.0
0.0
0.0
0.0
0.0
0.0
0.0
0.0
0.0
0.0
0.0
0.0
0.0
0.0
0.0
0.0
0.0
0.0
0.0
0.0
0.0
0.0
0.0
0.0
0.0
0.0
0.0
0.0
0.0
0.0
0.0
0.0
0.0
0.0
0.0
0.0
0.0
0.0
0.0
0.0
0.0
0.0
0.0
0.0
0.0
0.0
0.0
0.0
0.0
0.0
0.0
0.0
0.0
0.0
0.0
0.0
0.0
0.0
0.0
0.0
0.0
</W>
<b>
-3.5062391801254833
</b>
<info>
Training (X) File : /home/vibhatha/data/libsvm/webspam/webspam_isesvm_train_x_bin.130 
Training (Y) File : /home/vibhatha/data/libsvm/webspam/webspam_isesvm_train_y.130.bin 
Testing (X) File : /home/vibhatha/data/libsvm/webspam/webspam_isesvm_test_x_bin.130 
Testing (Y) File : /home/vibhatha/data/libsvm/webspam/webspam_isesvm_test_y.130.bin 
I/O Time : 160
Kernel Matrix Calculation : 0.279 s
</info>
