82.37410071942446
80.93525179856115
82.01438848920863
79.85611510791367
82.01438848920863
82.37410071942446
81.29496402877699
82.37410071942446
78.41726618705036
81.65467625899281
84.89208633093526
79.13669064748201
78.41726618705036
82.37410071942446
79.85611510791367
80.93525179856115
81.65467625899281
83.81294964028777
80.57553956834532
76.61870503597122
84.17266187050359
84.17266187050359
85.25179856115108
80.93525179856115
83.09352517985612
79.49640287769785
78.77697841726618
79.49640287769785
79.13669064748201
83.81294964028777
87.76978417266187
81.65467625899281
78.77697841726618
80.93525179856115
84.53237410071942
79.13669064748201
83.45323741007195
82.01438848920863
83.45323741007195
83.09352517985612
