<model>
linear
</model>
<W>
0.0
0.0
0.0
0.0
0.0
0.0
0.0
0.0
0.0
0.40442817476140336
3.749553624176943
0.0
0.0
-2.4980244623255525
0.0
0.0
0.0
0.0
0.0
0.0
0.0
0.0
0.0
0.0
0.0
0.0
-0.13843575239752062
0.0
0.0
0.0
0.0
0.0
-0.594580670611454
0.718273680142639
7.059524449831566
1.465852467806677
-2.47048358187681
3.591567753586068
-2.62612134611688
-2.668682220095148
5.78839498493619
5.779017344936191
-3.4081843518382504
-0.3317051504323584
-5.744730585381388
3.8383756734940846
-0.6831166673009508
7.371843747406726
0.3881228430820798
-0.9107638555582993
-0.6166331517143019
2.7277824951280536
-1.197691893894396
0.1739305596455507
2.6329203146878104
1.60084043251543
0.4279736321729816
2.108898766207681
-1.1589320482766632
-0.9182552297230931
-4.640093004028823
-7.5116461838671125
-4.179208342869691
-1.2022850998929344
-0.16608447060177176
3.174786658342476
-1.702942062124226
-2.2278873736590787
3.4635158373795596
-1.0526616398990687
-4.5855492583756
-2.941259967094732
0.5412307733910813
3.033850416015629
0.422966578109909
-0.8383266703352926
-0.8946363533075583
-3.2266720758022664
-0.8457347872896224
-1.0921537760140483
-1.3443567429580845
-0.0970823107388199
1.050409452724927
-0.8512218028307531
-4.017441900422764
-0.4105089178354729
0.3182863247997336
0.6572836855290013
0.47637554460319426
-0.8542560659616023
-1.9935228486404806
0.45702923216015157
0.766048021201659
0.5006978821601515
-0.0012582555201586315
6.879867617600801
0.007105297
4.3934848623525635
-3.549710619112628
-2.354078186836682
-1.3394983272821928
-0.4778746833307208
2.4598176127657005
-9.071193603082065
1.2129164405619446
4.8952442164711485
-0.2435055785913121
-1.525716805504468
1.4998744592070308
-6.342827532266268
3.1278193514407135
-5.087522147033701
0.733988459707092
0.30252268836524016
-3.4709127469023415
6.964394417504211
-0.5576436989242524
4.003013251026038
3.636263128910421
0.17165461047431485
2.1021183218862847
-0.8266926468482675
-1.553732580775813
-1.783414125187723
2.172893525912546
-1.7397454751877235
-0.02460936666695708
0.0
0.0
0.0
0.0
0.0
0.0
0.0
0.0
0.0
0.0
0.0
0.0
0.0
0.0
0.0
0.0
0.0
0.0
0.0
0.0
0.0
0.0
0.0
0.0
0.0
0.0
0.0
0.0
0.0
0.0
0.0
0.0
0.0
0.0
0.0
0.0
0.0
0.0
0.0
0.0
0.0
0.0
0.0
0.0
0.0
0.0
0.0
0.0
0.0
0.0
0.0
0.0
0.0
0.0
0.0
0.0
0.0
0.0
0.0
0.0
0.0
0.0
0.0
0.0
0.0
0.0
0.0
0.0
0.0
0.0
0.0
0.0
0.0
0.0
0.0
0.0
0.0
0.0
0.0
0.0
0.0
0.0
0.0
0.0
0.0
0.0
0.0
0.0
0.0
0.0
0.0
0.0
0.0
0.0
0.0
0.0
0.0
0.0
0.0
0.0
0.0
0.0
0.0
0.0
0.0
0.0
0.0
0.0
0.0
0.0
0.0
0.0
0.0
0.0
0.0
0.0
0.0
0.0
0.0
0.0
0.0
0.0
0.0
0.0
0.0
0.0
0.0
</W>
<b>
-1.1519971273500609
</b>
<info>
Training (X) File : /home/vibhatha/data/libsvm/webspam/webspam_isesvm_train_x_bin.336 
Training (Y) File : /home/vibhatha/data/libsvm/webspam/webspam_isesvm_train_y.336.bin 
Testing (X) File : /home/vibhatha/data/libsvm/webspam/webspam_isesvm_test_x_bin.336 
Testing (Y) File : /home/vibhatha/data/libsvm/webspam/webspam_isesvm_test_y.336.bin 
I/O Time : 116
Kernel Matrix Calculation : 0.231 s
</info>
