90.28776978417267
92.08633093525181
90.28776978417267
88.48920863309353
88.48920863309353
89.20863309352518
88.12949640287769
86.6906474820144
90.28776978417267
87.76978417266187
89.20863309352518
87.76978417266187
89.20863309352518
88.84892086330936
88.84892086330936
86.33093525179856
88.84892086330936
88.12949640287769
87.76978417266187
85.97122302158273
92.44604316546763
91.36690647482014
90.28776978417267
89.20863309352518
88.48920863309353
89.92805755395683
85.61151079136691
87.05035971223022
86.6906474820144
91.72661870503596
91.72661870503596
85.25179856115108
86.6906474820144
88.12949640287769
89.20863309352518
88.48920863309353
91.72661870503596
87.05035971223022
87.05035971223022
87.76978417266187
