91.48471615720524
90.72052401746726
89.30131004366812
89.95633187772926
90.17467248908298
91.70305676855895
86.35371179039302
89.08296943231441
92.68558951965066
88.64628820960698
89.8471615720524
90.93886462882097
91.15720524017468
90.06550218340611
92.24890829694323
92.79475982532752
86.46288209606988
91.48471615720524
89.95633187772926
91.5938864628821
90.06550218340611
89.8471615720524
91.5938864628821
87.882096069869
89.08296943231441
89.8471615720524
90.82969432314411
90.06550218340611
90.28384279475983
91.26637554585153
89.51965065502183
90.50218340611353
93.12227074235808
91.5938864628821
91.37554585152839
89.41048034934498
90.61135371179039
91.26637554585153
90.61135371179039
91.92139737991266
