89.568345323741
89.20863309352518
85.25179856115108
86.33093525179856
87.76978417266187
89.20863309352518
87.05035971223022
88.84892086330936
91.72661870503596
89.20863309352518
92.08633093525181
89.568345323741
90.64748201438849
91.00719424460432
89.20863309352518
87.41007194244604
86.33093525179856
88.12949640287769
88.48920863309353
85.97122302158273
89.92805755395683
88.84892086330936
90.64748201438849
88.12949640287769
88.48920863309353
88.84892086330936
87.41007194244604
87.41007194244604
87.76978417266187
89.92805755395683
88.84892086330936
88.48920863309353
89.568345323741
88.12949640287769
89.568345323741
85.61151079136691
91.72661870503596
86.33093525179856
85.97122302158273
88.48920863309353
