90.64748201438849
89.20863309352518
88.84892086330936
85.97122302158273
86.6906474820144
86.6906474820144
87.76978417266187
88.48920863309353
88.12949640287769
88.48920863309353
88.12949640287769
87.76978417266187
85.97122302158273
90.28776978417267
86.6906474820144
87.76978417266187
89.568345323741
86.6906474820144
87.76978417266187
80.2158273381295
88.48920863309353
89.568345323741
89.92805755395683
84.89208633093526
87.05035971223022
87.05035971223022
89.568345323741
85.61151079136691
82.01438848920863
88.84892086330936
90.64748201438849
86.6906474820144
88.48920863309353
87.05035971223022
89.568345323741
84.17266187050359
89.20863309352518
86.6906474820144
89.92805755395683
89.568345323741
