<model>
linear
</model>
<W>
0.0
0.0
0.0
0.0
0.0
0.0
0.0
0.0
0.0
-1.7155419413185249
5.895475772230961
0.0
0.0
-4.12538103918608
0.0
0.0
0.0
0.0
0.0
0.0
0.0
0.0
0.0
0.0
0.0
0.0
0.4319831708754477
0.0
0.0
0.0
0.0
0.0
-1.3884528631607511
-1.8166877165211321
2.9138277986693444
3.5285496320531418
-1.0761248228700837
-3.2549614538830354
-5.718440560237939
-7.491179655591679
7.9412653291912925
7.988621295412585
0.1290192839375035
1.2241768308234775
-3.644600425848213
0.14484408455368214
-3.7670166843277917
8.334804299073783
0.8548317805387056
0.3740161312575482
3.764818912001547
0.9897473066385024
0.37868326940481006
-2.8304371500358236
4.399377737955968
2.1044831774633668
2.452194650128782
-0.007768531808902472
-0.8891271187862622
3.814795336577601
-3.7092257624598637
-3.4816989250032373
-3.5801981462990367
-4.591162226038206
0.8029077268357128
6.466372662614804
-2.011006417181973
-3.5643546129838004
-4.2678689590351455
-7.091672341252822
1.5689928132498618
2.1523039218272237
-2.3441009696491504
-1.1880242726290149
1.225971335766923
-1.855815360608841
0.9013608358746665
-8.884186703739454
4.614815761342684
-4.0120613346901175
-5.565001291653094
-1.028339057411462
2.9322467084236674
4.092096294967135
0.7556983251034021
-3.394448690688608
-2.0417027268217143
2.4505069781388547
0.6739861958924906
-6.393189493078039
-0.9937951470088953
-1.2507907972850147
0.029529887388367426
-0.1884103276584514
0.09073888932295225
2.3464285416799258
-0.4191883243233367
1.0317921024787982
-1.6160249828323692
-1.884869240284936
-0.2622252328379631
-2.278372840713484
-2.689579177093432
-7.186531272375229
1.1934508624277829
2.340034579256982
-1.7920925939367343
0.16503606503471785
3.6920723339211268
-8.450357794909529
7.4790302071721655
-0.7343787573506741
2.741897571297563
-2.5798293046701044
-10.707710372736559
11.007590282889788
1.2449504933224063
-3.2127076661100555
8.455734524782468
-0.5412906014304015
-3.8318355210226915
-1.7204730297916846
0.39621101452105023
-0.904003928211585
1.732020401684519
-1.1811979882115848
-0.3207254427
0.0
0.0
0.0
0.0
0.0
0.0
0.0
0.0
0.0
0.0
0.0
0.0
0.0
0.0
0.0
0.0
0.0
0.0
0.0
0.0
0.0
0.0
0.0
0.0
0.0
0.0
0.0
0.0
0.0
0.0
0.0
0.0
0.0
0.0
0.0
0.0
0.0
0.0
0.0
0.0
0.0
0.0
0.0
0.0
0.0
0.0
0.0
0.0
0.0
0.0
0.0
0.0
0.0
0.0
0.0
0.0
0.0
0.0
0.0
0.0
0.0
0.0
0.0
0.0
0.0
0.0
0.0
0.0
0.0
0.0
0.0
0.0
0.0
0.0
0.0
0.0
0.0
0.0
0.0
0.0
0.0
0.0
0.0
0.0
0.0
0.0
0.0
0.0
0.0
0.0
0.0
0.0
0.0
0.0
0.0
0.0
0.0
0.0
0.0
0.0
0.0
0.0
0.0
0.0
0.0
0.0
0.0
0.0
0.0
0.0
0.0
0.0
0.0
0.0
0.0
0.0
0.0
0.0
0.0
0.0
0.0
0.0
0.0
0.0
0.0
0.0
0.0
</W>
<b>
-0.13002126891042387
</b>
<info>
Training (X) File : /home/vibhatha/data/libsvm/webspam/webspam_isesvm_train_x_bin.178 
Training (Y) File : /home/vibhatha/data/libsvm/webspam/webspam_isesvm_train_y.178.bin 
Testing (X) File : /home/vibhatha/data/libsvm/webspam/webspam_isesvm_test_x_bin.178 
Testing (Y) File : /home/vibhatha/data/libsvm/webspam/webspam_isesvm_test_y.178.bin 
I/O Time : 127
Kernel Matrix Calculation : 0.26 s
</info>
