<model>
linear
</model>
<W>
0.0
0.0
0.0
0.0
0.0
0.0
0.0
0.0
0.0
-1.292209984138518
1.8856935682572202
0.0
0.0
-1.2956991911961062
0.0
0.0
0.0
0.0
0.0
0.0
0.0
0.0
0.0
0.0
0.0
0.0
4.205550153349352
0.0
0.0
0.0
0.0
0.0
-0.09901589237184893
0.24907294302375516
6.255902374537138
0.8314803567909853
-0.40971245965079717
-0.7558834789077866
-2.3951936536048666
-1.7227969599287443
2.568326972077108
2.5833655773582347
-0.046618769689941914
-0.13490430406618437
-1.029690112185511
4.4859057168876095
-0.37686818607166794
8.102332620401818
-0.24254640500364383
3.1521853011413152
0.7927257771256605
0.4237139939921162
0.4400373837351669
0.9819449433947325
1.988021662646291
0.5691785790409232
1.6656278319868174
1.160912024300302
1.5532370828554138
0.9998751603252778
-3.0764509974655696
-9.143463976735532
-3.004741978283293
-2.463055918090324
0.22767338591828395
3.195682566393794
-1.079130135089926
-1.940409966313372
1.4934789706616138
-2.8958845256551515
-3.288699974990951
-0.1937283581236678
-0.3192022898520598
2.6828601817507494
-0.414251884726739
-0.7073270123456514
-0.387228149166682
-1.5796406619486894
1.7498042717937807
0.570415088801229
-1.478776015165492
-1.3235198487570075
1.6036427188409565
3.1039354007739575
0.4227828583358214
-0.2936000994486754
-0.1711916818876843
0.5846606208239167
-0.4764405470845711
-2.6487791064347546
0.11465377526264739
-0.14222819466313613
-0.10600697482154212
-0.14222819466313613
-0.0434200443644819
2.1923592395926046
-0.0226996
0.6743164364507432
0.445461664359049
-1.5423741084346974
-2.0995387218121224
-0.39888981662147716
0.6908333375635841
-2.754779371286032
2.211275837377751
4.1850773352098285
-1.8013014747955824
0.6493139709448817
1.6766937509896258
-5.782364238873184
4.225737580051323
-1.4992612059777697
1.2276361778559226
-0.6694006260724091
-1.423826411682426
7.727176873796113
1.491947086067238
1.4360326769166722
3.42970860022871
0.1504908480596059
1.2215268850224814
-0.812850799429425
-0.5075494503205488
-0.9892390913999066
0.9871174325221072
-0.9892390913999066
-0.05089608150000001
0.0
0.0
0.0
0.0
0.0
0.0
0.0
0.0
0.0
0.0
0.0
0.0
0.0
0.0
0.0
0.0
0.0
0.0
0.0
0.0
0.0
0.0
0.0
0.0
0.0
0.0
0.0
0.0
0.0
0.0
0.0
0.0
0.0
0.0
0.0
0.0
0.0
0.0
0.0
0.0
0.0
0.0
0.0
0.0
0.0
0.0
0.0
0.0
0.0
0.0
0.0
0.0
0.0
0.0
0.0
0.0
0.0
0.0
0.0
0.0
0.0
0.0
0.0
0.0
0.0
0.0
0.0
0.0
0.0
0.0
0.0
0.0
0.0
0.0
0.0
0.0
0.0
0.0
0.0
0.0
0.0
0.0
0.0
0.0
0.0
0.0
0.0
0.0
0.0
0.0
0.0
0.0
0.0
0.0
0.0
0.0
0.0
0.0
0.0
0.0
0.0
0.0
0.0
0.0
0.0
0.0
0.0
0.0
0.0
0.0
0.0
0.0
0.0
0.0
0.0
0.0
0.0
0.0
0.0
0.0
0.0
0.0
0.0
0.0
0.0
0.0
0.0
</W>
<b>
-3.523272263228103
</b>
<info>
Training (X) File : /home/vibhatha/data/libsvm/webspam/webspam_isesvm_train_x_bin.325 
Training (Y) File : /home/vibhatha/data/libsvm/webspam/webspam_isesvm_train_y.325.bin 
Testing (X) File : /home/vibhatha/data/libsvm/webspam/webspam_isesvm_test_x_bin.325 
Testing (Y) File : /home/vibhatha/data/libsvm/webspam/webspam_isesvm_test_y.325.bin 
I/O Time : 123
Kernel Matrix Calculation : 0.225 s
</info>
