91.36690647482014
91.00719424460432
88.84892086330936
87.76978417266187
85.61151079136691
89.92805755395683
91.00719424460432
89.92805755395683
91.72661870503596
85.61151079136691
90.28776978417267
90.28776978417267
89.20863309352518
90.28776978417267
88.12949640287769
88.48920863309353
91.00719424460432
88.84892086330936
90.64748201438849
84.53237410071942
91.72661870503596
90.28776978417267
90.28776978417267
89.92805755395683
88.84892086330936
90.64748201438849
89.92805755395683
89.568345323741
89.20863309352518
92.80575539568345
92.80575539568345
87.76978417266187
87.76978417266187
89.568345323741
90.64748201438849
90.64748201438849
91.36690647482014
89.92805755395683
90.28776978417267
89.20863309352518
