91.72661870503596
91.72661870503596
89.92805755395683
88.84892086330936
88.84892086330936
87.76978417266187
91.00719424460432
91.72661870503596
92.80575539568345
84.53237410071942
92.08633093525181
89.20863309352518
89.568345323741
90.28776978417267
89.20863309352518
88.12949640287769
89.92805755395683
89.568345323741
87.76978417266187
82.01438848920863
89.20863309352518
91.36690647482014
91.72661870503596
88.48920863309353
88.48920863309353
88.48920863309353
88.48920863309353
87.41007194244604
87.41007194244604
91.00719424460432
92.44604316546763
89.92805755395683
89.568345323741
90.28776978417267
91.72661870503596
88.12949640287769
92.44604316546763
90.28776978417267
89.20863309352518
89.568345323741
