46.00431965442765
43.196544276457885
46.00431965442765
48.81209503239741
49.24406047516199
41.68466522678186
46.436285097192226
55.0755939524838
53.34773218142549
41.46868250539957
44.70842332613391
53.34773218142549
49.892008639308855
46.652267818574515
45.78833693304535
62.20302375809935
50.323974082073434
47.94816414686825
52.26781857451404
66.09071274298056
55.291576673866096
53.34773218142549
58.09935205183585
63.06695464362851
53.34773218142549
59.611231101511876
60.259179265658744
62.850971922246224
55.0755939524838
54.42764578833693
61.55507559395248
55.93952483801296
62.850971922246224
54.42764578833693
56.587473002159825
61.77105831533477
56.803455723542115
56.803455723542115
58.963282937365015
53.34773218142549
