82.20524017467248
82.64192139737992
89.41048034934498
88.42794759825327
89.62882096069869
90.82969432314411
93.5589519650655
88.75545851528385
79.03930131004367
63.1004366812227
73.14410480349345
79.25764192139738
82.20524017467248
82.75109170305677
85.26200873362446
76.7467248908297
61.68122270742358
75.10917030567686
81.6593886462882
83.73362445414847
80.02183406113537
82.53275109170306
80.56768558951966
65.93886462882097
74.0174672489083
84.06113537117903
81.6593886462882
84.27947598253274
82.75109170305677
83.4061135371179
82.86026200873363
82.86026200873363
83.1877729257642
79.47598253275109
74.0174672489083
81.98689956331879
79.47598253275109
83.29694323144105
83.4061135371179
81.6593886462882
