90.28776978417267
91.00719424460432
89.568345323741
85.97122302158273
87.76978417266187
87.05035971223022
87.76978417266187
90.64748201438849
90.64748201438849
87.76978417266187
91.36690647482014
88.84892086330936
86.6906474820144
89.92805755395683
88.48920863309353
86.33093525179856
89.568345323741
88.84892086330936
88.84892086330936
85.25179856115108
91.00719424460432
89.92805755395683
90.64748201438849
87.76978417266187
90.64748201438849
86.33093525179856
87.41007194244604
86.33093525179856
86.33093525179856
91.72661870503596
90.64748201438849
85.97122302158273
87.05035971223022
88.48920863309353
90.28776978417267
88.12949640287769
91.36690647482014
88.12949640287769
87.76978417266187
87.76978417266187
