<model>
linear
</model>
<W>
0.0
0.0
0.0
0.0
0.0
0.0
0.0
0.0
0.0
0.9853914879637442
2.134114695159262
0.0
0.0
-1.9399558175292315
0.0
0.0
0.0
0.0
0.0
0.0
0.0
0.0
0.0
0.0
0.0
0.0
2.14961680957185
0.0
0.0
0.0
0.0
0.0
3.1579773715093733
-0.06132093842810778
2.3623921953332134
3.100788649048926
-0.17270268730716193
-1.461651990849187
-2.3576963895274785
-5.487864093083811
0.6371043284213505
0.6903516965607046
0.6307018146928606
0.6212872568274852
2.124857939390839
2.075066270503845
-1.4552484591708423
8.56199562365919
0.8245520933188961
0.3189592223558937
2.5589487696961095
4.650304463961268
-0.07877282763025922
-2.2403459182688366
6.101457599697853
-1.3499189749708411
4.698681665626608
1.4448107366824527
4.174180617848565
-0.5800288822577242
-1.443227290455313
-4.507282047165201
-1.0954883399710886
-2.836877856832679
0.9815706001779125
5.029523509206516
-1.009336564324827
-1.7053541653704485
0.6745590827582462
2.91456137572035
-2.0289559324860003
-0.10893874984680572
0.4325056634007137
4.625238210150334
-1.4096823787054622
-2.844666541479996
-0.7958866149404146
-5.207421070866702
0.7048770058504839
-0.9030571364228294
-3.626221006887663
0.6604792255135049
2.7132713787687583
2.748591680602218
0.43687008243718495
-1.4093471857726003
-0.014791279879438471
0.714897147395757
0.06171673642683351
-3.6366797732977543
-2.2962910282825133
-0.5363903153303737
-2.023245345675042
-0.49927001533037346
0.032336534121706215
3.4804997156171003
-0.0014358171193013776
2.92292911822953
-0.8694872565337839
-2.8977050678128227
-1.8750288520539533
-2.1188451880463615
-0.9414232274335803
-4.151177828817473
2.8912319191522045
6.7712025399186935
-1.3584034499113617
-3.3270398143062083
5.240800233143878
-1.9771218021757033
5.026499960900542
-2.3794549972543173
0.6800367351730987
-0.9935655178835953
-0.4215483394728796
11.65493810940574
3.72620247697545
-3.800006044947054
2.1223819119262006
-1.103128826734794
3.8786183419262104
-0.031463332342946515
-1.230087797309442
-0.9366335112017412
0.6956425147426195
-0.9366335112017412
-0.338732260541848
0.0
0.0
0.0
0.0
0.0
0.0
0.0
0.0
0.0
0.0
0.0
0.0
0.0
0.0
0.0
0.0
0.0
0.0
0.0
0.0
0.0
0.0
0.0
0.0
0.0
0.0
0.0
0.0
0.0
0.0
0.0
0.0
0.0
0.0
0.0
0.0
0.0
0.0
0.0
0.0
0.0
0.0
0.0
0.0
0.0
0.0
0.0
0.0
0.0
0.0
0.0
0.0
0.0
0.0
0.0
0.0
0.0
0.0
0.0
0.0
0.0
0.0
0.0
0.0
0.0
0.0
0.0
0.0
0.0
0.0
0.0
0.0
0.0
0.0
0.0
0.0
0.0
0.0
0.0
0.0
0.0
0.0
0.0
0.0
0.0
0.0
0.0
0.0
0.0
0.0
0.0
0.0
0.0
0.0
0.0
0.0
0.0
0.0
0.0
0.0
0.0
0.0
0.0
0.0
0.0
0.0
0.0
0.0
0.0
0.0
0.0
0.0
0.0
0.0
0.0
0.0
0.0
0.0
0.0
0.0
0.0
0.0
0.0
0.0
0.0
0.0
0.0
</W>
<b>
-7.459800370872127
</b>
<info>
Training (X) File : /home/vibhatha/data/libsvm/webspam/webspam_isesvm_train_x_bin.150 
Training (Y) File : /home/vibhatha/data/libsvm/webspam/webspam_isesvm_train_y.150.bin 
Testing (X) File : /home/vibhatha/data/libsvm/webspam/webspam_isesvm_test_x_bin.150 
Testing (Y) File : /home/vibhatha/data/libsvm/webspam/webspam_isesvm_test_y.150.bin 
I/O Time : 145
Kernel Matrix Calculation : 0.224 s
</info>
