91.00719424460432
92.08633093525181
90.64748201438849
89.92805755395683
87.41007194244604
88.84892086330936
89.20863309352518
89.92805755395683
90.28776978417267
88.12949640287769
89.20863309352518
87.76978417266187
87.05035971223022
90.28776978417267
87.76978417266187
88.12949640287769
90.64748201438849
88.84892086330936
89.568345323741
88.48920863309353
91.36690647482014
91.36690647482014
89.20863309352518
87.76978417266187
89.568345323741
91.00719424460432
88.48920863309353
87.76978417266187
88.84892086330936
89.20863309352518
92.08633093525181
86.33093525179856
87.76978417266187
90.64748201438849
88.84892086330936
89.20863309352518
92.08633093525181
88.84892086330936
89.20863309352518
87.76978417266187
