86.33093525179856
86.6906474820144
84.89208633093526
83.81294964028777
84.53237410071942
84.53237410071942
85.97122302158273
86.6906474820144
82.37410071942446
84.53237410071942
88.84892086330936
85.61151079136691
83.45323741007195
87.05035971223022
84.17266187050359
83.81294964028777
84.89208633093526
86.33093525179856
83.45323741007195
77.6978417266187
88.12949640287769
88.48920863309353
87.41007194244604
87.05035971223022
82.73381294964028
83.45323741007195
83.81294964028777
84.89208633093526
83.45323741007195
87.05035971223022
90.64748201438849
84.89208633093526
83.09352517985612
86.6906474820144
88.84892086330936
84.17266187050359
89.20863309352518
87.05035971223022
87.05035971223022
84.53237410071942
