<model>
linear
</model>
<W>
0.0
0.0
0.0
0.0
0.0
0.0
0.0
0.0
0.0
-0.7977643936180121
2.1327408545349327
0.0
0.0
-1.4696658158386322
0.0
0.0
0.0
0.0
0.0
0.0
0.0
0.0
0.0
0.0
0.0
0.0
2.699369944598478
0.0
0.0
0.0
0.0
0.0
0.2823382957672216
-0.9219561233318913
2.1565729495025012
1.3464931828304483
-0.1227169886643259
0.25709368364894525
-4.263947529319312
-0.8535262063742987
1.615478872838061
1.619139442838061
1.6247717255748322
1.266166387324339
-0.6305414559062344
4.617147371523573
-4.703746106077963
6.694246077287481
1.4845927989280245
2.95227380064861
1.558560646172747
-0.4978666869046214
0.6229869593234509
0.022492722074128738
2.434498392431131
1.3726421012613286
1.3983911502792707
0.7281642477306113
-0.6043951389554107
0.6000087306653307
-0.8934286901968465
-3.93043945374915
-1.344994238643853
-2.2853653154368305
-0.07041083454127844
3.2668143912503296
-0.6257434337498491
-2.2675319267439424
1.2626552527630925
-2.4896166365331265
-1.63627005557251
0.9288273379718373
-1.19053994794334
0.5477284666988382
0.7887636338601061
-1.123483827789769
-1.372242973350477
-3.131148002672279
-0.4498800176817444
-1.5042832527854533
-2.121512341765838
-0.37586991217868104
2.2364505406167985
0.3949465514511915
-0.1249443599504318
-1.1959344025096912
-0.25907489543688944
1.6368964128915964
-0.6566070883294587
-1.376654817443739
-0.3675448791889424
0.4691642510469133
-0.13894448952273994
0.49965274236345064
-0.00644737640333343
1.1107879726239442
-0.002373741
4.81229616325368
-0.5250760485802811
-4.754879143610873
-1.9889526397832356
-2.173559601724406
-1.3482042008586563
-3.3701835824226145
0.9345697710260938
5.282060175623217
-0.5015522330782008
-0.3746278834061242
3.0220436365199683
-5.646906184862901
3.519083712666876
-1.1367642991253635
0.284996937527097
-0.25167044712311243
-3.5794641441771127
6.747377233073324
2.4357979434230534
-0.34918453069327066
5.095628483297239
-1.2668672547556445
-0.8364834593210824
1.5647343483752474
-0.816179572516302
-0.4341934687930553
-0.3574474965941886
-0.4478662867930552
-0.09880251478787903
0.0
0.0
0.0
0.0
0.0
0.0
0.0
0.0
0.0
0.0
0.0
0.0
0.0
0.0
0.0
0.0
0.0
0.0
0.0
0.0
0.0
0.0
0.0
0.0
0.0
0.0
0.0
0.0
0.0
0.0
0.0
0.0
0.0
0.0
0.0
0.0
0.0
0.0
0.0
0.0
0.0
0.0
0.0
0.0
0.0
0.0
0.0
0.0
0.0
0.0
0.0
0.0
0.0
0.0
0.0
0.0
0.0
0.0
0.0
0.0
0.0
0.0
0.0
0.0
0.0
0.0
0.0
0.0
0.0
0.0
0.0
0.0
0.0
0.0
0.0
0.0
0.0
0.0
0.0
0.0
0.0
0.0
0.0
0.0
0.0
0.0
0.0
0.0
0.0
0.0
0.0
0.0
0.0
0.0
0.0
0.0
0.0
0.0
0.0
0.0
0.0
0.0
0.0
0.0
0.0
0.0
0.0
0.0
0.0
0.0
0.0
0.0
0.0
0.0
0.0
0.0
0.0
0.0
0.0
0.0
0.0
0.0
0.0
0.0
0.0
0.0
0.0
</W>
<b>
-2.7952033147207533
</b>
<info>
Training (X) File : /home/vibhatha/data/libsvm/webspam/webspam_isesvm_train_x_bin.189 
Training (Y) File : /home/vibhatha/data/libsvm/webspam/webspam_isesvm_train_y.189.bin 
Testing (X) File : /home/vibhatha/data/libsvm/webspam/webspam_isesvm_test_x_bin.189 
Testing (Y) File : /home/vibhatha/data/libsvm/webspam/webspam_isesvm_test_y.189.bin 
I/O Time : 152
Kernel Matrix Calculation : 0.247 s
</info>
