88.84892086330936
90.28776978417267
87.41007194244604
85.97122302158273
87.05035971223022
88.48920863309353
89.20863309352518
88.48920863309353
90.28776978417267
87.76978417266187
92.44604316546763
85.97122302158273
86.33093525179856
88.84892086330936
87.76978417266187
86.33093525179856
87.05035971223022
89.20863309352518
89.20863309352518
83.09352517985612
89.568345323741
88.84892086330936
88.84892086330936
88.84892086330936
85.97122302158273
88.84892086330936
87.05035971223022
87.41007194244604
87.41007194244604
91.36690647482014
91.36690647482014
89.92805755395683
87.05035971223022
89.568345323741
88.48920863309353
88.48920863309353
92.08633093525181
88.12949640287769
88.84892086330936
90.64748201438849
