<model>
linear
</model>
<W>
0.0
0.0
0.0
0.0
0.0
0.0
0.0
0.0
0.0
-1.7730764234372307
0.18268254129462802
0.0
0.0
-4.3178029881584985
0.0
0.0
0.0
0.0
0.0
0.0
0.0
0.0
0.0
0.0
0.0
0.0
2.007411637710525
0.0
0.0
0.0
0.0
0.0
-0.6173166060595996
-0.12550250522662387
4.3151033531221525
2.7550566611967793
-0.2624535296788896
-1.0939036747627355
1.0136474167586798
-0.6799677413579783
4.481824728713199
4.531394629864931
0.17389805261762437
1.380478641320727
0.5660578277454773
3.6318226408978767
-1.8671905517061411
5.4894151103291176
-0.1152713672694019
1.7738552867637989
2.1894836904821444
-0.38306998625653477
-3.1229235958550983
-2.701243823739728
3.8629460499769945
-3.4995703119359605
5.895091474972445
-0.14500998213780888
-1.4825382114152574
0.050496305677933284
-2.848527577682022
-6.630857495036784
-2.7665402514205675
-0.33376102078600667
1.0569244114074785
4.718488129104864
-3.260993909213774
-5.004737060522134
5.128966250954716
-0.9682519543920507
-6.29203881494334
-1.9093934516919673
-0.22774004799832587
2.8070834703948746
-1.868271540807235
-0.5372843948876197
1.1994745227927355
-4.728335103082265
-1.253053152122274
-1.975527923331431
-3.3827905077213027
0.3797913965449662
3.4085457052875583
2.1896745416465295
-0.48947082857567437
0.43334853976408577
-2.025519976909935
-1.7206148113927826
-1.077034940218331
-3.1548012775049035
-3.2015401355239956
0.9709114972172425
-0.9787382142962039
0.9709114972172425
0.016285901962440858
1.196157058900175
0.19167319500000002
1.931789088385929
-1.0586663319641572
-1.28392896208236
-1.6671416427167847
-1.153374833774576
5.416709589219219
-7.0739805313179085
-1.6692543031158897
5.40402049484997
-1.0523127710456184
-0.5917812191855996
5.873161162317121
-4.808178826987973
8.28026629808377
-3.9469262117891253
-2.7841393057051014
-1.1852656811818676
-5.43099282781111
11.230111758304774
-1.0761589415318946
-0.43921890402912456
4.269204469911349
-0.6460634114979424
0.7052235379615484
2.916685253409435
-3.712416127891682
-2.1104359457828257
0.42194120598074425
-2.109137725782826
-0.024548703678137065
0.0
0.0
0.0
0.0
0.0
0.0
0.0
0.0
0.0
0.0
0.0
0.0
0.0
0.0
0.0
0.0
0.0
0.0
0.0
0.0
0.0
0.0
0.0
0.0
0.0
0.0
0.0
0.0
0.0
0.0
0.0
0.0
0.0
0.0
0.0
0.0
0.0
0.0
0.0
0.0
0.0
0.0
0.0
0.0
0.0
0.0
0.0
0.0
0.0
0.0
0.0
0.0
0.0
0.0
0.0
0.0
0.0
0.0
0.0
0.0
0.0
0.0
0.0
0.0
0.0
0.0
0.0
0.0
0.0
0.0
0.0
0.0
0.0
0.0
0.0
0.0
0.0
0.0
0.0
0.0
0.0
0.0
0.0
0.0
0.0
0.0
0.0
0.0
0.0
0.0
0.0
0.0
0.0
0.0
0.0
0.0
0.0
0.0
0.0
0.0
0.0
0.0
0.0
0.0
0.0
0.0
0.0
0.0
0.0
0.0
0.0
0.0
0.0
0.0
0.0
0.0
0.0
0.0
0.0
0.0
0.0
0.0
0.0
0.0
0.0
0.0
0.0
</W>
<b>
-1.426707909425982
</b>
<info>
Training (X) File : /home/vibhatha/data/libsvm/webspam/webspam_isesvm_train_x_bin.259 
Training (Y) File : /home/vibhatha/data/libsvm/webspam/webspam_isesvm_train_y.259.bin 
Testing (X) File : /home/vibhatha/data/libsvm/webspam/webspam_isesvm_test_x_bin.259 
Testing (Y) File : /home/vibhatha/data/libsvm/webspam/webspam_isesvm_test_y.259.bin 
I/O Time : 108
Kernel Matrix Calculation : 0.207 s
</info>
