94.86899563318777
95.85152838427948
98.47161572052401
98.68995633187772
90.50218340611353
83.9519650655022
70.96069868995633
79.47598253275109
68.01310043668121
51.7467248908297
78.82096069868996
93.44978165938865
94.86899563318777
96.61572052401746
88.42794759825327
58.515283842794766
50.65502183406113
74.78165938864629
93.88646288209607
92.79475982532752
96.39737991266377
98.7991266375546
71.50655021834062
52.7292576419214
70.96069868995633
94.43231441048034
94.65065502183407
97.37991266375546
94.97816593886463
94.10480349344978
95.52401746724891
94.43231441048034
93.5589519650655
78.27510917030568
57.64192139737992
89.41048034934498
91.70305676855895
93.66812227074236
93.23144104803494
97.81659388646288
