92.44604316546763
89.568345323741
88.84892086330936
88.48920863309353
87.05035971223022
90.28776978417267
87.76978417266187
89.20863309352518
89.568345323741
86.33093525179856
91.00719424460432
89.568345323741
87.41007194244604
89.20863309352518
87.76978417266187
86.6906474820144
89.20863309352518
87.76978417266187
88.48920863309353
81.65467625899281
88.84892086330936
87.76978417266187
91.36690647482014
88.48920863309353
85.97122302158273
85.97122302158273
90.28776978417267
89.20863309352518
88.84892086330936
91.00719424460432
90.64748201438849
88.12949640287769
89.20863309352518
88.84892086330936
90.64748201438849
89.20863309352518
91.72661870503596
86.33093525179856
87.76978417266187
88.48920863309353
