<model>
linear
</model>
<W>
0.0
0.0
0.0
0.0
0.0
0.0
0.0
0.0
0.0
-0.3092591719253443
0.7831281689523629
0.0
0.0
-0.723174058691743
0.0
0.0
0.0
0.0
0.0
0.0
0.0
0.0
0.0
0.0
0.0
0.0
0.39987679672383347
0.0
0.0
0.0
0.0
0.0
-0.00519991622682292
0.09163237463980378
2.252667357923765
0.2703314530397863
-0.028785502015437225
-0.1712908385459143
-1.57360975857555
0.38569465491523985
0.6346502491044521
0.6302056391044524
0.024953310058014086
0.1783489497066246
0.3985443387790288
1.266048728031641
-0.614230202930081
3.963938133748116
0.17737329653431116
0.15203335882546623
-0.26269529213019777
-0.1109592069219752
-0.1192348072007754
-0.05697432582496983
0.4499383156036606
0.36880017362454626
0.24933326543917783
0.4245499758937116
0.6300033420250924
-0.16252035115113553
0.006885993210500874
-1.2962424519207552
0.02188551761153057
-0.4568235555452383
0.07451213750999428
0.6019591381524874
0.012590805482319584
-0.2602833501836277
-0.19472203046826955
-0.8865798572743434
-1.2175352957843903
0.2112185729472852
-0.35885098298427415
0.5867176016664126
0.024023075508710582
-0.25331773197844737
-0.4818604362287951
-0.4447980272906686
0.0584260532644905
-0.2737606928029082
-0.26733421155194803
-0.07451876850273603
0.6127095465958465
0.5542598710974879
-0.16217624863505434
-0.08215110872182434
0.14797818355155937
0.025151187840503336
-0.04294776938071864
-0.6062826915023724
-0.21869418958658438
0.04514443964232427
-0.3874348108836164
0.04923039564232427
0.002772349701391794
-0.20797965778513272
-3.868699999999992E-5
1.6299337467964328
0.11713049707523765
0.40826818727706793
-1.1751735942084809
1.0384467176038756
0.1308456648266885
-0.16995738214390144
-0.03222284018477181
4.081081970254715
-0.20438880184115518
-0.7551200402805726
2.48349281179505
-1.8157339207206789
1.535682839354997
-1.7987420263883922
0.6938164976354729
-0.22737534813861193
-1.3351143184482996
3.2035529187410234
0.4643827537564544
-0.10105327128114598
1.565613187805456
-0.3894812792823187
0.005061127759293965
0.05665186703308027
0.1183365235888146
-0.05141866208931432
0.18586999270083174
-0.05169008208931431
-0.0010250712170616141
0.0
0.0
0.0
0.0
0.0
0.0
0.0
0.0
0.0
0.0
0.0
0.0
0.0
0.0
0.0
0.0
0.0
0.0
0.0
0.0
0.0
0.0
0.0
0.0
0.0
0.0
0.0
0.0
0.0
0.0
0.0
0.0
0.0
0.0
0.0
0.0
0.0
0.0
0.0
0.0
0.0
0.0
0.0
0.0
0.0
0.0
0.0
0.0
0.0
0.0
0.0
0.0
0.0
0.0
0.0
0.0
0.0
0.0
0.0
0.0
0.0
0.0
0.0
0.0
0.0
0.0
0.0
0.0
0.0
0.0
0.0
0.0
0.0
0.0
0.0
0.0
0.0
0.0
0.0
0.0
0.0
0.0
0.0
0.0
0.0
0.0
0.0
0.0
0.0
0.0
0.0
0.0
0.0
0.0
0.0
0.0
0.0
0.0
0.0
0.0
0.0
0.0
0.0
0.0
0.0
0.0
0.0
0.0
0.0
0.0
0.0
0.0
0.0
0.0
0.0
0.0
0.0
0.0
0.0
0.0
0.0
0.0
0.0
0.0
0.0
0.0
0.0
</W>
<b>
-2.932685589930607
</b>
<info>
Training (X) File : /home/vibhatha/data/libsvm/webspam/webspam_isesvm_train_x_bin.67 
Training (Y) File : /home/vibhatha/data/libsvm/webspam/webspam_isesvm_train_y.67.bin 
Testing (X) File : /home/vibhatha/data/libsvm/webspam/webspam_isesvm_test_x_bin.67 
Testing (Y) File : /home/vibhatha/data/libsvm/webspam/webspam_isesvm_test_y.67.bin 
I/O Time : 139
Kernel Matrix Calculation : 0.266 s
</info>
