<model>
linear
</model>
<W>
0.0
0.0
0.0
0.0
0.0
0.0
0.0
0.0
-6.751996486425164E-4
-0.5917433991584314
-1.251446851882231
0.0
0.0
0.1464472917070373
0.0
0.0
0.0
0.0
0.0
0.0
0.0
0.0
0.0
0.0
0.0
0.0
2.8742181148000445
0.0
0.0
0.0
0.0
0.0
0.23702195009789895
0.37244891617857095
1.8317893417730062
1.0455900576864896
-0.0572966625450592
-0.6119458678113749
-1.5846658603791903
-0.7720800175518803
0.8443629542228314
0.8467075979339039
0.3868204030906731
0.34399257690151114
1.7243931640099026
1.898892871459712
0.038808985437514876
5.414927876691891
-1.5261781215277164
2.771644509256958
1.0800634831280063
-1.0624063113543316
0.3746354192344211
-0.6101645170056329
2.4576184304945516
0.18621812316707548
0.6731253649115484
-0.17335434073796702
-0.08150141355879277
-0.5054027415127262
0.020416234689409007
-2.8576708463589418
0.06443687205613591
-1.7194471309639565
0.30290876678760603
0.8840320049445344
-0.713729452378455
-1.1182570208692786
-0.38951975843430475
-1.434609394555887
-1.285567914861054
-0.5073827844300328
-0.9942318835028353
0.6995635647040397
-0.20195782834248424
-1.0736304842104125
0.2017474549335468
-1.6225107848111344
-0.32895818566877616
-0.16205403150687414
-0.17110421882433813
-0.6764317503897571
0.9276991708483677
2.4159025733043182
-0.6699899202342505
-0.1486853204760043
0.47461143179687765
-0.4916090586074604
-1.8605309802062018
-0.8565680190392011
-0.8589664444250201
0.05230332019436286
-0.10041798857846344
0.05230332019436286
0.011377065384193566
3.906675600590823
0.0
2.8288228264355926
0.7392002121639094
-2.5593719356352205
-1.0651979744155766
0.21027159432060993
2.37928091262254
-2.4044201924163584
-1.2298565050604209
5.549958158637311
-0.17720972677127106
-1.3843791764598976
2.6452384519914927
-4.25904705736863
4.509789478162523
-0.6614211709374049
0.3436696757979576
-0.8866532754131672
-3.7698162396217967
6.229816444143333
-0.46349668254648946
-0.46166578895167165
4.045064258944221
-2.664523479754364
-0.11032372775311215
-0.4238438500359072
-0.6451427231600113
-0.31590730433932257
0.4630444647256899
-0.31590730433932257
-0.23064876405091234
0.0
0.0
0.0
0.0
0.0
0.0
0.0
0.0
0.0
0.0
0.0
0.0
0.0
0.0
0.0
0.0
0.0
0.0
0.0
0.0
0.0
0.0
0.0
0.0
0.0
0.0
0.0
0.0
0.0
0.0
0.0
0.0
0.0
0.0
0.0
0.0
0.0
0.0
0.0
0.0
0.0
0.0
0.0
0.0
0.0
0.0
0.0
0.0
0.0
0.0
0.0
0.0
0.0
0.0
0.0
0.0
0.0
0.0
0.0
0.0
0.0
0.0
0.0
0.0
0.0
0.0
0.0
0.0
0.0
0.0
0.0
0.0
0.0
0.0
0.0
0.0
0.0
0.0
0.0
0.0
0.0
0.0
0.0
0.0
0.0
0.0
0.0
0.0
0.0
0.0
0.0
0.0
0.0
0.0
0.0
0.0
0.0
0.0
0.0
0.0
0.0
0.0
0.0
0.0
0.0
0.0
0.0
0.0
0.0
0.0
0.0
0.0
0.0
0.0
0.0
0.0
0.0
0.0
0.0
0.0
0.0
0.0
0.0
0.0
0.0
0.0
0.0
</W>
<b>
-3.0627102031444062
</b>
<info>
Training (X) File : /home/vibhatha/data/libsvm/webspam/webspam_isesvm_train_x_bin.99 
Training (Y) File : /home/vibhatha/data/libsvm/webspam/webspam_isesvm_train_y.99.bin 
Testing (X) File : /home/vibhatha/data/libsvm/webspam/webspam_isesvm_test_x_bin.99 
Testing (Y) File : /home/vibhatha/data/libsvm/webspam/webspam_isesvm_test_y.99.bin 
I/O Time : 108
Kernel Matrix Calculation : 0.226 s
</info>
