<model>
linear
</model>
<W>
0.0
0.0
0.0
0.0
0.0
0.0
0.0
0.0
0.0
-0.3344533721193237
-0.7904531638081735
0.0
0.0
-3.523695526083503
0.0
0.0
0.0
0.0
0.0
0.0
0.0
0.0
0.0
0.0
0.0
0.0
2.1519783634624723
0.0
0.0
0.0
0.0
0.0
0.37459271077121725
0.2631927985284048
4.879503304524158
3.985192845611754
-0.41473914756376173
-0.5999029133339796
-5.3233175892317615
-4.092274856247442
4.473941049390048
4.542470886338811
0.09028521249552897
0.9837275008722488
0.3690411582905045
5.983246075980992
-2.539902920368445
5.086595255486177
-2.95248555956088
2.7140157759557075
1.6599818590270459
-2.4676783803055544
-0.8896033743013352
-0.3448419843757918
4.486177607750935
0.9173310394615458
1.6355311365686371
-0.06791397093849616
-0.4378491402078607
-1.9595665924040337
-1.4586523862649534
-9.830242433992822
-1.2979191576922782
-2.938037724760228
0.9703909869403275
2.200804469666653
-3.006046592997143
-0.06353754440090975
2.1674886434223346
-2.637692492855019
-4.377251754316732
1.080309775056568
0.298954022294242
2.7796475423815314
0.9191062241919865
0.19332326041336578
-1.4450649077009874
-3.549682428588197
1.7348254639363438
-0.5067838570268046
0.2179748123126417
1.5613294904172461
0.650588019847553
3.355651689424949
0.753095025950603
-0.34206795014753555
0.6713858908555437
0.8779056907261089
0.24505080462300688
-2.8877358065946055
-0.45996509216826703
0.9957738326022403
0.07462334735050091
0.9906560740038746
0.010268450289397546
1.5236613281931644
-0.09172901550454089
3.018254904490946
2.238376515272268
0.5581399655834594
-2.9201453097302257
-0.8576291132321434
3.7638916534067164
-7.4122831780176
0.12045908123197857
3.72652860607662
-1.3486905126713116
-0.00613192195565182
3.186979945127168
-8.024263706006835
3.984792850670031
-2.0017887036938298
1.3289915078614087
-1.28674158769641
-0.5775259961901624
11.100646021368624
1.8189618583089295
-6.631546439459429
5.161374478372263
-1.5376214434811755
1.9056328277486894
2.2452306154759905
-3.3838825425718433
-0.17931423660380819
0.31983686373703485
-0.17321941660380819
-0.06823392550057623
0.0
0.0
0.0
0.0
0.0
0.0
0.0
0.0
0.0
0.0
0.0
0.0
0.0
0.0
0.0
0.0
0.0
0.0
0.0
0.0
0.0
0.0
0.0
0.0
0.0
0.0
0.0
0.0
0.0
0.0
0.0
0.0
0.0
0.0
0.0
0.0
0.0
0.0
0.0
0.0
0.0
0.0
0.0
0.0
0.0
0.0
0.0
0.0
0.0
0.0
0.0
0.0
0.0
0.0
0.0
0.0
0.0
0.0
0.0
0.0
0.0
0.0
0.0
0.0
0.0
0.0
0.0
0.0
0.0
0.0
0.0
0.0
0.0
0.0
0.0
0.0
0.0
0.0
0.0
0.0
0.0
0.0
0.0
0.0
0.0
0.0
0.0
0.0
0.0
0.0
0.0
0.0
0.0
0.0
0.0
0.0
0.0
0.0
0.0
0.0
0.0
0.0
0.0
0.0
0.0
0.0
0.0
0.0
0.0
0.0
0.0
0.0
0.0
0.0
0.0
0.0
0.0
0.0
0.0
0.0
0.0
0.0
0.0
0.0
0.0
0.0
0.0
</W>
<b>
-2.908799504681535
</b>
<info>
Training (X) File : /home/vibhatha/data/libsvm/webspam/webspam_isesvm_train_x_bin.303 
Training (Y) File : /home/vibhatha/data/libsvm/webspam/webspam_isesvm_train_y.303.bin 
Testing (X) File : /home/vibhatha/data/libsvm/webspam/webspam_isesvm_test_x_bin.303 
Testing (Y) File : /home/vibhatha/data/libsvm/webspam/webspam_isesvm_test_y.303.bin 
I/O Time : 140
Kernel Matrix Calculation : 0.239 s
</info>
