88.84892086330936
92.08633093525181
89.568345323741
87.76978417266187
88.48920863309353
89.568345323741
87.76978417266187
89.20863309352518
89.20863309352518
87.05035971223022
89.92805755395683
88.84892086330936
87.41007194244604
88.84892086330936
90.64748201438849
86.33093525179856
90.28776978417267
89.92805755395683
89.20863309352518
80.93525179856115
88.48920863309353
92.80575539568345
92.80575539568345
89.92805755395683
86.33093525179856
88.84892086330936
87.41007194244604
90.28776978417267
88.48920863309353
92.08633093525181
91.36690647482014
87.76978417266187
88.48920863309353
90.28776978417267
89.20863309352518
87.76978417266187
92.44604316546763
89.20863309352518
88.48920863309353
90.28776978417267
