97.27074235807859
96.94323144104804
99.56331877729258
99.34497816593887
88.20960698689956
81.76855895196506
60.698689956331876
73.47161572052401
65.06550218340611
48.47161572052402
74.235807860262
91.0480349344978
94.43231441048034
97.81659388646288
87.44541484716157
57.20524017467249
48.14410480349345
72.27074235807859
91.70305676855895
91.26637554585153
96.61572052401746
99.78165938864629
68.3406113537118
50.109170305676855
68.3406113537118
93.12227074235808
93.5589519650655
97.37991266375546
94.75982532751091
93.99563318777294
94.75982532751091
93.66812227074236
90.72052401746726
77.07423580786026
55.24017467248908
87.77292576419214
88.42794759825327
92.68558951965066
91.15720524017468
99.0174672489083
