90.28776978417267
91.36690647482014
89.20863309352518
87.41007194244604
87.76978417266187
88.48920863309353
88.48920863309353
88.12949640287769
88.48920863309353
86.33093525179856
90.28776978417267
86.6906474820144
88.12949640287769
90.64748201438849
88.12949640287769
85.97122302158273
89.92805755395683
88.84892086330936
88.48920863309353
84.17266187050359
87.76978417266187
92.44604316546763
91.00719424460432
88.48920863309353
89.20863309352518
87.41007194244604
88.84892086330936
85.25179856115108
86.6906474820144
89.568345323741
90.64748201438849
84.53237410071942
87.41007194244604
87.41007194244604
88.48920863309353
86.33093525179856
91.36690647482014
87.41007194244604
88.12949640287769
89.20863309352518
