90.64748201438849
91.36690647482014
88.12949640287769
87.05035971223022
87.05035971223022
86.6906474820144
88.84892086330936
90.28776978417267
89.92805755395683
87.05035971223022
91.72661870503596
87.05035971223022
86.33093525179856
90.28776978417267
89.92805755395683
87.76978417266187
89.92805755395683
89.568345323741
88.48920863309353
81.29496402877699
87.41007194244604
91.36690647482014
90.28776978417267
88.84892086330936
88.84892086330936
87.05035971223022
87.76978417266187
86.33093525179856
85.25179856115108
91.00719424460432
92.80575539568345
88.84892086330936
87.41007194244604
88.12949640287769
89.568345323741
87.05035971223022
91.00719424460432
91.72661870503596
88.48920863309353
88.84892086330936
