84.17266187050359
85.25179856115108
83.81294964028777
84.89208633093526
83.09352517985612
84.53237410071942
84.17266187050359
84.89208633093526
80.57553956834532
81.65467625899281
88.12949640287769
82.01438848920863
80.93525179856115
88.12949640287769
79.49640287769785
83.09352517985612
84.17266187050359
85.61151079136691
81.65467625899281
78.77697841726618
84.89208633093526
85.97122302158273
86.6906474820144
84.89208633093526
85.61151079136691
80.93525179856115
83.09352517985612
83.45323741007195
83.81294964028777
86.33093525179856
89.568345323741
82.73381294964028
82.01438848920863
84.53237410071942
85.97122302158273
82.37410071942446
88.84892086330936
83.81294964028777
85.97122302158273
83.81294964028777
