91.36690647482014
86.33093525179856
87.41007194244604
84.89208633093526
86.33093525179856
88.12949640287769
87.76978417266187
89.20863309352518
90.64748201438849
86.6906474820144
88.12949640287769
88.84892086330936
86.6906474820144
89.20863309352518
86.33093525179856
85.97122302158273
88.48920863309353
89.568345323741
86.33093525179856
83.45323741007195
89.568345323741
87.41007194244604
87.76978417266187
88.12949640287769
86.33093525179856
88.48920863309353
87.41007194244604
86.6906474820144
85.61151079136691
92.08633093525181
91.00719424460432
87.41007194244604
86.33093525179856
88.48920863309353
88.84892086330936
85.61151079136691
91.00719424460432
85.97122302158273
88.84892086330936
90.28776978417267
