88.84892086330936
91.72661870503596
86.6906474820144
87.76978417266187
86.6906474820144
88.48920863309353
87.05035971223022
87.41007194244604
89.20863309352518
84.17266187050359
91.00719424460432
86.33093525179856
87.76978417266187
88.84892086330936
85.25179856115108
85.25179856115108
88.12949640287769
86.6906474820144
89.568345323741
83.09352517985612
87.41007194244604
91.36690647482014
89.20863309352518
87.05035971223022
87.76978417266187
85.97122302158273
88.12949640287769
86.6906474820144
85.25179856115108
87.76978417266187
89.92805755395683
85.97122302158273
86.33093525179856
88.12949640287769
89.20863309352518
87.05035971223022
90.64748201438849
88.12949640287769
87.76978417266187
86.33093525179856
