<model>
linear
</model>
<W>
0.0
-0.20192842
-0.20424939
-0.23906486999999998
-0.17407615999999998
-0.17871841000000002
-0.20424939
-0.19960745
-0.16015003
-1.770151550996895
2.9023405680598824
-0.19960745
-0.18336035
-1.4959841250679988
-0.22049649
-0.31565750000000004
-0.17175519
-0.21121261000000002
-0.22745971
-0.17639713
-0.17639713
-0.19264453999999998
-0.20657035999999998
-0.21121261000000002
-0.21353358
-0.21585455
5.252507300271901
-0.23674359
-0.25531197
-0.24834874999999998
-0.25299069
-0.25531197
0.8363796434522017
-1.0085875910453355
5.094527305575605
2.560689050036201
-0.20210750630229746
2.9411495027448966
2.5246124894532347
0.9446316255239557
4.237505975565148
4.277977108463496
1.7824460428086317
1.5431692618590669
1.190885123764978
3.028659807572522
-5.0902471223773995
6.59638972481687
-1.9091164132446108
5.642493183014546
-0.4134986248826007
0.05864303640353341
-2.2978421053133844
-3.9650393967343747
-0.6437139104064034
-0.9475269961610419
5.769295230472663
4.335977700467545
-1.7874659428451787
3.968226841357909
-1.722493124173866
-4.971599608291765
-1.5666423060211323
-2.6895067976627467
-0.3088655008680634
3.3237766702299165
1.5492134804467341
-2.9812286802039227
3.5772468195637024
-4.02882066792004
-8.386664699526948
1.1761299656749888
-0.9376869160389445
5.7506191885391615
-2.117556585755587
-2.2341239169755953
-0.3102350319862224
-9.855133432879798
0.7871849187190381
-0.2582377711574037
-4.294573040134899
1.2206837551839367
1.4429242508154005
7.5558617929872245
2.816284468180952
-2.1129755451452192
-1.3841870611210845
-3.5905129957515673
-0.7683616551156652
-1.8661567737400169
-1.892500342163536
1.0660054534609453
1.08239469249844
1.0072968474609452
-0.19180378361747683
4.410695735209103
-0.21627973682174154
8.047906305446755
-2.588582549586138
1.5878100707352711
1.0580610251915825
-2.567468859357305
3.7898044439536265
-10.547211444670085
-3.119032584968167
4.058073832796544
-2.048410372566279
-5.62453206718114
3.2055075458221145
-6.958949092888314
5.519870954191365
-3.952886369522923
0.7328836004908514
-1.3127871224062067
-2.0780219509968587
10.134312342170357
3.063715325929719
0.403115435378651
6.551638811904775
-1.624555760594811
-5.697745741325089
-2.689989994871028
0.30932374389144746
-1.2251244213669508
-0.5504307169147624
-1.2627339313669506
-0.450322837133459
-0.27388004
0.0
0.0
0.0
0.0
0.0
0.0
0.0
0.0
0.0
0.0
0.0
0.0
0.0
0.0
0.0
0.0
0.0
0.0
0.0
0.0
0.0
0.0
0.0
0.0
0.0
0.0
0.0
0.0
0.0
0.0
0.0
0.0
0.0
0.0
0.0
0.0
0.0
0.0
0.0
0.0
0.0
0.0
0.0
0.0
0.0
0.0
0.0
0.0
0.0
0.0
0.0
0.0
0.0
0.0
0.0
0.0
0.0
0.0
0.0
0.0
0.0
0.0
0.0
0.0
0.0
0.0
0.0
0.0
0.0
0.0
0.0
0.0
0.0
0.0
0.0
0.0
0.0
0.0
0.0
0.0
0.0
0.0
0.0
0.0
0.0
0.0
0.0
0.0
0.0
0.0
0.0
0.0
0.0
0.0
0.0
0.0
0.0
0.0
0.0
0.0
0.0
0.0
0.0
0.0
0.0
0.0
0.0
0.0
0.0
0.0
0.0
0.0
0.0
0.0
0.0
0.0
0.0
0.0
0.0
0.0
0.0
0.0
0.0
0.0
0.0
0.0
</W>
<b>
-4.941470332458607
</b>
<info>
Training (X) File : /home/vibhatha/data/libsvm/webspam/webspam_isesvm_train_x_bin.122 
Training (Y) File : /home/vibhatha/data/libsvm/webspam/webspam_isesvm_train_y.122.bin 
Testing (X) File : /home/vibhatha/data/libsvm/webspam/webspam_isesvm_test_x_bin.122 
Testing (Y) File : /home/vibhatha/data/libsvm/webspam/webspam_isesvm_test_y.122.bin 
I/O Time : 141
Kernel Matrix Calculation : 0.211 s
</info>
