<model>
linear
</model>
<W>
0.0
0.0
0.0
0.0
0.0
0.0
0.0
0.0
-0.0011606267181060977
-0.8136175958031129
0.10190015312024048
0.0
0.0
-1.9013847507902908
0.0
0.0
0.0
0.0
0.0
0.0
0.0
0.0
0.0
0.0
0.0
0.0
1.8735352965382295
0.0
0.0
0.0
0.0
0.0
-0.607947957254451
-0.7741323505665009
1.413106948494697
1.404022713589204
-0.492520993944805
0.4172789029064823
-0.7994243555557634
-4.2251265582599435
3.3262460629033983
3.275868946365234
-1.0665282567581205
-0.32914286263098386
0.3761774844137965
5.282541685745153
-2.331134726180863
7.672621249543626
-0.6992511514132815
1.139141920933346
2.2499932483020584
0.68422414005338
-0.41306851181974485
-1.339545801688843
2.684823067754397
2.1852830870242443
2.4299223752045918
3.7016106797602077
0.6529850880072404
0.4114443857512292
-0.9837627617607749
-6.17029539607924
-0.8377437748635908
-0.7879234914276596
0.7039942505820137
0.5072153229846283
0.25539988036034034
-4.604647290914
0.6188799997190819
-4.387366992388621
-4.93263791959895
-0.8915933976589098
0.22759624338964518
3.5802822453041947
-0.200768541658947
-0.6467377233562851
0.43415659393949424
-2.8391690911365157
0.3820758513895155
-1.263172865213775
-3.910151233260722
-0.9775813375755157
-0.24025182278461135
0.7156930832037282
1.3686447782272109
-1.3173971273553395
0.329446521602067
0.38534757567610756
-0.5920665160397175
-1.0686763483194701
-1.7278650811561282
0.9946113890935142
0.5258838402600059
0.9944867190935143
0.06652659447799825
2.1747622615940867
0.005784202970355399
4.013274470484311
-0.5449343112229259
-3.0814295669330978
-3.7553080849461153
-2.841484493167594
2.8526922462069724
-9.409587534233124
-1.2358973911881084
5.264054708092768
-1.0011977517907533
-1.0993387823490617
4.850847118329031
-6.979986590475439
4.956383873255293
-3.5065388392666996
3.3646968635812318
0.6587446297231295
-4.547658066726475
10.281812594824054
0.13546306675520192
0.7012986908981339
1.4317804296371648
-0.7181228387272117
2.163900446164852
0.8352599714436815
-1.2820475546360492
0.4833098715290486
1.0771628088098397
0.47768310752904863
0.08371539817696715
0.0
0.0
0.0
0.0
0.0
0.0
0.0
0.0
0.0
0.0
0.0
0.0
0.0
0.0
0.0
0.0
0.0
0.0
0.0
0.0
0.0
0.0
0.0
0.0
0.0
0.0
0.0
0.0
0.0
0.0
0.0
0.0
0.0
0.0
0.0
0.0
0.0
0.0
0.0
0.0
0.0
0.0
0.0
0.0
0.0
0.0
0.0
0.0
0.0
0.0
0.0
0.0
0.0
0.0
0.0
0.0
0.0
0.0
0.0
0.0
0.0
0.0
0.0
0.0
0.0
0.0
0.0
0.0
0.0
0.0
0.0
0.0
0.0
0.0
0.0
0.0
0.0
0.0
0.0
0.0
0.0
0.0
0.0
0.0
0.0
0.0
0.0
0.0
0.0
0.0
0.0
0.0
0.0
0.0
0.0
0.0
0.0
0.0
0.0
0.0
0.0
0.0
0.0
0.0
0.0
0.0
0.0
0.0
0.0
0.0
0.0
0.0
0.0
0.0
0.0
0.0
0.0
0.0
0.0
0.0
0.0
0.0
0.0
0.0
0.0
0.0
0.0
</W>
<b>
-1.2305822212437132
</b>
<info>
Training (X) File : /home/vibhatha/data/libsvm/webspam/webspam_isesvm_train_x_bin.73 
Training (Y) File : /home/vibhatha/data/libsvm/webspam/webspam_isesvm_train_y.73.bin 
Testing (X) File : /home/vibhatha/data/libsvm/webspam/webspam_isesvm_test_x_bin.73 
Testing (Y) File : /home/vibhatha/data/libsvm/webspam/webspam_isesvm_test_y.73.bin 
I/O Time : 132
Kernel Matrix Calculation : 0.247 s
</info>
