<model>
gaussian
</model>
<W>
8.881784197001252E-16
8.881784197001252E-16
8.881784197001252E-16
8.881784197001252E-16
8.881784197001252E-16
8.881784197001252E-16
8.881784197001252E-16
8.881784197001252E-16
8.881784197001252E-16
0.008515615362876483
0.00252330085679231
8.881784197001252E-16
8.881784197001252E-16
0.0017483161132585412
8.881784197001252E-16
8.881784197001252E-16
8.881784197001252E-16
8.881784197001252E-16
8.881784197001252E-16
8.881784197001252E-16
8.881784197001252E-16
8.881784197001252E-16
8.881784197001252E-16
8.881784197001252E-16
8.881784197001252E-16
8.881784197001252E-16
-0.004483039750509565
8.881784197001252E-16
8.881784197001252E-16
8.881784197001252E-16
8.881784197001252E-16
8.881784197001252E-16
0.06443882803281897
1.1604904197437538E-4
-0.013801134039443386
-3.876565192573178E-5
7.148609659779481E-7
0.0011544218643129156
0.0013922379687485442
1.3509272878509115E-4
-6.345037707017331E-4
-6.34909385477278E-4
-7.653087933046088E-6
1.3101148379934813E-5
-9.019854363845337E-5
0.0010716111932594918
9.84568539051267E-4
-0.010816621760678324
-0.012199265824025085
-1.4315985802537678E-4
0.0016515127429747034
-3.183636108490262E-4
-6.104262813533268E-5
4.2635768900511906E-5
1.7425872893150895E-4
2.9471719971740917E-4
7.753788112252469E-5
-5.192196117942416E-5
-6.076506795715808E-5
-8.1544528873434E-5
0.004531276621712155
6.789144338147368E-4
0.004502804069325239
6.50975882678928E-5
-5.433199476989614E-7
7.395604552196122E-4
6.900357938796065E-4
3.374126558478574E-4
0.0028799959539974607
0.0038131732433744903
0.0013188984080639843
6.27279588636398E-5
0.0028065161856837273
1.333991019804026E-4
6.772006441857492E-5
6.0400088207401836E-5
6.948814859717434E-4
7.66161811692867E-4
3.4952411996302946E-4
4.8191721070878213E-4
6.821924336174456E-4
1.2343681763504755E-4
6.432364346727892E-4
2.571786717161517E-4
0.00606538523884026
3.035855394962761E-4
5.761844084690715E-4
3.923215248993195E-4
1.3983254428984182E-4
3.667396465786288E-4
1.0003907032896109E-4
-1.1615048571611553E-5
0.003426668342406014
-1.1616503919453791E-5
2.45435725076959E-8
-3.043848241800484E-4
-2.3002488802603693E-10
-0.016249612963757043
-9.868655900527878E-4
-0.001577439828038374
0.0018758312685630552
-0.007642896546418254
-1.5167862987608416E-4
-7.268884784461527E-4
0.003098462852590411
-0.024837169121551317
2.321762114076975E-4
-5.5428348408881334E-5
-0.007809234318273961
0.002716951555990499
-0.008715927304524751
-2.985218332799411E-4
1.0605284062592535E-4
1.1830855535821527E-4
-8.502244035816231E-4
-0.020609355286155706
-0.0023932862589668424
0.0010907443750610701
-0.0012689639321450397
0.001956985111913556
0.003782382300028697
2.4788721472612796E-4
1.2621306409565936E-4
5.425286955684783E-6
-1.874392542511316E-5
5.4155726818549965E-6
-8.647205271827829E-7
8.881784197001252E-16
8.881784197001252E-16
8.881784197001252E-16
8.881784197001252E-16
8.881784197001252E-16
8.881784197001252E-16
8.881784197001252E-16
8.881784197001252E-16
8.881784197001252E-16
8.881784197001252E-16
8.881784197001252E-16
8.881784197001252E-16
8.881784197001252E-16
8.881784197001252E-16
8.881784197001252E-16
8.881784197001252E-16
8.881784197001252E-16
8.881784197001252E-16
8.881784197001252E-16
8.881784197001252E-16
8.881784197001252E-16
8.881784197001252E-16
8.881784197001252E-16
8.881784197001252E-16
8.881784197001252E-16
8.881784197001252E-16
8.881784197001252E-16
8.881784197001252E-16
8.881784197001252E-16
8.881784197001252E-16
8.881784197001252E-16
8.881784197001252E-16
8.881784197001252E-16
8.881784197001252E-16
8.881784197001252E-16
8.881784197001252E-16
8.881784197001252E-16
8.881784197001252E-16
8.881784197001252E-16
8.881784197001252E-16
8.881784197001252E-16
8.881784197001252E-16
8.881784197001252E-16
8.881784197001252E-16
8.881784197001252E-16
8.881784197001252E-16
8.881784197001252E-16
8.881784197001252E-16
8.881784197001252E-16
8.881784197001252E-16
8.881784197001252E-16
8.881784197001252E-16
8.881784197001252E-16
8.881784197001252E-16
8.881784197001252E-16
8.881784197001252E-16
8.881784197001252E-16
8.881784197001252E-16
8.881784197001252E-16
8.881784197001252E-16
8.881784197001252E-16
8.881784197001252E-16
8.881784197001252E-16
8.881784197001252E-16
8.881784197001252E-16
8.881784197001252E-16
8.881784197001252E-16
8.881784197001252E-16
8.881784197001252E-16
8.881784197001252E-16
8.881784197001252E-16
8.881784197001252E-16
8.881784197001252E-16
8.881784197001252E-16
8.881784197001252E-16
8.881784197001252E-16
8.881784197001252E-16
8.881784197001252E-16
8.881784197001252E-16
8.881784197001252E-16
8.881784197001252E-16
8.881784197001252E-16
8.881784197001252E-16
8.881784197001252E-16
8.881784197001252E-16
8.881784197001252E-16
8.881784197001252E-16
8.881784197001252E-16
8.881784197001252E-16
8.881784197001252E-16
8.881784197001252E-16
8.881784197001252E-16
8.881784197001252E-16
8.881784197001252E-16
8.881784197001252E-16
8.881784197001252E-16
8.881784197001252E-16
8.881784197001252E-16
8.881784197001252E-16
8.881784197001252E-16
8.881784197001252E-16
8.881784197001252E-16
8.881784197001252E-16
8.881784197001252E-16
8.881784197001252E-16
8.881784197001252E-16
8.881784197001252E-16
8.881784197001252E-16
8.881784197001252E-16
8.881784197001252E-16
8.881784197001252E-16
8.881784197001252E-16
8.881784197001252E-16
8.881784197001252E-16
8.881784197001252E-16
8.881784197001252E-16
8.881784197001252E-16
8.881784197001252E-16
8.881784197001252E-16
8.881784197001252E-16
8.881784197001252E-16
8.881784197001252E-16
8.881784197001252E-16
8.881784197001252E-16
8.881784197001252E-16
8.881784197001252E-16
8.881784197001252E-16
</W>
<b>
1.0002059419343823
</b>
<info>
Training (X) File : /home/vibhatha/data/libsvm/webspam/webspam_isesvm_train_x_bin.197 
Training (Y) File : /home/vibhatha/data/libsvm/webspam/webspam_isesvm_train_y.197.bin 
Testing (X) File : /home/vibhatha/data/libsvm/webspam/webspam_isesvm_test_x_bin.197 
Testing (Y) File : /home/vibhatha/data/libsvm/webspam/webspam_isesvm_test_y.197.bin 
I/O Time : 139
Kernel Matrix Calculation : 0.0 s
</info>
