<model>
gaussian
</model>
<W>
2.6645352591003757E-15
2.6645352591003757E-15
2.6645352591003757E-15
2.6645352591003757E-15
2.6645352591003757E-15
2.6645352591003757E-15
2.6645352591003757E-15
2.6645352591003757E-15
2.6645352591003757E-15
0.00866646876432331
0.006013247618554707
2.6645352591003757E-15
2.6645352591003757E-15
0.003503895381109623
2.6645352591003757E-15
2.6645352591003757E-15
2.6645352591003757E-15
2.6645352591003757E-15
2.6645352591003757E-15
2.6645352591003757E-15
2.6645352591003757E-15
2.6645352591003757E-15
2.6645352591003757E-15
2.6645352591003757E-15
2.6645352591003757E-15
2.6645352591003757E-15
0.0037924807922771198
2.6645352591003757E-15
2.6645352591003757E-15
2.6645352591003757E-15
2.6645352591003757E-15
2.6645352591003757E-15
0.053076358269588675
3.5675647642841035E-5
-0.0099289601468735
-2.4954574934066276E-4
2.754616681421851E-7
5.358846962792985E-4
0.0012025823057982832
3.4659119974767005E-4
-3.6586419992667985E-4
-3.633088531170836E-4
2.097557154634444E-6
7.393810269995527E-5
5.327338968857953E-4
-6.340113480098886E-4
0.0010390723235945698
-0.011005869325264706
-0.012353878021025722
-2.877107086713959E-4
0.0010867228800388595
-3.51914118154939E-4
3.898831684312487E-5
2.081999450309624E-5
5.788840599152412E-5
5.089343221406084E-4
1.7912792054819437E-4
1.6099951891856978E-4
-1.5316082901128958E-4
2.56851275026837E-4
9.373290317018501E-4
0.0020920984234493734
9.152866131272308E-4
7.011739835871555E-5
8.039486641964189E-7
0.0011767842906695858
2.769623727263415E-4
2.607449974916243E-4
0.0025655217862010637
0.003970394094423124
0.0011190361183535114
1.7399411573315593E-4
0.0029235970743206607
7.350789540133684E-4
3.681470059035963E-5
2.490113264363991E-5
0.0019327172409540072
0.0013480539481052212
7.247170263586789E-4
9.953437603198445E-4
7.383590774117099E-4
6.356037568400197E-5
8.703651315273842E-4
3.662254946362742E-4
0.004650950492915862
1.7948059272654415E-4
2.1995459694279518E-5
-1.3644644062171807E-5
7.008784061324214E-5
3.50750995733784E-4
3.5914464051156614E-5
-7.223597680794391E-6
0.001788710615295841
-8.099935237093625E-6
3.1957474089239213E-7
1.6721960055354756E-4
-1.2458198916931451E-9
-0.017630762455375537
-0.0013454769204689354
-0.0010163648554569749
0.0010435002373740954
-0.010477591394194907
-8.854176700384686E-4
-1.1325306761400533E-5
2.8746469187546086E-4
-0.02082556376084077
1.2075059215610473E-4
-1.3259915994434657E-5
-0.008591847451712153
0.0022984544977799892
-0.008274947119705889
0.0022292406364039508
5.293362584967154E-4
7.369891031927533E-5
-4.245430870186695E-5
-0.017258466185126387
-4.8165800426624994E-4
5.914984974849657E-4
-0.0010749423403488834
0.0016503599919324152
0.0018023693441121535
6.872692035109207E-5
9.097921075185145E-5
-2.207468626003184E-6
-1.2204640587154536E-5
-1.3808044844187961E-6
-3.596588160625913E-8
2.6645352591003757E-15
2.6645352591003757E-15
2.6645352591003757E-15
2.6645352591003757E-15
2.6645352591003757E-15
2.6645352591003757E-15
2.6645352591003757E-15
2.6645352591003757E-15
2.6645352591003757E-15
2.6645352591003757E-15
2.6645352591003757E-15
2.6645352591003757E-15
2.6645352591003757E-15
2.6645352591003757E-15
2.6645352591003757E-15
2.6645352591003757E-15
2.6645352591003757E-15
2.6645352591003757E-15
2.6645352591003757E-15
2.6645352591003757E-15
2.6645352591003757E-15
2.6645352591003757E-15
2.6645352591003757E-15
2.6645352591003757E-15
2.6645352591003757E-15
2.6645352591003757E-15
2.6645352591003757E-15
2.6645352591003757E-15
2.6645352591003757E-15
2.6645352591003757E-15
2.6645352591003757E-15
2.6645352591003757E-15
2.6645352591003757E-15
2.6645352591003757E-15
2.6645352591003757E-15
2.6645352591003757E-15
2.6645352591003757E-15
2.6645352591003757E-15
2.6645352591003757E-15
2.6645352591003757E-15
2.6645352591003757E-15
2.6645352591003757E-15
2.6645352591003757E-15
2.6645352591003757E-15
2.6645352591003757E-15
2.6645352591003757E-15
2.6645352591003757E-15
2.6645352591003757E-15
2.6645352591003757E-15
2.6645352591003757E-15
2.6645352591003757E-15
2.6645352591003757E-15
2.6645352591003757E-15
2.6645352591003757E-15
2.6645352591003757E-15
2.6645352591003757E-15
2.6645352591003757E-15
2.6645352591003757E-15
2.6645352591003757E-15
2.6645352591003757E-15
2.6645352591003757E-15
2.6645352591003757E-15
2.6645352591003757E-15
2.6645352591003757E-15
2.6645352591003757E-15
2.6645352591003757E-15
2.6645352591003757E-15
2.6645352591003757E-15
2.6645352591003757E-15
2.6645352591003757E-15
2.6645352591003757E-15
2.6645352591003757E-15
2.6645352591003757E-15
2.6645352591003757E-15
2.6645352591003757E-15
2.6645352591003757E-15
2.6645352591003757E-15
2.6645352591003757E-15
2.6645352591003757E-15
2.6645352591003757E-15
2.6645352591003757E-15
2.6645352591003757E-15
2.6645352591003757E-15
2.6645352591003757E-15
2.6645352591003757E-15
2.6645352591003757E-15
2.6645352591003757E-15
2.6645352591003757E-15
2.6645352591003757E-15
2.6645352591003757E-15
2.6645352591003757E-15
2.6645352591003757E-15
2.6645352591003757E-15
2.6645352591003757E-15
2.6645352591003757E-15
2.6645352591003757E-15
2.6645352591003757E-15
2.6645352591003757E-15
2.6645352591003757E-15
2.6645352591003757E-15
2.6645352591003757E-15
2.6645352591003757E-15
2.6645352591003757E-15
2.6645352591003757E-15
2.6645352591003757E-15
2.6645352591003757E-15
2.6645352591003757E-15
2.6645352591003757E-15
2.6645352591003757E-15
2.6645352591003757E-15
2.6645352591003757E-15
2.6645352591003757E-15
2.6645352591003757E-15
2.6645352591003757E-15
2.6645352591003757E-15
2.6645352591003757E-15
2.6645352591003757E-15
2.6645352591003757E-15
2.6645352591003757E-15
2.6645352591003757E-15
2.6645352591003757E-15
2.6645352591003757E-15
2.6645352591003757E-15
2.6645352591003757E-15
2.6645352591003757E-15
2.6645352591003757E-15
2.6645352591003757E-15
</W>
<b>
1.0001611643680803
</b>
<info>
Training (X) File : /home/vibhatha/data/libsvm/webspam/webspam_isesvm_train_x_bin.79 
Training (Y) File : /home/vibhatha/data/libsvm/webspam/webspam_isesvm_train_y.79.bin 
Testing (X) File : /home/vibhatha/data/libsvm/webspam/webspam_isesvm_test_x_bin.79 
Testing (Y) File : /home/vibhatha/data/libsvm/webspam/webspam_isesvm_test_y.79.bin 
I/O Time : 291
Kernel Matrix Calculation : 0.0 s
</info>
