<model>
linear
</model>
<W>
0.0
0.0
0.0
0.0
0.0
0.0
0.0
0.0
0.0
-0.7012038251563345
-0.22267599925679993
0.0
0.0
-1.1660921741366594
0.0
0.0
0.0
0.0
0.0
0.0
0.0
0.0
0.0
0.0
0.0
0.0
0.5604562485491467
0.0
0.0
0.0
0.0
0.0
0.9808952179084589
-0.025900343219514968
2.2624765102185838
0.15800666764482965
0.006469090209459191
-0.1770270101940719
-1.3839293792654652
-0.4161896325153049
0.7978409481404649
0.802237632140465
-0.28264254805119293
-0.048304100496359414
-0.20552569395494028
1.2452121561100697
-1.0406689131707871
4.4123589634171285
0.6595398649455688
0.1766143055360177
0.03055115832703924
-0.009088952375075031
-0.07949809430875808
0.010660591795098233
0.6536714942506703
0.466523800467246
0.10694056034312215
0.3493444008062894
0.6287172559543229
-0.3607426310502609
0.37492192305417016
-1.8300133122905544
-0.22652177968985882
-0.21712030930243742
0.061296023588820685
1.277852597512784
0.05235113059679588
-0.03714456798502751
-0.15501855724679275
-0.39049959851596266
-1.1130423117499282
0.0872611076645122
-0.5944847990073631
0.5498606593975548
0.032175418511106064
-0.3843163865904065
0.09766994148858815
-0.20583628003529822
0.08331245808952639
-0.2465172062024849
-0.22253111486889945
-0.2021187646857446
0.32803035810405157
0.6458775180525023
-0.29632841089709355
-0.0981280957710168
8.201094042478979E-4
0.12044924984730014
-0.13020101987210259
-0.5073053893047014
-0.30719334556264083
0.10313983664281351
0.002884163768438492
0.11343663863309025
7.894801371344713E-4
-0.24303842976245496
0.002240734
2.2903567012335078
-0.4086065663115484
-0.22416927069715298
-1.5318012213204857
0.2985200426928031
-0.13053465710119896
-0.9796572247025237
-0.7478576457202082
3.6093931734640563
-0.3053333743815104
-0.6091391784695511
2.6980113824454715
-1.6632363289688294
1.4821299208303564
-0.5390764436095414
0.5849858901501184
-0.2730034474237173
-1.4700918257052167
3.6877125588194986
-0.6058932611017414
-0.7176079307674426
0.7365718989776839
-0.6807107142487763
0.3578199052671789
0.3818613738544312
-0.07499910458173431
-0.17296699710454383
0.24972764887248755
-0.1820906214515503
-0.04144010742910746
0.0
0.0
0.0
0.0
0.0
0.0
0.0
0.0
0.0
0.0
0.0
0.0
0.0
0.0
0.0
0.0
0.0
0.0
0.0
0.0
0.0
0.0
0.0
0.0
0.0
0.0
0.0
0.0
0.0
0.0
0.0
0.0
0.0
0.0
0.0
0.0
0.0
0.0
0.0
0.0
0.0
0.0
0.0
0.0
0.0
0.0
0.0
0.0
0.0
0.0
0.0
0.0
0.0
0.0
0.0
0.0
0.0
0.0
0.0
0.0
0.0
0.0
0.0
0.0
0.0
0.0
0.0
0.0
0.0
0.0
0.0
0.0
0.0
0.0
0.0
0.0
0.0
0.0
0.0
0.0
0.0
0.0
0.0
0.0
0.0
0.0
0.0
0.0
0.0
0.0
0.0
0.0
0.0
0.0
0.0
0.0
0.0
0.0
0.0
0.0
0.0
0.0
0.0
0.0
0.0
0.0
0.0
0.0
0.0
0.0
0.0
0.0
0.0
0.0
0.0
0.0
0.0
0.0
0.0
0.0
0.0
0.0
0.0
0.0
0.0
0.0
0.0
</W>
<b>
-2.8318527856785654
</b>
<info>
Training (X) File : /home/vibhatha/data/libsvm/webspam/webspam_isesvm_train_x_bin.121 
Training (Y) File : /home/vibhatha/data/libsvm/webspam/webspam_isesvm_train_y.121.bin 
Testing (X) File : /home/vibhatha/data/libsvm/webspam/webspam_isesvm_test_x_bin.121 
Testing (Y) File : /home/vibhatha/data/libsvm/webspam/webspam_isesvm_test_y.121.bin 
I/O Time : 126
Kernel Matrix Calculation : 0.226 s
</info>
