<model>
linear
</model>
<W>
0.0
0.0
0.0
0.0
0.0
0.0
0.0
0.0
-3.918828043632427E-4
-0.6594706304520153
2.6164999937107645
0.0
0.002870894
-2.013575973009031
0.0
0.0
0.0
0.0
0.0
0.0
0.0
0.0
0.0
0.0
0.0
0.0
3.1520518642438398
0.0
0.0
0.0
0.0
0.0
-0.29540991146741735
0.944188818001918
3.0816897056028654
1.2182191797157937
0.003242774137821914
0.5960009744768964
0.49752317331265994
-4.708364774810495
2.220136409833339
2.254990170684267
-0.5551073292603853
1.2972101769116482
-1.8803944065255715
2.6266350076508918
-2.4011724201428004
6.890234190363275
1.450261066798536
4.193129477297241
0.9923712926132011
0.9433803853931255
0.3560052332115724
-1.2934696529426566
2.7853521734655335
1.6040487679622353
2.867011905786592
1.7681329610083634
-0.09301443869008387
0.0029170454319212835
-1.481329877016237
-7.2511778705174095
-1.240047806011574
-2.4217912904436574
0.39163073703029794
-0.26486052829834494
-0.18953934409700465
-5.702856961264087
-2.07287537461492
-1.7596797845016556
-6.416422399574856
-0.24707820737267744
-3.066883477570743
-0.16896626309109264
-0.18227929635301357
-0.7142118343104065
0.513517261594306
0.17543806885606567
-1.116264319475202
-0.28243896102390176
-0.5351821729801733
1.3110039892653185
-0.2694352873432877
1.9585009856176663
-2.586901091559166
0.2509188186404854
-0.19831788741768192
-2.361958053674413
0.4932465541622542
0.008344041204261715
-1.0446538218676826
1.3045008106599834
0.3664666658565476
1.3043312906599835
0.033703733351465856
1.9497584843274132
0.006763753474104378
-0.02889818099926389
1.4955601710271211
-1.628179431109912
-1.4755060220747502
-1.0958953749723803
2.2699445938614504
-3.915615517179046
0.5181791209854012
3.3305377018601288
-2.1069256660960605
-0.759180658604041
3.6865306919502405
-6.302073844806019
4.05456984235866
0.9359935047601566
1.8623332420457155
0.2529119699420282
-4.575533435199529
9.95337849767644
0.8318056733438315
0.3845526041683966
3.5338963308819604
-1.653573330323555
0.798164721613859
3.8515877499070834
-1.87541542908097
-0.5322853889123221
0.2917450868169821
-0.5337096949123222
-0.031862640338733546
0.0
0.0
0.0
0.0
0.0
0.0
0.0
0.0
0.0
0.0
0.0
0.0
0.0
0.0
0.0
0.0
0.0
0.0
0.0
0.0
0.0
0.0
0.0
0.0
0.0
0.0
0.0
0.0
0.0
0.0
0.0
0.0
0.0
0.0
0.0
0.0
0.0
0.0
0.0
0.0
0.0
0.0
0.0
0.0
0.0
0.0
0.0
0.0
0.0
0.0
0.0
0.0
0.0
0.0
0.0
0.0
0.0
0.0
0.0
0.0
0.0
0.0
0.0
0.0
0.0
0.0
0.0
0.0
0.0
0.0
0.0
0.0
0.0
0.0
0.0
0.0
0.0
0.0
0.0
0.0
0.0
0.0
0.0
0.0
0.0
0.0
0.0
0.0
0.0
0.0
0.0
0.0
0.0
0.0
0.0
0.0
0.0
0.0
0.0
0.0
0.0
0.0
0.0
0.0
0.0
0.0
0.0
0.0
0.0
0.0
0.0
0.0
0.0
0.0
0.0
0.0
0.0
0.0
0.0
0.0
0.0
0.0
0.0
0.0
0.0
0.0
0.0
</W>
<b>
-2.6190579446108693
</b>
<info>
Training (X) File : /home/vibhatha/data/libsvm/webspam/webspam_isesvm_train_x_bin.148 
Training (Y) File : /home/vibhatha/data/libsvm/webspam/webspam_isesvm_train_y.148.bin 
Testing (X) File : /home/vibhatha/data/libsvm/webspam/webspam_isesvm_test_x_bin.148 
Testing (Y) File : /home/vibhatha/data/libsvm/webspam/webspam_isesvm_test_y.148.bin 
I/O Time : 132
Kernel Matrix Calculation : 0.239 s
</info>
