88.84892086330936
91.72661870503596
89.20863309352518
87.76978417266187
86.6906474820144
88.84892086330936
89.20863309352518
91.36690647482014
89.92805755395683
88.48920863309353
91.00719424460432
87.41007194244604
91.36690647482014
91.36690647482014
88.12949640287769
87.41007194244604
89.92805755395683
88.12949640287769
88.48920863309353
83.81294964028777
90.28776978417267
90.28776978417267
90.28776978417267
89.568345323741
87.41007194244604
88.84892086330936
90.64748201438849
87.76978417266187
88.48920863309353
91.00719424460432
88.84892086330936
89.20863309352518
89.568345323741
91.36690647482014
91.72661870503596
87.05035971223022
92.80575539568345
88.84892086330936
88.48920863309353
88.48920863309353
