91.48471615720524
90.61135371179039
88.75545851528385
89.95633187772926
89.8471615720524
91.8122270742358
85.91703056768559
88.20960698689956
93.01310043668121
88.8646288209607
89.95633187772926
91.26637554585153
91.37554585152839
90.06550218340611
92.24890829694323
93.3406113537118
86.79039301310044
91.8122270742358
89.95633187772926
91.37554585152839
90.39301310043668
89.8471615720524
92.35807860262008
88.20960698689956
89.19213973799127
90.17467248908298
91.37554585152839
90.06550218340611
90.61135371179039
91.48471615720524
89.95633187772926
90.61135371179039
93.44978165938865
91.5938864628821
91.8122270742358
89.51965065502183
90.39301310043668
91.70305676855895
91.48471615720524
92.13973799126637
