<model>
linear
</model>
<W>
0.0
0.0
0.0
0.0
0.0
0.0
0.0
0.0
-0.0034661380000000006
0.8050094401398002
6.494211265963721
0.0
0.0
-3.3653746609557222
0.0
0.0
0.0
0.0
0.0
0.0
0.0
0.0
0.0
0.0
0.0
0.0
1.9627400422717156
0.0
0.0
0.0
0.0
0.0
1.8815381436531093
0.0644034999026321
2.137068580295404
2.3024316374074076
-0.38856362777633424
-2.3709931050404847
-0.8937745109009251
-1.7743698727502168
-0.1801207954297245
-0.09484768542972435
-0.5392447499826706
-0.35813670619073423
0.3426834641440236
-0.1932376304325194
-4.7125846570907255
7.223761572639835
0.2996662647564903
0.20799729718692106
-0.3729588130875934
2.1937634827796795
0.8921545568079767
-2.0216600451547255
3.66182238538119
0.9346287220928241
3.18403960950597
-0.2866080688261775
0.5940138468189274
-2.3913715676107787
-0.31398601837036
-5.025639975573823
0.06624291089409162
-3.213660523209703
0.3503578927529425
4.321221577873491
0.6836729860884784
1.8774036184907812
0.014849134090374916
-1.959404592536175
-1.9541659326631624
0.470060286506893
-3.68382175098128
2.8508410845559506
-0.14443499655725167
-0.8461621343208432
-1.1896352798358945
-4.407398350717764
1.9958242657352263
-0.07642525057891802
0.9077375464656964
0.6944051616837026
2.82854609901423
4.606841201792528
-2.032246763493214
-1.9996277635318878
-1.2886813143676839
1.1087166224719123
-0.579270834400378
-1.7409578055333488
-1.5770070599856458
0.16452599748735472
0.768296559059665
0.1636730674873547
0.01691193107884479
2.9474413264778594
-0.024584924
2.251155066689914
-0.12090407328991895
-3.7301532486100673
-3.9472786086011205
-3.152430905967549
0.19430152026762235
-5.051548555592923
1.6386129055081669
8.153688571968495
-0.22578518247020885
0.17163785812449128
7.2630532795007126
-2.5681050598180226
4.237139898053473
-0.9730346205910854
3.0492192543410996
-1.1975068863637661
0.6796741319017356
6.33402586188011
2.815788375695946
-4.073493732178015
5.421051358850562
-4.189285371394861
1.28781058307692
3.677118207245945
-0.27619952901331263
0.2929170909888428
0.26927505505360466
0.3130300409888429
0.046795281
0.0
0.0
0.0
0.0
0.0
0.0
0.0
0.0
0.0
0.0
0.0
0.0
0.0
0.0
0.0
0.0
0.0
0.0
0.0
0.0
0.0
0.0
0.0
0.0
0.0
0.0
0.0
0.0
0.0
0.0
0.0
0.0
0.0
0.0
0.0
0.0
0.0
0.0
0.0
0.0
0.0
0.0
0.0
0.0
0.0
0.0
0.0
0.0
0.0
0.0
0.0
0.0
0.0
0.0
0.0
0.0
0.0
0.0
0.0
0.0
0.0
0.0
0.0
0.0
0.0
0.0
0.0
0.0
0.0
0.0
0.0
0.0
0.0
0.0
0.0
0.0
0.0
0.0
0.0
0.0
0.0
0.0
0.0
0.0
0.0
0.0
0.0
0.0
0.0
0.0
0.0
0.0
0.0
0.0
0.0
0.0
0.0
0.0
0.0
0.0
0.0
0.0
0.0
0.0
0.0
0.0
0.0
0.0
0.0
0.0
0.0
0.0
0.0
0.0
0.0
0.0
0.0
0.0
0.0
0.0
0.0
0.0
0.0
0.0
0.0
0.0
0.0
</W>
<b>
-5.844115766600728
</b>
<info>
Training (X) File : /home/vibhatha/data/libsvm/webspam/webspam_isesvm_train_x_bin.12 
Training (Y) File : /home/vibhatha/data/libsvm/webspam/webspam_isesvm_train_y.12.bin 
Testing (X) File : /home/vibhatha/data/libsvm/webspam/webspam_isesvm_test_x_bin.12 
Testing (Y) File : /home/vibhatha/data/libsvm/webspam/webspam_isesvm_test_y.12.bin 
I/O Time : 121
Kernel Matrix Calculation : 0.212 s
</info>
