<model>
linear
</model>
<W>
0.0
0.0
0.0
0.0
0.0
0.0
0.0
0.0
-0.008373023987494859
0.6324911764614083
7.020253653171711
0.0
0.0
-3.369755360391925
0.0
0.0
0.0
0.0
0.0
0.0
0.0
0.0
0.0
0.0
0.0
0.0
2.1801423451027757
0.0
0.0
0.0
0.0
0.0
2.4046357822531075
-0.35797495896363274
1.547627772470431
5.728806847051027
-0.6535213201078166
-3.6782682363583925
-0.6066980036208808
-3.330762092070199
0.46627686483626696
0.587523965820697
-1.4562321177710964
0.16037911783785513
-0.2535531432201139
-0.6282879871065647
-6.714762180315716
8.356348296664596
0.5954121708876547
1.3629215074705636
-2.038724889713932
5.237989279755037
1.6766610907802582
-4.956117730601758
6.127713486235237
1.0035694464526768
5.186341691036201
-0.6629250262612829
-0.19855004960115563
-4.903186263613723
-1.2667594076937352
-7.130074496489398
-0.4111723430806933
-5.788763446419138
0.794642392404837
8.307591820414858
0.8929289740704558
2.507812671521365
0.5944617040372662
-1.5251229151466745
-3.25271015471797
-1.4559405676326254
-4.769455650166351
4.725539079729602
-0.5293471968316447
-2.266881957488049
-3.0250666003134734
-9.200238117991873
2.9147192944377456
-0.6052274157606377
0.1828637542346998
1.9514070725902835
5.263162851292113
8.494630035987093
-4.17960881812173
-4.488860632746263
-3.5445471603960796
1.1165603782099425
-1.2239049777052848
-3.7849265737323536
-3.729375556216717
-0.16809469124537657
2.2205723577725314
-0.16818800955160373
0.12185324446840208
5.922740622256593
-0.07375477200000001
1.3146731527096742
-2.23947468666066
-4.6181235472473485
-4.8954641741299625
-5.936902730782348
1.4156399303147431
-7.953845012940107
5.957761444939163
9.643352412809648
-3.2507589850346705
1.6716756379647209
8.844472995168417
-2.560421851058279
6.443266363961678
-1.3508313553595466
3.7570040652515457
-2.091774088267035
1.7338809194078926
7.121043922949726
3.4709086685318717
-4.589491952966649
7.364300833083183
-4.5451372518114574
0.9480808575922534
6.050147745454968
0.11155375953819377
0.9772882084294868
1.908455658232702
1.0105068697979853
-0.031241108399643933
0.0
0.0
0.0
0.0
0.0
0.0
0.0
0.0
0.0
0.0
0.0
0.0
0.0
0.0
0.0
0.0
0.0
0.0
0.0
0.0
0.0
0.0
0.0
0.0
0.0
0.0
0.0
0.0
0.0
0.0
0.0
0.0
0.0
0.0
0.0
0.0
0.0
0.0
0.0
0.0
0.0
0.0
0.0
0.0
0.0
0.0
0.0
0.0
0.0
0.0
0.0
0.0
0.0
0.0
0.0
0.0
0.0
0.0
0.0
0.0
0.0
0.0
0.0
0.0
0.0
0.0
0.0
0.0
0.0
0.0
0.0
0.0
0.0
0.0
0.0
0.0
0.0
0.0
0.0
0.0
0.0
0.0
0.0
0.0
0.0
0.0
0.0
0.0
0.0
0.0
0.0
0.0
0.0
0.0
0.0
0.0
0.0
0.0
0.0
0.0
0.0
0.0
0.0
0.0
0.0
0.0
0.0
0.0
0.0
0.0
0.0
0.0
0.0
0.0
0.0
0.0
0.0
0.0
0.0
0.0
0.0
0.0
0.0
0.0
0.0
0.0
0.0
</W>
<b>
-6.078706583651616
</b>
<info>
Training (X) File : /home/vibhatha/data/libsvm/webspam/webspam_isesvm_train_x_bin.12 
Training (Y) File : /home/vibhatha/data/libsvm/webspam/webspam_isesvm_train_y.12.bin 
Testing (X) File : /home/vibhatha/data/libsvm/webspam/webspam_isesvm_test_x_bin.12 
Testing (Y) File : /home/vibhatha/data/libsvm/webspam/webspam_isesvm_test_y.12.bin 
I/O Time : 132
Kernel Matrix Calculation : 0.238 s
</info>
