89.44099378881988
72.04968944099379
83.85093167701864
80.74534161490683
74.53416149068323
77.01863354037268
72.67080745341616
80.12422360248446
78.88198757763976
83.22981366459628
77.63975155279503
81.36645962732919
79.5031055900621
79.5031055900621
81.36645962732919
81.98757763975155
74.53416149068323
79.5031055900621
81.36645962732919
80.74534161490683
78.26086956521739
74.53416149068323
83.85093167701864
78.88198757763976
78.26086956521739
86.33540372670807
80.12422360248446
76.3975155279503
82.6086956521739
83.85093167701864
79.5031055900621
80.74534161490683
75.77639751552795
83.22981366459628
81.98757763975155
82.6086956521739
77.01863354037268
81.36645962732919
79.5031055900621
83.85093167701864
