90.28776978417267
92.80575539568345
88.12949640287769
88.48920863309353
89.20863309352518
88.12949640287769
87.76978417266187
91.36690647482014
91.36690647482014
88.84892086330936
92.44604316546763
88.12949640287769
87.05035971223022
92.08633093525181
89.20863309352518
86.6906474820144
91.00719424460432
90.28776978417267
90.28776978417267
85.97122302158273
91.72661870503596
93.16546762589928
90.64748201438849
88.84892086330936
89.568345323741
90.64748201438849
86.6906474820144
88.12949640287769
90.64748201438849
91.72661870503596
91.36690647482014
88.12949640287769
89.92805755395683
92.44604316546763
89.92805755395683
91.00719424460432
92.08633093525181
91.72661870503596
87.76978417266187
90.64748201438849
