<model>
linear
</model>
<W>
0.0
-0.1628455
-0.16471725
-0.19279425
-0.140384
-0.14412775
-0.16471725
-0.16097375
-0.12915325
-1.7350472193749769
2.3481752354830627
-0.16097375
-0.14787125
-0.9835592309880731
-0.17781975
-0.2545625
-0.13851225
-0.17033275
-0.18343525
-0.14225575000000001
-0.14225575000000001
-0.15535849999999998
-0.166589
-0.17033275
-0.17220449999999998
-0.17407625000000002
4.919978096683273
-0.19092225000000002
-0.20589675
-0.20028125
-0.20402475
-0.20589675
0.609377550066446
-0.8316729796204931
5.3505638387501815
2.182619237202198
-0.043905990837439596
2.058599823857041
2.645298404576776
1.3999310248873915
3.7763845754994625
3.8093545228626207
1.4987250784173647
1.43791356404203
1.2146255989505832
3.498072570185713
-4.839547644595033
6.436129780153371
-1.288785618196671
4.793151273969716
0.11663240185714119
0.13934701650664666
-2.404385607131075
-3.330097525506897
-0.8808346211627818
-0.4732499316465587
5.187949859115588
4.167042677727398
-1.4482785272503118
3.715618719534899
-1.5485333027127517
-5.220974205119781
-1.4110487615274647
-2.754007651229797
-0.12876111594809195
3.1917172235214837
0.8675130265105887
-2.657553279060027
3.2044839764457924
-3.219697222140906
-7.080851681764078
0.7742927997647154
-0.8778914724676168
5.110942469465791
-2.0803631881025244
-2.1016805838030543
-0.3104936634570282
-8.993638347588188
0.642800180919261
-0.349089583631951
-4.114453046712162
0.680680673935846
1.4753460276207844
6.830472974585635
2.1324435131692328
-2.213757121960556
-1.344112925869651
-3.62742437547234
-0.7385062747640027
-1.8666176892561859
-1.9658569508417951
0.9108546224326116
1.3797123170685583
0.8635089724326116
-0.1537649168511254
4.140759471796908
-0.17335513626259128
7.575754018890788
-2.4347326017849733
1.8954797932132352
0.49353946204977905
-2.402766315349373
3.446820374246609
-10.067297048574426
-3.231940286996463
4.272490344288271
-2.1186182491362615
-5.1317225777904465
2.866627346494649
-6.6030303851999
4.959966872486081
-3.721164789258498
0.1323995414721737
-1.0459961050454964
-2.1801152522023175
9.712948991577202
2.8201864100028464
0.2373802159181545
6.112630496402137
-1.6296012265887236
-5.555470029448197
-2.3316794136381924
-0.08409847335173919
-1.3053858251456083
-0.4511873279984573
-1.3357160751456083
-0.4190473967546192
-0.220871
0.0
0.0
0.0
0.0
0.0
0.0
0.0
0.0
0.0
0.0
0.0
0.0
0.0
0.0
0.0
0.0
0.0
0.0
0.0
0.0
0.0
0.0
0.0
0.0
0.0
0.0
0.0
0.0
0.0
0.0
0.0
0.0
0.0
0.0
0.0
0.0
0.0
0.0
0.0
0.0
0.0
0.0
0.0
0.0
0.0
0.0
0.0
0.0
0.0
0.0
0.0
0.0
0.0
0.0
0.0
0.0
0.0
0.0
0.0
0.0
0.0
0.0
0.0
0.0
0.0
0.0
0.0
0.0
0.0
0.0
0.0
0.0
0.0
0.0
0.0
0.0
0.0
0.0
0.0
0.0
0.0
0.0
0.0
0.0
0.0
0.0
0.0
0.0
0.0
0.0
0.0
0.0
0.0
0.0
0.0
0.0
0.0
0.0
0.0
0.0
0.0
0.0
0.0
0.0
0.0
0.0
0.0
0.0
0.0
0.0
0.0
0.0
0.0
0.0
0.0
0.0
0.0
0.0
0.0
0.0
0.0
0.0
0.0
0.0
0.0
0.0
</W>
<b>
-4.54664647760999
</b>
<info>
Training (X) File : /home/vibhatha/data/libsvm/webspam/webspam_isesvm_train_x_bin.122 
Training (Y) File : /home/vibhatha/data/libsvm/webspam/webspam_isesvm_train_y.122.bin 
Testing (X) File : /home/vibhatha/data/libsvm/webspam/webspam_isesvm_test_x_bin.122 
Testing (Y) File : /home/vibhatha/data/libsvm/webspam/webspam_isesvm_test_y.122.bin 
I/O Time : 110
Kernel Matrix Calculation : 0.204 s
</info>
