<model>
linear
</model>
<W>
0.0
0.0
0.0
0.0
0.0
0.0
0.0
0.0
0.0
-1.6922075373291146
-0.35720496175049304
0.0
0.0
-3.7952194156032246
0.0
0.0
0.0
0.0
0.0
0.0
0.0
0.0
0.0
0.0
0.0
0.0
0.5232299910758422
0.0
0.0
0.0
0.0
0.0
-1.6761084592609452
1.8390089623082024
2.5969523574850557
1.0654823550809205
-0.7988280898692446
2.4290811515230306
-2.4428438764730727
-3.075144963962126
7.65626741069016
7.637428887778358
4.729683918266657
3.236591286923895
-5.769865582976887
7.923566393712072
4.887032345613711
9.209002662316859
-2.0840631579592337
1.3210759335807474
-1.4212864083843524
-1.6943137872678604
-4.777890939707914
1.4118663128391364
9.484970095228839
-1.5530517091558775
3.3882888005508605
3.307431220097531
0.13540065315675812
-4.6729053780050345
-2.4640226406909544
-8.387471789292913
-2.234550804650802
-5.209063176827009
1.4113525918025065
5.914818415825648
3.804492910487302
-7.077465150568789
-1.6225433757549712
-0.357756424179994
-6.255479643537537
3.288278793395816
-5.7335678226441225
-1.3232610941293133
0.605232507944701
0.7751573828697755
0.8523931512647881
-2.8449374475163007
3.815786617272576
-0.6060656135059034
-7.3449947641500515
-2.464590458742136
-3.2597996759132064
-0.022221238209612137
1.7715009316496766
-4.886803725230264
1.066664240332325
2.058733616471961
0.6947849388769707
-6.641324939188664
-0.6708270985477576
-1.4521815587773133
2.9432453462092587
-1.459063558777313
-0.23262251512164767
-4.441295605148506
-0.026781493033740483
4.63468755031053
-2.751353786776426
-1.9637524580110872
-1.4464213481180455
-5.229339745596963
2.9238523889537293
-6.665837418721026
-1.2495640031210744
4.480664939271418
0.9164222703713791
-9.366849194114137
5.919783820492137
-12.163947080235744
6.128762734896041
-2.7357750010228834
1.860550260505259
0.06754572165478376
-3.059305827417437
8.762663409105958
-3.0658326642048968
-0.978696230740756
10.90922540944377
0.4107537451568789
-0.06946493454355401
2.563152145913681
-2.8128088214043414
-1.5012249613698874
0.6161290143176296
-1.5016204613698871
0.060773028557104716
0.0
0.0
0.0
0.0
0.0
0.0
0.0
0.0
0.0
0.0
0.0
0.0
0.0
0.0
0.0
0.0
0.0
0.0
0.0
0.0
0.0
0.0
0.0
0.0
0.0
0.0
0.0
0.0
0.0
0.0
0.0
0.0
0.0
0.0
0.0
0.0
0.0
0.0
0.0
0.0
0.0
0.0
0.0
0.0
0.0
0.0
0.0
0.0
0.0
0.0
0.0
0.0
0.0
0.0
0.0
0.0
0.0
0.0
0.0
0.0
0.0
0.0
0.0
0.0
0.0
0.0
0.0
0.0
0.0
0.0
0.0
0.0
0.0
0.0
0.0
0.0
0.0
0.0
0.0
0.0
0.0
0.0
0.0
0.0
0.0
0.0
0.0
0.0
0.0
0.0
0.0
0.0
0.0
0.0
0.0
0.0
0.0
0.0
0.0
0.0
0.0
0.0
0.0
0.0
0.0
0.0
0.0
0.0
0.0
0.0
0.0
0.0
0.0
0.0
0.0
0.0
0.0
0.0
0.0
0.0
0.0
0.0
0.0
0.0
0.0
0.0
0.0
</W>
<b>
0.6391328912930452
</b>
<info>
Training (X) File : /home/vibhatha/data/libsvm/webspam/webspam_isesvm_train_x_bin.95 
Training (Y) File : /home/vibhatha/data/libsvm/webspam/webspam_isesvm_train_y.95.bin 
Testing (X) File : /home/vibhatha/data/libsvm/webspam/webspam_isesvm_test_x_bin.95 
Testing (Y) File : /home/vibhatha/data/libsvm/webspam/webspam_isesvm_test_y.95.bin 
I/O Time : 90
Kernel Matrix Calculation : 0.221 s
</info>
