90.64748201438849
89.568345323741
88.84892086330936
89.92805755395683
86.6906474820144
88.48920863309353
91.00719424460432
89.92805755395683
89.568345323741
87.76978417266187
90.28776978417267
89.568345323741
88.84892086330936
91.00719424460432
89.20863309352518
89.568345323741
89.20863309352518
89.92805755395683
88.48920863309353
83.45323741007195
88.12949640287769
91.00719424460432
89.20863309352518
88.84892086330936
88.48920863309353
88.12949640287769
92.44604316546763
86.33093525179856
89.568345323741
89.92805755395683
93.5251798561151
88.12949640287769
89.20863309352518
90.64748201438849
88.12949640287769
88.48920863309353
89.92805755395683
91.36690647482014
88.84892086330936
88.12949640287769
