91.00719424460432
92.80575539568345
88.84892086330936
88.48920863309353
88.84892086330936
87.76978417266187
87.76978417266187
88.84892086330936
89.92805755395683
87.41007194244604
89.568345323741
89.568345323741
89.20863309352518
89.20863309352518
89.92805755395683
88.12949640287769
91.36690647482014
89.568345323741
87.41007194244604
84.53237410071942
88.12949640287769
92.44604316546763
89.568345323741
88.48920863309353
88.48920863309353
87.76978417266187
88.84892086330936
85.61151079136691
85.97122302158273
93.88489208633094
92.08633093525181
87.05035971223022
87.05035971223022
89.568345323741
89.92805755395683
88.12949640287769
91.36690647482014
88.84892086330936
88.12949640287769
89.20863309352518
