<model>
linear
</model>
<W>
0.0
0.0
0.0
0.0
0.0
0.0
0.0
0.0
-2.66256E-4
-1.5296441288486853
-0.21319091207596802
0.0
0.0
-1.3412149443915278
0.0
0.0
0.0
0.0
0.0
0.0
0.0
0.0
0.0
0.0
0.0
0.0
1.8308233032876025
0.0
0.0
0.0
0.0
0.0
-1.1100926277576773
-0.09213948494229286
1.7118604902594907
0.08174769098242178
-0.016735592868912158
-0.4245756692807083
-0.6378334762263552
-0.693647510410379
0.8739205839240607
0.8716095339240606
0.06116426987818167
0.2478996570562839
-0.20852647486043208
0.20583186777997348
-0.5200244232634841
2.7454579160619446
-0.03581211162552066
0.2228760132541548
-0.4171926414881942
-0.40179202289692306
-0.1575023067723711
-0.21151902587676696
0.5450639209860696
-0.1626077796969282
0.19891739580572432
-0.05100291416342377
0.3758261155337768
0.253815817381355
-0.35887086529046097
-1.1962306125449627
-0.33143578442990473
-0.2237523474617003
0.15084565293495486
0.02741830151760109
-0.4507056296967715
-0.7549148254648753
-0.397245657043483
-1.1806293053112908
-1.2547658777572788
-0.3964466270332734
-0.5997299991763431
0.16947847250705345
-0.06078592628033541
-0.22811686026918468
-0.4107831499403798
-0.39207092980090497
-0.5368905676167023
-0.46983955913078596
-0.49873505108450555
-0.2161337599168355
-0.4309603217398634
0.4708062413143185
-0.9138995561585276
-0.6164168674495881
-0.1530533763760887
-0.15774721615859533
-0.16469279826619126
-0.46535991539471894
-0.39609398039556404
0.09769656336205097
0.06528568201163998
0.09686621836205096
0.00977403205100883
0.270790304047882
-5.3385278627562304E-5
1.2176660536010648
-0.12368846858336925
-0.43689394609428045
-1.9083388835866828
0.10771521481835872
0.1185876050023754
-0.8818937563098799
-0.4550145017237848
2.6551709417633518
-0.3394156508286883
-0.33416160519056093
2.2127545077118738
-2.183569034345989
2.6149372098192343
-1.116766700031778
1.3962017535608597
-0.09828349947654767
-0.581184319893041
3.9834140204935764
0.00347744720484644
-0.6399111686853699
1.5591275723984763
-0.6884129874175187
-0.0372339466855997
0.041125562996362316
-0.14331766782779856
0.055814392555765945
0.28412067722210543
0.05594359255576595
-0.016020995623823437
0.0
0.0
0.0
0.0
0.0
0.0
0.0
0.0
0.0
0.0
0.0
0.0
0.0
0.0
0.0
0.0
0.0
0.0
0.0
0.0
0.0
0.0
0.0
0.0
0.0
0.0
0.0
0.0
0.0
0.0
0.0
0.0
0.0
0.0
0.0
0.0
0.0
0.0
0.0
0.0
0.0
0.0
0.0
0.0
0.0
0.0
0.0
0.0
0.0
0.0
0.0
0.0
0.0
0.0
0.0
0.0
0.0
0.0
0.0
0.0
0.0
0.0
0.0
0.0
0.0
0.0
0.0
0.0
0.0
0.0
0.0
0.0
0.0
0.0
0.0
0.0
0.0
0.0
0.0
0.0
0.0
0.0
0.0
0.0
0.0
0.0
0.0
0.0
0.0
0.0
0.0
0.0
0.0
0.0
0.0
0.0
0.0
0.0
0.0
0.0
0.0
0.0
0.0
0.0
0.0
0.0
0.0
0.0
0.0
0.0
0.0
0.0
0.0
0.0
0.0
0.0
0.0
0.0
0.0
0.0
0.0
0.0
0.0
0.0
0.0
0.0
0.0
</W>
<b>
-1.1146045582946895
</b>
<info>
Training (X) File : /home/vibhatha/data/libsvm/webspam/webspam_isesvm_train_x_bin.377 
Training (Y) File : /home/vibhatha/data/libsvm/webspam/webspam_isesvm_train_y.377.bin 
Testing (X) File : /home/vibhatha/data/libsvm/webspam/webspam_isesvm_test_x_bin.377 
Testing (Y) File : /home/vibhatha/data/libsvm/webspam/webspam_isesvm_test_y.377.bin 
I/O Time : 145
Kernel Matrix Calculation : 0.21 s
</info>
