<model>
linear
</model>
<W>
0.0
0.0
0.0
0.0
0.0
0.0
0.0
0.0
0.0
-0.9984090899560915
-0.27176091835606975
0.0
0.0
-3.0410033436293467
0.0
0.0
0.0
0.0
0.0
0.0
0.0
0.0
0.0
0.0
0.0
0.0
0.7750625118596141
0.0
0.0
0.0
0.0
0.0
-1.8170964825103288
-1.595685144429634
7.571028652852767
2.046875176141529
-0.6753958048786655
0.7563906076903746
-1.7049253513310345
-2.7104788043852643
5.210233174906243
5.286004209601506
-3.0834952800519857
0.39977395367700785
-2.4496257837628796
3.3104149234355305
-3.4844390429788232
6.570622311464804
-1.9600525103701993
-2.8691969079941257
3.1678664588904684
-3.0321848438056165
-7.027704368222002
-4.182521502592348
10.185037512629872
0.8508623474083448
2.7121609081792406
4.230133077907215
13.61835620511019
3.503176475184344
-2.544539923397
-9.284850417702783
-2.396720862761515
-2.848927822912972
2.438441384933286
7.161651392956519
-1.5969722867310197
-4.399563515263347
-0.22392656754143828
-3.795757313692085
-11.38427451551003
-1.1471710262029469
0.9889329443265773
3.6597142542495495
2.1808542714458574
-4.379933293782334
3.3021427785359454
-5.531055592005493
0.21397872440870108
-1.6998365977423007
-5.673555378414341
-3.028413892729639
-0.3029623545281205
9.52993943818297
-4.2566652234667055
-1.0081412019760032
-3.4268136361304657
0.3549097957639764
-0.4986949494091235
-2.54530962333241
-2.67864387206151
2.880776873477975
-2.4340626589322727
2.880776873477975
-0.06985333666309233
2.3777977289338494
0.03784522647624906
4.117171801277787
-1.5539504032667044
-4.978574013162154
-4.884008670491653
-0.8145548126971206
-1.3174533607969643
-4.505795922271692
5.448384676359058
3.921462233974117
-1.8158920855259124
-7.979637465281817
3.4690932838640673
-13.90813714723328
1.6078473732255174
0.44089038163696925
-2.038482535434876
3.6992831987968517
3.3772131619167873
8.479574683484206
-4.301493816685175
-0.7391070445982945
8.98676857722593
-10.58221393410799
0.03682746099912074
2.6142979613548736
-5.687441251521377
-0.803519393125274
0.4483102923821354
-0.803519393125274
-1.5700787185973755
0.0
0.0
0.0
0.0
0.0
0.0
0.0
0.0
0.0
0.0
0.0
0.0
0.0
0.0
0.0
0.0
0.0
0.0
0.0
0.0
0.0
0.0
0.0
0.0
0.0
0.0
0.0
0.0
0.0
0.0
0.0
0.0
0.0
0.0
0.0
0.0
0.0
0.0
0.0
0.0
0.0
0.0
0.0
0.0
0.0
0.0
0.0
0.0
0.0
0.0
0.0
0.0
0.0
0.0
0.0
0.0
0.0
0.0
0.0
0.0
0.0
0.0
0.0
0.0
0.0
0.0
0.0
0.0
0.0
0.0
0.0
0.0
0.0
0.0
0.0
0.0
0.0
0.0
0.0
0.0
0.0
0.0
0.0
0.0
0.0
0.0
0.0
0.0
0.0
0.0
0.0
0.0
0.0
0.0
0.0
0.0
0.0
0.0
0.0
0.0
0.0
0.0
0.0
0.0
0.0
0.0
0.0
0.0
0.0
0.0
0.0
0.0
0.0
0.0
0.0
0.0
0.0
0.0
0.0
0.0
0.0
0.0
0.0
0.0
0.0
0.0
0.0
</W>
<b>
0.3203100243666465
</b>
<info>
Training (X) File : /home/vibhatha/data/libsvm/webspam/webspam_isesvm_train_x_bin.62 
Training (Y) File : /home/vibhatha/data/libsvm/webspam/webspam_isesvm_train_y.62.bin 
Testing (X) File : /home/vibhatha/data/libsvm/webspam/webspam_isesvm_test_x_bin.62 
Testing (Y) File : /home/vibhatha/data/libsvm/webspam/webspam_isesvm_test_y.62.bin 
I/O Time : 148
Kernel Matrix Calculation : 0.257 s
</info>
