<model>
linear
</model>
<W>
0.0
0.0
0.0
0.0
0.0
0.0
0.0
0.0
-8.802689999999999E-4
-1.7103471387498446
-0.48628055043063256
0.0
0.0
-0.7761115577096843
0.0
0.0
0.0
0.0
0.0
0.0
0.0
0.0
0.0
0.0
0.0
0.0
2.752327071862158
0.0
0.0
0.0
0.0
0.0
0.6425525662811815
0.178060166217538
2.079368096998759
0.23737044292110554
-0.010532131565628395
0.2887624086534973
-1.9799657470514158
-2.639081309678154
1.3963320847297431
1.3896547429726633
0.06877926457914979
0.08311064566752197
-0.1750848462370881
3.5981413965842637
-1.2783415143268149
5.424167565349674
0.5999785531484352
0.27739535493737555
-0.06896056631700825
-0.9095208701894439
-0.6281664365512156
0.1011872582115548
0.7378899518422027
0.110793110076226
0.7693899636911571
0.7739109122448498
1.6966142494693661
1.0743205106942812
-0.3392910498054247
-3.070479020433365
-0.34179373923964906
-1.1437500349078684
0.19081001044113327
0.12632011552639089
-0.17717491485023626
-1.3549732617539902
-0.1895426834226676
-2.379999778212687
-1.8282987190649655
0.19407661989777986
-0.4156693415292017
0.8904064447594667
0.12495034178371528
-0.3820898272982212
0.055853315747071794
-1.3255095258399876
-0.25443669159563254
-0.2038318762383523
0.16535858803412531
0.2909557946817297
1.2094412607205847
1.8321116559450858
0.10155798912593447
-0.11733896846742363
0.01987393636123016
0.15198145186497364
-0.26327437967239464
-0.6671690085207774
-0.20121366481851355
0.22519251785483707
-0.6054932157494016
0.22304439785483704
-0.037635727945942575
0.3986297181578852
-3.968820000000011E-4
2.0353665288322436
-0.8506510281890626
-0.849948729995196
-1.39442308431979
-0.4130710938998159
1.4385431870097989
-0.3515325050091068
-0.5057323764906225
3.241800994352401
-0.4198581131216484
-0.6666122641411975
3.728663143659242
-2.420910003401444
3.316149052581475
-0.7980131330068593
2.561470207380331
-0.1875108662912029
-2.714044717583803
4.747218726010374
1.859808030026431
-0.14279081313853065
2.53678571794607
-0.9339994071263953
-0.4527696634024509
0.21010339287110458
0.11357718005355089
0.13694946404858416
0.2543103631045371
0.13751466404858415
-0.00166998664613184
0.0
0.0
0.0
0.0
0.0
0.0
0.0
0.0
0.0
0.0
0.0
0.0
0.0
0.0
0.0
0.0
0.0
0.0
0.0
0.0
0.0
0.0
0.0
0.0
0.0
0.0
0.0
0.0
0.0
0.0
0.0
0.0
0.0
0.0
0.0
0.0
0.0
0.0
0.0
0.0
0.0
0.0
0.0
0.0
0.0
0.0
0.0
0.0
0.0
0.0
0.0
0.0
0.0
0.0
0.0
0.0
0.0
0.0
0.0
0.0
0.0
0.0
0.0
0.0
0.0
0.0
0.0
0.0
0.0
0.0
0.0
0.0
0.0
0.0
0.0
0.0
0.0
0.0
0.0
0.0
0.0
0.0
0.0
0.0
0.0
0.0
0.0
0.0
0.0
0.0
0.0
0.0
0.0
0.0
0.0
0.0
0.0
0.0
0.0
0.0
0.0
0.0
0.0
0.0
0.0
0.0
0.0
0.0
0.0
0.0
0.0
0.0
0.0
0.0
0.0
0.0
0.0
0.0
0.0
0.0
0.0
0.0
0.0
0.0
0.0
0.0
0.0
</W>
<b>
-3.273833951660869
</b>
<info>
Training (X) File : /home/vibhatha/data/libsvm/webspam/webspam_isesvm_train_x_bin.146 
Training (Y) File : /home/vibhatha/data/libsvm/webspam/webspam_isesvm_train_y.146.bin 
Testing (X) File : /home/vibhatha/data/libsvm/webspam/webspam_isesvm_test_x_bin.146 
Testing (Y) File : /home/vibhatha/data/libsvm/webspam/webspam_isesvm_test_y.146.bin 
I/O Time : 109
Kernel Matrix Calculation : 0.198 s
</info>
