<model>
linear
</model>
<W>
0.0
0.0
0.0
0.0
0.0
0.0
0.0
0.0
0.0
-0.8976457695401795
2.4911685260572978
0.0
0.0
-2.274682071348979
0.0
0.0
0.0
0.0
0.0
0.0
0.0
0.0
0.0
0.0
0.0
0.0
2.4326210864879125
0.0
0.0
0.0
0.0
0.0
0.4377040684873048
-0.8325539626260263
4.870765625895707
0.7313164872577246
-0.07067418201445907
-0.866300804698165
-1.1659209724572928
-1.4542583794005095
1.1703988679219892
1.2420744279219893
-2.760261810820836
-0.20071184085525112
0.364452571182567
3.3013999356850032
1.5451702122038329
7.868787897802559
-0.493712200323309
2.823556474776437
1.8185030530401622
-0.7817054094716291
-0.784861165263162
-0.685770055879571
3.5001296323528632
0.7703372985202385
1.1319383562216585
1.434578991757375
2.0433946202233297
0.4136190630550033
-2.7755744208190913
-7.7990401653556685
-2.5272817734002846
-1.9482131558334985
0.5137518697116866
0.5319363826798249
-1.5278844956359228
-1.6610886066881758
-0.2753432400959137
0.4494383301569158
-3.1429723063228794
-1.4490650195726236
-1.3281683611336625
0.4372573964394825
-0.7926290364544798
-0.4239333601806236
-1.7296652137198574
-1.43605498643611
-0.07017500300424628
-1.0549330319304724
-1.6912764931361373
-0.18293301612566754
1.403373610452034
2.925851714625614
-0.9591635500844575
0.29474771618397877
1.8118922897809473
-1.523439541493412
-0.6702713255359447
-1.0589573616762944
-1.9626901341271017
0.5411481609248908
0.048356011095993856
0.5450717729248908
0.0907050452
3.4624293687265184
0.01579558651080835
2.454883995652681
-0.8895430170960408
-1.7210594511349624
-0.5360155492294176
0.3264180516994486
1.6857451484800072
-3.608450287241204
-0.2800356664405017
2.705454313607805
-2.0402542818853293
0.316829217106943
2.4118219589586514
-7.239349413921448
4.922111295925111
0.1399846630768541
1.0599195458475914
-0.8263330709151739
-2.9744870276090185
8.526497242615182
-0.34046703755270813
-0.26710437280484567
4.962682300661924
-1.571354682669594
-0.5186658249487968
-1.7254931243842568
-0.0917768966013488
-0.7504682757739105
0.35804468105017884
-0.7571417117739105
-0.091435388
0.0
0.0
0.0
0.0
0.0
0.0
0.0
0.0
0.0
0.0
0.0
0.0
0.0
0.0
0.0
0.0
0.0
0.0
0.0
0.0
0.0
0.0
0.0
0.0
0.0
0.0
0.0
0.0
0.0
0.0
0.0
0.0
0.0
0.0
0.0
0.0
0.0
0.0
0.0
0.0
0.0
0.0
0.0
0.0
0.0
0.0
0.0
0.0
0.0
0.0
0.0
0.0
0.0
0.0
0.0
0.0
0.0
0.0
0.0
0.0
0.0
0.0
0.0
0.0
0.0
0.0
0.0
0.0
0.0
0.0
0.0
0.0
0.0
0.0
0.0
0.0
0.0
0.0
0.0
0.0
0.0
0.0
0.0
0.0
0.0
0.0
0.0
0.0
0.0
0.0
0.0
0.0
0.0
0.0
0.0
0.0
0.0
0.0
0.0
0.0
0.0
0.0
0.0
0.0
0.0
0.0
0.0
0.0
0.0
0.0
0.0
0.0
0.0
0.0
0.0
0.0
0.0
0.0
0.0
0.0
0.0
0.0
0.0
0.0
0.0
0.0
0.0
</W>
<b>
-3.238568687994622
</b>
<info>
Training (X) File : /home/vibhatha/data/libsvm/webspam/webspam_isesvm_train_x_bin.182 
Training (Y) File : /home/vibhatha/data/libsvm/webspam/webspam_isesvm_train_y.182.bin 
Testing (X) File : /home/vibhatha/data/libsvm/webspam/webspam_isesvm_test_x_bin.182 
Testing (Y) File : /home/vibhatha/data/libsvm/webspam/webspam_isesvm_test_y.182.bin 
I/O Time : 131
Kernel Matrix Calculation : 0.247 s
</info>
