88.48920863309353
89.20863309352518
86.6906474820144
85.61151079136691
87.76978417266187
86.33093525179856
87.76978417266187
88.48920863309353
87.41007194244604
84.89208633093526
89.568345323741
85.25179856115108
86.6906474820144
89.20863309352518
85.61151079136691
85.97122302158273
88.48920863309353
87.05035971223022
87.41007194244604
80.93525179856115
86.33093525179856
89.92805755395683
89.568345323741
89.20863309352518
87.05035971223022
85.97122302158273
88.48920863309353
84.89208633093526
85.97122302158273
88.48920863309353
89.568345323741
86.33093525179856
85.61151079136691
87.41007194244604
88.12949640287769
87.05035971223022
89.568345323741
89.20863309352518
87.76978417266187
89.568345323741
