91.00719424460432
91.36690647482014
87.41007194244604
89.568345323741
88.48920863309353
88.12949640287769
87.05035971223022
87.41007194244604
91.72661870503596
87.41007194244604
90.64748201438849
88.48920863309353
89.20863309352518
88.48920863309353
88.84892086330936
89.568345323741
88.84892086330936
86.6906474820144
88.84892086330936
84.89208633093526
91.72661870503596
91.36690647482014
88.84892086330936
88.48920863309353
87.41007194244604
90.64748201438849
85.97122302158273
87.76978417266187
86.6906474820144
93.5251798561151
93.16546762589928
87.76978417266187
88.48920863309353
87.41007194244604
89.568345323741
87.41007194244604
91.36690647482014
87.41007194244604
85.97122302158273
88.12949640287769
