<model>
linear
</model>
<W>
0.0
0.0
0.0
0.0
0.0
0.0
0.0
0.0
0.0
-1.5205588521093587
-0.7994488676725322
0.0
0.0
-0.6978280762797617
0.0
0.0
0.0
0.0
0.0
0.0
0.0
0.0
0.0
0.0
0.0
0.0
3.520109620643945
0.0
0.0
0.0
0.0
0.0
0.3227877972049962
0.05549057673110925
4.030596731524815
1.3038070183644137
-0.1210990880077289
0.44326702827154135
-0.8377847477395408
-0.6609181954907524
2.6229251695052453
2.618736053093062
1.5805979584941088
0.9747710925567747
-0.05441817236624488
3.3338514976371405
-3.067652951468203
8.417247316740163
-2.041806314696538
2.9445088306695917
2.2248500443399726
-0.06476700447752615
-1.5849196847011946
-2.078186670096888
2.8993245431367742
1.437413929174413
0.5833962953472983
1.1086173232512
3.184074822978581
-1.1004472379313408
-1.7033531259034271
-5.8504596384711345
-1.6783278172235478
-1.5279446015498395
0.6326452565343915
0.7537188163311325
0.2062342439017152
-2.382193414232678
1.9573251427354572
-3.0923473715894265
-3.2355208666499116
0.831379904124017
-1.6380758378613285
0.7113055232672778
-0.6727038106903135
-1.8388245083694164
-1.6952358423309324
-3.81478095505261
-0.5979786342526937
-1.9761036575505293
-2.0506123396341094
-1.338389400379554
1.7481980957518994
1.1596921924995809
0.5254717762193598
-1.7837013763808436
-0.5647749662937361
0.08313372667074956
-0.6670078788375392
-2.731232646536671
-1.9237031281178483
0.18639433893330848
0.27810908733258516
0.18802936893330846
-0.014089526565658424
2.282031768817162
0.01545908777906183
4.482254275455215
-3.1654990485685253
-1.457438946064632
-3.169499059077774
0.665617593766358
1.2128985435082495
-2.794498073049943
0.9212953863750529
4.4245834870244565
-0.5269060534236306
-1.3715906209977586
3.8215038156674193
-5.057579292195523
2.9580872587003846
0.3017088337240852
0.22578080572444936
-0.5392383001835194
-3.1110964271474844
6.794234303835061
-1.3405372519669867
-1.715172125824203
4.940309869898041
-0.32681365119625744
1.4363087324752595
-0.8109381156711795
-0.5275928024642543
-0.6975942824926123
0.7552152357592867
-0.7009658354926124
-0.020671875
0.0
0.0
0.0
0.0
0.0
0.0
0.0
0.0
0.0
0.0
0.0
0.0
0.0
0.0
0.0
0.0
0.0
0.0
0.0
0.0
0.0
0.0
0.0
0.0
0.0
0.0
0.0
0.0
0.0
0.0
0.0
0.0
0.0
0.0
0.0
0.0
0.0
0.0
0.0
0.0
0.0
0.0
0.0
0.0
0.0
0.0
0.0
0.0
0.0
0.0
0.0
0.0
0.0
0.0
0.0
0.0
0.0
0.0
0.0
0.0
0.0
0.0
0.0
0.0
0.0
0.0
0.0
0.0
0.0
0.0
0.0
0.0
0.0
0.0
0.0
0.0
0.0
0.0
0.0
0.0
0.0
0.0
0.0
0.0
0.0
0.0
0.0
0.0
0.0
0.0
0.0
0.0
0.0
0.0
0.0
0.0
0.0
0.0
0.0
0.0
0.0
0.0
0.0
0.0
0.0
0.0
0.0
0.0
0.0
0.0
0.0
0.0
0.0
0.0
0.0
0.0
0.0
0.0
0.0
0.0
0.0
0.0
0.0
0.0
0.0
0.0
0.0
</W>
<b>
-2.873805290910477
</b>
<info>
Training (X) File : /home/vibhatha/data/libsvm/webspam/webspam_isesvm_train_x_bin.190 
Training (Y) File : /home/vibhatha/data/libsvm/webspam/webspam_isesvm_train_y.190.bin 
Testing (X) File : /home/vibhatha/data/libsvm/webspam/webspam_isesvm_test_x_bin.190 
Testing (Y) File : /home/vibhatha/data/libsvm/webspam/webspam_isesvm_test_y.190.bin 
I/O Time : 124
Kernel Matrix Calculation : 0.246 s
</info>
