90.28776978417267
89.568345323741
89.92805755395683
89.568345323741
87.05035971223022
88.12949640287769
90.28776978417267
91.00719424460432
89.568345323741
88.84892086330936
89.568345323741
86.6906474820144
88.48920863309353
90.28776978417267
88.48920863309353
88.84892086330936
90.64748201438849
88.84892086330936
89.568345323741
85.25179856115108
89.20863309352518
89.92805755395683
89.568345323741
88.84892086330936
86.6906474820144
86.33093525179856
89.568345323741
86.6906474820144
87.41007194244604
89.568345323741
93.5251798561151
87.41007194244604
87.41007194244604
86.6906474820144
90.28776978417267
86.6906474820144
92.08633093525181
90.28776978417267
88.48920863309353
88.48920863309353
