<model>
gaussian
</model>
<W>
4.08006961549745E-15
4.08006961549745E-15
4.08006961549745E-15
4.08006961549745E-15
4.08006961549745E-15
4.08006961549745E-15
4.08006961549745E-15
4.08006961549745E-15
4.08006961549745E-15
-1.0764676931316806
-4.3089643988016855
4.08006961549745E-15
4.08006961549745E-15
-0.09916012274191338
4.08006961549745E-15
4.08006961549745E-15
4.08006961549745E-15
4.08006961549745E-15
4.08006961549745E-15
4.08006961549745E-15
4.08006961549745E-15
4.08006961549745E-15
4.08006961549745E-15
4.08006961549745E-15
4.08006961549745E-15
4.08006961549745E-15
0.15729185834253964
4.08006961549745E-15
4.08006961549745E-15
4.08006961549745E-15
4.08006961549745E-15
4.08006961549745E-15
-2.4380038842512732
0.0044087864673217625
-3.2506182652008175
-0.22549359525033577
0.014357009055111364
0.36215778115240355
0.6090953356980192
1.341288174454482
-0.7419135587102564
-0.7411786370514383
-0.02109419891438105
0.02537218483012768
1.0948436382983844
-0.17595792675722902
-0.5327699720423039
-6.77106528613864
-1.9192072242857239
-2.4915195370214103
-1.331143832351596
0.7540176641637478
0.750003124220506
-0.45709925038433447
-1.2784123156495482
0.09559678568581784
-0.5769562980440467
-0.3276471142441805
-0.584024800045872
-0.5662060249111848
-0.007414224571787127
2.3069837581707877
-0.10979389188914138
0.11085713901536795
-0.01926887580175976
-2.6390685251548915
0.12508788104925425
-1.6496454239948668
0.4294858423993469
1.222980760985497
-0.6758476076177858
-0.7056357875200335
3.2364099658933267
-1.6671642201539583
0.02423398044820732
0.06724314811897489
1.5078550840321907
2.2851938622322643
-1.5001232537237175
-0.9499698196384413
0.9486307183269306
0.2304997713649529
-1.8570478983796668
-0.7432129910154165
-2.765358817294342
0.38841066965819465
0.9167719551554546
0.25196787839544094
0.26915304562240167
0.8187842148334626
0.3022056301872619
-0.03821944783738776
-0.011276806810666257
-0.03817218009369175
0.003375753139149923
0.9021264902967824
-2.2917154852974964E-6
-3.6821224994317876
0.2860577424610207
3.4565803960400676
2.592762443299645
0.6706575920637853
-3.720343527210336
5.232504340027772
2.784296610113405
-5.1273894968682505
0.4335274588683516
2.145698779336801
-1.3918446376765927
5.406721764515186
-5.601209498964954
0.800005356258485
-1.9984568478100395
0.018417324520097894
0.9890281815763982
-7.669362450215482
-1.3993194830083833
0.18877747535431819
-2.627088040668227
1.9740509221606382
-0.7336438259784129
0.28163493534388856
0.3135895876708853
-0.0996838650823916
-0.03731715015763318
-0.09939209217500303
-4.44306256030258E-5
4.08006961549745E-15
4.08006961549745E-15
4.08006961549745E-15
4.08006961549745E-15
4.08006961549745E-15
4.08006961549745E-15
4.08006961549745E-15
4.08006961549745E-15
4.08006961549745E-15
4.08006961549745E-15
4.08006961549745E-15
4.08006961549745E-15
4.08006961549745E-15
4.08006961549745E-15
4.08006961549745E-15
4.08006961549745E-15
4.08006961549745E-15
4.08006961549745E-15
4.08006961549745E-15
4.08006961549745E-15
4.08006961549745E-15
4.08006961549745E-15
4.08006961549745E-15
4.08006961549745E-15
4.08006961549745E-15
4.08006961549745E-15
4.08006961549745E-15
4.08006961549745E-15
4.08006961549745E-15
4.08006961549745E-15
4.08006961549745E-15
4.08006961549745E-15
4.08006961549745E-15
4.08006961549745E-15
4.08006961549745E-15
4.08006961549745E-15
4.08006961549745E-15
4.08006961549745E-15
4.08006961549745E-15
4.08006961549745E-15
4.08006961549745E-15
4.08006961549745E-15
4.08006961549745E-15
4.08006961549745E-15
4.08006961549745E-15
4.08006961549745E-15
4.08006961549745E-15
4.08006961549745E-15
4.08006961549745E-15
4.08006961549745E-15
4.08006961549745E-15
4.08006961549745E-15
4.08006961549745E-15
4.08006961549745E-15
4.08006961549745E-15
4.08006961549745E-15
4.08006961549745E-15
4.08006961549745E-15
4.08006961549745E-15
4.08006961549745E-15
4.08006961549745E-15
4.08006961549745E-15
4.08006961549745E-15
4.08006961549745E-15
4.08006961549745E-15
4.08006961549745E-15
4.08006961549745E-15
4.08006961549745E-15
4.08006961549745E-15
4.08006961549745E-15
4.08006961549745E-15
4.08006961549745E-15
4.08006961549745E-15
4.08006961549745E-15
4.08006961549745E-15
4.08006961549745E-15
4.08006961549745E-15
4.08006961549745E-15
4.08006961549745E-15
4.08006961549745E-15
4.08006961549745E-15
4.08006961549745E-15
4.08006961549745E-15
4.08006961549745E-15
4.08006961549745E-15
4.08006961549745E-15
4.08006961549745E-15
4.08006961549745E-15
4.08006961549745E-15
4.08006961549745E-15
4.08006961549745E-15
4.08006961549745E-15
4.08006961549745E-15
4.08006961549745E-15
4.08006961549745E-15
4.08006961549745E-15
4.08006961549745E-15
4.08006961549745E-15
4.08006961549745E-15
4.08006961549745E-15
4.08006961549745E-15
4.08006961549745E-15
4.08006961549745E-15
4.08006961549745E-15
4.08006961549745E-15
4.08006961549745E-15
4.08006961549745E-15
4.08006961549745E-15
4.08006961549745E-15
4.08006961549745E-15
4.08006961549745E-15
4.08006961549745E-15
4.08006961549745E-15
4.08006961549745E-15
4.08006961549745E-15
4.08006961549745E-15
4.08006961549745E-15
4.08006961549745E-15
4.08006961549745E-15
4.08006961549745E-15
4.08006961549745E-15
4.08006961549745E-15
4.08006961549745E-15
4.08006961549745E-15
4.08006961549745E-15
4.08006961549745E-15
4.08006961549745E-15
</W>
<b>
25.002065486169936
</b>
<info>
Training (X) File : /home/vibhatha/data/libsvm/webspam/webspam_isesvm_train_x_bin.23 
Training (Y) File : /home/vibhatha/data/libsvm/webspam/webspam_isesvm_train_y.23.bin 
Testing (X) File : /home/vibhatha/data/libsvm/webspam/webspam_isesvm_test_x_bin.23 
Testing (Y) File : /home/vibhatha/data/libsvm/webspam/webspam_isesvm_test_y.23.bin 
I/O Time : 121
Kernel Matrix Calculation : 0.0 s
</info>
