<model>
gaussian
</model>
<W>
3.730349362740526E-14
3.730349362740526E-14
3.730349362740526E-14
3.730349362740526E-14
3.730349362740526E-14
3.730349362740526E-14
3.730349362740526E-14
3.730349362740526E-14
3.730349362740526E-14
-0.7131935211897868
-4.291187129559974
3.730349362740526E-14
3.730349362740526E-14
1.46080848931709
3.730349362740526E-14
3.730349362740526E-14
3.730349362740526E-14
3.730349362740526E-14
3.730349362740526E-14
3.730349362740526E-14
3.730349362740526E-14
3.730349362740526E-14
3.730349362740526E-14
3.730349362740526E-14
3.730349362740526E-14
3.730349362740526E-14
-1.195649791561447
3.730349362740526E-14
3.730349362740526E-14
3.730349362740526E-14
3.730349362740526E-14
3.730349362740526E-14
-2.4791398875944877
-0.00175517202042208
-3.4910544225504063
0.16047526817032143
0.0016712412146926425
-1.0679801056565559
-0.6395990663344282
2.3265605556908877
-1.1335785916542829
-1.1347411260625702
0.18133069212495734
-0.03364950486925444
0.9460904089324043
-0.9364891804045268
-0.7640700740803297
-8.047496575744594
0.778043540998846
-2.4240080507993254
-0.623825628225763
-0.648124436891937
0.18840224701342478
-0.778149518649295
-0.8467055857216241
-0.2752909208785397
-0.49405445353767874
-0.8615768082850277
-0.7647657693895908
0.17962735023334453
0.5377993726546038
1.4032483684993746
0.46930918838895685
0.08750720984610894
-0.0427202146422605
-1.2556226060512987
-0.027891692535682466
0.6556496352994792
-1.1495912286738026
1.9543196222444994
0.9153205292553199
0.49744132307887945
-0.3815925079376825
0.2316336771056644
0.16766255006631425
-0.039565545253855916
-0.02074316448680058
0.8342048553526098
1.1122728320211657
0.45931319468578735
1.239948149131191
-0.18926892542446971
0.4671554462303291
0.6065287554126151
1.252465973036566
0.47659665102171367
0.16344353754565155
-0.031825729677780856
0.1907421105135132
0.2128066235909163
0.544124603169557
0.023434331138343367
0.010306245357893928
0.02345649395629934
3.954591540455965E-5
-2.974120262287242
3.060733243742675E-6
-2.888987579826538
-0.5036554963146713
-1.0886932573725225
1.4865128982904956
-0.9042166601735184
-4.208403197185095
5.910280697347151
0.5312487090894997
-2.2341865307342994
0.2611381203323315
-0.017809091260824417
-2.558063364153174
5.180419995365492
-5.676944461916626
2.520910298863214
-0.41929680933430546
-0.15370865269414935
4.2294292740639445
-7.756132672523511
-1.9321185818050886
0.34657310243130723
-3.4436809546920104
1.427419053559106
-0.1378803101717061
1.1293704039825503
0.16317377887335383
0.011890572768676222
0.04008059470950087
0.012295793223108475
0.008130280395187484
3.730349362740526E-14
3.730349362740526E-14
3.730349362740526E-14
3.730349362740526E-14
3.730349362740526E-14
3.730349362740526E-14
3.730349362740526E-14
3.730349362740526E-14
3.730349362740526E-14
3.730349362740526E-14
3.730349362740526E-14
3.730349362740526E-14
3.730349362740526E-14
3.730349362740526E-14
3.730349362740526E-14
3.730349362740526E-14
3.730349362740526E-14
3.730349362740526E-14
3.730349362740526E-14
3.730349362740526E-14
3.730349362740526E-14
3.730349362740526E-14
3.730349362740526E-14
3.730349362740526E-14
3.730349362740526E-14
3.730349362740526E-14
3.730349362740526E-14
3.730349362740526E-14
3.730349362740526E-14
3.730349362740526E-14
3.730349362740526E-14
3.730349362740526E-14
3.730349362740526E-14
3.730349362740526E-14
3.730349362740526E-14
3.730349362740526E-14
3.730349362740526E-14
3.730349362740526E-14
3.730349362740526E-14
3.730349362740526E-14
3.730349362740526E-14
3.730349362740526E-14
3.730349362740526E-14
3.730349362740526E-14
3.730349362740526E-14
3.730349362740526E-14
3.730349362740526E-14
3.730349362740526E-14
3.730349362740526E-14
3.730349362740526E-14
3.730349362740526E-14
3.730349362740526E-14
3.730349362740526E-14
3.730349362740526E-14
3.730349362740526E-14
3.730349362740526E-14
3.730349362740526E-14
3.730349362740526E-14
3.730349362740526E-14
3.730349362740526E-14
3.730349362740526E-14
3.730349362740526E-14
3.730349362740526E-14
3.730349362740526E-14
3.730349362740526E-14
3.730349362740526E-14
3.730349362740526E-14
3.730349362740526E-14
3.730349362740526E-14
3.730349362740526E-14
3.730349362740526E-14
3.730349362740526E-14
3.730349362740526E-14
3.730349362740526E-14
3.730349362740526E-14
3.730349362740526E-14
3.730349362740526E-14
3.730349362740526E-14
3.730349362740526E-14
3.730349362740526E-14
3.730349362740526E-14
3.730349362740526E-14
3.730349362740526E-14
3.730349362740526E-14
3.730349362740526E-14
3.730349362740526E-14
3.730349362740526E-14
3.730349362740526E-14
3.730349362740526E-14
3.730349362740526E-14
3.730349362740526E-14
3.730349362740526E-14
3.730349362740526E-14
3.730349362740526E-14
3.730349362740526E-14
3.730349362740526E-14
3.730349362740526E-14
3.730349362740526E-14
3.730349362740526E-14
3.730349362740526E-14
3.730349362740526E-14
3.730349362740526E-14
3.730349362740526E-14
3.730349362740526E-14
3.730349362740526E-14
3.730349362740526E-14
3.730349362740526E-14
3.730349362740526E-14
3.730349362740526E-14
3.730349362740526E-14
3.730349362740526E-14
3.730349362740526E-14
3.730349362740526E-14
3.730349362740526E-14
3.730349362740526E-14
3.730349362740526E-14
3.730349362740526E-14
3.730349362740526E-14
3.730349362740526E-14
3.730349362740526E-14
3.730349362740526E-14
3.730349362740526E-14
3.730349362740526E-14
3.730349362740526E-14
3.730349362740526E-14
3.730349362740526E-14
3.730349362740526E-14
</W>
<b>
24.216508813476594
</b>
<info>
Training (X) File : /home/vibhatha/data/libsvm/webspam/webspam_isesvm_train_x_bin.43 
Training (Y) File : /home/vibhatha/data/libsvm/webspam/webspam_isesvm_train_y.43.bin 
Testing (X) File : /home/vibhatha/data/libsvm/webspam/webspam_isesvm_test_x_bin.43 
Testing (Y) File : /home/vibhatha/data/libsvm/webspam/webspam_isesvm_test_y.43.bin 
I/O Time : 116
Kernel Matrix Calculation : 0.0 s
</info>
