<model>
gaussian
</model>
<W>
-2.7533531010703882E-14
-2.7533531010703882E-14
-2.7533531010703882E-14
-2.7533531010703882E-14
-2.7533531010703882E-14
-2.7533531010703882E-14
-2.7533531010703882E-14
-2.7533531010703882E-14
-2.7533531010703882E-14
-1.0711606664171134
-1.579359088387105
-2.7533531010703882E-14
-2.7533531010703882E-14
0.3622181020052997
-2.7533531010703882E-14
-2.7533531010703882E-14
-2.7533531010703882E-14
-2.7533531010703882E-14
-2.7533531010703882E-14
-2.7533531010703882E-14
-2.7533531010703882E-14
-2.7533531010703882E-14
-2.7533531010703882E-14
-2.7533531010703882E-14
-2.7533531010703882E-14
-2.7533531010703882E-14
-3.4931764751987773
-2.7533531010703882E-14
-2.7533531010703882E-14
-2.7533531010703882E-14
-2.7533531010703882E-14
-2.7533531010703882E-14
-2.158901891994466
0.0398589331731225
-3.771329195575178
-0.14105310087126544
0.0014311076023796332
-0.22215627908303492
-0.14515535382007005
1.118661358873628
-0.7751893611345038
-0.7805555155233277
-0.10107484583891146
-0.12055840875879387
-2.82606854806217
-3.4456849344198117
1.976908048370185
-10.390483931195833
-2.7681070161047527
-3.5078910400230585
-0.7438419555898159
0.5246396519901486
-0.3451595138769479
-0.3056947967733281
-1.842549620819292
-0.5996717037800439
0.07021455527184006
-0.6065701515378388
-0.8808796436566491
-1.1403228861735686
3.2769267213288638
2.939677684940988
3.20210701404154
0.10531038582749819
-0.07946319873851504
-3.9566778650270313
-0.4030753372193887
-0.25507820704853845
-1.480658579793352
1.5656526930869399
0.607626027702973
-0.14963913492918923
1.821220795879305
-1.2100159752518644
0.048706116334225946
0.013585723855134008
0.28156493403089744
1.525190621094274
0.30321507865584696
-0.10356987849976118
0.461221107997134
0.25917547397712415
-1.2053815013696338
0.9992930162296689
1.480375680582088
0.15352875258566367
0.23227427403065715
0.023528543061705598
0.0862980939432747
0.47494687958084203
0.14604110766756673
-0.08454026511037416
0.048067219457244015
-0.0833680988755221
-1.3365296328071707E-4
-3.2258443112801567
4.408935467470343E-5
-3.30847050944629
-1.094732929135417
0.39101943642814957
4.069641550627124
-0.4363730724312016
-0.7570182441971331
3.828419062998303
-2.0281130113557557
-4.416116601992427
0.02340429334755088
1.2793380469590678
-5.08880190476446
1.1662864965323108
-6.451469967344139
2.235401835370557
0.45180201565154726
-0.055978446738094156
3.2025215868458554
-5.806942591470668
1.0988575851437685
2.6956753792793196
-1.8940646253137325
0.7928366652247076
-1.526583883540412
0.07192705278689446
0.00743094845854575
0.0077908686360510515
-0.013779367826830757
0.007931388126679373
9.192278425382838E-4
-2.7533531010703882E-14
-2.7533531010703882E-14
-2.7533531010703882E-14
-2.7533531010703882E-14
-2.7533531010703882E-14
-2.7533531010703882E-14
-2.7533531010703882E-14
-2.7533531010703882E-14
-2.7533531010703882E-14
-2.7533531010703882E-14
-2.7533531010703882E-14
-2.7533531010703882E-14
-2.7533531010703882E-14
-2.7533531010703882E-14
-2.7533531010703882E-14
-2.7533531010703882E-14
-2.7533531010703882E-14
-2.7533531010703882E-14
-2.7533531010703882E-14
-2.7533531010703882E-14
-2.7533531010703882E-14
-2.7533531010703882E-14
-2.7533531010703882E-14
-2.7533531010703882E-14
-2.7533531010703882E-14
-2.7533531010703882E-14
-2.7533531010703882E-14
-2.7533531010703882E-14
-2.7533531010703882E-14
-2.7533531010703882E-14
-2.7533531010703882E-14
-2.7533531010703882E-14
-2.7533531010703882E-14
-2.7533531010703882E-14
-2.7533531010703882E-14
-2.7533531010703882E-14
-2.7533531010703882E-14
-2.7533531010703882E-14
-2.7533531010703882E-14
-2.7533531010703882E-14
-2.7533531010703882E-14
-2.7533531010703882E-14
-2.7533531010703882E-14
-2.7533531010703882E-14
-2.7533531010703882E-14
-2.7533531010703882E-14
-2.7533531010703882E-14
-2.7533531010703882E-14
-2.7533531010703882E-14
-2.7533531010703882E-14
-2.7533531010703882E-14
-2.7533531010703882E-14
-2.7533531010703882E-14
-2.7533531010703882E-14
-2.7533531010703882E-14
-2.7533531010703882E-14
-2.7533531010703882E-14
-2.7533531010703882E-14
-2.7533531010703882E-14
-2.7533531010703882E-14
-2.7533531010703882E-14
-2.7533531010703882E-14
-2.7533531010703882E-14
-2.7533531010703882E-14
-2.7533531010703882E-14
-2.7533531010703882E-14
-2.7533531010703882E-14
-2.7533531010703882E-14
-2.7533531010703882E-14
-2.7533531010703882E-14
-2.7533531010703882E-14
-2.7533531010703882E-14
-2.7533531010703882E-14
-2.7533531010703882E-14
-2.7533531010703882E-14
-2.7533531010703882E-14
-2.7533531010703882E-14
-2.7533531010703882E-14
-2.7533531010703882E-14
-2.7533531010703882E-14
-2.7533531010703882E-14
-2.7533531010703882E-14
-2.7533531010703882E-14
-2.7533531010703882E-14
-2.7533531010703882E-14
-2.7533531010703882E-14
-2.7533531010703882E-14
-2.7533531010703882E-14
-2.7533531010703882E-14
-2.7533531010703882E-14
-2.7533531010703882E-14
-2.7533531010703882E-14
-2.7533531010703882E-14
-2.7533531010703882E-14
-2.7533531010703882E-14
-2.7533531010703882E-14
-2.7533531010703882E-14
-2.7533531010703882E-14
-2.7533531010703882E-14
-2.7533531010703882E-14
-2.7533531010703882E-14
-2.7533531010703882E-14
-2.7533531010703882E-14
-2.7533531010703882E-14
-2.7533531010703882E-14
-2.7533531010703882E-14
-2.7533531010703882E-14
-2.7533531010703882E-14
-2.7533531010703882E-14
-2.7533531010703882E-14
-2.7533531010703882E-14
-2.7533531010703882E-14
-2.7533531010703882E-14
-2.7533531010703882E-14
-2.7533531010703882E-14
-2.7533531010703882E-14
-2.7533531010703882E-14
-2.7533531010703882E-14
-2.7533531010703882E-14
-2.7533531010703882E-14
-2.7533531010703882E-14
-2.7533531010703882E-14
-2.7533531010703882E-14
-2.7533531010703882E-14
-2.7533531010703882E-14
-2.7533531010703882E-14
-2.7533531010703882E-14
</W>
<b>
38.94529430366334
</b>
<info>
Training (X) File : /home/vibhatha/data/libsvm/webspam/webspam_isesvm_train_x_bin.88 
Training (Y) File : /home/vibhatha/data/libsvm/webspam/webspam_isesvm_train_y.88.bin 
Testing (X) File : /home/vibhatha/data/libsvm/webspam/webspam_isesvm_test_x_bin.88 
Testing (Y) File : /home/vibhatha/data/libsvm/webspam/webspam_isesvm_test_y.88.bin 
I/O Time : 116
Kernel Matrix Calculation : 0.0 s
</info>
