<model>
gaussian
</model>
<W>
-1.7763568394002505E-14
-1.7763568394002505E-14
-1.7763568394002505E-14
-1.7763568394002505E-14
-1.7763568394002505E-14
-1.7763568394002505E-14
-1.7763568394002505E-14
-1.7763568394002505E-14
4.102412628270713E-6
0.31775680797886174
-1.1045117777715365
-1.7763568394002505E-14
-1.7763568394002505E-14
-1.4961980411345124
-1.7763568394002505E-14
-1.7763568394002505E-14
-1.7763568394002505E-14
-1.7763568394002505E-14
-1.7763568394002505E-14
-1.7763568394002505E-14
-1.7763568394002505E-14
-1.7763568394002505E-14
-1.7763568394002505E-14
-1.7763568394002505E-14
-1.7763568394002505E-14
-1.7763568394002505E-14
-4.205165230636899
-1.7763568394002505E-14
-1.7763568394002505E-14
-1.7763568394002505E-14
-1.7763568394002505E-14
-1.7763568394002505E-14
-1.3402966461046777
0.09682355093518957
-4.312473387031819
-2.6100380801041787
0.005561622980835068
0.20984213367261795
-2.4136912325201774
3.7797298611136565
-0.8600382872257448
-0.8603820559691844
-9.79549544046776E-4
-0.06826227931979467
1.2444221013448633
-4.515554575131517
1.4098674391099895
-6.179908960650531
-1.8716430884756434
-2.0527232555821566
-1.9482547996251451
-0.26193540480337063
-0.03177448055357246
0.828488986061684
-1.8356437462977144
-0.18630056503238634
-0.6875823404759505
-0.19391804502005527
-1.1307696996698446
-2.3320281137039416
1.4575436260385306
6.214330024809588
1.4309391630645614
0.09204370702479459
-0.010663035361616835
-3.1281413934114006
0.16822430099239227
0.19975344307166054
-0.9335953612779804
2.458443142125356
1.7562069266416191
0.1524825110728827
1.0512086301547008
-0.37184311890186983
0.36926349670368097
0.08457120166066012
-1.039894732923262
1.3439758724863253
1.3209748532843584
2.976769696578046
1.040192243823073
0.19395442079734693
0.08179822640646961
-0.43570123406390593
0.5463541411312391
0.39200880796727233
0.5852344755859349
0.5343739868053614
0.4436107733207848
0.740306280179432
0.6333424912560606
-0.0014214176585234384
0.005072706555933948
-0.001191449353459717
-1.1456429746381502E-4
-1.9615218066496496
9.366217761552775E-5
-2.1073468038445338
-0.08949483499922728
2.936799507815344
0.472253769232859
1.4188510592415282
-2.222524120318509
7.754198593910996
1.3240357024447693
-4.141612903921777
0.3219078162229909
0.7951407715216305
-4.013616060385669
5.120246777244056
-2.3185545746547582
0.2424809442484701
-5.48406692172518
0.020508275390826114
0.8560590007067077
-7.056350824624216
0.11431877507295862
-0.6778357367705414
-3.25118189174829
0.3828123427417047
-0.9384753916024611
-0.5652939779456112
0.6501947700157071
0.09344804289701436
-0.07964122636287918
0.09362184861961076
-9.779438346377844E-4
-1.7763568394002505E-14
-1.7763568394002505E-14
-1.7763568394002505E-14
-1.7763568394002505E-14
-1.7763568394002505E-14
-1.7763568394002505E-14
-1.7763568394002505E-14
-1.7763568394002505E-14
-1.7763568394002505E-14
-1.7763568394002505E-14
-1.7763568394002505E-14
-1.7763568394002505E-14
-1.7763568394002505E-14
-1.7763568394002505E-14
-1.7763568394002505E-14
-1.7763568394002505E-14
-1.7763568394002505E-14
-1.7763568394002505E-14
-1.7763568394002505E-14
-1.7763568394002505E-14
-1.7763568394002505E-14
-1.7763568394002505E-14
-1.7763568394002505E-14
-1.7763568394002505E-14
-1.7763568394002505E-14
-1.7763568394002505E-14
-1.7763568394002505E-14
-1.7763568394002505E-14
-1.7763568394002505E-14
-1.7763568394002505E-14
-1.7763568394002505E-14
-1.7763568394002505E-14
-1.7763568394002505E-14
-1.7763568394002505E-14
-1.7763568394002505E-14
-1.7763568394002505E-14
-1.7763568394002505E-14
-1.7763568394002505E-14
-1.7763568394002505E-14
-1.7763568394002505E-14
-1.7763568394002505E-14
-1.7763568394002505E-14
-1.7763568394002505E-14
-1.7763568394002505E-14
-1.7763568394002505E-14
-1.7763568394002505E-14
-1.7763568394002505E-14
-1.7763568394002505E-14
-1.7763568394002505E-14
-1.7763568394002505E-14
-1.7763568394002505E-14
-1.7763568394002505E-14
-1.7763568394002505E-14
-1.7763568394002505E-14
-1.7763568394002505E-14
-1.7763568394002505E-14
-1.7763568394002505E-14
-1.7763568394002505E-14
-1.7763568394002505E-14
-1.7763568394002505E-14
-1.7763568394002505E-14
-1.7763568394002505E-14
-1.7763568394002505E-14
-1.7763568394002505E-14
-1.7763568394002505E-14
-1.7763568394002505E-14
-1.7763568394002505E-14
-1.7763568394002505E-14
-1.7763568394002505E-14
-1.7763568394002505E-14
-1.7763568394002505E-14
-1.7763568394002505E-14
-1.7763568394002505E-14
-1.7763568394002505E-14
-1.7763568394002505E-14
-1.7763568394002505E-14
-1.7763568394002505E-14
-1.7763568394002505E-14
-1.7763568394002505E-14
-1.7763568394002505E-14
-1.7763568394002505E-14
-1.7763568394002505E-14
-1.7763568394002505E-14
-1.7763568394002505E-14
-1.7763568394002505E-14
-1.7763568394002505E-14
-1.7763568394002505E-14
-1.7763568394002505E-14
-1.7763568394002505E-14
-1.7763568394002505E-14
-1.7763568394002505E-14
-1.7763568394002505E-14
-1.7763568394002505E-14
-1.7763568394002505E-14
-1.7763568394002505E-14
-1.7763568394002505E-14
-1.7763568394002505E-14
-1.7763568394002505E-14
-1.7763568394002505E-14
-1.7763568394002505E-14
-1.7763568394002505E-14
-1.7763568394002505E-14
-1.7763568394002505E-14
-1.7763568394002505E-14
-1.7763568394002505E-14
-1.7763568394002505E-14
-1.7763568394002505E-14
-1.7763568394002505E-14
-1.7763568394002505E-14
-1.7763568394002505E-14
-1.7763568394002505E-14
-1.7763568394002505E-14
-1.7763568394002505E-14
-1.7763568394002505E-14
-1.7763568394002505E-14
-1.7763568394002505E-14
-1.7763568394002505E-14
-1.7763568394002505E-14
-1.7763568394002505E-14
-1.7763568394002505E-14
-1.7763568394002505E-14
-1.7763568394002505E-14
-1.7763568394002505E-14
-1.7763568394002505E-14
-1.7763568394002505E-14
-1.7763568394002505E-14
-1.7763568394002505E-14
</W>
<b>
23.178980939668445
</b>
<info>
Training (X) File : /home/vibhatha/data/libsvm/webspam/webspam_isesvm_train_x_bin.140 
Training (Y) File : /home/vibhatha/data/libsvm/webspam/webspam_isesvm_train_y.140.bin 
Testing (X) File : /home/vibhatha/data/libsvm/webspam/webspam_isesvm_test_x_bin.140 
Testing (Y) File : /home/vibhatha/data/libsvm/webspam/webspam_isesvm_test_y.140.bin 
I/O Time : 133
Kernel Matrix Calculation : 0.0 s
</info>
