88.84892086330936
89.92805755395683
87.76978417266187
90.28776978417267
84.89208633093526
86.6906474820144
89.568345323741
90.28776978417267
88.84892086330936
87.41007194244604
90.64748201438849
87.76978417266187
87.41007194244604
89.20863309352518
87.05035971223022
87.05035971223022
87.05035971223022
89.568345323741
87.41007194244604
79.49640287769785
88.48920863309353
89.20863309352518
91.00719424460432
89.92805755395683
85.25179856115108
87.05035971223022
89.20863309352518
85.61151079136691
85.61151079136691
89.568345323741
91.36690647482014
86.6906474820144
87.05035971223022
87.76978417266187
91.00719424460432
87.76978417266187
91.00719424460432
86.6906474820144
87.05035971223022
89.20863309352518
