<model>
linear
</model>
<W>
0.0
0.0
0.0
0.0
0.0
0.0
0.0
0.0
0.0
-1.2009981186767533
-0.7115938154015473
0.0
0.0
-1.2354991340610604
0.0
0.0
0.0
0.0
0.0
0.0
0.0
0.0
0.0
0.0
0.0
0.0
1.7538165081349306
0.0
0.0
0.0
0.0
0.0
-0.1337740138410956
0.06066169902836604
1.8373454132670173
0.45214058472908697
-0.016677798878925787
-1.4702622980721227
-0.4362846855496205
-0.6149327833597648
0.7870344056942389
0.7821606456942387
-0.06667939229773237
0.25023446873348054
0.3006382267315565
1.3114271731038836
-0.2554630912804059
2.742425555841784
0.3372917192297815
0.5512483571003736
-0.8890680513475852
-0.7329831455133913
-0.035277358614593975
-0.5928005968443402
0.6292611680037532
-0.20928148566605978
-0.0873223815302508
0.08897684947008547
0.8018383183880788
0.7358389415469667
0.15159352581660052
-1.0157207226197162
0.17366169427244976
-0.35219060707822725
0.13932467354731934
0.3759316258740096
0.032785720795171794
-0.27311036541091016
-0.40197773599282105
-0.5870870133139733
-0.8932593470101903
-0.17843898521587342
-0.2931184497995725
0.34093032884576224
-0.10078622490653882
-0.34557719296368095
0.015233145535425357
-0.35519266523045584
-0.017196810728918065
-0.261600529503833
-0.2844240832731118
-0.41196821569377434
0.5366444940267997
0.6469961558718877
-0.327615226113267
-0.09414776418429097
-0.003611949189024227
0.022402251507058536
-0.1631842984032906
-0.45832595849705576
-0.410844611873807
0.0807403726593479
0.05730239990896146
0.08046268265934789
0.009232525661642082
0.41321129708743604
1.4622999999999958E-5
0.9539367164263086
0.3621351918564421
0.23159950452408362
-1.398376539167499
0.18658526392734115
0.3372711682168864
-0.7072188655217473
-1.0348908131255252
3.5385462011927857
-0.09259749818921524
-1.0571055096752366
2.820020770964563
-2.7271209602806095
2.1047898516764327
-1.133391262940521
1.2525315434912976
-0.2839431688786232
-1.9172100203291096
3.561887527609421
0.11277384579548372
-0.37717160917072606
1.608387281843596
-0.46048872526212487
0.2986782027586703
0.2479905444828051
-0.10897091480046636
0.08240923446159655
0.15045256211261493
0.08247283446159655
0.0046560341
0.0
0.0
0.0
0.0
0.0
0.0
0.0
0.0
0.0
0.0
0.0
0.0
0.0
0.0
0.0
0.0
0.0
0.0
0.0
0.0
0.0
0.0
0.0
0.0
0.0
0.0
0.0
0.0
0.0
0.0
0.0
0.0
0.0
0.0
0.0
0.0
0.0
0.0
0.0
0.0
0.0
0.0
0.0
0.0
0.0
0.0
0.0
0.0
0.0
0.0
0.0
0.0
0.0
0.0
0.0
0.0
0.0
0.0
0.0
0.0
0.0
0.0
0.0
0.0
0.0
0.0
0.0
0.0
0.0
0.0
0.0
0.0
0.0
0.0
0.0
0.0
0.0
0.0
0.0
0.0
0.0
0.0
0.0
0.0
0.0
0.0
0.0
0.0
0.0
0.0
0.0
0.0
0.0
0.0
0.0
0.0
0.0
0.0
0.0
0.0
0.0
0.0
0.0
0.0
0.0
0.0
0.0
0.0
0.0
0.0
0.0
0.0
0.0
0.0
0.0
0.0
0.0
0.0
0.0
0.0
0.0
0.0
0.0
0.0
0.0
0.0
0.0
</W>
<b>
-1.681496883678768
</b>
<info>
Training (X) File : /home/vibhatha/data/libsvm/webspam/webspam_isesvm_train_x_bin.155 
Training (Y) File : /home/vibhatha/data/libsvm/webspam/webspam_isesvm_train_y.155.bin 
Testing (X) File : /home/vibhatha/data/libsvm/webspam/webspam_isesvm_test_x_bin.155 
Testing (Y) File : /home/vibhatha/data/libsvm/webspam/webspam_isesvm_test_y.155.bin 
I/O Time : 109
Kernel Matrix Calculation : 0.225 s
</info>
