91.00719424460432
89.568345323741
92.44604316546763
89.20863309352518
86.6906474820144
89.568345323741
88.84892086330936
89.20863309352518
91.36690647482014
87.76978417266187
92.08633093525181
89.92805755395683
90.28776978417267
90.64748201438849
90.28776978417267
89.92805755395683
91.72661870503596
88.12949640287769
87.76978417266187
83.81294964028777
92.80575539568345
90.64748201438849
89.568345323741
89.20863309352518
89.20863309352518
87.41007194244604
89.20863309352518
90.28776978417267
87.05035971223022
91.72661870503596
89.92805755395683
87.41007194244604
89.92805755395683
89.568345323741
89.92805755395683
90.64748201438849
89.92805755395683
90.28776978417267
88.84892086330936
87.76978417266187
