<model>
linear
</model>
<W>
0.0
0.0
0.0
0.0
0.0
0.0
0.0
0.0
0.0
-0.16801211768478883
0.6537529041200196
0.0
0.0
-0.6244368251125135
0.0
0.0
0.0
0.0
0.0
0.0
0.0
0.0
0.0
0.0
0.0
0.0
0.01930966905076279
0.0
0.0
0.0
0.0
0.0
-0.3626251025992295
0.19694025203642057
2.9134812510961643
0.5966691034164309
-0.004858764407284853
-0.30760470373632787
0.06291731839702856
-0.3373503111347492
0.6213530842110476
0.6201326372110477
-0.204153546126136
0.17443097543630331
0.6548827825519609
1.5793965929802485
-0.0014423257324244626
3.57357886096236
0.6165933377724306
0.9426615667162599
0.5220971947710303
-0.08444350387169283
-0.06912291391999724
0.022208721237224886
0.5521107588686528
0.18467861388740694
0.7811180601748604
0.3756809234837101
0.6805595204299822
1.109454761842486
-0.06031583928913671
-0.6526295458380846
-0.06087410413352763
-0.3015867634370782
0.08825939042374634
0.12172535495592796
-0.278423601916208
-0.4643869611566069
-0.03278085206270683
-0.9556255232361104
-1.2272200414858412
-0.1073638647409875
-0.5150652379918644
0.04695652317037215
-0.1363586908706168
-0.13769809178968678
-0.602497816826349
-0.8466439427245775
-0.17180509224341617
-0.4912031014125018
-0.5771190433927847
-0.35420580315559025
-0.1941097481641782
0.5004043651055674
-0.6776401226403514
-0.44827645191199794
-0.42050830162934066
-0.5455861258100891
-0.3234401189331672
-0.5669528373656533
-0.49543845160961564
0.07985055590374368
0.005560703445778406
0.07977523590374368
0.003715559088858898
0.6497452732902883
0.0011574730000000004
2.1953971475795715
0.16634275529032727
0.6198276821120341
-0.7917145414636472
0.1421147533538147
0.6856330404024485
-1.0265295639753311
-0.9448730890867916
2.9080731108847293
-0.1545829540652172
-0.22470746945733833
1.768004907090723
-2.164750033777386
1.772311381050584
-0.1244321293345157
1.39389936286664
-0.14546642636284124
-1.1769369678472432
3.104670992106518
-0.5216811330956452
-0.7840969215074524
1.3339220085816963
-0.3411024356444496
0.5521603231100426
0.19270279055797115
-0.14589742540165201
-0.030714933118325405
0.2546325349329104
-0.030714933118325405
-5.42142999999995E-5
0.0
0.0
0.0
0.0
0.0
0.0
0.0
0.0
0.0
0.0
0.0
0.0
0.0
0.0
0.0
0.0
0.0
0.0
0.0
0.0
0.0
0.0
0.0
0.0
0.0
0.0
0.0
0.0
0.0
0.0
0.0
0.0
0.0
0.0
0.0
0.0
0.0
0.0
0.0
0.0
0.0
0.0
0.0
0.0
0.0
0.0
0.0
0.0
0.0
0.0
0.0
0.0
0.0
0.0
0.0
0.0
0.0
0.0
0.0
0.0
0.0
0.0
0.0
0.0
0.0
0.0
0.0
0.0
0.0
0.0
0.0
0.0
0.0
0.0
0.0
0.0
0.0
0.0
0.0
0.0
0.0
0.0
0.0
0.0
0.0
0.0
0.0
0.0
0.0
0.0
0.0
0.0
0.0
0.0
0.0
0.0
0.0
0.0
0.0
0.0
0.0
0.0
0.0
0.0
0.0
0.0
0.0
0.0
0.0
0.0
0.0
0.0
0.0
0.0
0.0
0.0
0.0
0.0
0.0
0.0
0.0
0.0
0.0
0.0
0.0
0.0
0.0
</W>
<b>
-2.5553945435036103
</b>
<info>
Training (X) File : /home/vibhatha/data/libsvm/webspam/webspam_isesvm_train_x_bin.80 
Training (Y) File : /home/vibhatha/data/libsvm/webspam/webspam_isesvm_train_y.80.bin 
Testing (X) File : /home/vibhatha/data/libsvm/webspam/webspam_isesvm_test_x_bin.80 
Testing (Y) File : /home/vibhatha/data/libsvm/webspam/webspam_isesvm_test_y.80.bin 
I/O Time : 152
Kernel Matrix Calculation : 0.209 s
</info>
