<model>
linear
</model>
<W>
0.0
0.0
0.0
0.0
0.0
0.0
0.0
0.0
0.0
-2.82238210001291
1.9783341111365607
0.0
0.0
-1.240306107969345
0.0
0.0
0.0
0.0
0.0
0.0
0.0
0.0
0.0
0.0
0.0
0.0
1.3508613987452733
0.0
0.0
0.0
0.0
0.0
-1.3714019956806647
-0.7806842686203395
2.027278095158712
0.6348874082172258
-0.16330590261756484
0.9236178541499732
-2.7965204264843067
-0.5632092112801235
4.098428796047147
4.04608874941699
-0.14129059345199535
2.8760187289824
2.771936566042173
3.308770069568511
-0.926474655111204
6.666857619953583
-2.0861742590528407
2.4945271054650084
-2.047362340394343
0.5997359603652335
-1.0952545166896765
-0.44467879394388554
3.1399777085688516
2.065988708094169
4.898530918688964
0.9681904031484304
1.574684828751451
-4.5530748134936205
-2.5461635090488137
-4.604161962520085
-2.745960389393252
-3.1284038377588037
0.25826202560837647
3.13044311152531
-3.229925751316234
-3.799003420151416
3.730215995816259
-1.9330005910197554
-9.107281330270222
0.8917399572743276
-1.7462468594478537
-0.02451230005607514
0.4171862987283585
0.23855596114972868
-0.017475208948358287
0.14292280839941462
0.10766036367782895
1.568274046508209
0.612460563688835
0.652292057983629
2.477560139934885
2.9377068824188135
0.4162939283018954
-0.7076672109414771
-0.43611045656211844
-2.5119126430276144
-0.3014199093639147
-2.101595050474758
-1.3292737476757037
0.09422673198606611
-0.8356471640972483
0.08480859198606612
-0.005536711457357895
1.876003910197039
0.0293902101
5.605067442834496
-1.065477069460338
-2.0970120725617414
-4.347459704648537
-0.5322045191798885
4.418055769914068
-7.148252457660302
1.3905914528146828
6.061332014776989
0.5823507972110739
-1.635800860402024
4.1346496944195295
-7.860001189952015
4.7023938970595776
-2.7097585761529706
3.108541069710491
-1.5172688741308125
-6.8141120736820255
8.468606655978148
-2.4835683983456853
-1.0387245736783395
7.781936573335444
0.5596389418493046
-1.653400267881316
2.324955967376512
1.148571654535108
0.9934221147815004
0.051560830682861505
0.9745861047815002
0.12218496983241081
0.0
0.0
0.0
0.0
0.0
0.0
0.0
0.0
0.0
0.0
0.0
0.0
0.0
0.0
0.0
0.0
0.0
0.0
0.0
0.0
0.0
0.0
0.0
0.0
0.0
0.0
0.0
0.0
0.0
0.0
0.0
0.0
0.0
0.0
0.0
0.0
0.0
0.0
0.0
0.0
0.0
0.0
0.0
0.0
0.0
0.0
0.0
0.0
0.0
0.0
0.0
0.0
0.0
0.0
0.0
0.0
0.0
0.0
0.0
0.0
0.0
0.0
0.0
0.0
0.0
0.0
0.0
0.0
0.0
0.0
0.0
0.0
0.0
0.0
0.0
0.0
0.0
0.0
0.0
0.0
0.0
0.0
0.0
0.0
0.0
0.0
0.0
0.0
0.0
0.0
0.0
0.0
0.0
0.0
0.0
0.0
0.0
0.0
0.0
0.0
0.0
0.0
0.0
0.0
0.0
0.0
0.0
0.0
0.0
0.0
0.0
0.0
0.0
0.0
0.0
0.0
0.0
0.0
0.0
0.0
0.0
0.0
0.0
0.0
0.0
0.0
0.0
</W>
<b>
-1.0523442026770304
</b>
<info>
Training (X) File : /home/vibhatha/data/libsvm/webspam/webspam_isesvm_train_x_bin.273 
Training (Y) File : /home/vibhatha/data/libsvm/webspam/webspam_isesvm_train_y.273.bin 
Testing (X) File : /home/vibhatha/data/libsvm/webspam/webspam_isesvm_test_x_bin.273 
Testing (Y) File : /home/vibhatha/data/libsvm/webspam/webspam_isesvm_test_y.273.bin 
I/O Time : 111
Kernel Matrix Calculation : 0.225 s
</info>
