90.28776978417267
91.00719424460432
85.97122302158273
88.48920863309353
87.76978417266187
88.48920863309353
87.76978417266187
90.28776978417267
92.44604316546763
87.76978417266187
90.64748201438849
87.05035971223022
89.92805755395683
87.76978417266187
86.6906474820144
88.12949640287769
87.76978417266187
86.6906474820144
89.20863309352518
84.17266187050359
88.84892086330936
91.72661870503596
89.92805755395683
89.20863309352518
86.6906474820144
87.76978417266187
89.92805755395683
86.33093525179856
87.05035971223022
89.92805755395683
89.568345323741
87.05035971223022
88.48920863309353
87.41007194244604
90.28776978417267
88.12949640287769
91.00719424460432
89.568345323741
87.41007194244604
85.97122302158273
