<model>
linear
</model>
<W>
0.0
0.0
0.0
0.0
0.0
0.0
0.0
0.0
0.0
-1.0981468828675438
-1.4914091323268424
0.0
0.0
-5.012031136338749
0.0
0.0
0.0
0.0
0.0
0.0
0.0
0.0
0.0
0.0
0.0
2.3972424045837214E-20
2.4159000912380204
0.0
0.0
0.0
0.0
0.0
2.2195736866958278
0.5743524504957375
4.186891520594349
3.9206986420891905
0.970424311226764
-0.6003837837341413
5.545021882002622
-5.581859533944498
4.738750535507806
4.751151654288193
-1.0941625339352472
1.7740608622451286
4.694427155048332
6.2617817263130675
1.2084575100788966
7.6384284438701755
-0.9547212393576479
5.612629095794468
5.9575185863728874
-7.728259267079235
1.6010045163139888
-6.407887820703926
3.0076389863786708
-2.0832746321369235
5.932948693525027
-0.2233842004927717
-2.6428742038718323
-4.6151272806803325
-2.6651210602818356
-6.88788237416815
-3.0545311222698674
-2.5686436157337225
1.3883922708539258
2.336182996199061
0.030186334943593896
-4.339462244902155
4.069798182826211
-8.487898590919766
-6.861752833297079
0.4380424130638042
0.584692807773133
2.465876777176177
-0.576557224391985
-1.497783412021765
-1.5389693510109
-1.879933732771849
2.259431865166745
-1.7575461287024012
-2.0650499917216645
1.3551565806763648
3.060062002009635
5.0843485667891954
1.6134782589837382
-3.2376138904521143
-1.1886163476445417
-0.30040788531627693
-0.08838570977058377
-2.253590386946783
-1.1539551025461703
1.4355877325600772
-0.8428725042791596
1.4387693335081264
-0.1638466073147828
1.3894724361698918
-0.0031815791038961815
8.143860334293187
-4.096513018143078
0.2799320300306276
-3.5897798867026824
-0.4971920613598163
1.4704573946096846
-10.428251370551752
-1.5884685784775303
8.26687642996834
-7.382114691407314
0.43253005578255643
3.387214528643562
-10.711363031390249
5.9745595189769745
0.725944360171558
1.0889005876331708
-1.7549477198878325
-8.922204191532712
7.8889864578203115
2.9828142909689603
-5.759884678538348
5.6028663607602995
1.8154135102347375
-2.8926692189632175
3.3107907573621875
-3.7888267139586955
-1.8077487903049485
0.11124080292419107
-1.7770151107187233
0.08707356719641583
0.0
0.0
0.0
0.0
0.0
0.0
0.0
0.0
0.0
0.0
0.0
0.0
0.0
0.0
0.0
0.0
0.0
0.0
0.0
0.0
0.0
0.0
0.0
0.0
0.0
0.0
0.0
0.0
0.0
0.0
0.0
0.0
0.0
0.0
0.0
0.0
0.0
0.0
0.0
0.0
0.0
0.0
0.0
0.0
0.0
0.0
0.0
0.0
0.0
0.0
0.0
0.0
0.0
0.0
0.0
0.0
0.0
0.0
0.0
0.0
0.0
0.0
0.0
0.0
0.0
0.0
0.0
0.0
0.0
0.0
0.0
0.0
0.0
0.0
0.0
0.0
0.0
0.0
0.0
0.0
0.0
0.0
0.0
0.0
0.0
0.0
0.0
0.0
0.0
0.0
0.0
0.0
0.0
0.0
0.0
0.0
0.0
0.0
0.0
0.0
0.0
0.0
0.0
0.0
0.0
0.0
0.0
0.0
0.0
0.0
0.0
0.0
0.0
0.0
0.0
0.0
0.0
0.0
0.0
0.0
0.0
0.0
0.0
0.0
0.0
0.0
0.0
</W>
<b>
-4.120206828990577
</b>
<info>
Training (X) File : /home/vibhatha/data/libsvm/webspam/webspam_isesvm_train_x_bin.385 
Training (Y) File : /home/vibhatha/data/libsvm/webspam/webspam_isesvm_train_y.385.bin 
Testing (X) File : /home/vibhatha/data/libsvm/webspam/webspam_isesvm_test_x_bin.385 
Testing (Y) File : /home/vibhatha/data/libsvm/webspam/webspam_isesvm_test_y.385.bin 
I/O Time : 162
Kernel Matrix Calculation : 0.293 s
</info>
