<model>
linear
</model>
<W>
0.0
0.0
0.0
0.0
0.0
0.0
0.0
0.0
0.0
-2.7866353565989748
-1.0228131945308236
0.0
0.04664750999999999
-0.7926317821640874
0.0
0.0
0.0
0.0
0.0
0.0
0.0
0.0
0.0
0.0
0.0
0.0
2.028522635405749
0.0
0.0
0.0
0.0
0.0
-0.5897189475041067
-1.8859715597826257
3.462653664309194
1.1496812379642098
-0.3515595474374291
-2.31837254158764
-6.1762062745102195
-2.89690606279723
3.729758358359433
3.7515628604216715
-0.07650404472077141
1.734014408782467
1.6076246668561271
6.143588223274973
-1.7495954441748864
8.380416271523096
-0.9622834050320066
-2.7511705208613906
-2.61884136590285
-0.15769639149299064
2.563274978845447
-1.191304918473556
3.8297142321628685
-1.913203323182569
4.371381697794127
1.4927091096197573
0.16008035362797218
1.2695126934084957
-3.028926194993454
-10.227099401409287
-2.0581191799630623
-4.896434129817709
1.11960511521025
5.334134548132121
-3.4891373476867216
-4.161079452927156
1.7691567906018943
-3.189771153000601
-9.626279779486932
1.6658472084779459
1.2901452265447209
5.288707796053395
-0.9283444307318278
-1.3574222512316108
-1.7486428121020605
-6.4369938931197215
1.0898641212209665
-2.393794580265286
-1.49057416841677
-0.5620357013146965
7.679818280406489
4.602985104250767
-3.633336743423399
-1.6679933815311068
-1.584955669150111
3.4508707825718856
-0.4577019482320019
-2.6723800022543784
-1.676228816685268
-0.6226957455199166
2.4291830087688195
-0.5410442760782262
0.13730932817457012
7.794163864512357
-0.01434984780864579
0.372512308573425
0.2743382719705001
-4.090407498504076
-0.6386703611237037
-3.8217118857727517
2.5385410333141043
-2.988102532787112
1.2390308882338061
8.427864125784525
-2.2244282827491215
-0.29343937636481565
6.512805017903693
-2.216583606085168
6.2830373986767025
-5.1968362514597874
2.759575475059353
1.2221677081435551
-1.7121006867266741
6.860452240687169
-2.3801355730105147
-7.620628148838259
5.647310964291037
-0.38877294152830677
3.871213934147444
1.5133392278677682
2.785217025566599
-2.0282131441203006
1.4103185955860693
-2.0377026396983933
-0.7525922181619928
0.0
0.0
0.0
0.0
0.0
0.0
0.0
0.0
0.0
0.0
0.0
0.0
0.0
0.0
0.0
0.0
0.0
0.0
0.0
0.0
0.0
0.0
0.0
0.0
0.0
0.0
0.0
0.0
0.0
0.0
0.0
0.0
0.0
0.0
0.0
0.0
0.0
0.0
0.0
0.0
0.0
0.0
0.0
0.0
0.0
0.0
0.0
0.0
0.0
0.0
0.0
0.0
0.0
0.0
0.0
0.0
0.0
0.0
0.0
0.0
0.0
0.0
0.0
0.0
0.0
0.0
0.0
0.0
0.0
0.0
0.0
0.0
0.0
0.0
0.0
0.0
0.0
0.0
0.0
0.0
0.0
0.0
0.0
0.0
0.0
0.0
0.0
0.0
0.0
0.0
0.0
0.0
0.0
0.0
0.0
0.0
0.0
0.0
0.0
0.0
0.0
0.0
0.0
0.0
0.0
0.0
0.0
0.0
0.0
0.0
0.0
0.0
0.0
0.0
0.0
0.0
0.0
0.0
0.0
0.0
0.0
0.0
0.0
0.0
0.0
0.0
0.0
</W>
<b>
-0.6087219178823201
</b>
<info>
Training (X) File : /home/vibhatha/data/libsvm/webspam/webspam_isesvm_train_x_bin.366 
Training (Y) File : /home/vibhatha/data/libsvm/webspam/webspam_isesvm_train_y.366.bin 
Testing (X) File : /home/vibhatha/data/libsvm/webspam/webspam_isesvm_test_x_bin.366 
Testing (Y) File : /home/vibhatha/data/libsvm/webspam/webspam_isesvm_test_y.366.bin 
I/O Time : 149
Kernel Matrix Calculation : 0.237 s
</info>
