<model>
linear
</model>
<W>
0.0
0.0
0.0
0.0
0.0
0.0
0.0
0.0
0.0
-2.277874409339399
4.1356020337782065
0.0
-4.879896486897906E-20
-2.112014617249489
0.0
0.0
0.0
0.0
0.0
0.0
0.0
0.0
0.0
0.0
0.0
0.0
0.4954080283278465
0.0
0.0
0.0
0.0
0.0
0.39896233179465135
-1.9514863027205442
2.671434138154101
1.0565909598491734
-0.4671459857803457
0.08952891840041499
-0.21170072159412473
-8.259564963685108
3.7427207693803846
3.734392321969996
-5.864455403048693
-0.4212723249609035
-1.8546055827440158
2.604122422231878
5.226977759818089
10.216905939609237
-0.7870609134796966
-1.9475320977858916
1.0172624896272966
0.2408493794915244
-1.1938900215986192
-0.478266226067133
4.245220994517669
-6.261634411388193
1.2861832979035244
0.006752627398994376
1.4935150537853428
-0.6281017924627571
-1.7181176168070111
-11.219038158024516
-1.3508935450447428
-5.9179569141964
0.7499823548148944
8.06661402046085
1.3344306360128408
-2.6477729982079157
-0.23482861865009136
-2.8398480724613266
-2.299457380506597
1.6670413106870052
-2.429669516123528
8.26890513264927
-2.504002669526954
-0.3793624399406409
-3.1161432591550953
-5.983768875266537
-2.6541239242209462
1.5430526597248497
0.2568521412666312
0.9166468958135313
0.3718396245501559
2.4030301567685464
-1.1981150717257525
-5.2093588647810645
0.06271965930464138
-0.06962492504552077
-3.9824444083571784
-7.005317329448553
-1.783443078769933
-0.6737502341284981
-0.28851089754704956
-0.6737502341284981
-0.06230918298467182
9.94837854573888
-0.015369467000000003
2.682626887517557
-0.9763393070721766
-4.033550318279634
-4.389873896148177
-5.390641749807314
5.558828700280515
-3.319112818400634
-3.8915190874737835
9.095851637426335
-3.392527022766881
-0.003971899755297659
6.292426035049056
-7.4824495104118744
9.73959091673872
-4.845038247443013
6.1145050755292
-4.984785257817424
-4.796263733305777
8.426159170662615
-0.9050210105972845
-4.059111805086634
5.5127984658906835
-2.1884706926400033
-2.080946845881117
-1.929566938191574
-4.095316682830412
0.5263185990148465
1.2809126287033978
0.5221849371333462
0.04920548058174773
0.0
0.0
0.0
0.0
0.0
0.0
0.0
0.0
0.0
0.0
0.0
0.0
0.0
0.0
0.0
0.0
0.0
0.0
0.0
0.0
0.0
0.0
0.0
0.0
0.0
0.0
0.0
0.0
0.0
0.0
0.0
0.0
0.0
0.0
0.0
0.0
0.0
0.0
0.0
0.0
0.0
0.0
0.0
0.0
0.0
0.0
0.0
0.0
0.0
0.0
0.0
0.0
0.0
0.0
0.0
0.0
0.0
0.0
0.0
0.0
0.0
0.0
0.0
0.0
0.0
0.0
0.0
0.0
0.0
0.0
0.0
0.0
0.0
0.0
0.0
0.0
0.0
0.0
0.0
0.0
0.0
0.0
0.0
0.0
0.0
0.0
0.0
0.0
0.0
0.0
0.0
0.0
0.0
0.0
0.0
0.0
0.0
0.0
0.0
0.0
0.0
0.0
0.0
0.0
0.0
0.0
0.0
0.0
0.0
0.0
0.0
0.0
0.0
0.0
0.0
0.0
0.0
0.0
0.0
0.0
0.0
0.0
0.0
0.0
0.0
0.0
0.0
</W>
<b>
-1.992870769408455
</b>
<info>
Training (X) File : /home/vibhatha/data/libsvm/webspam/webspam_isesvm_train_x_bin.172 
Training (Y) File : /home/vibhatha/data/libsvm/webspam/webspam_isesvm_train_y.172.bin 
Testing (X) File : /home/vibhatha/data/libsvm/webspam/webspam_isesvm_test_x_bin.172 
Testing (Y) File : /home/vibhatha/data/libsvm/webspam/webspam_isesvm_test_y.172.bin 
I/O Time : 113
Kernel Matrix Calculation : 0.216 s
</info>
