90.28776978417267
92.80575539568345
88.12949640287769
87.41007194244604
88.84892086330936
87.76978417266187
90.28776978417267
90.64748201438849
91.00719424460432
89.568345323741
92.08633093525181
90.64748201438849
87.05035971223022
90.28776978417267
88.48920863309353
86.6906474820144
88.84892086330936
91.00719424460432
90.64748201438849
83.09352517985612
89.92805755395683
90.64748201438849
90.28776978417267
90.64748201438849
88.48920863309353
91.00719424460432
88.12949640287769
89.92805755395683
87.41007194244604
93.16546762589928
93.5251798561151
88.12949640287769
88.48920863309353
92.80575539568345
88.12949640287769
88.84892086330936
91.72661870503596
87.41007194244604
89.568345323741
90.28776978417267
