85.25179856115108
88.12949640287769
85.25179856115108
85.61151079136691
85.61151079136691
84.53237410071942
86.33093525179856
84.53237410071942
81.29496402877699
85.25179856115108
89.20863309352518
85.25179856115108
83.81294964028777
86.33093525179856
79.85611510791367
83.09352517985612
84.17266187050359
85.25179856115108
83.81294964028777
76.2589928057554
85.97122302158273
87.41007194244604
87.05035971223022
85.61151079136691
84.53237410071942
82.73381294964028
84.89208633093526
85.97122302158273
83.09352517985612
86.33093525179856
92.80575539568345
84.89208633093526
84.17266187050359
85.97122302158273
85.61151079136691
83.09352517985612
89.568345323741
85.25179856115108
86.6906474820144
85.61151079136691
