91.36690647482014
90.64748201438849
88.84892086330936
88.48920863309353
86.6906474820144
89.92805755395683
88.84892086330936
89.92805755395683
89.568345323741
86.6906474820144
89.568345323741
89.20863309352518
89.20863309352518
88.84892086330936
89.92805755395683
88.48920863309353
91.00719424460432
88.12949640287769
88.84892086330936
84.17266187050359
89.20863309352518
90.64748201438849
88.84892086330936
89.92805755395683
89.92805755395683
85.97122302158273
89.20863309352518
87.41007194244604
89.20863309352518
92.08633093525181
89.20863309352518
85.97122302158273
89.568345323741
90.64748201438849
89.568345323741
88.84892086330936
89.568345323741
89.92805755395683
88.12949640287769
88.12949640287769
