<model>
linear
</model>
<W>
0.0
0.0
0.0
0.0
0.0
0.0
0.0
0.0
0.0
-0.9473463046336796
1.9143009522959247
0.0
0.0
-2.7130470549609296
0.0
0.0
0.0
0.0
0.0
0.0
0.0
0.0
0.0
0.0
0.0
0.0
1.0686783368683959
0.0
0.0
0.0
0.0
0.0
-0.7899057391838831
-0.31709262037783187
3.017484086999385
5.366969885673625
0.03231342833426595
-1.8350785003204941
-1.4071997741768074
-3.7408091530384997
5.693367913643852
5.6972573405114435
4.017802105046139
-1.1827447103076245
-4.240706546084478
8.750882242086867
5.288126152516084
9.842555656429738
-1.0029832601559407
1.1004482449681576
2.189610922678553
-1.6792509507173432
0.9354922020573775
-1.4214600497200094
4.810231795788189
-3.2877796608765664
6.177769053192791
-1.6903257357509203
-0.6855880935038439
3.744596615753087
0.9318554535618837
-8.70924592316161
-8.281463547090958
-6.687019925940514
0.7143224479477757
2.9923613317155233
-2.2917154719579638
-0.19419799109428604
3.268815015691004
-4.143686779547833
-4.830341241479951
-0.3551735751883797
-4.101487575070466
2.889715805176678
-0.5896103500446241
0.31771091835685383
-0.42697945814572225
-4.828951727706801
3.026729831696576
1.06102916436405
-3.2465751761930486
2.7948215127167235
-2.116066812821685
5.982234639901004
-0.8985364031905579
-0.35841908300642866
-0.09729206533163134
0.6953460675161438
1.4505503340867056
-5.1935036574117746
-0.6915601259093465
-0.5002478569748088
-1.2765369996678912
-0.5002478569748088
-0.7352312115429486
0.6914855234135623
0.015349039999999998
-1.678896525290881
2.0103998213021397
-5.927695158861486
-4.430854872412215
-6.224316645647301
6.264928504260553
-7.162628849478278
2.983402958243582
6.296619072375824
0.7948159779810535
0.30129785267556974
5.3252050392364
-8.975714386560638
5.669760529020332
-5.216607889937469
-5.442025614349124
-3.5847150211441754
-6.749598346209001
13.689285712243183
2.5100542918428683
0.7391943496648303
13.934799416500352
-3.81460678008558
-0.2096769805721168
2.015726661909282
-6.297272034882218
-0.6677335328141274
1.0125477894095227
-0.6893815328141275
-0.2154655164761382
0.0
0.0
0.0
0.0
0.0
0.0
0.0
0.0
0.0
0.0
0.0
0.0
0.0
0.0
0.0
0.0
0.0
0.0
0.0
0.0
0.0
0.0
0.0
0.0
0.0
0.0
0.0
0.0
0.0
0.0
0.0
0.0
0.0
0.0
0.0
0.0
0.0
0.0
0.0
0.0
0.0
0.0
0.0
0.0
0.0
0.0
0.0
0.0
0.0
0.0
0.0
0.0
0.0
0.0
0.0
0.0
0.0
0.0
0.0
0.0
0.0
0.0
0.0
0.0
0.0
0.0
0.0
0.0
0.0
0.0
0.0
0.0
0.0
0.0
0.0
0.0
0.0
0.0
0.0
0.0
0.0
0.0
0.0
0.0
0.0
0.0
0.0
0.0
0.0
0.0
0.0
0.0
0.0
0.0
0.0
0.0
0.0
0.0
0.0
0.0
0.0
0.0
0.0
0.0
0.0
0.0
0.0
0.0
0.0
0.0
0.0
0.0
0.0
0.0
0.0
0.0
0.0
0.0
0.0
0.0
0.0
0.0
0.0
0.0
0.0
0.0
0.0
</W>
<b>
-0.01102011239217763
</b>
<info>
Training (X) File : /home/vibhatha/data/libsvm/webspam/webspam_isesvm_train_x_bin.143 
Training (Y) File : /home/vibhatha/data/libsvm/webspam/webspam_isesvm_train_y.143.bin 
Testing (X) File : /home/vibhatha/data/libsvm/webspam/webspam_isesvm_test_x_bin.143 
Testing (Y) File : /home/vibhatha/data/libsvm/webspam/webspam_isesvm_test_y.143.bin 
I/O Time : 76
Kernel Matrix Calculation : 0.261 s
</info>
