<model>
linear
</model>
<W>
0.0
0.0
0.0
0.0
0.0
0.0
0.0
0.0
0.0
-2.4774629393752776
-0.46059084255408606
0.0
0.0
-0.9625098979555657
0.0
0.0
0.0
0.0
0.0
0.0
0.0
0.0
0.0
0.0
0.0
0.0
3.99773109361322
0.0
0.0
0.0
0.0
0.0
0.7273251602415425
0.03549013865933299
3.013440727010523
0.5930536929184426
-0.011775835107062416
-1.0751716231061508
-1.5376755577020569
-2.6299713686619937
0.6857266645565379
0.6901673645565378
0.27993476184638694
0.4250690201358389
0.589998806657685
3.5481839229991916
-0.5453980797734698
5.021346445132612
-0.8967724324530678
1.2392210118668316
0.8550769617683893
0.2910344605381887
0.05826362263908755
1.2289421064062995
2.0591323844425866
0.6298630219561762
1.4710704204186145
1.8624543633874189
1.8224668464454783
-0.01994215832713364
-0.8617171607451932
-4.265080246487204
-0.8764466618958003
-0.8675838197438385
0.38730011638633766
0.02472123786896324
-0.5548850916370927
-0.9604980321358422
0.5135777877858235
-1.5415986202921552
-1.839378304479872
-0.17404830426973394
-0.7859378297015406
0.33097076287970445
-0.7293879492026587
-1.2830881081883
-0.18187254169523231
-1.2836036155006867
0.20586742937812896
-0.6397321879376392
0.013679024828939172
-0.8383817383070016
0.5041214219199105
1.0666491556778128
0.20463915539129762
-0.7350254933180872
-0.3408510678830736
-0.022509108289454488
-0.06874234542701689
-0.9033580932687338
-0.38323154483583977
0.2028986572298218
0.03772353037453893
0.2028986572298218
-0.012335062077890513
2.1194368314380756
1.1164735802537962E-18
2.8637178986143756
-0.10659763088983171
-0.7708575757755951
-1.810643081320739
-1.0472666995446618
1.8338592879991231
-1.57093079240145
0.2814779101862112
3.59571078361214
-0.49006531322675007
-2.18558002301494
4.425865463207689
-4.574693149955852
3.4670208451290145
-0.9500530705906155
2.0878208404169127
-0.384380315508618
-2.8560483043317557
7.550833601129447
1.1486136179546458
0.8381523570281413
2.48827590907998
-1.383791726073306
1.2250869587845687
0.6399573590310397
-0.2774546426193311
-0.32123671867195425
0.47563748440468473
-0.32123671867195425
-0.01890568635623336
0.0
0.0
0.0
0.0
0.0
0.0
0.0
0.0
0.0
0.0
0.0
0.0
0.0
0.0
0.0
0.0
0.0
0.0
0.0
0.0
0.0
0.0
0.0
0.0
0.0
0.0
0.0
0.0
0.0
0.0
0.0
0.0
0.0
0.0
0.0
0.0
0.0
0.0
0.0
0.0
0.0
0.0
0.0
0.0
0.0
0.0
0.0
0.0
0.0
0.0
0.0
0.0
0.0
0.0
0.0
0.0
0.0
0.0
0.0
0.0
0.0
0.0
0.0
0.0
0.0
0.0
0.0
0.0
0.0
0.0
0.0
0.0
0.0
0.0
0.0
0.0
0.0
0.0
0.0
0.0
0.0
0.0
0.0
0.0
0.0
0.0
0.0
0.0
0.0
0.0
0.0
0.0
0.0
0.0
0.0
0.0
0.0
0.0
0.0
0.0
0.0
0.0
0.0
0.0
0.0
0.0
0.0
0.0
0.0
0.0
0.0
0.0
0.0
0.0
0.0
0.0
0.0
0.0
0.0
0.0
0.0
0.0
0.0
0.0
0.0
0.0
0.0
</W>
<b>
-3.4771120461673988
</b>
<info>
Training (X) File : /home/vibhatha/data/libsvm/webspam/webspam_isesvm_train_x_bin.77 
Training (Y) File : /home/vibhatha/data/libsvm/webspam/webspam_isesvm_train_y.77.bin 
Testing (X) File : /home/vibhatha/data/libsvm/webspam/webspam_isesvm_test_x_bin.77 
Testing (Y) File : /home/vibhatha/data/libsvm/webspam/webspam_isesvm_test_y.77.bin 
I/O Time : 132
Kernel Matrix Calculation : 0.212 s
</info>
