<model>
linear
</model>
<W>
0.0
0.0
0.0
0.0
0.0
0.0
0.0
0.0
0.0
-1.7914500792766028
2.579182508890759
0.0
0.0
-2.379726141263968
0.0
0.0
0.0
0.0
0.0
0.0
0.0
0.0
0.0
0.0
0.0
0.0
2.856101310446067
0.0
0.0
0.0
0.0
0.0
0.7714889624495314
-1.0591068404881976
3.323631036249676
4.639708021827925
-0.5616722687650731
0.5286117738369396
0.6746908489485977
-5.043046812998609
2.2186182878451857
2.147867239462643
1.502643480294558
0.7657845001022249
-0.3851303518737912
6.201346007247306
-0.07386818962718555
8.633127078731903
-0.9570038710502189
-1.1146511441956712
5.785390317119983
1.5913958753578825
0.4562716559473654
-0.6132181673348336
4.971413439289039
-1.2868099525971748
2.338413743736693
-1.8961546103726175
-0.8752395571578895
-0.6177513331131688
-2.4338190948182534
-6.591233627988274
-2.411343175756122
-3.941581027477033
2.566588006020394
7.688118383246784
0.2779835909432394
-7.864402546486059
3.7792828493202077
-1.3972866413263025
-11.196134885324032
-0.5885147508868122
-0.31467623840293213
5.230438688272072
-0.7359757634536113
-0.3172817173134534
1.7245496352080902
-11.772026114980166
-0.6451906416151217
2.031652430527869
-6.708117194285896
0.3676200970624573
0.14774721717410294
2.0758769456076234
0.4909314246086933
-0.7929198700910717
-0.7942853342870135
-0.4460493566130558
2.4902046642879356
-4.094440663188396
-1.0424262962548867
1.3340669521919781
-1.6385736373247297
1.3088917421919781
0.026199053548213478
1.28559301057849
0.005672388
3.977589329290291
3.0159574076694953
-3.3092505063127056
-6.001280551967647
-3.5233372408895463
-3.759857861100526
-8.702495058203427
-0.8144951598339429
5.661798914338605
-3.0651279502603304
-1.5638509212346685
5.493081882993361
-6.223460128160187
7.263640595316909
-2.3577183603808924
1.5316263741086233
0.16087741402307343
-4.343236956979801
11.48834314286627
4.699520820315797
-2.691362690464765
3.9048311489439067
-3.700701092191544
1.5144700542850071
2.3800448384990798
-1.621705754813603
0.8828064319204334
0.23164251134185182
0.8828064319204334
-0.00467380101371365
0.0
0.0
0.0
0.0
0.0
0.0
0.0
0.0
0.0
0.0
0.0
0.0
0.0
0.0
0.0
0.0
0.0
0.0
0.0
0.0
0.0
0.0
0.0
0.0
0.0
0.0
0.0
0.0
0.0
0.0
0.0
0.0
0.0
0.0
0.0
0.0
0.0
0.0
0.0
0.0
0.0
0.0
0.0
0.0
0.0
0.0
0.0
0.0
0.0
0.0
0.0
0.0
0.0
0.0
0.0
0.0
0.0
0.0
0.0
0.0
0.0
0.0
0.0
0.0
0.0
0.0
0.0
0.0
0.0
0.0
0.0
0.0
0.0
0.0
0.0
0.0
0.0
0.0
0.0
0.0
0.0
0.0
0.0
0.0
0.0
0.0
0.0
0.0
0.0
0.0
0.0
0.0
0.0
0.0
0.0
0.0
0.0
0.0
0.0
0.0
0.0
0.0
0.0
0.0
0.0
0.0
0.0
0.0
0.0
0.0
0.0
0.0
0.0
0.0
0.0
0.0
0.0
0.0
0.0
0.0
0.0
0.0
0.0
0.0
0.0
0.0
0.0
</W>
<b>
-3.3713494211244317
</b>
<info>
Training (X) File : /home/vibhatha/data/libsvm/webspam/webspam_isesvm_train_x_bin.337 
Training (Y) File : /home/vibhatha/data/libsvm/webspam/webspam_isesvm_train_y.337.bin 
Testing (X) File : /home/vibhatha/data/libsvm/webspam/webspam_isesvm_test_x_bin.337 
Testing (Y) File : /home/vibhatha/data/libsvm/webspam/webspam_isesvm_test_y.337.bin 
I/O Time : 153
Kernel Matrix Calculation : 0.245 s
</info>
