<model>
linear
</model>
<W>
0.0
0.0
0.0
0.0
0.0
0.0
0.0
0.0
0.0
0.37280339719114775
-1.673915743979319
0.0
0.0
-5.532839989461357
0.0
0.0
0.0
0.0
0.0
0.0
0.0
0.0
0.0
0.0
0.0
0.0
2.450918141123055
0.0
0.0
0.0
0.0
0.0
-0.4361866180591587
-1.4868646541260726
3.7583126275054317
2.4849816597933145
-0.2875054241773991
-3.4155144051370594
-0.8107904039943521
-2.165120008571004
5.266241402244219
5.205338092244219
1.1796487354194745
0.8952833102557926
-2.596889527543301
5.5333131816685865
-3.165845456934113
9.212266462053805
-2.615560995050313
7.256708256333548
4.356399654010871
-2.67030369919664
0.8224661874295869
-2.710163985331678
5.06560064442605
-2.564934751787568
2.7566666954679784
-1.4596046722563718
-0.30043847370957305
-0.9566929795410525
-2.900171273121214
-1.9650032060880394
-2.2570116671846865
-2.387415370957886
0.4758967556978971
6.463027719240236
-2.4611843089352248
-4.433572622146485
2.586417859207296
-5.165596459374527
-5.510755926842739
-1.9972962276282666
-0.3708530560555382
4.597131572960666
-0.30955898311660673
-0.3733529347319882
0.5962055069262386
-2.6397570965020165
-0.3379514760779436
-2.455634067310756
-5.759940168563846
0.6510077239705909
0.8999188000336691
3.672955374357969
-1.8306470494625366
-0.36891290573154667
-0.7894994474816721
1.4136452827481527
1.146229825057198
-1.3480478925212522
-0.26015709316358704
-1.2185537452053397
0.2895982104569261
-1.0253776838472881
-0.04305551041583128
8.50845267748706
0.05463590518527144
2.7412837528482337
0.26040703286497147
-0.6846311779491319
-2.070732672544562
1.1632811126010125
1.269328286494576
-8.065104461533478
-3.1673977104746256
4.8633379396159535
-0.5065408042556229
-1.8982129849321783
4.392854381565987
-6.429540093331008
0.9240955363435077
-1.0617830362567147
-4.468041013239356
1.0268757807085158
-6.232464491367594
4.588339744228125
1.401497811384024
1.6766592081239964
8.34836192129759
-5.091473986691421
4.2471153463512294
-0.06568727562869725
-0.0927400815872655
-0.7509465097240782
0.7345313203501616
-0.8372938750946212
-0.02270121576371868
0.0
0.0
0.0
0.0
0.0
0.0
0.0
0.0
0.0
0.0
0.0
0.0
0.0
0.0
0.0
0.0
0.0
0.0
0.0
0.0
0.0
0.0
0.0
0.0
0.0
0.0
0.0
0.0
0.0
0.0
0.0
0.0
0.0
0.0
0.0
0.0
0.0
0.0
0.0
0.0
0.0
0.0
0.0
0.0
0.0
0.0
0.0
0.0
0.0
0.0
0.0
0.0
0.0
0.0
0.0
0.0
0.0
0.0
0.0
0.0
0.0
0.0
0.0
0.0
0.0
0.0
0.0
0.0
0.0
0.0
0.0
0.0
0.0
0.0
0.0
0.0
0.0
0.0
0.0
0.0
0.0
0.0
0.0
0.0
0.0
0.0
0.0
0.0
0.0
0.0
0.0
0.0
0.0
0.0
0.0
0.0
0.0
0.0
0.0
0.0
0.0
0.0
0.0
0.0
0.0
0.0
0.0
0.0
0.0
0.0
0.0
0.0
0.0
0.0
0.0
0.0
0.0
0.0
0.0
0.0
0.0
0.0
0.0
0.0
0.0
0.0
0.0
</W>
<b>
-1.1422237582222798
</b>
<info>
Training (X) File : /home/vibhatha/data/libsvm/webspam/webspam_isesvm_train_x_bin.60 
Training (Y) File : /home/vibhatha/data/libsvm/webspam/webspam_isesvm_train_y.60.bin 
Testing (X) File : /home/vibhatha/data/libsvm/webspam/webspam_isesvm_test_x_bin.60 
Testing (Y) File : /home/vibhatha/data/libsvm/webspam/webspam_isesvm_test_y.60.bin 
I/O Time : 109
Kernel Matrix Calculation : 0.205 s
</info>
