91.72661870503596
91.36690647482014
90.28776978417267
86.33093525179856
87.41007194244604
86.6906474820144
90.28776978417267
89.568345323741
89.568345323741
88.48920863309353
90.28776978417267
88.84892086330936
89.20863309352518
90.64748201438849
89.568345323741
88.12949640287769
91.00719424460432
90.64748201438849
85.97122302158273
83.09352517985612
89.92805755395683
90.28776978417267
91.00719424460432
93.5251798561151
90.64748201438849
89.92805755395683
89.92805755395683
89.568345323741
85.97122302158273
93.16546762589928
91.00719424460432
88.48920863309353
88.84892086330936
89.92805755395683
90.64748201438849
89.20863309352518
91.00719424460432
89.568345323741
89.20863309352518
89.568345323741
