91.36690647482014
90.28776978417267
89.20863309352518
88.48920863309353
86.33093525179856
87.76978417266187
89.20863309352518
89.568345323741
85.97122302158273
86.6906474820144
89.568345323741
88.12949640287769
87.41007194244604
90.64748201438849
87.76978417266187
88.12949640287769
90.64748201438849
87.76978417266187
88.12949640287769
84.17266187050359
89.20863309352518
91.36690647482014
90.28776978417267
88.84892086330936
88.84892086330936
86.6906474820144
88.48920863309353
86.6906474820144
87.76978417266187
88.48920863309353
90.64748201438849
85.97122302158273
88.48920863309353
89.92805755395683
88.84892086330936
86.6906474820144
91.00719424460432
87.05035971223022
88.12949640287769
89.20863309352518
