99.56331877729258
99.56331877729258
93.99563318777294
92.57641921397381
87.66375545851528
83.9519650655022
79.91266375545851
86.79039301310044
73.47161572052401
55.895196506550214
79.58515283842796
92.24890829694323
94.86899563318777
99.45414847161572
92.79475982532752
62.772925764192145
57.42358078602619
75.54585152838428
92.35807860262008
93.3406113537118
96.61572052401746
100.0
76.9650655021834
56.4410480349345
73.68995633187772
93.99563318777294
93.66812227074236
95.85152838427948
95.63318777292577
93.44978165938865
95.08733624454149
94.54148471615721
92.03056768558952
82.20524017467248
60.043668122270745
92.24890829694323
90.72052401746726
94.21397379912663
94.10480349344978
98.14410480349345
