90.64748201438849
89.568345323741
90.28776978417267
87.76978417266187
86.6906474820144
88.48920863309353
91.36690647482014
91.00719424460432
89.92805755395683
88.48920863309353
91.36690647482014
89.568345323741
88.12949640287769
89.568345323741
89.568345323741
88.12949640287769
91.72661870503596
88.48920863309353
90.64748201438849
83.09352517985612
90.28776978417267
89.568345323741
89.92805755395683
89.92805755395683
88.48920863309353
89.568345323741
89.92805755395683
88.12949640287769
88.48920863309353
90.64748201438849
91.00719424460432
88.84892086330936
87.76978417266187
87.76978417266187
91.72661870503596
87.05035971223022
90.28776978417267
90.64748201438849
89.568345323741
89.20863309352518
