<model>
linear
</model>
<W>
0.0
0.0
0.0
0.0
0.0
0.0
0.0
0.0
0.0
-1.7953143242766778
-0.9632575839724735
0.0
0.0
-1.2052310198196214
0.0
0.0
0.0
0.0
0.0
0.0
0.0
0.0
0.0
0.0
0.0
0.0
0.9200033961156753
0.0
0.0
0.0
0.0
0.0
-1.9645539374772236
0.9408587589277632
2.873575458911268
4.076496044511708
-0.6640810650770879
-3.44428791482823
-5.7782212538257856
-7.883091005605202
6.613701870217804
6.975770470217805
0.6878995799683676
1.9389927012809445
0.9217002243153426
-1.0466001508992633
-4.59075563602848
8.341063762612041
0.450111412559992
-1.1253243219878413
4.090373100038029
-1.634006670225944
-7.012699263485116
2.5664696167341523
8.762915493564462
4.45987358694201
3.695681810543494
-2.417762480624038
0.6220778056592522
-2.491819112973168
-3.8470859108327433
-9.614283571772347
-4.1148292149350745
-2.6956100516155894
0.4994542069850396
1.9432630826711441
-2.0281822802446734
-3.7661339959350064
1.5941522769360292
-3.837162761414859
-6.252208542452925
3.97083568490029
-0.1595058096430236
8.489728408026261
-1.3707241033406656
-2.4399341464061335
-2.119558428967961
-4.680919048621485
5.011972675158076
-1.5034252619218722
-3.3707144798936164
4.054470773747969
-2.127876549653004
2.213013835984665
0.0673198034600023
-3.82182915299628
3.5430317110612184
-0.1718555109156313
-1.7184175203452265
-3.2825578379136697
-2.6250706269097313
1.9271792781982873
0.571966306435147
1.9271792781982873
-1.3145725278820874
2.9315976431211306
-0.06593178299826155
3.0764808452402344
1.5861635948673383
3.3533072833966577
3.0646335314022446
1.8479818225196425
6.7210135609938835
-6.881967914716581
-7.6465980053800084
1.7377612718753808
-2.4054096328172196
-8.597614906858823
6.284953893005154
-11.074293453795784
2.320914029790777
-2.6864889522151074
-4.610089200372085
-7.179937210100442
-6.668929552695857
12.860055341036261
-0.3807866932672273
-4.148569259640783
7.930374587161851
-0.76773452250515
-1.9773937420624936
4.242463216654819
0.07268859799051633
0.51518341326517
0.312527868311798
0.51518341326517
-0.2192730850196038
0.0
0.0
0.0
0.0
0.0
0.0
0.0
0.0
0.0
0.0
0.0
0.0
0.0
0.0
0.0
0.0
0.0
0.0
0.0
0.0
0.0
0.0
0.0
0.0
0.0
0.0
0.0
0.0
0.0
0.0
0.0
0.0
0.0
0.0
0.0
0.0
0.0
0.0
0.0
0.0
0.0
0.0
0.0
0.0
0.0
0.0
0.0
0.0
0.0
0.0
0.0
0.0
0.0
0.0
0.0
0.0
0.0
0.0
0.0
0.0
0.0
0.0
0.0
0.0
0.0
0.0
0.0
0.0
0.0
0.0
0.0
0.0
0.0
0.0
0.0
0.0
0.0
0.0
0.0
0.0
0.0
0.0
0.0
0.0
0.0
0.0
0.0
0.0
0.0
0.0
0.0
0.0
0.0
0.0
0.0
0.0
0.0
0.0
0.0
0.0
0.0
0.0
0.0
0.0
0.0
0.0
0.0
0.0
0.0
0.0
0.0
0.0
0.0
0.0
0.0
0.0
0.0
0.0
0.0
0.0
0.0
0.0
0.0
0.0
0.0
0.0
0.0
</W>
<b>
0.3091054262070067
</b>
<info>
Training (X) File : /home/vibhatha/data/libsvm/webspam/webspam_isesvm_train_x_bin.111 
Training (Y) File : /home/vibhatha/data/libsvm/webspam/webspam_isesvm_train_y.111.bin 
Testing (X) File : /home/vibhatha/data/libsvm/webspam/webspam_isesvm_test_x_bin.111 
Testing (Y) File : /home/vibhatha/data/libsvm/webspam/webspam_isesvm_test_y.111.bin 
I/O Time : 141
Kernel Matrix Calculation : 0.269 s
</info>
