<model>
linear
</model>
<W>
0.0
0.0
0.0
0.0
0.0
0.0
0.0
0.0
0.0
-1.6243844945039343
2.717828161691707
0.0
0.0
-2.0080087633953827
0.0
0.0
0.0
0.0
0.0
0.0
0.0
0.0
0.0
0.0
0.0
0.0
2.247000618551774
0.0
0.0
0.0
0.0
0.0
1.5147549083339662
-1.0106862416183273
4.182967532934425
1.3241950412390295
-0.1527241748172447
1.6939332571518035
-0.8808631692175661
-1.9459300066723393
0.9724877527692981
0.9501920598623166
0.366202958425809
-0.07875659577846815
-0.3708171421192973
4.142748936032356
-0.9627939546979697
6.4138380380350055
0.8520970613941434
0.28580470458928114
2.6135981517982376
0.8914880212120564
0.26080354787438637
-0.15002905888883486
3.1685739256246164
0.2380218983757956
1.4453845112161505
-0.8315040441628855
1.8877226013941102
0.649792169853636
-1.1420039846873797
-5.717632615282104
-1.0985581392337305
-1.8554788826202873
0.9025801849700967
4.125576919648242
-0.7348089838348355
-3.690839243032133
2.3425629328339266
-0.7984915885202633
-5.076593833712465
0.8982355890508974
-0.7800955017645633
1.7703710208179766
-0.23044233945178
-0.33294275250687105
0.8703522418345654
-5.079253685788687
-0.05674163648125444
-0.4386230340465693
-3.348858163616104
-0.11175540257348181
1.1714247173699874
-0.023281313138685422
1.2289182874510622
-1.364614891492594
0.05146842199794039
0.7739450252878829
0.41613985464595143
-1.7179720039309534
-0.7944748876416716
0.4837179250998569
-0.5486830767276566
0.4772777550998569
0.009992824439129166
1.56473604683123
0.001451076
2.7525336053608633
0.6099760833732357
-1.7180478871096505
-4.30972291938545
-1.0547070337543771
-2.1265234215644524
-5.111317836469429
-0.21839745515013498
4.605877687101573
-1.2682178727998228
-1.0758048757597718
4.054546728581576
-4.492745635941186
6.020377274970171
-2.40975639342702
2.5955274012391856
-0.4306408843158651
-2.8219471606576367
9.140262217646463
2.4756414415447474
-1.8760684000942234
2.4360270371962205
-1.2830276165587666
1.8770128295484187
1.3860075464625428
-1.1438692653473952
-0.04057528625510017
0.22670401452437436
-0.03909051299880414
0.02197141598383254
0.0
0.0
0.0
0.0
0.0
0.0
0.0
0.0
0.0
0.0
0.0
0.0
0.0
0.0
0.0
0.0
0.0
0.0
0.0
0.0
0.0
0.0
0.0
0.0
0.0
0.0
0.0
0.0
0.0
0.0
0.0
0.0
0.0
0.0
0.0
0.0
0.0
0.0
0.0
0.0
0.0
0.0
0.0
0.0
0.0
0.0
0.0
0.0
0.0
0.0
0.0
0.0
0.0
0.0
0.0
0.0
0.0
0.0
0.0
0.0
0.0
0.0
0.0
0.0
0.0
0.0
0.0
0.0
0.0
0.0
0.0
0.0
0.0
0.0
0.0
0.0
0.0
0.0
0.0
0.0
0.0
0.0
0.0
0.0
0.0
0.0
0.0
0.0
0.0
0.0
0.0
0.0
0.0
0.0
0.0
0.0
0.0
0.0
0.0
0.0
0.0
0.0
0.0
0.0
0.0
0.0
0.0
0.0
0.0
0.0
0.0
0.0
0.0
0.0
0.0
0.0
0.0
0.0
0.0
0.0
0.0
0.0
0.0
0.0
0.0
0.0
0.0
</W>
<b>
-4.4120594016588335
</b>
<info>
Training (X) File : /home/vibhatha/data/libsvm/webspam/webspam_isesvm_train_x_bin.337 
Training (Y) File : /home/vibhatha/data/libsvm/webspam/webspam_isesvm_train_y.337.bin 
Testing (X) File : /home/vibhatha/data/libsvm/webspam/webspam_isesvm_test_x_bin.337 
Testing (Y) File : /home/vibhatha/data/libsvm/webspam/webspam_isesvm_test_y.337.bin 
I/O Time : 118
Kernel Matrix Calculation : 0.217 s
</info>
