91.36690647482014
92.44604316546763
87.76978417266187
88.48920863309353
87.76978417266187
88.12949640287769
90.28776978417267
92.08633093525181
90.28776978417267
89.568345323741
90.64748201438849
91.36690647482014
87.76978417266187
89.568345323741
91.00719424460432
88.48920863309353
89.568345323741
90.64748201438849
91.00719424460432
83.09352517985612
88.84892086330936
90.28776978417267
89.568345323741
90.28776978417267
86.33093525179856
88.84892086330936
88.12949640287769
88.84892086330936
87.41007194244604
91.72661870503596
92.44604316546763
88.48920863309353
89.568345323741
89.92805755395683
90.64748201438849
87.41007194244604
90.64748201438849
88.48920863309353
87.76978417266187
90.64748201438849
