89.20863309352518
92.08633093525181
87.05035971223022
86.6906474820144
87.05035971223022
88.84892086330936
87.76978417266187
88.48920863309353
88.84892086330936
85.61151079136691
91.00719424460432
87.05035971223022
89.568345323741
88.48920863309353
86.6906474820144
85.61151079136691
89.568345323741
87.05035971223022
88.84892086330936
83.09352517985612
86.6906474820144
91.00719424460432
90.64748201438849
87.05035971223022
88.48920863309353
85.25179856115108
87.41007194244604
87.05035971223022
85.61151079136691
88.48920863309353
89.568345323741
86.33093525179856
85.61151079136691
87.05035971223022
89.20863309352518
87.05035971223022
91.00719424460432
88.12949640287769
88.12949640287769
89.20863309352518
