91.36690647482014
89.92805755395683
88.84892086330936
88.84892086330936
88.84892086330936
87.41007194244604
89.568345323741
88.84892086330936
88.84892086330936
86.33093525179856
91.36690647482014
88.84892086330936
88.12949640287769
88.84892086330936
89.92805755395683
89.92805755395683
88.84892086330936
88.12949640287769
90.28776978417267
83.45323741007195
89.568345323741
89.568345323741
88.48920863309353
90.64748201438849
86.33093525179856
88.12949640287769
88.12949640287769
89.92805755395683
86.6906474820144
92.08633093525181
91.00719424460432
87.76978417266187
89.20863309352518
91.00719424460432
88.12949640287769
87.41007194244604
90.28776978417267
88.84892086330936
89.20863309352518
87.76978417266187
