90.28776978417267
87.76978417266187
89.568345323741
89.20863309352518
89.20863309352518
89.568345323741
89.20863309352518
89.92805755395683
90.28776978417267
88.48920863309353
91.36690647482014
87.41007194244604
88.12949640287769
90.28776978417267
89.20863309352518
88.12949640287769
89.568345323741
87.41007194244604
88.48920863309353
86.33093525179856
88.48920863309353
92.44604316546763
90.64748201438849
89.20863309352518
89.20863309352518
87.41007194244604
88.48920863309353
84.53237410071942
89.20863309352518
89.20863309352518
91.00719424460432
86.6906474820144
90.28776978417267
88.84892086330936
89.92805755395683
85.97122302158273
92.80575539568345
91.00719424460432
87.76978417266187
89.568345323741
