<model>
linear
</model>
<W>
0.0
0.0
0.0
0.0
0.0
0.0
0.0
0.0
0.0
0.47034991471544974
0.829171829389901
0.0
0.0
-0.6805372173009336
0.0
0.0
0.0
0.0
0.0
0.0
0.0
0.0
0.0
0.0
0.0
0.0
2.2886472961254043
0.0
0.0
0.0
0.0
0.0
-0.4483167193714528
0.1465057843874275
3.6413468190498453
0.39467642886530363
0.01207384899762326
-0.7164964852918253
-1.4555113268819238
-0.6727271588171468
1.1367626478026982
1.1384914068026986
0.051872965835959954
0.21049145010090883
-0.20617895951060472
1.7730362356098597
-0.3344655096283281
3.0001905848763775
0.6931234088737542
0.04079895253590918
-0.7834520252187002
-0.20506366640101809
-0.2020011141529185
-0.18730295240363018
0.15306812563465222
0.27641592614895033
0.22793138482758432
0.4994656400936654
0.9552894043207438
0.751155544752499
0.12469080659449246
-1.5554575970127897
0.12786136782790553
-0.5279534052615226
0.04706356622558134
0.30347119474297896
-0.446645544767531
-0.6012512225495112
-0.5114229276460104
-0.8992298206319014
-1.6340221388028557
-0.05697911321782478
-0.5328867233167495
0.5286697354258749
-0.040293939368416604
-0.3160367237571295
-0.28700430323414994
-0.4705468556810994
-0.0887339748885914
-0.3998084140271908
-0.15677677924510675
-0.3444979403549542
0.1765884607554584
0.5365532542610438
-0.36550767614199187
-0.30647504258496516
8.748330097981868E-4
-0.17996637422007317
-0.1525594656292366
-0.5083477364443201
-0.31376913986930455
0.11758791072097646
0.06583331796565696
0.13388701072097647
0.0027697025837710772
0.20531115836275238
2.462354E-4
2.062413108988938
0.35103881248745156
-0.5140038057227242
-1.311206169874179
-0.7020679328449393
0.6089437042496678
-1.4001199704347358
-1.0535207807254938
2.116701907481221
-0.31999522864953217
-0.9406631373216655
2.0114794828354126
-1.881814176785079
2.215568481770703
-0.30030174985746294
0.5281199117157622
-0.33732013167978625
-1.4530623975053352
2.7047063658581005
-0.0888497495512098
-0.0013857594114693311
1.6866057085109563
-1.1496759753928845
0.3140811656582946
0.581696069389574
-0.12674878204605583
0.06581962093401995
0.21513998147086683
0.06600168093401998
0.011897705400000002
0.0
0.0
0.0
0.0
0.0
0.0
0.0
0.0
0.0
0.0
0.0
0.0
0.0
0.0
0.0
0.0
0.0
0.0
0.0
0.0
0.0
0.0
0.0
0.0
0.0
0.0
0.0
0.0
0.0
0.0
0.0
0.0
0.0
0.0
0.0
0.0
0.0
0.0
0.0
0.0
0.0
0.0
0.0
0.0
0.0
0.0
0.0
0.0
0.0
0.0
0.0
0.0
0.0
0.0
0.0
0.0
0.0
0.0
0.0
0.0
0.0
0.0
0.0
0.0
0.0
0.0
0.0
0.0
0.0
0.0
0.0
0.0
0.0
0.0
0.0
0.0
0.0
0.0
0.0
0.0
0.0
0.0
0.0
0.0
0.0
0.0
0.0
0.0
0.0
0.0
0.0
0.0
0.0
0.0
0.0
0.0
0.0
0.0
0.0
0.0
0.0
0.0
0.0
0.0
0.0
0.0
0.0
0.0
0.0
0.0
0.0
0.0
0.0
0.0
0.0
0.0
0.0
0.0
0.0
0.0
0.0
0.0
0.0
0.0
0.0
0.0
0.0
</W>
<b>
-1.6825909831730161
</b>
<info>
Training (X) File : /home/vibhatha/data/libsvm/webspam/webspam_isesvm_train_x_bin.19 
Training (Y) File : /home/vibhatha/data/libsvm/webspam/webspam_isesvm_train_y.19.bin 
Testing (X) File : /home/vibhatha/data/libsvm/webspam/webspam_isesvm_test_x_bin.19 
Testing (Y) File : /home/vibhatha/data/libsvm/webspam/webspam_isesvm_test_y.19.bin 
I/O Time : 107
Kernel Matrix Calculation : 0.225 s
</info>
