<model>
linear
</model>
<W>
0.0
0.0
0.0
0.0
0.0
0.0
0.0
0.0
-0.001470843
0.4261569104799103
7.290352865027637
0.0
0.0
-3.121539098536516
0.0
0.0
0.0
0.0
0.0
0.0
0.0
0.0
0.0
0.0
0.0
0.0
0.6814936015486721
0.0
0.0
0.0
0.0
0.0
1.272624391397887
0.591227341165351
1.8878238043406086
0.7402151067861253
-0.1820062218441391
-1.2734505896587611
-3.7753645956537567
-2.7699037354473632
2.663909632861538
2.6292370428615377
-1.686072893931764
0.023104016693215636
-0.7158211371774161
2.588802113797104
1.7586328552919182
4.47041011337158
2.318215062223043
0.8648589166030424
0.2866026705327921
0.6317241179029834
-1.236886745586983
-1.599447560975819
0.3648908945658274
1.6032915792560416
1.9775650645946123
0.3223005898574818
-0.2548060561381508
-0.3635752401397776
-0.540808038491398
-4.472776427208802
-0.4176430846742396
-2.912185207744074
0.7547607070433751
1.5340727364062308
-1.9876734192555876
-1.3619191014296237
-2.7530212175215043
-1.1019303882216922
-4.366051138903949
-1.8546783172198174
0.5794358432145573
0.06102330557920427
-0.5341342670156229
-1.1154619820001552
0.490880394834636
-2.877477193323332
1.410703017160228
1.1659868684655246
-0.2545448084032078
-1.328957913926531
2.0789836709787046
1.5204757424389348
-1.7993666541292526
-0.6473299187763816
-0.6866588033877672
1.3080358555441007
-0.5070683954777849
-1.5793492244640268
-1.0468141851459274
-0.15687423490015745
0.07827875265154685
-0.16331377009801454
-0.004307101783504213
-0.21021196678391404
-0.020341457999999996
0.8599441394669007
0.647129030725974
-0.48961629638894866
-1.2974484971393598
-0.8968368299537368
1.4532347828183263
-3.5200542623861475
-1.697292483082094
6.199675356182404
-0.7114634227474135
-2.3614292446621397
3.5945298745479333
-2.923877941575785
5.916199636406324
-2.6652854679901763
0.40400861183185155
-0.1853649027190415
-3.211879065505054
8.516379586929926
2.987758309528139
-0.9283302631537579
4.963248349049907
-0.26810622298643494
-1.144974891629277
0.8132655103966353
-1.7433635512032728
-1.1444848941646288
0.4744041860285
-1.1188421931646286
-0.0300125727
0.0
0.0
0.0
0.0
0.0
0.0
0.0
0.0
0.0
0.0
0.0
0.0
0.0
0.0
0.0
0.0
0.0
0.0
0.0
0.0
0.0
0.0
0.0
0.0
0.0
0.0
0.0
0.0
0.0
0.0
0.0
0.0
0.0
0.0
0.0
0.0
0.0
0.0
0.0
0.0
0.0
0.0
0.0
0.0
0.0
0.0
0.0
0.0
0.0
0.0
0.0
0.0
0.0
0.0
0.0
0.0
0.0
0.0
0.0
0.0
0.0
0.0
0.0
0.0
0.0
0.0
0.0
0.0
0.0
0.0
0.0
0.0
0.0
0.0
0.0
0.0
0.0
0.0
0.0
0.0
0.0
0.0
0.0
0.0
0.0
0.0
0.0
0.0
0.0
0.0
0.0
0.0
0.0
0.0
0.0
0.0
0.0
0.0
0.0
0.0
0.0
0.0
0.0
0.0
0.0
0.0
0.0
0.0
0.0
0.0
0.0
0.0
0.0
0.0
0.0
0.0
0.0
0.0
0.0
0.0
0.0
0.0
0.0
0.0
0.0
0.0
0.0
</W>
<b>
-4.87576299889193
</b>
<info>
Training (X) File : /home/vibhatha/data/libsvm/webspam/webspam_isesvm_train_x_bin.53 
Training (Y) File : /home/vibhatha/data/libsvm/webspam/webspam_isesvm_train_y.53.bin 
Testing (X) File : /home/vibhatha/data/libsvm/webspam/webspam_isesvm_test_x_bin.53 
Testing (Y) File : /home/vibhatha/data/libsvm/webspam/webspam_isesvm_test_y.53.bin 
I/O Time : 121
Kernel Matrix Calculation : 0.242 s
</info>
