<model>
linear
</model>
<W>
0.0
0.0
0.0
0.0
0.0
0.0
0.0
0.0
0.0
-1.1994370853287766
-0.3289367172180282
0.0
0.0
-0.006617143885294663
0.0
0.0
0.0
0.0
0.0
0.0
0.0
0.0
0.0
0.0
0.0
0.0
2.760312856691013
0.0
0.0
0.0
0.0
0.0
0.14514709617971455
-0.8111665299945855
5.192072990406446
1.740034493725205
0.5375318942046358
0.6711865996867377
2.49314056413759
-8.58341033102595
-2.1892403865549777
-2.1474298543304324
-1.6436157774319025
1.1109657342130583
-0.9097872036083292
6.005088327967746
-3.9002745295941255
12.833607547559094
-0.03266455424578685
3.0005391060482434
2.0735367285652515
-1.8705205724735265
-1.7408385017159143
-2.0051158316537645
1.7850181417648958
2.598844791071597
4.621752320903303
0.7341136857068022
3.8676851410225925
-0.8515604293740104
-2.5977692318504944
-6.433355684313827
-2.3041566721570255
-2.0879799448549616
0.5469785470137732
4.077044156183164
2.301280082734046
-2.8764641520612404
0.24197588355736016
-1.219633146770715
-7.1976201214370485
-0.5192413695585619
-0.6593719692570104
-0.8587604127006991
-0.5450549692989617
-1.3592378525276958
-1.2965218396653075
-2.831072767760189
-0.6092223421938658
0.7309943409584327
-0.2052202128993388
0.5723100626711135
0.7023772582544224
2.4505533040207226
-3.652478733439713
-1.9772049528015467
-2.292507167948102
1.4317600585984265
-1.1397606531953435
-1.4883371207131955
-2.2200488563726095
-0.1912727740719486
0.08877552259634143
0.5599050259280515
0.05082332157173492
0.8396278723385429
0.0017079851223723687
2.1016297588458226
4.25006202751945
-6.241092507241661
-5.1569803263713725
-5.726916203036387
-0.40793269719195346
-7.8129581883199775
0.17598680699064628
5.101361439395467
-0.748249169479768
-0.29893132338366585
12.674158335920314
-5.42118044261437
8.303688244268187
-4.694764855760849
0.9060759489354715
-0.17235314782262592
-1.9043294010118688
8.824154248466542
0.5803920899197212
-1.6616170247790425
1.4997733207847248
-4.237519191304166
-0.3356008665265822
3.402197600178885
0.41572485831739625
-1.9158437957670267
1.2735072962061287
-1.9158437957670267
-0.09059190448220629
0.0
0.0
0.0
0.0
0.0
0.0
0.0
0.0
0.0
0.0
0.0
0.0
0.0
0.0
0.0
0.0
0.0
0.0
0.0
0.0
0.0
0.0
0.0
0.0
0.0
0.0
0.0
0.0
0.0
0.0
0.0
0.0
0.0
0.0
0.0
0.0
0.0
0.0
0.0
0.0
0.0
0.0
0.0
0.0
0.0
0.0
0.0
0.0
0.0
0.0
0.0
0.0
0.0
0.0
0.0
0.0
0.0
0.0
0.0
0.0
0.0
0.0
0.0
0.0
0.0
0.0
0.0
0.0
0.0
0.0
0.0
0.0
0.0
0.0
0.0
0.0
0.0
0.0
0.0
0.0
0.0
0.0
0.0
0.0
0.0
0.0
0.0
0.0
0.0
0.0
0.0
0.0
0.0
0.0
0.0
0.0
0.0
0.0
0.0
0.0
0.0
0.0
0.0
0.0
0.0
0.0
0.0
0.0
0.0
0.0
0.0
0.0
0.0
0.0
0.0
0.0
0.0
0.0
0.0
0.0
0.0
0.0
0.0
0.0
0.0
0.0
0.0
</W>
<b>
-2.486423952146602
</b>
<info>
Training (X) File : /home/vibhatha/data/libsvm/webspam/webspam_isesvm_train_x_bin.105 
Training (Y) File : /home/vibhatha/data/libsvm/webspam/webspam_isesvm_train_y.105.bin 
Testing (X) File : /home/vibhatha/data/libsvm/webspam/webspam_isesvm_test_x_bin.105 
Testing (Y) File : /home/vibhatha/data/libsvm/webspam/webspam_isesvm_test_y.105.bin 
I/O Time : 114
Kernel Matrix Calculation : 0.217 s
</info>
