<model>
linear
</model>
<W>
0.0
-9.696335000000001E-4
0.0
0.0
0.0
0.0
0.0
0.0
-0.00540493752527136
-0.8190664685568301
-0.5393488214455235
0.0
0.0
-1.7690685445264744
0.0
0.0
0.0
0.0
0.0
0.0
0.0
0.0
0.0
0.0
0.0
0.0
2.8429596946079125
0.0
0.0
0.0
0.0
0.0
-0.48404485120040874
0.08601565238338088
3.7515817819623676
3.5664557960859606
-1.005120893950702
3.2530086467180643
-2.5993197793010094
-7.504003561201187
7.782702366235155
7.671443664964791
-2.929797393593373
5.240113219919037
0.653473591081613
4.634485659369153
-3.8748259611043103
6.5235681565392
-0.0466554360165099
-3.4776551271973695
5.165166359417526
-0.43617544659259955
-4.650080267370179
-0.8573005438803301
4.577173384654565
-1.6939107773701443
4.36598021472179
-0.7634976243945177
-1.6858021998274868
4.381908765562157
-0.7089544369042704
-7.809765826646148
-0.5138411065592443
-2.8107001466028847
2.096692704349473
7.0389154262887885
2.1679545706134378
-2.7525971818309776
-0.15591711900217853
-4.53730891983542
-7.391469408315583
1.9231706263352197
-2.369601529760618
6.384043987499809
1.7465756948007702
-0.8286805648552207
-1.8577606936314333
-7.4996630409793585
2.4839544029170755
1.3677973344257817
-3.9469453433054804
2.213271352241131
4.107289987197996
5.708721956469457
-1.6077808602313992
-1.8734093231375935
-0.31442060054334625
-0.15908996785364235
-2.133048029078475
-4.1915605706456995
-2.8837282375673516
1.684955491962104
1.0291432102554015
1.684955491962104
0.09421342289538091
4.744472834454056
0.011935253056980132
5.560544763844418
-4.807771597384841
-4.299724194206291
0.06067159708680325
-2.182866854258066
-0.7141577075139267
-10.666003301147247
5.177507414240074
5.031864102041722
-5.380390439449654
1.0418698848666519
8.641932748365667
-3.1187719870075905
1.2459797944611237
-1.5424323812912242
2.3453042651057023
-2.0431625859938096
-7.1101475839705195
11.487414463221453
-1.0800421263444413
-1.368063251912283
4.371432779319678
-0.3407927033822111
0.8009709838036481
-1.002217294966806
-0.19973501150291822
-2.3338042130902883
0.9827439703339289
-2.3338042130902883
-0.08264951275130757
0.0
0.0
0.0
0.0
0.0
0.0
0.0
0.0
0.0
0.0
0.0
0.0
0.0
0.0
0.0
0.0
0.0
0.0
0.0
0.0
0.0
0.0
0.0
0.0
0.0
0.0
0.0
0.0
0.0
0.0
0.0
0.0
0.0
0.0
0.0
0.0
0.0
0.0
0.0
0.0
0.0
0.0
0.0
0.0
0.0
0.0
0.0
0.0
0.0
0.0
0.0
0.0
0.0
0.0
0.0
0.0
0.0
0.0
0.0
0.0
0.0
0.0
0.0
0.0
0.0
0.0
0.0
0.0
0.0
0.0
0.0
0.0
0.0
0.0
0.0
0.0
0.0
0.0
0.0
0.0
0.0
0.0
0.0
0.0
0.0
0.0
0.0
0.0
0.0
0.0
0.0
0.0
0.0
0.0
0.0
0.0
0.0
0.0
0.0
0.0
0.0
0.0
0.0
0.0
0.0
0.0
0.0
0.0
0.0
0.0
0.0
0.0
0.0
0.0
0.0
0.0
0.0
0.0
0.0
0.0
0.0
0.0
0.0
0.0
0.0
0.0
0.0
</W>
<b>
-2.3203845066731787
</b>
<info>
Training (X) File : /home/vibhatha/data/libsvm/webspam/webspam_isesvm_train_x_bin.375 
Training (Y) File : /home/vibhatha/data/libsvm/webspam/webspam_isesvm_train_y.375.bin 
Testing (X) File : /home/vibhatha/data/libsvm/webspam/webspam_isesvm_test_x_bin.375 
Testing (Y) File : /home/vibhatha/data/libsvm/webspam/webspam_isesvm_test_y.375.bin 
I/O Time : 107
Kernel Matrix Calculation : 0.206 s
</info>
