85.25179856115108
84.17266187050359
84.53237410071942
84.53237410071942
83.45323741007195
83.45323741007195
85.25179856115108
84.89208633093526
84.17266187050359
86.33093525179856
86.6906474820144
83.81294964028777
85.25179856115108
87.41007194244604
82.01438848920863
83.09352517985612
84.17266187050359
87.05035971223022
82.37410071942446
76.2589928057554
86.33093525179856
86.33093525179856
87.05035971223022
85.61151079136691
80.57553956834532
82.01438848920863
82.01438848920863
84.17266187050359
82.37410071942446
86.6906474820144
89.20863309352518
85.25179856115108
82.01438848920863
85.25179856115108
86.6906474820144
83.09352517985612
89.92805755395683
85.61151079136691
86.33093525179856
84.89208633093526
