<model>
linear
</model>
<W>
0.0
0.0
0.0
0.0
0.0
0.0
0.0
0.0
0.0
-0.6155510015126855
0.24477048582201588
0.0
0.0
-1.7836504423073927
0.0
0.0
0.0
0.0
0.0
0.0
0.0
0.0
0.0
0.0
0.0
0.0
1.1955685254171389
0.0
0.0
0.0
0.0
0.0
-1.092937797264721
-0.5465761788449657
2.6396859294254362
4.877669239544102
-1.0463634705733216
3.2367892200006336
-1.8268427604172057
-8.303727016775635
2.5795527101253333
2.662417656552269
-3.157742915960652
-1.5365657856714277
0.6610102870849391
2.9664356717094895
2.0732237063270014
11.833547993328718
-1.082432652243291
-7.230523716515862
4.162392807967853
5.994705584578881
-11.402387380934826
-4.394935590065633
7.145795174440488
-3.730202375790098
1.6430843675336144
0.5156730726417804
4.8542862234292965
-2.1458617583357626
-2.418348409022144
-5.221835670140733
-2.32026336895351
-7.924503332797168
1.4224868111854898
3.199454245361645
-5.321668842744866
-6.801747538150056
-5.301985690956816
2.7396462018299257
-5.239161337513456
-2.0852934464301294
-5.9442464504782535
-4.799264702774745
-0.6715805601745346
-0.6593028503226839
-4.079338624901143
2.6473057188045344
-1.3863309904776409
-1.883788816482617
-4.7056216270227385
0.9349125452413234
11.554344225730443
0.0994766430213736
0.5522416915869464
0.828895766032861
-0.1951071477482827
0.09565717789295344
-1.192413058376187
-2.0442322902578134
-1.1421041045980456
0.6931510464414137
-0.037144205634976925
0.7541440274414137
-0.32182924392280127
1.7627208729386723
0.0124341884
5.9338339385771
-4.217014149690514
-3.3422298844502016
-6.7041121677605044
-2.9470771961067577
4.905927890074518
-2.924818018548148
3.6506645308036023
3.9404154563952023
-3.759989885853885
3.619567382545644
5.016441444021916
-11.483817291095216
2.06726243208338
1.1883904204757476
-1.205638632459931
4.630114720060397
-5.267774894548861
9.571252587557243
-3.0148588330690558
-2.1797874445932273
13.292153621578628
-2.4818113264041157
0.03611942432122639
-4.227549429279889
1.569107822393349
2.9384543781757797
1.1704673029067683
2.9427055281757806
-0.3712790991
0.0
0.0
0.0
0.0
0.0
0.0
0.0
0.0
0.0
0.0
0.0
0.0
0.0
0.0
0.0
0.0
0.0
0.0
0.0
0.0
0.0
0.0
0.0
0.0
0.0
0.0
0.0
0.0
0.0
0.0
0.0
0.0
0.0
0.0
0.0
0.0
0.0
0.0
0.0
0.0
0.0
0.0
0.0
0.0
0.0
0.0
0.0
0.0
0.0
0.0
0.0
0.0
0.0
0.0
0.0
0.0
0.0
0.0
0.0
0.0
0.0
0.0
0.0
0.0
0.0
0.0
0.0
0.0
0.0
0.0
0.0
0.0
0.0
0.0
0.0
0.0
0.0
0.0
0.0
0.0
0.0
0.0
0.0
0.0
0.0
0.0
0.0
0.0
0.0
0.0
0.0
0.0
0.0
0.0
0.0
0.0
0.0
0.0
0.0
0.0
0.0
0.0
0.0
0.0
0.0
0.0
0.0
0.0
0.0
0.0
0.0
0.0
0.0
0.0
0.0
0.0
0.0
0.0
0.0
0.0
0.0
0.0
0.0
0.0
0.0
0.0
0.0
</W>
<b>
-0.45518848139690404
</b>
<info>
Training (X) File : /home/vibhatha/data/libsvm/webspam/webspam_isesvm_train_x_bin.255 
Training (Y) File : /home/vibhatha/data/libsvm/webspam/webspam_isesvm_train_y.255.bin 
Testing (X) File : /home/vibhatha/data/libsvm/webspam/webspam_isesvm_test_x_bin.255 
Testing (Y) File : /home/vibhatha/data/libsvm/webspam/webspam_isesvm_test_y.255.bin 
I/O Time : 158
Kernel Matrix Calculation : 0.292 s
</info>
