<model>
linear
</model>
<W>
0.0
0.0
0.0
0.0
0.0
0.0
0.0
0.0
0.0
-0.4958174196801082
-0.6816462431084416
0.0
0.0
-5.088700287867881
0.0
0.0
0.0
0.0
0.0
0.0
0.0
0.0
0.0
0.0
0.0
0.0
3.0815678437401357
0.0
0.0
0.0
0.0
0.0
-0.21675856334262278
-1.500548981531951
4.970627951233449
3.42905182888711
0.033250939683833435
2.0057032972539606
-7.300983317069419
-6.866893776697161
2.985918487355086
3.047762144326766
-5.000577513282421
-1.164005637024507
7.038046955104401
6.638855695248663
1.4325911624316907
10.915187955171234
-4.858395780123826
1.4674436179949586
1.7656183043361293
0.4698625331542545
-0.07929936398921344
-0.28928502831467895
1.6448387678688468
1.6770988405176253
6.002819302136911
1.9758770171294748
2.2537760235156092
0.6043827556073618
-3.6344928425474468
-7.6709475833847085
-3.508393170004372
-3.0935024507125233
1.0126324252444396
1.6311574844421588
0.6567897514101801
-0.560677356779408
0.9785119662594067
-2.162639827150894
-5.600108076470471
-0.6769197047278962
-4.503034653126009
4.8915395142156
-0.7637511367128315
-1.9638223605858085
-1.0054132175865425
-1.1648002863256022
3.1177648163488447
-0.3743667901128257
-2.963564880344805
-0.4808978925420535
1.48362148917034
4.3927949022220405
0.7227429557989732
-2.6417608326890107
-1.156668251634512
0.4694526724612635
-0.5207694395898239
-2.6289063177550154
-3.8293547072818166
1.5805717492478397
-0.014720188966449261
1.5805717492478397
-0.10019134608822576
0.4103211614715403
0.060588914909843306
4.166017699195384
1.7815913421429463
-1.243082315600124
-0.37103459464245514
-1.4923557192234522
2.1757995447995433
-9.341937960866495
2.801305953261744
7.885693121320253
1.2668718584969132
-7.188212948095347
4.67716656177051
-6.134110230722083
7.900423589795594
0.31183126908907255
-1.247732449656315
1.1594211247624637
-6.134221972287624
10.712999399218944
-5.348267106122158
-3.0415266710051734
4.616912284601782
-2.26665472161692
-2.2234930898765755
1.9601849801742268
0.015649356339565712
-1.139293233320199
1.2015980787299398
-1.1602869307147388
-0.4528829304000001
0.0
0.0
0.0
0.0
0.0
0.0
0.0
0.0
0.0
0.0
0.0
0.0
0.0
0.0
0.0
0.0
0.0
0.0
0.0
0.0
0.0
0.0
0.0
0.0
0.0
0.0
0.0
0.0
0.0
0.0
0.0
0.0
0.0
0.0
0.0
0.0
0.0
0.0
0.0
0.0
0.0
0.0
0.0
0.0
0.0
0.0
0.0
0.0
0.0
0.0
0.0
0.0
0.0
0.0
0.0
0.0
0.0
0.0
0.0
0.0
0.0
0.0
0.0
0.0
0.0
0.0
0.0
0.0
0.0
0.0
0.0
0.0
0.0
0.0
0.0
0.0
0.0
0.0
0.0
0.0
0.0
0.0
0.0
0.0
0.0
0.0
0.0
0.0
0.0
0.0
0.0
0.0
0.0
0.0
0.0
0.0
0.0
0.0
0.0
0.0
0.0
0.0
0.0
0.0
0.0
0.0
0.0
0.0
0.0
0.0
0.0
0.0
0.0
0.0
0.0
0.0
0.0
0.0
0.0
0.0
0.0
0.0
0.0
0.0
0.0
0.0
0.0
</W>
<b>
-2.47457966372556
</b>
<info>
Training (X) File : /home/vibhatha/data/libsvm/webspam/webspam_isesvm_train_x_bin.304 
Training (Y) File : /home/vibhatha/data/libsvm/webspam/webspam_isesvm_train_y.304.bin 
Testing (X) File : /home/vibhatha/data/libsvm/webspam/webspam_isesvm_test_x_bin.304 
Testing (Y) File : /home/vibhatha/data/libsvm/webspam/webspam_isesvm_test_y.304.bin 
I/O Time : 111
Kernel Matrix Calculation : 0.228 s
</info>
