88.48920863309353
85.61151079136691
86.6906474820144
88.48920863309353
85.25179856115108
85.97122302158273
87.41007194244604
87.05035971223022
86.33093525179856
86.6906474820144
86.6906474820144
85.97122302158273
86.33093525179856
88.48920863309353
85.97122302158273
85.97122302158273
86.6906474820144
87.76978417266187
88.48920863309353
79.49640287769785
85.61151079136691
89.568345323741
87.41007194244604
85.25179856115108
86.6906474820144
84.53237410071942
86.33093525179856
81.65467625899281
87.41007194244604
86.6906474820144
89.20863309352518
85.25179856115108
86.6906474820144
84.89208633093526
88.12949640287769
83.09352517985612
89.568345323741
87.76978417266187
86.33093525179856
86.33093525179856
