91.36690647482014
89.92805755395683
87.41007194244604
89.568345323741
88.48920863309353
87.76978417266187
90.28776978417267
88.84892086330936
90.28776978417267
85.97122302158273
91.72661870503596
87.76978417266187
88.12949640287769
88.84892086330936
89.568345323741
89.92805755395683
88.84892086330936
88.12949640287769
88.84892086330936
83.81294964028777
88.84892086330936
90.28776978417267
88.84892086330936
90.64748201438849
86.33093525179856
88.84892086330936
87.41007194244604
89.92805755395683
87.41007194244604
93.16546762589928
91.72661870503596
87.76978417266187
89.568345323741
90.28776978417267
89.568345323741
88.12949640287769
90.28776978417267
91.00719424460432
89.568345323741
88.12949640287769
