<model>
linear
</model>
<W>
0.0
0.0
0.0
0.0
0.0
0.0
0.0
0.0
0.0
-1.016995780520989
2.5644372820767534
0.0
0.0
-4.0108238448627755
0.0
0.0
0.0
0.0
0.0
0.0
0.0
0.0
0.0
0.0
0.0
0.0
4.8463989696304255
0.0
0.0
0.0
0.0
0.0
1.798767971999801
1.3091370334340473
3.265804360648879
1.906958183860061
-0.1538007928438447
3.1778673264654635
2.082284961290134
-3.1106373153243236
8.238951737313553
8.245715636616227
0.49938251193252836
2.1717552567671694
-2.8295253291914757
6.6927919630329304
-1.0895856311112118
9.325129632150528
-0.3835008521199024
2.6382335097769585
4.881571429680884
-1.3595254839482942
-5.940669516649922
-3.421146660598422
6.366206441461796
-1.8854154140981072
2.759482026041293
-1.6371109942335267
-2.503263708642857
1.4185801426081335
-1.3432723541871066
-5.94195225224386
-1.1470775606053754
-4.425996036380198
0.7775918418811184
1.4363267681390044
0.8437831928815943
-6.112455271701465
1.8183313145207245
-3.6506531054241345
-9.637192584361305
1.2800954151617099
-3.4947342179064567
-1.8846528871896269
1.144765147840469
-1.2385953721079113
-0.2886256133874158
-0.7073664491777586
3.948073559333125
3.759829532978843
-0.16845135025545008
1.1559769606401094
2.595761671960263
4.0652832781881685
-2.794858317763717
-1.1994387303205996
-0.4098184179238982
-1.5326964161298415
1.1595626760267075
-3.005850142350153
-0.8453634598220302
0.24682967707955258
-0.054770891363339645
0.24346857707955255
0.1870679983125733
3.1057376235228262
-0.002937149
5.332964214146672
-0.9636327328522851
0.9455751014856646
-0.48157218958494635
-0.6116344971962526
5.152319816004291
-5.430939211885247
0.31177455761477585
4.3118804383511815
-4.673257565130545
-1.8494573996210453
1.271545176187007
-3.3021787960966043
5.597149587257347
-7.440632667342348
3.014153160105766
-2.0315096267904083
-3.177659966968688
7.501953978571509
0.04760762551732334
0.4684728398685969
4.538221131461221
-1.1579989821156895
0.2176515831701532
-1.9261459718685452
0.4478423467747724
0.6033012603496963
0.77242736080794
0.6033012603496963
-0.03400063779252132
0.0
0.0
0.0
0.0
0.0
0.0
0.0
0.0
0.0
0.0
0.0
0.0
0.0
0.0
0.0
0.0
0.0
0.0
0.0
0.0
0.0
0.0
0.0
0.0
0.0
0.0
0.0
0.0
0.0
0.0
0.0
0.0
0.0
0.0
0.0
0.0
0.0
0.0
0.0
0.0
0.0
0.0
0.0
0.0
0.0
0.0
0.0
0.0
0.0
0.0
0.0
0.0
0.0
0.0
0.0
0.0
0.0
0.0
0.0
0.0
0.0
0.0
0.0
0.0
0.0
0.0
0.0
0.0
0.0
0.0
0.0
0.0
0.0
0.0
0.0
0.0
0.0
0.0
0.0
0.0
0.0
0.0
0.0
0.0
0.0
0.0
0.0
0.0
0.0
0.0
0.0
0.0
0.0
0.0
0.0
0.0
0.0
0.0
0.0
0.0
0.0
0.0
0.0
0.0
0.0
0.0
0.0
0.0
0.0
0.0
0.0
0.0
0.0
0.0
0.0
0.0
0.0
0.0
0.0
0.0
0.0
0.0
0.0
0.0
0.0
0.0
0.0
</W>
<b>
-4.442487373600555
</b>
<info>
Training (X) File : /home/vibhatha/data/libsvm/webspam/webspam_isesvm_train_x_bin.387 
Training (Y) File : /home/vibhatha/data/libsvm/webspam/webspam_isesvm_train_y.387.bin 
Testing (X) File : /home/vibhatha/data/libsvm/webspam/webspam_isesvm_test_x_bin.387 
Testing (Y) File : /home/vibhatha/data/libsvm/webspam/webspam_isesvm_test_y.387.bin 
I/O Time : 147
Kernel Matrix Calculation : 0.229 s
</info>
