<model>
linear
</model>
<W>
0.0
0.0
0.0
0.0
0.0
0.0
0.0
0.0
0.0
0.022304872457112036
2.6848606913330126
0.0
0.0
-1.5551637457863772
0.0
0.0
0.0
0.0
0.0
0.0
0.0
0.0
0.0
0.0
0.0
0.0
-1.0089926552152244
0.0
0.0
0.0
0.0
0.0
1.0704877304341267
-1.202869535303856
5.366554591410764
1.5954332899391452
-0.22240761029869843
0.25064543110708676
-3.0370088038234693
2.9990554745509836
1.67385812185391
1.655812678855306
-0.6248034789928691
0.6306737268946403
1.7142290911477558
-1.0409755511164789
-1.87131427162648
8.793766538172367
-0.32116095806785805
0.9624208922847082
1.4989893176867461
0.013489477428673437
-2.015846445083692
-0.2849737955015998
3.392782524460984
-0.7655258960215725
0.7522449558016686
-0.5218959410137027
2.087883640744693
-3.7998657542033287
-3.4426515895548087
-6.421402481692885
-1.8922017650370055
-1.1098816948800538
0.4006824719704288
4.308984472759918
-0.5999322934807004
-2.170598551208097
1.330549924524458
-2.67626109230332
-5.503027547119735
1.0021396286175654
-1.3060775458933154
2.4494896271984437
-0.27385998132089423
-1.6114365674988524
-0.9823017035933389
-3.8557455885568452
0.6606285744730492
0.8835754717876017
-0.43963290633480967
-0.4578646141298824
2.9086297466831357
1.6289242804005155
0.9216633685076452
-0.7872869649486619
1.0862760677093344
0.3689012582822708
0.02008947184612336
-1.927943226147393
-1.6001184403635624
0.31921086297480894
0.4006409428561953
0.3300340381401533
0.0010328546128357216
3.706239937742361
-2.00694999999999E-5
5.429025121024602
-0.6392776775128249
-0.3711901023125712
-2.8732356814818925
0.09244056206461113
0.7473659366252493
-4.367756722251766
-0.19806615370955252
2.89547011335533
-0.6935728103652721
0.16648942099542377
5.6359826063917104
-3.3704572482802213
2.3962536403707126
-3.340811863410698
1.3036952463794544
-1.8683729201172745
0.6184494681329702
3.828715615100343
0.20801674205305382
-0.6897310547219176
4.558162977872476
-4.620930394683466
0.3649389290231041
-0.8825661138789377
-1.4725181244686418
-0.7205327167775102
0.4996429995993972
-0.715157135694592
-0.2219121622242808
0.0
0.0
0.0
0.0
0.0
0.0
0.0
0.0
0.0
0.0
0.0
0.0
0.0
0.0
0.0
0.0
0.0
0.0
0.0
0.0
0.0
0.0
0.0
0.0
0.0
0.0
0.0
0.0
0.0
0.0
0.0
0.0
0.0
0.0
0.0
0.0
0.0
0.0
0.0
0.0
0.0
0.0
0.0
0.0
0.0
0.0
0.0
0.0
0.0
0.0
0.0
0.0
0.0
0.0
0.0
0.0
0.0
0.0
0.0
0.0
0.0
0.0
0.0
0.0
0.0
0.0
0.0
0.0
0.0
0.0
0.0
0.0
0.0
0.0
0.0
0.0
0.0
0.0
0.0
0.0
0.0
0.0
0.0
0.0
0.0
0.0
0.0
0.0
0.0
0.0
0.0
0.0
0.0
0.0
0.0
0.0
0.0
0.0
0.0
0.0
0.0
0.0
0.0
0.0
0.0
0.0
0.0
0.0
0.0
0.0
0.0
0.0
0.0
0.0
0.0
0.0
0.0
0.0
0.0
0.0
0.0
0.0
0.0
0.0
0.0
0.0
0.0
</W>
<b>
-3.708793562822633
</b>
<info>
Training (X) File : /home/vibhatha/data/libsvm/webspam/webspam_isesvm_train_x_bin.226 
Training (Y) File : /home/vibhatha/data/libsvm/webspam/webspam_isesvm_train_y.226.bin 
Testing (X) File : /home/vibhatha/data/libsvm/webspam/webspam_isesvm_test_x_bin.226 
Testing (Y) File : /home/vibhatha/data/libsvm/webspam/webspam_isesvm_test_y.226.bin 
I/O Time : 153
Kernel Matrix Calculation : 0.244 s
</info>
