<model>
linear
</model>
<W>
0.0
0.0
0.0
0.0
0.0
0.0
0.0
0.0
0.0
-1.837684785193861
-0.15899507780059818
0.0
0.0
-1.4850479123744502
0.0
0.0
0.0
0.0
0.0
0.0
0.0
0.0
0.0
0.0
0.0
0.0
3.439696751849515
0.0
0.0
0.0
0.0
0.0
0.2563249028320502
-0.7146406165607535
3.116710078767789
1.5638099204446994
-0.557426695387374
-2.6066682787026325
-2.7709488916930023
-2.8765476063108477
3.2067840833247656
3.276379553324767
4.604860375725486
2.2560768905274924
-1.3688611632352885
5.593801130364061
2.9727683855169014
6.636305396588743
-2.4852628807199784
3.5188689181534256
5.961142665075936
-2.20211790364589
-0.3400391192908811
0.7929856310965413
5.960893740860712
1.1402293476856333
3.9448183806737416
-4.33399243676788
2.9257998805408265
-2.77799588662578
-1.0443058120021802
-6.6341564777855035
-0.8634790734806779
-0.7268582117582247
1.1566229769213925
3.0508031930808084
-0.6635670488228085
-3.3389415886918665
2.846678160674922
-1.7923171487182639
-5.22361978532501
1.486437950174047
-2.7345649831008787
1.078223196542156
-1.1927078819550923
-0.6707626288296715
-0.5331641264469462
-5.648754989028625
-1.2554704808185837
-0.1949355150099456
-0.8103899566023591
0.986319374672953
5.167663485699141
4.639274021189722
-2.0255478447257467
0.5031156922643918
0.15442678232661528
-0.3940790275441041
-0.6134175457432955
-1.7337371426786523
-0.7452160791903124
1.6171524139989968
-0.6058656634959764
1.8617499139989966
-0.016390738052136908
6.328986301655548
0.04703628568378253
1.8489742488310954
2.5432089263972224
-3.991526580185856
-3.9675941455256285
-0.04339870382353084
7.071267576283077
-4.076504888250333
-0.5898573038847776
4.082557347227916
-3.59104923727604
0.21714672547178926
5.189208864144492
-10.284673098053789
2.763107387281549
-1.777986126957558
-1.1347423639923242
1.3310744766176652
-2.676302300464075
8.513700767092523
2.6738143998881725
2.782755155945367
7.2555723668758985
-5.89759213318288
-0.5541729548642802
-3.5409241696656433
0.7326390584809791
-0.14593828011806648
0.9940306191884307
-0.2915470301180663
-0.02007072225388815
0.0
0.0
0.0
0.0
0.0
0.0
0.0
0.0
0.0
0.0
0.0
0.0
0.0
0.0
0.0
0.0
0.0
0.0
0.0
0.0
0.0
0.0
0.0
0.0
0.0
0.0
0.0
0.0
0.0
0.0
0.0
0.0
0.0
0.0
0.0
0.0
0.0
0.0
0.0
0.0
0.0
0.0
0.0
0.0
0.0
0.0
0.0
0.0
0.0
0.0
0.0
0.0
0.0
0.0
0.0
0.0
0.0
0.0
0.0
0.0
0.0
0.0
0.0
0.0
0.0
0.0
0.0
0.0
0.0
0.0
0.0
0.0
0.0
0.0
0.0
0.0
0.0
0.0
0.0
0.0
0.0
0.0
0.0
0.0
0.0
0.0
0.0
0.0
0.0
0.0
0.0
0.0
0.0
0.0
0.0
0.0
0.0
0.0
0.0
0.0
0.0
0.0
0.0
0.0
0.0
0.0
0.0
0.0
0.0
0.0
0.0
0.0
0.0
0.0
0.0
0.0
0.0
0.0
0.0
0.0
0.0
0.0
0.0
0.0
0.0
0.0
0.0
</W>
<b>
-3.0599517389217454
</b>
<info>
Training (X) File : /home/vibhatha/data/libsvm/webspam/webspam_isesvm_train_x_bin.144 
Training (Y) File : /home/vibhatha/data/libsvm/webspam/webspam_isesvm_train_y.144.bin 
Testing (X) File : /home/vibhatha/data/libsvm/webspam/webspam_isesvm_test_x_bin.144 
Testing (Y) File : /home/vibhatha/data/libsvm/webspam/webspam_isesvm_test_y.144.bin 
I/O Time : 158
Kernel Matrix Calculation : 0.268 s
</info>
