<model>
linear
</model>
<W>
0.0
0.0
0.0
0.0
0.0
0.0
0.0
0.0
0.0
-1.0723910206299898
-3.3061162152575143
0.0
0.0
-1.8024330886625697
0.0
0.0
0.0
0.0
0.0
0.0
0.0
0.0
0.0
0.0
0.0
0.0
1.716873644210604
0.0
0.0
0.0
0.0
0.0
0.6670384721738576
0.2753819805871764
5.30592657916768
6.562655399684878
-1.706444400902682
2.597964169504598
-1.5861338120048991
-8.64886326003857
6.302034043775246
6.309631271845335
-0.1789589832299018
5.577743741319536
-1.2045519782628409
8.166613403369436
-4.208940684143338
8.61344141974158
-3.3386903090742566
2.462925745057156
3.2298780628234085
-2.4883536846979966
-2.9983072260818138
0.7486051588061631
10.216025333541136
2.3281208046746893
4.776968496058884
2.4418596316867593
1.6151796760312294
1.1069280197090725
-0.5178441778467109
-3.778343284493684
-0.31481256288320564
-3.067102718685522
1.0496019703480544
3.614017998026851
-6.272503693334683
-1.2989455681016355
0.9388464271836193
-1.4000062772813142
-5.888218258740983
-2.1312469244663905
2.6302157480913677
4.211874663699116
0.23650203133875478
-5.762276259461184
3.7812516353328784
-4.834786604919299
0.8774026761563763
0.8514520989948915
-1.7204825749447783
0.05327316269700712
-3.111417455653379
7.16000941517608
-3.1658345290284955
-2.8775833846535592
0.15502343114478548
0.28430211797153615
-1.4577029396153798
-3.4887476619890054
-3.60457196003734
1.1328779074965492
0.4706031790189327
1.1292095674965492
0.03286853755647948
4.70005792700618
-0.011560933799999985
3.208844709514591
-4.072945719720853
-2.0496806067235327
0.20487076456169184
0.9984831371481494
-0.7280508155916099
-12.378194972465279
-0.926473612669178
7.899234369978057
-3.241404151014706
-2.6516092739439925
2.178544430526759
-13.452067107208931
4.232325377527474
-2.2829033051630887
0.6623251704082127
3.4618324514199346
-1.6305974450855554
10.363496584313967
2.0064442037398083
0.6518568593904811
6.067445447420402
0.96499193956947
1.2606046232962456
-1.9884876190115186
-3.5081187651615
0.5684771762658594
1.0873460491694042
0.5684771762658594
-0.6304667087695629
0.0
0.0
0.0
0.0
0.0
0.0
0.0
0.0
0.0
0.0
0.0
0.0
0.0
0.0
0.0
0.0
0.0
0.0
0.0
0.0
0.0
0.0
0.0
0.0
0.0
0.0
0.0
0.0
0.0
0.0
0.0
0.0
0.0
0.0
0.0
0.0
0.0
0.0
0.0
0.0
0.0
0.0
0.0
0.0
0.0
0.0
0.0
0.0
0.0
0.0
0.0
0.0
0.0
0.0
0.0
0.0
0.0
0.0
0.0
0.0
0.0
0.0
0.0
0.0
0.0
0.0
0.0
0.0
0.0
0.0
0.0
0.0
0.0
0.0
0.0
0.0
0.0
0.0
0.0
0.0
0.0
0.0
0.0
0.0
0.0
0.0
0.0
0.0
0.0
0.0
0.0
0.0
0.0
0.0
0.0
0.0
0.0
0.0
0.0
0.0
0.0
0.0
0.0
0.0
0.0
0.0
0.0
0.0
0.0
0.0
0.0
0.0
0.0
0.0
0.0
0.0
0.0
0.0
0.0
0.0
0.0
0.0
0.0
0.0
0.0
0.0
0.0
</W>
<b>
-4.531756007444244
</b>
<info>
Training (X) File : /home/vibhatha/data/libsvm/webspam/webspam_isesvm_train_x_bin.198 
Training (Y) File : /home/vibhatha/data/libsvm/webspam/webspam_isesvm_train_y.198.bin 
Testing (X) File : /home/vibhatha/data/libsvm/webspam/webspam_isesvm_test_x_bin.198 
Testing (Y) File : /home/vibhatha/data/libsvm/webspam/webspam_isesvm_test_y.198.bin 
I/O Time : 112
Kernel Matrix Calculation : 0.216 s
</info>
