<model>
linear
</model>
<W>
0.0
0.0
0.0
0.0
0.0
0.0
0.0
0.0
7.119194123106353E-20
0.8169174191823223
5.659285805790431
0.0
0.0
-5.3452968692053116
0.0
0.0
0.0
0.0
0.0
0.0
0.0
0.0
0.0
0.0
0.0
0.0
2.981272203973244
0.0
0.0
0.0
0.0
0.0
-0.28654813195911544
-1.8822800173434082
1.295508583414291
1.7141239804397903
-0.18931085841013343
2.930063242466149
-6.145993486277797
-10.738947913330358
0.22274994482973381
0.44227316547806683
-1.597708474904473
-0.9226568757341492
-5.6548007269326765
0.15095855694964455
-2.643651978889764
11.25130297205493
2.061075421773985
5.033771691676696
4.975423113273273
-0.6920080419282756
-5.968455383028359
-2.5582224217598046
7.748512714753907
-2.2513239880156877
0.9355326601800289
-0.5229877888362218
0.12333854273459988
-3.4875725134044773
-0.9717211073079648
-5.806013888179853
-0.8933447583439396
-6.917001207686528
0.6855186148809788
6.4313816433949835
-2.6361458558371953
-5.2879550154438695
-0.42205637580951505
-5.233598631150918
-5.336443809616073
-1.4341525016758927
-3.07745449427751
8.149810072448588
0.25024654948394853
-1.1497750829709164
-4.53893988759575
-3.514877974108226
4.904444552449665
0.12239526498232109
-4.047161227566921
0.08883761723847068
1.0965212955315211
1.2575600310279638
-3.160233896722864
0.03658564990977792
1.7833302807807594
0.04329602516144676
-1.5108164695148765
-3.08993592254761
-2.01900605740853
0.607847158657724
-0.04507569795977159
0.6401484086577239
-0.13962599807224893
2.9908040231479953
-0.04522175
1.1841151607480533
-3.141176750704499
1.7470794702610901
-4.5443058307259365
-2.691105373015252
1.6641388899135292
-8.391171954687746
-4.339944462891739
7.781648906163174
-1.9837983825852283
-2.2886714509859254
3.05269213260384
-4.393491310466319
6.975186700882945
-3.780625734937413
-0.31684847402012006
-0.1531361576829768
1.0959489752717575
7.016882818056993
0.6968448069368591
-0.46927618919648406
6.0970946808970785
0.34299220510456063
0.31894296940865524
-0.4605683937002074
-3.537363732542634
-2.3572582297417903
-0.028094397632787736
-2.3476827297417904
-0.021179959416856783
0.0
0.0
0.0
0.0
0.0
0.0
0.0
0.0
0.0
0.0
0.0
0.0
0.0
0.0
0.0
0.0
0.0
0.0
0.0
0.0
0.0
0.0
0.0
0.0
0.0
0.0
0.0
0.0
0.0
0.0
0.0
0.0
0.0
0.0
0.0
0.0
0.0
0.0
0.0
0.0
0.0
0.0
0.0
0.0
0.0
0.0
0.0
0.0
0.0
0.0
0.0
0.0
0.0
0.0
0.0
0.0
0.0
0.0
0.0
0.0
0.0
0.0
0.0
0.0
0.0
0.0
0.0
0.0
0.0
0.0
0.0
0.0
0.0
0.0
0.0
0.0
0.0
0.0
0.0
0.0
0.0
0.0
0.0
0.0
0.0
0.0
0.0
0.0
0.0
0.0
0.0
0.0
0.0
0.0
0.0
0.0
0.0
0.0
0.0
0.0
0.0
0.0
0.0
0.0
0.0
0.0
0.0
0.0
0.0
0.0
0.0
0.0
0.0
0.0
0.0
0.0
0.0
0.0
0.0
0.0
0.0
0.0
0.0
0.0
0.0
0.0
0.0
</W>
<b>
-2.739033856642344
</b>
<info>
Training (X) File : /home/vibhatha/data/libsvm/webspam/webspam_isesvm_train_x_bin.262 
Training (Y) File : /home/vibhatha/data/libsvm/webspam/webspam_isesvm_train_y.262.bin 
Testing (X) File : /home/vibhatha/data/libsvm/webspam/webspam_isesvm_test_x_bin.262 
Testing (Y) File : /home/vibhatha/data/libsvm/webspam/webspam_isesvm_test_y.262.bin 
I/O Time : 118
Kernel Matrix Calculation : 0.21 s
</info>
