87.76978417266187
90.64748201438849
88.48920863309353
89.568345323741
85.97122302158273
88.12949640287769
88.48920863309353
88.48920863309353
91.36690647482014
86.33093525179856
90.28776978417267
88.84892086330936
86.6906474820144
87.41007194244604
88.12949640287769
89.568345323741
87.05035971223022
84.89208633093526
87.76978417266187
82.37410071942446
88.48920863309353
91.36690647482014
89.568345323741
87.76978417266187
89.20863309352518
86.6906474820144
87.76978417266187
84.53237410071942
84.89208633093526
90.64748201438849
91.72661870503596
85.97122302158273
87.05035971223022
84.17266187050359
90.64748201438849
89.20863309352518
89.92805755395683
87.76978417266187
87.05035971223022
86.6906474820144
