90.28776978417267
87.76978417266187
87.41007194244604
88.84892086330936
85.25179856115108
85.25179856115108
86.6906474820144
90.28776978417267
87.76978417266187
85.25179856115108
87.05035971223022
87.76978417266187
86.6906474820144
89.20863309352518
86.33093525179856
86.33093525179856
87.76978417266187
87.76978417266187
88.84892086330936
79.85611510791367
86.33093525179856
89.20863309352518
86.6906474820144
85.25179856115108
86.33093525179856
85.61151079136691
88.48920863309353
84.53237410071942
84.89208633093526
86.33093525179856
88.48920863309353
84.53237410071942
86.6906474820144
88.84892086330936
87.76978417266187
83.81294964028777
88.12949640287769
87.76978417266187
86.33093525179856
87.76978417266187
