<model>
linear
</model>
<W>
0.0
0.0
0.0
0.0
0.0
0.0
0.0
0.0
0.0
-1.6916813959093133
4.414559233892183
0.0
0.0
-0.8822447121315693
0.0
0.0
0.0
0.0
0.0
0.0
0.0
0.0
0.0
0.0
0.0
0.0
2.9630356944964102
0.0
0.0
0.0
0.0
0.0
-0.7883906015525429
-1.5801800674721216
2.5190039097791335
-3.9482112491566346
-0.2849892692699797
3.886558506882898
-4.971005361757515
-8.457238259967426
6.701803762951837
6.807530527458871
1.1375547269305817
-0.12360413250698468
-4.856821737208961
-2.3908185908387
-3.1029301644052283
9.738090124624271
-2.0205656613957257
3.7854846039931713
2.337369111858008
0.40579095045723956
-4.079130408702019
-1.6544784885909118
6.451237307498634
-0.5340437721036561
0.6109798125507184
2.6848885790376924
2.8268485516720254
-0.8482534922846074
-3.189105289280435
-6.156570602226363
-2.938602902944269
-1.570485888929876
-0.9509670798349413
2.944724433706242
2.2203147948071127
-4.936161465231944
-0.31056433289075636
-3.9852212437001624
-7.2210267191355415
-3.671284698692059
-1.9831377570289048
7.486379761941728
-2.1737700955961037
-2.205212446733642
-3.2818249506464596
-6.129362481907259
-1.2791807349467703
3.3077048972752676
1.9212343671361753
1.478386263988008
3.6308811568723445
3.146732071929243
-0.02021354602258229
-1.057692490004274
-1.5872376321795414
-1.6709589451663924
-1.269711841121842
-2.215573654518508
-4.958427365208691
1.8358445637132437
-1.156488191609793
1.7885095840771112
0.15533945805333493
10.386524737073966
-0.0172126840192738
7.158579811801034
-1.719266653899191
-6.450848820341684
-2.901797964858525
-0.5580026305725809
3.0702722918771888
-7.145820007919478
-1.93656416361409
7.043257907124088
-2.4273315441688865
-3.258954602965984
11.670384309605133
-11.178940651334642
4.255427248568213
0.017263930587847497
-0.6708631880799331
1.9182304342034753
-8.491847400574867
10.858828139118542
-1.7737519373112034
-3.6149318969130753
7.390655740779153
-1.997994106868959
-1.3661643546783204
4.756461368909035
-2.7817352751213296
0.3859341361547284
0.9201782835876985
0.37302461734126546
-0.15439270760096752
0.0
0.0
0.0
0.0
0.0
0.0
0.0
0.0
0.0
0.0
0.0
0.0
0.0
0.0
0.0
0.0
0.0
0.0
0.0
0.0
0.0
0.0
0.0
0.0
0.0
0.0
0.0
0.0
0.0
0.0
0.0
0.0
0.0
0.0
0.0
0.0
0.0
0.0
0.0
0.0
0.0
0.0
0.0
0.0
0.0
0.0
0.0
0.0
0.0
0.0
0.0
0.0
0.0
0.0
0.0
0.0
0.0
0.0
0.0
0.0
0.0
0.0
0.0
0.0
0.0
0.0
0.0
0.0
0.0
0.0
0.0
0.0
0.0
0.0
0.0
0.0
0.0
0.0
0.0
0.0
0.0
0.0
0.0
0.0
0.0
0.0
0.0
0.0
0.0
0.0
0.0
0.0
0.0
0.0
0.0
0.0
0.0
0.0
0.0
0.0
0.0
0.0
0.0
0.0
0.0
0.0
0.0
0.0
0.0
0.0
0.0
0.0
0.0
0.0
0.0
0.0
0.0
0.0
0.0
0.0
0.0
0.0
0.0
0.0
0.0
0.0
0.0
</W>
<b>
-2.1070654812382807
</b>
<info>
Training (X) File : /home/vibhatha/data/libsvm/webspam/webspam_isesvm_train_x_bin.249 
Training (Y) File : /home/vibhatha/data/libsvm/webspam/webspam_isesvm_train_y.249.bin 
Testing (X) File : /home/vibhatha/data/libsvm/webspam/webspam_isesvm_test_x_bin.249 
Testing (Y) File : /home/vibhatha/data/libsvm/webspam/webspam_isesvm_test_y.249.bin 
I/O Time : 124
Kernel Matrix Calculation : 0.242 s
</info>
