83.09352517985612
84.89208633093526
82.01438848920863
81.65467625899281
84.17266187050359
82.01438848920863
82.73381294964028
83.09352517985612
79.13669064748201
82.37410071942446
84.17266187050359
80.93525179856115
77.6978417266187
83.09352517985612
80.93525179856115
79.49640287769785
82.73381294964028
82.37410071942446
80.57553956834532
74.46043165467626
83.45323741007195
85.97122302158273
82.01438848920863
80.57553956834532
80.93525179856115
78.05755395683454
80.93525179856115
78.77697841726618
78.77697841726618
85.61151079136691
86.6906474820144
81.65467625899281
79.85611510791367
80.2158273381295
82.01438848920863
79.13669064748201
84.53237410071942
84.53237410071942
83.81294964028777
83.45323741007195
