85.71428571428571
73.29192546583852
73.91304347826086
70.80745341614907
74.53416149068323
78.88198757763976
77.01863354037268
77.01863354037268
80.12422360248446
78.88198757763976
79.5031055900621
84.472049689441
75.15527950310559
80.74534161490683
81.36645962732919
79.5031055900621
77.01863354037268
78.26086956521739
75.77639751552795
80.12422360248446
80.12422360248446
77.63975155279503
81.98757763975155
78.26086956521739
79.5031055900621
79.5031055900621
80.12422360248446
80.74534161490683
85.09316770186336
78.26086956521739
79.5031055900621
75.15527950310559
77.63975155279503
78.88198757763976
77.01863354037268
77.63975155279503
83.85093167701864
81.36645962732919
83.22981366459628
81.98757763975155
