86.95652173913044
75.15527950310559
77.63975155279503
73.91304347826086
78.26086956521739
77.63975155279503
77.01863354037268
78.88198757763976
80.12422360248446
80.74534161490683
79.5031055900621
83.22981366459628
78.26086956521739
81.98757763975155
83.85093167701864
78.88198757763976
79.5031055900621
80.12422360248446
77.01863354037268
82.6086956521739
81.36645962732919
80.74534161490683
81.98757763975155
78.26086956521739
77.63975155279503
80.74534161490683
81.98757763975155
83.22981366459628
83.85093167701864
81.36645962732919
78.88198757763976
77.01863354037268
76.3975155279503
78.26086956521739
79.5031055900621
81.36645962732919
83.22981366459628
80.12422360248446
83.22981366459628
83.22981366459628
