91.36690647482014
92.08633093525181
90.64748201438849
89.92805755395683
88.84892086330936
89.92805755395683
91.72661870503596
92.44604316546763
91.00719424460432
88.48920863309353
90.28776978417267
89.92805755395683
88.48920863309353
87.41007194244604
91.36690647482014
89.20863309352518
91.72661870503596
89.92805755395683
91.00719424460432
86.6906474820144
91.36690647482014
91.72661870503596
91.36690647482014
90.64748201438849
89.568345323741
92.08633093525181
85.61151079136691
89.568345323741
90.64748201438849
93.16546762589928
93.16546762589928
88.48920863309353
88.84892086330936
90.64748201438849
91.00719424460432
91.00719424460432
93.16546762589928
91.72661870503596
88.84892086330936
89.92805755395683
