<model>
linear
</model>
<W>
0.0
0.0
0.0
0.0
0.0
0.0
0.0
0.0
0.0
-1.060383953904016
1.2125554330365647
0.0
0.0
-1.3612573040499756
0.0
0.0
0.0
0.0
0.0
0.0
0.0
0.0
0.0
0.0
0.0
0.0
1.6084795257999995
0.0
0.0
0.0
0.0
0.0
0.2103785526379347
0.058430013378254084
2.695928427099645
0.31776531343443976
-0.025783977412698864
-0.49730968001968723
-1.33432180334371
-0.2794973937609488
1.1097551638782173
1.1132331938782174
0.07060900347169355
0.10590387145799834
0.014117682937583543
0.9942987911996793
-0.1976990411398203
3.6316817656013174
0.923239157925867
0.3789603699311491
0.18747673344729046
0.057910109061687844
0.10114024616747455
0.053905406085310095
0.34067925112455
0.2431101517926486
0.4738409211991737
0.5098629639605287
0.6310177329479053
0.40777861500446294
0.5582474869639376
-1.5249045410496391
0.5768109729558779
-0.30855000923287723
0.052207053499957905
0.21407672273028366
-0.4154980627407075
-0.5151353886537787
-0.8548707305062488
-0.9491955080808095
-0.8445764846859305
-0.11044868368445637
-0.6220769326878954
-0.05207935391949774
0.0924676961034729
-0.29037621109907485
-0.17743432841074738
-0.6575451178352119
-0.2080699345180878
-0.59328476715957
-0.399706935875208
-0.018955643624415566
0.22249280282864536
0.598029631535291
-0.7846275367996874
-0.2622160079959898
0.03883302062678336
-0.061724374998992554
-0.13124020419551993
-0.5769255892282633
-0.25794544824862314
0.01054138500192286
0.05552586182306911
0.03732625500192282
0.007288573290931252
0.3128718438761876
-0.011510959999999999
0.79137969903986
-0.26464842308501646
-0.2777441923727707
-1.0426701894444845
0.01850838058652149
-0.17882890276415772
-1.2101049684598084
-0.39430485964626927
3.41678910332875
-0.2036393211479702
-0.4283297924931126
1.8586578490379568
-1.7943346359204888
1.9228558719982192
-1.6367042989246892
0.7955446654805463
-0.1533920410673318
-1.9073802073290151
3.3167804011182835
0.37994246428809486
-0.5471524675974845
1.8780205642998982
-0.7212308891075291
0.16568365819068714
-0.1555216914207405
-0.10897139311753178
-0.024284618523533818
0.17101436878603704
-0.031392158523533845
-0.04415740930000001
0.0
0.0
0.0
0.0
0.0
0.0
0.0
0.0
0.0
0.0
0.0
0.0
0.0
0.0
0.0
0.0
0.0
0.0
0.0
0.0
0.0
0.0
0.0
0.0
0.0
0.0
0.0
0.0
0.0
0.0
0.0
0.0
0.0
0.0
0.0
0.0
0.0
0.0
0.0
0.0
0.0
0.0
0.0
0.0
0.0
0.0
0.0
0.0
0.0
0.0
0.0
0.0
0.0
0.0
0.0
0.0
0.0
0.0
0.0
0.0
0.0
0.0
0.0
0.0
0.0
0.0
0.0
0.0
0.0
0.0
0.0
0.0
0.0
0.0
0.0
0.0
0.0
0.0
0.0
0.0
0.0
0.0
0.0
0.0
0.0
0.0
0.0
0.0
0.0
0.0
0.0
0.0
0.0
0.0
0.0
0.0
0.0
0.0
0.0
0.0
0.0
0.0
0.0
0.0
0.0
0.0
0.0
0.0
0.0
0.0
0.0
0.0
0.0
0.0
0.0
0.0
0.0
0.0
0.0
0.0
0.0
0.0
0.0
0.0
0.0
0.0
0.0
</W>
<b>
-2.325796644744457
</b>
<info>
Training (X) File : /home/vibhatha/data/libsvm/webspam/webspam_isesvm_train_x_bin.178 
Training (Y) File : /home/vibhatha/data/libsvm/webspam/webspam_isesvm_train_y.178.bin 
Testing (X) File : /home/vibhatha/data/libsvm/webspam/webspam_isesvm_test_x_bin.178 
Testing (Y) File : /home/vibhatha/data/libsvm/webspam/webspam_isesvm_test_y.178.bin 
I/O Time : 141
Kernel Matrix Calculation : 0.262 s
</info>
