90.64748201438849
92.08633093525181
88.12949640287769
88.12949640287769
87.05035971223022
88.12949640287769
87.05035971223022
91.00719424460432
89.92805755395683
85.61151079136691
90.28776978417267
89.20863309352518
87.41007194244604
89.568345323741
89.92805755395683
87.05035971223022
88.84892086330936
88.12949640287769
88.12949640287769
84.89208633093526
90.28776978417267
92.08633093525181
92.08633093525181
86.6906474820144
89.92805755395683
89.92805755395683
88.48920863309353
89.92805755395683
88.12949640287769
91.36690647482014
92.44604316546763
89.568345323741
86.33093525179856
89.92805755395683
88.84892086330936
88.48920863309353
91.72661870503596
89.20863309352518
89.568345323741
90.28776978417267
