<model>
linear
</model>
<W>
0.0
0.0
0.0
0.0
0.0
0.0
0.0
0.0
0.0
-0.25550331888656613
-3.2637862001873623
0.0
0.0
-2.2508828500840163
0.0
0.0
0.0
0.0
0.0
0.0
0.0
0.0
0.0
0.0
0.0
0.0
5.246603271935016
0.0
0.0
0.0
0.0
0.0
2.15946632231732
-2.00577984510022
2.522233784967108
2.83677419398156
-1.0144463477025059
-2.3676105863790626
0.4184255123711685
-8.077182501984451
3.0292583916161613
3.382822662497145
2.062030764948113
1.8938210575661287
1.0064984504431753
3.682497410715535
1.2239403550752028
12.553533351061292
-0.25503298890152104
5.607214062358899
5.718317571413177
-4.1642589396012974
-6.863282455902854
-1.4906636968408953
1.2244467211931769
-1.6202151572917076
3.334211272219974
-1.1366971216626829
5.830200371931575
1.9157511218783236
-2.235691887582399
-6.531820076706322
-2.2289883905759327
-3.5791710396124046
1.8156442800104862
6.197975541900226
4.564780826939013
-0.06499118106372952
-1.1552083244042943
-1.1616357134471
-7.38395656400945
4.503943184098223
-0.8847530064235567
7.609556573063228
-1.3205408055070227
-2.5987138583906586
1.1988976652639813
-2.5888764743604167
-2.704238267481476
0.3164401299737403
-4.015269379559299
-4.075400985973747
0.8143801793431649
-3.2751665377689436
-2.0154370991610078
-2.4092057426463622
2.1982442962350945
2.230806137349887
0.24425230158909567
-3.2951179492398612
-2.688823645148983
2.9928975051241484
-4.247255136011897
2.9941013333837216
0.05330352314023333
4.044016045505659
-0.003851593220528952
2.721895779755566
-3.5682964959245944
0.3683272836080649
-2.5834207196321772
-0.3864578376404353
2.964206700504719
-5.85133802011587
-0.7464624777980466
6.320612532259836
-3.679147433832227
-3.3147035707489185
7.021558461500202
-5.054135049392279
4.211766584813478
-8.947975305363967
0.8334964827781755
-0.29441989645501954
-0.5723038096393864
9.462995473754598
1.845897616085205
1.9592695223648877
3.6544747742984187
0.5300536769732203
2.4034811496207036
-0.463531743516834
-4.038202484077451
0.1355463530484109
1.164447726694964
0.13675023316211687
-0.10209908319196279
0.0
0.0
0.0
0.0
0.0
0.0
0.0
0.0
0.0
0.0
0.0
0.0
0.0
0.0
0.0
0.0
0.0
0.0
0.0
0.0
0.0
0.0
0.0
0.0
0.0
0.0
0.0
0.0
0.0
0.0
0.0
0.0
0.0
0.0
0.0
0.0
0.0
0.0
0.0
0.0
0.0
0.0
0.0
0.0
0.0
0.0
0.0
0.0
0.0
0.0
0.0
0.0
0.0
0.0
0.0
0.0
0.0
0.0
0.0
0.0
0.0
0.0
0.0
0.0
0.0
0.0
0.0
0.0
0.0
0.0
0.0
0.0
0.0
0.0
0.0
0.0
0.0
0.0
0.0
0.0
0.0
0.0
0.0
0.0
0.0
0.0
0.0
0.0
0.0
0.0
0.0
0.0
0.0
0.0
0.0
0.0
0.0
0.0
0.0
0.0
0.0
0.0
0.0
0.0
0.0
0.0
0.0
0.0
0.0
0.0
0.0
0.0
0.0
0.0
0.0
0.0
0.0
0.0
0.0
0.0
0.0
0.0
0.0
0.0
0.0
0.0
0.0
</W>
<b>
-4.888948327550693
</b>
<info>
Training (X) File : /home/vibhatha/data/libsvm/webspam/webspam_isesvm_train_x_bin.253 
Training (Y) File : /home/vibhatha/data/libsvm/webspam/webspam_isesvm_train_y.253.bin 
Testing (X) File : /home/vibhatha/data/libsvm/webspam/webspam_isesvm_test_x_bin.253 
Testing (Y) File : /home/vibhatha/data/libsvm/webspam/webspam_isesvm_test_y.253.bin 
I/O Time : 110
Kernel Matrix Calculation : 0.204 s
</info>
