<model>
linear
</model>
<W>
0.0
0.0
0.0
0.0
0.0
0.0
0.0
0.0
0.0
-0.9450276235355749
7.099032348550509
0.0
0.0
-6.082223789705839
0.0
0.0
0.0
0.0
0.0
0.0
0.0
0.0
0.0
0.0
0.0
0.0
8.413764917568592
0.0
0.0
0.0
0.0
0.0
0.1725463671869072
-0.460836668565986
1.758790526442036
0.6349599252427842
-1.104429467433986
2.790290873635505
1.1278826904220773
-5.55326844213983
1.670758326275503
1.4845627164599673
1.898558359060713
-3.8234353664317213
-2.6379537600475174
3.6932155748747673
0.014705105332892154
8.898142168988484
-1.4216973334391239
2.9353261243783626
0.1668565119577281
-1.6477715003996571
-2.687161907156248
-2.574190151953319
3.0060089268533736
-2.618545496514084
2.4711902213183996
6.969586912355477
4.6069417563357336
0.9837300917508888
-3.94560958923803
-1.893439800692088
-3.541918780074596
-2.5989067001128743
0.8602215821003443
2.895317142645017
0.5054647910357836
-4.350479279168718
4.141650341528079
2.1492735726302006
-6.079506284908861
-2.2739233011016933
-1.9979777562814425
2.5492164479512507
-3.3722825271894736
-3.0506423022019122
-1.6982025404913952
-3.490451881866597
-0.6068654717904186
0.19089414904906676
-0.684477945711627
1.1162312135875652
-2.148193913068213
-4.687677284250196
-1.8067224079265962
-3.260030137252596
-3.4558158553855276
-2.3339208320726454
-0.8662143108380294
-0.6776395063230441
-3.012420441874162
1.2864659399276905
-5.242816378776732
1.3024668444776175
0.03513200803843349
-0.17240799287024244
-0.0029671742912275264
3.595893980294692
0.4151281249652379
-7.506276166387686
-2.824523510623423
-5.210019483860218
5.893333903087978
-9.230421107474402
-3.5222025693841474
6.7788450065943
-0.12575405800071998
0.22399510386228938
8.599560163660566
-8.08013249027888
3.189089357595193
-1.5470792969646912
-2.508230098408413
-0.9956691934906099
-2.4865215348820477
9.526197103375301
4.911120825502004
3.416046750664877
6.105814176707586
-2.2812729506537384
0.24342172137796492
-0.26548415848814233
-0.3133548730927679
-0.6105557897637561
1.0002668354845443
-0.6064688537637559
0.01763487376892821
0.0
0.0
0.0
0.0
0.0
0.0
0.0
0.0
0.0
0.0
0.0
0.0
0.0
0.0
0.0
0.0
0.0
0.0
0.0
0.0
0.0
0.0
0.0
0.0
0.0
0.0
0.0
0.0
0.0
0.0
0.0
0.0
0.0
0.0
0.0
0.0
0.0
0.0
0.0
0.0
0.0
0.0
0.0
0.0
0.0
0.0
0.0
0.0
0.0
0.0
0.0
0.0
0.0
0.0
0.0
0.0
0.0
0.0
0.0
0.0
0.0
0.0
0.0
0.0
0.0
0.0
0.0
0.0
0.0
0.0
0.0
0.0
0.0
0.0
0.0
0.0
0.0
0.0
0.0
0.0
0.0
0.0
0.0
0.0
0.0
0.0
0.0
0.0
0.0
0.0
0.0
0.0
0.0
0.0
0.0
0.0
0.0
0.0
0.0
0.0
0.0
0.0
0.0
0.0
0.0
0.0
0.0
0.0
0.0
0.0
0.0
0.0
0.0
0.0
0.0
0.0
0.0
0.0
0.0
0.0
0.0
0.0
0.0
0.0
0.0
0.0
0.0
</W>
<b>
-2.73275772926484
</b>
<info>
Training (X) File : /home/vibhatha/data/libsvm/webspam/webspam_isesvm_train_x_bin.396 
Training (Y) File : /home/vibhatha/data/libsvm/webspam/webspam_isesvm_train_y.396.bin 
Testing (X) File : /home/vibhatha/data/libsvm/webspam/webspam_isesvm_test_x_bin.396 
Testing (Y) File : /home/vibhatha/data/libsvm/webspam/webspam_isesvm_test_y.396.bin 
I/O Time : 115
Kernel Matrix Calculation : 0.21 s
</info>
