87.00873362445415
88.75545851528385
98.36244541484717
97.59825327510917
93.01310043668121
90.39301310043668
84.82532751091702
83.73362445414847
74.0174672489083
56.00436681222707
76.52838427947599
85.26200873362446
87.77292576419214
92.03056768558952
85.04366812227074
65.17467248908298
58.624454148471614
72.37991266375546
92.13973799126637
91.15720524017468
92.46724890829694
84.93449781659389
78.16593886462883
57.751091703056765
73.68995633187772
91.70305676855895
88.8646288209607
93.01310043668121
91.92139737991266
89.95633187772926
91.8122270742358
91.48471615720524
87.99126637554585
81.4410480349345
59.06113537117904
91.26637554585153
85.80786026200873
91.70305676855895
89.08296943231441
91.92139737991266
