<model>
linear
</model>
<W>
0.0
0.0
0.0
0.0
0.0
0.0
0.0
0.0
0.0
0.2773503624005613
4.0626478035534195
0.0
0.0
-0.8642911193404994
0.0
0.0
0.0
0.0
0.0
0.0
0.0
0.0
0.0
0.0
0.0
0.0
2.194084394473492
0.0
0.0
0.0
0.0
0.0
0.9011911203390648
-1.0741235167329672
4.3400354473267315
2.691067633734439
-0.0932619531068799
1.9736106982692079
-3.739959442707189
-2.1448334208698174
3.579272894731659
3.777558977712957
2.7373180035301936
-0.3799291252202874
-4.0873347046744595
-1.5133852827558416
-0.43502820617615423
6.022674754699976
-0.3633009282344401
0.6315534981170635
4.485509502756425
0.5803527183443242
-0.2248847338048871
3.7056521326419882
2.289786402471025
2.076072682471547
1.2484254369442729
0.777028717964243
2.3949191754364443
-0.3496242831540772
-2.0312733306415724
-7.428049663578531
-2.0046611747824246
-2.463627799143475
0.5308279720317944
1.7481165675666572
0.16932541636411494
-1.894068403953667
0.9636931023728086
-0.3332657919765778
-5.498833143393043
0.13884796461665314
-2.7527018903943583
3.6079498890963793
-0.024634306373327645
-2.110953146113199
0.6645945360825966
-2.19504781228549
0.6163200116887961
1.0247869362786588
0.5061588314041559
0.43260188636833496
1.2309004630333171
3.554884296879849
-0.6260853504099791
-0.19159841207375417
0.18276399157980394
-0.9800675922244722
-1.5246202797148338
-2.6267210803106864
-3.240288033372907
0.18686483047101782
-0.16023821687136666
0.18686483047101782
0.08848787453655134
2.8109336508912532
0.008722185
1.6678969871474658
-0.39811007672274074
-0.2167252298918112
-1.2322217743824595
-3.811538144414955
2.072684109007419
-9.207232330337483
2.315778032679707
5.127266355162237
-0.38212673345897374
-2.3253631732995728
3.5168843212568848
-5.349720379147416
7.254523093793262
-3.0100843021716566
0.8896833734750738
-0.1903448687892511
-1.616511902122065
11.009356591627576
1.1626433955511057
-1.585456136790401
5.540102091278554
0.19922348246566646
-0.5689828336406632
0.05402593541118317
-1.1126193311829113
-0.7972163765218678
1.0896750993829165
-0.7984751765218678
-0.5137506300000001
0.0
0.0
0.0
0.0
0.0
0.0
0.0
0.0
0.0
0.0
0.0
0.0
0.0
0.0
0.0
0.0
0.0
0.0
0.0
0.0
0.0
0.0
0.0
0.0
0.0
0.0
0.0
0.0
0.0
0.0
0.0
0.0
0.0
0.0
0.0
0.0
0.0
0.0
0.0
0.0
0.0
0.0
0.0
0.0
0.0
0.0
0.0
0.0
0.0
0.0
0.0
0.0
0.0
0.0
0.0
0.0
0.0
0.0
0.0
0.0
0.0
0.0
0.0
0.0
0.0
0.0
0.0
0.0
0.0
0.0
0.0
0.0
0.0
0.0
0.0
0.0
0.0
0.0
0.0
0.0
0.0
0.0
0.0
0.0
0.0
0.0
0.0
0.0
0.0
0.0
0.0
0.0
0.0
0.0
0.0
0.0
0.0
0.0
0.0
0.0
0.0
0.0
0.0
0.0
0.0
0.0
0.0
0.0
0.0
0.0
0.0
0.0
0.0
0.0
0.0
0.0
0.0
0.0
0.0
0.0
0.0
0.0
0.0
0.0
0.0
0.0
0.0
</W>
<b>
-3.890795797733878
</b>
<info>
Training (X) File : /home/vibhatha/data/libsvm/webspam/webspam_isesvm_train_x_bin.100 
Training (Y) File : /home/vibhatha/data/libsvm/webspam/webspam_isesvm_train_y.100.bin 
Testing (X) File : /home/vibhatha/data/libsvm/webspam/webspam_isesvm_test_x_bin.100 
Testing (Y) File : /home/vibhatha/data/libsvm/webspam/webspam_isesvm_test_y.100.bin 
I/O Time : 140
Kernel Matrix Calculation : 0.23 s
</info>
