91.00719424460432
90.64748201438849
89.568345323741
93.5251798561151
87.41007194244604
88.12949640287769
90.64748201438849
89.20863309352518
92.08633093525181
89.20863309352518
89.20863309352518
89.20863309352518
89.20863309352518
88.48920863309353
89.568345323741
89.20863309352518
88.48920863309353
90.28776978417267
91.00719424460432
83.81294964028777
92.08633093525181
93.5251798561151
89.20863309352518
91.36690647482014
88.48920863309353
90.28776978417267
89.92805755395683
89.20863309352518
88.84892086330936
92.80575539568345
92.44604316546763
88.12949640287769
89.92805755395683
88.48920863309353
91.00719424460432
89.568345323741
91.36690647482014
92.80575539568345
89.92805755395683
91.00719424460432
