86.95652173913044
78.88198757763976
80.74534161490683
81.36645962732919
81.98757763975155
81.98757763975155
73.91304347826086
81.98757763975155
80.74534161490683
82.6086956521739
85.09316770186336
81.36645962732919
81.36645962732919
86.95652173913044
79.5031055900621
88.81987577639751
78.26086956521739
77.63975155279503
82.6086956521739
84.472049689441
80.74534161490683
81.98757763975155
84.472049689441
80.74534161490683
83.85093167701864
83.85093167701864
84.472049689441
85.71428571428571
83.22981366459628
83.85093167701864
81.98757763975155
81.36645962732919
78.88198757763976
81.36645962732919
85.09316770186336
80.12422360248446
83.22981366459628
85.71428571428571
78.88198757763976
80.74534161490683
