91.00719424460432
92.80575539568345
89.92805755395683
87.76978417266187
90.28776978417267
88.12949640287769
89.92805755395683
89.568345323741
89.92805755395683
89.92805755395683
92.80575539568345
92.08633093525181
91.72661870503596
90.28776978417267
90.28776978417267
88.84892086330936
91.72661870503596
89.568345323741
89.92805755395683
83.81294964028777
92.08633093525181
91.00719424460432
90.28776978417267
90.64748201438849
88.12949640287769
89.92805755395683
89.92805755395683
91.36690647482014
86.6906474820144
93.16546762589928
91.36690647482014
89.568345323741
90.28776978417267
89.568345323741
90.28776978417267
87.76978417266187
90.28776978417267
88.48920863309353
88.84892086330936
91.36690647482014
