91.37554585152839
90.61135371179039
89.73799126637554
89.95633187772926
90.61135371179039
91.26637554585153
93.3406113537118
91.26637554585153
82.96943231441048
64.51965065502183
85.80786026200873
92.57641921397381
92.13973799126637
90.39301310043668
92.35807860262008
72.92576419213974
61.02620087336245
82.75109170305677
90.50218340611353
92.90393013100436
90.28384279475983
90.50218340611353
84.60698689956332
62.55458515283843
79.03930131004367
91.26637554585153
92.24890829694323
90.93886462882097
92.13973799126637
91.70305676855895
90.82969432314411
91.92139737991266
93.99563318777294
85.26200873362446
75.0
90.82969432314411
91.37554585152839
93.44978165938865
92.13973799126637
91.8122270742358
