83.09352517985612
83.81294964028777
85.61151079136691
82.37410071942446
82.73381294964028
83.81294964028777
83.09352517985612
84.17266187050359
81.29496402877699
80.57553956834532
86.6906474820144
81.29496402877699
81.65467625899281
85.61151079136691
82.01438848920863
82.73381294964028
84.89208633093526
84.17266187050359
82.01438848920863
76.61870503597122
84.89208633093526
85.61151079136691
87.41007194244604
83.45323741007195
83.45323741007195
79.49640287769785
81.29496402877699
82.01438848920863
82.73381294964028
84.89208633093526
90.28776978417267
83.09352517985612
79.85611510791367
82.73381294964028
87.41007194244604
81.29496402877699
88.12949640287769
84.17266187050359
84.53237410071942
85.25179856115108
