89.20863309352518
91.72661870503596
89.92805755395683
90.64748201438849
89.92805755395683
87.76978417266187
90.28776978417267
87.76978417266187
90.28776978417267
88.48920863309353
89.92805755395683
87.05035971223022
87.41007194244604
89.568345323741
88.12949640287769
89.568345323741
90.64748201438849
87.05035971223022
91.00719424460432
84.89208633093526
89.20863309352518
91.72661870503596
90.28776978417267
87.41007194244604
88.84892086330936
89.20863309352518
89.568345323741
87.05035971223022
88.48920863309353
89.92805755395683
91.72661870503596
87.41007194244604
91.00719424460432
91.72661870503596
90.64748201438849
89.92805755395683
91.72661870503596
90.64748201438849
88.12949640287769
90.28776978417267
