92.44604316546763
91.72661870503596
89.568345323741
89.568345323741
90.28776978417267
88.48920863309353
89.92805755395683
91.00719424460432
89.92805755395683
88.84892086330936
92.44604316546763
89.20863309352518
90.28776978417267
91.72661870503596
90.28776978417267
88.84892086330936
91.36690647482014
87.76978417266187
90.28776978417267
86.33093525179856
91.00719424460432
92.44604316546763
92.80575539568345
89.92805755395683
90.28776978417267
92.08633093525181
90.28776978417267
89.92805755395683
87.76978417266187
91.72661870503596
92.08633093525181
89.92805755395683
91.36690647482014
90.64748201438849
91.00719424460432
89.92805755395683
91.72661870503596
91.00719424460432
89.92805755395683
90.28776978417267
