86.33540372670807
72.67080745341616
75.77639751552795
80.12422360248446
84.472049689441
82.6086956521739
79.5031055900621
77.01863354037268
81.36645962732919
83.22981366459628
83.85093167701864
83.85093167701864
79.5031055900621
80.12422360248446
79.5031055900621
83.85093167701864
78.26086956521739
78.88198757763976
80.74534161490683
85.71428571428571
80.12422360248446
81.36645962732919
79.5031055900621
83.22981366459628
80.12422360248446
85.71428571428571
81.98757763975155
84.472049689441
86.95652173913044
85.09316770186336
77.01863354037268
80.12422360248446
82.6086956521739
78.26086956521739
83.85093167701864
81.36645962732919
79.5031055900621
88.19875776397515
78.26086956521739
82.6086956521739
