88.84892086330936
90.28776978417267
87.76978417266187
87.76978417266187
85.97122302158273
88.84892086330936
89.568345323741
88.84892086330936
88.48920863309353
88.12949640287769
91.00719424460432
87.41007194244604
88.12949640287769
90.64748201438849
87.05035971223022
85.61151079136691
92.44604316546763
88.84892086330936
86.33093525179856
84.17266187050359
91.00719424460432
91.00719424460432
90.64748201438849
88.48920863309353
87.05035971223022
88.48920863309353
89.92805755395683
88.12949640287769
87.76978417266187
89.92805755395683
92.44604316546763
88.12949640287769
89.568345323741
88.12949640287769
89.568345323741
89.568345323741
91.36690647482014
87.76978417266187
87.41007194244604
90.64748201438849
