0.818071617403,2.45198257891,2.93391260675,-1.94989160151,-1.87122748042,1.35324984973,1.56561673175,-1.12685979931,0.291666006921,-0.0225052921763,-0.569919238199,0.0997473241737
0.820012462101,2.45198257891,-1.95655544158,-1.87222448455,1.34892529228,1.60476649194,-1.12508948906,0.26112732116,-0.096387097742,-0.554797914719,0.0920203566944,2.9764703572
0.819789018133,2.45198257891,-1.87859720749,1.34469695,1.5999325718,-1.05245815652,0.277272084131,-0.116424345141,-0.642500788185,0.111226624383,2.94658129942,-4.05014796332
0.816520500556,2.45198257891,1.35038210942,1.59545235035,-1.05191075848,0.332453250572,-0.104189631836,-0.647759183955,0.0408171906314,2.98340355848,-4.02590440287,-1.66852636307
0.817060923176,2.45198257891,1.60207740812,-1.05372992528,0.330195974597,-0.0442617792116,-0.641027149606,0.0170669401411,2.98757068421,-4.03211056409,-1.66263066313,-0.820709808474
0.834024477438,2.45198257891,-1.05703471158,0.326989900244,-0.0457561451175,-0.574419205318,0.0306841332543,2.88407580649,-4.21010244816,-1.65425265164,-0.821345633061,2.96768909652
0.810879839459,2.45198257891,0.328860421315,-0.0485849614617,-0.574839914995,0.0889336957375,2.92738468967,-4.11881491122,-1.77050305316,-0.807775905532,2.93786768902,-1.79321197389
0.796548247284,2.46634348363,-0.578656201293,0.0842073832255,2.94203199858,-4.03778323834,-1.74986940455,-0.900281977395,2.97857565401,-1.7787412212,-0.323696329013,-1.29354373286
0.813558568889,2.46634348363,0.0851678904558,2.93620501586,-4.03119006463,-1.66946367665,-0.89616515244,2.87532419853,-1.89822398947,-0.307055521196,-1.29053687513,-1.93878330541
0.803241173579,2.46634348363,2.94785557339,-4.03001960344,-1.66766674066,-0.826382420271,2.91854244716,-1.86950018116,-0.388325721546,-1.27986260825,-1.93080556327,1.56365464032
0.801378274451,2.46634348363,-4.04448031989,-1.66886801262,-0.82629286288,2.94085719211,-1.87542089981,-0.400462567103,-1.38639190901,-1.92408250567,1.54464982449,2.20136347004
0.78272070313,2.46634348363,-0.830798389944,2.92749923002,-1.79140484805,-0.327670585996,-1.37228269178,-2.01457994496,1.5403616197,2.20952157638,-1.18942882933,-1.67372879366
0.791715621932,2.46634348363,2.93911715593,-1.79248195209,-0.328591002324,-1.2965754318,-2.02200315753,1.47603090946,2.19359472567,-1.17813060714,-1.66779301453,1.61715745908
0.804355795233,2.46634348363,-1.79855577868,-0.331136001369,-1.29553365601,-1.93821115659,1.50475761497,2.1115863133,-1.28201841931,-1.65944686081,1.59774046095,1.36117438342
0.797483594127,2.46634348363,-0.331732312287,-1.29710835368,-1.93586996263,1.54466467036,2.14689504033,-1.26997027918,-1.77583213084,1.62623878892,1.34372946253,-1.27508995846
0.787826137979,2.46634348363,-1.30132538746,-1.93680209975,1.53995246633,2.17881171368,-1.2696820683,-1.75042047374,1.59516690206,1.37066024452,-1.27222526743,0.721911042558
0.797104259019,2.46634348363,-1.94341687686,1.53553243333,2.17281525729,-1.19525151038,-1.75510796364,1.52935305901,1.33295221755,-1.26143799644,0.709390965576,-0.398718761577
0.804898816039,2.46634348363,1.54193289521,2.16776016322,-1.19441493225,-1.67463705018,1.55863198629,1.27423439129,-1.36748889905,0.73240713452,-0.402605578205,-0.698352509884
0.797538156026,2.46634348363,2.17653038381,-1.19609109988,-1.67282963726,1.59786866056,1.30087122546,-1.35312776886,0.678126757692,-0.386451733069,-0.699930967276,-0.136731818465
0.801658878504,2.46634348363,-1.19992949396,-1.67402572838,1.59304870967,1.34331532367,-1.35370076438,0.637129725627,-0.469783469479,-0.685611968757,-0.14263696575,0.294648475682
0.799341296883,2.46634348363,-1.67965554935,1.588575396,1.33901088527,-1.27822472702,0.657168493597,-0.479715916956,-0.776711451244,-0.124878809155,0.285420002194,-3.26222499549
0.795298519975,2.46634348363,1.5951746771,1.33479249184,-1.27722011444,0.707622451611,-0.471243571072,-0.778337856987,-0.20141876039,0.305819772686,-3.2440515432,-4.82546211863
0.794482689674,2.46634348363,1.3404405267,-1.27881318925,0.704605396126,-0.406748314199,-0.772958138474,-0.218613655755,0.240462982916,-3.24543275463,-4.7952455875,0.84697664499
0.796150724876,2.46634348363,-1.28296164786,0.70102361182,-0.407508585085,-0.704708522228,-0.207437248678,0.211309946166,-3.40299841642,-4.80619948679,0.833493070604,0.0417467865306
0.754179633507,2.46634348363,-0.70903806489,-0.150239223983,0.280589657371,-3.25426104589,-4.92872863247,0.761773004432,-0.0185953023224,-1.05245557811,-1.02953305011,1.11923717946
0.754392684733,2.46634348363,-0.150157485373,0.277433361645,-3.24925463384,-4.80876704209,0.783102619334,-0.040737740312,-1.15308021691,-1.01724808329,1.10365612733,-0.358584738567
0.742098070126,2.46634348363,-3.26040157848,-4.79866994276,0.828720607519,0.0312571077044,-1.14293398318,-1.10937724021,1.08512533509,-0.346381134045,0.517074522628,3.75604041854
0.748598730681,2.46634348363,-4.81601176637,0.825014276881,0.0296098035968,-1.0700806042,-1.10742587481,1.03311416496,-0.428672430579,0.5389038734,3.72014560286,-1.75065982245
0.746478611171,2.46634348363,0.828751526583,0.0267053595164,-1.0694975178,-1.03501433794,1.05725387847,-0.439717419189,0.479599151696,3.76174166159,-1.74413137159,-1.57627821791
0.749531479338,2.46634348363,0.0274503337747,-1.07129903675,-1.0345022665,1.10272940828,-0.430830835661,0.443974645691,3.78611846771,-1.73625631513,-1.57109319178,1.5025796251
0.771361435366,2.46634348363,-1.07466967679,-1.03633890226,1.09891219604,-0.366838451199,0.462013035902,3.66101340255,-1.85463595563,-1.56215028666,1.48404532728,1.56299829117
0.76117394934,2.46634348363,-1.03957850236,1.09493473529,-0.36767954614,0.514895394136,3.7123685079,-1.82709172054,-1.6760092347,1.51184202283,1.54399853181,-1.61548644317
0.751978970242,2.46634348363,1.09968371909,-0.370185320865,0.51226864273,3.72480534627,-1.83257324317,-1.65329897073,1.4777998046,1.572165209,-1.60999935939,0.737407791329
0.760690686805,2.46634348363,-0.370927999082,0.508879863269,3.71567799778,-1.75113839714,-1.65698063829,1.41516213338,1.5396892925,-1.60129655098,0.724768328385,-1.67412951209
0.769742765691,2.46634348363,0.511432156594,3.70907468175,-1.74917605638,-1.5777307638,1.44325846175,1.47537677669,-1.7161719384,0.747879393706,-1.66819064585,-2.18823052537
0.760324342625,2.46634348363,3.72362216161,-1.75029553589,-1.57611960209,1.48393077659,1.50409670778,-1.692374797,0.694000756703,-1.65984694598,-2.1783310578,-1.16771123827
0.764580170758,2.46634348363,-1.7562112365,-1.57741273917,1.47934156871,1.54401198712,-1.69646114671,0.652574144717,-1.77624260429,-2.17313552302,-1.16567378603,1.34699033294
0.754823983554,2.46634348363,-1.5826804288,1.47498235714,1.53930110487,-1.6167199999,0.672772860187,-1.75081983901,-2.30285880598,-1.15422896734,1.32965468507,-1.14140200094
0.735168708935,2.46634348363,1.54127974835,-1.61628397021,0.719984382932,-1.67503553048,-2.27318267414,-1.24611164693,1.31842287294,-1.12796130662,-4.24833113448,3.54189096472
0.743028220597,2.46634348363,-1.62169735961,0.716387166219,-1.67322731057,-2.18626514241,-1.24557634817,1.26009823775,-1.23054646442,-4.25590992969,3.50764594274,0.981804577343
0.711195249726,2.46634348363,-1.68005431269,-2.18410532381,-1.17065738018,1.32921049517,-1.21908440525,-4.34221158217,3.56675579569,0.99188995833,-0.599604472691,1.56534733022
0.731983333299,2.46634348363,-2.19164705959,-1.17235738789,1.32493462138,-1.14528345502,-4.3737405162,3.44758709221,0.944347096875,-0.584666341948,1.54632947401,0.148441521828
0.737709734523,2.46634348363,-1.17610682167,1.3207303531,-1.14454807044,-4.26068487291,3.49673188425,0.896145647557,-0.673144754176,1.57451053585,0.140339417364,0.0122041660467
0.734181398379,2.4720090957,1.32632567931,-1.14627427814,-4.25364028662,3.51185197847,0.918866869901,-0.677573867261,1.54209551616,0.159843870368,0.00515162545981,0.251218889068
0.74330882465,2.4720090957,-1.14992594545,-4.25224660251,3.50315589568,0.966064406589,-0.671150603613,1.47771788346,0.0906967916247,0.0238218111204,0.242324994338,3.48407005947
0.744145440436,2.4720090957,-4.26754028522,3.49676583996,0.96252396352,-0.604167820706,1.50646205983,0.0655967064106,-0.048857103379,0.262458818052,3.45027048605,-1.90638038444
0.744189609593,2.4720090957,3.51051752946,0.958683364753,-0.604528284531,1.54634790611,0.0797164898004,-0.0701806007786,0.195976153766,3.49020109856,-1.89865227233,-2.19079374151
0.74562640627,2.4720090957,0.962921641965,-0.606796387811,1.54163229324,0.137355922355,-0.0574669719948,0.16802701331,3.50752730807,-1.89173079119,-2.18087452709,-1.38597841935
0.765902647266,2.4720090957,-0.608425947622,1.53721057458,0.135493750649,0.00187949121486,0.183207598765,3.38996143757,-2.01414735273,-2.17569468849,-1.38225945071,-0.453865907672
0.754790207141,2.4720090957,1.54361732659,0.132483054828,0.000291681626069,0.239559248571,3.43850943931,-1.98228644272,-2.30548442062,-1.37215121977,-0.457327874213,-2.28700070836
0.741991544513,2.4720090957,0.133624512194,-0.0025833424944,0.237490098272,3.45435401953,-1.98937521312,-2.26573938799,-1.48107680993,-0.44151172987,-2.27634032161,-1.70204853205
0.731164904812,2.4720090957,0.235900435146,3.43944190471,-1.903713276,-2.18881404225,-1.46535929483,-0.534676841241,-2.40403343365,-1.68772184538,-0.508416642673,0.063192131241
0.704603652672,2.4720090957,-2.19419776996,-1.38874856514,-0.462236660288,-2.28448366564,-1.78362436964,-0.585988393205,0.00337210424446,-1.45792810028,2.9353584983,-0.35810111288
0.704946613181,2.4720090957,-1.39330909095,-0.46464754945,-2.28144121273,-1.70279861472,-0.57861664016,-0.0193648126019,-1.56908090164,2.9721114995,-0.362300845277,-1.08731883136
0.713715489829,2.4720090957,-2.28993534908,-1.70210205896,-0.513330824209,0.0525826740242,-1.55186856748,2.87280406594,-0.428177031591,-1.07396360492,2.74825925245,2.13359369354
0.711574584834,2.4720090957,-1.70783711752,-0.515690441729,0.0508921821275,-1.47392664604,2.91599621526,-0.439235426618,-1.17514670328,2.78385763171,2.11019810368,-2.6072921824
0.705128486178,2.4720090957,-0.516978512075,0.047966381743,-1.47252570479,2.93834264402,-0.430343851416,-1.16599071045,2.78284351373,2.14185889678,-2.59416429062,0.746638132996
0.721460681321,2.4720090957,0.048791048002,-1.47392279561,2.93080801223,-0.3663575267,-1.16462565283,2.68488893381,2.12417517315,-2.59153493494,0.73392756009,-1.97402580005
0.733965748968,2.4720090957,-1.47880257723,2.92499229247,-0.367199595593,-1.09150235542,2.72613497199,2.04404538291,-2.73212202934,0.75709514862,-1.96577655199,0.510684069674
0.718607873452,2.4720090957,2.93660082171,-0.369705851936,-1.09087588644,2.75084392288,2.07865463378,-2.68083138994,0.703455800251,-1.95926930643,0.499791271784,0.74632032183
0.711327757195,2.52608397228,-1.09610664423,2.73806105614,2.10556047282,-2.60298622009,0.682067302348,-2.04970343215,0.461757710989,0.756777839693,2.75055591609,-0.839142856053
0.714307876162,2.52608397228,2.74896891708,2.10057286714,-2.59929874698,0.732211434168,-2.05749039515,0.426616027534,0.703130252344,2.78616846846,-0.839636673621,-1.6928389172
0.718678024465,2.52608397228,2.10909125177,-2.59956515086,0.729144581939,-1.97325681181,0.444474646167,0.661456579236,2.78521435175,-0.82617982328,-1.6867559149,2.03490641782
0.734981639566,2.52608397228,-2.60866414124,0.725538173209,-1.97084464462,0.497575241851,0.68174728413,2.68719561254,-0.920929173866,-1.67852678453,2.01227110842,-0.134776588905
