87.41007194244604
89.92805755395683
89.20863309352518
84.89208633093526
84.53237410071942
86.6906474820144
87.76978417266187
88.48920863309353
85.25179856115108
86.6906474820144
89.568345323741
87.41007194244604
85.97122302158273
87.76978417266187
86.6906474820144
85.25179856115108
86.6906474820144
87.05035971223022
87.41007194244604
80.57553956834532
88.84892086330936
90.64748201438849
88.84892086330936
85.97122302158273
87.05035971223022
87.76978417266187
86.6906474820144
85.25179856115108
83.81294964028777
90.28776978417267
93.5251798561151
86.33093525179856
85.97122302158273
88.84892086330936
88.48920863309353
87.05035971223022
89.568345323741
89.568345323741
88.12949640287769
89.20863309352518
