<model>
linear
</model>
<W>
0.0
0.0
0.0
0.0
0.0
0.0
0.0
0.0
0.0
-1.2965894382153476
2.9012975529007563
0.0
0.0
-1.7804073146012738
0.0
0.0
0.0
0.0
0.0
0.0
0.0
0.0
0.0
0.0
0.0
0.0
2.3912091072092583
0.0
0.0
0.0
0.0
0.0
1.524866867251043
-1.2764269462103612
4.177207572423664
0.7518672433078204
-0.009658928628745877
-0.7473366243260755
-2.4771269403400695
-2.5291747800619304
1.489668725997499
1.4544521910934307
-4.259988214463455
-0.2618393225820397
0.8484391731141343
-0.4932485875445004
-3.2979849438302176
6.640992719808641
-0.10758795378000108
2.826140647598166
1.8559372464158743
-1.7439634667495554
-0.8008942429243648
-1.8185283497813483
2.19923457115323
-1.7901401396138943
1.9506443162957345
0.7773620563430861
0.4378433201873955
1.2411366725970379
-0.9570791077476741
-5.5246618537518595
-0.7739053961444919
-2.0316672794346204
0.1695916802771804
3.005258079684144
1.144205712435006
-0.6926691248537781
1.5124449400011084
-2.9182028762758643
-5.473817094206709
0.5068844664497447
0.0025671162000158454
2.5706712430420704
-0.7500570767399415
-1.1288648107883226
-0.5540527188958967
-1.7098921023615457
0.05873213820634976
0.8182181514934977
0.19885898957954729
-0.10425544255539743
1.2829638798049647
1.7714409579213033
-0.8747090166134435
-0.5236125984840515
-0.3001129633326405
-1.2322738178668111
-1.268612572535397
-2.908287076907949
-1.784804935328474
0.7957604538034813
-0.1670635433126205
0.7782818828034812
0.0729007446777536
0.17274897593898647
-0.0102184434
6.016424950807821
-1.3332494708278273
-1.1143932125297586
-1.0367081401269402
-0.09731084586334449
2.185762727732349
-4.199024457508245
-1.851449549600722
4.898207321009904
-0.6551487861902786
-2.9049949511258846
6.9947732867018955
-4.684122132996539
1.630112727128232
-1.0546214655601562
0.9319347976619224
0.6711567746680517
-3.988147345195702
6.70845257928827
1.0335354561646821
0.8588415281174433
4.309458885252897
-1.510889109533826
0.7299645837695155
0.0716602843835017
-1.8635152056019955
-1.4918352876343348
0.5341463678548167
-1.5107804776343348
-0.0341196178386369
0.0
0.0
0.0
0.0
0.0
0.0
0.0
0.0
0.0
0.0
0.0
0.0
0.0
0.0
0.0
0.0
0.0
0.0
0.0
0.0
0.0
0.0
0.0
0.0
0.0
0.0
0.0
0.0
0.0
0.0
0.0
0.0
0.0
0.0
0.0
0.0
0.0
0.0
0.0
0.0
0.0
0.0
0.0
0.0
0.0
0.0
0.0
0.0
0.0
0.0
0.0
0.0
0.0
0.0
0.0
0.0
0.0
0.0
0.0
0.0
0.0
0.0
0.0
0.0
0.0
0.0
0.0
0.0
0.0
0.0
0.0
0.0
0.0
0.0
0.0
0.0
0.0
0.0
0.0
0.0
0.0
0.0
0.0
0.0
0.0
0.0
0.0
0.0
0.0
0.0
0.0
0.0
0.0
0.0
0.0
0.0
0.0
0.0
0.0
0.0
0.0
0.0
0.0
0.0
0.0
0.0
0.0
0.0
0.0
0.0
0.0
0.0
0.0
0.0
0.0
0.0
0.0
0.0
0.0
0.0
0.0
0.0
0.0
0.0
0.0
0.0
0.0
</W>
<b>
-4.496806418740511
</b>
<info>
Training (X) File : /home/vibhatha/data/libsvm/webspam/webspam_isesvm_train_x_bin.93 
Training (Y) File : /home/vibhatha/data/libsvm/webspam/webspam_isesvm_train_y.93.bin 
Testing (X) File : /home/vibhatha/data/libsvm/webspam/webspam_isesvm_test_x_bin.93 
Testing (Y) File : /home/vibhatha/data/libsvm/webspam/webspam_isesvm_test_y.93.bin 
I/O Time : 123
Kernel Matrix Calculation : 0.237 s
</info>
