84.53237410071942
87.41007194244604
84.53237410071942
84.89208633093526
85.25179856115108
84.17266187050359
87.05035971223022
85.61151079136691
82.37410071942446
82.37410071942446
88.48920863309353
84.17266187050359
82.37410071942446
86.33093525179856
83.09352517985612
83.09352517985612
86.33093525179856
82.37410071942446
83.09352517985612
78.41726618705036
86.33093525179856
87.05035971223022
87.41007194244604
88.12949640287769
84.89208633093526
81.65467625899281
82.73381294964028
84.17266187050359
83.81294964028777
88.12949640287769
91.36690647482014
84.53237410071942
84.17266187050359
84.17266187050359
87.76978417266187
83.09352517985612
88.48920863309353
87.41007194244604
86.33093525179856
83.81294964028777
