83.81294964028777
84.89208633093526
82.01438848920863
81.65467625899281
83.81294964028777
82.73381294964028
83.09352517985612
83.45323741007195
82.37410071942446
81.29496402877699
85.61151079136691
82.01438848920863
80.57553956834532
82.37410071942446
83.09352517985612
83.81294964028777
85.61151079136691
83.09352517985612
82.37410071942446
75.53956834532374
84.89208633093526
85.61151079136691
84.53237410071942
87.76978417266187
82.73381294964028
79.13669064748201
80.57553956834532
80.2158273381295
82.73381294964028
87.41007194244604
88.84892086330936
84.17266187050359
79.85611510791367
80.2158273381295
85.97122302158273
81.65467625899281
86.33093525179856
85.61151079136691
84.17266187050359
82.01438848920863
