<model>
linear
</model>
<W>
0.0
0.0
0.0
0.0
0.0
0.0
0.0
0.0
0.0
-0.0657349732211312
-0.5210837829779
0.0
0.0
-4.10313493749374
0.0
0.0
0.0
0.0
0.0
0.0
0.0
0.0
0.0
0.0
0.0
0.0
-0.3946669781591913
0.0
0.0
0.0
0.0
0.0
-2.104079044765282
0.8729937363962028
3.744766374022167
4.813333951635907
-0.6110057546604296
0.9635708267198957
0.039358295329878945
-8.92336748254964
-0.7902204008517173
-0.5678916449648561
-0.04611880303950615
3.684590341937093
-2.3643449490218824
5.4251358023810266
6.028969665608616
6.600254983457746
-0.010303529454838811
-3.1741122000364097
4.060065022676082
-1.5197783679112262
-3.162032814717385
-3.9467610426373736
6.247547502061172
0.30379339615057466
0.4323881434984793
1.7002801951910804
4.93050500538097
0.16515931186862992
-2.0789269968164774
-6.911916799630229
-2.0246520480432917
-2.3184590743285782
0.5735924561055923
4.715213786815644
2.0741787942541716
-6.864372021884459
-2.5323808451221153
-2.7950375676593007
-9.056474574299815
-2.9437840605392065
-0.9031502349274476
-2.533541997694853
0.5424773640232656
-1.3155540431936732
2.9402658878683843
-2.1204005386185463
3.499563513867097
0.02465045191381432
-2.306176896488771
-3.1280623941132863
2.759550257295183
5.159367503260289
-8.290425738095024
-2.174021222685962
-0.49490936690788
0.902620239452975
0.07348208986518781
-1.0380177176135938
-1.40256603316007
1.1254677185008284
-0.23979467401258456
1.1216799485008282
0.046657694814545236
4.316787713800134
0.06292740852591816
3.47153729240395
4.350698313793287
0.74408028498972
-7.685981199904315
-0.47567261695541996
-2.726725605501091
-6.540713042660663
-1.9411423966231536
3.330975419712678
-3.5249931711591715
-7.259421469531396
4.032270144307438
-10.758405879539406
3.50713458035201
-0.8404679744279573
-0.782765137975929
0.516378891845996
-4.790955354464812
6.944831193950683
-1.4788056371826839
-4.783330963769437
11.578180349457604
-2.3258597486573462
-3.7875999486227743
-3.244139813432135
-2.112106014931492
-1.4694580938566904
1.3819032680896377
-1.4683794510238921
-0.1435186300596589
0.0
0.0
0.0
0.0
0.0
0.0
0.0
0.0
0.0
0.0
0.0
0.0
0.0
0.0
0.0
0.0
0.0
0.0
0.0
0.0
0.0
0.0
0.0
0.0
0.0
0.0
0.0
0.0
0.0
0.0
0.0
0.0
0.0
0.0
0.0
0.0
0.0
0.0
0.0
0.0
0.0
0.0
0.0
0.0
0.0
0.0
0.0
0.0
0.0
0.0
0.0
0.0
0.0
0.0
0.0
0.0
0.0
0.0
0.0
0.0
0.0
0.0
0.0
0.0
0.0
0.0
0.0
0.0
0.0
0.0
0.0
0.0
0.0
0.0
0.0
0.0
0.0
0.0
0.0
0.0
0.0
0.0
0.0
0.0
0.0
0.0
0.0
0.0
0.0
0.0
0.0
0.0
0.0
0.0
0.0
0.0
0.0
0.0
0.0
0.0
0.0
0.0
0.0
0.0
0.0
0.0
0.0
0.0
0.0
0.0
0.0
0.0
0.0
0.0
0.0
0.0
0.0
0.0
0.0
0.0
0.0
0.0
0.0
0.0
0.0
0.0
0.0
</W>
<b>
1.5133983995646898
</b>
<info>
Training (X) File : /home/vibhatha/data/libsvm/webspam/webspam_isesvm_train_x_bin.27 
Training (Y) File : /home/vibhatha/data/libsvm/webspam/webspam_isesvm_train_y.27.bin 
Testing (X) File : /home/vibhatha/data/libsvm/webspam/webspam_isesvm_test_x_bin.27 
Testing (Y) File : /home/vibhatha/data/libsvm/webspam/webspam_isesvm_test_y.27.bin 
I/O Time : 114
Kernel Matrix Calculation : 0.241 s
</info>
