<model>
linear
</model>
<W>
0.0
0.0
0.0
0.0
0.0
0.0
0.0
0.0
0.0
-1.8870703489151235
3.7551182494186337
0.0
0.0
-3.5840969902381694
0.0
0.0
0.0
0.0
0.0
0.0
0.0
0.0
0.0
0.0
0.0
0.0
1.067166736178108
0.0
0.0
0.0
0.0
0.0
-2.390635634196008
-0.10296205146372703
2.0826252906504186
-1.924761468775356
-0.9808073745473868
-0.010620920894372554
-1.2031257653469927
-9.394782334681308
6.166990859693625
6.209781627946118
1.0374112235580388
0.9291620472201377
-2.4530086839194754
8.432547716254216
-5.304998530034634
7.057142871148517
-4.831111094072774
-1.9700893966971846
1.7642680411308476
-5.287687085787703
-1.8115346365128346
-2.233051268793777
6.605159026366019
2.285764701604199
-2.647474908031562
0.8969156053967713
-1.539330751756196
2.2341905261449067
-4.386760520974735
-6.236306511713678
-4.207105977098773
-2.0081260607814357
-4.18567841706002
4.374421261051495
-4.996057165735043
-2.841799244150893
3.9216682264629963
-4.150048752822364
-6.433254706523053
-1.765042055381668
-4.947689554659652
9.684254948151498
3.566782797290436
-2.515855518590733
-3.7260458691205116
-0.30233135790515997
2.6284354492728608
2.5474402967663083
4.955794265439909
-0.49221560811734955
-2.4942483068851904
2.0021168213843326
0.593550689420766
-2.4077484490805716
-0.7169263656904152
1.121792985874119
-1.152250334591375
-0.21262819987081902
-0.7640442394761254
2.608365571724616
3.4702318751383188
2.6035705807246163
0.2529815513430332
2.850912976350661
-0.02877133449377927
4.137870387966924
8.565640616376552
1.2902010553123109
0.28462270506113363
-5.448473981658263
1.675548364658349
-9.398009796050872
1.9093824508632742
7.614114926791979
-4.394474022426296
-0.9402058648371503
1.3239201359988355
-9.993302209234729
4.9339979714074556
-5.77964702392833
-5.414469348185597
2.333252352655506
-1.6886408553534955
10.671157489914428
3.0038715397449645
-6.8154653946082835
13.816296509707861
-3.234694413339334
4.485590187925724
0.7291145090350897
-0.5773449755258067
-1.6345852884982044
1.4250797317977397
-1.6345852884982044
-0.03302964100000001
0.0
0.0
0.0
0.0
0.0
0.0
0.0
0.0
0.0
0.0
0.0
0.0
0.0
0.0
0.0
0.0
0.0
0.0
0.0
0.0
0.0
0.0
0.0
0.0
0.0
0.0
0.0
0.0
0.0
0.0
0.0
0.0
0.0
0.0
0.0
0.0
0.0
0.0
0.0
0.0
0.0
0.0
0.0
0.0
0.0
0.0
0.0
0.0
0.0
0.0
0.0
0.0
0.0
0.0
0.0
0.0
0.0
0.0
0.0
0.0
0.0
0.0
0.0
0.0
0.0
0.0
0.0
0.0
0.0
0.0
0.0
0.0
0.0
0.0
0.0
0.0
0.0
0.0
0.0
0.0
0.0
0.0
0.0
0.0
0.0
0.0
0.0
0.0
0.0
0.0
0.0
0.0
0.0
0.0
0.0
0.0
0.0
0.0
0.0
0.0
0.0
0.0
0.0
0.0
0.0
0.0
0.0
0.0
0.0
0.0
0.0
0.0
0.0
0.0
0.0
0.0
0.0
0.0
0.0
0.0
0.0
0.0
0.0
0.0
0.0
0.0
0.0
</W>
<b>
-0.069128519902165
</b>
<info>
Training (X) File : /home/vibhatha/data/libsvm/webspam/webspam_isesvm_train_x_bin.218 
Training (Y) File : /home/vibhatha/data/libsvm/webspam/webspam_isesvm_train_y.218.bin 
Testing (X) File : /home/vibhatha/data/libsvm/webspam/webspam_isesvm_test_x_bin.218 
Testing (Y) File : /home/vibhatha/data/libsvm/webspam/webspam_isesvm_test_y.218.bin 
I/O Time : 159
Kernel Matrix Calculation : 0.288 s
</info>
