90.28776978417267
92.08633093525181
92.08633093525181
89.20863309352518
88.84892086330936
87.76978417266187
91.00719424460432
90.64748201438849
90.64748201438849
90.64748201438849
92.08633093525181
89.568345323741
88.48920863309353
91.00719424460432
89.92805755395683
90.28776978417267
91.36690647482014
90.28776978417267
91.36690647482014
85.61151079136691
91.36690647482014
93.88489208633094
92.44604316546763
91.36690647482014
89.568345323741
90.28776978417267
89.20863309352518
90.28776978417267
89.20863309352518
91.36690647482014
92.08633093525181
88.84892086330936
89.92805755395683
91.72661870503596
91.00719424460432
87.76978417266187
92.08633093525181
92.44604316546763
87.76978417266187
90.28776978417267
