<model>
linear
</model>
<W>
0.0
0.0
0.0
0.0
0.0
0.0
0.0
0.0
0.0
-1.2495061077294602
6.332268448726534
0.0
0.0
-4.115166920910528
0.0
0.0
0.0
0.0
0.0
0.0
0.0
0.0
0.0
0.0
0.0
0.0
1.8924706016646986
0.0
0.0
0.0
0.0
0.0
-0.6187784097634141
0.27456675922554985
4.761977230567258
0.7915669086537015
-0.2099463750982445
0.11224722928385622
-4.674785038188779
-8.424692297374845
3.2767629709694823
3.443605034175086
0.49996235249646537
0.26797387663583144
5.802555848948854
-0.48404694126560394
-0.7320028220716597
12.973767064434032
-2.114949096736552
1.6766846926623393
4.693268209928183
-2.5276175727955796
3.3694362191459697
-2.602336179112996
3.8454864776586932
-3.913777019087015
0.03408223443506252
-2.7590963689912127
2.654009006611607
-5.692015971698655
-2.726143483440828
-5.878717465233491
-2.4146404753257897
-1.83255265497477
1.0138002213839106
1.8972539043287049
0.6634920144778065
-1.7336922047861314
5.692919831408702
-1.9664527317137286
-5.7170318227901245
-1.6844589728591237
-5.80724091874776
2.4299918766957718
0.41774751761653756
-1.3191945253748154
-3.5415017735444256
-2.20486728876099
-0.5899107469767595
-2.8293624450417507
-2.092449169957599
1.9119833662870782
3.6592790596459466
5.46085741725471
-5.061533785621464
-2.0976617202416983
-0.49956575424838756
-0.14712476230680424
-1.2629472769634142
-2.6484798798582845
-1.3754191507748117
0.18322682411858768
-0.16838017586648157
0.18813828611858782
0.1722633234882276
8.209417165454198
-0.007699698000000001
2.2288925000000726
2.0424216681627385
-3.9723041137660977
-6.853837122957033
-4.1705705328443905
5.466950017461391
-8.662299420810971
-4.896655551679937
7.216995368463823
-1.7549286928368635
-0.5038686224065745
5.786551025696967
-2.2762269183167785
4.88029693905565
-3.2731900989646237
-3.101559136063929
-0.3584881509895397
-0.5917580530325344
5.520601645856195
-2.0222547066636425
3.78815097263041
-0.4669301148095808
-2.7026809856153777
0.37025834497654087
1.9139030461589737
4.004663320753357
-0.9638667059338323
6.5429934798313125
-0.9809316911078066
0.04292227601600969
0.0
0.0
0.0
0.0
0.0
0.0
0.0
0.0
0.0
0.0
0.0
0.0
0.0
0.0
0.0
0.0
0.0
0.0
0.0
0.0
0.0
0.0
0.0
0.0
0.0
0.0
0.0
0.0
0.0
0.0
0.0
0.0
0.0
0.0
0.0
0.0
0.0
0.0
0.0
0.0
0.0
0.0
0.0
0.0
0.0
0.0
0.0
0.0
0.0
0.0
0.0
0.0
0.0
0.0
0.0
0.0
0.0
0.0
0.0
0.0
0.0
0.0
0.0
0.0
0.0
0.0
0.0
0.0
0.0
0.0
0.0
0.0
0.0
0.0
0.0
0.0
0.0
0.0
0.0
0.0
0.0
0.0
0.0
0.0
0.0
0.0
0.0
0.0
0.0
0.0
0.0
0.0
0.0
0.0
0.0
0.0
0.0
0.0
0.0
0.0
0.0
0.0
0.0
0.0
0.0
0.0
0.0
0.0
0.0
0.0
0.0
0.0
0.0
0.0
0.0
0.0
0.0
0.0
0.0
0.0
0.0
0.0
0.0
0.0
0.0
0.0
0.0
</W>
<b>
-0.9989552750846649
</b>
<info>
Training (X) File : /home/vibhatha/data/libsvm/webspam/webspam_isesvm_train_x_bin.294 
Training (Y) File : /home/vibhatha/data/libsvm/webspam/webspam_isesvm_train_y.294.bin 
Testing (X) File : /home/vibhatha/data/libsvm/webspam/webspam_isesvm_test_x_bin.294 
Testing (Y) File : /home/vibhatha/data/libsvm/webspam/webspam_isesvm_test_y.294.bin 
I/O Time : 108
Kernel Matrix Calculation : 0.227 s
</info>
