89.568345323741
89.568345323741
88.48920863309353
86.6906474820144
85.25179856115108
87.76978417266187
89.568345323741
88.12949640287769
87.05035971223022
86.6906474820144
88.84892086330936
87.41007194244604
87.41007194244604
88.84892086330936
85.97122302158273
85.97122302158273
88.48920863309353
87.41007194244604
87.76978417266187
82.37410071942446
87.41007194244604
90.28776978417267
88.48920863309353
89.20863309352518
86.33093525179856
85.97122302158273
88.48920863309353
86.6906474820144
86.6906474820144
89.20863309352518
91.00719424460432
85.97122302158273
88.12949640287769
88.84892086330936
88.84892086330936
84.17266187050359
90.28776978417267
87.05035971223022
87.05035971223022
88.84892086330936
