90.64748201438849
92.08633093525181
87.76978417266187
85.97122302158273
87.41007194244604
89.568345323741
88.48920863309353
88.48920863309353
90.64748201438849
85.61151079136691
92.44604316546763
88.48920863309353
88.48920863309353
87.05035971223022
89.20863309352518
87.05035971223022
89.92805755395683
87.05035971223022
88.48920863309353
83.09352517985612
88.48920863309353
90.64748201438849
92.08633093525181
88.12949640287769
89.92805755395683
87.05035971223022
86.33093525179856
87.76978417266187
88.12949640287769
89.92805755395683
90.28776978417267
87.05035971223022
88.48920863309353
87.76978417266187
88.12949640287769
88.84892086330936
87.76978417266187
86.33093525179856
88.12949640287769
90.64748201438849
