<model>
linear
</model>
<W>
0.0
0.0
0.0
0.0
0.0
0.0
0.0
0.0
0.0
-2.8263283280227824
-0.24953923576099468
0.0
0.0
0.9830908664562433
0.0
0.0
0.0
0.0
0.0
0.0
0.0
0.0
0.0
0.0
0.0
0.0
2.401076022488177
0.0
0.0
0.0
0.0
0.0
-2.0846407318248463
1.986670241592973
3.058697410810498
1.0399572174273106
-0.05942149635013597
3.631616646980845
-4.574256630567815
-2.095958621379597
4.337252564453589
4.296625356599748
0.5735706646523308
0.8690575233248938
-4.3192317438848065
6.9833562149838
-0.5383422897348049
4.654086860532971
-4.161860690846009
0.14067244087757835
1.5039435790833124
0.939233572614149
1.5373563908786123
0.6877144499914554
11.542515375994952
3.082455892836532
5.899709174326226
3.417159857409872
-1.357450423911053
-7.581242633800618
-3.968179747893538
-9.14185804251538
-2.9789303677613446
-1.4938285839564336
-2.2041569685747655
2.854879684873428
0.04977194188500078
-1.6481411563567023
0.6140470014677937
2.8761816275587146
-12.346088522846442
0.3236116102850267
-3.807402284976894
3.5433537553114967
0.4494493207311031
-0.43450073914964155
-2.0861966595565047
5.450614629394719
-5.611422845852838
-0.3719866499812242
-2.137427267841934
-1.8201659067986335
0.8227981436528954
6.9992644586994714
-7.603223055678302
-0.3158221032924289
-0.5630904950420657
3.652477066289269
0.4625914914196818
-4.40043167608472
-2.1579201559567234
2.0095243249304144
0.83190737425304
2.0095243249304144
0.16262579496082485
8.368099306130144
0.0054682821022126295
-0.953793188964128
-1.5445025488593893
1.9812265634500053
-0.12056728444776477
0.8151581377318351
8.245902750106701
-4.763535258803275
4.095821505937153
7.606162021852767
0.2298826419367838
-4.983111722739161
2.778131497010928
-10.434658619772959
5.234898417277579
-2.2022130247934495
0.9380829647913771
0.45703330543803367
-6.528380857588603
12.922514773301025
-2.2081191889201586
2.163597354367977
6.530544527832711
-2.3190423919306653
-1.165785279226688
-0.1523121553708927
2.1884992668135568
-3.2168661105227914
1.27921006649022
-3.2168661105227914
0.01916218517689905
0.0
0.0
0.0
0.0
0.0
0.0
0.0
0.0
0.0
0.0
0.0
0.0
0.0
0.0
0.0
0.0
0.0
0.0
0.0
0.0
0.0
0.0
0.0
0.0
0.0
0.0
0.0
0.0
0.0
0.0
0.0
0.0
0.0
0.0
0.0
0.0
0.0
0.0
0.0
0.0
0.0
0.0
0.0
0.0
0.0
0.0
0.0
0.0
0.0
0.0
0.0
0.0
0.0
0.0
0.0
0.0
0.0
0.0
0.0
0.0
0.0
0.0
0.0
0.0
0.0
0.0
0.0
0.0
0.0
0.0
0.0
0.0
0.0
0.0
0.0
0.0
0.0
0.0
0.0
0.0
0.0
0.0
0.0
0.0
0.0
0.0
0.0
0.0
0.0
0.0
0.0
0.0
0.0
0.0
0.0
0.0
0.0
0.0
0.0
0.0
0.0
0.0
0.0
0.0
0.0
0.0
0.0
0.0
0.0
0.0
0.0
0.0
0.0
0.0
0.0
0.0
0.0
0.0
0.0
0.0
0.0
0.0
0.0
0.0
0.0
0.0
0.0
</W>
<b>
-1.1480445731936975
</b>
<info>
Training (X) File : /home/vibhatha/data/libsvm/webspam/webspam_isesvm_train_x_bin.163 
Training (Y) File : /home/vibhatha/data/libsvm/webspam/webspam_isesvm_train_y.163.bin 
Testing (X) File : /home/vibhatha/data/libsvm/webspam/webspam_isesvm_test_x_bin.163 
Testing (Y) File : /home/vibhatha/data/libsvm/webspam/webspam_isesvm_test_y.163.bin 
I/O Time : 140
Kernel Matrix Calculation : 0.29 s
</info>
