90.28776978417267
91.72661870503596
89.20863309352518
85.61151079136691
89.20863309352518
87.76978417266187
88.84892086330936
89.20863309352518
87.76978417266187
88.12949640287769
91.00719424460432
88.48920863309353
87.76978417266187
90.28776978417267
87.05035971223022
85.97122302158273
89.568345323741
89.568345323741
88.84892086330936
84.89208633093526
89.92805755395683
89.92805755395683
89.568345323741
89.568345323741
89.20863309352518
89.568345323741
87.41007194244604
86.6906474820144
86.33093525179856
91.72661870503596
89.20863309352518
87.76978417266187
87.76978417266187
87.05035971223022
88.84892086330936
88.48920863309353
90.28776978417267
89.20863309352518
87.76978417266187
91.00719424460432
