<model>
linear
</model>
<W>
0.0
0.0
0.0
0.0
0.0
0.0
0.0
0.0
0.0
-0.41643433531903346
1.2316872530906717
0.0
0.0
-2.7517822912133374
0.0
0.0
0.0
0.0
0.0
0.0
0.0
0.0
0.0
0.0
0.0
0.0
4.6144721092032555
0.0
0.0
0.0
0.0
0.0
0.9796086544666966
-0.628445331122866
4.851306303511596
3.0242704500881348
-0.16450551536961905
1.9254548882172418
-2.194622068985581
-1.1424405904196404
3.0333345620275423
3.121897506781086
0.6935798911932931
1.980489458491816
3.7489327728399156
5.852930522196755
-4.17882087138159
11.665796330178846
-0.7385016754225717
4.251092771685371
-0.498654075770675
-1.9772838739261127
1.6567702908105344
-1.771042480349415
7.185796661974528
0.9692312664250315
0.8656529228202934
-1.0140252709097615
-1.8699107697326847
1.5076150100764925
-3.705753675494261
-4.4030811354563735
-3.5876584790936916
-2.157452740074423
1.014270835434848
3.30444539483452
1.6895880389719546
-3.445498107476805
0.7240104198975419
-1.9186660170856977
-1.363817431824276
0.11418425917877999
-1.727611173622964
3.213137496657435
-0.5282069276514896
-1.1509320164348749
-1.4280986023171889
-2.7370153888384756
0.5809049993342704
-0.31016917894956725
-0.3297981873103706
-1.6290382827053174
2.049920862943131
0.038969296479178184
0.8269643093534433
-0.4469008441307593
0.3855407017096543
-0.05301777495179799
-0.13657768230399922
-1.3386503236046128
-1.8185444464070888
2.4321060713357086
-0.5356107601719134
2.349126461335709
0.09725969827125217
2.829556578293834
0.008917272000000007
3.9892151928600637
2.772393947104451
-2.83601285781759
-5.770326552643593
-0.6176873225101085
0.9269822378171578
-3.4467533947555413
4.628486329106351
4.560275418397929
-1.5916201315962786
-5.288791070470413
7.308414409612384
-0.24988328042575847
9.253131388948308
-2.959617651278524
-2.637056314543642
1.2330190152362241
-4.117214105894485
8.226069412974184
-2.056256747371342
-2.5933256490815246
5.101631382219874
-0.12221205763210619
2.2023207883610976
-1.0146060679963593
1.0389176205135457
-0.48262148536923544
0.8925533984267845
-0.4992173653692353
-0.04150934772937469
0.0
0.0
0.0
0.0
0.0
0.0
0.0
0.0
0.0
0.0
0.0
0.0
0.0
0.0
0.0
0.0
0.0
0.0
0.0
0.0
0.0
0.0
0.0
0.0
0.0
0.0
0.0
0.0
0.0
0.0
0.0
0.0
0.0
0.0
0.0
0.0
0.0
0.0
0.0
0.0
0.0
0.0
0.0
0.0
0.0
0.0
0.0
0.0
0.0
0.0
0.0
0.0
0.0
0.0
0.0
0.0
0.0
0.0
0.0
0.0
0.0
0.0
0.0
0.0
0.0
0.0
0.0
0.0
0.0
0.0
0.0
0.0
0.0
0.0
0.0
0.0
0.0
0.0
0.0
0.0
0.0
0.0
0.0
0.0
0.0
0.0
0.0
0.0
0.0
0.0
0.0
0.0
0.0
0.0
0.0
0.0
0.0
0.0
0.0
0.0
0.0
0.0
0.0
0.0
0.0
0.0
0.0
0.0
0.0
0.0
0.0
0.0
0.0
0.0
0.0
0.0
0.0
0.0
0.0
0.0
0.0
0.0
0.0
0.0
0.0
0.0
0.0
</W>
<b>
-4.582303076980195
</b>
<info>
Training (X) File : /home/vibhatha/data/libsvm/webspam/webspam_isesvm_train_x_bin.88 
Training (Y) File : /home/vibhatha/data/libsvm/webspam/webspam_isesvm_train_y.88.bin 
Testing (X) File : /home/vibhatha/data/libsvm/webspam/webspam_isesvm_test_x_bin.88 
Testing (Y) File : /home/vibhatha/data/libsvm/webspam/webspam_isesvm_test_y.88.bin 
I/O Time : 137
Kernel Matrix Calculation : 0.21 s
</info>
