91.36690647482014
91.00719424460432
90.28776978417267
89.92805755395683
86.6906474820144
88.84892086330936
89.92805755395683
91.00719424460432
91.00719424460432
88.48920863309353
91.00719424460432
88.48920863309353
89.568345323741
89.568345323741
91.00719424460432
88.84892086330936
91.72661870503596
88.84892086330936
91.00719424460432
84.53237410071942
91.36690647482014
92.44604316546763
91.36690647482014
89.568345323741
89.20863309352518
90.64748201438849
89.92805755395683
86.6906474820144
88.12949640287769
93.16546762589928
91.36690647482014
90.28776978417267
88.84892086330936
89.568345323741
91.00719424460432
89.92805755395683
90.28776978417267
91.36690647482014
88.84892086330936
90.64748201438849
