<model>
linear
</model>
<W>
0.0
0.0
0.0
0.0
0.0
0.0
0.0
0.0
0.0
-0.9379155821343227
0.04350280051428198
0.0
0.0
-5.028531928630417
0.0
0.0
0.0
0.0
0.0
0.0
0.0
0.0
0.0
0.0
0.0
0.0
1.8779778114753243
0.0
0.0
0.0
0.0
0.0
-0.45933524554258043
-1.3163431195796815
4.925203258068138
3.0272345406519277
0.2817262963993202
-0.9274300551940989
-1.6987502214464685
-3.1032628455227282
3.5155609531906107
3.504982838585001
4.17544758575355
-1.050879758373087
-2.2790975057879077
3.583151607967527
0.5099747832855523
8.506564585210121
-2.1011766099984923
3.043680139192243
0.019451041094352247
-1.8540914314339192
-2.152294360614667
-3.160006096618697
5.347077890800884
0.8624706211188372
0.11297996561883493
0.8561019521481859
-0.7898023824391713
2.413415516890036
-3.2006122860136377
-9.443128551724907
-3.5897973241695253
-2.5863979084404574
0.7197129783762655
5.871997847989179
0.12326383112959224
-1.8893294219525494
0.723930913837959
-3.3537648875387225
-3.587652927078826
1.1862847515850303
-0.7644245790061884
2.594024496899326
1.1945848106735688
-1.150128101536779
-1.5395601272163246
-3.244227093748162
0.14913227667257603
-0.8854052442271756
-5.226342847871685
-2.0278691290465964
1.4829483777338777
-0.5376222098984269
-0.10634352441785858
1.2410653724501612
1.8129023524445764
1.0394600708500852
-0.13053366039590453
-2.047495419400532
-1.168623829884098
1.1884830324727138
1.49035607419382
1.188945299721767
0.05342345329999999
-2.363386562729392
-0.005099802917686378
3.6310401948943363
2.0456741475241027
-0.3565715987732237
0.787639284845405
-1.6961748598003512
3.947340117037505
-6.794739656349738
-0.17476992967706245
5.6910113722062095
-0.8107301161531575
-3.7627680989463608
-0.7390270123793403
-9.707685049571191
4.615250364325174
-4.264492705177764
3.081325448607467
0.42360185985078536
-2.728437571240974
9.6231244450052
-1.540400017129594
-1.493358391056422
8.441923977973993
-0.8078098317272686
3.1507648728426814
1.8791471280498298
1.566571942392605
0.9063966606915499
0.6866898816182528
0.9070025697745676
0.011107696628780098
0.0
0.0
0.0
0.0
0.0
0.0
0.0
0.0
0.0
0.0
0.0
0.0
0.0
0.0
0.0
0.0
0.0
0.0
0.0
0.0
0.0
0.0
0.0
0.0
0.0
0.0
0.0
0.0
0.0
0.0
0.0
0.0
0.0
0.0
0.0
0.0
0.0
0.0
0.0
0.0
0.0
0.0
0.0
0.0
0.0
0.0
0.0
0.0
0.0
0.0
0.0
0.0
0.0
0.0
0.0
0.0
0.0
0.0
0.0
0.0
0.0
0.0
0.0
0.0
0.0
0.0
0.0
0.0
0.0
0.0
0.0
0.0
0.0
0.0
0.0
0.0
0.0
0.0
0.0
0.0
0.0
0.0
0.0
0.0
0.0
0.0
0.0
0.0
0.0
0.0
0.0
0.0
0.0
0.0
0.0
0.0
0.0
0.0
0.0
0.0
0.0
0.0
0.0
0.0
0.0
0.0
0.0
0.0
0.0
0.0
0.0
0.0
0.0
0.0
0.0
0.0
0.0
0.0
0.0
0.0
0.0
0.0
0.0
0.0
0.0
0.0
0.0
</W>
<b>
-1.1106690371563022
</b>
<info>
Training (X) File : /home/vibhatha/data/libsvm/webspam/webspam_isesvm_train_x_bin.221 
Training (Y) File : /home/vibhatha/data/libsvm/webspam/webspam_isesvm_train_y.221.bin 
Testing (X) File : /home/vibhatha/data/libsvm/webspam/webspam_isesvm_test_x_bin.221 
Testing (Y) File : /home/vibhatha/data/libsvm/webspam/webspam_isesvm_test_y.221.bin 
I/O Time : 119
Kernel Matrix Calculation : 0.231 s
</info>
