<model>
linear
</model>
<W>
0.0
0.0
0.0
0.0
0.0
0.0
0.0
0.0
0.0
-0.3671098602363107
-0.6101488833394942
0.0
0.0
-2.59375953379932
0.0
0.0
0.0
0.0
0.0
0.0
0.0
0.0
0.0
0.0
0.0
0.0
1.309490819658445
0.0
0.0
0.0
0.0
0.0
0.3397939198573026
-0.12232374665701311
1.903155569165739
0.11990746325898399
-0.00652190968558854
-0.01876568156567863
-0.8899676100003506
-0.08264823604729933
0.7503578537886364
0.743216114750223
0.08333124120767973
-0.12871390919343356
0.3415015463776575
0.4474304627953696
-0.03613577821019143
2.978259550854486
-0.28809919630549996
-0.06342954489333444
0.006230745321958732
-0.127718292676463
0.12770098393481083
-0.20834188109048946
0.44656535494213695
0.3353890993800305
0.04527675790040147
0.1972806967537971
0.19328720940945335
-0.06457610470877395
0.35434254749150906
-0.9358414395017751
0.381824370350366
-0.45807336824101996
0.09997786943927882
0.3701393451647073
-0.13181416699405174
-0.5828230680568243
-0.1957911422085805
-0.5982665412589276
-0.5045303892464655
0.04954957963988852
-0.34662878425844834
0.07014104613594785
0.010956490032646378
-0.23987059174579856
-0.21504187943244077
-0.8188212369462586
0.16208179232735517
-0.23188476264185612
-0.17300852123201665
-0.08013981271370567
0.3754079983163647
0.28654821957297205
-0.2804320682205423
-0.24202746758433277
0.016642262398751887
-0.03321654183686692
-0.07860812686051916
-0.3103053076827405
-0.09585515287004659
0.11406253760522872
-0.2607384940200977
0.1140698906746177
0.003953238171134924
0.3554070770426515
0.0027465029999999995
2.000080623636423
0.1305360705738962
-0.16198254191791644
-1.3024417567038085
-0.001028712036844015
0.6900827677380246
-0.09144244503930779
-0.029155970138257548
2.7826939151653236
-0.40354839486825644
-0.11581148324824582
2.4905401748241554
-1.6046028030458406
2.198850145136082
-0.3161437507811308
0.9617000636983326
-0.1648818704272447
-1.0243093946739532
3.683062332875941
0.2041487399020994
-0.0254318925329313
1.0757372127742888
-0.5562388526305508
-0.5064518084687958
0.07091968670464317
0.3061229244559341
0.004039360754982836
0.1536766260916302
0.003937220754982836
0.0031765599499182662
0.0
0.0
0.0
0.0
0.0
0.0
0.0
0.0
0.0
0.0
0.0
0.0
0.0
0.0
0.0
0.0
0.0
0.0
0.0
0.0
0.0
0.0
0.0
0.0
0.0
0.0
0.0
0.0
0.0
0.0
0.0
0.0
0.0
0.0
0.0
0.0
0.0
0.0
0.0
0.0
0.0
0.0
0.0
0.0
0.0
0.0
0.0
0.0
0.0
0.0
0.0
0.0
0.0
0.0
0.0
0.0
0.0
0.0
0.0
0.0
0.0
0.0
0.0
0.0
0.0
0.0
0.0
0.0
0.0
0.0
0.0
0.0
0.0
0.0
0.0
0.0
0.0
0.0
0.0
0.0
0.0
0.0
0.0
0.0
0.0
0.0
0.0
0.0
0.0
0.0
0.0
0.0
0.0
0.0
0.0
0.0
0.0
0.0
0.0
0.0
0.0
0.0
0.0
0.0
0.0
0.0
0.0
0.0
0.0
0.0
0.0
0.0
0.0
0.0
0.0
0.0
0.0
0.0
0.0
0.0
0.0
0.0
0.0
0.0
0.0
0.0
0.0
</W>
<b>
-2.590388193867518
</b>
<info>
Training (X) File : /home/vibhatha/data/libsvm/webspam/webspam_isesvm_train_x_bin.184 
Training (Y) File : /home/vibhatha/data/libsvm/webspam/webspam_isesvm_train_y.184.bin 
Testing (X) File : /home/vibhatha/data/libsvm/webspam/webspam_isesvm_test_x_bin.184 
Testing (Y) File : /home/vibhatha/data/libsvm/webspam/webspam_isesvm_test_y.184.bin 
I/O Time : 145
Kernel Matrix Calculation : 0.248 s
</info>
