92.44604316546763
89.20863309352518
90.64748201438849
88.48920863309353
90.28776978417267
89.20863309352518
88.48920863309353
91.72661870503596
90.64748201438849
91.00719424460432
92.08633093525181
88.84892086330936
88.48920863309353
91.00719424460432
88.48920863309353
88.12949640287769
90.64748201438849
90.28776978417267
91.36690647482014
85.25179856115108
91.72661870503596
92.44604316546763
91.36690647482014
88.48920863309353
89.568345323741
92.08633093525181
89.568345323741
88.84892086330936
87.76978417266187
93.88489208633094
92.08633093525181
89.20863309352518
90.28776978417267
90.64748201438849
90.28776978417267
88.48920863309353
91.00719424460432
90.64748201438849
87.76978417266187
92.80575539568345
