<model>
linear
</model>
<W>
0.0
0.0
0.0
0.0
0.0
0.0
0.0
0.0
0.0
-0.5609113063768327
0.1251143023063963
0.0
0.0
-3.7241242759287316
0.0
0.0
0.0
0.0
0.0
0.0
0.0
0.0
0.0
0.0
0.0
0.0
2.1139611947150194
0.0
0.0
0.0
0.0
0.0
-0.8030682471742914
0.31722018160195514
3.8146390994840957
0.5066177924840759
-0.16193086568075274
-0.06580912290419991
-0.9339729507809902
-1.8933123006046049
1.4176347902709527
1.3993686290733094
0.29960840078486767
-0.2739811088213649
-2.20529788074076
2.993459763906799
-2.7855073332573435
6.365389494636401
0.6649258950103376
0.3872009129961983
-0.07571774794944452
0.18823952609554384
-0.9576295853807519
-0.37879091555613453
2.9185186929458147
-0.5227050122161003
1.1384726043099958
-0.0741627401068042
1.1259176979459105
-1.4727634117830533
-1.9143521951503844
-4.609709172601494
-1.8736136794182894
-2.3427527794894267
0.3608112253628158
2.41320610059403
-0.1340473571584839
-3.127399304860143
-0.16788519829823367
-2.493249745593404
-2.8424349692017516
0.2215973421922234
-0.08866426364997072
1.4876058348707673
-0.21014584077085688
-1.4100774795765492
0.12260295044391212
-0.8614633491854361
0.031035213353730714
-1.1511481907093162
-0.6319735807778102
0.062790474699829
0.6332800799105217
0.9573705626413926
1.3253374257302906
-0.23331384188114387
-0.1408872790109437
0.09512617349722652
-1.1877491016148536
-1.3112792594459357
-1.0535279247913667
-1.1642842637668598
-0.39268119409871255
-1.0765406637668598
-0.01992321953578953
2.047212339534479
-2.0012393760209538E-4
2.5020549755353882
1.3017135811553655
-1.864647615605203
-3.674756557647064
0.7746344496695179
0.8515189619737826
-3.9201300601770903
-1.5748563270188178
5.126613372012835
-0.6334240963026159
-1.2442578041503862
2.393748306013034
-5.384523545831767
4.073513127486287
-2.483861365637673
2.6905636498473315
-0.5765435556989709
-3.390117114247986
8.09833307582415
-2.1689295212326773
-1.7360710214978692
3.196572295269871
-1.4227950183986091
-0.1322204970967207
-0.19279478265682687
0.5560171297728642
-1.045621679252713
0.06050936149499022
-1.049668477252713
-0.31281292759092977
0.0
0.0
0.0
0.0
0.0
0.0
0.0
0.0
0.0
0.0
0.0
0.0
0.0
0.0
0.0
0.0
0.0
0.0
0.0
0.0
0.0
0.0
0.0
0.0
0.0
0.0
0.0
0.0
0.0
0.0
0.0
0.0
0.0
0.0
0.0
0.0
0.0
0.0
0.0
0.0
0.0
0.0
0.0
0.0
0.0
0.0
0.0
0.0
0.0
0.0
0.0
0.0
0.0
0.0
0.0
0.0
0.0
0.0
0.0
0.0
0.0
0.0
0.0
0.0
0.0
0.0
0.0
0.0
0.0
0.0
0.0
0.0
0.0
0.0
0.0
0.0
0.0
0.0
0.0
0.0
0.0
0.0
0.0
0.0
0.0
0.0
0.0
0.0
0.0
0.0
0.0
0.0
0.0
0.0
0.0
0.0
0.0
0.0
0.0
0.0
0.0
0.0
0.0
0.0
0.0
0.0
0.0
0.0
0.0
0.0
0.0
0.0
0.0
0.0
0.0
0.0
0.0
0.0
0.0
0.0
0.0
0.0
0.0
0.0
0.0
0.0
0.0
</W>
<b>
-1.2661214335820743
</b>
<info>
Training (X) File : /home/vibhatha/data/libsvm/webspam/webspam_isesvm_train_x_bin.40 
Training (Y) File : /home/vibhatha/data/libsvm/webspam/webspam_isesvm_train_y.40.bin 
Testing (X) File : /home/vibhatha/data/libsvm/webspam/webspam_isesvm_test_x_bin.40 
Testing (Y) File : /home/vibhatha/data/libsvm/webspam/webspam_isesvm_test_y.40.bin 
I/O Time : 141
Kernel Matrix Calculation : 0.286 s
</info>
