91.36690647482014
92.08633093525181
91.00719424460432
87.41007194244604
89.92805755395683
90.28776978417267
89.568345323741
90.28776978417267
89.92805755395683
91.36690647482014
91.36690647482014
89.568345323741
88.48920863309353
89.20863309352518
90.64748201438849
88.48920863309353
92.08633093525181
89.20863309352518
88.48920863309353
84.89208633093526
91.36690647482014
92.08633093525181
89.568345323741
92.08633093525181
90.64748201438849
90.64748201438849
87.76978417266187
89.568345323741
88.84892086330936
93.88489208633094
89.92805755395683
88.12949640287769
89.568345323741
88.84892086330936
89.20863309352518
89.20863309352518
91.00719424460432
89.20863309352518
91.00719424460432
91.00719424460432
