90.28776978417267
92.44604316546763
90.28776978417267
87.41007194244604
87.05035971223022
87.41007194244604
91.36690647482014
92.80575539568345
89.568345323741
87.05035971223022
92.08633093525181
89.568345323741
88.48920863309353
89.568345323741
90.64748201438849
86.33093525179856
88.48920863309353
88.48920863309353
90.64748201438849
83.09352517985612
90.28776978417267
91.00719424460432
90.64748201438849
88.84892086330936
89.568345323741
89.92805755395683
88.12949640287769
87.05035971223022
87.41007194244604
91.00719424460432
93.88489208633094
87.05035971223022
88.12949640287769
91.72661870503596
88.84892086330936
90.64748201438849
90.28776978417267
88.84892086330936
88.84892086330936
89.568345323741
