89.20863309352518
89.20863309352518
87.41007194244604
90.28776978417267
87.05035971223022
86.6906474820144
89.568345323741
88.48920863309353
89.92805755395683
86.33093525179856
87.76978417266187
87.76978417266187
88.12949640287769
89.568345323741
84.89208633093526
89.20863309352518
88.48920863309353
87.41007194244604
87.05035971223022
81.29496402877699
88.12949640287769
88.48920863309353
88.48920863309353
88.48920863309353
86.33093525179856
85.97122302158273
88.12949640287769
87.41007194244604
87.05035971223022
88.84892086330936
91.00719424460432
86.33093525179856
88.84892086330936
88.12949640287769
90.64748201438849
86.6906474820144
89.20863309352518
88.84892086330936
87.76978417266187
85.61151079136691
