91.72661870503596
90.28776978417267
91.36690647482014
89.20863309352518
89.20863309352518
88.48920863309353
90.28776978417267
89.568345323741
90.28776978417267
91.00719424460432
92.08633093525181
90.64748201438849
90.28776978417267
89.92805755395683
89.568345323741
87.41007194244604
93.88489208633094
90.64748201438849
87.76978417266187
84.17266187050359
90.64748201438849
92.08633093525181
91.00719424460432
90.64748201438849
89.20863309352518
89.20863309352518
90.28776978417267
90.28776978417267
89.92805755395683
92.44604316546763
88.84892086330936
88.84892086330936
88.84892086330936
89.568345323741
91.00719424460432
89.92805755395683
93.5251798561151
91.00719424460432
87.76978417266187
89.92805755395683
