<model>
linear
</model>
<W>
0.0
0.0
0.0
0.0
0.0
0.0
0.0
0.0
0.0
-0.06989342676382082
-0.65859286453544
0.0
0.0
-4.3913401318150616
0.0
0.0
0.0
0.0
0.0
0.0
0.0
0.0
0.0
0.0
0.0
0.0
2.4422097421739024
0.0
0.0
0.0
0.0
0.0
0.46454343940145426
-0.392359578416309
3.044276703981815
0.7216111073733569
-0.03305432651090608
-1.2014914303193007
-0.7513212481703186
-0.6277695717799385
1.9484771805513723
1.9359471097331602
0.4138899212098388
0.5341120835917968
-0.9175011332754661
3.118657074362064
-1.9911300236862606
5.506979419442721
0.1916824593284469
1.6786672951609345
1.007065357653889
-0.9665038851371167
-0.04349359680167891
-1.1147954672264129
0.9887618553379661
-0.4615682977253853
0.9241117421078513
0.266265272811722
1.0172331045889738
0.6275902500302144
-1.0884490635756434
-1.5287249113545942
-0.9507301449051522
-0.7169817649604996
0.13508850478168447
2.0678212057645453
-0.26126239415711955
-1.0647299347358643
0.6967666704116124
-1.7410814230813232
-2.5360066178374017
0.21548730658646637
-0.6594000590957123
2.189340666381987
0.03170322804085732
-0.26122270234790596
0.13245239536295228
-0.9211177814801763
-0.08894420729140651
-0.4774301634264173
-1.5763996325648804
-0.2604548721544078
1.2693859017096027
1.396209843463461
-0.47322430120238773
-0.10280388340160916
-0.377188248370504
0.43128045921381086
-0.2813354511022755
-1.0563744285065078
-0.6000880332716262
-0.10524201795819767
0.14958546529996758
-0.04785451795819773
-0.015007323836463603
3.4549738457161383
0.0160146435
2.9245578446076315
-0.9748966806932633
-0.12624514276148402
-1.6216926462646082
0.645290556609081
0.43039133826025555
-4.114345007935677
-1.9641487551890815
3.933390979825847
0.06736286740772052
-1.3275643145132772
4.354804689245736
-2.9866142246379113
0.5930635343635114
-0.25740162479752726
-0.6622147323778056
0.2460849850563886
-3.4279186136045103
4.151078410883414
0.8723155255166928
0.5982575551876189
3.641424267784924
-2.093362152560454
1.8968564156004704
0.33018245598480145
-0.15578641179639094
-0.08886252962935833
0.2889597851154844
-0.11533003462935833
-0.0024576737398177353
0.0
0.0
0.0
0.0
0.0
0.0
0.0
0.0
0.0
0.0
0.0
0.0
0.0
0.0
0.0
0.0
0.0
0.0
0.0
0.0
0.0
0.0
0.0
0.0
0.0
0.0
0.0
0.0
0.0
0.0
0.0
0.0
0.0
0.0
0.0
0.0
0.0
0.0
0.0
0.0
0.0
0.0
0.0
0.0
0.0
0.0
0.0
0.0
0.0
0.0
0.0
0.0
0.0
0.0
0.0
0.0
0.0
0.0
0.0
0.0
0.0
0.0
0.0
0.0
0.0
0.0
0.0
0.0
0.0
0.0
0.0
0.0
0.0
0.0
0.0
0.0
0.0
0.0
0.0
0.0
0.0
0.0
0.0
0.0
0.0
0.0
0.0
0.0
0.0
0.0
0.0
0.0
0.0
0.0
0.0
0.0
0.0
0.0
0.0
0.0
0.0
0.0
0.0
0.0
0.0
0.0
0.0
0.0
0.0
0.0
0.0
0.0
0.0
0.0
0.0
0.0
0.0
0.0
0.0
0.0
0.0
0.0
0.0
0.0
0.0
0.0
0.0
</W>
<b>
-2.4829308870294584
</b>
<info>
Training (X) File : /home/vibhatha/data/libsvm/webspam/webspam_isesvm_train_x_bin.60 
Training (Y) File : /home/vibhatha/data/libsvm/webspam/webspam_isesvm_train_y.60.bin 
Testing (X) File : /home/vibhatha/data/libsvm/webspam/webspam_isesvm_test_x_bin.60 
Testing (Y) File : /home/vibhatha/data/libsvm/webspam/webspam_isesvm_test_y.60.bin 
I/O Time : 143
Kernel Matrix Calculation : 0.226 s
</info>
