89.568345323741
93.16546762589928
89.568345323741
90.28776978417267
87.76978417266187
88.12949640287769
88.84892086330936
87.76978417266187
89.92805755395683
84.53237410071942
92.44604316546763
89.568345323741
89.568345323741
87.76978417266187
91.00719424460432
89.92805755395683
88.48920863309353
90.64748201438849
86.6906474820144
85.25179856115108
91.36690647482014
91.00719424460432
91.00719424460432
89.20863309352518
87.76978417266187
89.568345323741
89.568345323741
89.92805755395683
88.84892086330936
91.00719424460432
89.92805755395683
87.41007194244604
86.33093525179856
88.12949640287769
89.20863309352518
89.568345323741
90.28776978417267
87.76978417266187
87.76978417266187
88.48920863309353
