90.64748201438849
89.92805755395683
89.20863309352518
86.6906474820144
87.76978417266187
90.28776978417267
87.76978417266187
91.00719424460432
88.12949640287769
89.568345323741
91.00719424460432
88.84892086330936
87.05035971223022
88.12949640287769
89.92805755395683
87.76978417266187
90.28776978417267
87.41007194244604
87.76978417266187
80.57553956834532
92.08633093525181
90.64748201438849
91.36690647482014
90.28776978417267
87.76978417266187
89.20863309352518
85.97122302158273
89.568345323741
87.05035971223022
92.80575539568345
91.36690647482014
89.20863309352518
88.48920863309353
89.92805755395683
91.36690647482014
88.48920863309353
91.72661870503596
91.00719424460432
89.568345323741
91.36690647482014
