<model>
linear
</model>
<W>
0.0
0.0
0.0
0.0
0.0
0.0
0.0
0.0
0.0
-1.20244853697374
0.7279624389849102
0.0
0.0
-0.03191676701006996
0.0
0.0
0.0
0.0
0.0
0.0
0.0
0.0
0.0
0.0
0.0
0.0
3.6434421326576265
0.0
0.0
0.0
0.0
0.0
1.2996834238596016
0.6074757675602788
2.6363757898140214
2.615526037280214
-0.29216606788089833
0.25262347077423686
-4.455970046302252
-4.19587497613847
5.265219657471001
5.279875649545681
-0.6858869681195282
2.0121436991898483
-4.0724411646134175
0.7761407237808805
5.655362126504538
6.671191726720728
-0.22135727766824054
1.2368611505275504
1.611097175125484
-2.8431475297501296
-0.24761162130255698
-2.40193979581995
3.482706561442774
-0.7236865220672575
1.4276400400608855
3.6832269263404958
0.7998147402786928
-0.6204455068777208
-3.1571866836687077
-5.8222282856026535
-3.1149249105286914
-2.1235372432607984
0.4857018283103381
3.024461313852626
1.198620467443624
-5.608374739492788
2.797611181933978
-3.13146902864128
-3.5234766467984246
-0.29469227840045353
-2.0010599120056005
1.380778539761217
0.08333259672823186
-0.808410531392841
1.0423176640337712
-1.859104853351737
1.1388090715802415
-0.4358986463260187
-2.989534187868725
-0.22537660384204755
3.719560599085862
0.5250316245902705
1.6100761704998408
-0.018830800582431965
0.3401728714967892
1.5126831024230798
-0.46863983031930256
-2.250989142635766
-1.3979009496922405
0.5413582852199174
-0.6896846343372682
0.42776462521991726
-0.12564287300442709
-0.8953031716826425
-0.0945640878664876
2.5401488510439374
1.4636999323122586
-3.15159273413304
2.808597577114072
-1.8598393332751257
2.6731352432224025
-5.252462119196959
1.4581960722577352
3.1235134312608688
-3.1896755497084386
-1.7938431033504316
3.8910102573812826
-4.424965556216789
5.49855273600982
-4.478252698240906
0.4978620317469238
-0.5793610867916654
-2.250459830069821
12.463680202403639
3.66882968504983
-0.7958072275112732
6.329515554851425
-0.18872305153483948
1.4706209662744003
-1.8247574845871588
-1.6146232971927645
-0.25737462877946005
1.7973217791833318
-0.41540237877945996
-0.270336284778542
0.0
0.0
0.0
0.0
0.0
0.0
0.0
0.0
0.0
0.0
0.0
0.0
0.0
0.0
0.0
0.0
0.0
0.0
0.0
0.0
0.0
0.0
0.0
0.0
0.0
0.0
0.0
0.0
0.0
0.0
0.0
0.0
0.0
0.0
0.0
0.0
0.0
0.0
0.0
0.0
0.0
0.0
0.0
0.0
0.0
0.0
0.0
0.0
0.0
0.0
0.0
0.0
0.0
0.0
0.0
0.0
0.0
0.0
0.0
0.0
0.0
0.0
0.0
0.0
0.0
0.0
0.0
0.0
0.0
0.0
0.0
0.0
0.0
0.0
0.0
0.0
0.0
0.0
0.0
0.0
0.0
0.0
0.0
0.0
0.0
0.0
0.0
0.0
0.0
0.0
0.0
0.0
0.0
0.0
0.0
0.0
0.0
0.0
0.0
0.0
0.0
0.0
0.0
0.0
0.0
0.0
0.0
0.0
0.0
0.0
0.0
0.0
0.0
0.0
0.0
0.0
0.0
0.0
0.0
0.0
0.0
0.0
0.0
0.0
0.0
0.0
0.0
</W>
<b>
-4.602893387592744
</b>
<info>
Training (X) File : /home/vibhatha/data/libsvm/webspam/webspam_isesvm_train_x_bin.192 
Training (Y) File : /home/vibhatha/data/libsvm/webspam/webspam_isesvm_train_y.192.bin 
Testing (X) File : /home/vibhatha/data/libsvm/webspam/webspam_isesvm_test_x_bin.192 
Testing (Y) File : /home/vibhatha/data/libsvm/webspam/webspam_isesvm_test_y.192.bin 
I/O Time : 150
Kernel Matrix Calculation : 0.235 s
</info>
