92.08633093525181
89.568345323741
91.00719424460432
85.61151079136691
87.76978417266187
89.20863309352518
88.84892086330936
88.12949640287769
88.84892086330936
88.12949640287769
91.36690647482014
90.64748201438849
89.20863309352518
90.64748201438849
88.48920863309353
85.61151079136691
89.92805755395683
88.84892086330936
88.48920863309353
85.61151079136691
90.64748201438849
90.64748201438849
90.28776978417267
91.72661870503596
85.61151079136691
88.84892086330936
91.36690647482014
88.84892086330936
87.05035971223022
93.88489208633094
91.72661870503596
87.41007194244604
89.568345323741
89.92805755395683
91.36690647482014
89.20863309352518
89.20863309352518
89.568345323741
89.568345323741
88.48920863309353
