<model>
linear
</model>
<W>
0.0
0.0
0.0
0.0
0.0
0.0
0.0
0.0
0.0
0.36039839666782125
0.5709864968338829
0.0
0.0
-4.569923632104637
0.0
0.0
0.0
0.0
0.0
0.0
0.0
0.0
0.0
0.0
0.0
0.0
2.648370567458594
0.0
0.0
0.0
0.0
0.0
-0.6701925404962576
-0.5655220376857741
6.002370284443456
2.393048827829966
-0.22784108814123077
0.2471066520613856
-2.247645318626277
-3.8396690178529282
3.667150899217776
3.816234289005851
1.2572068122689086
1.5161218528921157
2.2268842274106246
8.755356834700661
4.951737895899787
5.555116470421391
-0.06641284573583572
-0.3005635010760679
0.6658508991686118
1.2215528833679232
-2.498592707604483
-5.142983951008358
5.75312082974609
-1.459949770090451
6.275169124284253
-2.093292663919489
0.25881578993238286
-1.3982111444446255
-1.0414181765958181
-7.23296967895233
-1.4793655320530226
-6.329017952140544
0.8450426738181198
0.16353302239339884
4.710227305258469
-1.9617658615440194
3.3187025938438355
-7.3324657164204385
-4.9108629555032
0.5917743881094061
-1.9325906882092523
0.008376569869387285
1.0442939262124318
-2.0424656790335116
-1.3895649158012575
-1.0069173480861466
-2.431504952644426
-1.3680582701423794
-3.4136906639072757
0.10713323890100418
3.467448304713948
-0.38052936500038714
-1.054340287712964
-4.730277098490904
-1.3780253432904557
2.303038940262935
0.6607822853538611
-1.2124349501482963
-0.5187806550580023
1.176984535454773
-1.3227405116558342
1.176984535454773
-0.07878507107364954
6.719097683182455
0.04947558919707534
4.161950674683393
0.9533232036604866
-7.6187859963151965
-2.5887387866879354
-4.1317649183770495
9.230801950209063
-13.52940817671231
3.5890279227764195
7.65074807566247
-2.9502166532504943
-1.1170446323922378
1.3968390035622544
-7.492334754859697
3.155905744125385
-1.357525746249193
0.40729861661441635
0.0630589549142033
-3.565516914290848
10.55629631594675
-1.1922179720896917
1.1546546662984989
8.176041750238568
-1.8904298609435886
1.5900342777341288
4.282537094970112
-0.5166413686138734
-1.6403996738902784
1.0500459562400963
-1.6403996738902784
-1.90191891967872
0.0
0.0
0.0
0.0
0.0
0.0
0.0
0.0
0.0
0.0
0.0
0.0
0.0
0.0
0.0
0.0
0.0
0.0
0.0
0.0
0.0
0.0
0.0
0.0
0.0
0.0
0.0
0.0
0.0
0.0
0.0
0.0
0.0
0.0
0.0
0.0
0.0
0.0
0.0
0.0
0.0
0.0
0.0
0.0
0.0
0.0
0.0
0.0
0.0
0.0
0.0
0.0
0.0
0.0
0.0
0.0
0.0
0.0
0.0
0.0
0.0
0.0
0.0
0.0
0.0
0.0
0.0
0.0
0.0
0.0
0.0
0.0
0.0
0.0
0.0
0.0
0.0
0.0
0.0
0.0
0.0
0.0
0.0
0.0
0.0
0.0
0.0
0.0
0.0
0.0
0.0
0.0
0.0
0.0
0.0
0.0
0.0
0.0
0.0
0.0
0.0
0.0
0.0
0.0
0.0
0.0
0.0
0.0
0.0
0.0
0.0
0.0
0.0
0.0
0.0
0.0
0.0
0.0
0.0
0.0
0.0
0.0
0.0
0.0
0.0
0.0
0.0
</W>
<b>
-2.07419923179761
</b>
<info>
Training (X) File : /home/vibhatha/data/libsvm/webspam/webspam_isesvm_train_x_bin.266 
Training (Y) File : /home/vibhatha/data/libsvm/webspam/webspam_isesvm_train_y.266.bin 
Testing (X) File : /home/vibhatha/data/libsvm/webspam/webspam_isesvm_test_x_bin.266 
Testing (Y) File : /home/vibhatha/data/libsvm/webspam/webspam_isesvm_test_y.266.bin 
I/O Time : 122
Kernel Matrix Calculation : 0.27 s
</info>
