90.28776978417267
91.36690647482014
89.20863309352518
88.48920863309353
87.76978417266187
89.20863309352518
90.64748201438849
89.20863309352518
88.48920863309353
87.05035971223022
92.80575539568345
89.20863309352518
89.20863309352518
89.20863309352518
86.6906474820144
89.20863309352518
89.568345323741
88.84892086330936
89.568345323741
83.81294964028777
88.48920863309353
91.72661870503596
90.64748201438849
90.28776978417267
90.64748201438849
88.48920863309353
89.20863309352518
88.84892086330936
86.6906474820144
91.36690647482014
91.72661870503596
86.6906474820144
89.92805755395683
92.44604316546763
89.92805755395683
87.05035971223022
90.28776978417267
87.76978417266187
89.568345323741
89.568345323741
