<model>
linear
</model>
<W>
0.0
0.0
0.0
0.0
0.0
0.0
0.0
0.0
0.0
-1.1202402744843063
2.7677408597220086
0.0
0.0
0.43639131221489125
0.0
0.0
0.0
0.0
0.0
0.0
0.0
0.0
0.0
0.0
0.0
0.0
2.5650600297628965
0.0
0.0
0.0
0.0
0.0
0.3551153395844777
-0.17927398327743077
4.700912453340955
1.0512192900671857
-0.1524317746710545
0.5294781150642057
-1.9427425853543323
0.8392626720604136
0.8026127926590654
0.5526150393265412
-0.4094863799216153
0.062037678802624015
-0.2934897221008922
1.9426646007266712
2.0813389371229083
6.45055887440673
0.27110029944508623
0.7887110143546536
0.46063788644271675
-0.6016137192622975
0.11456365876970344
-1.0315768807908348
1.1221643099792673
0.6298479539821095
1.0236859337957793
0.4678139944496716
0.6932252898206309
0.2933218405451735
-1.4114410353179583
-6.03267699866701
-1.4367193183371176
-1.078202304800874
0.14813137818677447
0.13339035848999048
-0.8720568776274138
-1.1724269703286703
-0.5115398420131192
-2.368373388830618
-2.843258869636836
0.3733407026825245
0.18782622618615286
0.8039521322148613
0.16669803051249493
-0.47965119300283754
0.6121665507637233
-0.4232271739431131
0.6975337393296599
-0.986178682214778
-0.035375838891178846
-0.6536591611733429
-0.02468533348591373
0.9030252863781463
-1.0564647474944986
-0.33424299793135553
0.04473744882553904
0.31879656342978363
-0.5387081216117952
-1.1933791016130268
-0.8598287960401827
0.37544107491367146
-1.586591910835448
0.4048275749136715
-0.047269196328906776
2.2314505348032445
0.02026632
2.6393634855877526
-0.8277841083268239
-0.9137976350420842
0.567587557422894
-1.1409833329672847
1.2107838345586424
-1.7563515385464543
-0.12076772070202112
5.173224072020011
-0.483887392239966
-0.8416650764646706
2.910287298979624
-4.619241291493112
4.3907846661794
-3.2274040053657296
1.1838533258069244
-0.7664166137348718
-3.3362486449613282
6.437600153738755
-1.7833845187427586
-0.14418410304074727
2.752726477975879
0.05117349113472032
-0.15846608817853644
-1.4665681350657416
-1.3360143098849198
-0.9780015531096636
0.19792593464870992
-0.982246648270786
-0.011614855753474556
0.0
0.0
0.0
0.0
0.0
0.0
0.0
0.0
0.0
0.0
0.0
0.0
0.0
0.0
0.0
0.0
0.0
0.0
0.0
0.0
0.0
0.0
0.0
0.0
0.0
0.0
0.0
0.0
0.0
0.0
0.0
0.0
0.0
0.0
0.0
0.0
0.0
0.0
0.0
0.0
0.0
0.0
0.0
0.0
0.0
0.0
0.0
0.0
0.0
0.0
0.0
0.0
0.0
0.0
0.0
0.0
0.0
0.0
0.0
0.0
0.0
0.0
0.0
0.0
0.0
0.0
0.0
0.0
0.0
0.0
0.0
0.0
0.0
0.0
0.0
0.0
0.0
0.0
0.0
0.0
0.0
0.0
0.0
0.0
0.0
0.0
0.0
0.0
0.0
0.0
0.0
0.0
0.0
0.0
0.0
0.0
0.0
0.0
0.0
0.0
0.0
0.0
0.0
0.0
0.0
0.0
0.0
0.0
0.0
0.0
0.0
0.0
0.0
0.0
0.0
0.0
0.0
0.0
0.0
0.0
0.0
0.0
0.0
0.0
0.0
0.0
0.0
</W>
<b>
-2.6282508105475695
</b>
<info>
Training (X) File : /home/vibhatha/data/libsvm/webspam/webspam_isesvm_train_x_bin.212 
Training (Y) File : /home/vibhatha/data/libsvm/webspam/webspam_isesvm_train_y.212.bin 
Testing (X) File : /home/vibhatha/data/libsvm/webspam/webspam_isesvm_test_x_bin.212 
Testing (Y) File : /home/vibhatha/data/libsvm/webspam/webspam_isesvm_test_y.212.bin 
I/O Time : 111
Kernel Matrix Calculation : 0.249 s
</info>
