91.8122270742358
91.37554585152839
89.8471615720524
90.28384279475983
88.53711790393012
85.48034934497817
78.27510917030568
85.69868995633188
69.32314410480349
56.76855895196506
80.56768558951966
94.10480349344978
95.19650655021834
90.93886462882097
88.8646288209607
59.60698689956332
55.24017467248908
77.07423580786026
90.72052401746726
92.46724890829694
91.15720524017468
97.16157205240175
73.14410480349345
56.11353711790393
71.72489082969432
92.46724890829694
94.43231441048034
92.46724890829694
92.57641921397381
91.15720524017468
93.01310043668121
92.13973799126637
93.66812227074236
77.9475982532751
62.00873362445415
90.06550218340611
91.48471615720524
93.66812227074236
93.77729257641921
93.3406113537118
