<model>
gaussian
</model>
<W>
0.0
0.0
0.0
0.0
0.0
0.0
0.0
0.0
0.0
0.01787556918264377
0.00902392217053305
0.0
0.0
0.008449416922661213
0.0
0.0
0.0
0.0
0.0
0.0
0.0
0.0
0.0
0.0
0.0
0.0
0.007945828860384196
0.0
0.0
0.0
0.0
0.0
0.19026570430243206
6.545677014568874E-5
-0.015774943614839998
0.002176927553399821
7.923352500216474E-5
0.0013946537959341754
9.673333112396598E-4
0.0010010065395720247
-0.0010299393975563564
-0.0010304173469235511
-6.316642537473882E-6
1.777509379241593E-6
0.0013429455519662348
-0.0011430842233515204
0.0021560989924194196
-0.022584714724558363
-0.034093994152329055
-0.0011280523371202111
0.001151453239672584
-0.0014863734689916086
-9.595732649276822E-4
-1.5621159547274388E-4
-0.001221309253609082
-8.706345696534168E-4
-2.772294337964887E-4
-1.427616599165571E-4
-3.9038129377710895E-4
-3.554082320094132E-4
0.0033692899897417306
0.0013532145179653288
0.003274664106049485
3.942524161026917E-5
7.693786940876635E-9
0.0020788561259825755
0.001118668777468912
0.0011499579077256517
0.006082051357713336
0.00948451381459492
0.0038274815195453726
5.244435397022684E-5
0.007024275193790563
8.177066658168197E-4
5.920274230475364E-5
1.1563004783021746E-4
0.0019596265479893127
0.002476078739723553
4.40432699703841E-4
7.93637955260662E-4
0.0017553001988077632
2.2720470871351317E-4
0.0016038495397192598
1.8880093277284793E-4
0.013607800441439721
4.0951284568446766E-4
3.757794113181667E-4
8.068350131917867E-5
2.5896444272044405E-4
8.426606079168231E-4
9.683488492395753E-5
2.037681653010992E-5
-3.712936488931007E-6
2.0537708281587186E-5
-4.4114709218945336E-8
3.943726329296293E-4
4.004760441489452E-6
-0.042914862553066424
-0.0036070270336021615
-0.005218545043490952
0.0011541259370524415
-0.02948411335341139
-0.0017718357373130988
9.159623866057398E-4
6.907744347603995E-4
-0.050488226625676536
4.168332657563667E-4
-8.180847155079274E-4
-0.021419209846201603
0.003103683206308494
-0.018869421509416506
-0.002734716103979018
-0.0019418686053909173
7.629181915791428E-5
-0.002525137967039015
-0.045068703693972756
-0.00991187782582359
0.0014085950837248173
-0.0019242153365712777
0.0032551280961019557
6.036772901032439E-4
-1.0882690214852886E-4
7.67282673137526E-5
2.010548157316272E-5
-4.6363924480541385E-5
2.05631754452984E-5
-2.2359735396548786E-8
0.0
0.0
0.0
0.0
0.0
0.0
0.0
0.0
0.0
0.0
0.0
0.0
0.0
0.0
0.0
0.0
0.0
0.0
0.0
0.0
0.0
0.0
0.0
0.0
0.0
0.0
0.0
0.0
0.0
0.0
0.0
0.0
0.0
0.0
0.0
0.0
0.0
0.0
0.0
0.0
0.0
0.0
0.0
0.0
0.0
0.0
0.0
0.0
0.0
0.0
0.0
0.0
0.0
0.0
0.0
0.0
0.0
0.0
0.0
0.0
0.0
0.0
0.0
0.0
0.0
0.0
0.0
0.0
0.0
0.0
0.0
0.0
0.0
0.0
0.0
0.0
0.0
0.0
0.0
0.0
0.0
0.0
0.0
0.0
0.0
0.0
0.0
0.0
0.0
0.0
0.0
0.0
0.0
0.0
0.0
0.0
0.0
0.0
0.0
0.0
0.0
0.0
0.0
0.0
0.0
0.0
0.0
0.0
0.0
0.0
0.0
0.0
0.0
0.0
0.0
0.0
0.0
0.0
0.0
0.0
0.0
0.0
0.0
0.0
0.0
0.0
0.0
</W>
<b>
1.0004724991113108
</b>
<info>
Training (X) File : /home/vibhatha/data/libsvm/webspam/webspam_isesvm_train_x_bin.176 
Training (Y) File : /home/vibhatha/data/libsvm/webspam/webspam_isesvm_train_y.176.bin 
Testing (X) File : /home/vibhatha/data/libsvm/webspam/webspam_isesvm_test_x_bin.176 
Testing (Y) File : /home/vibhatha/data/libsvm/webspam/webspam_isesvm_test_y.176.bin 
I/O Time : 116
Kernel Matrix Calculation : 0.0 s
</info>
