89.92805755395683
91.72661870503596
90.28776978417267
86.33093525179856
88.84892086330936
88.12949640287769
90.28776978417267
90.28776978417267
88.48920863309353
87.76978417266187
91.00719424460432
89.92805755395683
85.97122302158273
87.05035971223022
89.92805755395683
87.05035971223022
90.28776978417267
88.84892086330936
87.05035971223022
83.09352517985612
88.48920863309353
92.44604316546763
90.28776978417267
89.20863309352518
85.61151079136691
88.48920863309353
87.41007194244604
87.76978417266187
88.48920863309353
91.72661870503596
91.72661870503596
89.20863309352518
87.05035971223022
87.76978417266187
89.568345323741
89.20863309352518
91.36690647482014
91.00719424460432
87.41007194244604
90.64748201438849
