91.36690647482014
92.80575539568345
88.48920863309353
85.97122302158273
88.84892086330936
86.33093525179856
89.20863309352518
89.92805755395683
89.568345323741
84.89208633093526
89.92805755395683
88.84892086330936
88.12949640287769
89.92805755395683
89.20863309352518
88.48920863309353
88.84892086330936
88.48920863309353
88.48920863309353
84.17266187050359
88.84892086330936
89.568345323741
91.72661870503596
90.28776978417267
87.76978417266187
89.568345323741
87.05035971223022
87.41007194244604
88.12949640287769
91.36690647482014
88.48920863309353
89.20863309352518
87.41007194244604
90.64748201438849
90.64748201438849
87.76978417266187
91.00719424460432
88.48920863309353
88.48920863309353
89.20863309352518
