86.33093525179856
84.53237410071942
83.45323741007195
83.81294964028777
82.01438848920863
82.37410071942446
83.81294964028777
83.81294964028777
81.29496402877699
84.17266187050359
83.45323741007195
83.09352517985612
82.01438848920863
85.25179856115108
81.29496402877699
81.65467625899281
84.53237410071942
82.37410071942446
83.81294964028777
74.10071942446042
85.25179856115108
87.05035971223022
85.25179856115108
80.93525179856115
79.85611510791367
79.13669064748201
82.37410071942446
80.93525179856115
81.29496402877699
85.25179856115108
87.05035971223022
82.73381294964028
80.57553956834532
82.37410071942446
86.33093525179856
81.65467625899281
85.25179856115108
85.61151079136691
84.17266187050359
84.89208633093526
