<model>
linear
</model>
<W>
0.0
0.0
0.0
0.0
0.0
0.0
0.0
0.0
0.0
-1.354429166478397
-2.8798436429134475
0.0
0.0
-1.3276091832828818
0.0
0.0
0.0
0.0
0.0
0.0
0.0
0.0
0.0
0.0
0.0
0.0
2.232857174942251
0.0
0.0
0.0
0.0
0.0
0.18941558965005179
1.3736414171472568
3.8627523930363097
0.9316138773194009
-2.4243039079029485
3.379829815690858
-3.849346894361574
1.5426405311139426
6.82321078726808
6.822917578426406
-1.6660643304797176
3.465305001828729
0.3685247217431346
5.193917202818594
-2.5646930804365446
6.632144204370043
-1.7567080397113166
4.255881840562155
0.06996456596365497
-3.4592068987567
-5.91773080172443
-3.551791274148452
4.136292780640157
-0.4551743309788248
3.8764178065460855
2.142343806224282
6.042558443408599
-3.6451857177954152
-3.8177970905812924
-7.332679457841894
-4.108795446069561
-4.575976545136115
0.3041325103008576
-1.1000881855892612
-1.2913287975704133
-7.317730361806764
2.1100679461351337
-4.291066016507558
-4.917323599526698
-1.2804584806363688
-3.4167842712355827
1.9709862399925915
-0.23982214154472314
-3.9811518855961294
2.0798679392384725
-8.101938499127733
-1.262504857866748
-3.0171721730046075
-1.0202742708979813
-0.7835452100171997
3.535312193766902
3.2126659046557053
-0.25750482893368626
-0.8382232838849679
-2.1141983797812434
0.28175403551471445
0.06810264438207714
-1.8942926065011292
-2.0259976940854836
0.04857876055262828
-2.869343709073889
0.12266818255262846
-0.13415793786959546
3.10059493354632
0.040829810999999994
4.562902460042912
-2.2869338946491613
-4.379186229561696
0.8554717634586666
0.8908148521288268
0.3312558237470471
-4.920890811025059
2.2852596062241153
5.383477343557532
-3.4943364696071324
1.2394911305101632
8.792439500380768
-8.87791165214789
4.035947150796641
1.7844611332006064
2.0402942653770118
-1.3825129132773792
-4.54525348859473
9.303451329098221
-4.0758778889088045
-6.84844701672487
9.362020089685334
1.117784324961532
-2.572156706295707
1.5127376248618745
1.214571421902515
-0.348522518787611
1.5033806855875052
-0.348522518787611
-0.008307013064934086
0.0
0.0
0.0
0.0
0.0
0.0
0.0
0.0
0.0
0.0
0.0
0.0
0.0
0.0
0.0
0.0
0.0
0.0
0.0
0.0
0.0
0.0
0.0
0.0
0.0
0.0
0.0
0.0
0.0
0.0
0.0
0.0
0.0
0.0
0.0
0.0
0.0
0.0
0.0
0.0
0.0
0.0
0.0
0.0
0.0
0.0
0.0
0.0
0.0
0.0
0.0
0.0
0.0
0.0
0.0
0.0
0.0
0.0
0.0
0.0
0.0
0.0
0.0
0.0
0.0
0.0
0.0
0.0
0.0
0.0
0.0
0.0
0.0
0.0
0.0
0.0
0.0
0.0
0.0
0.0
0.0
0.0
0.0
0.0
0.0
0.0
0.0
0.0
0.0
0.0
0.0
0.0
0.0
0.0
0.0
0.0
0.0
0.0
0.0
0.0
0.0
0.0
0.0
0.0
0.0
0.0
0.0
0.0
0.0
0.0
0.0
0.0
0.0
0.0
0.0
0.0
0.0
0.0
0.0
0.0
0.0
0.0
0.0
0.0
0.0
0.0
0.0
</W>
<b>
-2.3273553928452664
</b>
<info>
Training (X) File : /home/vibhatha/data/libsvm/webspam/webspam_isesvm_train_x_bin.261 
Training (Y) File : /home/vibhatha/data/libsvm/webspam/webspam_isesvm_train_y.261.bin 
Testing (X) File : /home/vibhatha/data/libsvm/webspam/webspam_isesvm_test_x_bin.261 
Testing (Y) File : /home/vibhatha/data/libsvm/webspam/webspam_isesvm_test_y.261.bin 
I/O Time : 150
Kernel Matrix Calculation : 0.238 s
</info>
