<model>
linear
</model>
<W>
0.0
0.0
0.0
0.0
0.0
0.0
0.0
0.0
0.0
-0.9719320581573024
2.7676325326327897
0.0
0.0
-4.621551007749319
0.0
0.0
0.0
0.0
0.0
0.0
0.0
0.0
0.0
0.0
0.0
0.0
2.1913367682012694
0.0
0.0
0.0
0.0
0.0
0.5959767768608172
0.11249066203299342
3.6940897610746886
1.8293230910997598
-0.32460081455449674
-2.1183061457317462
-0.7829286922430582
-3.1033852531871005
2.638248127778152
2.660443613835271
1.3185835671215254
0.7337749224530575
-0.7150200051636187
7.515912117939813
1.796632438213172
8.334041541986236
1.9758404053430887
0.8420018332332662
5.473422366170608
-1.0534794745319283
1.2388459186008367
-0.19306083928304885
2.974648088461657
-2.0665868597330603
1.1806687292669633
-1.4259366701577008
1.0980055759396499
2.703713161955404
-2.9992880688036907
-5.496559724840135
-2.983811762683084
-2.7375276019808457
0.9374073385389626
0.47362734252561495
-0.7895536575119794
-2.92695922977074
-1.7066640190430018
-1.3864836134363698
-5.535377874842368
-0.5840281282000338
-2.702720269747672
1.9610014630030255
-0.417996803471952
-0.8074641740677841
1.029793219963682
0.16582564167817376
1.2141133252626128
-0.5773702435318814
-1.1853511334240545
-1.423711284687749
1.8035947037549924
3.810885248313503
-1.1643317102862265
-0.8122211795576714
0.1401916069776392
-0.2864571042739398
-0.27574794555340915
-1.6173788340988813
-1.46892617723773
0.5540629692274004
-1.702549913905321
0.5537569392274004
0.025650303838590245
-0.34465327612664987
0.00548874
2.6287887799201934
-0.4598615968062223
-3.099101828828447
-4.070629561322594
-1.0858337101103588
-1.125900818844074
-4.411281388309934
-0.1804102119657329
4.387038827179623
-0.6893309968182518
-2.718246632952149
3.7689805104745417
-4.146939372544339
2.748835009186923
0.5238476840855539
0.97429106749512
-0.14966019228673527
-6.025564377138028
8.521685374826061
1.8288402897772946
-0.6914031485259494
5.085670838780311
-2.518328106305737
-0.03622522830253336
-0.3308417821348605
-1.6367683427499626
-0.7321496247678858
1.178328240658334
-0.7321496247678858
-0.24935487880776294
0.0
0.0
0.0
0.0
0.0
0.0
0.0
0.0
0.0
0.0
0.0
0.0
0.0
0.0
0.0
0.0
0.0
0.0
0.0
0.0
0.0
0.0
0.0
0.0
0.0
0.0
0.0
0.0
0.0
0.0
0.0
0.0
0.0
0.0
0.0
0.0
0.0
0.0
0.0
0.0
0.0
0.0
0.0
0.0
0.0
0.0
0.0
0.0
0.0
0.0
0.0
0.0
0.0
0.0
0.0
0.0
0.0
0.0
0.0
0.0
0.0
0.0
0.0
0.0
0.0
0.0
0.0
0.0
0.0
0.0
0.0
0.0
0.0
0.0
0.0
0.0
0.0
0.0
0.0
0.0
0.0
0.0
0.0
0.0
0.0
0.0
0.0
0.0
0.0
0.0
0.0
0.0
0.0
0.0
0.0
0.0
0.0
0.0
0.0
0.0
0.0
0.0
0.0
0.0
0.0
0.0
0.0
0.0
0.0
0.0
0.0
0.0
0.0
0.0
0.0
0.0
0.0
0.0
0.0
0.0
0.0
0.0
0.0
0.0
0.0
0.0
0.0
</W>
<b>
-2.6757303332452365
</b>
<info>
Training (X) File : /home/vibhatha/data/libsvm/webspam/webspam_isesvm_train_x_bin.206 
Training (Y) File : /home/vibhatha/data/libsvm/webspam/webspam_isesvm_train_y.206.bin 
Testing (X) File : /home/vibhatha/data/libsvm/webspam/webspam_isesvm_test_x_bin.206 
Testing (Y) File : /home/vibhatha/data/libsvm/webspam/webspam_isesvm_test_y.206.bin 
I/O Time : 143
Kernel Matrix Calculation : 0.231 s
</info>
