<model>
linear
</model>
<W>
0.0
0.0
0.0
0.0
0.0
0.0
0.0
0.0
0.0
-0.9489544396548655
1.0111953619331504
0.0
0.0
-1.8476291557081126
0.0
0.0
0.0
0.0
0.0
0.0
0.0
0.0
0.0
0.0
0.0
0.0
1.611075816527108
0.0
0.0
0.0
0.0
0.0
0.7214041113153294
0.18847328151679996
2.468155618152567
0.24345047771085665
-0.3711808532650099
0.47434768827473534
-3.2424613966397766
-0.4464861395267765
0.3623643199074712
0.3634685791572043
-3.083091847234076
-0.6457147573851829
-1.8452082583981857
4.825892982165803
-1.2245973054495995
8.582075539077152
-1.443319120960085
0.7118465433088161
1.8815844428699293
-0.8265261262931952
-0.16096351816096166
-0.7983338126359163
0.8637647816218723
0.9350075250084302
2.0760382277806433
0.48971103153269013
0.8349572158477211
-1.3635172244486062
-1.5321480993518966
-1.2381490527365253
-1.563879379136143
-3.464499854686047
0.4444106195604928
2.574820856130282
0.23766118881540124
-3.9338845613230027
0.00927434018366897
-2.2456228018666837
-1.9123446630714296
0.2082970943561196
-0.4961867344146905
1.342113484121256
0.20270100586843673
-1.0559686769369234
-1.079282188443416
-3.480699261267905
-1.6125500799978423
2.759779816052942
0.7953023797957952
0.11588477606148288
1.0051818893372928
0.6623416995681972
-0.1008865329978025
-1.5674472688225296
0.5617141399218741
-1.7957405527016785
-0.5288496302264012
-1.3943952198166993
-0.9276358292387512
0.09682628611083709
-0.004010891123057505
0.11383057934129717
-0.6833251308113277
4.479787714313905
-0.01057519
7.147047304185096
1.0810409860320687
-1.0079789721505197
-3.857907643192654
0.3425178582562877
1.1126149108844456
-4.005487674215519
0.22337969527520446
3.869788139561394
-0.7310117645967951
-1.3294179659918894
4.546251555448587
-4.014074620776401
4.267702079656471
-3.2137762909665324
-0.5613353487240983
-0.7163157444937388
-4.090811443615556
5.4897664311419545
0.10391637996888867
3.081089917285399
4.4880537145623745
-2.748459456933313
-0.7471107133751609
1.4145258564752246
-0.21724480184358697
-0.2980100122352043
0.8419867322011709
-0.2880032122352043
-0.036273062999999994
0.0
0.0
0.0
0.0
0.0
0.0
0.0
0.0
0.0
0.0
0.0
0.0
0.0
0.0
0.0
0.0
0.0
0.0
0.0
0.0
0.0
0.0
0.0
0.0
0.0
0.0
0.0
0.0
0.0
0.0
0.0
0.0
0.0
0.0
0.0
0.0
0.0
0.0
0.0
0.0
0.0
0.0
0.0
0.0
0.0
0.0
0.0
0.0
0.0
0.0
0.0
0.0
0.0
0.0
0.0
0.0
0.0
0.0
0.0
0.0
0.0
0.0
0.0
0.0
0.0
0.0
0.0
0.0
0.0
0.0
0.0
0.0
0.0
0.0
0.0
0.0
0.0
0.0
0.0
0.0
0.0
0.0
0.0
0.0
0.0
0.0
0.0
0.0
0.0
0.0
0.0
0.0
0.0
0.0
0.0
0.0
0.0
0.0
0.0
0.0
0.0
0.0
0.0
0.0
0.0
0.0
0.0
0.0
0.0
0.0
0.0
0.0
0.0
0.0
0.0
0.0
0.0
0.0
0.0
0.0
0.0
0.0
0.0
0.0
0.0
0.0
0.0
</W>
<b>
-3.881258891457929
</b>
<info>
Training (X) File : /home/vibhatha/data/libsvm/webspam/webspam_isesvm_train_x_bin.132 
Training (Y) File : /home/vibhatha/data/libsvm/webspam/webspam_isesvm_train_y.132.bin 
Testing (X) File : /home/vibhatha/data/libsvm/webspam/webspam_isesvm_test_x_bin.132 
Testing (Y) File : /home/vibhatha/data/libsvm/webspam/webspam_isesvm_test_y.132.bin 
I/O Time : 126
Kernel Matrix Calculation : 0.265 s
</info>
