91.00719424460432
91.00719424460432
88.84892086330936
92.44604316546763
87.41007194244604
87.76978417266187
89.92805755395683
89.568345323741
91.72661870503596
88.48920863309353
89.20863309352518
89.568345323741
88.48920863309353
88.84892086330936
89.568345323741
89.92805755395683
88.84892086330936
91.00719424460432
89.92805755395683
83.45323741007195
91.72661870503596
93.5251798561151
89.20863309352518
91.72661870503596
88.84892086330936
90.28776978417267
90.28776978417267
89.92805755395683
89.20863309352518
92.44604316546763
93.16546762589928
88.84892086330936
90.64748201438849
89.20863309352518
90.64748201438849
89.20863309352518
91.36690647482014
92.44604316546763
88.84892086330936
91.36690647482014
