<model>
linear
</model>
<W>
0.0
0.0
0.0
0.0
0.0
0.0
0.0
0.0
3.4122593639551727E-19
-0.8915962875912218
4.562443919959625
0.0
0.006404302
-2.7057105985499454
0.0
0.0
0.0
0.0
0.0
0.0
0.0
0.0
0.0
0.0
0.0
0.0
3.099539413499554
0.0
0.0
0.0
0.0
0.0
-0.4566204605121893
1.2040298697056488
3.6262297311617573
1.2597673780319272
-0.04747399280556328
1.9148098306578325
0.20415889126742104
-5.464928418433178
3.3299252331138067
3.4084786282941453
-1.0966372752893487
1.873818250449093
-2.848720354521165
0.8934686984457825
-3.269681275929935
7.992597625255115
1.3212377144789622
5.171670726765544
1.4012910616100334
0.6316504441930848
0.4474949049394412
-2.5171015730365998
4.535006269528451
1.5612240573804357
4.762440383674055
3.1100993345568604
-1.3986875192318902
-0.07360577031290716
-2.396367530072001
-8.516910177949306
-1.7640249605380582
-4.339199279280089
0.5705463190585665
0.043429692924922825
-0.9993896306691544
-10.301894078120256
-3.733695732119319
-1.9979837432457959
-10.151373028264258
0.5297424015253387
-5.850424943213956
-0.8593338893109257
-0.5581569216735522
-1.006585369814427
1.0439205904848614
0.6625555230244127
-0.10428289288974646
1.5128848253774125
-0.14256956553829836
3.7322403591267794
-0.9742018057162775
2.3121737668872435
-3.6853497894815126
1.2022475672470032
0.6769007087312033
-3.682660130021894
1.4809203047443815
0.27822521605913186
-0.9584100604602654
2.388863562063584
0.529178213676857
2.388863562063584
0.06239481122585414
3.691681987570962
0.012590699836076065
0.3571415074617814
2.8815155649330917
-2.3699031256487038
-1.9686587082393272
-2.0345764108859052
5.148368018073728
-4.852191181760749
1.0026706733709525
4.579611801398274
-3.355504708850028
1.105608129144937
5.8042077134093
-8.881583864815102
3.8599949498096637
1.2618928120400805
1.4321441309877354
-0.15118065891623383
-5.7869621047219555
11.451019702036273
0.6681810653189739
0.05171194842489779
3.8446447614149015
-2.0081003180711443
-2.4793131672948707
6.684410463518502
-3.7660813388245886
-0.875879205190145
0.23349829296062985
-0.8786783431901448
-0.013322121282737283
0.0
0.0
0.0
0.0
0.0
0.0
0.0
0.0
0.0
0.0
0.0
0.0
0.0
0.0
0.0
0.0
0.0
0.0
0.0
0.0
0.0
0.0
0.0
0.0
0.0
0.0
0.0
0.0
0.0
0.0
0.0
0.0
0.0
0.0
0.0
0.0
0.0
0.0
0.0
0.0
0.0
0.0
0.0
0.0
0.0
0.0
0.0
0.0
0.0
0.0
0.0
0.0
0.0
0.0
0.0
0.0
0.0
0.0
0.0
0.0
0.0
0.0
0.0
0.0
0.0
0.0
0.0
0.0
0.0
0.0
0.0
0.0
0.0
0.0
0.0
0.0
0.0
0.0
0.0
0.0
0.0
0.0
0.0
0.0
0.0
0.0
0.0
0.0
0.0
0.0
0.0
0.0
0.0
0.0
0.0
0.0
0.0
0.0
0.0
0.0
0.0
0.0
0.0
0.0
0.0
0.0
0.0
0.0
0.0
0.0
0.0
0.0
0.0
0.0
0.0
0.0
0.0
0.0
0.0
0.0
0.0
0.0
0.0
0.0
0.0
0.0
0.0
</W>
<b>
-2.6185599101594654
</b>
<info>
Training (X) File : /home/vibhatha/data/libsvm/webspam/webspam_isesvm_train_x_bin.148 
Training (Y) File : /home/vibhatha/data/libsvm/webspam/webspam_isesvm_train_y.148.bin 
Testing (X) File : /home/vibhatha/data/libsvm/webspam/webspam_isesvm_test_x_bin.148 
Testing (Y) File : /home/vibhatha/data/libsvm/webspam/webspam_isesvm_test_y.148.bin 
I/O Time : 108
Kernel Matrix Calculation : 0.216 s
</info>
