<model>
linear
</model>
<W>
0.0
0.0
0.0
0.0
0.0
0.0
0.0
0.0
0.0
-0.4064705776443024
2.8132166700435586
0.0
0.0
-0.7588208842834264
0.0
0.0
0.0
0.0
0.0
0.0
0.0
0.0
0.0
0.0
0.0
0.0
1.8395002414930288
0.0
0.0
0.0
0.0
0.0
1.711655508182711
-0.6987254167834978
3.9466718723944982
2.199695815409977
0.03493851627375469
-1.3292908018069156
-0.8277403675092142
-2.5998535037820742
4.356904239657568
4.535483679657569
0.5647062568225643
1.100825554450854
-0.9748439575147025
3.0380668785963905
-1.2462113091132263
6.173957716267394
-0.47938694790627845
2.1167941021503394
3.977133810947499
-2.454127736671308
1.3932401271587813
-1.0660161129874337
2.214753736000249
0.2033709383738434
2.3547030254349965
2.11934939833579
1.460355100458992
-0.502236750707918
-1.630373128619102
-4.9459686502248825
-1.4859996782900482
-1.549555044659388
0.7127370011849631
2.4130215249406692
0.17564602230813448
-1.109421638098472
0.7721334726832413
-3.004439840514567
-4.799248702676966
0.9577935973553563
-0.4540092529314073
2.976298161819087
-0.2593309621197406
-1.011816787296572
0.5809036905849086
-2.39538067858248
1.9484410480854186
-0.01066555815254197
-0.4653761572823782
0.46287454275856743
1.094186692367986
-0.48416257604408913
1.7226850276786525
0.6077146999656283
1.9352659825323113
0.7732965966027359
-1.1633830952451125
-1.2600677054549645
-0.4998999077867996
0.8319197066417304
-0.6474662149069113
0.7948319666417306
0.03840910256855436
2.3954104285706657
9.84645E-4
4.452389835862823
-1.7712009249223672
-0.7819717169156981
-4.517503717463896
-2.1311224617104934
1.6282405164948732
-3.712382407562457
2.822902196594855
5.772583881237389
-1.0894556619488387
-0.7546277529195804
6.5332528557073255
-4.276013093578414
5.47729757168256
-1.8226309302073733
-1.5710307725027763
0.34183381414730774
-2.504634927491207
4.818764434865967
1.7129612701762622
-0.5702447115008992
5.199941458304139
-4.104507961964002
0.3400741031781154
0.9844100486135626
-0.5679481288668217
-0.8757579456194989
0.5837863772669083
-0.8872017156194993
-0.028545614100000012
0.0
0.0
0.0
0.0
0.0
0.0
0.0
0.0
0.0
0.0
0.0
0.0
0.0
0.0
0.0
0.0
0.0
0.0
0.0
0.0
0.0
0.0
0.0
0.0
0.0
0.0
0.0
0.0
0.0
0.0
0.0
0.0
0.0
0.0
0.0
0.0
0.0
0.0
0.0
0.0
0.0
0.0
0.0
0.0
0.0
0.0
0.0
0.0
0.0
0.0
0.0
0.0
0.0
0.0
0.0
0.0
0.0
0.0
0.0
0.0
0.0
0.0
0.0
0.0
0.0
0.0
0.0
0.0
0.0
0.0
0.0
0.0
0.0
0.0
0.0
0.0
0.0
0.0
0.0
0.0
0.0
0.0
0.0
0.0
0.0
0.0
0.0
0.0
0.0
0.0
0.0
0.0
0.0
0.0
0.0
0.0
0.0
0.0
0.0
0.0
0.0
0.0
0.0
0.0
0.0
0.0
0.0
0.0
0.0
0.0
0.0
0.0
0.0
0.0
0.0
0.0
0.0
0.0
0.0
0.0
0.0
0.0
0.0
0.0
0.0
0.0
0.0
</W>
<b>
-4.589495327000506
</b>
<info>
Training (X) File : /home/vibhatha/data/libsvm/webspam/webspam_isesvm_train_x_bin.42 
Training (Y) File : /home/vibhatha/data/libsvm/webspam/webspam_isesvm_train_y.42.bin 
Testing (X) File : /home/vibhatha/data/libsvm/webspam/webspam_isesvm_test_x_bin.42 
Testing (Y) File : /home/vibhatha/data/libsvm/webspam/webspam_isesvm_test_y.42.bin 
I/O Time : 129
Kernel Matrix Calculation : 0.229 s
</info>
