<model>
linear
</model>
<W>
0.0
0.0
0.0
0.0
0.0
0.0
0.0
0.0
0.0
2.1339912983304696
-1.69490108845317
0.0
0.0
-6.716729683409578
0.0
0.0
0.0
0.0
0.0
0.0
0.0
0.0
0.0
0.0
0.0
0.0
-0.5042686123166304
0.0
0.0
0.0
0.0
0.0
1.5667209699957954
0.12882853768518746
5.817273794086541
9.79059395481397
-0.2706360635510086
1.5534436964336813
-1.432586781657934
1.1831277412954133
2.110522606174586
2.1276307368995213
0.45956571379418665
0.3878440583878584
0.6430606874167504
2.810872996681436
6.362513305696032
8.77624320745788
2.0946822961614178
6.2205697993665146
-1.1050663339999838
-6.886081444669372
-2.630082006558598
-5.615831477972717
4.655070019427337
-2.9741897269169666
0.5104982047579794
6.281601215645256
6.946385119017465
-3.240828075681396
-3.225466638904564
-10.858052183178874
-2.3017645637476125
-5.8793057000579285
1.142921996594807
2.1052367925551096
3.559741851010181
-0.6321379193250938
-1.9592668442035877
-1.2637372593585197
-9.519050258883897
-2.308870761363545
-1.1597397998190135
8.37867812344832
-1.5212870801260239
-2.9716513291149695
-1.900334410534733
-6.0473431404334725
1.885826504326006
-0.9093170585236252
0.6589149286451469
0.5274477310889123
2.4055588629333826
4.504538021189537
-0.09995216716113328
-1.1615622209335486
1.0245230888340804
1.132018275892083
-1.2473844874335769
-1.5002064486156523
-0.9872053702714174
-0.8962153347434867
-2.633866738837013
-0.8980985519943001
0.324916905405005
3.196459802622991
0.090658379
3.373014593658713
2.0432369681780647
-4.083554742857094
0.8551509352260575
-3.7197803607998954
4.3801425717258144
-10.853596659673615
-5.923441686938087
10.193095496929942
-2.103362577334603
5.3539012608324
6.377930766064822
-9.643748510805402
5.447152204665916
-2.240687864395288
-5.681985704329609
-2.01276551160385
-7.727735507019783
10.307847545293452
5.7233602318705366
-2.886959715033572
8.282516103208389
-2.2125850159305154
-2.1151378873333795
7.260357588926542
3.7777038596089074
1.0616445105789372
1.8322863984694742
0.5430146491570516
0.06995052015311984
0.0
0.0
0.0
0.0
0.0
0.0
0.0
0.0
0.0
0.0
0.0
0.0
0.0
0.0
0.0
0.0
0.0
0.0
0.0
0.0
0.0
0.0
0.0
0.0
0.0
0.0
0.0
0.0
0.0
0.0
0.0
0.0
0.0
0.0
0.0
0.0
0.0
0.0
0.0
0.0
0.0
0.0
0.0
0.0
0.0
0.0
0.0
0.0
0.0
0.0
0.0
0.0
0.0
0.0
0.0
0.0
0.0
0.0
0.0
0.0
0.0
0.0
0.0
0.0
0.0
0.0
0.0
0.0
0.0
0.0
0.0
0.0
0.0
0.0
0.0
0.0
0.0
0.0
0.0
0.0
0.0
0.0
0.0
0.0
0.0
0.0
0.0
0.0
0.0
0.0
0.0
0.0
0.0
0.0
0.0
0.0
0.0
0.0
0.0
0.0
0.0
0.0
0.0
0.0
0.0
0.0
0.0
0.0
0.0
0.0
0.0
0.0
0.0
0.0
0.0
0.0
0.0
0.0
0.0
0.0
0.0
0.0
0.0
0.0
0.0
0.0
0.0
</W>
<b>
-4.125624844794312
</b>
<info>
Training (X) File : /home/vibhatha/data/libsvm/webspam/webspam_isesvm_train_x_bin.361 
Training (Y) File : /home/vibhatha/data/libsvm/webspam/webspam_isesvm_train_y.361.bin 
Testing (X) File : /home/vibhatha/data/libsvm/webspam/webspam_isesvm_test_x_bin.361 
Testing (Y) File : /home/vibhatha/data/libsvm/webspam/webspam_isesvm_test_y.361.bin 
I/O Time : 158
Kernel Matrix Calculation : 0.274 s
</info>
