<model>
linear
</model>
<W>
0.0
0.0
0.0
0.0
0.0
0.0
0.0
0.0
0.0
-0.7498349213875546
4.219079359704767
0.0
0.0
-3.648611212503131
0.0
0.0
0.0
0.0
0.0
0.0
0.0
0.0
0.0
0.0
0.0
0.0
1.1395020658719364
0.0
0.0
0.0
0.0
0.0
0.11854753603230428
-0.49419672062085906
2.020122758033431
2.3181303589671
-0.3187068780414229
0.6942369483859979
-4.774919684542334
-4.034919395476538
6.065559732900947
5.988210643805822
-0.046160498012859305
1.2524501045114127
1.665257146583447
2.0853966479920203
4.401596162949685
7.781073015110811
-1.1561942990444982
1.623271372474966
5.171113324495654
-2.0172843719367264
0.3650750919984106
0.6800198045721648
4.842602556346337
0.8057000400802716
1.0521112236238293
-2.825894065262652
-1.157333155261544
-3.6812549528550367
-1.840050207314638
-5.364872040623539
-1.8886978583286957
-2.9511889528228483
0.8919745033678272
1.1187050414430015
-1.6463074285483812
-5.106037492654237
3.088230884974544
-3.4667549914445925
-6.528577747298692
-1.4828498165643926
-0.8846817775621602
3.5988844408075633
1.80810366876159
0.4637032687507403
-1.0480284851673292
-3.1809631150364734
1.2772000819550262
3.301762110667065
-5.37866032768721
1.5315806196693929
0.6499708223407685
2.4526307785264976
0.2955592363449544
0.14599007451128213
0.4552629791533479
1.0175818255551823
0.31868609111764756
-1.5970854004336867
-0.43169412901859217
-1.6750855252099643
0.37056086349466444
-1.6738123552099646
-0.28624419608965207
4.585083098819503
-0.0034433869999999996
2.26090069497857
2.4415887322773444
-0.5137158542366747
-3.2284483685650827
-5.607987122011867
1.794431213920005
-10.856601827517546
0.25940289102853553
4.68171923309668
-3.5917429370634055
-3.982717018525977
9.635281840378427
-9.253255984363776
6.606831749504383
-5.546418966003413
2.1367429077990714
0.5765872180475895
-2.6217746985927226
9.935682272064348
1.5708871688717139
4.415319773664821
5.784280521746713
-2.4899625702965853
-3.5639972498351358
0.863444981701516
-0.634265937687549
-0.9261368245851089
0.9250583893028169
-0.9320804545851089
-0.009596387919852328
0.0
0.0
0.0
0.0
0.0
0.0
0.0
0.0
0.0
0.0
0.0
0.0
0.0
0.0
0.0
0.0
0.0
0.0
0.0
0.0
0.0
0.0
0.0
0.0
0.0
0.0
0.0
0.0
0.0
0.0
0.0
0.0
0.0
0.0
0.0
0.0
0.0
0.0
0.0
0.0
0.0
0.0
0.0
0.0
0.0
0.0
0.0
0.0
0.0
0.0
0.0
0.0
0.0
0.0
0.0
0.0
0.0
0.0
0.0
0.0
0.0
0.0
0.0
0.0
0.0
0.0
0.0
0.0
0.0
0.0
0.0
0.0
0.0
0.0
0.0
0.0
0.0
0.0
0.0
0.0
0.0
0.0
0.0
0.0
0.0
0.0
0.0
0.0
0.0
0.0
0.0
0.0
0.0
0.0
0.0
0.0
0.0
0.0
0.0
0.0
0.0
0.0
0.0
0.0
0.0
0.0
0.0
0.0
0.0
0.0
0.0
0.0
0.0
0.0
0.0
0.0
0.0
0.0
0.0
0.0
0.0
0.0
0.0
0.0
0.0
0.0
0.0
</W>
<b>
-2.56123924594106
</b>
<info>
Training (X) File : /home/vibhatha/data/libsvm/webspam/webspam_isesvm_train_x_bin.238 
Training (Y) File : /home/vibhatha/data/libsvm/webspam/webspam_isesvm_train_y.238.bin 
Testing (X) File : /home/vibhatha/data/libsvm/webspam/webspam_isesvm_test_x_bin.238 
Testing (Y) File : /home/vibhatha/data/libsvm/webspam/webspam_isesvm_test_y.238.bin 
I/O Time : 139
Kernel Matrix Calculation : 0.209 s
</info>
