<model>
linear
</model>
<W>
0.0
0.0
0.0
0.0
0.0
0.0
0.0
0.0
0.0
0.17347655141262847
-0.06517181376041792
0.0
0.0
-0.6278146810847043
0.0
0.0
0.0
0.0
0.0
0.0
0.0
0.0
0.0
0.0
0.0
0.0
2.8822585457487127
0.0
0.0
0.0
0.0
0.0
0.4854460406778378
-0.8276840660170568
1.5585728460589336
4.366236962992449
-0.08938759830309849
0.5102617104983034
-3.3070450739705803
-11.232157448542631
2.6989172280377614
2.4122982518398577
-0.930490306691524
1.1291876403119123
-4.439554307713152
3.065139227266644
2.8237492272882156
14.443604170474206
-0.4316450984122939
0.6280657969465371
2.9113761532666755
0.9112802862404655
3.7790320585101065
-1.7684116139176818
8.458971227548913
2.0313081187169173
0.7162783078758331
0.022942258766522138
-2.5043649758452373
-2.9657646731674805
-5.17415670466083
-3.8077160748285057
-4.1096622565085745
-3.164360209045207
0.9409456186500563
-2.699702942290823
0.2669430506920933
-5.958327097583471
4.261495844838426
-4.38940638247504
-6.421725232169286
0.06451514316541995
-0.4023722569244078
1.771837634184887
-1.7651858268241793
-0.5819472187039421
1.14923398008724
-2.463003813595933
-1.1982261355119947
-0.7718139881452982
-1.6156817327450692
-0.5579260351778729
-1.5882962946251253
5.77321651885252
-0.04157442204309992
-2.6955927989605164
-0.38628216071711463
-0.028438722690110718
-1.4809984651261014
-4.507743873996013
-2.9328950520933423
-3.681732808810835
1.0321831398821693
-3.6831566388108343
-0.0320103762568762
2.831101179092089
0.0014246360000000017
4.84070739365821
1.5248300349184682
-3.5647688792112517
-0.6466903863034144
-4.951114170926722
7.870775586809306
-9.675308596290005
-1.8295707712737581
6.265725570945376
-1.660644405505524
-1.0821756020380098
6.14448446459218
-6.643560490149824
3.4109319773550997
-4.971997465993465
-2.6498088227931293
-0.245366723404061
-2.4589782849737194
10.177701833885346
2.5244956988355574
-4.352141045187191
8.340552062483912
-7.2398601040915045
-0.23220998880753457
0.8645009691307853
-3.5780296649462486
-0.12748241303735414
1.7247173419810415
-0.12425016703735386
-0.10253901662885376
0.0
0.0
0.0
0.0
0.0
0.0
0.0
0.0
0.0
0.0
0.0
0.0
0.0
0.0
0.0
0.0
0.0
0.0
0.0
0.0
0.0
0.0
0.0
0.0
0.0
0.0
0.0
0.0
0.0
0.0
0.0
0.0
0.0
0.0
0.0
0.0
0.0
0.0
0.0
0.0
0.0
0.0
0.0
0.0
0.0
0.0
0.0
0.0
0.0
0.0
0.0
0.0
0.0
0.0
0.0
0.0
0.0
0.0
0.0
0.0
0.0
0.0
0.0
0.0
0.0
0.0
0.0
0.0
0.0
0.0
0.0
0.0
0.0
0.0
0.0
0.0
0.0
0.0
0.0
0.0
0.0
0.0
0.0
0.0
0.0
0.0
0.0
0.0
0.0
0.0
0.0
0.0
0.0
0.0
0.0
0.0
0.0
0.0
0.0
0.0
0.0
0.0
0.0
0.0
0.0
0.0
0.0
0.0
0.0
0.0
0.0
0.0
0.0
0.0
0.0
0.0
0.0
0.0
0.0
0.0
0.0
0.0
0.0
0.0
0.0
0.0
0.0
</W>
<b>
-2.4740969936192307
</b>
<info>
Training (X) File : /home/vibhatha/data/libsvm/webspam/webspam_isesvm_train_x_bin.179 
Training (Y) File : /home/vibhatha/data/libsvm/webspam/webspam_isesvm_train_y.179.bin 
Testing (X) File : /home/vibhatha/data/libsvm/webspam/webspam_isesvm_test_x_bin.179 
Testing (Y) File : /home/vibhatha/data/libsvm/webspam/webspam_isesvm_test_y.179.bin 
I/O Time : 135
Kernel Matrix Calculation : 0.271 s
</info>
