<model>
linear
</model>
<W>
0.0
0.0
0.0
0.0
0.0
0.0
0.0
0.0
0.0
-1.587292106621307
0.9001282440996536
0.0
0.0
-0.5907004248855343
0.0
0.0
0.0
0.0
0.0
0.0
0.0
0.0
0.0
0.0
0.0
0.0
1.1961645916421233
0.0
0.0
0.0
0.0
0.0
-1.2104960082095717
-2.374221682595937
4.335814913054529
5.294981650540758
-0.5831735779017004
1.808344605354059
-3.8544859486707774
-6.259343635563233
2.53025757102566
2.5067190252326212
0.1851817263795488
2.742319477614546
-1.854436719417512
3.6604499698949775
0.5128632313388845
7.247607261320334
-2.3236013182670736
3.693687994845231
5.430689932246621
-5.933519800282287
-1.129589533955713
0.25153850443155534
2.9860573426278516
-0.39347500122409523
3.2841957153104655
3.3601759355228826
-1.389663493399184
-5.192421911862983
-3.286888433180127
-6.821104930384052
-3.156269580492039
-2.7881498194172813
0.5379431090676282
4.759428033242876
-0.17643172777012667
-2.7821289590589062
-0.2521723421977513
-4.381566781222992
-3.412767071866377
0.7054929665374745
-2.6841966301131555
0.27200765990804326
0.612381055903903
-0.8819866687003689
-2.7377692196492363
-3.13819525317753
0.4061729486202111
-1.0756777496397951
-2.0855441268403863
-0.9978894422013338
0.8376778628025204
2.133579408042836
1.438305947068824
-0.6111433520157041
-1.343768002349888
0.029741509921176607
-0.1197991826019914
-4.068706128896175
-1.597770894132938
0.45860883690446075
-0.45368660840555486
0.4422261369044608
-0.07594361214939702
-0.7427099438484739
0.031477820000000004
5.631595337506395
-5.6243594182362555
-1.7849238952643076
-5.530095114931589
-0.8113282361468511
3.346282740914325
-5.864297526861553
0.7884669300073139
2.8444830302533086
-2.6207523658781917
-1.4022551708384987
5.428700129944513
-6.810900007898406
5.67849791398384
-1.827413564232061
-3.4086966278714406
0.46213675784144254
-4.551884909853787
9.884694726714791
-2.7542684500814145
1.1033366398032312
8.245366716409675
-3.168660322924922
4.2926732798214635
3.7782674623774084
-4.530719144649595
-0.9302017459443134
0.9060344631334109
-0.9348825459443134
-0.12168773230157207
0.0
0.0
0.0
0.0
0.0
0.0
0.0
0.0
0.0
0.0
0.0
0.0
0.0
0.0
0.0
0.0
0.0
0.0
0.0
0.0
0.0
0.0
0.0
0.0
0.0
0.0
0.0
0.0
0.0
0.0
0.0
0.0
0.0
0.0
0.0
0.0
0.0
0.0
0.0
0.0
0.0
0.0
0.0
0.0
0.0
0.0
0.0
0.0
0.0
0.0
0.0
0.0
0.0
0.0
0.0
0.0
0.0
0.0
0.0
0.0
0.0
0.0
0.0
0.0
0.0
0.0
0.0
0.0
0.0
0.0
0.0
0.0
0.0
0.0
0.0
0.0
0.0
0.0
0.0
0.0
0.0
0.0
0.0
0.0
0.0
0.0
0.0
0.0
0.0
0.0
0.0
0.0
0.0
0.0
0.0
0.0
0.0
0.0
0.0
0.0
0.0
0.0
0.0
0.0
0.0
0.0
0.0
0.0
0.0
0.0
0.0
0.0
0.0
0.0
0.0
0.0
0.0
0.0
0.0
0.0
0.0
0.0
0.0
0.0
0.0
0.0
0.0
</W>
<b>
-0.4340965143638095
</b>
<info>
Training (X) File : /home/vibhatha/data/libsvm/webspam/webspam_isesvm_train_x_bin.149 
Training (Y) File : /home/vibhatha/data/libsvm/webspam/webspam_isesvm_train_y.149.bin 
Testing (X) File : /home/vibhatha/data/libsvm/webspam/webspam_isesvm_test_x_bin.149 
Testing (Y) File : /home/vibhatha/data/libsvm/webspam/webspam_isesvm_test_y.149.bin 
I/O Time : 70
Kernel Matrix Calculation : 0.25 s
</info>
