<model>
linear
</model>
<W>
0.0
0.0
0.0
0.0
0.0
0.0
0.0
0.0
0.0
-0.6999684362086442
-0.22177328189266232
0.0
0.0
-1.1641055644451934
0.0
0.0
0.0
0.0
0.0
0.0
0.0
0.0
0.0
0.0
0.0
0.0
0.5602802182175628
0.0
0.0
0.0
0.0
0.0
0.9824766479729089
-0.02586775196090671
2.263322647175799
0.15823677533436364
0.006463392605587719
-0.1766888653794472
-1.383470739233934
-0.41421413076408725
0.7982526626045987
0.8026493466045987
-0.2826574917619308
-0.04791288084883666
-0.20489880290380835
1.2462785778115086
-1.0407362102532056
4.412948796010835
0.6625770245417788
0.17627525932550586
0.027749240951893506
-0.00839886455472861
-0.07905546720612824
0.00987242872362516
0.655565371638612
0.4678317180009083
0.1074069094560118
0.3507233460721977
0.6285567483363932
-0.3581072789308845
0.3727151140998877
-1.8259640305127247
-0.22871375979576253
-0.21758562913007357
0.061290865685719335
1.277530323955535
0.05172363909061307
-0.03667607243935663
-0.15476730701270153
-0.3903318586673447
-1.113711144540034
0.08930402796762388
-0.5942925497207099
0.5513774173141578
0.0314495222591976
-0.3842033284939342
0.10054957761988018
-0.20626994038766178
0.08517030788416996
-0.24562381431626437
-0.2222426041142198
-0.20224384541245358
0.328988526494564
0.6451437202804803
-0.2927772571275415
-0.09932294968223515
-0.0010807290628224412
0.1205372915372358
-0.1307803426693988
-0.5081100984155363
-0.30739885636362485
0.1021909144589401
0.002899514382407521
0.11248736281988356
7.506089010909417E-4
-0.24315202409172926
0.002240734
2.2918353214991773
-0.4096693370855969
-0.22193189118056056
-1.5330486129101644
0.2965897219674339
-0.12990069340446092
-0.9788904748910816
-0.7445009698720636
3.60856961017629
-0.305042645550924
-0.6091483678279449
2.700976049862087
-1.6654590576479475
1.477772807158293
-0.5366296112472987
0.5877332044848993
-0.2724049853474488
-1.4723202732954241
3.6902306397641813
-0.6061780289544221
-0.720254010941273
0.7383789988680128
-0.6812522639180323
0.358032567723042
0.38548827191491003
-0.07472029364875546
-0.1723277138070544
0.250125309438932
-0.18145204541593254
-0.0414431132896584
0.0
0.0
0.0
0.0
0.0
0.0
0.0
0.0
0.0
0.0
0.0
0.0
0.0
0.0
0.0
0.0
0.0
0.0
0.0
0.0
0.0
0.0
0.0
0.0
0.0
0.0
0.0
0.0
0.0
0.0
0.0
0.0
0.0
0.0
0.0
0.0
0.0
0.0
0.0
0.0
0.0
0.0
0.0
0.0
0.0
0.0
0.0
0.0
0.0
0.0
0.0
0.0
0.0
0.0
0.0
0.0
0.0
0.0
0.0
0.0
0.0
0.0
0.0
0.0
0.0
0.0
0.0
0.0
0.0
0.0
0.0
0.0
0.0
0.0
0.0
0.0
0.0
0.0
0.0
0.0
0.0
0.0
0.0
0.0
0.0
0.0
0.0
0.0
0.0
0.0
0.0
0.0
0.0
0.0
0.0
0.0
0.0
0.0
0.0
0.0
0.0
0.0
0.0
0.0
0.0
0.0
0.0
0.0
0.0
0.0
0.0
0.0
0.0
0.0
0.0
0.0
0.0
0.0
0.0
0.0
0.0
0.0
0.0
0.0
0.0
0.0
0.0
</W>
<b>
-2.8340532508597938
</b>
<info>
Training (X) File : /home/vibhatha/data/libsvm/webspam/webspam_isesvm_train_x_bin.121 
Training (Y) File : /home/vibhatha/data/libsvm/webspam/webspam_isesvm_train_y.121.bin 
Testing (X) File : /home/vibhatha/data/libsvm/webspam/webspam_isesvm_test_x_bin.121 
Testing (Y) File : /home/vibhatha/data/libsvm/webspam/webspam_isesvm_test_y.121.bin 
I/O Time : 152
Kernel Matrix Calculation : 0.298 s
</info>
