89.568345323741
91.00719424460432
88.12949640287769
86.33093525179856
86.6906474820144
87.05035971223022
91.72661870503596
89.20863309352518
89.20863309352518
87.76978417266187
91.36690647482014
87.76978417266187
86.33093525179856
87.76978417266187
87.76978417266187
87.05035971223022
88.84892086330936
89.568345323741
89.568345323741
80.57553956834532
88.84892086330936
91.36690647482014
91.00719424460432
89.568345323741
88.84892086330936
88.48920863309353
87.76978417266187
87.05035971223022
85.97122302158273
90.28776978417267
92.08633093525181
86.33093525179856
87.76978417266187
89.20863309352518
89.20863309352518
89.92805755395683
89.92805755395683
89.568345323741
87.05035971223022
88.48920863309353
