<model>
linear
</model>
<W>
0.0
0.0
0.0
0.0
0.0
0.0
0.0
0.0
0.0
-0.7241770685142329
0.07313133824115156
0.0
0.0
-1.0570632577225147
0.0
0.0
0.0
0.0
0.0
0.0
0.0
0.0
0.0
0.0
0.0
0.0
1.0720549068919583
0.0
0.0
0.0
0.0
0.0
0.7740206707418121
-0.12949361920848998
2.670943338664845
0.32560923458560775
-0.0344304801812867
-0.13531308343546256
-1.3173165005538714
-0.22145670551779376
1.0586386407363626
1.0678938407363625
-0.09969444107257511
0.1419007800143274
0.19205024355937297
1.046447035098569
-0.12826204366422655
3.4837277686369372
0.5744210970163346
0.5470925705208537
0.23404847409188065
-0.33904024073682054
0.02300399328877811
0.2709133386033501
0.6039127869156838
0.1078653567264422
0.33175436935236413
0.440730991476808
-0.0049045324562842834
-0.3656036919035507
0.24466245593251862
-1.3679891652815706
0.2629768411443982
-0.5481430254830513
0.08012765498999998
0.16381187161445987
-0.25776173710304784
-0.6083607627583986
-0.01291395675505342
-1.0191472701267954
-0.6439828154091234
-0.11195139445201258
-0.5935902645906124
0.013434537070451835
0.009321062908858877
-0.22434867091503083
-0.3232905839921146
-0.48981923245806885
-0.2112556024334828
-0.5363390860093313
-0.3075554552185047
-0.2730246355261875
0.2062999294898397
0.46083806379046016
-0.505218003722399
-0.061281894012179886
-0.0441730599899933
-0.10798023105612631
-0.0685108086982246
-0.5079920702601985
-0.2332287860853729
0.06765130888075628
-0.032857384106570624
0.07551982388075629
-0.08932726499208136
0.1457908330952342
-0.039092032000000006
2.7095985246283933
-0.8089811199785828
-0.07021310761851879
-1.7320886825204465
0.24333267598516656
0.15607996337637606
-1.442734150162033
-0.7012056519682437
2.8406665581600956
-0.28036339894642587
-0.6864420399718281
2.7297016896035706
-1.6235407634020729
2.431326408325485
-0.6366425175124547
0.22848138262581794
-0.04295899758150053
-2.275320470891606
3.5926772889432947
-0.46153630295005277
-0.2147444167607414
2.137311772438794
-1.2193256447824736
0.42911154377412275
0.7725807530378315
-0.3902083913962269
-0.054044046024323146
0.24880417800594737
-0.05404393602432315
-0.0229121475
0.0
0.0
0.0
0.0
0.0
0.0
0.0
0.0
0.0
0.0
0.0
0.0
0.0
0.0
0.0
0.0
0.0
0.0
0.0
0.0
0.0
0.0
0.0
0.0
0.0
0.0
0.0
0.0
0.0
0.0
0.0
0.0
0.0
0.0
0.0
0.0
0.0
0.0
0.0
0.0
0.0
0.0
0.0
0.0
0.0
0.0
0.0
0.0
0.0
0.0
0.0
0.0
0.0
0.0
0.0
0.0
0.0
0.0
0.0
0.0
0.0
0.0
0.0
0.0
0.0
0.0
0.0
0.0
0.0
0.0
0.0
0.0
0.0
0.0
0.0
0.0
0.0
0.0
0.0
0.0
0.0
0.0
0.0
0.0
0.0
0.0
0.0
0.0
0.0
0.0
0.0
0.0
0.0
0.0
0.0
0.0
0.0
0.0
0.0
0.0
0.0
0.0
0.0
0.0
0.0
0.0
0.0
0.0
0.0
0.0
0.0
0.0
0.0
0.0
0.0
0.0
0.0
0.0
0.0
0.0
0.0
0.0
0.0
0.0
0.0
0.0
0.0
</W>
<b>
-2.732808745429113
</b>
<info>
Training (X) File : /home/vibhatha/data/libsvm/webspam/webspam_isesvm_train_x_bin.149 
Training (Y) File : /home/vibhatha/data/libsvm/webspam/webspam_isesvm_train_y.149.bin 
Testing (X) File : /home/vibhatha/data/libsvm/webspam/webspam_isesvm_test_x_bin.149 
Testing (Y) File : /home/vibhatha/data/libsvm/webspam/webspam_isesvm_test_y.149.bin 
I/O Time : 59
Kernel Matrix Calculation : 0.231 s
</info>
