91.72661870503596
90.28776978417267
89.92805755395683
89.20863309352518
87.76978417266187
87.41007194244604
88.48920863309353
89.568345323741
88.84892086330936
87.76978417266187
88.84892086330936
85.61151079136691
88.84892086330936
89.92805755395683
88.12949640287769
87.41007194244604
89.20863309352518
88.84892086330936
90.28776978417267
83.81294964028777
89.568345323741
89.92805755395683
88.84892086330936
89.92805755395683
87.41007194244604
88.12949640287769
88.12949640287769
88.48920863309353
87.05035971223022
89.92805755395683
90.28776978417267
87.41007194244604
87.76978417266187
88.84892086330936
88.48920863309353
88.12949640287769
90.28776978417267
89.92805755395683
88.12949640287769
89.20863309352518
