92.44604316546763
91.72661870503596
88.48920863309353
88.48920863309353
88.48920863309353
88.84892086330936
91.00719424460432
91.36690647482014
88.84892086330936
89.568345323741
91.00719424460432
90.64748201438849
88.84892086330936
90.64748201438849
90.28776978417267
91.36690647482014
90.64748201438849
90.28776978417267
89.20863309352518
86.33093525179856
88.48920863309353
91.36690647482014
90.64748201438849
91.00719424460432
89.92805755395683
88.48920863309353
88.48920863309353
89.20863309352518
88.12949640287769
91.00719424460432
92.08633093525181
88.84892086330936
89.568345323741
91.00719424460432
89.568345323741
88.48920863309353
91.72661870503596
89.92805755395683
89.568345323741
90.64748201438849
