<model>
linear
</model>
<W>
0.0
0.0
0.0
0.0
0.0
0.0
0.0
0.0
0.0
-0.10006650769306447
-0.621442039485628
0.0
0.0
-2.977813195346422
0.0
0.0
0.0
0.0
0.0
0.0
0.0
0.0
0.0
0.0
0.0
0.0
1.8612820567378505
0.0
0.0
0.0
0.0
0.0
0.8468276217488588
0.37065956048192245
4.791706602878668
3.0225949997198254
-0.2780809646912747
-0.47963726141835133
-4.157318884422518
-3.867875640988798
3.366226337323824
3.414137267075989
-0.005229427634371209
0.342509372499341
0.3248369271352742
5.2669595452478495
-2.1482764799324583
4.9984860885532365
-2.0909622147481106
2.0747873249709947
1.1965136487465615
-1.718309904323429
-0.4488742706859641
-0.19867749508972712
3.5189354872558187
0.8879863358274792
1.3194495160438213
0.26400184197509846
0.08858469251207832
-2.1657936191612963
-1.2327880900858692
-9.29647803974862
-1.100553028388743
-2.24575087838499
0.6972742440388088
1.7577825979015922
-2.127345402456733
-0.16119776242363182
1.3299525232018956
-1.8386779124899686
-3.6748855800639064
0.8412449776057578
0.42535053108417475
2.4136330594396584
0.872330616828655
-0.012491219209740612
-1.4020339341398733
-2.0190867276749955
1.4624449794402803
-0.1342272116744515
0.13896844532488478
0.8314620940638967
0.523918197390516
2.508981645979122
0.43995429451905077
-0.24677385605379876
0.34933544439800934
0.7109347927364736
0.21643626973549657
-2.432110392874305
-0.5013298275044425
0.7670202799060998
0.0713494404778796
0.7617742599061003
0.007964979201360762
0.4646336476598911
-0.06843529293226307
3.265692116361624
1.2651030428022294
0.272192337032758
-2.6639831117510964
-0.44581102476047496
3.780141249917383
-6.019532003775188
-0.038805875097830955
3.6054786848243845
-0.8818649770521508
-0.07642958455040466
2.9970304061427644
-7.390940263543801
4.0242616904503885
-2.0568921166887337
2.4130671392235707
-1.164662688487536
-1.0517465006010447
10.420716387070128
1.7653011328423256
-5.427271056317953
4.0808182711520065
-1.3974136702522237
1.6918804287897395
1.6306063486818534
-2.737667439392654
-0.3541928772905652
0.29995460215414643
-0.3500227372905654
-0.05060636054061418
0.0
0.0
0.0
0.0
0.0
0.0
0.0
0.0
0.0
0.0
0.0
0.0
0.0
0.0
0.0
0.0
0.0
0.0
0.0
0.0
0.0
0.0
0.0
0.0
0.0
0.0
0.0
0.0
0.0
0.0
0.0
0.0
0.0
0.0
0.0
0.0
0.0
0.0
0.0
0.0
0.0
0.0
0.0
0.0
0.0
0.0
0.0
0.0
0.0
0.0
0.0
0.0
0.0
0.0
0.0
0.0
0.0
0.0
0.0
0.0
0.0
0.0
0.0
0.0
0.0
0.0
0.0
0.0
0.0
0.0
0.0
0.0
0.0
0.0
0.0
0.0
0.0
0.0
0.0
0.0
0.0
0.0
0.0
0.0
0.0
0.0
0.0
0.0
0.0
0.0
0.0
0.0
0.0
0.0
0.0
0.0
0.0
0.0
0.0
0.0
0.0
0.0
0.0
0.0
0.0
0.0
0.0
0.0
0.0
0.0
0.0
0.0
0.0
0.0
0.0
0.0
0.0
0.0
0.0
0.0
0.0
0.0
0.0
0.0
0.0
0.0
0.0
</W>
<b>
-3.364594525359575
</b>
<info>
Training (X) File : /home/vibhatha/data/libsvm/webspam/webspam_isesvm_train_x_bin.303 
Training (Y) File : /home/vibhatha/data/libsvm/webspam/webspam_isesvm_train_y.303.bin 
Testing (X) File : /home/vibhatha/data/libsvm/webspam/webspam_isesvm_test_x_bin.303 
Testing (Y) File : /home/vibhatha/data/libsvm/webspam/webspam_isesvm_test_y.303.bin 
I/O Time : 110
Kernel Matrix Calculation : 0.222 s
</info>
