<model>
linear
</model>
<W>
0.0
0.0
0.0
0.0
0.0
0.0
0.0
0.0
0.0
-0.6462233850640597
0.35179870095101573
0.0
0.0
-4.007929842817804
0.0
0.0
0.0
0.0
0.0
0.0
0.0
0.0
0.0
0.0
0.0
0.0
1.4511615921584906
0.0
0.0
0.0
0.0
0.0
-0.3543742872491049
0.14810668106632627
2.937836073482835
0.687982029634746
0.018110601495262346
-0.1713118909462148
-1.160501906121155
-0.23750075225923867
1.670071258571646
1.6640438757476268
0.14871179697649153
0.2693787521515369
0.16086503806426813
1.4769174997342436
-1.7071767704467233
5.502633986767492
-1.2843100787977673
-0.4814613260773737
-0.5151742812892757
-0.9073465215579772
-0.006551771055204287
-0.6159697844233573
0.4759750874459348
0.5487305756433526
0.35362874388812443
0.7645534809181265
0.6206142804430718
0.761906744439909
-1.2575836231511563
-3.139952366932699
-1.2769379403640015
-0.7610776796248355
0.06727572224732754
0.7847075222286825
0.13525047928708478
-0.8189780446359096
-0.1600104975777146
-1.577409263467099
-2.2465701294740663
-0.2218725909333325
-0.715807505660473
0.9035928496778345
-0.4202661421317678
-0.6411191189819969
-0.432287973966491
-1.3856135220924963
0.41421337242430367
-0.7276539470111841
0.5018765663153036
-0.40890644081000793
-0.5546352044197783
0.6177787619398551
-0.14424320126326623
-0.012106000353576962
0.21558789973112213
0.1843853881845659
-0.23474020317028516
-0.40132611694468034
-0.4385079742687383
0.18738087868787606
-0.22949011298902902
0.1865174083555629
0.015715543855809738
1.5017233432963344
-0.0014406840000000002
2.8505638740024195
-0.5185952933429695
-1.4141827175606498
-1.2917457690444971
0.8938296945876416
1.4569205863227945
-3.3382054156885377
-1.1525250688991402
3.710676504485582
-0.028894963183299344
-0.7945413991963893
3.2476664504785613
-2.7463372304644533
2.7342199668174727
-1.6681582789503642
0.45915643611335405
-0.3633601396624468
-3.417412996632004
4.842748888805188
-0.11206073466497568
-0.3130775097911379
3.4751855430042067
-1.6785703445160234
0.9675416054500385
-0.09813636384470233
-0.37503419941830235
0.3061243993601992
0.31859187190097926
0.30575206936019916
0.0084150558
0.0
0.0
0.0
0.0
0.0
0.0
0.0
0.0
0.0
0.0
0.0
0.0
0.0
0.0
0.0
0.0
0.0
0.0
0.0
0.0
0.0
0.0
0.0
0.0
0.0
0.0
0.0
0.0
0.0
0.0
0.0
0.0
0.0
0.0
0.0
0.0
0.0
0.0
0.0
0.0
0.0
0.0
0.0
0.0
0.0
0.0
0.0
0.0
0.0
0.0
0.0
0.0
0.0
0.0
0.0
0.0
0.0
0.0
0.0
0.0
0.0
0.0
0.0
0.0
0.0
0.0
0.0
0.0
0.0
0.0
0.0
0.0
0.0
0.0
0.0
0.0
0.0
0.0
0.0
0.0
0.0
0.0
0.0
0.0
0.0
0.0
0.0
0.0
0.0
0.0
0.0
0.0
0.0
0.0
0.0
0.0
0.0
0.0
0.0
0.0
0.0
0.0
0.0
0.0
0.0
0.0
0.0
0.0
0.0
0.0
0.0
0.0
0.0
0.0
0.0
0.0
0.0
0.0
0.0
0.0
0.0
0.0
0.0
0.0
0.0
0.0
0.0
</W>
<b>
-1.5945554564820696
</b>
<info>
Training (X) File : /home/vibhatha/data/libsvm/webspam/webspam_isesvm_train_x_bin.260 
Training (Y) File : /home/vibhatha/data/libsvm/webspam/webspam_isesvm_train_y.260.bin 
Testing (X) File : /home/vibhatha/data/libsvm/webspam/webspam_isesvm_test_x_bin.260 
Testing (Y) File : /home/vibhatha/data/libsvm/webspam/webspam_isesvm_test_y.260.bin 
I/O Time : 108
Kernel Matrix Calculation : 0.203 s
</info>
