<model>
linear
</model>
<W>
0.0
0.0
0.0
0.0
0.0
0.0
0.0
0.0
0.0
-0.041627331179580965
1.246781403374982
0.0
0.0
-0.5114539341384243
0.0
0.0
0.0
0.0
0.0
0.0
0.0
0.0
0.0
0.0
0.0
0.0
1.829140308906974
0.0
0.0
0.0
0.0
0.0
0.7716774494599197
-0.005091615117052794
2.7738573597236402
0.3414063300404776
-0.026732345263167746
-0.4917966165357022
-1.0365166162392545
0.050501893590571306
1.1022051128566466
1.1011881001180144
0.12217621072573909
0.05168205608024898
0.00365970304952936
1.1716413000701928
0.8151722285135209
3.8824489337399215
0.5518888293328692
0.2551289826522474
-0.057536487348870145
-0.3982419079911656
0.07553483165663268
-0.14994710851393783
0.22932037978852515
0.16182201729721235
0.3844302393187703
0.04343760346379459
0.8404074196567849
0.5865647890172857
-0.32925170846054996
-1.422416388931997
-0.3074723789045366
-0.2852378748750737
0.15271392239284395
-0.08822208851463732
-0.3111069666132694
-0.2426278417389074
-0.43366419648464183
-1.069741079802255
-0.7438477551037944
-0.10828626200358545
-0.47980015782871094
0.05565133665799193
-0.13004820943808046
-0.3036800876295464
-0.04196553344144261
-0.5625209963798086
-0.45518407104749864
-0.41200442296868645
-0.6335892318367051
-0.3026905695253016
-0.13115352239990422
0.6269547293525981
-0.9169721277322638
-0.3301894516028668
-0.1850098664337683
-0.18628740897223056
-0.323089037793813
-0.4401802484242397
-0.37632321589680245
0.06830154012950208
-0.273951343882672
0.06284201012950211
0.0011528588747056602
1.067993046759866
-0.0016611979999999998
1.2420301449111157
-0.3495908639829132
0.30304131812625035
-1.2381063955775629
0.9311581553682012
-0.1381082220611163
-1.3605003025819709
-0.3367129198271034
3.174533062919413
-0.04174698449422406
-0.3227062920408575
2.19668577671321
-0.9154078246212344
1.2698824755582696
-1.6717745878699568
1.033420083190265
-0.07955740315877441
-1.2609382911435867
3.6504617485996924
0.39967101841267805
-0.0418464884780954
1.9227022491533803
-0.7572305657542766
0.157746012643502
0.0018451244941231904
-0.02783295766750404
0.06799454492787227
0.2603463464621136
0.06969847492787226
-0.004326272
0.0
0.0
0.0
0.0
0.0
0.0
0.0
0.0
0.0
0.0
0.0
0.0
0.0
0.0
0.0
0.0
0.0
0.0
0.0
0.0
0.0
0.0
0.0
0.0
0.0
0.0
0.0
0.0
0.0
0.0
0.0
0.0
0.0
0.0
0.0
0.0
0.0
0.0
0.0
0.0
0.0
0.0
0.0
0.0
0.0
0.0
0.0
0.0
0.0
0.0
0.0
0.0
0.0
0.0
0.0
0.0
0.0
0.0
0.0
0.0
0.0
0.0
0.0
0.0
0.0
0.0
0.0
0.0
0.0
0.0
0.0
0.0
0.0
0.0
0.0
0.0
0.0
0.0
0.0
0.0
0.0
0.0
0.0
0.0
0.0
0.0
0.0
0.0
0.0
0.0
0.0
0.0
0.0
0.0
0.0
0.0
0.0
0.0
0.0
0.0
0.0
0.0
0.0
0.0
0.0
0.0
0.0
0.0
0.0
0.0
0.0
0.0
0.0
0.0
0.0
0.0
0.0
0.0
0.0
0.0
0.0
0.0
0.0
0.0
0.0
0.0
0.0
</W>
<b>
-2.995150201970608
</b>
<info>
Training (X) File : /home/vibhatha/data/libsvm/webspam/webspam_isesvm_train_x_bin.233 
Training (Y) File : /home/vibhatha/data/libsvm/webspam/webspam_isesvm_train_y.233.bin 
Testing (X) File : /home/vibhatha/data/libsvm/webspam/webspam_isesvm_test_x_bin.233 
Testing (Y) File : /home/vibhatha/data/libsvm/webspam/webspam_isesvm_test_y.233.bin 
I/O Time : 138
Kernel Matrix Calculation : 0.262 s
</info>
