<model>
linear
</model>
<W>
0.0
0.0
0.0
0.0
0.0
0.0
0.0
0.0
-9.872015593615949E-4
-0.6870661545539793
-1.8356985969911597
0.0
0.0
-1.9370632916001886
0.0
0.0
0.0
0.0
0.0
0.0
0.0
0.0
0.0
0.0
0.0
0.0
1.5722225384419737
0.0
0.0
0.0
0.0
0.0
-1.0700226027158992
-1.666306640026954
2.6616007558009267
2.998896997811648
-0.4659607435780338
-1.3951513990534312
-2.6444073130202086
-2.775069085364078
4.008988295834422
4.254660499646415
-0.9320152336480332
-0.49266189329020943
-0.9294817689474995
-0.36949354891249353
0.2975133017950524
3.5926584993780573
0.9143309843255665
1.1349977002910507
0.4922514500282751
-3.52927256240501
-2.3050448512237867
-0.9598009979179066
8.774113853694308
-1.760690635825867
5.587543845635761
0.9959049402764228
2.749562284479472
-0.4102054050234398
-2.575732441117866
-7.573115428343747
-2.5157405674446256
-2.8185316084960967
0.7790841485106238
6.4388904033190615
1.525431330796474
-3.983515246590835
5.619784838841376
-3.123157910675953
-5.034558128996593
-0.08064770407359245
-0.05032478158048992
3.2893789914959144
-0.606859524633968
0.028155258394429075
-1.8226441200219026
-3.0150345451361185
-2.230757723385789
-2.9295540434483325
-1.845990327082911
-0.16025169737030634
1.3286391366731616
2.0231233481950097
-0.38552852701818363
-2.1330894604575388
-1.733494629509391
-0.4382691347673203
0.01945113721787141
-3.051306003012882
-0.8675881276283637
-0.12882286686849206
1.2493329662516393
-0.1299922231836743
0.09565596935138153
8.399849752790027
-0.001550995599124786
4.959939801321019
-0.6681963884008097
3.315435234495829
-3.9336804089761315
0.6583167230518199
3.7347427655307293
-10.42912793175211
1.912158434840367
4.386646445970852
-0.760953067983321
0.18818187925351731
3.3503908476124975
-6.849888752807033
4.64412546514051
-3.257564171152957
-2.1207876333036113
0.3517995763087585
-7.096655758016167
10.25851585329441
0.0638901661179001
-3.626154918448152
8.067603270614615
0.8484220661549654
2.595068370620372
2.801239977606576
0.2613024344711105
0.3268840840047801
1.250684472070131
0.31929058400478005
0.07839633868196405
0.0
0.0
0.0
0.0
0.0
0.0
0.0
0.0
0.0
0.0
0.0
0.0
0.0
0.0
0.0
0.0
0.0
0.0
0.0
0.0
0.0
0.0
0.0
0.0
0.0
0.0
0.0
0.0
0.0
0.0
0.0
0.0
0.0
0.0
0.0
0.0
0.0
0.0
0.0
0.0
0.0
0.0
0.0
0.0
0.0
0.0
0.0
0.0
0.0
0.0
0.0
0.0
0.0
0.0
0.0
0.0
0.0
0.0
0.0
0.0
0.0
0.0
0.0
0.0
0.0
0.0
0.0
0.0
0.0
0.0
0.0
0.0
0.0
0.0
0.0
0.0
0.0
0.0
0.0
0.0
0.0
0.0
0.0
0.0
0.0
0.0
0.0
0.0
0.0
0.0
0.0
0.0
0.0
0.0
0.0
0.0
0.0
0.0
0.0
0.0
0.0
0.0
0.0
0.0
0.0
0.0
0.0
0.0
0.0
0.0
0.0
0.0
0.0
0.0
0.0
0.0
0.0
0.0
0.0
0.0
0.0
0.0
0.0
0.0
0.0
0.0
0.0
</W>
<b>
-1.1405872876656051
</b>
<info>
Training (X) File : /home/vibhatha/data/libsvm/webspam/webspam_isesvm_train_x_bin.315 
Training (Y) File : /home/vibhatha/data/libsvm/webspam/webspam_isesvm_train_y.315.bin 
Testing (X) File : /home/vibhatha/data/libsvm/webspam/webspam_isesvm_test_x_bin.315 
Testing (Y) File : /home/vibhatha/data/libsvm/webspam/webspam_isesvm_test_y.315.bin 
I/O Time : 105
Kernel Matrix Calculation : 0.217 s
</info>
