<model>
linear
</model>
<W>
0.0
0.0
0.0
0.0
0.0
0.0
0.0
0.0
-4.509071449554369E-19
-0.6017121105138258
-2.3325741055241247
0.0
0.0
-1.5989090073140662
0.0
0.0
0.0
0.0
0.0
0.0
0.0
0.0
0.0
0.0
0.0
0.0
4.338089633148119
0.0
0.0
0.0
0.0
0.0
1.4111188236046863
-1.7748020121536925
2.077296492639326
2.2581320112814085
-0.7126429267450346
-2.1114275120814203
0.5318307861221082
-7.268436674315677
2.7642062209222327
2.951508729317323
1.9071228028435905
1.724787818481674
1.2631493311468334
2.769832321667728
0.70323626642118
11.347365837783933
-0.6571089596503177
4.476022961162652
5.01108791540645
-2.980839896419047
-4.657347609707951
-1.4165094176591986
1.6002499577943206
-0.8845198733435148
3.0605385402144702
-0.9221769877495897
4.800705665841388
1.602041584877675
-2.333302261054624
-5.9599628786728776
-2.3471148751231103
-2.697153696861633
1.6510318159020514
5.377623936528577
3.0873275700641245
0.2780775027520084
-0.7486522382987257
-1.491401941259927
-5.817220511610721
3.8943029844516106
-0.6959275302099129
5.793860945171977
-0.9374923940793304
-1.8429754933590332
1.9726731640537032
-2.470744560876238
-1.920491012769672
-0.23657574800794004
-3.089265870825394
-3.4975423409757775
0.7823257063015505
-1.955118073099794
-2.0317388813248103
-1.7864259387139845
1.395280115930337
1.8074085362950187
0.3490093408458412
-2.8077925953794067
-1.8996296581325771
2.1161761248621485
-4.293450641461467
2.1190592996218722
0.04388417406322409
3.968914546988807
-0.0024489533019721697
2.871460097987553
-3.130181005820326
0.369243897028503
-1.8551868891960854
-1.3582321539544697
2.129165637054303
-4.846252399433255
-1.0641250218737333
5.714021548767418
-2.638832971505236
-2.4037510556448014
7.206677058067613
-4.198821011631557
4.6527697960145264
-8.37685897858566
0.9427067298593452
-0.10228113004991296
-0.7164433723930994
8.783890292792147
0.8894608621352091
1.26306424000213
3.4753765608289395
-0.11913357793959278
1.6595169671759296
-0.09451938086894063
-2.817114485269882
0.07097903476018944
1.1168420628414848
0.07386233371082299
-0.2824199530871506
0.0
0.0
0.0
0.0
0.0
0.0
0.0
0.0
0.0
0.0
0.0
0.0
0.0
0.0
0.0
0.0
0.0
0.0
0.0
0.0
0.0
0.0
0.0
0.0
0.0
0.0
0.0
0.0
0.0
0.0
0.0
0.0
0.0
0.0
0.0
0.0
0.0
0.0
0.0
0.0
0.0
0.0
0.0
0.0
0.0
0.0
0.0
0.0
0.0
0.0
0.0
0.0
0.0
0.0
0.0
0.0
0.0
0.0
0.0
0.0
0.0
0.0
0.0
0.0
0.0
0.0
0.0
0.0
0.0
0.0
0.0
0.0
0.0
0.0
0.0
0.0
0.0
0.0
0.0
0.0
0.0
0.0
0.0
0.0
0.0
0.0
0.0
0.0
0.0
0.0
0.0
0.0
0.0
0.0
0.0
0.0
0.0
0.0
0.0
0.0
0.0
0.0
0.0
0.0
0.0
0.0
0.0
0.0
0.0
0.0
0.0
0.0
0.0
0.0
0.0
0.0
0.0
0.0
0.0
0.0
0.0
0.0
0.0
0.0
0.0
0.0
0.0
</W>
<b>
-3.880927764966117
</b>
<info>
Training (X) File : /home/vibhatha/data/libsvm/webspam/webspam_isesvm_train_x_bin.253 
Training (Y) File : /home/vibhatha/data/libsvm/webspam/webspam_isesvm_train_y.253.bin 
Testing (X) File : /home/vibhatha/data/libsvm/webspam/webspam_isesvm_test_x_bin.253 
Testing (Y) File : /home/vibhatha/data/libsvm/webspam/webspam_isesvm_test_y.253.bin 
I/O Time : 109
Kernel Matrix Calculation : 0.224 s
</info>
