91.00719424460432
91.72661870503596
89.568345323741
88.48920863309353
89.20863309352518
88.48920863309353
90.64748201438849
91.72661870503596
89.20863309352518
88.84892086330936
92.44604316546763
88.12949640287769
89.20863309352518
91.72661870503596
89.568345323741
88.48920863309353
90.64748201438849
88.84892086330936
89.92805755395683
82.37410071942446
91.00719424460432
91.36690647482014
91.72661870503596
90.28776978417267
87.41007194244604
87.05035971223022
90.28776978417267
87.05035971223022
88.84892086330936
91.00719424460432
92.08633093525181
90.28776978417267
90.28776978417267
91.36690647482014
91.00719424460432
88.12949640287769
91.00719424460432
89.92805755395683
87.41007194244604
90.28776978417267
