88.12949640287769
89.20863309352518
87.41007194244604
85.61151079136691
87.76978417266187
88.48920863309353
88.48920863309353
90.64748201438849
87.76978417266187
85.25179856115108
91.36690647482014
88.48920863309353
87.05035971223022
89.20863309352518
87.05035971223022
86.6906474820144
87.41007194244604
88.12949640287769
87.41007194244604
82.37410071942446
88.84892086330936
90.28776978417267
90.64748201438849
92.08633093525181
88.48920863309353
86.33093525179856
89.20863309352518
87.05035971223022
85.97122302158273
91.36690647482014
89.92805755395683
87.41007194244604
86.6906474820144
89.20863309352518
87.76978417266187
87.05035971223022
90.64748201438849
89.92805755395683
87.41007194244604
88.84892086330936
