98.36244541484717
98.36244541484717
89.51965065502183
89.51965065502183
90.06550218340611
90.39301310043668
87.77292576419214
93.23144104803494
76.9650655021834
63.31877729257642
86.57205240174673
97.92576419213974
98.14410480349345
97.70742358078603
97.37991266375546
62.33624454148472
64.73799126637554
79.6943231441048
93.66812227074236
95.41484716157204
93.12227074235808
100.0
81.00436681222706
61.68122270742358
76.41921397379913
95.52401746724891
96.61572052401746
95.52401746724891
97.27074235807859
95.41484716157204
97.0524017467249
96.06986899563319
97.27074235807859
82.31441048034934
64.62882096069869
95.85152838427948
96.50655021834062
97.0524017467249
98.0349344978166
95.85152838427948
