<model>
linear
</model>
<W>
0.0
0.0
0.0
0.0
0.0
0.0
0.0
0.0
0.0
-0.42368526232046705
-0.3630283235455263
0.0
0.0
-5.47802142437905
0.0
0.0
0.0
0.0
0.0
0.0
0.0
0.0
0.0
0.0
0.0
0.0
2.032445746622844
0.0
0.0
0.0
0.0
0.0
-0.43014335579034557
-1.9937196151760344
5.244615290719926
0.058605846380031856
0.06672169735196538
-2.1322907638507833
0.09177709287457461
-4.1223743837043285
1.2379294803601824
1.340962760809609
-0.6452481233764141
-0.28585990087230834
-0.8117321534799358
2.72489868096361
-3.537334177125425
8.528266571780065
-3.511465452280464
1.5583854452612105
1.16537463701032
-0.6131647950437925
2.248337664487798
-0.3538312401903177
5.490004917895021
0.7782659399168871
4.291056130341517
-1.159703529087508E-4
2.0329784751990907
5.027849445833404
-2.452111753257634
-5.359837829089944
-2.102519323120346
-5.3936647558375235
0.8058418204434791
3.2294531579596275
-0.2974356698275308
-1.9158266885198523
-0.26686798080067203
-2.251029204134862
-6.565510688460237
-2.2567113857849144
-0.5961709094544536
1.833768706155084
-1.6124083217205996
-1.123790573317579
-1.9690079958197744
-3.8991494208922237
0.5466218445649876
1.3611272909899428
2.2657746374850944
-0.56702465369827
3.5701268315815087
3.444720438526453
-2.7594096519266578
-0.8039709950648269
-2.281454630329481
1.8012742170402345
-0.07774533691219271
-2.214137383637592
-1.2318471441274532
-0.3657505257591459
0.3645451470254992
-0.43019826575914577
0.12415477791311591
4.051538581633394
-0.016010042999999995
2.074777216864758
-1.143764005958003
-3.6291515260484455
-2.964492197366517
-0.3302738167322872
4.8412245707901285
-8.500606857342987
-1.5826453046032194
3.0301573758978995
-2.6492603236181482
-2.180067371109317
6.6248264659135
-5.707290452835985
4.000026441030103
-1.5922954390560646
2.845983516561819
-0.5220124713209051
-4.618893144137587
4.967339396909653
-0.2591988715422775
2.1092958940190396
5.937507545868156
-3.586993738774669
3.478985183968507
0.7238966612159479
-3.3078490680541996
0.7403604848596104
1.091108239558023
0.7403604848596104
-0.4442928320987414
0.0
0.0
0.0
0.0
0.0
0.0
0.0
0.0
0.0
0.0
0.0
0.0
0.0
0.0
0.0
0.0
0.0
0.0
0.0
0.0
0.0
0.0
0.0
0.0
0.0
0.0
0.0
0.0
0.0
0.0
0.0
0.0
0.0
0.0
0.0
0.0
0.0
0.0
0.0
0.0
0.0
0.0
0.0
0.0
0.0
0.0
0.0
0.0
0.0
0.0
0.0
0.0
0.0
0.0
0.0
0.0
0.0
0.0
0.0
0.0
0.0
0.0
0.0
0.0
0.0
0.0
0.0
0.0
0.0
0.0
0.0
0.0
0.0
0.0
0.0
0.0
0.0
0.0
0.0
0.0
0.0
0.0
0.0
0.0
0.0
0.0
0.0
0.0
0.0
0.0
0.0
0.0
0.0
0.0
0.0
0.0
0.0
0.0
0.0
0.0
0.0
0.0
0.0
0.0
0.0
0.0
0.0
0.0
0.0
0.0
0.0
0.0
0.0
0.0
0.0
0.0
0.0
0.0
0.0
0.0
0.0
0.0
0.0
0.0
0.0
0.0
0.0
</W>
<b>
-1.0853583660162185
</b>
<info>
Training (X) File : /home/vibhatha/data/libsvm/webspam/webspam_isesvm_train_x_bin.271 
Training (Y) File : /home/vibhatha/data/libsvm/webspam/webspam_isesvm_train_y.271.bin 
Testing (X) File : /home/vibhatha/data/libsvm/webspam/webspam_isesvm_test_x_bin.271 
Testing (Y) File : /home/vibhatha/data/libsvm/webspam/webspam_isesvm_test_y.271.bin 
I/O Time : 112
Kernel Matrix Calculation : 0.2 s
</info>
