92.08633093525181
91.72661870503596
88.48920863309353
88.48920863309353
89.20863309352518
89.568345323741
89.568345323741
90.64748201438849
91.36690647482014
88.48920863309353
91.00719424460432
89.568345323741
89.20863309352518
89.568345323741
88.48920863309353
85.25179856115108
89.92805755395683
90.64748201438849
88.84892086330936
84.89208633093526
92.44604316546763
90.64748201438849
90.28776978417267
90.64748201438849
89.20863309352518
91.00719424460432
88.12949640287769
88.12949640287769
89.20863309352518
91.72661870503596
92.08633093525181
87.76978417266187
87.76978417266187
89.20863309352518
89.20863309352518
88.12949640287769
89.568345323741
88.84892086330936
88.48920863309353
92.44604316546763
