91.36690647482014
91.00719424460432
88.12949640287769
87.41007194244604
88.12949640287769
90.28776978417267
90.64748201438849
92.80575539568345
91.72661870503596
89.20863309352518
92.80575539568345
89.92805755395683
89.568345323741
90.28776978417267
88.84892086330936
88.84892086330936
90.28776978417267
87.41007194244604
90.64748201438849
86.33093525179856
91.36690647482014
90.28776978417267
91.36690647482014
88.48920863309353
89.568345323741
88.84892086330936
87.76978417266187
90.64748201438849
90.28776978417267
89.92805755395683
92.80575539568345
91.36690647482014
90.28776978417267
91.00719424460432
90.64748201438849
88.48920863309353
91.72661870503596
91.00719424460432
88.84892086330936
90.64748201438849
