<model>
linear
</model>
<W>
0.0
0.0
0.0
0.0
0.0
0.0
0.0
0.0
0.0
-1.273662695974353
0.30137785269852596
0.0
0.0
-0.8288949833210753
0.0
0.0
0.0
0.0
0.0
0.0
0.0
0.0
0.0
0.0
0.0
0.0
1.7713638989256248
0.0
0.0
0.0
0.0
0.0
-0.45663653481803135
-0.11224385843672066
2.375942150105857
0.5264857265432114
0.005960085631088767
-0.6612788324469442
-0.7566891275434119
-0.06516051993412947
1.0480450680824414
1.0458462380824414
-0.4178271201360718
0.24254361314522063
-0.4077281150337527
0.43909425978897065
-0.6750693878773958
3.4750279575678564
0.4292076618385702
-0.10146556371975614
-0.6282955801834669
-0.13639661817169602
-0.23782038690840604
-0.1437722618175927
0.6095546814937559
0.0881573439032802
0.06303396829531135
-6.054879854195826E-4
0.3090679653927967
0.6003824102378952
0.05740645660557417
-1.4503822360249674
0.09102272509679332
-0.39508229471645057
0.06319548226649305
0.29655179012991206
-0.199700216295381
-0.28595128308040163
-0.5282419686965691
-0.917559453297076
-0.684951701629459
-0.015035795324693997
-0.6685520327821812
0.3377331263592938
-0.07361202320943754
-0.16654179340005845
-0.07767038608716201
-0.5438686472423657
-0.278498040163755
-0.16581599856365245
-0.3181964675404316
-0.2653133006178593
0.6414828684429488
0.6716990800485428
-0.48783815413260784
-0.15700989910688426
-0.05293240056475577
-0.2556350543963224
-0.23081726595668153
-0.5599811350949475
-0.3189919345981791
0.02388562128788947
0.10613169344808293
0.024191068287889462
5.190803000000002E-4
0.55485006723565
0.0036251623
1.9997293361612147
-0.14444934777902801
-0.1448611722618377
-2.4889647233989183
0.5906296489862733
0.1278171360512178
-0.9009470160044822
-0.6855095296889749
3.329867322978389
-0.29896162555268124
-0.6256529910271557
2.955341505771015
-1.8605569704508116
1.0372567649658726
-0.6547150941389168
0.8893319050065833
-0.04180434347594084
-1.4730390759335488
3.5555009456299067
-1.0285354200864367
-0.4324843890471628
1.4056578309797358
-1.2149714868150339
-0.029237614908632713
0.3020377687726091
-0.1996024220499074
0.04843573579847679
0.26388049804893104
0.04806569179847678
-0.009470227000000001
0.0
0.0
0.0
0.0
0.0
0.0
0.0
0.0
0.0
0.0
0.0
0.0
0.0
0.0
0.0
0.0
0.0
0.0
0.0
0.0
0.0
0.0
0.0
0.0
0.0
0.0
0.0
0.0
0.0
0.0
0.0
0.0
0.0
0.0
0.0
0.0
0.0
0.0
0.0
0.0
0.0
0.0
0.0
0.0
0.0
0.0
0.0
0.0
0.0
0.0
0.0
0.0
0.0
0.0
0.0
0.0
0.0
0.0
0.0
0.0
0.0
0.0
0.0
0.0
0.0
0.0
0.0
0.0
0.0
0.0
0.0
0.0
0.0
0.0
0.0
0.0
0.0
0.0
0.0
0.0
0.0
0.0
0.0
0.0
0.0
0.0
0.0
0.0
0.0
0.0
0.0
0.0
0.0
0.0
0.0
0.0
0.0
0.0
0.0
0.0
0.0
0.0
0.0
0.0
0.0
0.0
0.0
0.0
0.0
0.0
0.0
0.0
0.0
0.0
0.0
0.0
0.0
0.0
0.0
0.0
0.0
0.0
0.0
0.0
0.0
0.0
0.0
</W>
<b>
-1.8052146940565446
</b>
<info>
Training (X) File : /home/vibhatha/data/libsvm/webspam/webspam_isesvm_train_x_bin.242 
Training (Y) File : /home/vibhatha/data/libsvm/webspam/webspam_isesvm_train_y.242.bin 
Testing (X) File : /home/vibhatha/data/libsvm/webspam/webspam_isesvm_test_x_bin.242 
Testing (Y) File : /home/vibhatha/data/libsvm/webspam/webspam_isesvm_test_y.242.bin 
I/O Time : 137
Kernel Matrix Calculation : 0.239 s
</info>
