91.36690647482014
90.64748201438849
87.05035971223022
88.12949640287769
87.76978417266187
88.12949640287769
87.41007194244604
89.92805755395683
88.84892086330936
85.97122302158273
91.72661870503596
90.64748201438849
88.12949640287769
89.92805755395683
89.20863309352518
89.92805755395683
91.36690647482014
88.48920863309353
89.568345323741
84.17266187050359
89.20863309352518
89.20863309352518
91.36690647482014
91.36690647482014
88.84892086330936
90.64748201438849
89.92805755395683
88.48920863309353
89.568345323741
91.00719424460432
89.92805755395683
88.48920863309353
88.84892086330936
89.92805755395683
89.92805755395683
88.84892086330936
92.80575539568345
91.72661870503596
88.48920863309353
91.00719424460432
