91.00719424460432
90.64748201438849
89.20863309352518
88.48920863309353
87.41007194244604
90.28776978417267
88.84892086330936
90.28776978417267
89.568345323741
86.6906474820144
89.568345323741
88.12949640287769
89.20863309352518
88.12949640287769
89.92805755395683
88.84892086330936
90.64748201438849
89.20863309352518
88.84892086330936
84.53237410071942
89.20863309352518
90.64748201438849
88.48920863309353
89.568345323741
89.92805755395683
86.6906474820144
89.568345323741
87.76978417266187
89.20863309352518
92.08633093525181
89.20863309352518
86.33093525179856
89.568345323741
90.64748201438849
89.20863309352518
89.20863309352518
89.568345323741
89.92805755395683
88.12949640287769
87.41007194244604
