<model>
linear
</model>
<W>
0.0
0.0
0.0
0.0
0.0
0.0
0.0
0.0
0.0
-2.0392642265290983
2.0595077546458813
0.0
0.0
-2.4253882355514746
0.0
0.0
0.0
0.0
0.0
0.0
0.0
0.0
0.0
0.0
0.0
0.0
1.2324006801853402
0.0
0.0
0.0
0.0
0.0
-1.5226949018201639
-0.9534587975303802
3.565534843219875
2.6377293110094016
0.15146778617474188
2.870266377523873
-0.7839712879291092
-2.825105949661178
5.731852917543654
5.644377727880461
-3.164762790906779
0.4743084987789629
0.1027111142261235
3.7575310144514704
-1.2754414825316172
7.084859284962313
-2.123200605119391
0.6730056791738328
0.20256239521708186
0.0941142100893557
-0.05945396208525139
-5.384308649057573
5.967885734361645
0.6218864722858497
2.873439629462897
2.2435197572210233
1.0646875380936618
0.05145830346255109
-3.615883837987427
-6.139036487156954
-4.491183188907176
-1.0132008374007369
0.7059496283108554
5.503365401062097
-1.6968204677273058
-2.2992282971878915
1.8152835714008386
-1.6313227978359033
-1.7336777536177403
1.0332845636523482
-4.193837793508818
2.1127041639984374
-0.6414089093426044
-2.9026171776327305
-0.8417263625629945
-5.280840106772585
1.423272523969864
-0.8036428513223214
-1.740202359775098
2.0756318747985247
1.2151099754047157
0.7251346843839558
-0.2788975812828749
-0.9761820105108722
-1.6708499436776254
-2.6716205006717866
-0.7798405793761528
-2.2159633301267694
-2.1556676111834596
-2.574689436646351
-2.547795450855749
-2.574689436646351
-0.04875883877171022
0.6131884303362058
0.008628729060259736
6.0905486098474375
-4.175207016695355
-4.040228373871583
-3.9822267447990707
-3.074046501994358
3.109935335471732
-6.919731653282501
1.711393716451514
4.655572415992704
-1.2554594911635846
-1.165087620067562
5.294882988024608
-8.952191738356339
8.046175691440899
-2.1106748785283935
-2.6623961757133987
-1.5625898595848653
-6.687672754138092
9.298766321649454
-0.5646541737836577
0.7524201921030235
7.153102223395783
-0.34383862706721935
2.087793816618568
0.7979091039606898
-1.412615259071826
2.0936509732504853
1.007085673464881
2.037153819961545
-0.225214589737398
0.0
0.0
0.0
0.0
0.0
0.0
0.0
0.0
0.0
0.0
0.0
0.0
0.0
0.0
0.0
0.0
0.0
0.0
0.0
0.0
0.0
0.0
0.0
0.0
0.0
0.0
0.0
0.0
0.0
0.0
0.0
0.0
0.0
0.0
0.0
0.0
0.0
0.0
0.0
0.0
0.0
0.0
0.0
0.0
0.0
0.0
0.0
0.0
0.0
0.0
0.0
0.0
0.0
0.0
0.0
0.0
0.0
0.0
0.0
0.0
0.0
0.0
0.0
0.0
0.0
0.0
0.0
0.0
0.0
0.0
0.0
0.0
0.0
0.0
0.0
0.0
0.0
0.0
0.0
0.0
0.0
0.0
0.0
0.0
0.0
0.0
0.0
0.0
0.0
0.0
0.0
0.0
0.0
0.0
0.0
0.0
0.0
0.0
0.0
0.0
0.0
0.0
0.0
0.0
0.0
0.0
0.0
0.0
0.0
0.0
0.0
0.0
0.0
0.0
0.0
0.0
0.0
0.0
0.0
0.0
0.0
0.0
0.0
0.0
0.0
0.0
0.0
</W>
<b>
-0.13905774244204494
</b>
<info>
Training (X) File : /home/vibhatha/data/libsvm/webspam/webspam_isesvm_train_x_bin.344 
Training (Y) File : /home/vibhatha/data/libsvm/webspam/webspam_isesvm_train_y.344.bin 
Testing (X) File : /home/vibhatha/data/libsvm/webspam/webspam_isesvm_test_x_bin.344 
Testing (Y) File : /home/vibhatha/data/libsvm/webspam/webspam_isesvm_test_y.344.bin 
I/O Time : 115
Kernel Matrix Calculation : 0.228 s
</info>
