86.33093525179856
85.61151079136691
85.25179856115108
86.6906474820144
84.17266187050359
83.81294964028777
84.53237410071942
85.97122302158273
85.97122302158273
85.25179856115108
85.61151079136691
84.53237410071942
85.97122302158273
86.33093525179856
81.65467625899281
82.01438848920863
88.48920863309353
85.97122302158273
83.09352517985612
81.65467625899281
85.25179856115108
88.48920863309353
87.41007194244604
83.09352517985612
85.61151079136691
83.09352517985612
84.53237410071942
78.41726618705036
84.53237410071942
84.89208633093526
88.12949640287769
84.17266187050359
85.61151079136691
83.45323741007195
85.25179856115108
83.09352517985612
87.05035971223022
85.25179856115108
85.25179856115108
85.97122302158273
