<model>
linear
</model>
<W>
0.0
0.0
0.0
0.0
0.0
0.0
0.0
0.0
-2.891239586317113E-4
-0.32045097070658224
0.36033107351141597
0.0
0.0
-1.2230023849049623
0.0
0.0
0.0
0.0
0.0
0.0
0.0
0.0
0.0
0.0
0.0
0.0
0.7089927555322662
0.0
0.0
0.0
0.0
0.0
-0.05082432904926157
0.019148180518724696
1.9043445227708091
0.12054700016522754
-6.822931771148763E-4
-0.4459597205261946
-0.6429398185385211
-0.6563662759707266
0.9466923384384102
0.9441082727683532
-0.255221433120346
0.09661313819481585
0.3099110251216742
0.36504389085072386
0.05318815670229497
4.1843279923185825
0.3998892618313986
0.5675768800976567
-0.3918363127292809
-0.19861310311914457
0.2063551747977047
0.043607158790671924
0.34515894844291317
0.2675297775807585
0.35558918986858296
0.17391367802119778
0.03395097800019887
0.027813670169769787
0.5068668367409542
-1.1648689280442253
0.5290964144006104
-0.1580352370654393
0.10116226882280471
0.224444412860779
-0.4220371116228648
-0.7833140980480685
-0.44184381731896083
-1.2680960789676934
-0.6692744852421559
-0.043117491380700534
-0.6096997620731126
0.1941985927985452
-0.12536656651696612
-0.1637024474455369
0.1163279393928962
-0.445848614261826
-0.5394195973834865
-0.6117838546540559
-0.17404256809220744
-0.10798462799092347
0.11759749283137394
0.4929351112732448
-0.8452898622850131
-0.07289923576872061
0.04981053554197717
-0.18408143724210085
-0.09412147720500437
-0.5300559147206403
-0.22843267811490314
-0.04278687060189328
0.025991160403046824
-0.04278687060189328
0.0032813144695102558
-0.16863877387355924
1.11761E-4
2.0896475702257287
-0.11730018184706334
0.14033153541606627
-1.3465173658976386
0.5156940790837932
-0.22372821067032886
-0.523600566073424
-0.38073305056764484
3.365596767684047
-0.0259068762211764
-0.1201960855027093
2.3348855464971376
-1.779870368909695
0.8796852142832143
-1.6938846358217208
0.7124254003396222
0.009919564983658404
-0.7828474231953189
4.076154186386809
-0.34225384072985476
-0.3867027826453394
1.0986294106217696
-0.7065857897650123
0.24066905064345373
0.2434964599184449
-0.1838956136917643
-0.07156466321451872
0.1337115639036287
-0.07415390321451872
-0.012451033427606733
0.0
0.0
0.0
0.0
0.0
0.0
0.0
0.0
0.0
0.0
0.0
0.0
0.0
0.0
0.0
0.0
0.0
0.0
0.0
0.0
0.0
0.0
0.0
0.0
0.0
0.0
0.0
0.0
0.0
0.0
0.0
0.0
0.0
0.0
0.0
0.0
0.0
0.0
0.0
0.0
0.0
0.0
0.0
0.0
0.0
0.0
0.0
0.0
0.0
0.0
0.0
0.0
0.0
0.0
0.0
0.0
0.0
0.0
0.0
0.0
0.0
0.0
0.0
0.0
0.0
0.0
0.0
0.0
0.0
0.0
0.0
0.0
0.0
0.0
0.0
0.0
0.0
0.0
0.0
0.0
0.0
0.0
0.0
0.0
0.0
0.0
0.0
0.0
0.0
0.0
0.0
0.0
0.0
0.0
0.0
0.0
0.0
0.0
0.0
0.0
0.0
0.0
0.0
0.0
0.0
0.0
0.0
0.0
0.0
0.0
0.0
0.0
0.0
0.0
0.0
0.0
0.0
0.0
0.0
0.0
0.0
0.0
0.0
0.0
0.0
0.0
0.0
</W>
<b>
-2.6173344460712387
</b>
<info>
Training (X) File : /home/vibhatha/data/libsvm/webspam/webspam_isesvm_train_x_bin.164 
Training (Y) File : /home/vibhatha/data/libsvm/webspam/webspam_isesvm_train_y.164.bin 
Testing (X) File : /home/vibhatha/data/libsvm/webspam/webspam_isesvm_test_x_bin.164 
Testing (Y) File : /home/vibhatha/data/libsvm/webspam/webspam_isesvm_test_y.164.bin 
I/O Time : 137
Kernel Matrix Calculation : 0.228 s
</info>
