91.72661870503596
89.92805755395683
89.568345323741
88.48920863309353
86.6906474820144
89.20863309352518
89.92805755395683
89.20863309352518
92.80575539568345
87.76978417266187
91.00719424460432
91.00719424460432
90.64748201438849
89.20863309352518
91.36690647482014
87.76978417266187
88.84892086330936
88.12949640287769
91.36690647482014
84.89208633093526
90.64748201438849
92.08633093525181
88.84892086330936
87.41007194244604
89.92805755395683
88.84892086330936
88.48920863309353
88.84892086330936
87.76978417266187
90.28776978417267
93.88489208633094
90.64748201438849
88.48920863309353
89.92805755395683
89.568345323741
91.36690647482014
92.08633093525181
89.20863309352518
88.48920863309353
91.00719424460432
