91.72661870503596
88.84892086330936
87.41007194244604
85.97122302158273
88.48920863309353
85.97122302158273
89.20863309352518
91.00719424460432
90.28776978417267
87.76978417266187
90.28776978417267
89.20863309352518
86.6906474820144
90.64748201438849
87.41007194244604
87.05035971223022
89.20863309352518
90.28776978417267
88.48920863309353
82.73381294964028
90.28776978417267
88.84892086330936
91.00719424460432
88.84892086330936
87.41007194244604
89.20863309352518
88.12949640287769
88.84892086330936
87.05035971223022
90.64748201438849
92.08633093525181
89.568345323741
88.84892086330936
88.84892086330936
88.12949640287769
86.6906474820144
91.72661870503596
88.48920863309353
88.48920863309353
90.28776978417267
