91.00719424460432
87.76978417266187
88.48920863309353
88.48920863309353
86.6906474820144
85.97122302158273
90.64748201438849
89.568345323741
91.00719424460432
87.41007194244604
87.05035971223022
87.76978417266187
89.20863309352518
88.48920863309353
89.568345323741
90.28776978417267
88.12949640287769
88.48920863309353
90.64748201438849
84.53237410071942
91.36690647482014
91.36690647482014
88.84892086330936
90.28776978417267
89.20863309352518
87.41007194244604
86.6906474820144
87.76978417266187
89.20863309352518
91.36690647482014
93.88489208633094
87.76978417266187
89.568345323741
87.76978417266187
92.08633093525181
88.12949640287769
90.28776978417267
90.64748201438849
88.12949640287769
89.568345323741
