90.64748201438849
91.72661870503596
88.84892086330936
87.41007194244604
88.48920863309353
88.12949640287769
90.64748201438849
90.28776978417267
90.64748201438849
86.6906474820144
90.28776978417267
92.08633093525181
89.92805755395683
89.20863309352518
90.28776978417267
89.20863309352518
90.64748201438849
88.84892086330936
88.48920863309353
83.81294964028777
91.36690647482014
89.20863309352518
89.568345323741
89.92805755395683
85.25179856115108
89.92805755395683
88.84892086330936
87.76978417266187
87.76978417266187
90.64748201438849
92.08633093525181
89.568345323741
88.84892086330936
91.00719424460432
89.20863309352518
89.92805755395683
89.92805755395683
90.28776978417267
88.48920863309353
89.568345323741
