<model>
linear
</model>
<W>
0.0
0.0
0.0
0.0
0.0
0.0
0.0
0.0
0.0
0.031090182733593263
-0.043923962326039095
0.0
0.0
-1.6692575622556765
0.0
0.0
0.0
0.0
0.0
0.0
0.0
0.0
0.0
0.0
0.0
0.0
2.029970385715594
0.0
0.0
0.0
0.0
0.0
-0.387294896394824
-0.01670220225654199
2.383001914628161
0.3352006407860915
-0.061523618
0.09392430520103422
-1.1462258471420272
-0.5878798135000547
1.1070419986187667
1.1082430290333203
0.05189798557790586
0.12994315849356117
0.4216356590374866
1.7334066196185387
-0.6041446893649867
2.7986729652183975
0.7787125666581466
0.746304889468704
0.5883982306026347
0.34829404770604994
0.04725023906399924
0.12224806172419378
0.9745958942822169
0.39700972718297106
0.5528121505441673
0.45534565535335714
1.033861015976602
0.6730473868571617
-0.6195174395903585
-0.9688179771263192
-0.6002738671591226
-0.1889560296514619
0.10239916316189837
0.1329938145279422
-0.44615728124271403
-0.22955618301090053
0.19782051464322928
-0.6069019048115398
-0.6734406961684428
-0.046953178518853445
-0.3404244461728635
0.4948212402641237
-0.12186294584773656
-0.1802116122530718
-0.058913680832815535
-0.5867918824953299
0.10647586961606578
0.05525598771509648
-0.006581529154976046
-0.26003263425302753
0.26809432977439684
0.6971545844972608
-0.2557788448448881
-0.21509653710887272
-0.17152471700881547
-0.12891992020107287
-0.19710524214513644
-0.5862343120316424
-0.24239823870083144
0.06992806209737802
0.049969762068919295
0.06793487209737804
-0.0039725247045590256
-0.017688205767360396
-4.88132E-4
1.3352163176693983
-0.34770766789660695
0.24112918683817142
-0.9573613482937088
0.43271273612287436
0.6058551150482556
-0.4589808995143557
-0.8154171775236368
3.362908343657046
-0.14392372561114442
-0.17548827966322145
2.5301696317274627
-2.1004969838391845
2.089529620903316
-0.6103704634418805
0.6944710355412714
-0.17721214067254581
-0.9945749662184852
3.2594671774016444
-0.44334373369467384
-0.7483539509302903
1.8234223749121745
-0.28966729145629166
0.7017244090747105
0.05427033374331061
-0.1793546288205693
0.13896227539582015
0.1756394370232014
0.13749844539582015
-0.022303866300000003
0.0
0.0
0.0
0.0
0.0
0.0
0.0
0.0
0.0
0.0
0.0
0.0
0.0
0.0
0.0
0.0
0.0
0.0
0.0
0.0
0.0
0.0
0.0
0.0
0.0
0.0
0.0
0.0
0.0
0.0
0.0
0.0
0.0
0.0
0.0
0.0
0.0
0.0
0.0
0.0
0.0
0.0
0.0
0.0
0.0
0.0
0.0
0.0
0.0
0.0
0.0
0.0
0.0
0.0
0.0
0.0
0.0
0.0
0.0
0.0
0.0
0.0
0.0
0.0
0.0
0.0
0.0
0.0
0.0
0.0
0.0
0.0
0.0
0.0
0.0
0.0
0.0
0.0
0.0
0.0
0.0
0.0
0.0
0.0
0.0
0.0
0.0
0.0
0.0
0.0
0.0
0.0
0.0
0.0
0.0
0.0
0.0
0.0
0.0
0.0
0.0
0.0
0.0
0.0
0.0
0.0
0.0
0.0
0.0
0.0
0.0
0.0
0.0
0.0
0.0
0.0
0.0
0.0
0.0
0.0
0.0
0.0
0.0
0.0
0.0
0.0
0.0
</W>
<b>
-2.10561286768479
</b>
<info>
Training (X) File : /home/vibhatha/data/libsvm/webspam/webspam_isesvm_train_x_bin.322 
Training (Y) File : /home/vibhatha/data/libsvm/webspam/webspam_isesvm_train_y.322.bin 
Testing (X) File : /home/vibhatha/data/libsvm/webspam/webspam_isesvm_test_x_bin.322 
Testing (Y) File : /home/vibhatha/data/libsvm/webspam/webspam_isesvm_test_y.322.bin 
I/O Time : 150
Kernel Matrix Calculation : 0.261 s
</info>
