<model>
linear
</model>
<W>
0.0
0.0
0.0
0.0
0.0
0.0
0.0
0.0
0.0
-0.1634726282504677
3.3706312767269435
0.0
0.0
-2.988403020954748
0.0
0.0
0.0
0.0
0.0
0.0
0.0
0.0
0.0
0.0
0.0
0.0
3.1522691930102824
0.0
0.0
0.0
0.0
0.0
-0.4531463758742922
0.7117312426255591
4.99415398516849
4.175120236739872
-0.6758569982624559
0.696617867801658
-2.538333232570725
-5.776733355538092
7.138744161845589
7.1695366003929895
0.4492387146955564
1.7910325799997564
-6.671342233360311
8.00687040111786
1.4287583183281773
7.043598099681103
-0.3017569898050387
-1.6787568847873713
1.0860951781910277
2.403821963810507
-2.654668336025048
-4.6793439991702215
4.052123592708682
3.100772096754754
2.9552301829105705
4.084649234937427
1.401060791310882
2.2005713413415737
-2.961096503963459
-3.01599193558662
-2.9664577783270927
-3.3970302541896173
0.06725366155353936
4.225210130443952
-3.5051378733944483
-6.27310146188486
0.03743496043769025
-4.002993411754658
-5.210361270009769
-2.903033763511721
-2.792166087779483
1.988963455098955
0.5518078623791655
-1.992237506477464
0.8751665872712072
-3.7217423510465073
2.9987169886325953
-0.34766665681597186
-2.4796392426899163
-0.25813990203305837
1.0302398699491944
1.5730543614077945
1.718234418992179
-2.3193675086335284
0.3108934938368857
-1.8793318020059617
0.6491400030348806
-1.0909517720655377
-1.1368027048161657
0.9860547784026039
0.2717698362409717
1.3935322784026036
0.05632943978270942
0.6780948600545713
0.0023602600000000003
4.701911213712627
1.9771335977629223
-6.666122034051881
-2.224966690193654
-2.274839844884672
3.8687444905064687
-10.527978167607117
0.5250644314498598
3.2823326296861097
1.2029777251235474
-7.717098098249851
3.4363516120387527
-7.592670185222437
5.662902005362026
-1.4830680842963628
0.72729560853661
-1.8981967557212192
-5.789634343772848
9.447831052820327
1.7768504880818017
1.6437091554113168
4.324223218316375
-3.883715917214748
0.2569096587399946
3.495719408258122
0.6931999474137287
0.6089171333198932
1.1875643777692018
0.6134686333198932
0.31655141
0.0
0.0
0.0
0.0
0.0
0.0
0.0
0.0
0.0
0.0
0.0
0.0
0.0
0.0
0.0
0.0
0.0
0.0
0.0
0.0
0.0
0.0
0.0
0.0
0.0
0.0
0.0
0.0
0.0
0.0
0.0
0.0
0.0
0.0
0.0
0.0
0.0
0.0
0.0
0.0
0.0
0.0
0.0
0.0
0.0
0.0
0.0
0.0
0.0
0.0
0.0
0.0
0.0
0.0
0.0
0.0
0.0
0.0
0.0
0.0
0.0
0.0
0.0
0.0
0.0
0.0
0.0
0.0
0.0
0.0
0.0
0.0
0.0
0.0
0.0
0.0
0.0
0.0
0.0
0.0
0.0
0.0
0.0
0.0
0.0
0.0
0.0
0.0
0.0
0.0
0.0
0.0
0.0
0.0
0.0
0.0
0.0
0.0
0.0
0.0
0.0
0.0
0.0
0.0
0.0
0.0
0.0
0.0
0.0
0.0
0.0
0.0
0.0
0.0
0.0
0.0
0.0
0.0
0.0
0.0
0.0
0.0
0.0
0.0
0.0
0.0
0.0
</W>
<b>
-2.1439139782658803
</b>
<info>
Training (X) File : /home/vibhatha/data/libsvm/webspam/webspam_isesvm_train_x_bin.19 
Training (Y) File : /home/vibhatha/data/libsvm/webspam/webspam_isesvm_train_y.19.bin 
Testing (X) File : /home/vibhatha/data/libsvm/webspam/webspam_isesvm_test_x_bin.19 
Testing (Y) File : /home/vibhatha/data/libsvm/webspam/webspam_isesvm_test_y.19.bin 
I/O Time : 121
Kernel Matrix Calculation : 0.213 s
</info>
