90.82969432314411
89.08296943231441
90.17467248908298
90.72052401746726
92.03056768558952
91.48471615720524
88.8646288209607
89.51965065502183
80.56768558951966
66.8122270742358
84.60698689956332
90.61135371179039
90.61135371179039
89.41048034934498
88.97379912663756
75.54585152838428
64.8471615720524
81.22270742358079
89.19213973799127
89.73799126637554
90.39301310043668
89.30131004366812
82.31441048034934
65.72052401746726
79.03930131004367
88.64628820960698
89.8471615720524
90.50218340611353
89.62882096069869
89.19213973799127
88.97379912663756
90.17467248908298
91.8122270742358
83.4061135371179
75.54585152838428
88.8646288209607
88.20960698689956
91.48471615720524
90.28384279475983
92.24890829694323
