<model>
linear
</model>
<W>
0.0
0.0
0.0
0.0
0.0
0.0
0.0
0.0
0.0
-2.363737579338971
5.117765736654205
0.0
0.0
0.5571742367841024
0.0
0.0
0.0
0.0
0.0
0.0
0.0
0.0
0.0
0.0
0.0
0.0
1.1620851449294989
0.0
0.0
0.0
0.0
0.0
-1.299237554011519
-2.4508823044652988
6.251613356269251
5.381159754571799
-0.5595166840642053
4.842749261154554
-3.8596894544261957
0.5340939201160293
2.885162488821516
2.3196134072053827
-3.3629224088924388
0.023330192413688403
-4.473126682042871
-0.666346855588015
4.545829119972664
8.460039645033827
-1.2669847888186263
-1.0263535001435464
1.2997856973521036
-0.42912649027302674
2.0674198308835217
-5.801737648449596
4.364127687472875
2.4072299378248867
7.728325458904016
2.7961568424784216
-2.020305329818091
3.4285218737221492
-3.574956073823518
-13.610726784917162
-3.8293862757564057
-4.044467750298638
0.3840947240633281
5.14353049070676
-3.9557493992751263
-4.1004389380901625
0.8907338489156267
-5.344177330757288
-8.700912204770034
1.616206735740802
2.165985957297669
4.038592924412699
1.5204871417721313
-0.27101197347245765
1.6061135526365895
0.17758477778505483
4.087759635829103
-2.2184942784077886
-2.1046376051284867
-2.087841427488478
-0.15085587302253867
1.6354015899644763
-3.6264167937741476
0.27507048931911776
1.6361823684440207
6.272577374785019
-2.0381867646498666
-1.8531386862183916
-4.098303310883791
1.5128270618864819
-2.730811132778082
1.7777596118864818
-0.39540644753108956
3.640462978193361
0.05434323395364312
2.1767158731460046
0.9492696592558789
-2.7328488345580038
1.519373842913541
-4.476304670457274
4.801023687733639
-2.6650354890352737
0.6389625894892541
6.360681290803842
-2.5252353722810765
-1.8065887016226605
3.55960159314088
-10.986087355430104
6.757744777606909
-4.880020131429321
1.0102989508184823
-3.189773071765631
-5.706318205888131
11.326250893062491
-1.4765054569097829
-2.040229984445163
7.177249882851931
-0.7695016688183277
-2.7768211240776983
-0.6472404467977464
-6.472592676842555
-4.506845345940546
0.7945620526069462
-4.5426355432462815
-0.01833441869304428
0.0
0.0
0.0
0.0
0.0
0.0
0.0
0.0
0.0
0.0
0.0
0.0
0.0
0.0
0.0
0.0
0.0
0.0
0.0
0.0
0.0
0.0
0.0
0.0
0.0
0.0
0.0
0.0
0.0
0.0
0.0
0.0
0.0
0.0
0.0
0.0
0.0
0.0
0.0
0.0
0.0
0.0
0.0
0.0
0.0
0.0
0.0
0.0
0.0
0.0
0.0
0.0
0.0
0.0
0.0
0.0
0.0
0.0
0.0
0.0
0.0
0.0
0.0
0.0
0.0
0.0
0.0
0.0
0.0
0.0
0.0
0.0
0.0
0.0
0.0
0.0
0.0
0.0
0.0
0.0
0.0
0.0
0.0
0.0
0.0
0.0
0.0
0.0
0.0
0.0
0.0
0.0
0.0
0.0
0.0
0.0
0.0
0.0
0.0
0.0
0.0
0.0
0.0
0.0
0.0
0.0
0.0
0.0
0.0
0.0
0.0
0.0
0.0
0.0
0.0
0.0
0.0
0.0
0.0
0.0
0.0
0.0
0.0
0.0
0.0
0.0
0.0
</W>
<b>
-0.3802919188299025
</b>
<info>
Training (X) File : /home/vibhatha/data/libsvm/webspam/webspam_isesvm_train_x_bin.212 
Training (Y) File : /home/vibhatha/data/libsvm/webspam/webspam_isesvm_train_y.212.bin 
Testing (X) File : /home/vibhatha/data/libsvm/webspam/webspam_isesvm_test_x_bin.212 
Testing (Y) File : /home/vibhatha/data/libsvm/webspam/webspam_isesvm_test_y.212.bin 
I/O Time : 126
Kernel Matrix Calculation : 0.258 s
</info>
