90.28776978417267
92.08633093525181
91.00719424460432
88.12949640287769
89.20863309352518
88.84892086330936
90.64748201438849
89.92805755395683
89.92805755395683
86.33093525179856
92.08633093525181
90.64748201438849
88.84892086330936
91.00719424460432
89.568345323741
87.05035971223022
90.64748201438849
88.48920863309353
88.84892086330936
84.89208633093526
91.00719424460432
92.44604316546763
91.00719424460432
88.12949640287769
89.92805755395683
88.12949640287769
88.48920863309353
87.41007194244604
87.41007194244604
92.44604316546763
91.72661870503596
88.12949640287769
89.20863309352518
91.00719424460432
89.20863309352518
87.41007194244604
91.72661870503596
89.20863309352518
87.76978417266187
91.36690647482014
