91.72661870503596
91.00719424460432
89.20863309352518
88.84892086330936
87.41007194244604
89.92805755395683
89.568345323741
89.92805755395683
89.92805755395683
87.41007194244604
89.92805755395683
89.568345323741
89.568345323741
88.84892086330936
88.84892086330936
88.48920863309353
91.00719424460432
88.12949640287769
89.568345323741
83.09352517985612
88.12949640287769
91.00719424460432
89.20863309352518
87.76978417266187
89.20863309352518
86.6906474820144
89.92805755395683
88.48920863309353
88.48920863309353
91.00719424460432
89.20863309352518
86.6906474820144
89.92805755395683
91.72661870503596
90.28776978417267
89.20863309352518
90.28776978417267
89.20863309352518
89.20863309352518
88.48920863309353
