<model>
linear
</model>
<W>
0.0
0.0
0.0
0.0
0.0
0.0
0.0
0.0
0.0
-1.0671681356081564
0.018926589100523916
0.0
0.0
-2.9798273526647914
0.0
0.0
0.0
0.0
0.0
0.0
0.0
0.0
0.0
0.0
0.0
0.0
2.68745191080639
0.0
0.0
0.0
0.0
0.0
0.5997745852088681
0.5432250009821231
5.3453059329120896
1.6584969096052031
-1.0476253032354554
-1.3112047844170163
0.36076736860941416
-5.062095677926684
2.0514643362404956
2.054040336240496
-1.383642701369992
-0.10435951623442619
1.9705757140709939
2.798585577644906
0.6222737272631786
6.529732138464204
1.4354942772852026
-0.2574007798680761
5.570071657281897
1.474463902703488
-0.8822480138031744
-4.34778014896569
4.728191618524317
0.857098692688993
0.38075385364243397
-0.8040746791771161
3.413243261500763
3.1210089045085807
0.7236756505942257
-10.263208696018978
-0.4038872401083182
-1.0527332016397244
0.1712821375580234
0.7193291103538954
2.280877805929517
1.204149742936311
-1.3605368699472429
-1.177789306464806
-3.6075624428255306
0.39248144519349715
-5.897897395900225
3.546190858345735
-0.11087321748832496
-1.1205176744010388
0.07085959959282129
-3.2728809056728076
2.267103381793999
0.5009523111932446
-3.2970302158707034
-1.4882459824890817
4.628157603488828
4.3456520062448805
0.47875541463195553
-0.49861925363957205
1.356605099108455
0.19209319526163782
-0.4480485428777759
-3.044332123060007
-1.9444202776969657
-0.024571228504389503
0.44728610875184727
0.10357350358069835
0.10628315566183173
0.03107350342983728
0.07429623299999999
1.571030825725325
0.0993408238376512
0.7230269625612054
-2.837447313238656
0.773120814534809
5.603676498202088
-2.7355043334870928
-2.188354132832551
5.314952124230169
-0.2496596295797331
-2.8980240314286405
5.8828736768377
-8.057094274656832
7.287386415503322
-2.2068593478587166
-2.6109972606485736
-2.4650584293521316
-3.9545426312321954
7.309941519262982
-0.9364816367190869
-3.657799083854787
3.8187915406351904
-1.0240388877755455
0.20250314662457058
-1.0971532140364286
-1.799689901066147
0.363864625101968
0.4126713342605343
0.21866930510196775
0.06923079663918182
0.0
0.0
0.0
0.0
0.0
0.0
0.0
0.0
0.0
0.0
0.0
0.0
0.0
0.0
0.0
0.0
0.0
0.0
0.0
0.0
0.0
0.0
0.0
0.0
0.0
0.0
0.0
0.0
0.0
0.0
0.0
0.0
0.0
0.0
0.0
0.0
0.0
0.0
0.0
0.0
0.0
0.0
0.0
0.0
0.0
0.0
0.0
0.0
0.0
0.0
0.0
0.0
0.0
0.0
0.0
0.0
0.0
0.0
0.0
0.0
0.0
0.0
0.0
0.0
0.0
0.0
0.0
0.0
0.0
0.0
0.0
0.0
0.0
0.0
0.0
0.0
0.0
0.0
0.0
0.0
0.0
0.0
0.0
0.0
0.0
0.0
0.0
0.0
0.0
0.0
0.0
0.0
0.0
0.0
0.0
0.0
0.0
0.0
0.0
0.0
0.0
0.0
0.0
0.0
0.0
0.0
0.0
0.0
0.0
0.0
0.0
0.0
0.0
0.0
0.0
0.0
0.0
0.0
0.0
0.0
0.0
0.0
0.0
0.0
0.0
0.0
0.0
</W>
<b>
-3.3828428848508736
</b>
<info>
Training (X) File : /home/vibhatha/data/libsvm/webspam/webspam_isesvm_train_x_bin.216 
Training (Y) File : /home/vibhatha/data/libsvm/webspam/webspam_isesvm_train_y.216.bin 
Testing (X) File : /home/vibhatha/data/libsvm/webspam/webspam_isesvm_test_x_bin.216 
Testing (Y) File : /home/vibhatha/data/libsvm/webspam/webspam_isesvm_test_y.216.bin 
I/O Time : 117
Kernel Matrix Calculation : 0.212 s
</info>
