90.28776978417267
91.00719424460432
89.92805755395683
87.41007194244604
89.20863309352518
88.84892086330936
88.84892086330936
88.48920863309353
89.568345323741
87.41007194244604
90.28776978417267
86.33093525179856
87.76978417266187
89.568345323741
86.33093525179856
87.41007194244604
89.568345323741
89.20863309352518
87.05035971223022
83.45323741007195
91.00719424460432
91.36690647482014
89.568345323741
86.6906474820144
89.20863309352518
87.76978417266187
87.41007194244604
88.12949640287769
86.33093525179856
90.64748201438849
91.72661870503596
85.97122302158273
88.12949640287769
89.92805755395683
90.64748201438849
88.12949640287769
90.64748201438849
87.76978417266187
87.41007194244604
89.20863309352518
