85.09316770186336
78.88198757763976
79.5031055900621
75.77639751552795
74.53416149068323
75.77639751552795
74.53416149068323
75.77639751552795
77.01863354037268
83.22981366459628
75.77639751552795
86.33540372670807
81.98757763975155
80.12422360248446
75.77639751552795
83.22981366459628
80.12422360248446
83.22981366459628
83.22981366459628
81.98757763975155
79.5031055900621
81.98757763975155
82.6086956521739
80.74534161490683
79.5031055900621
83.85093167701864
80.74534161490683
81.98757763975155
82.6086956521739
80.12422360248446
81.36645962732919
80.12422360248446
77.63975155279503
82.6086956521739
76.3975155279503
79.5031055900621
76.3975155279503
88.81987577639751
81.98757763975155
81.36645962732919
