87.5776397515528
71.42857142857143
82.6086956521739
73.29192546583852
79.5031055900621
80.74534161490683
76.3975155279503
83.22981366459628
80.12422360248446
78.88198757763976
80.12422360248446
83.85093167701864
80.12422360248446
83.22981366459628
78.88198757763976
81.98757763975155
83.22981366459628
78.88198757763976
80.12422360248446
85.09316770186336
78.88198757763976
78.26086956521739
82.6086956521739
77.01863354037268
81.36645962732919
85.71428571428571
87.5776397515528
81.98757763975155
83.85093167701864
83.22981366459628
79.5031055900621
79.5031055900621
75.77639751552795
80.74534161490683
79.5031055900621
83.85093167701864
80.12422360248446
88.19875776397515
81.36645962732919
81.98757763975155
