89.568345323741
90.64748201438849
88.84892086330936
87.76978417266187
86.33093525179856
89.568345323741
89.20863309352518
88.48920863309353
89.568345323741
86.33093525179856
90.64748201438849
88.84892086330936
88.48920863309353
89.92805755395683
88.84892086330936
88.84892086330936
89.568345323741
89.20863309352518
86.6906474820144
82.73381294964028
87.05035971223022
90.28776978417267
89.568345323741
88.12949640287769
87.76978417266187
88.12949640287769
88.12949640287769
88.84892086330936
85.61151079136691
90.64748201438849
89.568345323741
87.76978417266187
88.48920863309353
89.568345323741
90.64748201438849
88.84892086330936
90.64748201438849
87.76978417266187
88.48920863309353
88.12949640287769
