<model>
linear
</model>
<W>
0.0
0.0
0.0
0.0
0.0
0.0
0.0
0.0
0.0
-0.8274208212564048
0.06371825232446754
0.0
0.0
-3.665469875290884
0.0
0.0
0.0
0.0
0.0
0.0
0.0
0.0
0.0
0.0
0.0
0.0
2.165574267563458
0.0
0.0
0.0
0.0
0.0
-0.544114632175401
0.29236900947495137
4.084945408369942
-1.4476227810531372
-0.16783301348360474
0.8237866069992758
-0.7206591958305507
-1.2780974865947532
5.346655865012208
5.345233771240785
0.2669313218208896
0.3295339639270605
-0.9517241063637342
0.2354242634582251
-0.561207011631847
8.539828968133024
-2.6938052196300815
1.6241294871319127
3.4031535760587825
-0.3208439475303636
0.1290611010883373
0.011915998408772444
4.409563015590154
2.2559563525932598
4.13509471540422
-0.26522772364192315
-3.5483931262374444
2.992511618800442
-2.818993876486985
-4.45279740443288
-2.749168647680978
-3.1826832603941746
0.3640068434377069
2.944519957476126
-0.3958422259272967
-3.1728106230143975
1.330170892451417
-5.380921276622853
-5.991978002714538
0.6252774511006219
-1.0846299134772368
0.7417406752982938
-0.3393919761981513
-2.7518496958207948
-1.2001001041692099
-2.0793264265161975
-0.8051214430620512
0.847498442581193
1.1608073816116826
-0.6932738265536886
0.5841406090956756
1.7637423712965599
-1.1856866150860346
-1.5659229804574142
0.9314809010707557
2.122915854151955
0.08596350614741122
-1.3944302359304404
-1.9091708725653853
0.16019820571910984
0.5773557492445571
0.15773728571910975
0.009086615767985147
1.185153345429622
0.003570705748679183
1.6368693109501484
-0.864993128462489
0.24620419618042588
0.03730262395318058
-0.8022164461587737
5.22732421838306
-11.146763491270645
0.14765797257285962
3.8817465911242475
0.07858212479241039
-2.681362116711519
5.40967365003681
-6.976121860679678
5.2391821566310295
-2.5521881553593073
0.34132325913931316
-0.9549034181382636
-6.964525359500182
8.81811541673134
-0.8158513365050558
3.4628640638630013
5.7960361387949195
-2.2940891270579904
0.5991717042337215
0.5868799469768736
-0.42989942530213293
-1.1464082394705937
0.5087481979917688
-1.1467914102545027
-0.013493213188756868
0.0
0.0
0.0
0.0
0.0
0.0
0.0
0.0
0.0
0.0
0.0
0.0
0.0
0.0
0.0
0.0
0.0
0.0
0.0
0.0
0.0
0.0
0.0
0.0
0.0
0.0
0.0
0.0
0.0
0.0
0.0
0.0
0.0
0.0
0.0
0.0
0.0
0.0
0.0
0.0
0.0
0.0
0.0
0.0
0.0
0.0
0.0
0.0
0.0
0.0
0.0
0.0
0.0
0.0
0.0
0.0
0.0
0.0
0.0
0.0
0.0
0.0
0.0
0.0
0.0
0.0
0.0
0.0
0.0
0.0
0.0
0.0
0.0
0.0
0.0
0.0
0.0
0.0
0.0
0.0
0.0
0.0
0.0
0.0
0.0
0.0
0.0
0.0
0.0
0.0
0.0
0.0
0.0
0.0
0.0
0.0
0.0
0.0
0.0
0.0
0.0
0.0
0.0
0.0
0.0
0.0
0.0
0.0
0.0
0.0
0.0
0.0
0.0
0.0
0.0
0.0
0.0
0.0
0.0
0.0
0.0
0.0
0.0
0.0
0.0
0.0
0.0
</W>
<b>
-1.4655408316615544
</b>
<info>
Training (X) File : /home/vibhatha/data/libsvm/webspam/webspam_isesvm_train_x_bin.208 
Training (Y) File : /home/vibhatha/data/libsvm/webspam/webspam_isesvm_train_y.208.bin 
Testing (X) File : /home/vibhatha/data/libsvm/webspam/webspam_isesvm_test_x_bin.208 
Testing (Y) File : /home/vibhatha/data/libsvm/webspam/webspam_isesvm_test_y.208.bin 
I/O Time : 115
Kernel Matrix Calculation : 0.224 s
</info>
