91.36690647482014
91.72661870503596
89.568345323741
88.48920863309353
88.84892086330936
88.48920863309353
90.28776978417267
91.00719424460432
91.36690647482014
89.20863309352518
91.72661870503596
88.48920863309353
89.20863309352518
89.92805755395683
89.92805755395683
89.568345323741
91.36690647482014
89.20863309352518
92.80575539568345
84.89208633093526
90.28776978417267
93.5251798561151
91.72661870503596
91.00719424460432
90.28776978417267
88.84892086330936
88.48920863309353
88.84892086330936
88.84892086330936
91.72661870503596
93.16546762589928
89.568345323741
90.28776978417267
89.568345323741
90.28776978417267
89.92805755395683
91.72661870503596
91.00719424460432
88.12949640287769
91.00719424460432
