<model>
linear
</model>
<W>
0.0
0.0
0.0
0.0
0.0
0.0
0.0
0.0
0.0
-1.1010996702210205
-1.0117844116549197
0.0
2.26051E-4
-1.2692092900497045
0.0
0.0
0.0
0.0
0.0
0.0
0.0
0.0
0.0
0.0
0.0
0.0
1.513941144259523
0.0
0.0
0.0
0.0
0.0
-0.2662727446703391
-0.0015207836718222237
2.33638573686639
0.10021481944162629
0.006563876021937672
-0.2423892108326536
-0.8441051849404322
-1.016799869985291
0.4478739210968652
0.44894130109686525
-0.03132030851877813
-0.028162282535273035
0.5981910988653802
1.3269575299608316
-0.5893581876627337
2.590172987670299
0.12172918308286246
-0.041441762491720886
-0.3381437244431615
0.16721448070763634
0.227743090978251
-0.5016218141597621
0.3474929338305471
0.4471183607607482
0.0803031336287208
0.48478215791734175
0.19776050463892825
-0.3378626823370938
0.2200517627531482
-0.8431146065423933
0.23161043369175466
-0.3397943379533825
0.03436549354846617
0.5658234385014238
-0.18520991683824523
-0.22500998451590354
-0.19292859383163463
-0.8846577871413076
-1.3048009910001381
0.21725287790698863
-0.5145976588860238
0.6004071254695295
-0.05645036851111738
-0.21085525221818707
-0.07018411832902464
-0.11213369981714386
0.36739565670085733
0.47106655506974743
-0.1401217927392779
-0.34743473299240446
0.3809110801836644
0.8965405163388743
-0.02865425502387204
-0.34821074396974194
-0.3262466475390236
0.05645187638184854
-0.8927099466829999
-0.3709262687434741
-0.2744672599984982
-0.01278775758781007
0.008121333117048391
-0.01233252958781007
-0.00707990838855721
0.17339326501527752
-1.1696569999999996E-4
1.8148626880217518
0.5488728648636488
-0.3908047953525841
-2.309455836586304
0.573553598227724
0.6994334660795591
-1.4037659407639884
-0.9467463615193756
2.995275807631257
0.017852226691071768
-0.32943234057628856
2.4957869857755766
-1.4247873121669228
2.5587684231373524
-0.6288684878725057
0.16990817833543365
-0.30982063690695033
-1.1198976023800977
3.555191399975583
0.4781052198673344
0.05982099529762152
1.2917789853248216
-0.7926276656658126
0.10376254519264969
0.37116728820520434
0.16307354937990567
-0.005558233341355127
0.1358012580922708
-0.006542419341355125
-0.023363166999999997
0.0
0.0
0.0
0.0
0.0
0.0
0.0
0.0
0.0
0.0
0.0
0.0
0.0
0.0
0.0
0.0
0.0
0.0
0.0
0.0
0.0
0.0
0.0
0.0
0.0
0.0
0.0
0.0
0.0
0.0
0.0
0.0
0.0
0.0
0.0
0.0
0.0
0.0
0.0
0.0
0.0
0.0
0.0
0.0
0.0
0.0
0.0
0.0
0.0
0.0
0.0
0.0
0.0
0.0
0.0
0.0
0.0
0.0
0.0
0.0
0.0
0.0
0.0
0.0
0.0
0.0
0.0
0.0
0.0
0.0
0.0
0.0
0.0
0.0
0.0
0.0
0.0
0.0
0.0
0.0
0.0
0.0
0.0
0.0
0.0
0.0
0.0
0.0
0.0
0.0
0.0
0.0
0.0
0.0
0.0
0.0
0.0
0.0
0.0
0.0
0.0
0.0
0.0
0.0
0.0
0.0
0.0
0.0
0.0
0.0
0.0
0.0
0.0
0.0
0.0
0.0
0.0
0.0
0.0
0.0
0.0
0.0
0.0
0.0
0.0
0.0
0.0
</W>
<b>
-2.0457011752336225
</b>
<info>
Training (X) File : /home/vibhatha/data/libsvm/webspam/webspam_isesvm_train_x_bin.371 
Training (Y) File : /home/vibhatha/data/libsvm/webspam/webspam_isesvm_train_y.371.bin 
Testing (X) File : /home/vibhatha/data/libsvm/webspam/webspam_isesvm_test_x_bin.371 
Testing (Y) File : /home/vibhatha/data/libsvm/webspam/webspam_isesvm_test_y.371.bin 
I/O Time : 146
Kernel Matrix Calculation : 0.26 s
</info>
