86.33093525179856
87.41007194244604
88.12949640287769
87.05035971223022
84.17266187050359
85.97122302158273
85.25179856115108
87.05035971223022
84.17266187050359
85.25179856115108
87.76978417266187
85.25179856115108
84.89208633093526
86.6906474820144
83.45323741007195
85.25179856115108
86.33093525179856
86.33093525179856
85.61151079136691
78.41726618705036
85.61151079136691
86.6906474820144
89.20863309352518
85.97122302158273
84.53237410071942
83.09352517985612
84.89208633093526
87.41007194244604
83.09352517985612
87.41007194244604
90.64748201438849
85.61151079136691
84.53237410071942
87.76978417266187
87.76978417266187
84.53237410071942
89.20863309352518
86.33093525179856
87.05035971223022
87.05035971223022
