91.36690647482014
92.80575539568345
89.20863309352518
88.84892086330936
87.41007194244604
88.48920863309353
89.92805755395683
89.92805755395683
90.64748201438849
85.61151079136691
91.36690647482014
88.84892086330936
88.84892086330936
89.20863309352518
89.92805755395683
90.64748201438849
88.48920863309353
88.12949640287769
91.00719424460432
85.97122302158273
88.48920863309353
89.20863309352518
90.64748201438849
88.12949640287769
88.48920863309353
87.41007194244604
86.6906474820144
88.12949640287769
87.76978417266187
91.72661870503596
92.08633093525181
87.05035971223022
89.20863309352518
89.92805755395683
90.28776978417267
86.33093525179856
90.28776978417267
89.92805755395683
87.05035971223022
88.84892086330936
