<model>
linear
</model>
<W>
0.0
0.0
0.0
0.0
0.0
0.0
0.0
0.0
0.0
-0.2429938016065877
1.8542471376125196
0.0
0.0
-1.2473402298918481
0.0
0.0
0.0
0.0
0.0
0.0
0.0
0.0
0.0
0.0
0.0
0.0
1.1577668832203725
0.0
0.0
0.0
0.0
0.0
0.06846848961853516
4.551323596040909
2.1901297202246672
1.6114293752664917
-1.7648575321923725
3.2320444059665485
-0.05537279073187429
-8.778905196959325
8.386304144803244
8.48863775975758
4.218059215019074
1.2646680691595715
-6.606386284400693
3.139170391069542
-0.6121202649666904
7.280145689529782
-1.8928427253140967
3.2656545102879972
-1.6994778649761568
2.5130662511103226
0.24711062599645206
-2.8918512838198347
1.280869020646737
2.1701861570303334
6.501815845861436
7.1547573294060465
-2.8829888650693727
-1.0947299875878191
-3.841332080223169
-7.5156160189817935
-3.0347179291291093
-6.789086876267227
-0.2336358593414219
-0.8298587548474949
3.6945656609630735
-9.804487361746308
4.963008566870445
-0.005986537229772049
-9.714193686933315
0.9654392650588458
-0.4174263830369571
4.913109302468586
-0.04688294686038912
-2.8608740031765736
-2.600022106470747
-6.974498613372501
5.572659341340699
5.81941311031918
2.26013315164965
3.1641533936564183
-3.5737681409941393
3.943292693265189
-3.2436859481663665
-0.7855062934371653
0.5550169425149786
-5.340127499384167
-2.553772234851042
-3.49196017826253
-5.3406174432628
-2.6418501487499215
2.6680287195019496
-2.6440401003835006
-0.21435574975830574
2.7241854829756935
-0.022910223204421813
6.24450526063662
-2.5087724556344706
1.0730728981587916
-1.973743893455124
-3.5046811786198386
3.1912421279554466
-9.701142715133365
1.8989634406621887
5.715189139866768
-3.39511787982315
-0.8464834142951614
2.0363763326384596
-9.447557561003437
3.599808674854536
-2.0154223588558065
4.86015035854074
-4.343866987846634
-5.849849062659031
9.355862039402837
2.861939414937874
-5.883788590200285
5.806020355077665
-2.4942282576081953
-5.944810038063222
2.322818239814392
-1.9227422450780345
-2.426070396029739
4.1071584524036515
-2.3972218062493407
-0.15887782540000003
0.0
0.0
0.0
0.0
0.0
0.0
0.0
0.0
0.0
0.0
0.0
0.0
0.0
0.0
0.0
0.0
0.0
0.0
0.0
0.0
0.0
0.0
0.0
0.0
0.0
0.0
0.0
0.0
0.0
0.0
0.0
0.0
0.0
0.0
0.0
0.0
0.0
0.0
0.0
0.0
0.0
0.0
0.0
0.0
0.0
0.0
0.0
0.0
0.0
0.0
0.0
0.0
0.0
0.0
0.0
0.0
0.0
0.0
0.0
0.0
0.0
0.0
0.0
0.0
0.0
0.0
0.0
0.0
0.0
0.0
0.0
0.0
0.0
0.0
0.0
0.0
0.0
0.0
0.0
0.0
0.0
0.0
0.0
0.0
0.0
0.0
0.0
0.0
0.0
0.0
0.0
0.0
0.0
0.0
0.0
0.0
0.0
0.0
0.0
0.0
0.0
0.0
0.0
0.0
0.0
0.0
0.0
0.0
0.0
0.0
0.0
0.0
0.0
0.0
0.0
0.0
0.0
0.0
0.0
0.0
0.0
0.0
0.0
0.0
0.0
0.0
0.0
</W>
<b>
-1.7571705355550828
</b>
<info>
Training (X) File : /home/vibhatha/data/libsvm/webspam/webspam_isesvm_train_x_bin.138 
Training (Y) File : /home/vibhatha/data/libsvm/webspam/webspam_isesvm_train_y.138.bin 
Testing (X) File : /home/vibhatha/data/libsvm/webspam/webspam_isesvm_test_x_bin.138 
Testing (Y) File : /home/vibhatha/data/libsvm/webspam/webspam_isesvm_test_y.138.bin 
I/O Time : 163
Kernel Matrix Calculation : 0.342 s
</info>
