91.72661870503596
91.36690647482014
87.76978417266187
87.76978417266187
88.48920863309353
86.6906474820144
87.76978417266187
90.28776978417267
92.08633093525181
88.12949640287769
92.44604316546763
89.20863309352518
89.568345323741
89.20863309352518
88.12949640287769
88.12949640287769
88.48920863309353
90.28776978417267
88.48920863309353
85.97122302158273
88.84892086330936
88.84892086330936
90.64748201438849
90.64748201438849
88.48920863309353
89.92805755395683
90.28776978417267
90.28776978417267
89.20863309352518
90.64748201438849
91.36690647482014
88.12949640287769
89.20863309352518
91.00719424460432
90.28776978417267
87.76978417266187
90.64748201438849
90.28776978417267
89.92805755395683
89.92805755395683
