83.85093167701864
76.3975155279503
77.01863354037268
77.01863354037268
76.3975155279503
73.91304347826086
76.3975155279503
73.91304347826086
77.01863354037268
81.98757763975155
75.77639751552795
83.22981366459628
79.5031055900621
80.74534161490683
78.88198757763976
81.98757763975155
80.12422360248446
76.3975155279503
79.5031055900621
83.22981366459628
77.01863354037268
78.26086956521739
85.71428571428571
73.91304347826086
77.01863354037268
79.5031055900621
81.36645962732919
80.74534161490683
79.5031055900621
78.26086956521739
81.98757763975155
77.63975155279503
73.29192546583852
79.5031055900621
78.88198757763976
80.74534161490683
82.6086956521739
81.98757763975155
80.12422360248446
74.53416149068323
