92.44604316546763
91.72661870503596
90.28776978417267
87.41007194244604
88.12949640287769
91.36690647482014
90.28776978417267
90.28776978417267
90.64748201438849
89.92805755395683
91.72661870503596
91.36690647482014
89.92805755395683
90.64748201438849
90.28776978417267
87.41007194244604
92.08633093525181
89.568345323741
89.20863309352518
83.09352517985612
91.36690647482014
92.80575539568345
90.64748201438849
90.64748201438849
88.84892086330936
91.36690647482014
89.568345323741
89.568345323741
90.28776978417267
92.08633093525181
93.16546762589928
88.48920863309353
92.44604316546763
91.36690647482014
91.00719424460432
91.72661870503596
91.72661870503596
91.36690647482014
91.36690647482014
89.92805755395683
