91.00719424460432
93.16546762589928
91.36690647482014
90.28776978417267
87.41007194244604
89.20863309352518
90.28776978417267
89.568345323741
88.48920863309353
88.12949640287769
91.00719424460432
88.12949640287769
86.6906474820144
89.92805755395683
89.20863309352518
88.48920863309353
91.72661870503596
89.568345323741
89.20863309352518
89.568345323741
92.08633093525181
91.72661870503596
90.28776978417267
88.48920863309353
90.64748201438849
92.08633093525181
88.12949640287769
89.20863309352518
90.28776978417267
89.92805755395683
92.44604316546763
85.25179856115108
88.48920863309353
91.00719424460432
88.48920863309353
89.20863309352518
92.80575539568345
88.48920863309353
88.12949640287769
86.6906474820144
