90.28776978417267
89.20863309352518
89.568345323741
87.05035971223022
86.6906474820144
87.76978417266187
88.84892086330936
89.568345323741
88.48920863309353
87.41007194244604
89.568345323741
87.41007194244604
88.12949640287769
88.48920863309353
89.20863309352518
87.76978417266187
90.28776978417267
89.20863309352518
87.76978417266187
83.09352517985612
87.41007194244604
89.568345323741
89.20863309352518
89.568345323741
85.97122302158273
86.6906474820144
87.76978417266187
87.41007194244604
87.76978417266187
89.568345323741
90.64748201438849
86.6906474820144
88.12949640287769
87.76978417266187
89.20863309352518
86.33093525179856
88.84892086330936
89.20863309352518
87.76978417266187
87.76978417266187
