<model>
gaussian
</model>
<W>
0.0
0.0
0.0
0.0
0.0
0.0
0.0
0.0
0.0
-1.2946381636158577E-4
0.0015694321399999378
0.0
0.0
0.001540462535814635
0.0
0.0
0.0
0.0
0.0
0.0
0.0
0.0
0.0
0.0
0.0
0.0
-6.462128667743539E-4
0.0
0.0
0.0
0.0
0.0
0.1638317773147413
8.955979483338261E-5
-0.02349566054039509
-4.881237437979191E-4
1.435374705094361E-6
0.002559316519360477
0.002220965834515365
0.0013808546494766816
-0.001031048699115411
-0.0010344483796027593
1.0129905043676501E-5
-1.1026247697998315E-5
0.0018058565387675252
-2.1198929023724666E-4
0.0017424764771016843
-0.029049479759668317
-0.02896835914591711
5.151058330010727E-5
0.0013699326205178775
-0.001242299389427215
-4.0064869273348513E-4
-3.284402611343218E-4
-9.074102326831479E-4
-1.43544893287606E-4
8.932648311543723E-5
-1.5453093974571175E-4
-3.461121414203294E-4
-2.437453778323384E-4
0.003990694117782079
0.002705093489579591
0.003923110698779597
8.434314346317251E-5
5.789869815053805E-4
0.002173880644134707
7.271627463709684E-4
8.065109511088409E-4
0.004888422672079118
0.007339644199483519
0.0018236258284791695
1.994766008877047E-4
0.004974612575884718
9.762157047763509E-4
1.6696406974126E-4
7.083436588795067E-5
0.001073918856862921
0.0016581230774228572
9.615428319365016E-4
8.054637260481723E-4
0.0011647386452391384
2.1853039112951222E-4
0.0011514043254374773
5.568823586792337E-4
0.008607861122136518
3.1144642295499736E-4
6.844184299541478E-4
2.990314406603467E-4
1.8119357472201614E-4
6.054784742723918E-4
1.7098332113141268E-4
-3.484031264378018E-6
1.4909308871935423E-6
-3.484031264378018E-6
-4.281712850939812E-8
-1.6504450479093435E-4
1.1250378406657546E-10
-0.028439675137555964
-0.0018649961856311847
-0.003854227950651712
0.0029504274928209284
-0.015456521478272478
-2.929304336118932E-4
5.972415130643949E-4
0.004829004625611422
-0.04232715563268741
2.779231398526427E-4
-3.169795328068492E-4
-0.014883642764004668
0.004315862614688637
-0.015214086064101462
6.178121663824587E-4
2.1783995991775384E-4
2.0383726289474602E-4
0.004042531946490069
-0.034084790031801315
-0.007309493556937108
0.0015178580767474248
-0.002226435594375742
0.0020178393676015816
5.063136998593176E-4
5.93351878419357E-4
3.07660780336505E-5
1.516486550512397E-5
-3.192597180712298E-5
1.516486550512397E-5
1.1370004511235265E-5
0.0
0.0
0.0
0.0
0.0
0.0
0.0
0.0
0.0
0.0
0.0
0.0
0.0
0.0
0.0
0.0
0.0
0.0
0.0
0.0
0.0
0.0
0.0
0.0
0.0
0.0
0.0
0.0
0.0
0.0
0.0
0.0
0.0
0.0
0.0
0.0
0.0
0.0
0.0
0.0
0.0
0.0
0.0
0.0
0.0
0.0
0.0
0.0
0.0
0.0
0.0
0.0
0.0
0.0
0.0
0.0
0.0
0.0
0.0
0.0
0.0
0.0
0.0
0.0
0.0
0.0
0.0
0.0
0.0
0.0
0.0
0.0
0.0
0.0
0.0
0.0
0.0
0.0
0.0
0.0
0.0
0.0
0.0
0.0
0.0
0.0
0.0
0.0
0.0
0.0
0.0
0.0
0.0
0.0
0.0
0.0
0.0
0.0
0.0
0.0
0.0
0.0
0.0
0.0
0.0
0.0
0.0
0.0
0.0
0.0
0.0
0.0
0.0
0.0
0.0
0.0
0.0
0.0
0.0
0.0
0.0
0.0
0.0
0.0
0.0
0.0
0.0
</W>
<b>
1.000415108778384
</b>
<info>
Training (X) File : /home/vibhatha/data/libsvm/webspam/webspam_isesvm_train_x_bin.48 
Training (Y) File : /home/vibhatha/data/libsvm/webspam/webspam_isesvm_train_y.48.bin 
Testing (X) File : /home/vibhatha/data/libsvm/webspam/webspam_isesvm_test_x_bin.48 
Testing (Y) File : /home/vibhatha/data/libsvm/webspam/webspam_isesvm_test_y.48.bin 
I/O Time : 111
Kernel Matrix Calculation : 0.0 s
</info>
