<model>
linear
</model>
<W>
0.0
0.0
0.0
0.0
0.0
0.0
0.0
0.0
0.0
-1.4522652097086468
0.6930561717807362
0.0
0.0
-1.3966962995883294
0.0
0.0
0.0
0.0
0.0
0.0
0.0
0.0
0.0
0.0
0.0
0.0
2.74388657533441
0.0
0.0
0.0
0.0
0.0
0.4972978526488461
0.4023242671867785
2.302571540646772
0.2983811512585255
-0.05713647200199409
-0.6161523556652226
-1.921375802250739
-1.9577959442262065
1.7365088146750474
1.7401231313446717
-0.04878850846864972
0.5616377226618812
-0.9042480079276916
1.7181831874256743
2.123287581035764
4.193724255931194
0.07883426276497218
0.44341694550118826
0.2661781837031465
-1.0880574178842894
-0.18456332881088178
-0.48591163405495064
0.2792041038043877
0.061092200647266184
0.24236908963979092
0.6433344503224052
1.2946917604987023
0.369462199462273
-0.7300392107263411
-3.1857346886638505
-0.7107869415415554
-0.45441223153306215
0.11861201914824807
0.20821124470291916
-0.08051559194058257
-1.3576880984706576
0.2271615482828886
-1.2691705721742466
-1.853617212155682
-0.019961061485641723
-0.8392540648667847
0.6257509003769804
-0.009973558200281955
-0.4098575187913139
0.22095252336362592
-0.9337959040144381
0.33108766081812846
-0.14621293565607782
-0.5260796738776335
-0.14146788011259398
0.6212945948085707
0.8324066915961441
-0.1261811906359619
-0.026986508959379367
0.11718614965642432
0.2684124270234578
-0.0070860449059265435
-0.5182672786367052
-0.31070893004594974
0.17066995212254518
-0.0850089406280696
0.1746540121225452
-0.02019739507451933
0.739351400822129
-0.016552238999999996
1.7888266477431611
0.8314384004906767
-0.020873766131702942
-0.22247233924571813
-0.13215778135581502
1.0835498957510132
-1.390223848826186
-0.23828189578592357
3.611912105203332
-0.7882163809720498
-0.9295672774584605
2.8060168621324646
-3.403368118567249
3.0375929485762265
-2.6121247740773246
2.0874720048723505
-0.028332826750640666
-2.424194402179188
8.084008642964292
0.8228544986848749
0.3141483702371929
2.6857684339865653
-0.22824932865617775
0.8417840199159694
0.036909076857474396
-0.07252953069072741
0.04478922554354238
0.5548868788621076
0.016901975543542388
-0.049225787903476405
0.0
0.0
0.0
0.0
0.0
0.0
0.0
0.0
0.0
0.0
0.0
0.0
0.0
0.0
0.0
0.0
0.0
0.0
0.0
0.0
0.0
0.0
0.0
0.0
0.0
0.0
0.0
0.0
0.0
0.0
0.0
0.0
0.0
0.0
0.0
0.0
0.0
0.0
0.0
0.0
0.0
0.0
0.0
0.0
0.0
0.0
0.0
0.0
0.0
0.0
0.0
0.0
0.0
0.0
0.0
0.0
0.0
0.0
0.0
0.0
0.0
0.0
0.0
0.0
0.0
0.0
0.0
0.0
0.0
0.0
0.0
0.0
0.0
0.0
0.0
0.0
0.0
0.0
0.0
0.0
0.0
0.0
0.0
0.0
0.0
0.0
0.0
0.0
0.0
0.0
0.0
0.0
0.0
0.0
0.0
0.0
0.0
0.0
0.0
0.0
0.0
0.0
0.0
0.0
0.0
0.0
0.0
0.0
0.0
0.0
0.0
0.0
0.0
0.0
0.0
0.0
0.0
0.0
0.0
0.0
0.0
0.0
0.0
0.0
0.0
0.0
0.0
</W>
<b>
-3.46984596037281
</b>
<info>
Training (X) File : /home/vibhatha/data/libsvm/webspam/webspam_isesvm_train_x_bin.192 
Training (Y) File : /home/vibhatha/data/libsvm/webspam/webspam_isesvm_train_y.192.bin 
Testing (X) File : /home/vibhatha/data/libsvm/webspam/webspam_isesvm_test_x_bin.192 
Testing (Y) File : /home/vibhatha/data/libsvm/webspam/webspam_isesvm_test_y.192.bin 
I/O Time : 119
Kernel Matrix Calculation : 0.248 s
</info>
