91.37554585152839
90.61135371179039
89.51965065502183
89.41048034934498
90.06550218340611
90.93886462882097
88.31877729257643
91.26637554585153
77.18340611353712
62.772925764192145
84.17030567685589
94.32314410480349
94.65065502183407
90.06550218340611
92.68558951965066
64.62882096069869
62.99126637554585
80.56768558951966
91.26637554585153
93.88646288209607
90.39301310043668
92.35807860262008
80.34934497816593
61.79039301310044
75.65502183406113
92.79475982532752
93.66812227074236
91.8122270742358
93.01310043668121
92.68558951965066
92.24890829694323
93.23144104803494
95.19650655021834
81.33187772925764
66.15720524017468
92.90393013100436
93.12227074235808
94.75982532751091
94.97816593886463
91.70305676855895
