91.72661870503596
88.48920863309353
89.92805755395683
86.6906474820144
87.76978417266187
88.84892086330936
90.28776978417267
89.568345323741
88.84892086330936
88.48920863309353
90.64748201438849
87.41007194244604
89.568345323741
90.28776978417267
86.6906474820144
87.05035971223022
89.20863309352518
92.08633093525181
90.64748201438849
85.25179856115108
89.20863309352518
89.92805755395683
91.72661870503596
89.568345323741
88.84892086330936
89.20863309352518
88.48920863309353
89.20863309352518
87.41007194244604
91.72661870503596
93.88489208633094
86.6906474820144
88.84892086330936
91.36690647482014
90.64748201438849
89.20863309352518
91.72661870503596
87.05035971223022
88.48920863309353
90.64748201438849
