91.00719424460432
91.72661870503596
88.84892086330936
89.92805755395683
90.64748201438849
87.76978417266187
89.20863309352518
90.28776978417267
89.20863309352518
88.48920863309353
92.08633093525181
87.76978417266187
88.84892086330936
91.36690647482014
88.48920863309353
88.48920863309353
89.20863309352518
90.28776978417267
91.36690647482014
84.53237410071942
91.72661870503596
90.64748201438849
90.64748201438849
87.76978417266187
87.41007194244604
90.28776978417267
89.20863309352518
89.568345323741
87.05035971223022
91.00719424460432
92.08633093525181
87.41007194244604
89.92805755395683
90.28776978417267
89.568345323741
86.6906474820144
92.08633093525181
88.12949640287769
87.05035971223022
89.92805755395683
