<model>
linear
</model>
<W>
0.0
0.0
0.0
0.0
0.0
0.0
0.0
0.0
4.2601788763363405E-19
-0.3039988322478744
0.1287503961519221
0.0
0.0
-0.7674792983903681
0.0
0.0
0.0
0.0
0.0
0.0
0.0
0.0
0.0
0.0
0.0
0.0
3.167559846911929
0.0
0.0
0.0
0.0
0.0
0.9223151271042601
0.6608155954661719
3.6962787848835656
-2.2819639682267168
-0.19301710013246448
2.655761026376915
-1.3305711618758425
-1.8216725642615041
5.061750676724112
5.0050052298616325
-1.9987748948931754
1.11172800938995
-2.369095851463361
1.8209773590216287
7.12162548578799
7.894292873955628
-2.7726249558453726
3.1142508284737764
0.04886844740352984
-5.190819756544811
1.323215490352605
-2.754617106831012
4.104980583718623
0.7842451828291139
-0.5080909128934987
-0.6935031883943196
-5.151539198505915
-4.477395572260908
-0.2198933653150643
-10.642063570958312
0.12284332900411069
-3.748920714775253
0.20628473712453824
1.2756243695444762
4.153753200487725
-1.7241660592079358
-1.45146884900897
0.40281157757285874
-7.419769514076579
0.8636777947581913
-4.2831922024766005
6.422580318158692
-0.5415437754952147
0.46838303653283553
3.917001590626329
0.36043494553533023
0.1460325462140857
1.2530703870196422
-1.6066589370129718
-0.43868815131270456
4.811677485954379
1.4063751234765658
-1.5864300889581675
-3.3413034246990354
-0.8976276953962239
0.5005529789693565
-1.0339165450911658
-4.253397646217117
-2.443911751576588
0.8067269698690843
0.04565168680109877
0.8016480228690844
-0.01609655445468024
9.204001197486983
0.0395315503
5.213649012677392
-0.3235997181769517
-3.647942642973203
-3.320091128285447
0.18493830844886627
6.222865918837453
-4.492197791438719
-2.6794104610659377
9.690637848090896
-0.601403259702322
4.813215359874022
6.394977370088717
-9.955745028054038
6.213496897699769
-4.461153125219291
-3.780431747788268
0.0935363912192475
-1.815611673493356
6.695370694036457
-1.5970887254651174
0.5692707685953428
9.667221135567159
-1.4162787922367246
-4.282522292411084
-2.5222697450612994
-3.3919229810159766
-1.7746911621520025
1.9002168403181567
-1.7746911621520025
0.07583709338773426
0.0
0.0
0.0
0.0
0.0
0.0
0.0
0.0
0.0
0.0
0.0
0.0
0.0
0.0
0.0
0.0
0.0
0.0
0.0
0.0
0.0
0.0
0.0
0.0
0.0
0.0
0.0
0.0
0.0
0.0
0.0
0.0
0.0
0.0
0.0
0.0
0.0
0.0
0.0
0.0
0.0
0.0
0.0
0.0
0.0
0.0
0.0
0.0
0.0
0.0
0.0
0.0
0.0
0.0
0.0
0.0
0.0
0.0
0.0
0.0
0.0
0.0
0.0
0.0
0.0
0.0
0.0
0.0
0.0
0.0
0.0
0.0
0.0
0.0
0.0
0.0
0.0
0.0
0.0
0.0
0.0
0.0
0.0
0.0
0.0
0.0
0.0
0.0
0.0
0.0
0.0
0.0
0.0
0.0
0.0
0.0
0.0
0.0
0.0
0.0
0.0
0.0
0.0
0.0
0.0
0.0
0.0
0.0
0.0
0.0
0.0
0.0
0.0
0.0
0.0
0.0
0.0
0.0
0.0
0.0
0.0
0.0
0.0
0.0
0.0
0.0
0.0
</W>
<b>
-3.870395393673003
</b>
<info>
Training (X) File : /home/vibhatha/data/libsvm/webspam/webspam_isesvm_train_x_bin.92 
Training (Y) File : /home/vibhatha/data/libsvm/webspam/webspam_isesvm_train_y.92.bin 
Testing (X) File : /home/vibhatha/data/libsvm/webspam/webspam_isesvm_test_x_bin.92 
Testing (Y) File : /home/vibhatha/data/libsvm/webspam/webspam_isesvm_test_y.92.bin 
I/O Time : 125
Kernel Matrix Calculation : 0.22 s
</info>
