<model>
linear
</model>
<W>
0.0
0.0
0.0
0.0
0.0
0.0
0.0
0.0
7.186075345888554E-20
-2.0744543838564833
2.2088059047748807
0.0
0.0
-5.213329953821422
0.0
0.0
0.0
0.0
0.0
0.0
0.0
0.0
0.0
0.0
0.0
0.0
1.2854768762988795
0.0
0.0
0.0
0.0
0.0
-0.4119771422005325
-0.09988909814475544
1.7142265664928038
2.9883662910691053
-0.15719950586998027
0.3986100514821335
-0.6599781956874362
-5.855708348954735
2.034357952136377
2.051705594824255
2.066374142489053
4.610683301882923
0.8605673651436698
4.957419870660857
-4.564202093100995
9.90690594266013
-2.112373734221384
0.688799253957922
9.264015742724126
-3.7321954642391737
0.7577245346590236
-3.262772500130468
1.5415627855347598
0.785189774321033
0.6911233028633985
4.850843633009096
4.361050482989803
-0.07026049312431493
-3.245671491812651
-4.3919122128919055
-3.3538384116143884
-2.6050572686941496
1.3020120904620673
6.719129158989455
-0.5365519901843152
-5.134759636730269
2.046690730036161
-6.806317632467629
-5.370323941384458
-1.1783972161032659
-0.16467920099615307
0.4331724326775095
0.5362048353118782
-0.29081668515646447
0.5445941580762428
-4.015533670862898
3.180107404176421
-5.28943313323148
-1.3298098672842094
-0.27369540297333583
-0.9695020619796431
5.93708784114534
-1.639537446171106
-0.812252117006611
0.36469906631111093
1.6933644334223161
1.425224630657159
-2.9400685257746852
-1.026696982663285
1.1759017730535466
-3.186182667264541
1.1777879230535464
0.05671033642593691
5.3807067887037086
-0.07355340253286681
6.668589819931487
-2.9224734081544645
-1.4070977129666082
-3.5875079633405758
-2.2006639022746644
2.2652800590368445
-7.633331688282072
-2.8555258300814637
5.998387669546441
-0.30050018182411553
-2.062382525916457
5.765930318144989
-7.965539246922059
1.947336895995301
-2.4982369731773573
-2.0850977682233225
0.5165261482892483
-5.172723985292677
9.593809809546087
1.4382570260479755
0.5595622163215928
6.323471036036659
-6.453511218878372
0.8872119482511217
-0.8844204254468334
0.2569156794513837
1.2808871270195263
1.7440153506032696
1.2815833912861727
0.12276944599456406
0.0
0.0
0.0
0.0
0.0
0.0
0.0
0.0
0.0
0.0
0.0
0.0
0.0
0.0
0.0
0.0
0.0
0.0
0.0
0.0
0.0
0.0
0.0
0.0
0.0
0.0
0.0
0.0
0.0
0.0
0.0
0.0
0.0
0.0
0.0
0.0
0.0
0.0
0.0
0.0
0.0
0.0
0.0
0.0
0.0
0.0
0.0
0.0
0.0
0.0
0.0
0.0
0.0
0.0
0.0
0.0
0.0
0.0
0.0
0.0
0.0
0.0
0.0
0.0
0.0
0.0
0.0
0.0
0.0
0.0
0.0
0.0
0.0
0.0
0.0
0.0
0.0
0.0
0.0
0.0
0.0
0.0
0.0
0.0
0.0
0.0
0.0
0.0
0.0
0.0
0.0
0.0
0.0
0.0
0.0
0.0
0.0
0.0
0.0
0.0
0.0
0.0
0.0
0.0
0.0
0.0
0.0
0.0
0.0
0.0
0.0
0.0
0.0
0.0
0.0
0.0
0.0
0.0
0.0
0.0
0.0
0.0
0.0
0.0
0.0
0.0
0.0
</W>
<b>
-1.1471780854076208
</b>
<info>
Training (X) File : /home/vibhatha/data/libsvm/webspam/webspam_isesvm_train_x_bin.334 
Training (Y) File : /home/vibhatha/data/libsvm/webspam/webspam_isesvm_train_y.334.bin 
Testing (X) File : /home/vibhatha/data/libsvm/webspam/webspam_isesvm_test_x_bin.334 
Testing (Y) File : /home/vibhatha/data/libsvm/webspam/webspam_isesvm_test_y.334.bin 
I/O Time : 125
Kernel Matrix Calculation : 0.255 s
</info>
