91.00719424460432
90.28776978417267
89.92805755395683
88.12949640287769
88.12949640287769
88.84892086330936
88.84892086330936
88.12949640287769
91.36690647482014
89.20863309352518
89.568345323741
88.84892086330936
88.84892086330936
89.20863309352518
89.92805755395683
87.05035971223022
89.568345323741
87.41007194244604
90.64748201438849
82.73381294964028
90.64748201438849
91.36690647482014
86.6906474820144
89.568345323741
87.41007194244604
88.12949640287769
88.84892086330936
89.92805755395683
85.97122302158273
92.80575539568345
90.64748201438849
89.568345323741
89.568345323741
88.12949640287769
88.12949640287769
87.41007194244604
90.64748201438849
91.00719424460432
88.48920863309353
89.568345323741
