<model>
linear
</model>
<W>
0.0
0.0
0.0
0.0
0.0
0.0
0.0
0.0
0.0
-1.0189136284435127
0.3835644548377387
0.0
0.0
-1.9569009111011053
0.0
0.0
0.0
0.0
0.0
0.0
0.0
0.0
0.0
0.0
0.0
0.0
1.801696311555019
0.0
0.0
0.0
0.0
0.0
0.20823007516649863
0.12714986495672917
2.992410845997875
0.20491433557240646
-0.013408393236443873
-0.6074119201113428
-1.3323054246966015
-0.46385579241853503
1.1530829189712732
1.1562745774889163
0.06129444244506922
0.16387857425118058
-0.036758902511817626
0.814449742951515
-0.2594006547512248
3.2490372382198593
0.4688840900180122
0.015327839440429498
-0.36113337784603694
-0.7014685894213575
-0.2357121699872825
-0.2595568699554731
-0.057866490050858185
0.015195201569836869
0.19382817794295382
0.14711043169797317
0.6874650945035955
0.33950954303633496
-0.13533745720319487
-1.5826705152831604
-0.12507619041353982
-0.31495720257215387
0.026093415594220234
0.38365746402206147
-0.05336397851557916
-0.1493227920153935
-0.31061525520877753
-0.5083216692164926
-0.8709818677529615
-0.1955625065688813
-0.491843350756907
0.15020343133760397
-0.14415634649481285
-0.350332620540139
-0.2657506190234731
-0.31182807361843834
-0.187975695098346
-0.22128594673032118
-0.22966306467429312
-0.2942116357007504
0.18041216537579952
0.39255577463663915
-0.6095494584611236
-0.17225887922943944
0.0368408913155967
0.022151420466632217
-0.0614250116261014
-0.43968282224401434
-0.3056634508188591
0.0634853817344616
0.07130976814593101
0.07598012073446159
0.0017647548
0.11338736383655916
-0.0015740329999999996
0.9311697935567244
0.26319558913065993
0.10706548501640072
-1.190516189178338
0.6750300760360868
0.5493085673539343
-0.4405241971366388
-0.4968881810162014
3.2489690575409216
-0.30367307509492103
-0.43612436076762023
2.269906711697491
-1.852190702799656
2.6200523375077847
-0.03508432710693996
1.3971797986141514
-0.39626849356769406
-1.719262891289757
3.2612959931685417
-0.3133323091236073
-0.10555269143632637
1.6771949599209146
-0.5328571197522096
0.29220954036813607
-0.2562088888088595
0.02864261055321868
0.030979604400123477
0.21666810082909657
0.03070193440012347
-0.016595829
0.0
0.0
0.0
0.0
0.0
0.0
0.0
0.0
0.0
0.0
0.0
0.0
0.0
0.0
0.0
0.0
0.0
0.0
0.0
0.0
0.0
0.0
0.0
0.0
0.0
0.0
0.0
0.0
0.0
0.0
0.0
0.0
0.0
0.0
0.0
0.0
0.0
0.0
0.0
0.0
0.0
0.0
0.0
0.0
0.0
0.0
0.0
0.0
0.0
0.0
0.0
0.0
0.0
0.0
0.0
0.0
0.0
0.0
0.0
0.0
0.0
0.0
0.0
0.0
0.0
0.0
0.0
0.0
0.0
0.0
0.0
0.0
0.0
0.0
0.0
0.0
0.0
0.0
0.0
0.0
0.0
0.0
0.0
0.0
0.0
0.0
0.0
0.0
0.0
0.0
0.0
0.0
0.0
0.0
0.0
0.0
0.0
0.0
0.0
0.0
0.0
0.0
0.0
0.0
0.0
0.0
0.0
0.0
0.0
0.0
0.0
0.0
0.0
0.0
0.0
0.0
0.0
0.0
0.0
0.0
0.0
0.0
0.0
0.0
0.0
0.0
0.0
</W>
<b>
-2.541031156781613
</b>
<info>
Training (X) File : /home/vibhatha/data/libsvm/webspam/webspam_isesvm_train_x_bin.135 
Training (Y) File : /home/vibhatha/data/libsvm/webspam/webspam_isesvm_train_y.135.bin 
Testing (X) File : /home/vibhatha/data/libsvm/webspam/webspam_isesvm_test_x_bin.135 
Testing (Y) File : /home/vibhatha/data/libsvm/webspam/webspam_isesvm_test_y.135.bin 
I/O Time : 114
Kernel Matrix Calculation : 0.209 s
</info>
