<model>
linear
</model>
<W>
0.0
0.0
0.0
0.0
0.0
0.0
0.0
0.0
0.0
0.485062129178476
3.721287221198872
0.0
0.0
-2.7686982124502935
0.0
0.0
0.0
0.0
0.0
0.0
0.0
0.0
0.0
0.0
0.0
0.0
1.359549956302886
0.0
0.0
0.0
0.0
0.0
1.2098924476887554
-0.06243770332724121
1.8526067614160215
2.6850639687174205
-0.03586196408604453
-3.0380929494591937
-3.3784653027569225
0.8395349338182457
3.1193243639498847
3.103585458419404
0.8953002562179896
-0.10849114161471442
-0.6749602990525143
0.28597589456542194
2.0758941447764943
10.481365067765434
0.013354836937257586
4.16580537608131
3.398818561087328
-2.7858236971051555
-2.79620348405101
-0.32899665188698113
5.29450420124826
-1.7114874553417405
3.7888802067036336
2.022482876997695
-1.5598446957631005
0.9826141487878539
-1.8227710253340077
-2.9927076333506957
-1.7272345680911632
-4.446105887740937
0.9420034115924658
0.3127433169099898
0.018005973323256985
-4.285933852208286
-1.4136600183544599
-2.424367632277049
-3.724905364740496
1.9886234582234161
-3.148063521368556
1.060461158361685
1.2644630503132432
-0.45388424874696304
-0.4859991184642996
-5.623936901629696
5.252710021128027
4.652705122323187
-2.0250838722574924
-0.8003590423279787
1.0759187133186205
3.777716181888976
4.721643513309965
-1.4404536089375162
-0.3458340418052797
-1.058240538965451
-0.6085821647458175
-1.4568605310830947
-1.3426798006860334
1.4162681696266988
0.573980648410177
1.4051389188789578
-0.07980808505605957
-2.202039428977666
0.008817218
5.352305301300712
-1.7122308421259338
-5.607416496397452
-2.343387568008498
-3.1190214332708432
3.9091889694214035
-4.476767213482901
-1.2573802928084614
7.279306333500798
-3.170715718511537
-6.375663405178971
1.7790672378885621
-7.551237775442381
6.6184556070509055
-3.0207880605741266
-2.733278148849625
-0.39392981559144313
0.17268980025478697
9.092690947780994
0.7127353786650144
0.4423580945090535
8.231801654925093
-2.148889971527009
0.8546788899932926
0.33195668460000904
0.1405043851916932
-0.10285790956762142
1.7035821474536097
-0.10895080956762149
0.03316978089253969
0.0
0.0
0.0
0.0
0.0
0.0
0.0
0.0
0.0
0.0
0.0
0.0
0.0
0.0
0.0
0.0
0.0
0.0
0.0
0.0
0.0
0.0
0.0
0.0
0.0
0.0
0.0
0.0
0.0
0.0
0.0
0.0
0.0
0.0
0.0
0.0
0.0
0.0
0.0
0.0
0.0
0.0
0.0
0.0
0.0
0.0
0.0
0.0
0.0
0.0
0.0
0.0
0.0
0.0
0.0
0.0
0.0
0.0
0.0
0.0
0.0
0.0
0.0
0.0
0.0
0.0
0.0
0.0
0.0
0.0
0.0
0.0
0.0
0.0
0.0
0.0
0.0
0.0
0.0
0.0
0.0
0.0
0.0
0.0
0.0
0.0
0.0
0.0
0.0
0.0
0.0
0.0
0.0
0.0
0.0
0.0
0.0
0.0
0.0
0.0
0.0
0.0
0.0
0.0
0.0
0.0
0.0
0.0
0.0
0.0
0.0
0.0
0.0
0.0
0.0
0.0
0.0
0.0
0.0
0.0
0.0
0.0
0.0
0.0
0.0
0.0
0.0
</W>
<b>
-4.359279507340471
</b>
<info>
Training (X) File : /home/vibhatha/data/libsvm/webspam/webspam_isesvm_train_x_bin.23 
Training (Y) File : /home/vibhatha/data/libsvm/webspam/webspam_isesvm_train_y.23.bin 
Testing (X) File : /home/vibhatha/data/libsvm/webspam/webspam_isesvm_test_x_bin.23 
Testing (Y) File : /home/vibhatha/data/libsvm/webspam/webspam_isesvm_test_y.23.bin 
I/O Time : 149
Kernel Matrix Calculation : 0.24 s
</info>
