92.44604316546763
91.00719424460432
89.92805755395683
87.41007194244604
87.76978417266187
88.12949640287769
89.20863309352518
91.72661870503596
89.92805755395683
89.568345323741
92.08633093525181
89.20863309352518
89.568345323741
89.20863309352518
89.92805755395683
87.41007194244604
92.44604316546763
88.84892086330936
88.12949640287769
88.12949640287769
92.44604316546763
92.44604316546763
89.92805755395683
89.568345323741
89.92805755395683
89.20863309352518
89.92805755395683
88.12949640287769
89.92805755395683
90.28776978417267
90.64748201438849
87.76978417266187
90.64748201438849
89.568345323741
88.84892086330936
91.72661870503596
91.72661870503596
89.20863309352518
87.76978417266187
90.28776978417267
