90.64748201438849
88.12949640287769
89.92805755395683
89.92805755395683
85.25179856115108
86.6906474820144
87.41007194244604
89.92805755395683
90.28776978417267
87.41007194244604
86.33093525179856
87.76978417266187
86.33093525179856
89.20863309352518
87.41007194244604
88.84892086330936
89.20863309352518
87.76978417266187
89.20863309352518
84.53237410071942
88.48920863309353
91.00719424460432
88.12949640287769
83.81294964028777
87.41007194244604
84.89208633093526
87.05035971223022
84.53237410071942
87.41007194244604
88.84892086330936
90.28776978417267
86.33093525179856
89.20863309352518
89.20863309352518
87.76978417266187
83.45323741007195
90.64748201438849
88.12949640287769
87.41007194244604
86.6906474820144
