<model>
linear
</model>
<W>
0.0
-0.00621426
0.0
0.0
0.0
0.0
0.0
0.0
0.0
-2.1794790024653063
3.457651379616655
0.0
0.0
-4.376968681662576
0.0
0.0
0.0
0.0
0.0
0.0
0.0
0.0
0.0
0.0
0.0
0.0
0.48885776827383154
0.0
0.0
0.0
0.0
0.0
-2.3508207544829136
-1.0013444574865968
4.714139802537488
2.136311460430462
-1.2122377589954114
-0.986410192591982
-4.003040212278163
-2.717500158460265
5.6038610170398035
5.7751631719054695
-1.0271831266453435
3.3494535948060924
-5.538420311077967
6.543607072134337
-2.269725799125498
6.8038316357543644
-2.08720829031279
2.2311259378971293
5.303236942996828
-2.4674963398512104
-3.5036181430277664
-1.9298232136625502
3.8661422217942567
3.534221659827062
4.491072424473024
4.183557746712575
3.729868401456149
-3.5141368324297644
-3.5452887301419462
-9.635010067988496
-3.7169049533721807
-4.390885609380123
0.5438279050109209
7.195097798262582
-0.731394388578922
-11.577229577156901
0.38070669950786074
-3.8647505341330284
-7.3681413587976845
2.273480773669104
-3.4078497871913624
0.4510664002020366
1.2215465162491785
-1.8771020484363783
-2.9663378862390175
-0.33909434681977246
4.3297220334593005
-3.197061025721611
-3.270316076608517
1.0880949056235605
0.12116566314119959
4.453350523036988
-2.089304895137128
-2.2997834827762147
3.798145278045254
2.0236268137355555
1.181466729291782
-4.526071875185462
-2.021468217510227
0.4382598808741021
-0.3805879094486079
0.4214437666669054
0.055782550948498794
3.09192671323507
0.038907828458004376
3.131915497518125
-3.2586969328533018
-3.044903529661697
0.239708305637037
-3.7545944064061363
2.4514435152500202
-7.284120270437759
3.318684923917623
6.899989136620134
1.1038901588675647
-5.988942331373048
3.5032561727390643
-15.792551519288828
6.407351061332228
-1.5500678723330732
-2.8636368434413573
-1.9281928147086311
-2.8309213284468298
8.239169408158391
-1.7067818190034765
-0.6446188100413354
3.307236201812547
-6.0091057455855195
2.4951385707929368
0.8778118502918874
-2.2889028428236156
1.4039207802567328
2.2302221113566567
1.3865656714675558
-0.35555618463948196
0.0
0.0
0.0
0.0
0.0
0.0
0.0
0.0
0.0
0.0
0.0
0.0
0.0
0.0
0.0
0.0
0.0
0.0
0.0
0.0
0.0
0.0
0.0
0.0
0.0
0.0
0.0
0.0
0.0
0.0
0.0
0.0
0.0
0.0
0.0
0.0
0.0
0.0
0.0
0.0
0.0
0.0
0.0
0.0
0.0
0.0
0.0
0.0
0.0
0.0
0.0
0.0
0.0
0.0
0.0
0.0
0.0
0.0
0.0
0.0
0.0
0.0
0.0
0.0
0.0
0.0
0.0
0.0
0.0
0.0
0.0
0.0
0.0
0.0
0.0
0.0
0.0
0.0
0.0
0.0
0.0
0.0
0.0
0.0
0.0
0.0
0.0
0.0
0.0
0.0
0.0
0.0
0.0
0.0
0.0
0.0
0.0
0.0
0.0
0.0
0.0
0.0
0.0
0.0
0.0
0.0
0.0
0.0
0.0
0.0
0.0
0.0
0.0
0.0
0.0
0.0
0.0
0.0
0.0
0.0
0.0
0.0
0.0
0.0
0.0
0.0
0.0
</W>
<b>
1.4086876342650791
</b>
<info>
Training (X) File : /home/vibhatha/data/libsvm/webspam/webspam_isesvm_train_x_bin.355 
Training (Y) File : /home/vibhatha/data/libsvm/webspam/webspam_isesvm_train_y.355.bin 
Testing (X) File : /home/vibhatha/data/libsvm/webspam/webspam_isesvm_test_x_bin.355 
Testing (Y) File : /home/vibhatha/data/libsvm/webspam/webspam_isesvm_test_y.355.bin 
I/O Time : 126
Kernel Matrix Calculation : 0.26 s
</info>
