<model>
linear
</model>
<W>
0.0
0.0
0.0
0.0
0.0
0.0
0.0
0.0
0.0
-0.37440890092777757
-0.8992104146852715
0.0
0.0
-5.519076959316012
0.0
0.0
0.0
0.0
0.0
0.0
0.0
0.0
0.0
0.0
0.0
0.0
3.1210594928804403
0.0
0.0
0.0
0.0
0.0
-0.211568194803764
-1.6664680581676936
4.999790514326346
3.6604170470389743
0.026364511398138796
1.9704364272671153
-7.517372687521939
-7.533099756899971
3.764873982749732
3.842807632965088
-5.273756284175659
-1.0967882385331544
7.280486149852656
6.790116893645463
1.6606257077122106
11.404664794569442
-5.588729656480967
1.4276063448333691
1.411214248014387
0.5573010032178811
-0.14111783007109746
-0.5875694019762953
1.675638514580431
1.8735283638742304
6.715194421646729
2.042163665039488
2.5187157729157965
1.294915886675045
-3.6839328432474012
-7.881426168777168
-3.565979678466932
-3.4197741395097547
1.1716712925198531
1.4790369315736034
0.6768736591164946
-0.6322817853972016
1.0642636928536406
-1.7983031855107157
-5.700689751618265
-0.8664731622152291
-5.533013468267565
5.087224644823407
-0.8121658365118265
-1.7602867470384382
-0.5696899157010615
-1.2954093733079435
3.5998794586598946
0.009580917983756487
-3.3252777142420107
-0.37274959867838625
1.935455724405725
4.874883489612239
0.8382397244291496
-2.894636331789889
-1.223417363153448
0.06561439273440178
-0.28048875776326443
-2.94227559484466
-4.259262468290472
1.9547710457942244
0.15310095761534975
1.9547710457942244
-0.12263051788215351
0.4877660387814795
0.0695770879497262
4.077438743294097
1.9766952834187808
-1.5168498640268737
-0.5673968874646285
-1.3801107245437496
2.1594999433431115
-9.867822886912721
2.8422244742626277
8.57586846654991
1.6833531613920694
-7.682539175157455
4.9514367727753426
-6.35712354006877
7.661151514511985
0.7484490732166176
-1.5932145824959374
1.3968002824595058
-6.498930149392043
10.769734066400105
-5.40411884865976
-3.4731650139151764
4.935551262404745
-2.029556707130035
-2.379770790626633
2.113141551645966
0.021631716943088297
-1.0734618393261508
1.26298841855245
-1.0827415882909663
-0.5263100682120782
0.0
0.0
0.0
0.0
0.0
0.0
0.0
0.0
0.0
0.0
0.0
0.0
0.0
0.0
0.0
0.0
0.0
0.0
0.0
0.0
0.0
0.0
0.0
0.0
0.0
0.0
0.0
0.0
0.0
0.0
0.0
0.0
0.0
0.0
0.0
0.0
0.0
0.0
0.0
0.0
0.0
0.0
0.0
0.0
0.0
0.0
0.0
0.0
0.0
0.0
0.0
0.0
0.0
0.0
0.0
0.0
0.0
0.0
0.0
0.0
0.0
0.0
0.0
0.0
0.0
0.0
0.0
0.0
0.0
0.0
0.0
0.0
0.0
0.0
0.0
0.0
0.0
0.0
0.0
0.0
0.0
0.0
0.0
0.0
0.0
0.0
0.0
0.0
0.0
0.0
0.0
0.0
0.0
0.0
0.0
0.0
0.0
0.0
0.0
0.0
0.0
0.0
0.0
0.0
0.0
0.0
0.0
0.0
0.0
0.0
0.0
0.0
0.0
0.0
0.0
0.0
0.0
0.0
0.0
0.0
0.0
0.0
0.0
0.0
0.0
0.0
0.0
</W>
<b>
-2.5140413502133754
</b>
<info>
Training (X) File : /home/vibhatha/data/libsvm/webspam/webspam_isesvm_train_x_bin.304 
Training (Y) File : /home/vibhatha/data/libsvm/webspam/webspam_isesvm_train_y.304.bin 
Testing (X) File : /home/vibhatha/data/libsvm/webspam/webspam_isesvm_test_x_bin.304 
Testing (Y) File : /home/vibhatha/data/libsvm/webspam/webspam_isesvm_test_y.304.bin 
I/O Time : 124
Kernel Matrix Calculation : 0.272 s
</info>
