<model>
linear
</model>
<W>
0.0
0.0
0.0
0.0
0.0
0.0
0.0
0.0
0.0
-0.4684613111812958
2.7088293900218425
0.0
0.0
-3.8810010760020055
0.0
0.0
0.0
0.0
0.0
0.0
0.0
0.0
0.0
0.0
0.0
0.0
4.415858653199017
0.0
0.0
0.0
0.0
0.0
1.2310356915296392
0.14277032970574735
6.787455937737329
2.46166807150398
-0.3629280530327502
0.8480487010121149
-1.881353266847157
-1.7137972969300543
2.7097705848310545
2.7942959550496704
-1.7989600862693294
0.31721269276887804
1.8624806349985068
2.7651450726837137
1.8700819765879424
12.160672004840382
-4.920828607518236
3.807083266275663
2.3903240277485986
1.5643913152959765
1.6629279798341523
-0.37508564694621516
4.122892908502288
0.8700581746186391
4.360401810032323
-1.8072410875271148
-0.3292616743612522
3.0392498150274307
-2.257707594366164
-3.689577253753851
-2.2606666290654207
-1.0464541936742833
0.21312283030112666
2.075073081906184
0.008817528708485844
-2.8868035698199153
-0.25461305806964385
-4.542301096591787
-4.634911896839616
2.2068333203573203
0.8439030972794285
2.706256295477441
-0.12094124834866156
-0.6292007070341308
-0.632112882165201
-3.2034368816334706
1.7905128011357094
-0.808904664210423
-0.8438619736869677
-1.590860864262127
2.047129102801744
2.2401706212286276
-1.0307065975077578
-3.6280445873112845
-1.2241762207241507
-0.09186495543656949
-1.0498817240670553
-3.035818359342331
-1.953288864654077
1.0474498751132775
0.6306183527143645
1.0474498751132775
0.04405211701659562
-2.3753494416042047
-2.6345804982064178E-18
2.668490423984643
3.444735622660838
-2.3855256177918744
-2.5428247219657445
-2.977216093172996
2.029867320223621
-6.470784431328431
-1.2452541801901265
1.4083787132588235
-0.37662411988596844
-0.8792241131190719
2.393594940790964
-5.274397540137285
6.205935501682165
-0.17699669670737528
1.2354335028682482
-1.595202878243307
-3.207102003909683
9.999958816149828
-0.37410555884251284
2.096409387081408
7.265478340687601
-4.650472560807499
1.196562650066639
0.1075045192260094
-0.36533878615951904
0.6505634733285846
0.39904193300138874
0.6532861233285845
-0.21175510433944814
0.0
0.0
0.0
0.0
0.0
0.0
0.0
0.0
0.0
0.0
0.0
0.0
0.0
0.0
0.0
0.0
0.0
0.0
0.0
0.0
0.0
0.0
0.0
0.0
0.0
0.0
0.0
0.0
0.0
0.0
0.0
0.0
0.0
0.0
0.0
0.0
0.0
0.0
0.0
0.0
0.0
0.0
0.0
0.0
0.0
0.0
0.0
0.0
0.0
0.0
0.0
0.0
0.0
0.0
0.0
0.0
0.0
0.0
0.0
0.0
0.0
0.0
0.0
0.0
0.0
0.0
0.0
0.0
0.0
0.0
0.0
0.0
0.0
0.0
0.0
0.0
0.0
0.0
0.0
0.0
0.0
0.0
0.0
0.0
0.0
0.0
0.0
0.0
0.0
0.0
0.0
0.0
0.0
0.0
0.0
0.0
0.0
0.0
0.0
0.0
0.0
0.0
0.0
0.0
0.0
0.0
0.0
0.0
0.0
0.0
0.0
0.0
0.0
0.0
0.0
0.0
0.0
0.0
0.0
0.0
0.0
0.0
0.0
0.0
0.0
0.0
0.0
</W>
<b>
-4.3161527887823095
</b>
<info>
Training (X) File : /home/vibhatha/data/libsvm/webspam/webspam_isesvm_train_x_bin.107 
Training (Y) File : /home/vibhatha/data/libsvm/webspam/webspam_isesvm_train_y.107.bin 
Testing (X) File : /home/vibhatha/data/libsvm/webspam/webspam_isesvm_test_x_bin.107 
Testing (Y) File : /home/vibhatha/data/libsvm/webspam/webspam_isesvm_test_y.107.bin 
I/O Time : 107
Kernel Matrix Calculation : 0.211 s
</info>
