89.568345323741
93.88489208633094
88.84892086330936
88.48920863309353
89.20863309352518
88.84892086330936
92.08633093525181
89.92805755395683
88.48920863309353
87.05035971223022
92.08633093525181
90.28776978417267
88.84892086330936
91.00719424460432
89.568345323741
88.12949640287769
89.92805755395683
89.20863309352518
88.84892086330936
87.41007194244604
88.48920863309353
91.72661870503596
91.36690647482014
89.20863309352518
89.568345323741
89.20863309352518
90.28776978417267
89.92805755395683
88.12949640287769
91.72661870503596
92.80575539568345
89.20863309352518
90.28776978417267
88.84892086330936
89.92805755395683
89.568345323741
92.08633093525181
87.05035971223022
89.92805755395683
90.64748201438849
