90.64748201438849
91.00719424460432
88.12949640287769
87.76978417266187
89.20863309352518
89.568345323741
88.84892086330936
91.00719424460432
88.84892086330936
85.97122302158273
92.44604316546763
90.64748201438849
88.12949640287769
89.568345323741
87.76978417266187
90.28776978417267
91.72661870503596
88.48920863309353
89.20863309352518
84.17266187050359
88.84892086330936
91.00719424460432
91.36690647482014
91.36690647482014
89.568345323741
91.72661870503596
89.568345323741
87.76978417266187
87.76978417266187
91.72661870503596
90.28776978417267
88.12949640287769
88.84892086330936
90.64748201438849
90.64748201438849
89.568345323741
92.44604316546763
92.08633093525181
88.84892086330936
90.28776978417267
