<model>
gaussian
</model>
<W>
0.0
0.0
0.0
0.0
0.0
0.0
0.0
0.0
4.304858691739355E-10
0.004904648279387747
0.006880935975888014
0.0
0.0
0.0022449461607098042
0.0
0.0
0.0
0.0
0.0
0.0
0.0
0.0
0.0
0.0
0.0
0.0
-0.009377342975554814
0.0
0.0
0.0
0.0
0.0
0.05654895511611757
2.4066281150370017E-5
-0.010558688470104438
-1.616872237208966E-7
1.6729417362526533E-7
6.637008096630481E-4
7.568562185041872E-4
0.00135717893811238
-3.7479401815843083E-4
-3.747940440346209E-4
-1.2095374898990485E-5
-2.719833682718331E-7
5.181939970206884E-4
-3.548866753373403E-4
0.0019555233530825777
-0.010097243768334097
-0.009858140157621098
1.4725212799115983E-4
9.20960600336862E-4
1.4414118252703556E-4
4.3663797738158205E-4
-1.2999744220132392E-4
-1.988785868467513E-4
1.539779113922668E-4
7.036246124236811E-5
3.0322563693174764E-5
-5.633169555474549E-5
-5.1837803104914926E-5
0.001983448321306036
0.001587753239751133
0.0019785709738099344
1.1363045256818083E-4
-1.5890931768236527E-6
0.0011768885609919622
3.1517077603226973E-4
4.505127936390574E-4
0.0023745137190211985
0.0038334664445710542
7.352947697796264E-4
8.71795802813713E-5
0.002246653687217881
5.058467379884801E-4
8.115148784537674E-5
9.119507882271449E-5
0.0010181961873945156
0.0010421173683413665
5.769741482776203E-4
4.035409308887905E-4
6.237463586596936E-4
7.544199025844023E-5
3.054915649148837E-4
2.389719592933437E-4
0.0045762333180431325
2.401166847895153E-4
1.2985782881680397E-4
1.339191038662868E-4
5.274435153568291E-5
3.559471327730934E-4
8.391377712024806E-5
-1.1375876716179789E-5
4.4468655006912883E-4
-1.1375876716179789E-5
2.33955610267067E-5
1.1543654651235968E-4
1.9723808897254003E-6
-0.014289693783917534
-7.479496372478911E-4
-8.447981903063617E-4
0.0018734917814672292
-0.006368397037902707
-8.523518398152463E-4
-4.921789333577342E-4
0.0019416108013760036
-0.018322050562461056
1.6375438306770462E-4
-1.4932108178067338E-4
-0.007948508575755686
0.0014228017859838626
-0.006891501592034555
8.385133240523812E-4
-1.855732040133562E-4
7.78232207806484E-5
4.568702845342276E-5
-0.0145498925052574
-0.0016867546312906434
6.815738580477904E-4
-8.081789203067125E-4
0.001614878781372786
6.069568467795827E-4
2.599772225327923E-4
2.0410075318633147E-4
-7.82399602305972E-6
-1.1101008436487092E-5
-7.842275486336092E-6
3.345848230029702E-6
0.0
0.0
0.0
0.0
0.0
0.0
0.0
0.0
0.0
0.0
0.0
0.0
0.0
0.0
0.0
0.0
0.0
0.0
0.0
0.0
0.0
0.0
0.0
0.0
0.0
0.0
0.0
0.0
0.0
0.0
0.0
0.0
0.0
0.0
0.0
0.0
0.0
0.0
0.0
0.0
0.0
0.0
0.0
0.0
0.0
0.0
0.0
0.0
0.0
0.0
0.0
0.0
0.0
0.0
0.0
0.0
0.0
0.0
0.0
0.0
0.0
0.0
0.0
0.0
0.0
0.0
0.0
0.0
0.0
0.0
0.0
0.0
0.0
0.0
0.0
0.0
0.0
0.0
0.0
0.0
0.0
0.0
0.0
0.0
0.0
0.0
0.0
0.0
0.0
0.0
0.0
0.0
0.0
0.0
0.0
0.0
0.0
0.0
0.0
0.0
0.0
0.0
0.0
0.0
0.0
0.0
0.0
0.0
0.0
0.0
0.0
0.0
0.0
0.0
0.0
0.0
0.0
0.0
0.0
0.0
0.0
0.0
0.0
0.0
0.0
0.0
0.0
</W>
<b>
1.0001265076155903
</b>
<info>
Training (X) File : /home/vibhatha/data/libsvm/webspam/webspam_isesvm_train_x_bin.146 
Training (Y) File : /home/vibhatha/data/libsvm/webspam/webspam_isesvm_train_y.146.bin 
Testing (X) File : /home/vibhatha/data/libsvm/webspam/webspam_isesvm_test_x_bin.146 
Testing (Y) File : /home/vibhatha/data/libsvm/webspam/webspam_isesvm_test_y.146.bin 
I/O Time : 200
Kernel Matrix Calculation : 0.0 s
</info>
