<model>
gaussian
</model>
<W>
-1.7763568394002505E-15
-1.7763568394002505E-15
-1.7763568394002505E-15
-1.7763568394002505E-15
-1.7763568394002505E-15
-1.7763568394002505E-15
-1.7763568394002505E-15
-1.7763568394002505E-15
-1.7763568394002505E-15
0.7753546420675634
0.1778903327888115
-1.7763568394002505E-15
-1.7763568394002505E-15
0.18668344966197536
-1.7763568394002505E-15
-1.7763568394002505E-15
-1.7763568394002505E-15
-1.7763568394002505E-15
-1.7763568394002505E-15
-1.7763568394002505E-15
-1.7763568394002505E-15
-1.7763568394002505E-15
-1.7763568394002505E-15
-1.7763568394002505E-15
-1.7763568394002505E-15
-1.7763568394002505E-15
-0.45390546533711695
-1.7763568394002505E-15
-1.7763568394002505E-15
-1.7763568394002505E-15
-1.7763568394002505E-15
-1.7763568394002505E-15
4.535039298576307
0.005609447087698283
-0.8511185626123735
-0.0013960499481427968
5.2373814813932995E-5
0.0887074865611941
0.026782457934547366
0.02964856821400108
-0.04687268144310652
-0.04688623541453618
8.158238954319996E-4
-7.303899487213217E-4
0.01106343954776956
0.017919597172912027
0.13643083930254718
-0.8134508822952177
-0.724312258546739
-0.052145615426718694
0.14840779193626263
0.005885726542049885
0.01568356483523914
-0.01066060136660274
-0.010353713618152183
0.005847952761855346
-0.0021061133838782276
-0.008659841904553933
-0.014198239700240145
-0.00484280061558684
0.24516716597924781
-0.11369500144236688
0.24205050046926224
0.0041430295116337
5.085956239712086E-4
0.0814604396229347
0.0656632879898632
0.04766485533436382
0.25668128215094377
0.4596542981763594
0.13158226527233519
0.006465346272809591
0.3545094537351423
0.04705974867013063
0.003056846201061947
0.01034597085328004
0.14805846257127409
0.11020329486967873
0.02921995733100602
0.052473935272358
0.07635963610338958
0.010881363540210742
-0.012307604947824236
0.019689282243270045
0.4325996330834647
0.02163359912477336
0.0016285534465947382
-0.006715646327394853
0.006707533124852727
0.05656825368727325
0.02304090977124784
-6.720365411573281E-4
9.115889280042477E-4
-7.014428046651089E-4
1.1853724767973972E-5
-0.016120970694601833
2.661381266477747E-7
-1.5582452511718778
-0.11500422317431924
-0.11818390658831823
0.16287020950003372
-1.2381399611783261
-0.028502957625070602
0.13943519081581246
0.2502086544267892
-1.9288995707140868
0.03431318987969256
-0.002240046405191376
-0.7732767493441028
0.2279932169952601
-0.810870839850487
0.02159622439518183
-0.04374083825964281
0.005632970268813597
-0.22190075668552267
-1.553144745356763
-0.14723283940662601
0.07393737479179874
-0.12769930732075763
0.14506388495938083
0.0012956353088564576
-0.012332120991416118
0.006871935227097281
0.001140355849118535
-0.0014757098685015402
0.0011400407716042338
-4.3555734876576935E-6
-1.7763568394002505E-15
-1.7763568394002505E-15
-1.7763568394002505E-15
-1.7763568394002505E-15
-1.7763568394002505E-15
-1.7763568394002505E-15
-1.7763568394002505E-15
-1.7763568394002505E-15
-1.7763568394002505E-15
-1.7763568394002505E-15
-1.7763568394002505E-15
-1.7763568394002505E-15
-1.7763568394002505E-15
-1.7763568394002505E-15
-1.7763568394002505E-15
-1.7763568394002505E-15
-1.7763568394002505E-15
-1.7763568394002505E-15
-1.7763568394002505E-15
-1.7763568394002505E-15
-1.7763568394002505E-15
-1.7763568394002505E-15
-1.7763568394002505E-15
-1.7763568394002505E-15
-1.7763568394002505E-15
-1.7763568394002505E-15
-1.7763568394002505E-15
-1.7763568394002505E-15
-1.7763568394002505E-15
-1.7763568394002505E-15
-1.7763568394002505E-15
-1.7763568394002505E-15
-1.7763568394002505E-15
-1.7763568394002505E-15
-1.7763568394002505E-15
-1.7763568394002505E-15
-1.7763568394002505E-15
-1.7763568394002505E-15
-1.7763568394002505E-15
-1.7763568394002505E-15
-1.7763568394002505E-15
-1.7763568394002505E-15
-1.7763568394002505E-15
-1.7763568394002505E-15
-1.7763568394002505E-15
-1.7763568394002505E-15
-1.7763568394002505E-15
-1.7763568394002505E-15
-1.7763568394002505E-15
-1.7763568394002505E-15
-1.7763568394002505E-15
-1.7763568394002505E-15
-1.7763568394002505E-15
-1.7763568394002505E-15
-1.7763568394002505E-15
-1.7763568394002505E-15
-1.7763568394002505E-15
-1.7763568394002505E-15
-1.7763568394002505E-15
-1.7763568394002505E-15
-1.7763568394002505E-15
-1.7763568394002505E-15
-1.7763568394002505E-15
-1.7763568394002505E-15
-1.7763568394002505E-15
-1.7763568394002505E-15
-1.7763568394002505E-15
-1.7763568394002505E-15
-1.7763568394002505E-15
-1.7763568394002505E-15
-1.7763568394002505E-15
-1.7763568394002505E-15
-1.7763568394002505E-15
-1.7763568394002505E-15
-1.7763568394002505E-15
-1.7763568394002505E-15
-1.7763568394002505E-15
-1.7763568394002505E-15
-1.7763568394002505E-15
-1.7763568394002505E-15
-1.7763568394002505E-15
-1.7763568394002505E-15
-1.7763568394002505E-15
-1.7763568394002505E-15
-1.7763568394002505E-15
-1.7763568394002505E-15
-1.7763568394002505E-15
-1.7763568394002505E-15
-1.7763568394002505E-15
-1.7763568394002505E-15
-1.7763568394002505E-15
-1.7763568394002505E-15
-1.7763568394002505E-15
-1.7763568394002505E-15
-1.7763568394002505E-15
-1.7763568394002505E-15
-1.7763568394002505E-15
-1.7763568394002505E-15
-1.7763568394002505E-15
-1.7763568394002505E-15
-1.7763568394002505E-15
-1.7763568394002505E-15
-1.7763568394002505E-15
-1.7763568394002505E-15
-1.7763568394002505E-15
-1.7763568394002505E-15
-1.7763568394002505E-15
-1.7763568394002505E-15
-1.7763568394002505E-15
-1.7763568394002505E-15
-1.7763568394002505E-15
-1.7763568394002505E-15
-1.7763568394002505E-15
-1.7763568394002505E-15
-1.7763568394002505E-15
-1.7763568394002505E-15
-1.7763568394002505E-15
-1.7763568394002505E-15
-1.7763568394002505E-15
-1.7763568394002505E-15
-1.7763568394002505E-15
-1.7763568394002505E-15
-1.7763568394002505E-15
-1.7763568394002505E-15
-1.7763568394002505E-15
-1.7763568394002505E-15
-1.7763568394002505E-15
</W>
<b>
2.662477539967199
</b>
<info>
Training (X) File : /home/vibhatha/data/libsvm/webspam/webspam_isesvm_train_x_bin.29 
Training (Y) File : /home/vibhatha/data/libsvm/webspam/webspam_isesvm_train_y.29.bin 
Testing (X) File : /home/vibhatha/data/libsvm/webspam/webspam_isesvm_test_x_bin.29 
Testing (Y) File : /home/vibhatha/data/libsvm/webspam/webspam_isesvm_test_y.29.bin 
I/O Time : 143
Kernel Matrix Calculation : 0.0 s
</info>
