90.64748201438849
90.64748201438849
89.92805755395683
87.05035971223022
88.12949640287769
89.92805755395683
89.20863309352518
87.05035971223022
92.80575539568345
88.48920863309353
92.08633093525181
88.48920863309353
88.12949640287769
88.12949640287769
89.20863309352518
88.84892086330936
89.92805755395683
91.72661870503596
90.64748201438849
84.89208633093526
91.36690647482014
91.36690647482014
88.84892086330936
89.20863309352518
88.48920863309353
89.92805755395683
87.41007194244604
89.568345323741
87.41007194244604
91.36690647482014
91.00719424460432
88.84892086330936
89.92805755395683
89.92805755395683
89.20863309352518
88.12949640287769
91.36690647482014
88.48920863309353
87.76978417266187
91.00719424460432
