91.36690647482014
92.44604316546763
90.28776978417267
88.12949640287769
88.84892086330936
88.84892086330936
89.568345323741
91.00719424460432
91.00719424460432
87.76978417266187
90.28776978417267
91.36690647482014
89.20863309352518
89.92805755395683
91.72661870503596
89.568345323741
90.28776978417267
88.84892086330936
89.92805755395683
87.41007194244604
92.44604316546763
92.08633093525181
91.00719424460432
87.41007194244604
89.92805755395683
91.72661870503596
88.84892086330936
91.36690647482014
89.20863309352518
92.08633093525181
92.80575539568345
89.568345323741
90.64748201438849
91.00719424460432
89.568345323741
90.64748201438849
91.36690647482014
91.00719424460432
91.00719424460432
92.80575539568345
