<model>
linear
</model>
<W>
0.0
0.0
0.0
0.0
0.0
0.0
0.0
0.0
0.0
-0.23239277250374527
-0.0589408977861989
0.0
0.0
-1.2676680920055923
0.0
0.0
0.0
0.0
0.0
0.0
0.0
0.0
0.0
0.0
0.0
0.0
1.3714739731306547
0.0
0.0
0.0
0.0
0.0
0.2985175755396639
-0.01802037663188852
1.0785761969578482
0.1157141249806338
0.020221153913516976
-0.6155286274747651
-0.8690313893773352
-0.7554680769647372
0.632789825743597
0.6425039344664594
0.035938405162480515
0.06019541209364104
0.2809777465490716
0.9356832568962106
-0.7225724360260817
3.640411542144358
0.23805233794019073
0.294371727359172
0.12145137896670086
-0.16959292441571758
-0.22371785633735036
-0.2571763313302381
0.5685509384922015
0.22042016742129653
0.20197049566007827
0.20601393815699742
0.8009872799385811
0.24674615850360487
0.5646000699380385
-2.245249746024921
0.6080269436651504
-0.33477014229061147
0.07221200330703907
-0.18700385241597203
-0.1690557427204576
-0.8323735768481498
-0.2716952636116991
-1.2775061828499459
-0.9773651122848817
-0.11588299206948978
-0.7451507486799919
0.08054359414715594
-0.11094939409087291
-0.33302973663353796
-0.15857942786611567
-0.7477712980624387
-0.3906995896955661
-0.3594749141066719
-0.24216831160902735
-0.1749965111775017
-0.037483453682491265
0.44070207642157666
-1.117433198917654
-0.2272759172205708
0.09505736302849585
-0.12208165306664016
-0.15785975334534236
-0.49551939700519354
-0.20709063777895076
0.09304504318751661
0.0066356183690381605
0.1064899531875166
-0.015400754379541175
-0.257359651362185
-0.0393442893
1.7595199927257272
0.1408957817194996
-0.39876764375656865
-1.130745548610615
1.0727332533279375
0.1446512885784534
-0.8649953264244509
-0.31117576409458975
2.9598779021501427
-0.4703405833425122
-0.22181542098779744
2.6164325043881824
-2.019284545244713
1.5964686582926775
-1.0282733459622548
0.29449606682647333
-0.023940067937319648
-1.4076508817700695
3.7299099690904516
0.8716648814443735
-0.4845139176995705
1.5668927023787562
-0.2286529876708765
0.483502019096886
0.032852680051973386
-0.05574474261864061
-0.0687316791850963
0.1303054041842681
-0.0687316791850963
-0.0111953411
0.0
0.0
0.0
0.0
0.0
0.0
0.0
0.0
0.0
0.0
0.0
0.0
0.0
0.0
0.0
0.0
0.0
0.0
0.0
0.0
0.0
0.0
0.0
0.0
0.0
0.0
0.0
0.0
0.0
0.0
0.0
0.0
0.0
0.0
0.0
0.0
0.0
0.0
0.0
0.0
0.0
0.0
0.0
0.0
0.0
0.0
0.0
0.0
0.0
0.0
0.0
0.0
0.0
0.0
0.0
0.0
0.0
0.0
0.0
0.0
0.0
0.0
0.0
0.0
0.0
0.0
0.0
0.0
0.0
0.0
0.0
0.0
0.0
0.0
0.0
0.0
0.0
0.0
0.0
0.0
0.0
0.0
0.0
0.0
0.0
0.0
0.0
0.0
0.0
0.0
0.0
0.0
0.0
0.0
0.0
0.0
0.0
0.0
0.0
0.0
0.0
0.0
0.0
0.0
0.0
0.0
0.0
0.0
0.0
0.0
0.0
0.0
0.0
0.0
0.0
0.0
0.0
0.0
0.0
0.0
0.0
0.0
0.0
0.0
0.0
0.0
0.0
</W>
<b>
-2.4954417406715232
</b>
<info>
Training (X) File : /home/vibhatha/data/libsvm/webspam/webspam_isesvm_train_x_bin.103 
Training (Y) File : /home/vibhatha/data/libsvm/webspam/webspam_isesvm_train_y.103.bin 
Testing (X) File : /home/vibhatha/data/libsvm/webspam/webspam_isesvm_test_x_bin.103 
Testing (Y) File : /home/vibhatha/data/libsvm/webspam/webspam_isesvm_test_y.103.bin 
I/O Time : 107
Kernel Matrix Calculation : 0.213 s
</info>
