89.92805755395683
88.84892086330936
87.05035971223022
87.05035971223022
85.25179856115108
88.12949640287769
88.84892086330936
89.20863309352518
88.12949640287769
88.12949640287769
90.28776978417267
88.12949640287769
86.33093525179856
87.41007194244604
88.12949640287769
85.61151079136691
85.97122302158273
87.05035971223022
91.00719424460432
82.01438848920863
89.20863309352518
91.36690647482014
88.48920863309353
85.97122302158273
86.33093525179856
87.76978417266187
85.97122302158273
87.05035971223022
85.97122302158273
88.84892086330936
92.44604316546763
88.12949640287769
88.12949640287769
88.48920863309353
86.6906474820144
86.6906474820144
92.44604316546763
89.20863309352518
88.48920863309353
89.20863309352518
