92.08633093525181
91.00719424460432
89.92805755395683
85.61151079136691
88.12949640287769
90.28776978417267
89.92805755395683
89.92805755395683
89.568345323741
87.41007194244604
91.72661870503596
88.48920863309353
88.84892086330936
89.20863309352518
88.48920863309353
88.84892086330936
91.36690647482014
88.12949640287769
89.92805755395683
84.17266187050359
90.28776978417267
92.44604316546763
91.00719424460432
89.92805755395683
88.84892086330936
89.92805755395683
87.76978417266187
88.48920863309353
86.6906474820144
94.24460431654677
91.36690647482014
90.28776978417267
89.92805755395683
88.84892086330936
89.92805755395683
88.84892086330936
89.92805755395683
91.36690647482014
88.12949640287769
89.20863309352518
