<model>
linear
</model>
<W>
0.0
0.0
0.0
0.0
0.0
0.0
0.0
0.0
0.0
-2.510469039074138
5.0689433984202035
0.0
0.0
-4.537704469154364
0.0
0.0
0.0
0.0
0.0
0.0
0.0
0.0
0.0
0.0
0.0
0.0
-0.012570680662609884
0.0
0.0
0.0
0.0
0.0
-2.2072968993874778
-0.18242211668578667
0.3784560851504182
5.779938411060455
-0.33148378938783085
-3.8721648043338286
1.276630227039629
-4.474999096319156
6.21915716291432
6.227514483249625
0.3040281844304745
3.55217615215877
-3.916317166021764
6.305169213492607
-1.287245646973773
11.405013654021264
-1.53670285933463
5.504385932774121
0.3007757754249616
0.5105731340473192
-1.3623296242158216
-3.4534322237544126
6.676206584288342
0.16486430779926095
2.369137847570353
4.645721030977857
-7.369580983955426
-6.486110498203929
-6.2277850199812725
-6.293607838288117
-6.304786663720542
-3.0914121596437147
0.21022797418820333
6.705058196619073
-0.7046594679456611
-6.163397501908753
4.906190132199713
-6.938005144612626
-1.0191245913312994
0.8170988589076404
-0.8094820044106512
8.18058647341571
2.6028883034052015
-3.2648335034364857
-3.398825783513919
-6.5658288986576805
-4.849608725434005
0.19005796465661204
-8.349373363174449
1.7058355826888594
1.762946902905336
-0.018452514436299083
-3.3907136460813545
-1.0481397037927822
-2.5426791717507786
0.15247122851316258
-0.7792007090261233
-3.5864454153349574
-3.4352817289233784
-4.326154353352509
-2.272755900538487
-4.3203684465327905
-0.02040276536063028
3.896568981128506
-0.034668587260766326
2.372634700618354
-3.320352161223403
0.8067255665665658
1.0304516092502416
-4.510839328745432
6.907339311576405
-5.444415534674642
-0.3299834554631689
-0.2080555091151712
-1.7035310970842596
-0.9691081126500104
4.358687508443518
-6.401241292790945
8.526901982827898
-8.538728900491845
0.9909056423069886
-2.3862189303081602
-5.2855565201735475
11.664530071199513
1.514558526684695
-2.152663063659812
6.615986622901136
-5.646986047315565
0.10534728672374083
4.088433011036435
-0.293074986937699
-0.34650471823308043
0.1782858234512592
-0.34537239863636277
-0.26813167309265906
0.0
0.0
0.0
0.0
0.0
0.0
0.0
0.0
0.0
0.0
0.0
0.0
0.0
0.0
0.0
0.0
0.0
0.0
0.0
0.0
0.0
0.0
0.0
0.0
0.0
0.0
0.0
0.0
0.0
0.0
0.0
0.0
0.0
0.0
0.0
0.0
0.0
0.0
0.0
0.0
0.0
0.0
0.0
0.0
0.0
0.0
0.0
0.0
0.0
0.0
0.0
0.0
0.0
0.0
0.0
0.0
0.0
0.0
0.0
0.0
0.0
0.0
0.0
0.0
0.0
0.0
0.0
0.0
0.0
0.0
0.0
0.0
0.0
0.0
0.0
0.0
0.0
0.0
0.0
0.0
0.0
0.0
0.0
0.0
0.0
0.0
0.0
0.0
0.0
0.0
0.0
0.0
0.0
0.0
0.0
0.0
0.0
0.0
0.0
0.0
0.0
0.0
0.0
0.0
0.0
0.0
0.0
0.0
0.0
0.0
0.0
0.0
0.0
0.0
0.0
0.0
0.0
0.0
0.0
0.0
0.0
0.0
0.0
0.0
0.0
0.0
0.0
</W>
<b>
1.2969805281134725
</b>
<info>
Training (X) File : /home/vibhatha/data/libsvm/webspam/webspam_isesvm_train_x_bin.376 
Training (Y) File : /home/vibhatha/data/libsvm/webspam/webspam_isesvm_train_y.376.bin 
Testing (X) File : /home/vibhatha/data/libsvm/webspam/webspam_isesvm_test_x_bin.376 
Testing (Y) File : /home/vibhatha/data/libsvm/webspam/webspam_isesvm_test_y.376.bin 
I/O Time : 145
Kernel Matrix Calculation : 0.266 s
</info>
