<model>
linear
</model>
<W>
0.0
0.0
0.0
0.0
0.0
0.0
0.0
0.0
0.0
-0.7846783648176391
-0.5130014208260132
0.0
0.0
-1.4214638019111026
0.0
0.0
0.0
0.0
0.0
0.0
0.0
0.0
0.0
0.0
0.0
0.0
1.8424994083913953
0.0
0.0
0.0
0.0
0.0
0.2067942487213461
0.025548260049543543
2.5292821154279537
-0.040755464713502956
-0.025004147114759196
-0.4844174413153188
-0.819129914223661
-0.18752392582109337
0.9859077779018062
0.9850254179018063
-0.25772904420346676
0.09845380671827687
-0.18422822239366216
1.365721408439461
0.22727172601008258
3.980698239063598
0.592723387340598
0.30829139501793856
-0.2186206406222163
-0.3267718388371523
0.03583102054320675
-0.22004898026146186
0.3129877723314147
0.275270486672245
0.2789427247275528
0.16407171563804268
0.7963703833056526
0.5564737814292009
0.26243053265132865
-0.86974992933317
0.2831611768500746
-0.26454809968894
0.07736948344156347
0.4626575461657731
-0.18690569476766647
-0.37581393338311536
-0.3135942853139464
-0.6892369735436045
-0.8630492322221889
0.044939936874721295
-0.9045533451098493
0.1419890255731969
-0.008660229295683906
-0.1780562919408535
0.049450002479491495
-0.2470775062211308
-0.0750763443148647
-0.2110148558010157
-0.15933785219318425
-0.2004052433841813
0.14762001097121066
0.9425572492515888
-1.000674532968611
-0.021055921052257325
0.07068507396084821
0.09753879798428794
-0.10555975613088768
-0.40451760442274115
-0.09942462152569628
0.1530054488041586
0.0921880812348257
0.15864221780415858
0.006533595
0.6192139344248807
3.36045020098257E-4
1.5986476166788273
0.7339173880646637
0.6055380271475919
-0.7915307398976142
-0.19347281401584338
-0.4364289035122664
-0.34046430112758613
-0.37201168504751037
2.7576604031553256
-0.10594872488691087
-0.7027200847061731
2.4859843820356153
-2.1870046184182343
1.8035782639715106
-1.4552784621571497
1.4209989602332442
-0.1035141891299989
-1.0331787305519298
4.002151110671268
-0.2780893802094891
-0.39859283903452825
1.331810062532494
-0.539701149660134
0.5374689832297354
0.45542474385000464
0.013747168356707494
-0.023281426516151803
0.2148336296015286
-0.026062286516151806
0.006654158300000002
0.0
0.0
0.0
0.0
0.0
0.0
0.0
0.0
0.0
0.0
0.0
0.0
0.0
0.0
0.0
0.0
0.0
0.0
0.0
0.0
0.0
0.0
0.0
0.0
0.0
0.0
0.0
0.0
0.0
0.0
0.0
0.0
0.0
0.0
0.0
0.0
0.0
0.0
0.0
0.0
0.0
0.0
0.0
0.0
0.0
0.0
0.0
0.0
0.0
0.0
0.0
0.0
0.0
0.0
0.0
0.0
0.0
0.0
0.0
0.0
0.0
0.0
0.0
0.0
0.0
0.0
0.0
0.0
0.0
0.0
0.0
0.0
0.0
0.0
0.0
0.0
0.0
0.0
0.0
0.0
0.0
0.0
0.0
0.0
0.0
0.0
0.0
0.0
0.0
0.0
0.0
0.0
0.0
0.0
0.0
0.0
0.0
0.0
0.0
0.0
0.0
0.0
0.0
0.0
0.0
0.0
0.0
0.0
0.0
0.0
0.0
0.0
0.0
0.0
0.0
0.0
0.0
0.0
0.0
0.0
0.0
0.0
0.0
0.0
0.0
0.0
0.0
</W>
<b>
-2.5957882721030288
</b>
<info>
Training (X) File : /home/vibhatha/data/libsvm/webspam/webspam_isesvm_train_x_bin.161 
Training (Y) File : /home/vibhatha/data/libsvm/webspam/webspam_isesvm_train_y.161.bin 
Testing (X) File : /home/vibhatha/data/libsvm/webspam/webspam_isesvm_test_x_bin.161 
Testing (Y) File : /home/vibhatha/data/libsvm/webspam/webspam_isesvm_test_y.161.bin 
I/O Time : 108
Kernel Matrix Calculation : 0.229 s
</info>
