92.80575539568345
91.36690647482014
91.36690647482014
88.48920863309353
88.12949640287769
87.05035971223022
90.28776978417267
91.72661870503596
91.36690647482014
88.12949640287769
90.64748201438849
90.28776978417267
88.12949640287769
88.12949640287769
87.76978417266187
87.76978417266187
89.92805755395683
90.28776978417267
88.12949640287769
83.09352517985612
92.08633093525181
91.72661870503596
91.36690647482014
88.12949640287769
86.6906474820144
88.84892086330936
90.28776978417267
89.20863309352518
87.41007194244604
90.28776978417267
93.88489208633094
87.41007194244604
89.20863309352518
92.08633093525181
88.84892086330936
88.48920863309353
91.00719424460432
91.00719424460432
87.76978417266187
90.28776978417267
