87.76978417266187
89.20863309352518
88.48920863309353
85.97122302158273
87.05035971223022
88.12949640287769
88.12949640287769
90.28776978417267
89.20863309352518
86.6906474820144
88.12949640287769
89.20863309352518
87.76978417266187
87.76978417266187
91.00719424460432
89.20863309352518
89.92805755395683
89.20863309352518
89.568345323741
82.73381294964028
89.568345323741
89.568345323741
88.12949640287769
88.12949640287769
90.64748201438849
88.48920863309353
87.41007194244604
88.12949640287769
88.84892086330936
92.44604316546763
91.36690647482014
88.12949640287769
88.48920863309353
88.48920863309353
87.76978417266187
86.33093525179856
88.84892086330936
89.20863309352518
87.76978417266187
89.20863309352518
