91.37554585152839
90.61135371179039
89.51965065502183
89.41048034934498
90.06550218340611
91.37554585152839
89.51965065502183
90.50218340611353
90.93886462882097
85.37117903930131
90.61135371179039
92.46724890829694
92.24890829694323
89.95633187772926
94.10480349344978
85.26200873362446
81.98689956331879
87.55458515283843
91.37554585152839
93.23144104803494
90.06550218340611
89.8471615720524
92.46724890829694
82.09606986899564
89.08296943231441
91.48471615720524
92.46724890829694
90.28384279475983
91.5938864628821
91.92139737991266
91.0480349344978
91.92139737991266
94.65065502183407
90.50218340611353
85.48034934497817
92.13973799126637
91.70305676855895
93.01310043668121
93.3406113537118
91.26637554585153
