<model>
linear
</model>
<W>
0.0
-0.31696924
-0.32061288000000004
-0.37526258
-0.27324948
-0.28053627000000003
-0.32061288000000004
-0.31332609
-0.2513896
-2.9046064047407247
5.64990109190682
-0.31332609
-0.28782306
-4.087715918552917
-0.34611590999999997
-0.4954929
-0.26960633
-0.33154282
-0.35704585
-0.27689263
-0.27689263
-0.30239615
-0.32425603000000003
-0.33154282
-0.33518597
-0.33882961
1.0326148194291054
-0.37161943000000003
-0.40076609999999996
-0.38983616000000004
-0.39712246
-0.40076609999999996
-2.0566240864600887
-0.9829410488841142
3.4451273755382212
0.434280362888412
-0.9859751623473141
-4.841936499848095
-8.778812087038345
-7.190242881682261
9.159190467344022
9.10051144834642
0.8092192809576647
1.6744754605266048
-4.781169542306491
5.272184879709694
-4.189678081562771
11.78762707508848
-0.32834580299979166
2.8170115296940805
3.8469538450783154
-2.1607740703823226
-6.513295693268784
1.3086065468131354
1.3621237699370046
-0.2595947987188717
3.930082127150748
1.7158763427432027
-3.208067738391742
0.40646738114747305
-5.117825478641658
-5.451696074090835
-5.452389376774223
-8.441053179351119
0.08007693114329102
5.406367074273369
-3.5066528347315695
-4.223454138306325
-3.9958814001153615
-3.972454391060486
-5.0219471533195605
-3.0530706682926945
1.3693127882312688
4.527923196300664
0.6322622702728227
-3.262634824141363
-1.8387349361029723
-7.3248462670056576
-4.303893904260488
-1.956824741060076
-2.57754383867735
-1.3150728821367388
5.471357938645838
1.6968831923880454
-1.8460297204796916
-3.174264659451941
0.09954670880844384
3.8528834994629
-0.6274541131754694
-3.0740750001638304
-0.9137037209889016
0.959448159067653
-0.481661465226205
1.0491508129417304
-0.39917152415273666
5.590062719796865
-0.32061288000000004
0.497049326273602
1.5566207904887444
-7.499038442799706
-0.12338054914471419
-1.2529882490309943
8.116574989548953
-9.531241379766083
-1.8363792365966076
3.850379151988324
1.837472964677877
-2.733956794296335
6.5831144273204245
-6.652883294082491
7.133340679478007
-4.168865193754272
3.0823521699119563
-0.5512817235746837
-4.997246122662707
9.980407583984404
-2.8909081452054926
1.0142295079354042
7.6979711376216855
1.892408631468919
-0.9062157914645976
3.1800228066603964
0.7569646702080067
1.9860137459222453
1.8744447626301721
1.9334587045740523
-1.3409119825863387
-0.42991277
0.0
0.0
0.0
0.0
0.0
0.0
0.0
0.0
0.0
0.0
0.0
0.0
0.0
0.0
0.0
0.0
0.0
0.0
0.0
0.0
0.0
0.0
0.0
0.0
0.0
0.0
0.0
0.0
0.0
0.0
0.0
0.0
0.0
0.0
0.0
0.0
0.0
0.0
0.0
0.0
0.0
0.0
0.0
0.0
0.0
0.0
0.0
0.0
0.0
0.0
0.0
0.0
0.0
0.0
0.0
0.0
0.0
0.0
0.0
0.0
0.0
0.0
0.0
0.0
0.0
0.0
0.0
0.0
0.0
0.0
0.0
0.0
0.0
0.0
0.0
0.0
0.0
0.0
0.0
0.0
0.0
0.0
0.0
0.0
0.0
0.0
0.0
0.0
0.0
0.0
0.0
0.0
0.0
0.0
0.0
0.0
0.0
0.0
0.0
0.0
0.0
0.0
0.0
0.0
0.0
0.0
0.0
0.0
0.0
0.0
0.0
0.0
0.0
0.0
0.0
0.0
0.0
0.0
0.0
0.0
0.0
0.0
0.0
0.0
0.0
0.0
</W>
<b>
0.09645126697133426
</b>
<info>
Training (X) File : /home/vibhatha/data/libsvm/webspam/webspam_isesvm_train_x_bin.274 
Training (Y) File : /home/vibhatha/data/libsvm/webspam/webspam_isesvm_train_y.274.bin 
Testing (X) File : /home/vibhatha/data/libsvm/webspam/webspam_isesvm_test_x_bin.274 
Testing (Y) File : /home/vibhatha/data/libsvm/webspam/webspam_isesvm_test_y.274.bin 
I/O Time : 155
Kernel Matrix Calculation : 0.304 s
</info>
