<model>
linear
</model>
<W>
0.0
0.0
0.0
0.0
0.0
0.0
0.0
0.0
0.0
-0.42021426269632167
2.1970639966751837
0.0
0.0
-3.3825275421060343
0.0
0.0
0.0
0.0
0.0
0.0
0.0
0.0
0.0
0.0
0.0
0.0
4.521364844723964
0.0
0.0
0.0
0.0
0.0
1.331639577308394
0.4176233603996941
6.44049340179129
1.7562772142158116
-0.2814009062097691
0.5472797907525414
-1.5924417990844277
-1.718750819195485
2.203557198579018
2.2575235144413415
-0.9318379391219983
0.27467348087101084
1.4528642934717548
3.1930233231767953
1.8933339694801228
10.94502593340534
-3.594689932046972
3.1745104595041838
1.4534858542283784
0.281985920741788
1.4432103325874488
-0.12987288767804273
3.490619645794909
0.5010182835379469
3.059061161745774
-1.466904291591506
-0.03454133572609547
2.557514910771289
-1.9030874810700886
-3.2309811927440615
-1.84978069400595
-0.5409781745592963
0.22377993200270732
1.5381969532328652
-0.13443245555596173
-1.9880763805958397
0.14049199397760595
-3.590032702117348
-3.595103013507336
1.525824678679234
0.6986274722946498
2.1852869102491956
-0.09230711322213155
-0.507528186126115
-0.6963038055452304
-2.824306086838771
1.191458158340224
-0.18550039354658332
-0.4976781835125748
-1.3572483575619716
1.864722621255233
2.6974560212973673
-0.7701118879610707
-2.622663746985034
-0.9351751549912988
0.2563433642489983
-0.8136552381524697
-2.44583723956889
-1.3410136132805381
0.7149610687383962
0.35917802664198256
0.7149610687383962
0.024855020315261284
-0.8272073225375138
3.607173153924448E-21
2.9878777538004706
2.7131719812282604
-1.6204770795860142
-2.588079239093374
-1.857150102480682
1.4905116437256654
-6.562148749902871
-1.8220171266093803
2.0827458254542472
-0.5195289364720849
-1.1504885544072372
2.0639555007571797
-4.059473454514695
5.392797683422437
-0.3545964958006813
2.063686799575675
-1.0218576850163341
-3.134706446873544
8.602879662616985
-0.46412642943450244
1.0118542524543659
5.880366565957254
-3.323840264911951
1.5704929638117706
-0.11130514017771043
-0.32614431975321456
0.16016585553857135
0.4765090149379782
0.16185130553857122
-0.13481310120437304
0.0
0.0
0.0
0.0
0.0
0.0
0.0
0.0
0.0
0.0
0.0
0.0
0.0
0.0
0.0
0.0
0.0
0.0
0.0
0.0
0.0
0.0
0.0
0.0
0.0
0.0
0.0
0.0
0.0
0.0
0.0
0.0
0.0
0.0
0.0
0.0
0.0
0.0
0.0
0.0
0.0
0.0
0.0
0.0
0.0
0.0
0.0
0.0
0.0
0.0
0.0
0.0
0.0
0.0
0.0
0.0
0.0
0.0
0.0
0.0
0.0
0.0
0.0
0.0
0.0
0.0
0.0
0.0
0.0
0.0
0.0
0.0
0.0
0.0
0.0
0.0
0.0
0.0
0.0
0.0
0.0
0.0
0.0
0.0
0.0
0.0
0.0
0.0
0.0
0.0
0.0
0.0
0.0
0.0
0.0
0.0
0.0
0.0
0.0
0.0
0.0
0.0
0.0
0.0
0.0
0.0
0.0
0.0
0.0
0.0
0.0
0.0
0.0
0.0
0.0
0.0
0.0
0.0
0.0
0.0
0.0
0.0
0.0
0.0
0.0
0.0
0.0
</W>
<b>
-4.461411476211431
</b>
<info>
Training (X) File : /home/vibhatha/data/libsvm/webspam/webspam_isesvm_train_x_bin.107 
Training (Y) File : /home/vibhatha/data/libsvm/webspam/webspam_isesvm_train_y.107.bin 
Testing (X) File : /home/vibhatha/data/libsvm/webspam/webspam_isesvm_test_x_bin.107 
Testing (Y) File : /home/vibhatha/data/libsvm/webspam/webspam_isesvm_test_y.107.bin 
I/O Time : 141
Kernel Matrix Calculation : 0.256 s
</info>
