<model>
linear
</model>
<W>
0.0
0.0
0.0
0.0
0.0
0.0
0.0
0.0
0.0
-1.0130674751135267
-1.1816334702383393
0.0
0.0
-1.2169749449026623
0.0
0.0
0.0
0.0
0.0
0.0
0.0
0.0
0.0
0.0
0.0
0.0
2.3558386002404417
0.0
0.0
0.0
0.0
0.0
-0.23059255289231484
-0.05063103944972169
2.4956724873057783
0.13474187857096154
-0.019601614668607173
-0.19034121152038583
-0.726082792044196
0.013554129487339472
0.6806185832638728
0.6807755832638729
0.19746478499021808
0.10487742589028655
-0.04197855643641648
0.5137191500843112
-0.5899092818911849
3.7752839505278986
-0.3865918915553056
0.43682455030043643
0.02045044364560765
-0.2226952978627448
-0.1755463632756635
-0.4670151855120522
0.289346597293718
0.2919651931894724
-7.71593084979684E-4
-0.08582559539882248
0.40423153742075185
-0.09155296817230005
0.035959926694288366
-1.5943166212406865
0.04559293173260627
-0.44449396884607195
0.12534613292999996
-0.06605945442388386
-0.27434876119516727
-0.4580563642025106
0.10622583783765747
-0.8866140269904278
-0.6342012057751851
-0.06627330378210254
-0.6280037901907175
-0.1012956681137605
-0.22270084032536033
-0.3279828756770904
-0.6549852134595376
-0.697951495947691
-0.2971692174486153
-0.5444386364035918
-0.4495110369322943
-0.26431088293397864
0.22071624327116443
0.3277443769868485
-0.36498806190181815
-0.3752351826122913
-0.13618082907571166
-0.127644801849859
-0.17471675781027343
-0.5180554357176684
-0.3202009398795712
0.07134769559429761
0.043180702930355176
0.07152936559429761
-0.003631077535997084
0.6974422127522619
0.002194067
2.451917677166799
-0.5425178554696033
0.149733164955658
-1.2858618964598845
-0.03374186693872572
0.5572044858280006
-0.3068905189183293
-0.2273690281858491
2.767173451188233
-0.15283386416257344
-0.5245797665632231
2.408567742530268
-1.8850469476357081
1.7699743617042158
-0.032842307670405774
0.7109231140966873
-0.06626219126073118
-0.9306753348207264
3.658624792221135
-0.05209783070340532
-0.18015599738257834
1.7793070947763208
-0.5109910265641597
0.268160541097326
0.012408743323650467
-0.08721286863427302
-0.12970471139311135
0.2513975730914886
-0.13007932839311134
-0.0014737580000000004
0.0
0.0
0.0
0.0
0.0
0.0
0.0
0.0
0.0
0.0
0.0
0.0
0.0
0.0
0.0
0.0
0.0
0.0
0.0
0.0
0.0
0.0
0.0
0.0
0.0
0.0
0.0
0.0
0.0
0.0
0.0
0.0
0.0
0.0
0.0
0.0
0.0
0.0
0.0
0.0
0.0
0.0
0.0
0.0
0.0
0.0
0.0
0.0
0.0
0.0
0.0
0.0
0.0
0.0
0.0
0.0
0.0
0.0
0.0
0.0
0.0
0.0
0.0
0.0
0.0
0.0
0.0
0.0
0.0
0.0
0.0
0.0
0.0
0.0
0.0
0.0
0.0
0.0
0.0
0.0
0.0
0.0
0.0
0.0
0.0
0.0
0.0
0.0
0.0
0.0
0.0
0.0
0.0
0.0
0.0
0.0
0.0
0.0
0.0
0.0
0.0
0.0
0.0
0.0
0.0
0.0
0.0
0.0
0.0
0.0
0.0
0.0
0.0
0.0
0.0
0.0
0.0
0.0
0.0
0.0
0.0
0.0
0.0
0.0
0.0
0.0
0.0
</W>
<b>
-2.277086630151392
</b>
<info>
Training (X) File : /home/vibhatha/data/libsvm/webspam/webspam_isesvm_train_x_bin.190 
Training (Y) File : /home/vibhatha/data/libsvm/webspam/webspam_isesvm_train_y.190.bin 
Testing (X) File : /home/vibhatha/data/libsvm/webspam/webspam_isesvm_test_x_bin.190 
Testing (Y) File : /home/vibhatha/data/libsvm/webspam/webspam_isesvm_test_y.190.bin 
I/O Time : 117
Kernel Matrix Calculation : 0.267 s
</info>
