89.568345323741
88.84892086330936
85.97122302158273
86.33093525179856
84.89208633093526
84.17266187050359
87.76978417266187
89.92805755395683
87.41007194244604
85.25179856115108
87.05035971223022
87.05035971223022
85.61151079136691
88.84892086330936
84.17266187050359
85.25179856115108
87.41007194244604
83.81294964028777
88.48920863309353
78.77697841726618
84.53237410071942
91.00719424460432
85.97122302158273
83.81294964028777
84.89208633093526
85.25179856115108
88.12949640287769
83.45323741007195
85.97122302158273
84.17266187050359
86.6906474820144
83.81294964028777
87.05035971223022
89.20863309352518
86.6906474820144
83.09352517985612
88.12949640287769
89.20863309352518
86.6906474820144
87.05035971223022
