<model>
linear
</model>
<W>
0.0
0.0
0.0
0.0
0.0
0.0
0.0
0.0
0.0
-1.834315651477751
4.795340323473277
0.0
0.0
-2.9402603729248753
0.0
0.0
0.0
0.0
0.0
0.0
0.0
0.0
0.0
0.0
0.0
0.0
1.7466189585660907
0.0
0.0
0.0
0.0
0.0
0.43305048213749586
0.587420238171111
2.796211868621576
4.1148525755855605
-0.24250265579078945
1.747397445246421
-2.7250137316779677
-7.087913696219498
5.215342268558444
5.2423035949015375
-2.852629828004805
1.5532107636511558
3.9662169278717405
0.44441831888824246
-4.349957247296792
9.48414118175704
1.4171744142056988
3.491518749086791
4.399291141035732
-0.34165400080837305
-0.7800752580918151
-1.796310158922306
3.632043800886488
-2.184008259338666
2.472636490084897
2.9144741890662753
-4.34567330798408
-6.074861271210057
-4.439969956804402
-6.008611028408623
-4.4128228038023725
-7.480428317246531
0.19346457308907816
7.797029381052248
-0.34543619642540335
-1.721559582820392
5.087250337324718
-4.536956519619239
-8.93949910015303
-0.19397599758264883
-3.178650429782307
3.581470131214539
0.1186809092224562
0.04774744818659778
-4.1332483150775206
-5.682043416233506
-0.7878168412899397
-1.9516628872104937
-1.659730349944695
1.4073154556595886
1.490448211768039
4.333386331740676
0.8263968410472129
-3.044498970557925
0.9886384621071136
-1.965539467246744
-0.9089477829028837
-2.908404193400306
-3.731401384425437
0.03186061734248273
1.244063914553486
-0.07132738265751733
0.09152077228571455
6.417919425763706
-0.1132024
6.189921996705964
3.7256076260363438
-0.30352873958253923
-6.428032759764709
-1.8236595877549675
2.5671598588600557
-7.612613560049538
3.5692855957856207
1.7219188742688836
-6.0828932557749695
-2.0114723303102493
7.848708136556607
-7.462574291046616
7.034453671574934
-3.66970718657058
-1.1641010426281424
-0.4118676273563889
-2.2636647914399557
6.263999299899417
1.5897274644325066
-0.7139706893658735
3.0047607103604452
0.18877034089791955
-3.6215767247264985
6.75720982767635
-1.127582017456117
-1.1384251164030958
1.2194443363305776
-1.156634716403096
-0.25852698487396836
0.0
0.0
0.0
0.0
0.0
0.0
0.0
0.0
0.0
0.0
0.0
0.0
0.0
0.0
0.0
0.0
0.0
0.0
0.0
0.0
0.0
0.0
0.0
0.0
0.0
0.0
0.0
0.0
0.0
0.0
0.0
0.0
0.0
0.0
0.0
0.0
0.0
0.0
0.0
0.0
0.0
0.0
0.0
0.0
0.0
0.0
0.0
0.0
0.0
0.0
0.0
0.0
0.0
0.0
0.0
0.0
0.0
0.0
0.0
0.0
0.0
0.0
0.0
0.0
0.0
0.0
0.0
0.0
0.0
0.0
0.0
0.0
0.0
0.0
0.0
0.0
0.0
0.0
0.0
0.0
0.0
0.0
0.0
0.0
0.0
0.0
0.0
0.0
0.0
0.0
0.0
0.0
0.0
0.0
0.0
0.0
0.0
0.0
0.0
0.0
0.0
0.0
0.0
0.0
0.0
0.0
0.0
0.0
0.0
0.0
0.0
0.0
0.0
0.0
0.0
0.0
0.0
0.0
0.0
0.0
0.0
0.0
0.0
0.0
0.0
0.0
0.0
</W>
<b>
-2.791684101252926
</b>
<info>
Training (X) File : /home/vibhatha/data/libsvm/webspam/webspam_isesvm_train_x_bin.87 
Training (Y) File : /home/vibhatha/data/libsvm/webspam/webspam_isesvm_train_y.87.bin 
Testing (X) File : /home/vibhatha/data/libsvm/webspam/webspam_isesvm_test_x_bin.87 
Testing (Y) File : /home/vibhatha/data/libsvm/webspam/webspam_isesvm_test_y.87.bin 
I/O Time : 58
Kernel Matrix Calculation : 0.221 s
</info>
