89.92805755395683
90.28776978417267
86.33093525179856
87.05035971223022
86.6906474820144
89.20863309352518
87.76978417266187
84.53237410071942
91.00719424460432
86.33093525179856
88.84892086330936
87.76978417266187
85.97122302158273
88.48920863309353
86.6906474820144
87.76978417266187
87.05035971223022
87.76978417266187
85.97122302158273
84.53237410071942
90.28776978417267
89.568345323741
89.92805755395683
86.33093525179856
89.92805755395683
87.76978417266187
87.05035971223022
85.61151079136691
87.41007194244604
89.568345323741
88.48920863309353
85.61151079136691
86.33093525179856
85.61151079136691
90.28776978417267
85.25179856115108
91.72661870503596
88.48920863309353
85.97122302158273
88.48920863309353
