<model>
linear
</model>
<W>
0.0
0.0
0.0
0.0
0.0
0.0
0.0
0.0
0.0
-1.4192691281283745
4.123499066749486
0.0
0.0
-3.2272832274979053
0.0
0.0
0.0
0.0
0.0
0.0
0.0
0.0
0.0
0.0
0.0
0.0
2.326542906501202
0.0
0.0
0.0
0.0
0.0
1.14967228767394
-1.3447024248077137
4.696617297816625
2.019188785347427
-0.09430229172097748
-0.04905599772683007
-4.201884545368846
-8.144739873993478
5.154685895839569
5.166628423588695
-6.66150649597566
0.32401646143479323
0.6268101835458597
-2.766310437079539
-4.436968379288219
7.899542899066337
-2.206165647918523
4.613060506838913
2.7341106437271723
-1.4651346006844643
-2.30311528015301
-3.030134992906168
2.0026159576002307
-4.957094776143827
4.9775652967451895
2.882707891678992
-2.0532162117871184
2.505180595574328
-1.8109811875666089
-8.093196112112292
-1.3906992817195216
-2.8314013359071986
0.4203762679847569
5.665626402303106
2.923402019459259
-2.074297889894649
5.0326680541910305
-6.731028606794755
-8.721425586130511
0.7116249601004596
1.6106505416176995
5.0354726028436145
-1.1562694016528838
0.4166349406621155
-1.4858720089744
-1.3672333875006595
1.2350525510856405
0.7973350620750402
-0.42228748256629894
-0.36358033703496573
2.690157340150144
2.137153709444198
-3.4522148885881476
-0.3960988595573248
-0.5542778472854472
-2.154655676901174
-1.3550378328246844
-7.098697112511072
-1.9569990170704439
1.76375998175285
-0.34938466401703694
1.7081463467528502
0.19529467071079387
0.975822231805155
-0.032513229
7.267424014121794
-1.4192846115875002
-1.1342672967762915
-0.8644224837780283
-0.6444419774103609
3.434972045309546
-6.059453912608184
-0.9432701438380333
6.399025573931991
-1.1116022387903826
-2.6750819156425565
8.927007248929119
-6.277311803544301
1.046290718709619
-1.3118109040124426
0.971940532011129
0.8094554262513529
-4.520024557571344
6.411131282852865
0.6741948840448875
0.6017281442009517
5.473625881764969
0.20300993412561175
-0.5247621403353259
1.488204902256578
-2.1291685904105453
-2.8378912811720705
1.2651088605231284
-2.8891372311720707
-0.08227330685508354
0.0
0.0
0.0
0.0
0.0
0.0
0.0
0.0
0.0
0.0
0.0
0.0
0.0
0.0
0.0
0.0
0.0
0.0
0.0
0.0
0.0
0.0
0.0
0.0
0.0
0.0
0.0
0.0
0.0
0.0
0.0
0.0
0.0
0.0
0.0
0.0
0.0
0.0
0.0
0.0
0.0
0.0
0.0
0.0
0.0
0.0
0.0
0.0
0.0
0.0
0.0
0.0
0.0
0.0
0.0
0.0
0.0
0.0
0.0
0.0
0.0
0.0
0.0
0.0
0.0
0.0
0.0
0.0
0.0
0.0
0.0
0.0
0.0
0.0
0.0
0.0
0.0
0.0
0.0
0.0
0.0
0.0
0.0
0.0
0.0
0.0
0.0
0.0
0.0
0.0
0.0
0.0
0.0
0.0
0.0
0.0
0.0
0.0
0.0
0.0
0.0
0.0
0.0
0.0
0.0
0.0
0.0
0.0
0.0
0.0
0.0
0.0
0.0
0.0
0.0
0.0
0.0
0.0
0.0
0.0
0.0
0.0
0.0
0.0
0.0
0.0
0.0
</W>
<b>
-4.259148310940551
</b>
<info>
Training (X) File : /home/vibhatha/data/libsvm/webspam/webspam_isesvm_train_x_bin.93 
Training (Y) File : /home/vibhatha/data/libsvm/webspam/webspam_isesvm_train_y.93.bin 
Testing (X) File : /home/vibhatha/data/libsvm/webspam/webspam_isesvm_test_x_bin.93 
Testing (Y) File : /home/vibhatha/data/libsvm/webspam/webspam_isesvm_test_y.93.bin 
I/O Time : 139
Kernel Matrix Calculation : 0.217 s
</info>
