<model>
linear
</model>
<W>
0.0
0.0
0.0
0.0
0.0
0.0
0.0
0.0
0.0
-2.050181494756732
0.043814344220938134
0.0
0.0
-1.2474309976678573
0.0
0.0
0.0
0.0
0.0
0.0
0.0
0.0
0.0
0.0
0.0
0.0
2.6336189069035396
0.0
0.0
0.0
0.0
0.0
0.5639899791595332
0.03640631003175672
2.8711646572546625
0.27202627786571804
-0.013260772406874849
-0.6602774901164803
-1.0485630413965175
-1.2121136805353179
0.9644051758279549
0.956167865827955
0.052338819778467306
-0.0762274227338744
0.05602287007924169
1.4930083544556585
-0.050719207103977725
3.3526356559722257
0.9106583017503155
0.7571976316356528
0.2306494734861084
-0.17480831710099948
-0.14207597211595682
-0.027278518608061183
0.7035596628226759
0.12276282924994397
0.378587791560369
0.47306931545456005
0.4637081464248537
-0.007403623630884072
0.21837652329496848
-2.090170499234745
0.22941993393903587
-0.27549679355087675
0.03587771251916121
0.5769210663741076
0.049108302683764975
-0.09991873639258232
-0.22894551391355103
-0.7918243994151463
-0.9251277654821083
-0.04129707384694101
-0.4343549068196246
0.5965324466613752
0.03297920587724756
-0.2439730287836497
0.13383803859782722
-0.070064003813278
-0.44146201515350997
-0.2730231845217897
-0.4543562375325705
-0.31374272705264356
0.17806928370241937
0.3493920150662298
-1.1593709527581029
-0.24652892226779485
-0.11355836111627769
-0.017027947197636478
-0.15640147907195207
-0.394216481351729
-0.3203159737165339
0.07971665970562312
-0.03655970717681791
0.08103172970562313
0.004511677774211105
0.02889452263351296
6.564678E-4
2.1351762047586966
0.030044913916442484
0.0353103583209384
-0.7527895742611511
-0.864649244392767
0.0744720002483654
-0.5385895447167385
-0.6382589011930293
3.2728091888436626
-0.19341002153144737
-0.7176866318564458
2.0664785398731516
-1.5876111974239016
2.1284173315272583
-0.6171829258776043
0.7902657603770579
-0.05881541358027085
-1.6048376805259512
3.8944687086095553
-0.7744640822686681
0.09709531837369251
1.2266516618536474
-1.0535491274667206
0.1353383442486293
-0.12481645963722122
0.1389764821100976
-0.08065150820071929
0.20363283759048015
-0.08406477820071934
-0.0162458581
0.0
0.0
0.0
0.0
0.0
0.0
0.0
0.0
0.0
0.0
0.0
0.0
0.0
0.0
0.0
0.0
0.0
0.0
0.0
0.0
0.0
0.0
0.0
0.0
0.0
0.0
0.0
0.0
0.0
0.0
0.0
0.0
0.0
0.0
0.0
0.0
0.0
0.0
0.0
0.0
0.0
0.0
0.0
0.0
0.0
0.0
0.0
0.0
0.0
0.0
0.0
0.0
0.0
0.0
0.0
0.0
0.0
0.0
0.0
0.0
0.0
0.0
0.0
0.0
0.0
0.0
0.0
0.0
0.0
0.0
0.0
0.0
0.0
0.0
0.0
0.0
0.0
0.0
0.0
0.0
0.0
0.0
0.0
0.0
0.0
0.0
0.0
0.0
0.0
0.0
0.0
0.0
0.0
0.0
0.0
0.0
0.0
0.0
0.0
0.0
0.0
0.0
0.0
0.0
0.0
0.0
0.0
0.0
0.0
0.0
0.0
0.0
0.0
0.0
0.0
0.0
0.0
0.0
0.0
0.0
0.0
0.0
0.0
0.0
0.0
0.0
0.0
</W>
<b>
-2.462255906794005
</b>
<info>
Training (X) File : /home/vibhatha/data/libsvm/webspam/webspam_isesvm_train_x_bin.219 
Training (Y) File : /home/vibhatha/data/libsvm/webspam/webspam_isesvm_train_y.219.bin 
Testing (X) File : /home/vibhatha/data/libsvm/webspam/webspam_isesvm_test_x_bin.219 
Testing (Y) File : /home/vibhatha/data/libsvm/webspam/webspam_isesvm_test_y.219.bin 
I/O Time : 159
Kernel Matrix Calculation : 0.24 s
</info>
