91.00719424460432
91.72661870503596
92.08633093525181
88.12949640287769
90.28776978417267
90.28776978417267
89.20863309352518
90.28776978417267
89.92805755395683
90.64748201438849
91.36690647482014
90.28776978417267
88.48920863309353
89.20863309352518
90.64748201438849
89.20863309352518
92.44604316546763
88.84892086330936
89.20863309352518
85.61151079136691
91.72661870503596
92.08633093525181
89.20863309352518
92.44604316546763
91.72661870503596
90.28776978417267
86.6906474820144
89.92805755395683
89.92805755395683
94.60431654676259
89.92805755395683
89.568345323741
89.568345323741
88.12949640287769
89.568345323741
89.568345323741
90.28776978417267
90.28776978417267
90.28776978417267
91.72661870503596
