83.81294964028777
85.25179856115108
84.17266187050359
85.97122302158273
83.81294964028777
82.37410071942446
85.97122302158273
85.97122302158273
82.37410071942446
85.61151079136691
86.33093525179856
82.73381294964028
82.37410071942446
86.33093525179856
81.65467625899281
84.53237410071942
84.89208633093526
82.01438848920863
83.09352517985612
74.82014388489209
84.17266187050359
87.76978417266187
86.6906474820144
81.29496402877699
81.65467625899281
78.77697841726618
83.09352517985612
80.57553956834532
83.09352517985612
85.61151079136691
89.568345323741
82.73381294964028
84.53237410071942
84.53237410071942
86.33093525179856
83.09352517985612
86.6906474820144
85.61151079136691
84.89208633093526
82.37410071942446
