88.48920863309353
91.00719424460432
88.84892086330936
85.61151079136691
85.97122302158273
87.41007194244604
87.76978417266187
84.89208633093526
88.84892086330936
88.12949640287769
90.64748201438849
87.76978417266187
87.05035971223022
88.84892086330936
84.17266187050359
83.45323741007195
85.61151079136691
87.41007194244604
85.97122302158273
82.37410071942446
87.41007194244604
92.08633093525181
91.36690647482014
88.12949640287769
85.61151079136691
88.48920863309353
86.33093525179856
85.97122302158273
85.61151079136691
89.20863309352518
92.08633093525181
87.41007194244604
84.89208633093526
84.89208633093526
88.48920863309353
88.12949640287769
91.72661870503596
85.97122302158273
85.25179856115108
88.48920863309353
