<model>
linear
</model>
<W>
0.0
0.0
0.0
0.0
0.0
0.0
0.0
0.0
0.0
-0.817058585947505
1.2104774952050643
0.0
0.0
-3.65876045738188
0.0
0.0
0.0
0.0
0.0
0.0
0.0
0.0
0.0
0.0
0.0
0.0
1.0412519514861103
0.0
0.0
0.0
0.0
0.0
-0.20463848516149152
0.2941900908160997
3.5249044906532014
1.2543434042971071
-0.2861593352262389
0.6950275194651743
-0.2700059595397995
-3.036318222512451
3.7357916519439467
3.711687460751334
-0.031662813828684855
1.2799193261477562
-1.3366151306337632
7.261303041537522
-1.3616838242342624
2.7930233634186576
-0.05248213870606511
-0.4920420663325682
-0.38390920934124617
-2.1316350651834144
-1.1295323494585725
-0.3231467330687427
3.0992634975516173
0.7279406976541051
2.2746032612878877
-0.40435836388823043
2.0291415320265624
1.363744273148088
-1.1232578248958731
-7.692203319276468
-1.162702309408068
-2.4648081216322897
0.5080457590407752
2.2954770432005773
1.3121264446264458
-2.696278932350595
3.5225974651568546
-2.6306727430931947
-3.672035368345568
-0.5984436172979304
0.9746397751633628
3.766913127489624
-0.7896591869556016
-1.6818116228428337
0.026435207967574592
-1.7670695540148305
0.5504890477034192
0.7701552742094064
0.7726428368246961
-0.7994880394949896
-0.8098019569473319
0.5617682618920898
-0.5810635990670016
-2.5054440132972315
-1.0550843104019159
-0.9705386718972577
-0.7710073107207552
-0.7128031576393773
-1.188415556016261
-0.2783578121410453
-0.2447850031934805
0.0915264143370795
-0.04105634404700757
0.044453117420903146
0.007783268759960372
2.018006208307312
0.14887551311867653
-4.364026572882965
-0.8129423548159942
-2.173686617489823
-0.9866011298019569
-4.183444803351192
-2.6130219482430888
8.339235970351226
-0.8963117746936482
1.2205153786545748
4.651219772469615
-6.623386521541754
4.487504794884134
0.1775295676885884
-0.8026645969449984
-1.9232678617993453
-6.07405164143098
7.732511514018968
3.9473695775223145
-1.4900864401484775
10.094787274199895
-0.8853105826787515
1.4348307074439948
0.8974210668815334
-0.9967928422267994
0.45115930085025185
0.7606602936357109
0.4296056573598878
0.011703028669122604
0.0
0.0
0.0
0.0
0.0
0.0
0.0
0.0
0.0
0.0
0.0
0.0
0.0
0.0
0.0
0.0
0.0
0.0
0.0
0.0
0.0
0.0
0.0
0.0
0.0
0.0
0.0
0.0
0.0
0.0
0.0
0.0
0.0
0.0
0.0
0.0
0.0
0.0
0.0
0.0
0.0
0.0
0.0
0.0
0.0
0.0
0.0
0.0
0.0
0.0
0.0
0.0
0.0
0.0
0.0
0.0
0.0
0.0
0.0
0.0
0.0
0.0
0.0
0.0
0.0
0.0
0.0
0.0
0.0
0.0
0.0
0.0
0.0
0.0
0.0
0.0
0.0
0.0
0.0
0.0
0.0
0.0
0.0
0.0
0.0
0.0
0.0
0.0
0.0
0.0
0.0
0.0
0.0
0.0
0.0
0.0
0.0
0.0
0.0
0.0
0.0
0.0
0.0
0.0
0.0
0.0
0.0
0.0
0.0
0.0
0.0
0.0
0.0
0.0
0.0
0.0
0.0
0.0
0.0
0.0
0.0
0.0
0.0
0.0
0.0
0.0
0.0
</W>
<b>
-2.31036181418896
</b>
<info>
Training (X) File : /home/vibhatha/data/libsvm/webspam/webspam_isesvm_train_x_bin.175 
Training (Y) File : /home/vibhatha/data/libsvm/webspam/webspam_isesvm_train_y.175.bin 
Testing (X) File : /home/vibhatha/data/libsvm/webspam/webspam_isesvm_test_x_bin.175 
Testing (Y) File : /home/vibhatha/data/libsvm/webspam/webspam_isesvm_test_y.175.bin 
I/O Time : 124
Kernel Matrix Calculation : 0.228 s
</info>
