<model>
linear
</model>
<W>
0.0
0.0
0.0
0.0
0.0
0.0
0.0
0.0
0.0
-1.3532391813468132
1.683519600237494
0.0
0.0
-3.0271823852522175
0.0
0.0
0.0
0.0
0.0
0.0
0.0
0.0
0.0
0.0
0.0
0.0
1.1071534243655838
0.0
0.0
0.0
0.0
0.0
-0.9145286965416162
2.0936942730886035
3.0006301441252337
-1.4230222715795326
-0.6520739341130612
1.2074585839245557
-5.117826314251475
-5.038768946956985
1.0285837935172428
1.0408783171183935
0.006701539186846753
4.716102915173731
1.6663620731126836
3.856904174233106
-2.3701772603732376
8.4762782620601
-0.13504765638363814
1.5995679735703352
2.3899832508009586
2.768342976484643
3.212624511827177
1.3112448846483005
5.5089136876290805
2.267904699334016
2.7068704483338486
1.8169521516688496
0.17110957387113168
-2.6566558047641458
-3.0794190456724815
-5.647844930765571
-3.567514282649369
-2.4628190172874476
-0.29275252818398156
4.44904894565149
-2.0286316609525183
-1.7084663801604016
-4.733900645658998
-4.049907604921315
-6.6649621002915636
1.1856017625915924
-2.2355939935945566
2.6493048600707856
1.227795599772999
-0.8153355793761041
-2.1646649799596958
-6.588563849715024
4.536638282533088
-2.1406421188947338
-2.0849507872802624
-0.6063341166097909
3.496993984358782
5.413366802858919
1.73929920333823
-4.1071487269093385
-1.1094679584015696
0.1653036344129982
0.448189815439274
-1.7050639748234695
-0.9320879219459041
1.5826833351785385
-0.6268454701708842
1.5826833351785385
-0.11479178440473942
5.340028119246052
0.003996938149487827
6.686335601414093
-5.6921221384569645
0.039869181796754916
0.8619176186441249
-1.2727651522179322
2.139965400674417
-7.651648167101297
1.24257851706522
9.339169380591922
-2.586637297916533
-4.084042534985501
3.325722586018996
-4.597035219115428
3.3595604968832458
-1.4664311735685986
-1.4767279366723622
-0.5456584219723494
-6.248787509768413
4.27401719666339
-3.676305324830813
-1.200941151474201
4.809542533681052
1.1306218971160749
-5.211471484229815
-2.0812442361026977
-0.5277141360604467
-0.03388186537870545
1.6045574303674262
-0.03388186537870545
-0.04506681
0.0
0.0
0.0
0.0
0.0
0.0
0.0
0.0
0.0
0.0
0.0
0.0
0.0
0.0
0.0
0.0
0.0
0.0
0.0
0.0
0.0
0.0
0.0
0.0
0.0
0.0
0.0
0.0
0.0
0.0
0.0
0.0
0.0
0.0
0.0
0.0
0.0
0.0
0.0
0.0
0.0
0.0
0.0
0.0
0.0
0.0
0.0
0.0
0.0
0.0
0.0
0.0
0.0
0.0
0.0
0.0
0.0
0.0
0.0
0.0
0.0
0.0
0.0
0.0
0.0
0.0
0.0
0.0
0.0
0.0
0.0
0.0
0.0
0.0
0.0
0.0
0.0
0.0
0.0
0.0
0.0
0.0
0.0
0.0
0.0
0.0
0.0
0.0
0.0
0.0
0.0
0.0
0.0
0.0
0.0
0.0
0.0
0.0
0.0
0.0
0.0
0.0
0.0
0.0
0.0
0.0
0.0
0.0
0.0
0.0
0.0
0.0
0.0
0.0
0.0
0.0
0.0
0.0
0.0
0.0
0.0
0.0
0.0
0.0
0.0
0.0
0.0
</W>
<b>
-1.123987672188587
</b>
<info>
Training (X) File : /home/vibhatha/data/libsvm/webspam/webspam_isesvm_train_x_bin.35 
Training (Y) File : /home/vibhatha/data/libsvm/webspam/webspam_isesvm_train_y.35.bin 
Testing (X) File : /home/vibhatha/data/libsvm/webspam/webspam_isesvm_test_x_bin.35 
Testing (Y) File : /home/vibhatha/data/libsvm/webspam/webspam_isesvm_test_y.35.bin 
I/O Time : 55
Kernel Matrix Calculation : 0.226 s
</info>
