<model>
linear
</model>
<W>
0.0
0.0
0.0
0.0
0.0
0.0
0.0
0.0
0.0
-1.3337596654587696
4.994086969332722
0.0
0.0
-4.0906835153562415
0.0
0.0
0.0
0.0
0.0
0.0
0.0
0.0
0.0
0.0
0.0
0.0
0.3804316499665476
0.0
0.0
0.0
0.0
0.0
-1.1865044055010707
-0.14208290213073071
2.7692504944344707
8.1239219715367
-0.9457678859416573
2.6262075924122352
-3.0899160313433818
-6.7609469051481765
5.622994943514442
5.785304313412789
4.256269082672299
1.7421070363675686
-3.9173542867263196
0.5443923726422071
0.3561404694142888
12.2343120921471
-2.6657979815512065
2.593372202859989
-4.5868975616125125
4.033142249437958
0.23481062922994517
-6.058821362769934
0.09594960717299036
-0.20263388536958452
6.9909237988689625
0.4303306352382378
0.687439691115736
1.873164689017282
-3.6308372183576907
-10.071834269050497
-3.8305476144509782
-5.7523295958360485
1.1214325585156326
4.795200848382424
-6.603435950706864
-3.3725151951967196
4.4035169961678635
-3.889710415123848
-8.591913263331772
4.842868090656061
-1.8254037207727092
6.632285928459128
0.8160036447563346
0.1281466071844063
1.4787481947473158
-2.621541216115034
4.260075125633222
3.520618510399915
-3.40652966403964
1.2358794298920324
1.297593101335198
2.894700391734652
-9.281389782453779
-0.3780148622452052
2.133647249690515
-1.1267507463978945
-3.840593051170639
-3.137705230780978
-0.0607125206854382
0.27591567199697975
1.167306502686362
0.471919347118789
-0.04397188055549544
3.457774385264048
-0.12223137233097858
4.764549852741319
-2.655078497639069
-4.487173556095113
-1.8768695325697553
-5.568787999408009
3.778782456560608
-8.446551647763881
2.061730626493105
5.048924338615376
-4.491859160298393
2.6638104777110727
-0.17627964177032387
-16.78234400512452
6.0445707160353646
-4.314648725978636
0.9703085085565116
1.2987398563185166
-6.615106504817884
16.045708702480077
2.1708511021587005
-2.2027700539419506
5.252446283009546
2.107244606220963
0.9318785186098235
-0.25243863150915247
-1.8044716566707235
-0.09940205147778236
3.8117497991011557
-0.09313695147778256
0.8082932993520888
0.0
0.0
0.0
0.0
0.0
0.0
0.0
0.0
0.0
0.0
0.0
0.0
0.0
0.0
0.0
0.0
0.0
0.0
0.0
0.0
0.0
0.0
0.0
0.0
0.0
0.0
0.0
0.0
0.0
0.0
0.0
0.0
0.0
0.0
0.0
0.0
0.0
0.0
0.0
0.0
0.0
0.0
0.0
0.0
0.0
0.0
0.0
0.0
0.0
0.0
0.0
0.0
0.0
0.0
0.0
0.0
0.0
0.0
0.0
0.0
0.0
0.0
0.0
0.0
0.0
0.0
0.0
0.0
0.0
0.0
0.0
0.0
0.0
0.0
0.0
0.0
0.0
0.0
0.0
0.0
0.0
0.0
0.0
0.0
0.0
0.0
0.0
0.0
0.0
0.0
0.0
0.0
0.0
0.0
0.0
0.0
0.0
0.0
0.0
0.0
0.0
0.0
0.0
0.0
0.0
0.0
0.0
0.0
0.0
0.0
0.0
0.0
0.0
0.0
0.0
0.0
0.0
0.0
0.0
0.0
0.0
0.0
0.0
0.0
0.0
0.0
0.0
</W>
<b>
0.20341246344791666
</b>
<info>
Training (X) File : /home/vibhatha/data/libsvm/webspam/webspam_isesvm_train_x_bin.300 
Training (Y) File : /home/vibhatha/data/libsvm/webspam/webspam_isesvm_train_y.300.bin 
Testing (X) File : /home/vibhatha/data/libsvm/webspam/webspam_isesvm_test_x_bin.300 
Testing (Y) File : /home/vibhatha/data/libsvm/webspam/webspam_isesvm_test_y.300.bin 
I/O Time : 170
Kernel Matrix Calculation : 0.304 s
</info>
