<model>
linear
</model>
<W>
0.0
0.0
0.0
0.0
0.0
0.0
0.0
0.0
0.0
-2.9102616206872978
-2.4657968486420327
0.0
0.0
1.063514938125174
0.0
0.0
0.0
0.0
0.0
0.0
0.0
0.0
0.0
0.0
0.0
0.0
4.393778953274242
0.0
0.0
0.0
0.0
0.0
1.389342731894885
-2.452139547213394
5.628246495720937
4.546083610590269
-0.8261205197599345
-1.1725219610565005
-5.757441789518655
-5.32891496883212
3.92629804496318
3.7564356575181015
-0.5060077832576012
-0.1258479631087004
0.40630486810088245
4.3183144655012935
1.8528102894937069
8.521257695825401
0.6204515774009045
0.6624419487888434
4.318154966914106
-0.030922688503948335
-4.2174479135537
-1.2896950937842626
8.150064399504585
-2.411456759339427
3.2528801836923398
0.3491142304656043
0.5094167181006655
0.020731529637796092
-2.087607673299515
-9.251591052528246
-1.6911409756326254
-4.5521130825422125
1.450263954374477
3.9886913800533184
0.7188852611542936
1.6487152721628175
2.66846269153651
-1.8017769370338403
-8.741880751498764
1.0780404426972419
-1.4572983978949305
3.534738007278155
1.2169287310903723
-0.6459939015333991
-0.3708922323517516
-0.9727095859334333
-1.7114767678679113
-1.0007299475793734
-5.278052059534249
2.6449123025314636
3.2897132646313305
3.80710986187345
-3.2815435889591376
-2.723288565291465
-1.427921535370394
2.6792520243698785
-0.023614495213004835
-3.096448599076817
-1.1952252905570395
-1.802325824609177
-1.1177688853589984
-1.7291232146091768
0.1594252096999138
4.497578506985265
0.005203458
2.13823241279016
0.32251992449066097
-3.2247859738072395
-0.09299458045300503
-2.9625315635705016
2.8812649371844103
-5.811302057808161
1.1256558095222091
5.259700798770226
-0.8286365024662916
-4.049836200851235
5.546407492478331
-13.274351756627862
3.8434356711032938
-0.7622992202865304
0.48416570837993583
1.1783705134828968
-1.717198153316185
10.371185365229662
1.0699098073287288
0.36204963164302734
5.554373478341372
-0.6692767066434314
0.2331745721901682
2.1547989226829043
0.09993703804697032
-1.161845637629419
0.8816948891399377
-1.1538720455992415
-0.570447735
0.0
0.0
0.0
0.0
0.0
0.0
0.0
0.0
0.0
0.0
0.0
0.0
0.0
0.0
0.0
0.0
0.0
0.0
0.0
0.0
0.0
0.0
0.0
0.0
0.0
0.0
0.0
0.0
0.0
0.0
0.0
0.0
0.0
0.0
0.0
0.0
0.0
0.0
0.0
0.0
0.0
0.0
0.0
0.0
0.0
0.0
0.0
0.0
0.0
0.0
0.0
0.0
0.0
0.0
0.0
0.0
0.0
0.0
0.0
0.0
0.0
0.0
0.0
0.0
0.0
0.0
0.0
0.0
0.0
0.0
0.0
0.0
0.0
0.0
0.0
0.0
0.0
0.0
0.0
0.0
0.0
0.0
0.0
0.0
0.0
0.0
0.0
0.0
0.0
0.0
0.0
0.0
0.0
0.0
0.0
0.0
0.0
0.0
0.0
0.0
0.0
0.0
0.0
0.0
0.0
0.0
0.0
0.0
0.0
0.0
0.0
0.0
0.0
0.0
0.0
0.0
0.0
0.0
0.0
0.0
0.0
0.0
0.0
0.0
0.0
0.0
0.0
</W>
<b>
-3.637686715539698
</b>
<info>
Training (X) File : /home/vibhatha/data/libsvm/webspam/webspam_isesvm_train_x_bin.219 
Training (Y) File : /home/vibhatha/data/libsvm/webspam/webspam_isesvm_train_y.219.bin 
Testing (X) File : /home/vibhatha/data/libsvm/webspam/webspam_isesvm_test_x_bin.219 
Testing (Y) File : /home/vibhatha/data/libsvm/webspam/webspam_isesvm_test_y.219.bin 
I/O Time : 169
Kernel Matrix Calculation : 0.237 s
</info>
