81.65467625899281
83.45323741007195
82.37410071942446
80.93525179856115
82.01438848920863
82.01438848920863
82.01438848920863
83.45323741007195
81.65467625899281
83.45323741007195
84.53237410071942
81.29496402877699
79.85611510791367
85.61151079136691
78.77697841726618
80.93525179856115
83.09352517985612
82.37410071942446
81.65467625899281
75.17985611510791
83.81294964028777
85.97122302158273
86.33093525179856
79.13669064748201
82.73381294964028
79.85611510791367
80.57553956834532
78.41726618705036
80.57553956834532
83.81294964028777
88.48920863309353
83.45323741007195
81.65467625899281
83.81294964028777
83.81294964028777
81.29496402877699
84.89208633093526
83.81294964028777
82.01438848920863
84.53237410071942
