89.568345323741
90.28776978417267
89.92805755395683
86.33093525179856
86.33093525179856
88.48920863309353
89.20863309352518
88.84892086330936
86.6906474820144
86.6906474820144
89.20863309352518
85.97122302158273
87.41007194244604
88.12949640287769
87.05035971223022
88.48920863309353
90.28776978417267
86.6906474820144
86.6906474820144
80.93525179856115
87.41007194244604
88.48920863309353
89.568345323741
88.48920863309353
87.76978417266187
87.76978417266187
86.33093525179856
88.12949640287769
86.33093525179856
92.08633093525181
88.48920863309353
87.05035971223022
86.6906474820144
89.92805755395683
90.64748201438849
87.76978417266187
91.36690647482014
87.76978417266187
89.568345323741
89.20863309352518
