<model>
linear
</model>
<W>
0.0
0.0
0.0
0.0
0.0
0.0
0.0
0.0
0.0
-1.3951148806151732
1.2974673723284655
0.0
0.0
-3.0964838792043934
0.0
0.0
0.0
0.0
0.0
0.0
0.0
0.0
0.0
0.0
0.0
0.0
1.9735318381686449
0.0
0.0
0.0
0.0
0.0
0.16653174095145198
-0.023302993005597995
4.372448025457054
1.702064447113535
-0.7901778123252039
0.7980904463749695
-2.8007919127896788
-4.578574441239411
1.952019239650918
1.95915291663958
0.5787355574229406
0.19911835817525358
-0.4774567185007842
2.5389276445158493
-0.5251850564153697
6.395592437662228
0.11649651598065915
3.178083188215994
1.1827290707747875
0.2223686312705184
-1.8256272195283638
0.17736626833622013
3.728278258892331
1.0038174764076933
2.146482169363329
1.6694508943471318
1.9206821032525458
-0.5998999780056429
-1.8024177759155326
-6.505612051967286
-1.7106283642118416
-2.7055024064151465
-0.19182150156582867
1.599873220187329
-0.41000922664188955
-0.5183198140788312
0.005403113905835873
-1.2048424221037033
-4.953770037015232
-0.46688178733737373
-2.0552012091886227
0.535337979011941
-0.3012477542360824
-1.1935840950170467
-1.2503071176499039
-2.4321747324393437
2.141574914337467
-1.454240977429721
-0.24362321436674303
-0.4594943765134689
2.023070120118094
1.7513037838031489
0.11488241975616244
0.36039664280501627
0.6319588972509862
1.6437167993172368
-0.33131594633087047
-2.1359485747690554
-1.3934609718617654
1.3650872013137672
-0.037921577613949244
1.3682613427443788
0.027665110674432006
1.4891132735126191
0.011500644100000002
3.011269440917499
0.05175490409876806
0.2229163455211026
-2.7977778524539576
-0.17018217083063703
3.86663687129761
-4.781543901510935
-0.7229218753729866
4.52262689658381
-0.21811637051665805
-2.0447856768946426
1.106616965283683
-7.9315157183078995
4.341757450001215
-1.4283007182395357
0.2924307864772214
-1.0557397110477251
-3.3257140065737962
6.7592107596801805
0.56610285106611
0.5569789554048006
5.508086603862612
-4.176330285523248
1.236230652892744
-1.3061723388847881
-0.9939654894215104
0.07301840151241704
0.5379744640994715
0.08028324151241699
-0.46716859392049703
0.0
0.0
0.0
0.0
0.0
0.0
0.0
0.0
0.0
0.0
0.0
0.0
0.0
0.0
0.0
0.0
0.0
0.0
0.0
0.0
0.0
0.0
0.0
0.0
0.0
0.0
0.0
0.0
0.0
0.0
0.0
0.0
0.0
0.0
0.0
0.0
0.0
0.0
0.0
0.0
0.0
0.0
0.0
0.0
0.0
0.0
0.0
0.0
0.0
0.0
0.0
0.0
0.0
0.0
0.0
0.0
0.0
0.0
0.0
0.0
0.0
0.0
0.0
0.0
0.0
0.0
0.0
0.0
0.0
0.0
0.0
0.0
0.0
0.0
0.0
0.0
0.0
0.0
0.0
0.0
0.0
0.0
0.0
0.0
0.0
0.0
0.0
0.0
0.0
0.0
0.0
0.0
0.0
0.0
0.0
0.0
0.0
0.0
0.0
0.0
0.0
0.0
0.0
0.0
0.0
0.0
0.0
0.0
0.0
0.0
0.0
0.0
0.0
0.0
0.0
0.0
0.0
0.0
0.0
0.0
0.0
0.0
0.0
0.0
0.0
0.0
0.0
</W>
<b>
-2.144490726826643
</b>
<info>
Training (X) File : /home/vibhatha/data/libsvm/webspam/webspam_isesvm_train_x_bin.83 
Training (Y) File : /home/vibhatha/data/libsvm/webspam/webspam_isesvm_train_y.83.bin 
Testing (X) File : /home/vibhatha/data/libsvm/webspam/webspam_isesvm_test_x_bin.83 
Testing (Y) File : /home/vibhatha/data/libsvm/webspam/webspam_isesvm_test_y.83.bin 
I/O Time : 152
Kernel Matrix Calculation : 0.251 s
</info>
