91.36690647482014
88.48920863309353
88.84892086330936
89.568345323741
87.76978417266187
86.6906474820144
90.28776978417267
88.84892086330936
91.36690647482014
87.76978417266187
87.76978417266187
87.76978417266187
89.20863309352518
88.12949640287769
90.28776978417267
90.28776978417267
88.48920863309353
88.48920863309353
91.36690647482014
85.25179856115108
92.08633093525181
91.36690647482014
89.20863309352518
90.28776978417267
90.28776978417267
88.12949640287769
86.6906474820144
88.12949640287769
89.568345323741
91.72661870503596
94.24460431654677
89.20863309352518
89.568345323741
87.76978417266187
91.72661870503596
88.84892086330936
90.64748201438849
91.72661870503596
88.48920863309353
89.568345323741
