89.92805755395683
90.64748201438849
90.28776978417267
89.568345323741
86.6906474820144
88.48920863309353
90.64748201438849
88.84892086330936
89.92805755395683
88.48920863309353
92.08633093525181
89.20863309352518
87.05035971223022
89.92805755395683
89.568345323741
91.00719424460432
89.20863309352518
89.568345323741
89.92805755395683
85.25179856115108
90.64748201438849
91.00719424460432
91.00719424460432
90.28776978417267
89.20863309352518
89.568345323741
87.05035971223022
89.92805755395683
89.568345323741
91.72661870503596
91.72661870503596
89.568345323741
89.20863309352518
89.92805755395683
89.568345323741
88.84892086330936
91.00719424460432
91.36690647482014
88.84892086330936
90.64748201438849
