90.28776978417267
91.72661870503596
89.20863309352518
87.76978417266187
87.41007194244604
88.48920863309353
89.20863309352518
91.72661870503596
91.00719424460432
87.41007194244604
92.08633093525181
90.64748201438849
91.36690647482014
89.92805755395683
91.72661870503596
88.84892086330936
92.08633093525181
89.20863309352518
89.20863309352518
85.97122302158273
90.64748201438849
91.72661870503596
91.72661870503596
91.00719424460432
88.48920863309353
89.92805755395683
91.72661870503596
90.64748201438849
88.84892086330936
93.88489208633094
91.36690647482014
89.20863309352518
88.84892086330936
89.20863309352518
91.72661870503596
89.92805755395683
91.00719424460432
90.28776978417267
90.28776978417267
89.568345323741
