89.20863309352518
92.08633093525181
88.84892086330936
89.568345323741
88.84892086330936
89.20863309352518
91.36690647482014
88.12949640287769
91.36690647482014
89.20863309352518
91.72661870503596
87.76978417266187
88.84892086330936
90.28776978417267
90.28776978417267
88.48920863309353
90.64748201438849
88.48920863309353
91.72661870503596
84.53237410071942
92.08633093525181
91.36690647482014
89.568345323741
90.28776978417267
89.568345323741
89.92805755395683
88.84892086330936
89.20863309352518
89.92805755395683
91.36690647482014
92.80575539568345
91.00719424460432
89.568345323741
88.12949640287769
88.48920863309353
89.20863309352518
92.44604316546763
90.28776978417267
89.20863309352518
88.48920863309353
