91.36690647482014
92.08633093525181
89.92805755395683
87.41007194244604
87.41007194244604
89.568345323741
91.00719424460432
89.20863309352518
89.568345323741
87.76978417266187
92.44604316546763
88.84892086330936
88.84892086330936
88.84892086330936
91.00719424460432
87.41007194244604
91.72661870503596
90.28776978417267
89.568345323741
82.73381294964028
91.72661870503596
91.72661870503596
90.64748201438849
91.00719424460432
89.20863309352518
89.20863309352518
89.568345323741
90.28776978417267
91.00719424460432
93.16546762589928
91.72661870503596
88.84892086330936
90.28776978417267
91.00719424460432
88.84892086330936
90.28776978417267
91.00719424460432
89.92805755395683
88.48920863309353
91.72661870503596
