<model>
linear
</model>
<W>
0.0
0.0
0.0
0.0
0.0
0.0
0.0
0.0
0.0
0.08590034942180447
3.468833593348413
0.0
0.0
-1.4587774910283409
0.0
0.0
0.0
0.0
0.0
0.0
0.0
0.0
0.0
0.0
0.0
0.0
-0.6578463559264729
0.0
0.0
0.0
0.0
0.0
-1.3152849750557571
1.0229685367186394
6.532210568942851
5.040550309981891
-5.841973885709178
4.04548319380346
-3.016703541073758
-2.3762004516860333
9.276249625704976
9.270062773542595
-3.077460997527881
-1.4578472772100404
-7.634701969084057
5.209713869268731
-2.0807216034443123
7.469245322236955
-0.33168215508220755
-0.5475853576058259
-1.8003828940997266
3.787253829878501
-3.3793897116535625
0.4450809147005489
4.225677634275762
2.6610260945847735
0.0826563202104258
1.8773014876333702
-4.6467799509796865
-2.306731470539974
-5.218160764824749
-8.775961765060634
-4.410513454268298
-1.7110989126714635
-0.6133141982672423
7.107120127620208
-3.9477088545978347
-2.387655854605994
5.021110934453699
-0.7078075083455264
-5.938620175473705
-4.437168582504001
2.7689417289613996
6.227426293689305
0.9621003815127382
-0.3030853301330393
-0.038529499073480356
-5.29639177263002
-1.2110079681282453
-1.3841957867567807
-2.494847241557484
0.3157137181952682
0.375867383744783
-3.0873555513139577
-7.5148484185421935
0.057326595527264934
0.24024818129633096
0.8105665251266277
1.0722362662310796
-0.6907884248866224
-3.5102691358993803
0.9175710072248294
1.6021056195157388
1.0209967572248293
0.0019649786977868127
10.699677960868854
0.009265449371418554
4.3736285740432
-4.518036736581494
-3.2127623446463267
-0.05682366198629918
-1.5528526315240327
3.7394378609707095
-10.897323777957656
3.6341797924102375
5.350831655747656
-0.830591946008728
-3.7797190989825484
0.37205858807764614
-7.75771821840056
4.434419508407019
-5.789967535972416
0.8642438889577919
-0.33993739832856207
-3.9825714771154663
8.668527221998264
-0.3628436081558508
4.092545687917189
2.5246853199367054
0.43924591996036977
3.949286716518497
-1.487339609703898
-1.4339771261785763
-2.2099259545617
3.8557211716508744
-2.1065002045617005
-0.05750088500102635
0.0
0.0
0.0
0.0
0.0
0.0
0.0
0.0
0.0
0.0
0.0
0.0
0.0
0.0
0.0
0.0
0.0
0.0
0.0
0.0
0.0
0.0
0.0
0.0
0.0
0.0
0.0
0.0
0.0
0.0
0.0
0.0
0.0
0.0
0.0
0.0
0.0
0.0
0.0
0.0
0.0
0.0
0.0
0.0
0.0
0.0
0.0
0.0
0.0
0.0
0.0
0.0
0.0
0.0
0.0
0.0
0.0
0.0
0.0
0.0
0.0
0.0
0.0
0.0
0.0
0.0
0.0
0.0
0.0
0.0
0.0
0.0
0.0
0.0
0.0
0.0
0.0
0.0
0.0
0.0
0.0
0.0
0.0
0.0
0.0
0.0
0.0
0.0
0.0
0.0
0.0
0.0
0.0
0.0
0.0
0.0
0.0
0.0
0.0
0.0
0.0
0.0
0.0
0.0
0.0
0.0
0.0
0.0
0.0
0.0
0.0
0.0
0.0
0.0
0.0
0.0
0.0
0.0
0.0
0.0
0.0
0.0
0.0
0.0
0.0
0.0
0.0
</W>
<b>
-0.35209318013305685
</b>
<info>
Training (X) File : /home/vibhatha/data/libsvm/webspam/webspam_isesvm_train_x_bin.336 
Training (Y) File : /home/vibhatha/data/libsvm/webspam/webspam_isesvm_train_y.336.bin 
Testing (X) File : /home/vibhatha/data/libsvm/webspam/webspam_isesvm_test_x_bin.336 
Testing (Y) File : /home/vibhatha/data/libsvm/webspam/webspam_isesvm_test_y.336.bin 
I/O Time : 151
Kernel Matrix Calculation : 0.262 s
</info>
