<model>
linear
</model>
<W>
0.0
0.0
0.0
0.0
0.0
0.0
0.0
0.0
-2.671E-4
-1.3551549033589316
0.42321141806057766
0.0
0.0
-1.3752341341850867
0.0
0.0
0.0
0.0
0.0
0.0
0.0
0.0
0.0
0.0
0.0
0.0
1.7157133410718473
0.0
0.0
0.0
0.0
0.0
-0.0450225039676137
0.05154501690673828
1.4679535207350418
0.38426114195319794
0.040188134872910855
-0.45255281345187015
-1.2235191851423635
-0.7755599893062567
0.774389830380931
0.777592140380931
-0.05597054645584664
0.05899320435312436
0.0759442605689717
0.5958372813959665
0.3935156787241702
1.9105538078118671
0.92793193814359
0.28420792835598385
0.07939842207299394
-0.20406249537255539
-0.07924505884102734
-0.44018938386172035
0.29997724723548735
0.3063849952294199
0.2205789698025778
0.0897273316659923
0.8452989490429237
0.7510974300850399
-0.21268269140915047
-1.914255220550762
-0.20880504561905044
-0.45872790812556286
0.05650139627062742
-0.14170981856629397
-0.33982894544693726
-0.6488477770073037
-0.6318118467380702
-0.6495817192763226
-1.2190937447983077
-0.22279153538924826
-0.4946619692842209
-0.07570483547284226
-0.16449398468546883
-0.4291863745153163
-0.3962527038482936
-0.6353370491724787
-0.19219993438968186
-0.23156586045103605
0.0789314793344264
-0.19994554313369667
-0.03682995383084483
0.4395128846017879
-0.6626519678496171
-0.17640840404349847
-0.2632856824726659
-0.31289784285349465
-0.18820248008584392
-0.4163281061090585
-0.3210630476615485
0.12400365739674363
0.04071552446930339
0.11982352739674362
0.0015461913999999998
0.5965013989567195
0.004028249
2.4929136040523936
-0.09015131245226245
0.7369868789136892
-1.4419856014852297
0.400573177204409
0.7783505012879632
-0.8431783400367316
-0.6136346895711746
2.4719092922774752
-0.24418564925527553
-0.5370541551485065
1.9385917188387412
-2.2321247466428895
2.725265796092795
-0.6362261649600472
1.312033271819188
-0.07482839469818722
-0.4546041038786883
4.217415790349638
-0.8877024052470834
-0.07219049883904925
1.286139161787938
-0.7041880446451348
0.0654232164739142
-0.37950142597899056
0.08040868000019959
-0.04199469466809547
0.1692552924123351
-0.042793324668095475
-0.0015965701000000003
0.0
0.0
0.0
0.0
0.0
0.0
0.0
0.0
0.0
0.0
0.0
0.0
0.0
0.0
0.0
0.0
0.0
0.0
0.0
0.0
0.0
0.0
0.0
0.0
0.0
0.0
0.0
0.0
0.0
0.0
0.0
0.0
0.0
0.0
0.0
0.0
0.0
0.0
0.0
0.0
0.0
0.0
0.0
0.0
0.0
0.0
0.0
0.0
0.0
0.0
0.0
0.0
0.0
0.0
0.0
0.0
0.0
0.0
0.0
0.0
0.0
0.0
0.0
0.0
0.0
0.0
0.0
0.0
0.0
0.0
0.0
0.0
0.0
0.0
0.0
0.0
0.0
0.0
0.0
0.0
0.0
0.0
0.0
0.0
0.0
0.0
0.0
0.0
0.0
0.0
0.0
0.0
0.0
0.0
0.0
0.0
0.0
0.0
0.0
0.0
0.0
0.0
0.0
0.0
0.0
0.0
0.0
0.0
0.0
0.0
0.0
0.0
0.0
0.0
0.0
0.0
0.0
0.0
0.0
0.0
0.0
0.0
0.0
0.0
0.0
0.0
0.0
</W>
<b>
-2.0229740694601634
</b>
<info>
Training (X) File : /home/vibhatha/data/libsvm/webspam/webspam_isesvm_train_x_bin.241 
Training (Y) File : /home/vibhatha/data/libsvm/webspam/webspam_isesvm_train_y.241.bin 
Testing (X) File : /home/vibhatha/data/libsvm/webspam/webspam_isesvm_test_x_bin.241 
Testing (Y) File : /home/vibhatha/data/libsvm/webspam/webspam_isesvm_test_y.241.bin 
I/O Time : 111
Kernel Matrix Calculation : 0.212 s
</info>
