<model>
linear
</model>
<W>
0.0
0.0
0.0
0.0
0.0
0.0
0.0
0.0
0.0
-0.9871125540113399
-0.24239861195255585
0.0
0.0
-4.794858588918528
0.0
0.0
0.0
0.0
0.0
0.0
0.0
0.0
0.0
0.0
0.0
0.0
2.670215269207749
0.0
0.0
0.0
0.0
0.0
2.3851371833647663
0.24933903579670655
3.441271101292388
2.4268824321255575
0.5731684074002026
-0.13244571211945835
3.6266969380189655
-3.312498000505864
2.334057086465158
2.33113675352537
-2.643738624189797
1.4246874970105365
3.3875478765132003
5.052290053993825
0.8485206822741989
6.72699219961561
-0.25880060475926636
4.671456951738803
3.800681078271951
-4.973330761550157
1.2291712096716163
-3.547018018172129
2.5392292125801728
-0.8717148660932746
4.1526839912112905
-0.11745176780586439
-0.49966568977169507
-2.6713424374734442
-1.6670037036680254
-6.192199841216431
-1.8806247338210598
-1.912417216172814
1.0412269219386185
1.2823291840842002
-0.3114188540583631
-2.797146693034682
2.653765505500217
-5.705871162004933
-4.781147823258036
0.10578124182106308
0.24275093606835907
1.878360311838006
-0.5255840408624994
-1.2148642958740654
-0.44408833129973024
-1.3556477395732307
0.9947245178111702
-2.446666294146726
-1.2263326974113558
0.6634220251690143
1.3981385009220553
2.7765343956483473
0.8790634856634587
-1.9193025656188494
-0.9346339241642032
-0.34758126887152396
-0.12953144343580683
-1.4586165079687352
-1.0380059598248346
0.6969001733563621
-1.5774232501544618
0.6990235083337947
-0.13866414128409693
0.7650137208861946
-0.00212332039909428
6.434232089309669
-2.8864368600772634
-0.09774787125899931
-3.122608498034271
0.25242262808066274
0.9495681578051046
-5.186950206554959
-1.8965220977243633
5.77562859868
-4.629661395876741
-0.37868431025937077
3.2992415413244
-8.91489807775637
5.054611362924597
0.9232583665943287
1.1242924738477154
-0.6934912734623644
-6.238658593156655
8.309799667314442
1.8921141572812334
-4.473226932007372
5.632657828957766
0.9730833083406422
-2.104379277543823
1.6032802451712218
-2.386595550802598
-1.4243257770080762
0.14740948108822174
-1.4033599477396193
0.038858523691828774
0.0
0.0
0.0
0.0
0.0
0.0
0.0
0.0
0.0
0.0
0.0
0.0
0.0
0.0
0.0
0.0
0.0
0.0
0.0
0.0
0.0
0.0
0.0
0.0
0.0
0.0
0.0
0.0
0.0
0.0
0.0
0.0
0.0
0.0
0.0
0.0
0.0
0.0
0.0
0.0
0.0
0.0
0.0
0.0
0.0
0.0
0.0
0.0
0.0
0.0
0.0
0.0
0.0
0.0
0.0
0.0
0.0
0.0
0.0
0.0
0.0
0.0
0.0
0.0
0.0
0.0
0.0
0.0
0.0
0.0
0.0
0.0
0.0
0.0
0.0
0.0
0.0
0.0
0.0
0.0
0.0
0.0
0.0
0.0
0.0
0.0
0.0
0.0
0.0
0.0
0.0
0.0
0.0
0.0
0.0
0.0
0.0
0.0
0.0
0.0
0.0
0.0
0.0
0.0
0.0
0.0
0.0
0.0
0.0
0.0
0.0
0.0
0.0
0.0
0.0
0.0
0.0
0.0
0.0
0.0
0.0
0.0
0.0
0.0
0.0
0.0
0.0
</W>
<b>
-4.524465731580989
</b>
<info>
Training (X) File : /home/vibhatha/data/libsvm/webspam/webspam_isesvm_train_x_bin.385 
Training (Y) File : /home/vibhatha/data/libsvm/webspam/webspam_isesvm_train_y.385.bin 
Testing (X) File : /home/vibhatha/data/libsvm/webspam/webspam_isesvm_test_x_bin.385 
Testing (Y) File : /home/vibhatha/data/libsvm/webspam/webspam_isesvm_test_y.385.bin 
I/O Time : 121
Kernel Matrix Calculation : 0.201 s
</info>
