92.44604316546763
90.28776978417267
89.92805755395683
86.33093525179856
88.12949640287769
87.41007194244604
91.36690647482014
91.00719424460432
89.92805755395683
89.568345323741
91.36690647482014
89.92805755395683
88.48920863309353
88.84892086330936
88.48920863309353
87.76978417266187
89.20863309352518
89.568345323741
89.568345323741
83.09352517985612
90.28776978417267
90.64748201438849
90.64748201438849
89.20863309352518
88.12949640287769
89.20863309352518
87.76978417266187
88.84892086330936
88.12949640287769
89.568345323741
89.92805755395683
87.05035971223022
89.568345323741
89.20863309352518
88.48920863309353
87.41007194244604
89.92805755395683
87.41007194244604
86.6906474820144
89.92805755395683
