85.61151079136691
85.25179856115108
83.45323741007195
82.73381294964028
84.17266187050359
84.53237410071942
85.25179856115108
84.17266187050359
81.29496402877699
83.45323741007195
87.41007194244604
80.2158273381295
80.93525179856115
86.6906474820144
81.65467625899281
82.73381294964028
84.89208633093526
83.81294964028777
83.81294964028777
76.2589928057554
86.6906474820144
88.12949640287769
87.76978417266187
83.09352517985612
83.09352517985612
82.01438848920863
82.37410071942446
81.29496402877699
81.65467625899281
87.41007194244604
89.92805755395683
83.45323741007195
80.57553956834532
81.65467625899281
84.53237410071942
82.01438848920863
87.76978417266187
86.33093525179856
83.45323741007195
85.25179856115108
