<model>
linear
</model>
<W>
0.0
0.0
0.0
0.0
0.0
0.0
0.0
0.0
0.0
-2.591831606832339
1.6929645773786368
0.0
0.0
-1.7441267709217176
0.0
0.0
0.0
0.0
0.0
0.0
0.0
0.0
0.0
0.0
0.0
0.0
3.295047261448036
0.0
0.0
0.0
0.0
0.0
1.8446151848611736
-0.6258848756306756
4.221493088053166
2.486143273013385
-0.12878693314403328
0.5774486813178766
-2.848204229949178
-0.8935367739355649
3.058663627875528
3.0592662335735903
0.9312876218785772
0.7298558183644677
-0.6001764958968174
1.6044946737718524
-3.88870334205319
7.123438514884084
-0.6675205143131966
2.0428423375969964
4.178023309201059
-2.981968300352809
-0.779165737438642
-1.6804504680569157
1.5250599839389298
0.9152611330671251
0.8888052244481962
0.35198928796155676
4.465832334339355
-1.0231154424737856
0.6281725426250473
-5.555638002957512
0.5808677940443303
-2.647450071659403
1.1169636824136056
2.7921556981940983
-4.404187219408014
-2.3404622912463164
1.2407837733457503
-1.5253521941143617
-5.179442119662478
-0.5850583432089189
-3.729730729644933
0.23493297878389674
0.3156371809388374
-1.8162396663274698
-0.6715960090059928
-3.1184549346769086
2.450866636982561
1.465637420561262
0.42732892131798805
-0.33791641373948583
0.8083097119786116
1.9318288281343323
-2.8937719898983687
-1.8710263222441519
-1.3068053004280964
1.2894060368660223
-0.34109891835027395
-1.7374416333665519
-0.22575298470559788
0.6309166934289103
0.14978660161307758
0.6309166934289103
-0.0758252355
1.9703857071403414
0.0048167850000000005
3.7494059011919956
-0.4210217333730637
1.4028718414462107
-3.7541482783986098
-1.504453054396806
1.2587765085623388
-4.983942185340692
-0.8036408683258327
3.197316583138516
0.8637848972617843
-3.992749258071185
3.762855976053768
-5.855333548984023
6.364516961742504
0.5156458394211878
3.972357336199832
0.47767350554242494
-4.0800037660500434
9.130724371114347
-1.6460863503426149
-1.905496512664823
4.878001146139962
-2.564815890730037
2.4468536610431273
-1.3963987274849365
0.4940604816283791
-0.0063473947753743265
0.08716189999780297
-0.0063473947753743265
-0.07690822499999998
0.0
0.0
0.0
0.0
0.0
0.0
0.0
0.0
0.0
0.0
0.0
0.0
0.0
0.0
0.0
0.0
0.0
0.0
0.0
0.0
0.0
0.0
0.0
0.0
0.0
0.0
0.0
0.0
0.0
0.0
0.0
0.0
0.0
0.0
0.0
0.0
0.0
0.0
0.0
0.0
0.0
0.0
0.0
0.0
0.0
0.0
0.0
0.0
0.0
0.0
0.0
0.0
0.0
0.0
0.0
0.0
0.0
0.0
0.0
0.0
0.0
0.0
0.0
0.0
0.0
0.0
0.0
0.0
0.0
0.0
0.0
0.0
0.0
0.0
0.0
0.0
0.0
0.0
0.0
0.0
0.0
0.0
0.0
0.0
0.0
0.0
0.0
0.0
0.0
0.0
0.0
0.0
0.0
0.0
0.0
0.0
0.0
0.0
0.0
0.0
0.0
0.0
0.0
0.0
0.0
0.0
0.0
0.0
0.0
0.0
0.0
0.0
0.0
0.0
0.0
0.0
0.0
0.0
0.0
0.0
0.0
0.0
0.0
0.0
0.0
0.0
0.0
</W>
<b>
-3.9495228371984314
</b>
<info>
Training (X) File : /home/vibhatha/data/libsvm/webspam/webspam_isesvm_train_x_bin.346 
Training (Y) File : /home/vibhatha/data/libsvm/webspam/webspam_isesvm_train_y.346.bin 
Testing (X) File : /home/vibhatha/data/libsvm/webspam/webspam_isesvm_test_x_bin.346 
Testing (Y) File : /home/vibhatha/data/libsvm/webspam/webspam_isesvm_test_y.346.bin 
I/O Time : 110
Kernel Matrix Calculation : 0.219 s
</info>
