<model>
linear
</model>
<W>
0.0
0.0
0.0
0.0
0.0
0.0
0.0
0.0
0.0
0.41707951608923377
3.954284406287235
0.0
0.0
-2.630628499285323
0.0
0.0
0.0
0.0
0.0
0.0
0.0
0.0
0.0
0.0
0.0
0.0
1.572865029610284
0.0
0.0
0.0
0.0
0.0
1.0820501121277024
-0.3404651318710432
2.1035271124804993
4.0428966036967955
0.047631321120854636
-3.8555289811225
-2.1225753503455973
1.7892630766619606
3.478865638473156
3.460572999337902
1.4657009717405975
-0.26476955502657007
-0.28366696089762633
0.37090724447347506
3.034409631244223
11.290204591894982
0.4634639221327286
4.487193511744415
3.7793068300391384
-2.378262930158463
-3.9050181433059654
-1.2589600879086371
5.242008367409402
-2.587090788263491
4.726820895333958
2.5859257622014313
-3.17244166164061
0.4560547744200134
-2.9648791704180235
-2.782366306700819
-2.7895564825000108
-6.416576738551197
1.4170634138099918
-0.2969795023416231
1.0519581165021556
-5.637911968524852
-1.5068834858465492
-3.7188172729451696
-4.222628322119272
2.3022227957748482
-4.835843219558593
0.42256658889345966
1.855106176636124
-1.4328423194790685
0.4975865779126073
-9.129276583377589
7.028055807171304
6.212084936547978
-1.3161278884804937
-1.0493782107726737
0.5588926108663632
4.65068625795237
6.813560981746423
-2.2850126989709976
-0.15608404886631155
-1.339020528929642
-0.12845125933178247
-1.1863539205899079
-1.4203969443874704
2.0613907059008856
0.8030131119665053
2.0472615429425645
0.061782145421236355
-4.160228299421406
0.014289974
5.423030990689718
-0.9127454566429472
-6.070855340527731
-2.328953519638958
-4.552502674595651
4.284549026509761
-6.200182403994284
-1.0979438791425569
7.43602615221277
-5.093795171156895
-8.07691613653692
0.9123450230769925
-8.617112498826138
6.679263238914268
-3.440320258620088
-4.134591218331338
-0.45316199299772064
1.3249669704337137
10.020193675941057
1.6134844212192654
1.5241162331336273
8.014317461530908
-1.1921690051968232
1.1293413563869539
1.0347702723325458
0.3652859466518339
-0.49263327173533117
2.5023179434907674
-0.5025079717353309
0.04307696465289797
0.0
0.0
0.0
0.0
0.0
0.0
0.0
0.0
0.0
0.0
0.0
0.0
0.0
0.0
0.0
0.0
0.0
0.0
0.0
0.0
0.0
0.0
0.0
0.0
0.0
0.0
0.0
0.0
0.0
0.0
0.0
0.0
0.0
0.0
0.0
0.0
0.0
0.0
0.0
0.0
0.0
0.0
0.0
0.0
0.0
0.0
0.0
0.0
0.0
0.0
0.0
0.0
0.0
0.0
0.0
0.0
0.0
0.0
0.0
0.0
0.0
0.0
0.0
0.0
0.0
0.0
0.0
0.0
0.0
0.0
0.0
0.0
0.0
0.0
0.0
0.0
0.0
0.0
0.0
0.0
0.0
0.0
0.0
0.0
0.0
0.0
0.0
0.0
0.0
0.0
0.0
0.0
0.0
0.0
0.0
0.0
0.0
0.0
0.0
0.0
0.0
0.0
0.0
0.0
0.0
0.0
0.0
0.0
0.0
0.0
0.0
0.0
0.0
0.0
0.0
0.0
0.0
0.0
0.0
0.0
0.0
0.0
0.0
0.0
0.0
0.0
0.0
</W>
<b>
-4.072625704012944
</b>
<info>
Training (X) File : /home/vibhatha/data/libsvm/webspam/webspam_isesvm_train_x_bin.23 
Training (Y) File : /home/vibhatha/data/libsvm/webspam/webspam_isesvm_train_y.23.bin 
Testing (X) File : /home/vibhatha/data/libsvm/webspam/webspam_isesvm_test_x_bin.23 
Testing (Y) File : /home/vibhatha/data/libsvm/webspam/webspam_isesvm_test_y.23.bin 
I/O Time : 172
Kernel Matrix Calculation : 0.27 s
</info>
