<model>
linear
</model>
<W>
-0.21348432579237364
0.32568944024177404
-0.8207500204640326
0.5201980014727514
0.18834690454186287
0.01976780718821125
-0.30605327480515665
0.7742078451271484
-0.34364694518404715
-0.8782808086362097
1.6996266765126293
0.0
0.0
0.547022874360634
0.03653902398736886
-0.21112850626041357
0.15224148748670352
-0.5246748795743121
-0.44460740400342513
-0.0590599696409404
-0.6103076570441454
-0.3798602419426188
1.5410229231324148
0.6678870372032755
-1.0862350818646593
-0.11934662030000931
0.35030082814603564
0.0
-0.3721359867177547
0.0
-0.5035134311756261
0.6181714170225477
0.3976841871848793
0.0
-0.485182693188865
-0.3798602419426188
-0.0590599696409404
-0.41834804466138387
1.3424509494337797
1.3233241392823316
-0.8238648504285475
-0.20012625374531934
1.142268957640432
4.466912950640278E-16
-0.8729164812871446
-0.5686855114617905
1.2135788791653388
-0.03312611045074556
-0.17309038299272483
0.6961998556915203
0.7172755805925544
-0.2470490239858858
-0.03361520598557144
-0.33662053434252126
0.1863544289060073
-2.205443657224545
0.10103025858253042
0.0
1.0801272122466128
0.0
1.134671768608577
-0.6424947923080544
-0.3800331407880293
-0.9656399572931942
-9.233022185064499E-4
0.8544194239991763
0.5559123468641125
1.1603316571307523
-0.5798032521941172
-2.4076476004814222
1.2712068486806398
-0.28677221783434814
0.2867722178343115
-0.7764324841948913
0.7764324841948695
-0.28303562500735713
0.2830356250073325
-1.0081524891171008
0.14462897623903848
-0.2594819534164774
0.26349574277990473
0.859509723514603
0.5792127758042873
0.0
-1.5042183787650638
0.0
0.0
0.6678870372032752
0.0
0.0
0.0
0.0
0.0
-0.021320909175321923
0.0
0.0
0.0
0.0
0.0
0.0
0.0
0.8490784330755239
-0.5704261210813011
0.0
0.0
0.0
0.0
0.0
0.0
0.0
0.0
0.0
0.0
-1.3877787807814457E-17
0.0
0.0
0.0
0.0
0.0
0.0
0.0
0.0
0.0
</W>
<b>
-2.0175768896016564
</b>
<info>
Training (X) File : /home/vibhatha/data/libsvm/a9a/a9a_isesvm_train_x_bin.12 
Training (Y) File : /home/vibhatha/data/libsvm/a9a/a9a_isesvm_train_y.12.bin 
Testing (X) File : /home/vibhatha/data/libsvm/a9a/a9a_isesvm_test_x_bin.12 
Testing (Y) File : /home/vibhatha/data/libsvm/a9a/a9a_isesvm_test_y.12.bin 
I/O Time : 97
Kernel Matrix Calculation : 0.078 s
</info>
