92.03056768558952
91.92139737991266
89.51965065502183
89.51965065502183
90.39301310043668
90.06550218340611
86.68122270742357
90.28384279475983
75.43668122270742
59.49781659388647
83.51528384279476
95.74235807860262
95.63318777292577
91.37554585152839
93.66812227074236
65.17467248908298
61.46288209606987
79.36681222707423
92.13973799126637
94.10480349344978
91.26637554585153
98.2532751091703
79.36681222707423
61.572052401746724
75.32751091703057
92.79475982532752
94.54148471615721
92.24890829694323
93.44978165938865
92.68558951965066
92.35807860262008
93.23144104803494
95.08733624454149
81.00436681222706
66.0480349344978
93.44978165938865
93.01310043668121
94.65065502183407
96.2882096069869
94.10480349344978
