91.36690647482014
89.568345323741
89.568345323741
88.48920863309353
87.41007194244604
88.48920863309353
90.64748201438849
89.92805755395683
90.64748201438849
88.12949640287769
89.92805755395683
87.76978417266187
87.76978417266187
90.64748201438849
89.568345323741
89.20863309352518
90.28776978417267
88.84892086330936
90.64748201438849
83.81294964028777
89.20863309352518
89.92805755395683
89.568345323741
90.64748201438849
88.12949640287769
87.41007194244604
88.12949640287769
89.20863309352518
88.84892086330936
91.72661870503596
92.80575539568345
87.41007194244604
88.84892086330936
89.568345323741
89.568345323741
88.12949640287769
90.64748201438849
91.36690647482014
88.48920863309353
87.05035971223022
