89.20863309352518
89.568345323741
88.12949640287769
86.6906474820144
85.61151079136691
88.12949640287769
87.05035971223022
88.48920863309353
87.41007194244604
85.97122302158273
88.84892086330936
87.41007194244604
88.12949640287769
89.92805755395683
84.53237410071942
84.53237410071942
91.36690647482014
87.76978417266187
87.41007194244604
81.29496402877699
89.568345323741
89.568345323741
90.28776978417267
87.41007194244604
86.6906474820144
87.05035971223022
88.84892086330936
85.25179856115108
84.17266187050359
90.28776978417267
91.36690647482014
86.33093525179856
87.41007194244604
86.6906474820144
88.12949640287769
84.89208633093526
90.64748201438849
86.6906474820144
87.05035971223022
89.20863309352518
