<model>
linear
</model>
<W>
0.0
0.0
0.0
0.0
0.0
0.0
0.0
0.0
0.0
-1.7930777886892706
4.963670227121041
0.0
0.0
-0.7202336900860677
0.0
0.0
0.0
0.0
0.0
0.0
0.0
0.0
0.0
0.0
0.0
0.0
2.22005367172371
0.0
0.0
0.0
0.0
0.0
-0.007155453193195991
-3.8553301436316767
1.2498110429041238
9.01823324092318
-0.4410316577513477
2.2607266752768638
-10.469704994541662
-6.916503336511573
9.09705661122732
8.951910929909026
-2.511807543073204
-1.9888601171793223
-3.084765010949291
2.1649254386142225
-2.5546850166316135
11.929059405417059
-3.596301020458127
1.955405154948639
9.348382914949795
0.656751686662544
-3.213557422734343
-10.69466167917255
12.834588631873078
4.281700649886591
6.6262298457037065
-1.3342449037391573
-3.4938007923324843
-7.916079327927761
-4.941945536239382
-10.423824493874152
-4.708524755645842
-10.439310714427375
2.0720475290645184
13.953085626645333
-0.36893359514257634
-5.981045357845244
5.359128698546009
-5.815075472029886
-16.070410047493304
8.376168113407683
-1.557506620985485
12.284701893546595
-1.8600248493535247
-0.6685472717241293
-8.493145123856642
-2.2154386232831715
8.222094361833681
-5.92603771727766
-7.84277471482009
5.703137809369846
6.356199033327057
4.7369214969795665
-4.483400234844248
-0.8614066498081488
0.05321151860717074
2.23297082144194
4.624191045512199
-8.506112602814852
-4.948487692647368
-1.060064332813229
-10.04089868082425
-0.7705752572165183
-0.004301122407752595
3.322430850722246
-0.015266031598937718
0.03943438885081458
5.171117243264455
-2.823770572955734
-7.149700949091427
0.6559810218834237
6.9442476398322865
-4.562612260869846
7.666511059135681
10.51917463531648
-1.981092148665176
-7.02536153918838
13.109024166505531
-6.750311244956725
3.767293017843679
-6.636285212090959
-1.6169356996022999
-3.1460398592517875
-2.898806153174089
7.168938067440118
-1.5963398747962678
1.4965043510913578
8.229453191267783
-2.361908247242952
-5.879310609283881
5.5282958612807525
8.034377894764363
-1.2585064101362406
2.3261098524283357
-1.2848234225350765
0.20215260162096346
0.0
0.0
0.0
0.0
0.0
0.0
0.0
0.0
0.0
0.0
0.0
0.0
0.0
0.0
0.0
0.0
0.0
0.0
0.0
0.0
0.0
0.0
0.0
0.0
0.0
0.0
0.0
0.0
0.0
0.0
0.0
0.0
0.0
0.0
0.0
0.0
0.0
0.0
0.0
0.0
0.0
0.0
0.0
0.0
0.0
0.0
0.0
0.0
0.0
0.0
0.0
0.0
0.0
0.0
0.0
0.0
0.0
0.0
0.0
0.0
0.0
0.0
0.0
0.0
0.0
0.0
0.0
0.0
0.0
0.0
0.0
0.0
0.0
0.0
0.0
0.0
0.0
0.0
0.0
0.0
0.0
0.0
0.0
0.0
0.0
0.0
0.0
0.0
0.0
0.0
0.0
0.0
0.0
0.0
0.0
0.0
0.0
0.0
0.0
0.0
0.0
0.0
0.0
0.0
0.0
0.0
0.0
0.0
0.0
0.0
0.0
0.0
0.0
0.0
0.0
0.0
0.0
0.0
0.0
0.0
0.0
0.0
0.0
0.0
0.0
0.0
0.0
</W>
<b>
-3.0273062797293093
</b>
<info>
Training (X) File : /home/vibhatha/data/libsvm/webspam/webspam_isesvm_train_x_bin.67 
Training (Y) File : /home/vibhatha/data/libsvm/webspam/webspam_isesvm_train_y.67.bin 
Testing (X) File : /home/vibhatha/data/libsvm/webspam/webspam_isesvm_test_x_bin.67 
Testing (Y) File : /home/vibhatha/data/libsvm/webspam/webspam_isesvm_test_y.67.bin 
I/O Time : 140
Kernel Matrix Calculation : 0.304 s
</info>
