91.37554585152839
90.61135371179039
89.51965065502183
89.41048034934498
90.06550218340611
91.37554585152839
89.51965065502183
89.62882096069869
89.51965065502183
88.8646288209607
90.17467248908298
90.50218340611353
90.72052401746726
89.95633187772926
91.37554585152839
88.97379912663756
88.31877729257643
88.75545851528385
89.41048034934498
91.0480349344978
89.95633187772926
89.8471615720524
89.62882096069869
87.66375545851528
89.62882096069869
89.95633187772926
90.93886462882097
89.62882096069869
90.28384279475983
90.72052401746726
89.41048034934498
90.39301310043668
92.90393013100436
90.39301310043668
89.8471615720524
89.41048034934498
90.17467248908298
90.93886462882097
90.50218340611353
91.26637554585153
