87.76978417266187
85.97122302158273
83.45323741007195
87.41007194244604
84.89208633093526
83.09352517985612
87.41007194244604
86.33093525179856
86.33093525179856
84.89208633093526
86.33093525179856
85.61151079136691
84.89208633093526
87.41007194244604
82.73381294964028
84.89208633093526
85.61151079136691
85.61151079136691
87.41007194244604
77.6978417266187
85.25179856115108
88.12949640287769
87.05035971223022
83.09352517985612
83.09352517985612
82.01438848920863
85.25179856115108
83.81294964028777
84.53237410071942
84.89208633093526
88.84892086330936
83.09352517985612
86.6906474820144
85.97122302158273
86.6906474820144
83.09352517985612
87.05035971223022
87.76978417266187
85.61151079136691
84.89208633093526
