<model>
linear
</model>
<W>
0.0
0.0
0.0
0.0
0.0
0.0
0.0
0.0
0.0
-1.6416022315871202
2.0093648326102214
0.0
0.0
-1.2478534896276852
0.0
0.0
0.0
0.0
0.0
0.0
0.0
0.0
0.0
0.0
0.0
0.0
4.376031329306736
0.0
0.0
0.0
0.0
0.0
0.5642557330401985
-1.1651720334328097
4.710157068194605
4.84389053815575
-0.3126996170497737
-2.529225888185588
2.799947815337137
-2.470796373101256
0.2729184638893425
0.44177581863903304
3.4733150081406814
2.4281017398293283
-0.8577490674038439
3.462515476408284
-0.956464572255622
9.886523975645737
-1.6209636694541467
1.6851499832231762
3.775448055844353
-3.0730847242427255
-0.06623103205145106
0.07837166596926656
5.990990401479715
0.9189086017661696
3.1555734257037904
-1.9315697516441401
2.1289851804245092
-0.34417666075594755
-1.7821307254570242
-13.200551249037458
-2.0144788546626518
-1.3879337596216097
1.9530377989526935
8.127526146156633
-0.5752289945866054
-2.7462811792085358
2.5839302813066403
-5.164607714069369
-4.648965471126762
-0.07005959341449193
-7.132430977155174
2.584231137585379
0.5191743380965617
-3.4905144973066013
-2.471215792763027
-6.932747336915353
1.0037875269367704
-0.210027111057296
-2.3780632287017167
2.7834619333730286
3.19635363104575
6.253797448536954
5.443487448986728
-2.4484741407659922
-1.1714264598691564
-1.5816524481120993
-0.6764967566604196
-1.5867457412720614
-0.8654714939726905
1.1544405774998472
-2.1084569618024243
1.1460874851530258
-0.06500876374859312
9.313067629179313
0.020647967823655862
4.061449311823994
-1.3348384613538813
2.1241471715784535
-3.8050950411414473
-1.7562729859982635
3.227669138771819
-6.32998498795232
-1.6305099583551907
10.9569469339202
-2.217352310485497
3.2552351876259538
-3.6660941115927743
-9.21683863627409
7.792360088834327
-5.448428906637389
-4.37522082276788
2.791516043655154
-2.7133818793738165
10.219751418794857
2.3773270319229365
-2.1473063341145036
8.400050765676925
3.828302684899195
-0.4030529313194789
-0.16469150808702926
-1.2347211518058696
-1.5193576050527828
-1.7604982191740386
-1.5193576050527828
0.25961762971997104
0.0
0.0
0.0
0.0
0.0
0.0
0.0
0.0
0.0
0.0
0.0
0.0
0.0
0.0
0.0
0.0
0.0
0.0
0.0
0.0
0.0
0.0
0.0
0.0
0.0
0.0
0.0
0.0
0.0
0.0
0.0
0.0
0.0
0.0
0.0
0.0
0.0
0.0
0.0
0.0
0.0
0.0
0.0
0.0
0.0
0.0
0.0
0.0
0.0
0.0
0.0
0.0
0.0
0.0
0.0
0.0
0.0
0.0
0.0
0.0
0.0
0.0
0.0
0.0
0.0
0.0
0.0
0.0
0.0
0.0
0.0
0.0
0.0
0.0
0.0
0.0
0.0
0.0
0.0
0.0
0.0
0.0
0.0
0.0
0.0
0.0
0.0
0.0
0.0
0.0
0.0
0.0
0.0
0.0
0.0
0.0
0.0
0.0
0.0
0.0
0.0
0.0
0.0
0.0
0.0
0.0
0.0
0.0
0.0
0.0
0.0
0.0
0.0
0.0
0.0
0.0
0.0
0.0
0.0
0.0
0.0
0.0
0.0
0.0
0.0
0.0
0.0
</W>
<b>
-3.9036658905660446
</b>
<info>
Training (X) File : /home/vibhatha/data/libsvm/webspam/webspam_isesvm_train_x_bin.236 
Training (Y) File : /home/vibhatha/data/libsvm/webspam/webspam_isesvm_train_y.236.bin 
Testing (X) File : /home/vibhatha/data/libsvm/webspam/webspam_isesvm_test_x_bin.236 
Testing (Y) File : /home/vibhatha/data/libsvm/webspam/webspam_isesvm_test_y.236.bin 
I/O Time : 150
Kernel Matrix Calculation : 0.257 s
</info>
