92.44604316546763
92.08633093525181
91.00719424460432
89.20863309352518
91.36690647482014
88.84892086330936
91.36690647482014
91.00719424460432
89.92805755395683
89.92805755395683
91.00719424460432
90.64748201438849
88.84892086330936
91.00719424460432
89.92805755395683
88.48920863309353
92.08633093525181
91.00719424460432
91.36690647482014
84.53237410071942
92.44604316546763
93.5251798561151
91.36690647482014
89.92805755395683
87.41007194244604
88.84892086330936
87.76978417266187
91.00719424460432
87.05035971223022
93.16546762589928
92.80575539568345
88.48920863309353
91.00719424460432
93.16546762589928
89.568345323741
88.84892086330936
91.36690647482014
89.92805755395683
89.20863309352518
91.36690647482014
