<model>
linear
</model>
<W>
0.0
0.0
0.0
0.0
0.0
0.0
0.0
0.0
0.0
-1.162528319587659
1.7554271107350692
0.0
0.0
-2.525778460609435
0.0
0.0
0.0
0.0
0.0
0.0
0.0
0.0
0.0
0.0
0.0
0.0
0.7660513068831987
0.0
0.0
0.0
0.0
0.0
-0.7485042401094129
1.6026817639103292
2.8440795704117043
-1.271783513949504
-0.4619517206701077
1.3076588706304666
-5.278436824105291
-4.32364164730887
0.8891930352152104
0.8989959795896798
0.04555700462162607
3.2466820064559907
1.4573880789509917
3.7191355905383294
-2.3315628048041366
7.852351999371171
0.12325705486950664
1.790459116128968
2.024092180929889
2.466268295990445
2.547612810720134
1.8742227270409624
4.4248893773222155
2.1647936453129892
2.2879952835385233
1.975376248555037
0.6491188421789562
-2.781138754072159
-2.154542988849335
-4.816002918668782
-2.4730805693339866
-1.8551042653898178
0.12382487757252136
2.9516494856556355
-1.4000677938018762
-0.609132378468197
-3.8936446301362695
-3.6370907464920874
-5.157523162804814
1.3111126437419511
-2.3164891611617833
2.218251006324517
0.872408323174481
-0.7245253696432967
-1.9064483913963486
-5.379141999578225
3.6167868335604227
-2.336832806444579
-1.6116557288286106
-0.28971398947021626
2.9736556343143765
4.0664332915742865
1.4895773716835539
-3.518242552188812
-0.7618280429390422
0.4540484984331852
0.4501838070652505
-1.513091528533934
-0.7264190728153069
1.1478132343468972
-0.34977207311852493
1.1478132343468972
-0.05359291905343927
4.750955953751682
0.003148152
5.446796580718438
-4.86222789683385
-0.1417451156012235
0.9526775792829429
-1.0705214736968278
1.4455005997599049
-6.278711934781005
0.07827321127508124
8.875345457808656
-2.055794905856547
-2.779567513338983
3.8227933701767465
-3.622874050515775
3.1258441672196975
-2.1578802934306123
-0.8148864495145238
-0.2504498998537855
-5.626662719436869
3.855482967951897
-3.4736175134957676
-0.6836965200401826
4.724513113843463
0.6010001224663026
-2.810888309832636
-1.3946426901428677
-0.5478781239931686
-0.16974055502062707
1.2350958989010745
-0.16974055502062707
-0.031546767
0.0
0.0
0.0
0.0
0.0
0.0
0.0
0.0
0.0
0.0
0.0
0.0
0.0
0.0
0.0
0.0
0.0
0.0
0.0
0.0
0.0
0.0
0.0
0.0
0.0
0.0
0.0
0.0
0.0
0.0
0.0
0.0
0.0
0.0
0.0
0.0
0.0
0.0
0.0
0.0
0.0
0.0
0.0
0.0
0.0
0.0
0.0
0.0
0.0
0.0
0.0
0.0
0.0
0.0
0.0
0.0
0.0
0.0
0.0
0.0
0.0
0.0
0.0
0.0
0.0
0.0
0.0
0.0
0.0
0.0
0.0
0.0
0.0
0.0
0.0
0.0
0.0
0.0
0.0
0.0
0.0
0.0
0.0
0.0
0.0
0.0
0.0
0.0
0.0
0.0
0.0
0.0
0.0
0.0
0.0
0.0
0.0
0.0
0.0
0.0
0.0
0.0
0.0
0.0
0.0
0.0
0.0
0.0
0.0
0.0
0.0
0.0
0.0
0.0
0.0
0.0
0.0
0.0
0.0
0.0
0.0
0.0
0.0
0.0
0.0
0.0
0.0
</W>
<b>
-1.451632821917702
</b>
<info>
Training (X) File : /home/vibhatha/data/libsvm/webspam/webspam_isesvm_train_x_bin.35 
Training (Y) File : /home/vibhatha/data/libsvm/webspam/webspam_isesvm_train_y.35.bin 
Testing (X) File : /home/vibhatha/data/libsvm/webspam/webspam_isesvm_test_x_bin.35 
Testing (Y) File : /home/vibhatha/data/libsvm/webspam/webspam_isesvm_test_y.35.bin 
I/O Time : 107
Kernel Matrix Calculation : 0.201 s
</info>
