91.36690647482014
92.44604316546763
91.00719424460432
87.41007194244604
89.20863309352518
88.84892086330936
89.20863309352518
91.00719424460432
91.00719424460432
88.84892086330936
91.36690647482014
90.28776978417267
88.48920863309353
89.568345323741
91.36690647482014
89.92805755395683
90.28776978417267
88.84892086330936
89.568345323741
87.76978417266187
92.44604316546763
91.72661870503596
90.64748201438849
87.41007194244604
90.28776978417267
91.00719424460432
88.48920863309353
90.64748201438849
90.28776978417267
92.44604316546763
92.80575539568345
89.92805755395683
90.28776978417267
90.28776978417267
89.20863309352518
90.28776978417267
91.36690647482014
91.36690647482014
90.64748201438849
93.5251798561151
