<model>
linear
</model>
<W>
0.0
0.0
0.0
0.0
0.0
0.0
0.0
0.0
0.0
-0.3673481312446131
0.32125750789098656
0.0
0.0
-0.8336273950660549
0.0
0.0
0.0
0.0
0.0
0.0
0.0
0.0
0.0
0.0
0.0
0.0
2.300582264460794
0.0
0.0
0.0
0.0
0.0
0.10054211196934959
-0.021365525587666495
2.466007889169175
0.47904614418421465
0.002665907278669903
-1.0065860249704686
-0.5214173428913383
-0.8437088295372395
0.8201746308853991
0.8203378308853991
-0.28763422671077643
0.023524439053550946
0.4771107483156278
1.6021039234654668
-0.5399652073093657
2.895889371285315
0.7777220295676885
0.7127719062951186
-0.12306259418705973
-0.2802223591400105
0.24960525105349687
0.22357991898139684
0.69819003879938
0.32274436558686015
0.3377067956788769
0.6714680036694963
0.7486552248415583
0.0307276025981786
0.25122007833673615
-1.9034958041970327
0.2621354191722826
-0.5484493555775702
0.07220501692097668
0.84104763821861
-0.13889763918956907
-0.20417551414588525
-0.4906481188607996
-0.6687446994823762
-1.1621908220601207
0.16012644851141986
-0.5167319930482134
0.595941634702398
-0.07814553132240067
-0.36152682715219026
0.4231398921854458
-0.05414545441106319
-0.1256669525636623
-0.5967534989312414
-0.38200287746379785
-0.2951732357581492
0.41229543041607014
0.9717051328413128
-0.38472412099999254
-0.21348238477750492
0.17208923283726682
0.016998936226319133
-0.10898126626556502
-0.5756775424815331
-0.35379033627882756
0.0986028992162916
0.06236654929854494
0.0986028992162916
-0.00419797404
-0.16930850497288458
0.0018437764000000002
1.8965756548003343
0.46764010691740354
-0.29413372612158395
-0.7650787292231459
0.45141113892197093
0.083901761406891
-0.737818613705131
-1.2359246757075084
3.759895724475616
-0.2698739451266229
-0.5541830791026778
1.855739442399636
-2.4347863501226157
3.5174625994361803
-0.32811723784603175
0.57480053855105
-0.31086253303119593
-1.7942662402052574
3.2253302739301555
0.5892378997029795
0.6946052520146476
1.3398141346221852
-1.3674630639799408
0.32948058792469254
-0.1267007985811384
-0.07422843400467129
-0.1077748376477523
0.12284047399579344
-0.10809478764775228
-0.00686346
0.0
0.0
0.0
0.0
0.0
0.0
0.0
0.0
0.0
0.0
0.0
0.0
0.0
0.0
0.0
0.0
0.0
0.0
0.0
0.0
0.0
0.0
0.0
0.0
0.0
0.0
0.0
0.0
0.0
0.0
0.0
0.0
0.0
0.0
0.0
0.0
0.0
0.0
0.0
0.0
0.0
0.0
0.0
0.0
0.0
0.0
0.0
0.0
0.0
0.0
0.0
0.0
0.0
0.0
0.0
0.0
0.0
0.0
0.0
0.0
0.0
0.0
0.0
0.0
0.0
0.0
0.0
0.0
0.0
0.0
0.0
0.0
0.0
0.0
0.0
0.0
0.0
0.0
0.0
0.0
0.0
0.0
0.0
0.0
0.0
0.0
0.0
0.0
0.0
0.0
0.0
0.0
0.0
0.0
0.0
0.0
0.0
0.0
0.0
0.0
0.0
0.0
0.0
0.0
0.0
0.0
0.0
0.0
0.0
0.0
0.0
0.0
0.0
0.0
0.0
0.0
0.0
0.0
0.0
0.0
0.0
0.0
0.0
0.0
0.0
0.0
0.0
</W>
<b>
-2.881701632717891
</b>
<info>
Training (X) File : /home/vibhatha/data/libsvm/webspam/webspam_isesvm_train_x_bin.298 
Training (Y) File : /home/vibhatha/data/libsvm/webspam/webspam_isesvm_train_y.298.bin 
Testing (X) File : /home/vibhatha/data/libsvm/webspam/webspam_isesvm_test_x_bin.298 
Testing (Y) File : /home/vibhatha/data/libsvm/webspam/webspam_isesvm_test_y.298.bin 
I/O Time : 143
Kernel Matrix Calculation : 0.267 s
</info>
