<model>
linear
</model>
<W>
0.0
0.0
0.0
0.0
0.0
0.0
0.0
0.0
-8.602057200527284E-4
-1.3408938433535482
1.2313842781808102
0.0
0.0
-4.125622855367209
0.0
0.0
0.0
0.0
0.0
0.0
0.0
0.0
0.0
0.0
0.0
0.0
1.5190793139845193
0.0
0.0
0.0
0.0
0.0
0.35636966358696665
-0.4351733119403329
1.0962410304530934
1.6206571930495763
-0.042216466854970026
0.34174234945472065
-1.4773528645131915
-3.925927944605074
1.1378445583241108
1.1207697583241103
0.9583271306778216
1.8654947859603237
1.9106685008712818
3.2752871006057487
-2.9887927085583055
8.666397367241975
-0.4619545709567108
1.1064036370465737
5.372658059610806
-2.5429108939377514
0.10151493380614704
-0.886002491052266
1.8553578671005762
0.23338939088036834
1.4280019570811395
3.0518795974491204
3.329644727407321
0.3967886966638212
-1.8424640463826194
-2.5895586812101854
-1.8347756427470925
-1.8721222404317333
0.6855286845121699
4.0351342557298295
-0.48494806148949715
-2.619916237387814
0.5951543776808048
-4.006778814484331
-3.330082051640479
-0.8319368950291712
-1.2262949014709943
0.6768504594432732
0.2715646531081898
-0.5046575240946007
-0.7425870514012848
-2.577496183328924
1.5156653950057735
-2.9850758496026923
-0.4031570471767193
0.031810945010288236
0.6089856330038126
3.524950862388597
-0.42496922738328013
-0.4078180105175927
0.11231572545503676
0.6958103545904343
0.27961076834014387
-2.614289088133453
-1.2775476340819816
0.6827905823214102
-2.0154676279331856
0.6835989323214102
0.0370797836537949
3.589486911129444
-0.030543015
5.919877750168569
-2.497316716734757
-1.4046978206767602
-3.822761852176606
-2.1813662565199494
1.6486025904507817
-6.135761877814713
-2.612799210711824
5.252085604618069
-0.2814890855717104
-2.4155782502863055
5.871699583746688
-5.908367717818107
1.792626424625436
-1.57813951209937
0.45413844676457776
-0.019354899097739908
-3.7661720728755803
8.101191831336966
0.6538020238997966
-0.965273607253115
6.220156628107117
-5.030334478238506
0.3193515280940299
-0.5734722904899594
-0.15445739073337295
0.278048931028787
0.682185299241933
0.2797627710287871
0.05715922108352835
0.0
0.0
0.0
0.0
0.0
0.0
0.0
0.0
0.0
0.0
0.0
0.0
0.0
0.0
0.0
0.0
0.0
0.0
0.0
0.0
0.0
0.0
0.0
0.0
0.0
0.0
0.0
0.0
0.0
0.0
0.0
0.0
0.0
0.0
0.0
0.0
0.0
0.0
0.0
0.0
0.0
0.0
0.0
0.0
0.0
0.0
0.0
0.0
0.0
0.0
0.0
0.0
0.0
0.0
0.0
0.0
0.0
0.0
0.0
0.0
0.0
0.0
0.0
0.0
0.0
0.0
0.0
0.0
0.0
0.0
0.0
0.0
0.0
0.0
0.0
0.0
0.0
0.0
0.0
0.0
0.0
0.0
0.0
0.0
0.0
0.0
0.0
0.0
0.0
0.0
0.0
0.0
0.0
0.0
0.0
0.0
0.0
0.0
0.0
0.0
0.0
0.0
0.0
0.0
0.0
0.0
0.0
0.0
0.0
0.0
0.0
0.0
0.0
0.0
0.0
0.0
0.0
0.0
0.0
0.0
0.0
0.0
0.0
0.0
0.0
0.0
0.0
</W>
<b>
-2.055087421760902
</b>
<info>
Training (X) File : /home/vibhatha/data/libsvm/webspam/webspam_isesvm_train_x_bin.334 
Training (Y) File : /home/vibhatha/data/libsvm/webspam/webspam_isesvm_train_y.334.bin 
Testing (X) File : /home/vibhatha/data/libsvm/webspam/webspam_isesvm_test_x_bin.334 
Testing (Y) File : /home/vibhatha/data/libsvm/webspam/webspam_isesvm_test_y.334.bin 
I/O Time : 109
Kernel Matrix Calculation : 0.219 s
</info>
