90.28776978417267
92.44604316546763
88.12949640287769
87.05035971223022
87.41007194244604
91.00719424460432
91.00719424460432
91.00719424460432
89.568345323741
87.41007194244604
91.00719424460432
90.64748201438849
89.20863309352518
89.568345323741
89.568345323741
89.20863309352518
89.20863309352518
87.76978417266187
87.05035971223022
83.81294964028777
88.48920863309353
91.00719424460432
90.64748201438849
90.64748201438849
88.12949640287769
90.28776978417267
88.12949640287769
88.48920863309353
86.33093525179856
91.72661870503596
92.08633093525181
86.6906474820144
89.568345323741
89.92805755395683
90.64748201438849
89.568345323741
90.64748201438849
91.00719424460432
90.64748201438849
89.92805755395683
