<model>
linear
</model>
<W>
0.0
0.0
0.0
0.0
0.0
0.0
0.0
0.0
0.0
-2.0787113521195533
0.697895643056859
0.0
0.0
-4.714174035051841
0.0
0.0
0.0
0.0
0.0
0.0
0.0
0.0
0.0
0.0
0.0
0.0
1.2265500663214695
0.0
0.0
0.0
0.0
0.0
-0.7014741898079411
-0.10097963286055896
2.238969322714749
-2.3193539198242967
0.43186377797537107
-7.78058146900954
4.227363524978483
-8.552127586955937
4.574380590803957
4.4916395354949366
2.1416191002721843
3.4745678916896834
1.914221944429033
-1.7370133851094278
-0.060892303783640855
9.246921505407874
-2.1184488447156262
-0.11101443120143673
3.2050547480814853
-4.978224711657958
5.030997638774272
-1.6622976790608857
4.424668043543668
-2.1570978620298282
7.630913474903708
2.37726632314839
3.8069832172338294
-2.386837083366768
-1.4667206781680813
-13.154732390558305
-1.028649144809667
-3.060863161511831
0.9338004445311718
7.841883552054006
0.20158429961347912
-7.9507272529074715
0.933677280519181
-8.982510183714314
-7.136519026922306
1.0965294259066558
-4.615158851161422
6.665116005397528
-0.8632593065832814
-0.32431224167821726
0.20609373409161463
-3.6091077564614644
2.70669002210078
-1.466562759475814
-2.9853020902900975
2.4679539169752673
1.4078724586539644
9.066963379685612
-2.794235971797148
-1.416492465239212
4.031932024352736
0.317790402559773
1.4968635939982418
-4.711257856737487
-1.8417774597603382
0.33431226058946517
-1.642049548790157
0.33431226058946517
0.07797063362003644
5.2539808892146915
0.024607323
-4.1141106073358085
2.9536645716068337
1.6434172709086883
-2.122198776476208
-3.0252279191613756
3.32394488021102
-5.885587269552808
2.7376641803015147
10.022129845769241
-5.565089960141113
4.004250994546798
2.1056685491915026
-7.755129880944432
6.3430278959016535
-1.5261468589263067
1.6957055281250766
-1.385061758839603
-7.507084546498468
4.836643044690853
2.8757986849768855
-2.760690613839322
7.100910369458522
-2.2367292671589167
3.53602629214976
3.8408914673031185
-5.376103866980125
-0.2984987332732122
2.5248822311232173
-0.2984987332732122
0.3353872680061253
0.0
0.0
0.0
0.0
0.0
0.0
0.0
0.0
0.0
0.0
0.0
0.0
0.0
0.0
0.0
0.0
0.0
0.0
0.0
0.0
0.0
0.0
0.0
0.0
0.0
0.0
0.0
0.0
0.0
0.0
0.0
0.0
0.0
0.0
0.0
0.0
0.0
0.0
0.0
0.0
0.0
0.0
0.0
0.0
0.0
0.0
0.0
0.0
0.0
0.0
0.0
0.0
0.0
0.0
0.0
0.0
0.0
0.0
0.0
0.0
0.0
0.0
0.0
0.0
0.0
0.0
0.0
0.0
0.0
0.0
0.0
0.0
0.0
0.0
0.0
0.0
0.0
0.0
0.0
0.0
0.0
0.0
0.0
0.0
0.0
0.0
0.0
0.0
0.0
0.0
0.0
0.0
0.0
0.0
0.0
0.0
0.0
0.0
0.0
0.0
0.0
0.0
0.0
0.0
0.0
0.0
0.0
0.0
0.0
0.0
0.0
0.0
0.0
0.0
0.0
0.0
0.0
0.0
0.0
0.0
0.0
0.0
0.0
0.0
0.0
0.0
0.0
</W>
<b>
-0.4382435049586455
</b>
<info>
Training (X) File : /home/vibhatha/data/libsvm/webspam/webspam_isesvm_train_x_bin.102 
Training (Y) File : /home/vibhatha/data/libsvm/webspam/webspam_isesvm_train_y.102.bin 
Testing (X) File : /home/vibhatha/data/libsvm/webspam/webspam_isesvm_test_x_bin.102 
Testing (Y) File : /home/vibhatha/data/libsvm/webspam/webspam_isesvm_test_y.102.bin 
I/O Time : 148
Kernel Matrix Calculation : 0.266 s
</info>
