<model>
linear
</model>
<W>
0.0
0.0
0.0
0.0
0.0
0.0
0.0
0.0
0.0
-0.49155974046061424
0.9903237683770558
0.0
0.0
-3.3641049774997547
0.0
0.0
0.0
0.0
0.0
0.0
0.0
0.0
0.0
0.0
0.0
0.0
1.3352542538111167
0.0
0.0
0.0
0.0
0.0
0.48366142174313387
-1.0827404232673554
3.169337016296789
2.5884629404681245
-0.40930291368042565
0.7562148112459911
-0.5512664164035805
-5.0748416751597984
0.8463054603696554
0.899541663149179
0.8093990665875715
-0.3949871790002174
0.2520510418350016
4.566375975707291
1.1221310552424892
7.891615333535363
-2.857246962362721
2.8410278424596305
0.9360646253489857
0.8457282314800043
-1.490205486800338
-1.876130006443422
3.468079338610879
0.1925510836362911
2.1173149252462498
1.5678190612788099
1.4874846752100115
-0.7409439955358703
-2.1285903089193825
-7.515061832832872
-2.4030718083557883
-3.942927022731246
0.4269584284090639
2.7069642369076137
-1.2592260098242658
-0.767575267044636
0.3429947287511287
2.2295953670045026
-5.226245618259829
2.288181425660253
-0.5960023968513678
2.2645240222674436
0.25308509000292745
-1.1165758366324825
0.16243286790692246
-3.6082726661300044
1.5438717834019877
-0.017948116459229252
-2.3519439557956856
-1.7057985664604791
5.089346077808541
3.2434410058283842
-3.376367522374277
-0.30974398863643365
0.45227464791279837
-0.061524292850206656
0.49725933981004244
-2.690523436673552
-1.5456453835981996
0.28680010693931435
-0.014467626459297939
0.313881168646964
-0.029508643192367394
0.14198613048406233
0.005870242537685554
7.645074623241655
3.2177553682851983
-3.121732950329127
-0.26333456197125193
-4.148031746749495
2.696180443460256
-5.596851414665709
-1.7651306328870162
7.8144431550175595
0.2985611971127417
-6.416809254380009
4.075885476072367
-3.368309990631538
2.640273851830017
-2.0323104877151628
-1.5216364862671674
-2.287761149833502
-4.389773722188739
8.090421523087524
2.1222956332763325
-1.635359329475396
5.276924096388634
-4.283587663781465
2.306243577992459
-2.5218593904055866
0.5855711377876194
0.8552859773799739
1.4165803899582652
0.8745017733838181
-1.0846141967232623
0.0
0.0
0.0
0.0
0.0
0.0
0.0
0.0
0.0
0.0
0.0
0.0
0.0
0.0
0.0
0.0
0.0
0.0
0.0
0.0
0.0
0.0
0.0
0.0
0.0
0.0
0.0
0.0
0.0
0.0
0.0
0.0
0.0
0.0
0.0
0.0
0.0
0.0
0.0
0.0
0.0
0.0
0.0
0.0
0.0
0.0
0.0
0.0
0.0
0.0
0.0
0.0
0.0
0.0
0.0
0.0
0.0
0.0
0.0
0.0
0.0
0.0
0.0
0.0
0.0
0.0
0.0
0.0
0.0
0.0
0.0
0.0
0.0
0.0
0.0
0.0
0.0
0.0
0.0
0.0
0.0
0.0
0.0
0.0
0.0
0.0
0.0
0.0
0.0
0.0
0.0
0.0
0.0
0.0
0.0
0.0
0.0
0.0
0.0
0.0
0.0
0.0
0.0
0.0
0.0
0.0
0.0
0.0
0.0
0.0
0.0
0.0
0.0
0.0
0.0
0.0
0.0
0.0
0.0
0.0
0.0
0.0
0.0
0.0
0.0
0.0
0.0
</W>
<b>
-3.0408852128994077
</b>
<info>
Training (X) File : /home/vibhatha/data/libsvm/webspam/webspam_isesvm_train_x_bin.364 
Training (Y) File : /home/vibhatha/data/libsvm/webspam/webspam_isesvm_train_y.364.bin 
Testing (X) File : /home/vibhatha/data/libsvm/webspam/webspam_isesvm_test_x_bin.364 
Testing (Y) File : /home/vibhatha/data/libsvm/webspam/webspam_isesvm_test_y.364.bin 
I/O Time : 106
Kernel Matrix Calculation : 0.228 s
</info>
