<model>
linear
</model>
<W>
0.0
0.0
0.0
0.0
0.0
0.0
0.0
0.0
0.0
-0.14047366721366408
-1.1806290045382566
0.0
0.0
-4.8281459018045725
0.0
0.0
0.0
0.0
0.0
0.0
0.0
0.0
0.0
0.0
0.0
0.0
2.380953397051907
0.0
0.0
0.0
0.0
0.0
-0.10260855623876729
0.8484605681389261
5.223970886091265
4.7550677412727005
-0.5766764671941949
-0.8502147931779718
-6.890373811246812
-5.9326824201152775
7.36920677825402
7.474312405106916
0.07025809338351377
2.3742221740730094
-0.0780828568865659
7.526936046241912
-3.0100972009025124
4.956450125424917
-3.5139678194820756
3.5435606228485494
2.663867286356118
-4.622358264964492
-1.5338532312059954
-1.380572915098288
5.959057340985833
0.019993133086851904
1.6499772587345043
0.498383947108598
-2.3300070875616705
-2.4017525976382252
-1.8874649287363803
-11.091303742388302
-1.7794264486476186
-4.5058448726438325
1.4791222955704166
2.6462133766385127
-4.214165797391206
0.3901377772614365
4.458531325073746
-4.770787723813875
-6.639068242072177
2.025573501279765
0.6351855941655419
3.773355134885424
1.285508742434858
0.3480071234065314
-0.28419567740324536
-4.574161238959534
1.7794788814575369
-1.7399077423455604
-0.17366741646795925
3.2044502235225094
-0.05917621167692012
5.280982897562538
0.5888713560838219
-0.3337699876850578
1.1803974690637151
1.4124749184905556
0.290082085856443
-3.619787645640401
-0.6097134785852252
0.46405416519555254
0.19211528641721914
0.46596242017205014
0.008616721073024153
2.936967285805409
-0.1880533256850946
2.672036908555203
3.4760479195978964
1.209940254232123
-3.5509641212638305
-1.5293284973117827
3.388795340467143
-9.343069978817482
0.7101040189841248
4.032833565584582
-1.8700490981778295
1.1749351284590595
3.77425045582505
-9.10069620524743
3.54258369566766
-1.7215459242052864
-0.8329526754080002
-2.162155647221298
-0.8790922390198502
11.249894697369651
2.8304103855831855
-8.600674521000393
6.170156340464553
-1.6959562444701364
2.2871150531066404
3.2673875396113603
-4.745749627156371
0.1464419882522269
0.4243926735432285
0.1570277282522268
-0.09228070293103825
0.0
0.0
0.0
0.0
0.0
0.0
0.0
0.0
0.0
0.0
0.0
0.0
0.0
0.0
0.0
0.0
0.0
0.0
0.0
0.0
0.0
0.0
0.0
0.0
0.0
0.0
0.0
0.0
0.0
0.0
0.0
0.0
0.0
0.0
0.0
0.0
0.0
0.0
0.0
0.0
0.0
0.0
0.0
0.0
0.0
0.0
0.0
0.0
0.0
0.0
0.0
0.0
0.0
0.0
0.0
0.0
0.0
0.0
0.0
0.0
0.0
0.0
0.0
0.0
0.0
0.0
0.0
0.0
0.0
0.0
0.0
0.0
0.0
0.0
0.0
0.0
0.0
0.0
0.0
0.0
0.0
0.0
0.0
0.0
0.0
0.0
0.0
0.0
0.0
0.0
0.0
0.0
0.0
0.0
0.0
0.0
0.0
0.0
0.0
0.0
0.0
0.0
0.0
0.0
0.0
0.0
0.0
0.0
0.0
0.0
0.0
0.0
0.0
0.0
0.0
0.0
0.0
0.0
0.0
0.0
0.0
0.0
0.0
0.0
0.0
0.0
0.0
</W>
<b>
-2.065804613652506
</b>
<info>
Training (X) File : /home/vibhatha/data/libsvm/webspam/webspam_isesvm_train_x_bin.303 
Training (Y) File : /home/vibhatha/data/libsvm/webspam/webspam_isesvm_train_y.303.bin 
Testing (X) File : /home/vibhatha/data/libsvm/webspam/webspam_isesvm_test_x_bin.303 
Testing (Y) File : /home/vibhatha/data/libsvm/webspam/webspam_isesvm_test_y.303.bin 
I/O Time : 110
Kernel Matrix Calculation : 0.203 s
</info>
