88.48920863309353
89.568345323741
88.48920863309353
88.12949640287769
87.76978417266187
87.05035971223022
89.92805755395683
88.84892086330936
86.33093525179856
86.33093525179856
90.28776978417267
87.76978417266187
87.41007194244604
90.28776978417267
86.33093525179856
85.25179856115108
88.12949640287769
87.76978417266187
86.6906474820144
84.53237410071942
87.76978417266187
92.44604316546763
89.92805755395683
86.6906474820144
88.84892086330936
87.05035971223022
87.05035971223022
84.17266187050359
85.97122302158273
88.12949640287769
91.72661870503596
84.89208633093526
86.6906474820144
89.20863309352518
88.48920863309353
87.05035971223022
92.08633093525181
88.48920863309353
87.76978417266187
88.84892086330936
