<model>
linear
</model>
<W>
0.0
0.0
0.0
0.0
0.0
0.0
0.0
0.0
-6.260633252838056E-4
-0.6835601379438996
-1.6443664224327126
0.0
0.0
-1.9441542960196387
0.0
0.0
0.0
0.0
0.0
0.0
0.0
0.0
0.0
0.0
0.0
0.0
1.4714998214987935
0.0
0.0
0.0
0.0
0.0
-1.123696335908213
-2.230395253203986
2.9898314160126804
4.287483521693936
-0.688339192766019
-1.759891608833109
-3.0139612018172968
-3.445341795890412
4.7090521289880085
5.050748265467385
-1.6829130205755134
-0.7633972583861601
-2.649300264782756
-1.8270354243673452
0.08563220162494634
2.8396674661926227
1.2921600159702522
1.173762743680642
-0.04724902136549369
-4.651461601230874
-3.14639645494265
-2.0493666474273673
10.61581018522219
-3.2780131118107625
6.975876151818014
0.7512300991930563
3.404609254160465
-1.2909815278223076
-2.4866107057761777
-8.183620338925929
-2.347113855976792
-3.6455979203096067
0.911790823008871
7.516559431534021
2.601835871968756
-3.711038369618973
6.859857637557169
-3.929054977126749
-5.447033851227879
0.8911413687534901
-0.6474415610607402
4.122720572220165
-0.44204922571307137
0.17633643247494712
-1.8725406573527446
-2.625449432042392
-2.5221566099543793
-3.343917047791791
-2.203657322702759
-0.2193443094042803
1.4447951126264948
1.654974936276405
-0.859680467398789
-2.939403591143451
-2.3253889241734904
-0.7009503899498937
0.20513170683179593
-3.709226465518864
-0.7290753300735575
-0.2814962872723205
1.6515936341121817
-0.28192762942599664
0.13335682577080296
9.331274718558436
-0.004582955440341675
5.186075957931883
-0.38337830161850617
4.079734560932384
-3.4457839526242675
0.039887993796372534
3.7133388450597136
-12.236541146310707
2.450536658210146
4.37432644905711
-1.143886622500873
0.19485446923244648
3.5579198604620204
-6.161482142080553
4.9939180070662825
-4.387234910755257
-2.2524471336052336
0.5717280671950107
-7.2906842319093945
11.333420240090623
1.0645672557749752
-5.221929427264422
8.716790161198936
1.9096179192923428
3.1226646681759385
2.5170607929638904
0.3012388487385041
0.5763734731267358
1.5667056738085354
0.565742573126736
0.10898362104021483
0.0
0.0
0.0
0.0
0.0
0.0
0.0
0.0
0.0
0.0
0.0
0.0
0.0
0.0
0.0
0.0
0.0
0.0
0.0
0.0
0.0
0.0
0.0
0.0
0.0
0.0
0.0
0.0
0.0
0.0
0.0
0.0
0.0
0.0
0.0
0.0
0.0
0.0
0.0
0.0
0.0
0.0
0.0
0.0
0.0
0.0
0.0
0.0
0.0
0.0
0.0
0.0
0.0
0.0
0.0
0.0
0.0
0.0
0.0
0.0
0.0
0.0
0.0
0.0
0.0
0.0
0.0
0.0
0.0
0.0
0.0
0.0
0.0
0.0
0.0
0.0
0.0
0.0
0.0
0.0
0.0
0.0
0.0
0.0
0.0
0.0
0.0
0.0
0.0
0.0
0.0
0.0
0.0
0.0
0.0
0.0
0.0
0.0
0.0
0.0
0.0
0.0
0.0
0.0
0.0
0.0
0.0
0.0
0.0
0.0
0.0
0.0
0.0
0.0
0.0
0.0
0.0
0.0
0.0
0.0
0.0
0.0
0.0
0.0
0.0
0.0
0.0
</W>
<b>
-1.2001001915941316
</b>
<info>
Training (X) File : /home/vibhatha/data/libsvm/webspam/webspam_isesvm_train_x_bin.315 
Training (Y) File : /home/vibhatha/data/libsvm/webspam/webspam_isesvm_train_y.315.bin 
Testing (X) File : /home/vibhatha/data/libsvm/webspam/webspam_isesvm_test_x_bin.315 
Testing (Y) File : /home/vibhatha/data/libsvm/webspam/webspam_isesvm_test_y.315.bin 
I/O Time : 110
Kernel Matrix Calculation : 0.224 s
</info>
