3146.000000,132.000000,15.000000,30.000000,5.000000,2583.000000,242.000000,232.000000,115.000000,1706.000000,0,0,1.000000,0,0,0,0,0,0,0,0,0,0,0,0,0,0,0,0,0,0,0,0,0,0,0,0,0,0,0,0,0,0,0,1.000000,0,0,0,0,0,0,0,0,0
3141.000000,142.000000,13.000000,30.000000,0,2584.000000,239.000000,236.000000,124.000000,1725.000000,0,0,1.000000,0,0,0,0,0,0,0,0,0,0,0,0,0,0,0,0,0,0,0,0,0,0,0,0,0,0,0,0,0,0,0,1.000000,0,0,0,0,0,0,0,0,0
3137.000000,136.000000,13.000000,30.000000,2.000000,2586.000000,240.000000,235.000000,122.000000,1744.000000,0,0,1.000000,0,0,0,0,0,0,0,0,0,0,0,0,0,0,0,0,0,0,0,0,0,0,0,0,0,0,0,0,0,0,0,1.000000,0,0,0,0,0,0,0,0,0
3131.000000,122.000000,16.000000,30.000000,-1.000000,2589.000000,245.000000,226.000000,105.000000,1764.000000,0,0,1.000000,0,0,0,0,0,0,0,0,0,0,0,0,0,0,0,0,0,0,0,0,0,0,0,0,0,0,0,0,0,0,0,1.000000,0,0,0,0,0,0,0,0,0
3123.000000,119.000000,18.000000,30.000000,-4.000000,2591.000000,248.000000,222.000000,96.000000,1784.000000,0,0,1.000000,0,0,0,0,0,0,0,0,0,0,0,0,0,0,0,0,0,0,0,0,0,0,0,0,0,0,0,0,0,0,0,1.000000,0,0,0,0,0,0,0,0,0
3114.000000,131.000000,15.000000,30.000000,-4.000000,2594.000000,243.000000,231.000000,112.000000,1804.000000,0,0,1.000000,0,0,0,0,0,0,0,0,0,0,0,0,0,0,0,0,0,0,0,0,0,0,0,0,0,0,0,0,0,0,0,1.000000,0,0,0,0,0,0,0,0,0
3111.000000,143.000000,14.000000,30.000000,5.000000,2597.000000,239.000000,236.000000,124.000000,1825.000000,0,0,1.000000,0,0,0,0,0,0,0,0,0,0,0,0,0,0,0,0,0,0,0,0,0,0,0,0,0,0,0,0,0,0,0,1.000000,0,0,0,0,0,0,0,0,0
3106.000000,133.000000,17.000000,0,0,2601.000000,245.000000,230.000000,108.000000,1846.000000,0,0,1.000000,0,0,0,0,0,0,0,0,0,0,0,0,0,0,0,0,0,0,0,0,0,0,0,0,0,0,0,0,0,0,0,1.000000,0,0,0,0,0,0,0,0,0
3098.000000,126.000000,19.000000,0,0,2605.000000,248.000000,223.000000,95.000000,1867.000000,0,0,1.000000,0,0,0,0,0,0,0,0,0,0,0,0,0,0,0,0,0,0,0,0,0,0,0,0,0,0,0,0,0,0,0,1.000000,0,0,0,0,0,0,0,0,0
3089.000000,125.000000,19.000000,0,0,2609.000000,248.000000,223.000000,95.000000,1888.000000,0,0,1.000000,0,0,0,0,0,0,0,0,0,0,0,0,0,0,0,0,0,0,0,0,0,0,0,0,0,0,0,0,0,0,0,1.000000,0,0,0,0,0,0,0,0,0
3081.000000,124.000000,18.000000,0,0,2614.000000,247.000000,225.000000,99.000000,1910.000000,0,0,1.000000,0,0,0,0,0,0,0,0,0,0,0,0,0,0,0,0,0,0,0,0,0,0,0,0,0,0,0,0,0,0,0,1.000000,0,0,0,0,0,0,0,0,0
3073.000000,121.000000,16.000000,0,0,2619.000000,246.000000,225.000000,103.000000,1931.000000,0,0,1.000000,0,0,0,0,0,0,0,0,0,0,0,0,0,0,0,0,0,0,0,0,0,0,0,0,0,0,0,0,0,0,0,1.000000,0,0,0,0,0,0,0,0,0
3066.000000,114.000000,17.000000,0,0,2624.000000,247.000000,221.000000,97.000000,1953.000000,0,0,1.000000,0,0,0,0,0,0,0,0,0,0,0,0,0,0,0,0,0,0,0,0,0,0,0,0,0,0,0,0,0,0,0,1.000000,0,0,0,0,0,0,0,0,0
3056.000000,114.000000,17.000000,0,0,2630.000000,246.000000,221.000000,98.000000,1976.000000,0,0,1.000000,0,0,0,0,0,0,0,0,0,0,0,0,0,0,0,0,0,0,0,0,0,0,0,0,0,0,0,0,0,0,0,1.000000,0,0,0,0,0,0,0,0,0
3049.000000,119.000000,12.000000,0,0,2636.000000,240.000000,229.000000,117.000000,1998.000000,0,0,1.000000,0,0,0,0,0,0,0,0,0,0,0,0,0,0,0,0,0,0,0,0,0,0,0,0,0,0,0,0,0,0,0,1.000000,0,0,0,0,0,0,0,0,0
3046.000000,95.000000,6.000000,0,0,2642.000000,229.000000,231.000000,136.000000,2021.000000,0,0,1.000000,0,0,0,0,0,0,0,0,0,0,0,0,0,0,0,0,0,0,0,0,0,0,0,0,0,0,0,0,0,0,0,1.000000,0,0,0,0,0,0,0,0,0
3043.000000,53.000000,9.000000,0,0,2649.000000,226.000000,220.000000,128.000000,2044.000000,0,0,1.000000,0,0,0,0,0,0,0,0,0,0,0,0,0,0,0,0,0,0,0,0,0,0,0,0,0,0,0,0,0,0,0,1.000000,0,0,0,0,0,0,0,0,0
3037.000000,51.000000,13.000000,0,0,2656.000000,226.000000,211.000000,117.000000,2067.000000,0,0,1.000000,0,0,0,0,0,0,0,0,0,0,0,0,0,0,0,0,0,0,0,0,0,0,0,1.000000,0,0,0,0,0,0,0,0,0,0,0,0,0,0,0,0,0
3032.000000,48.000000,12.000000,0,0,2663.000000,224.000000,213.000000,120.000000,2090.000000,0,0,1.000000,0,0,0,0,0,0,0,0,0,0,0,0,0,0,0,0,0,0,0,0,0,0,0,1.000000,0,0,0,0,0,0,0,0,0,0,0,0,0,0,0,0,0
3027.000000,30.000000,9.000000,0,0,2671.000000,218.000000,220.000000,137.000000,2113.000000,0,0,1.000000,0,0,0,0,0,0,0,0,0,0,0,0,0,0,0,0,0,0,0,0,0,0,0,1.000000,0,0,0,0,0,0,0,0,0,0,0,0,0,0,0,0,0
3027.000000,34.000000,10.000000,0,0,2671.000000,219.000000,218.000000,134.000000,2137.000000,0,0,1.000000,0,0,0,0,0,0,0,0,0,0,0,0,0,0,0,0,0,0,0,0,0,0,0,1.000000,0,0,0,0,0,0,0,0,0,0,0,0,0,0,0,0,0
3022.000000,55.000000,15.000000,0,0,2670.000000,228.000000,207.000000,109.000000,2160.000000,0,0,1.000000,0,0,0,0,0,0,0,0,0,0,0,0,0,0,0,0,0,0,0,0,0,0,0,1.000000,0,0,0,0,0,0,0,0,0,0,0,0,0,0,0,0,0
3015.000000,59.000000,14.000000,30.000000,-1.000000,2670.000000,230.000000,211.000000,111.000000,2184.000000,0,0,1.000000,0,0,0,0,0,0,0,0,0,0,0,0,0,0,0,0,0,0,0,0,0,0,0,1.000000,0,0,0,0,0,0,0,0,0,0,0,0,0,0,0,0,0
3009.000000,60.000000,11.000000,42.000000,-1.000000,2670.000000,229.000000,216.000000,119.000000,2208.000000,0,0,1.000000,0,0,0,0,0,0,0,0,0,0,0,0,0,0,0,0,0,0,0,0,0,0,0,1.000000,0,0,0,0,0,0,0,0,0,0,0,0,0,0,0,0,0
2998.000000,67.000000,11.000000,85.000000,-8.000000,2670.000000,231.000000,218.000000,119.000000,2256.000000,0,0,1.000000,0,0,0,0,0,0,0,0,0,0,0,0,0,0,0,0,0,0,0,0,0,0,0,1.000000,0,0,0,0,0,0,0,0,0,0,0,0,0,0,0,0,0
2993.000000,23.000000,4.000000,95.000000,-9.000000,2670.000000,218.000000,231.000000,151.000000,2281.000000,0,0,1.000000,0,0,0,0,0,0,0,0,0,0,0,0,0,0,0,0,0,0,0,0,0,0,0,1.000000,0,0,0,0,0,0,0,0,0,0,0,0,0,0,0,0,0
2996.000000,297.000000,7.000000,108.000000,-1.000000,2670.000000,201.000000,238.000000,176.000000,2305.000000,0,0,1.000000,0,0,0,0,0,0,0,0,0,0,0,0,0,0,0,0,0,0,0,0,0,0,0,1.000000,0,0,0,0,0,0,0,0,0,0,0,0,0,0,0,0,0
3000.000000,352.000000,5.000000,124.000000,7.000000,2670.000000,211.000000,231.000000,158.000000,2330.000000,0,0,1.000000,0,0,0,0,0,0,0,0,0,0,0,0,0,0,0,0,0,0,0,0,0,0,0,1.000000,0,0,0,0,0,0,0,0,0,0,0,0,0,0,0,0,0
2997.000000,348.000000,9.000000,134.000000,10.000000,2670.000000,203.000000,225.000000,161.000000,2355.000000,0,0,1.000000,0,0,0,0,0,0,0,0,0,0,0,0,0,0,0,0,0,0,0,0,0,0,0,1.000000,0,0,0,0,0,0,0,0,0,0,0,0,0,0,0,0,0
3002.000000,320.000000,16.000000,150.000000,18.000000,2670.000000,176.000000,223.000000,186.000000,2380.000000,0,0,1.000000,0,0,0,0,0,0,0,0,0,0,0,0,0,0,0,0,0,0,0,0,0,0,0,0,0,0,0,0,0,0,0,0,0,1.000000,0,0,0,0,0,0,0
3009.000000,317.000000,19.000000,170.000000,22.000000,2670.000000,165.000000,219.000000,192.000000,2405.000000,0,0,1.000000,0,0,0,0,0,0,0,0,0,0,0,0,0,0,0,0,0,0,0,0,0,0,0,0,0,0,0,0,0,0,0,0,0,1.000000,0,0,0,0,0,0,0
3016.000000,317.000000,20.000000,192.000000,33.000000,2646.000000,164.000000,219.000000,193.000000,2430.000000,0,0,1.000000,0,0,0,0,0,0,0,0,0,0,0,0,0,0,0,0,0,0,0,0,0,0,0,0,0,0,0,0,0,0,0,0,0,1.000000,0,0,0,0,0,0,0
3024.000000,323.000000,17.000000,216.000000,40.000000,2621.000000,174.000000,220.000000,185.000000,2455.000000,0,0,1.000000,0,0,0,0,0,0,0,0,0,0,0,0,0,0,0,0,0,0,0,0,0,0,0,0,0,0,0,0,0,0,0,0,0,1.000000,0,0,0,0,0,0,0
3028.000000,336.000000,14.000000,242.000000,46.000000,2596.000000,187.000000,220.000000,171.000000,2480.000000,0,0,1.000000,0,0,0,0,0,0,0,0,0,0,0,0,0,0,0,0,0,0,0,0,0,0,0,0,0,0,0,0,0,0,0,0,0,1.000000,0,0,0,0,0,0,0
3030.000000,356.000000,12.000000,268.000000,52.000000,2571.000000,200.000000,218.000000,155.000000,2506.000000,0,0,1.000000,0,0,0,0,0,0,0,0,0,0,0,0,0,0,0,0,0,0,0,0,0,0,0,0,0,0,0,0,0,0,0,1.000000,0,0,0,0,0,0,0,0,0
3029.000000,13.000000,12.000000,295.000000,56.000000,2546.000000,208.000000,215.000000,142.000000,2531.000000,0,0,1.000000,0,0,0,0,0,0,0,0,0,0,0,0,0,0,0,0,0,0,0,0,0,0,0,0,0,0,0,0,0,0,0,1.000000,0,0,0,0,0,0,0,0,0
3027.000000,26.000000,14.000000,323.000000,53.000000,2522.000000,213.000000,209.000000,130.000000,2557.000000,0,0,1.000000,0,0,0,0,0,0,0,0,0,0,0,0,0,0,0,0,0,0,0,0,0,0,0,0,0,0,0,0,0,0,0,1.000000,0,0,0,0,0,0,0,0,0
3022.000000,33.000000,16.000000,351.000000,51.000000,2497.000000,215.000000,203.000000,119.000000,2583.000000,0,0,1.000000,0,0,0,0,0,0,0,0,0,0,0,0,0,0,0,0,0,0,0,0,0,0,0,0,0,0,0,0,0,0,0,1.000000,0,0,0,0,0,0,0,0,0
3017.000000,38.000000,17.000000,379.000000,52.000000,2473.000000,218.000000,202.000000,114.000000,2609.000000,0,0,1.000000,0,0,0,0,0,0,0,0,0,0,0,0,0,0,0,0,0,0,0,0,0,0,0,0,0,0,0,0,0,0,0,1.000000,0,0,0,0,0,0,0,0,0
3011.000000,47.000000,18.000000,408.000000,50.000000,2448.000000,223.000000,197.000000,102.000000,2635.000000,0,0,1.000000,0,0,0,0,0,0,0,0,0,0,0,0,0,0,0,0,0,0,0,0,0,0,0,0,0,0,0,0,0,0,0,1.000000,0,0,0,0,0,0,0,0,0
3002.000000,48.000000,19.000000,433.000000,47.000000,2424.000000,224.000000,196.000000,100.000000,2661.000000,0,0,1.000000,0,0,0,0,0,0,0,0,0,0,0,0,0,0,0,0,0,0,0,0,0,0,0,0,0,0,0,0,0,0,0,1.000000,0,0,0,0,0,0,0,0,0
2995.000000,39.000000,15.000000,458.000000,47.000000,2400.000000,219.000000,206.000000,118.000000,2687.000000,0,0,1.000000,0,0,0,0,0,0,0,0,0,0,0,0,0,0,0,0,0,0,0,0,0,0,0,0,0,0,0,0,0,0,0,1.000000,0,0,0,0,0,0,0,0,0
2992.000000,42.000000,13.000000,484.000000,51.000000,2376.000000,222.000000,210.000000,121.000000,2713.000000,0,0,1.000000,0,0,0,0,0,0,0,0,0,0,0,0,0,0,0,0,0,0,0,0,0,0,0,0,0,0,0,0,0,0,0,1.000000,0,0,0,0,0,0,0,0,0
2986.000000,48.000000,13.000000,510.000000,48.000000,2352.000000,224.000000,211.000000,118.000000,2739.000000,0,0,1.000000,0,0,0,0,0,0,0,0,0,0,0,0,0,0,0,0,0,0,0,0,0,0,0,0,0,0,0,0,0,0,0,1.000000,0,0,0,0,0,0,0,0,0
2982.000000,33.000000,8.000000,516.000000,-22.000000,2329.000000,219.000000,222.000000,139.000000,2765.000000,0,0,1.000000,0,0,0,0,0,0,0,0,0,0,0,0,0,0,0,0,0,0,0,0,0,0,0,0,0,0,0,0,0,0,0,1.000000,0,0,0,0,0,0,0,0,0
2981.000000,70.000000,5.000000,499.000000,-23.000000,2305.000000,225.000000,230.000000,140.000000,2792.000000,0,0,1.000000,0,0,0,0,0,0,0,0,0,0,0,0,0,0,0,0,0,0,0,0,0,0,0,0,0,0,0,0,0,0,0,1.000000,0,0,0,0,0,0,0,0,0
2976.000000,101.000000,5.000000,484.000000,-28.000000,2282.000000,228.000000,233.000000,139.000000,2818.000000,0,0,1.000000,0,0,0,0,0,0,0,0,0,0,0,0,0,0,0,0,0,0,0,0,0,0,0,0,0,0,0,0,0,0,0,1.000000,0,0,0,0,0,0,0,0,0
2977.000000,352.000000,2.000000,469.000000,-27.000000,2259.000000,216.000000,236.000000,157.000000,2845.000000,0,0,1.000000,0,0,0,0,0,0,0,0,0,0,0,0,0,0,0,0,0,0,0,0,0,0,0,0,0,0,0,0,0,0,0,1.000000,0,0,0,0,0,0,0,0,0
2978.000000,36.000000,6.000000,450.000000,4.000000,2236.000000,220.000000,226.000000,143.000000,2871.000000,0,0,1.000000,0,0,0,0,0,0,0,0,0,0,0,0,0,0,0,0,0,0,0,0,0,0,0,0,0,0,0,0,0,0,0,1.000000,0,0,0,0,0,0,0,0,0
2973.000000,45.000000,9.000000,433.000000,0,2213.000000,223.000000,220.000000,132.000000,2898.000000,0,0,1.000000,0,0,0,0,0,0,0,0,0,0,0,0,0,0,0,0,0,0,0,0,0,0,0,0,0,0,0,0,0,0,0,1.000000,0,0,0,0,0,0,0,0,0
2971.000000,34.000000,9.000000,417.000000,-2.000000,2190.000000,219.000000,221.000000,137.000000,2925.000000,0,0,1.000000,0,0,0,0,0,0,0,0,0,0,0,0,0,0,0,0,0,0,0,0,0,0,0,0,0,0,0,0,0,0,0,0,1.000000,0,0,0,0,0,0,0,0
2968.000000,30.000000,10.000000,402.000000,6.000000,2167.000000,217.000000,218.000000,136.000000,2952.000000,0,0,1.000000,0,0,0,0,0,0,0,0,0,0,0,0,0,0,0,0,0,0,0,0,0,0,0,0,0,0,0,0,0,0,0,0,1.000000,0,0,0,0,0,0,0,0
2966.000000,32.000000,12.000000,390.000000,4.000000,2145.000000,217.000000,214.000000,131.000000,2978.000000,0,0,1.000000,0,0,0,0,0,0,0,0,0,0,0,0,0,0,0,0,0,0,0,0,0,0,0,0,0,0,0,0,0,0,0,0,1.000000,0,0,0,0,0,0,0,0
2961.000000,18.000000,12.000000,376.000000,0,2123.000000,210.000000,214.000000,139.000000,3005.000000,0,0,1.000000,0,0,0,0,0,0,0,0,0,0,0,0,0,0,0,0,0,0,0,0,0,0,0,0,0,0,0,0,0,0,0,0,1.000000,0,0,0,0,0,0,0,0
2962.000000,350.000000,15.000000,362.000000,9.000000,2101.000000,192.000000,214.000000,159.000000,3032.000000,0,0,1.000000,0,0,0,0,0,0,0,0,0,0,0,0,0,0,0,0,0,0,0,0,0,0,0,0,0,0,0,0,0,0,0,0,1.000000,0,0,0,0,0,0,0,0
2964.000000,358.000000,17.000000,350.000000,11.000000,2079.000000,192.000000,207.000000,151.000000,3037.000000,0,0,1.000000,0,0,0,0,0,0,0,0,0,0,0,0,0,0,0,0,0,0,0,0,0,0,0,0,0,0,0,0,0,0,0,0,1.000000,0,0,0,0,0,0,0,0
2963.000000,1.000000,17.000000,335.000000,10.000000,2058.000000,193.000000,205.000000,148.000000,3009.000000,0,0,1.000000,0,0,0,0,0,0,0,0,0,0,0,0,0,0,0,0,0,0,0,0,0,0,0,0,0,0,0,0,0,0,0,0,1.000000,0,0,0,0,0,0,0,0
2964.000000,11.000000,17.000000,323.000000,22.000000,2036.000000,199.000000,202.000000,137.000000,2981.000000,0,0,1.000000,0,0,0,0,0,0,0,0,0,0,0,0,0,0,0,0,0,0,0,0,0,0,0,0,0,0,0,0,0,0,0,0,1.000000,0,0,0,0,0,0,0,0
