<model>
linear
</model>
<W>
0.0
0.0
0.0
0.0
0.0
0.0
0.0
0.0
0.0
-0.9206179843939131
2.9363769102472017
0.0
0.0
-2.288216441351241
0.0
0.0
0.0
0.0
0.0
0.0
0.0
0.0
0.0
0.0
0.0
0.0
2.428106640602013
0.0
0.0
0.0
0.0
0.0
0.5671675968217169
-0.44739936883897996
4.389870031263404
0.6106167066923063
-0.04993917004723855
-0.9591502431711683
-1.4316577915507853
-1.1860065322627678
1.0491953419739823
1.0948070619739825
-1.7693824167926266
-0.09292737205839018
1.0577955225405598
3.0881615184571896
1.2136666218870444
7.011522883568691
0.09196543604884277
2.5533185136856265
1.1689495648215331
-0.2597788568944165
-0.09788254317555367
-0.42243394713397253
2.9463574511446207
0.7047940937030461
0.6769417728739988
1.2416922537998292
1.92937677776167
0.59746006798081
-2.287429737558216
-6.52652492916274
-2.1404082837733935
-1.4648791031870396
0.36113489762860984
0.15291388573098755
-1.1470404982663798
-1.4755527985700518
-0.36054583129335893
0.1921524995301298
-2.3816812360097215
-1.05718970695464
-0.9579573085941011
0.47291627108842377
-0.46919477513392727
-0.2337922153440701
-1.1398002170824864
-1.1227961739289487
-0.17703421497654748
-0.79645972203169
-1.134167654223027
-0.338380339425813
1.0143189995372695
2.213821465809149
-1.3239716563238342
0.165692405200342
1.2004530185658906
-1.088158602117387
-0.4430613314653599
-0.8860167827735287
-1.3776391427126142
0.39218155761723095
-0.03354500676418558
0.3946784016172309
0.061684573490365144
2.3944446496056013
0.014465740523683985
2.797126323934428
-0.6952038703850866
-1.000758334642961
-0.22283052489261435
0.7066422850492624
0.6317535204807623
-3.128825564644944
-0.6622798927329749
2.8819674024188293
-1.366704667486238
-0.0050726402745239485
2.3259634461030902
-6.384356903935669
3.8165462795880525
-0.13913464879136095
1.1892886380378884
-0.3354390108503476
-3.20594306274279
7.712614748095865
-0.5828799222987853
-0.13292453205565513
4.591093413717391
-1.3586834628969169
0.18512403270685288
-1.478680910119758
0.018183590154128834
-0.5434777731953158
0.3166987907214372
-0.547724505195316
-0.05818615600000001
0.0
0.0
0.0
0.0
0.0
0.0
0.0
0.0
0.0
0.0
0.0
0.0
0.0
0.0
0.0
0.0
0.0
0.0
0.0
0.0
0.0
0.0
0.0
0.0
0.0
0.0
0.0
0.0
0.0
0.0
0.0
0.0
0.0
0.0
0.0
0.0
0.0
0.0
0.0
0.0
0.0
0.0
0.0
0.0
0.0
0.0
0.0
0.0
0.0
0.0
0.0
0.0
0.0
0.0
0.0
0.0
0.0
0.0
0.0
0.0
0.0
0.0
0.0
0.0
0.0
0.0
0.0
0.0
0.0
0.0
0.0
0.0
0.0
0.0
0.0
0.0
0.0
0.0
0.0
0.0
0.0
0.0
0.0
0.0
0.0
0.0
0.0
0.0
0.0
0.0
0.0
0.0
0.0
0.0
0.0
0.0
0.0
0.0
0.0
0.0
0.0
0.0
0.0
0.0
0.0
0.0
0.0
0.0
0.0
0.0
0.0
0.0
0.0
0.0
0.0
0.0
0.0
0.0
0.0
0.0
0.0
0.0
0.0
0.0
0.0
0.0
0.0
</W>
<b>
-3.3412853205286455
</b>
<info>
Training (X) File : /home/vibhatha/data/libsvm/webspam/webspam_isesvm_train_x_bin.182 
Training (Y) File : /home/vibhatha/data/libsvm/webspam/webspam_isesvm_train_y.182.bin 
Testing (X) File : /home/vibhatha/data/libsvm/webspam/webspam_isesvm_test_x_bin.182 
Testing (Y) File : /home/vibhatha/data/libsvm/webspam/webspam_isesvm_test_y.182.bin 
I/O Time : 158
Kernel Matrix Calculation : 0.23 s
</info>
