88.48920863309353
88.12949640287769
88.12949640287769
84.89208633093526
85.61151079136691
84.89208633093526
88.12949640287769
87.76978417266187
87.76978417266187
86.33093525179856
89.20863309352518
85.25179856115108
84.53237410071942
88.12949640287769
82.73381294964028
85.25179856115108
86.6906474820144
88.12949640287769
88.12949640287769
82.01438848920863
87.41007194244604
88.48920863309353
85.61151079136691
87.76978417266187
85.25179856115108
85.25179856115108
84.89208633093526
84.53237410071942
84.89208633093526
88.48920863309353
89.568345323741
85.61151079136691
82.73381294964028
85.25179856115108
86.6906474820144
83.09352517985612
91.00719424460432
87.41007194244604
85.61151079136691
88.12949640287769
