91.72661870503596
91.00719424460432
90.64748201438849
88.12949640287769
88.48920863309353
91.00719424460432
90.28776978417267
90.64748201438849
90.28776978417267
89.568345323741
91.36690647482014
91.36690647482014
89.20863309352518
89.568345323741
90.28776978417267
87.05035971223022
92.08633093525181
89.92805755395683
89.92805755395683
83.81294964028777
92.80575539568345
92.08633093525181
91.36690647482014
91.00719424460432
88.84892086330936
91.72661870503596
89.20863309352518
91.00719424460432
90.64748201438849
92.44604316546763
92.80575539568345
87.76978417266187
91.72661870503596
90.64748201438849
90.64748201438849
91.00719424460432
92.44604316546763
92.08633093525181
91.36690647482014
89.92805755395683
