<model>
linear
</model>
<W>
0.0
0.0
0.0
0.0
0.0
0.0
0.0
0.0
0.0
-2.0907199902835885
1.0275278958386886
0.0
4.39542E-4
-2.640031833765016
0.0
0.0
0.0
0.0
0.0
0.0
0.0
0.0
0.0
0.0
0.0
0.0
0.5248292588377974
0.0
0.0
0.0
0.0
0.0
0.9726607023530524
-0.041939578614856185
2.8996756299052215
0.4741283203765389
-0.019975399637001748
-0.03344528951568617
-1.2172407291233382
-1.0689785890264838
0.6887067047071049
0.6883913215600426
-0.5878970401483268
-0.009661892121426308
-0.044017280774827076
1.7077249065483495
0.9290261704363934
3.850078549985219
0.6723714174691323
0.35604877582891337
0.175198870851847
0.4688609546849095
-0.0243283533766611
0.35624312415153264
0.7626819226153531
-0.4032460285391297
0.18335170309250795
0.5184590024104452
0.7564159827878933
-0.3421509013706294
0.3695651639155581
-2.855568163910617
0.4055558833460928
-0.9003953394367241
0.06938702181237502
1.2480626988082946
-0.06259619117658394
-0.22294882112583156
-0.1104906505054912
-1.334884626092462
-1.251031472770537
0.43253370829713156
-0.4808340984884484
1.4369311468084374
-0.1062431955851756
-0.20611591057875675
-0.3718189354712795
-0.7059159583820191
0.05646383792569125
0.03179210785656198
-0.19957282668937285
-0.3602697511935457
0.29974133202525216
0.73793520386298
-0.21926018058777832
-0.5026586960267648
-0.3640501404226904
-0.036079394044661456
-1.1716590720257862
-1.0068611662659466
-0.49337637071563994
0.11331410637154048
-0.03044727644396683
0.11331410637154048
-0.027385267284248484
1.1494259869086272
2.8671925487992647E-4
1.3180043872545648
0.014747360694817885
-1.3560348760816563
-1.0360807188510848
-0.43859334801795125
0.2512474758690882
-1.1228177746425854
-1.5801640185625032
4.51008793640738
-0.14635940133426317
-0.7446235917749527
2.9575117070915953
-2.4701066542814347
3.362335274935708
-0.9983804740510229
2.151761360150161
-0.49054065718299833
-2.022734876932505
4.680798524488093
-0.2318528785213111
0.1785574881803751
1.5038281860884755
-0.4404119164679663
0.31785851591882364
-0.013541196050608995
-0.004601295859665202
-0.15007274035542634
0.15815612332534937
-0.1509881423554263
0.0038649121999999995
0.0
0.0
0.0
0.0
0.0
0.0
0.0
0.0
0.0
0.0
0.0
0.0
0.0
0.0
0.0
0.0
0.0
0.0
0.0
0.0
0.0
0.0
0.0
0.0
0.0
0.0
0.0
0.0
0.0
0.0
0.0
0.0
0.0
0.0
0.0
0.0
0.0
0.0
0.0
0.0
0.0
0.0
0.0
0.0
0.0
0.0
0.0
0.0
0.0
0.0
0.0
0.0
0.0
0.0
0.0
0.0
0.0
0.0
0.0
0.0
0.0
0.0
0.0
0.0
0.0
0.0
0.0
0.0
0.0
0.0
0.0
0.0
0.0
0.0
0.0
0.0
0.0
0.0
0.0
0.0
0.0
0.0
0.0
0.0
0.0
0.0
0.0
0.0
0.0
0.0
0.0
0.0
0.0
0.0
0.0
0.0
0.0
0.0
0.0
0.0
0.0
0.0
0.0
0.0
0.0
0.0
0.0
0.0
0.0
0.0
0.0
0.0
0.0
0.0
0.0
0.0
0.0
0.0
0.0
0.0
0.0
0.0
0.0
0.0
0.0
0.0
0.0
</W>
<b>
-3.1433066923620645
</b>
<info>
Training (X) File : /home/vibhatha/data/libsvm/webspam/webspam_isesvm_train_x_bin.172 
Training (Y) File : /home/vibhatha/data/libsvm/webspam/webspam_isesvm_train_y.172.bin 
Testing (X) File : /home/vibhatha/data/libsvm/webspam/webspam_isesvm_test_x_bin.172 
Testing (Y) File : /home/vibhatha/data/libsvm/webspam/webspam_isesvm_test_y.172.bin 
I/O Time : 135
Kernel Matrix Calculation : 0.231 s
</info>
