<model>
linear
</model>
<W>
0.0
-0.01302764
-0.01317738
-0.01542354
-0.01123072
-0.01153022
-0.01317738
-0.0128779
-0.01033226
-0.4750162298124372
0.7722977833060471
-0.0128779
-0.0118297
-0.7734650945542675
-0.01422558
-0.020365
-0.01108098
-0.01362662
-0.01467482
-0.01138046
-0.01138046
-0.01242868
-0.01332712
-0.01362662
-0.01377636
-0.0139261
3.459332995650569
-0.01527378
-0.01647174
-0.0160225
-0.01632198
-0.01647174
0.12740457137373085
0.07622657921227495
3.5209831636287205
0.3455106629321091
0.02224785654993644
-0.5536912219861794
-0.8685796259901315
-0.26950815921056814
1.4286609734572717
1.4320665104649704
0.5644812350474225
0.1855938268309481
1.5677420001990707
2.0069369344325496
-0.9165666604182947
4.493860722813862
0.09674628667073819
0.6300959130666591
-0.505222170795598
-0.3562197141542842
-0.07613080459632582
-0.5561648647845495
0.5342997173173972
0.18825046359286268
0.8288467108806779
0.5521507712238102
0.47759080203768844
0.708669944639945
0.10865609705892998
-2.546557806743066
0.16525170797698696
-0.7697437181330665
0.09747092343116698
1.1728874030153682
-0.15348921531199788
-0.40916518706695043
-0.5357745990554211
-0.4011041623934095
-1.6730840721591513
0.012986378892516196
-0.6600009562362968
0.8299289951394336
-0.46910879086745966
-0.3664445573494072
0.4661572044368345
-1.2931170056572896
-0.028091036385284793
-0.1319481016398854
-0.7537802810704207
-0.49944151070785103
0.3654015318695988
1.7166892548590718
-0.08138773988843483
-0.8497723030141755
-0.21788357886713855
-0.447699460708931
-0.49234772735673565
-0.8012691520124746
-0.8560607247596658
0.1150291085268609
0.11650922065257395
0.11124145652686089
-0.008646742599999997
1.0410365473113559
-0.013610742200000001
2.194768483011856
-0.7626777867814509
0.8986936597061204
-1.7627481091448423
0.35411136856616543
1.124354370569053
-2.84918566104679
-0.7240415790735877
4.0786813499474235
-0.3904262985062693
-1.043548076200217
2.0408540910054924
-2.933544664288681
2.629487683849622
-1.5969000476060848
0.47463284238622283
-0.26851716458660707
-1.072233382058106
4.440518467647489
0.08122666734051653
-0.4625932039302558
2.3472324903272943
-1.5460449557670082
-0.19726232035691207
-0.3325279158701995
-0.3919850508172115
-0.09049145549074193
0.18164438823294887
-0.09291787549074194
-0.0347719922
-0.01766968
0.0
0.0
0.0
0.0
0.0
0.0
0.0
0.0
0.0
0.0
0.0
0.0
0.0
0.0
0.0
0.0
0.0
0.0
0.0
0.0
0.0
0.0
0.0
0.0
0.0
0.0
0.0
0.0
0.0
0.0
0.0
0.0
0.0
0.0
0.0
0.0
0.0
0.0
0.0
0.0
0.0
0.0
0.0
0.0
0.0
0.0
0.0
0.0
0.0
0.0
0.0
0.0
0.0
0.0
0.0
0.0
0.0
0.0
0.0
0.0
0.0
0.0
0.0
0.0
0.0
0.0
0.0
0.0
0.0
0.0
0.0
0.0
0.0
0.0
0.0
0.0
0.0
0.0
0.0
0.0
0.0
0.0
0.0
0.0
0.0
0.0
0.0
0.0
0.0
0.0
0.0
0.0
0.0
0.0
0.0
0.0
0.0
0.0
0.0
0.0
0.0
0.0
0.0
0.0
0.0
0.0
0.0
0.0
0.0
0.0
0.0
0.0
0.0
0.0
0.0
0.0
0.0
0.0
0.0
0.0
0.0
0.0
0.0
0.0
0.0
0.0
</W>
<b>
-3.048374871811422
</b>
<info>
Training (X) File : /home/vibhatha/data/libsvm/webspam/webspam_isesvm_train_x_bin.122 
Training (Y) File : /home/vibhatha/data/libsvm/webspam/webspam_isesvm_train_y.122.bin 
Testing (X) File : /home/vibhatha/data/libsvm/webspam/webspam_isesvm_test_x_bin.122 
Testing (Y) File : /home/vibhatha/data/libsvm/webspam/webspam_isesvm_test_y.122.bin 
I/O Time : 143
Kernel Matrix Calculation : 0.211 s
</info>
