<model>
linear
</model>
<W>
0.0
0.0
0.0
0.0
0.0
0.0
0.0
0.0
0.0
-0.5599446372263978
1.7528711501621226
0.0
0.0
-2.6114287655361488
0.0
0.0
0.0
0.0
0.0
0.0
0.0
0.0
0.0
0.0
0.0
0.0
0.6716229267969903
0.0
0.0
0.0
0.0
0.0
0.3302232580605824
-0.07385541270090698
2.025928169286229
0.34105368539009057
-0.002531732136381283
0.4148847839647651
-1.4839038543569112
-0.5703990979080318
1.3442294124414584
1.3323559014367374
-0.001509088969711428
0.05813869742928457
0.0044402881904991
0.9938273590521894
-0.6489327841211512
3.5391628825680517
0.7153766691300826
0.10556320689214974
-0.0024536320391421312
-0.3294839229104012
-0.5789171585701509
-0.3419478584366772
0.27254005651401436
-0.5439074346692799
-0.04236238102454172
-0.09026107776020575
0.9312400381374311
1.801742084272276
0.94473889030853
-2.364130159391536
0.9543316266986633
-0.7550591469299057
0.11317924078798529
0.7521375505772642
-0.028487835349241573
-0.2972218981296051
0.7792848972541722
-1.674864041147102
-1.205647903693182
-0.17152416531906306
-0.4026998991124836
0.7227501680583566
-0.01906674610922561
-0.47130898954304623
-0.5744921885425776
-1.10027221129337
-0.35977579617380423
-0.5637701523419033
-0.8204199273537753
-0.03220435570807872
0.42396802421010865
0.4534577402067811
0.4283941151157467
-0.16319136919553875
0.11781462486653663
0.253258081653682
-0.8758456956781904
-0.6134528546406204
-0.4694858946042003
0.10519082826563626
-0.019829219305079613
0.10510046826563628
0.009726522199328737
1.3664374903925878
0.0016292856000000003
2.006441788709969
-0.6458129179530405
-0.6402048030326335
-2.1249348163181967
1.2389070216122602
0.9422320981336213
-2.4982401895421367
-2.0661711990605323
4.311242441447887
0.2845451969544857
-0.711429065251711
3.769939090892839
-2.6566305806626316
3.641109893218375
-1.2872843467851547
0.5209592057977941
0.2034809059405143
-1.6172715830537716
4.772935851459289
0.5812637333718024
-0.9454770853922405
2.052355282977326
-0.8894998363453851
0.604380942824092
0.3075686221134035
0.14692239486311381
0.1343976082809169
0.36244747351578943
0.1355817282809169
-0.019499412
0.0
0.0
0.0
0.0
0.0
0.0
0.0
0.0
0.0
0.0
0.0
0.0
0.0
0.0
0.0
0.0
0.0
0.0
0.0
0.0
0.0
0.0
0.0
0.0
0.0
0.0
0.0
0.0
0.0
0.0
0.0
0.0
0.0
0.0
0.0
0.0
0.0
0.0
0.0
0.0
0.0
0.0
0.0
0.0
0.0
0.0
0.0
0.0
0.0
0.0
0.0
0.0
0.0
0.0
0.0
0.0
0.0
0.0
0.0
0.0
0.0
0.0
0.0
0.0
0.0
0.0
0.0
0.0
0.0
0.0
0.0
0.0
0.0
0.0
0.0
0.0
0.0
0.0
0.0
0.0
0.0
0.0
0.0
0.0
0.0
0.0
0.0
0.0
0.0
0.0
0.0
0.0
0.0
0.0
0.0
0.0
0.0
0.0
0.0
0.0
0.0
0.0
0.0
0.0
0.0
0.0
0.0
0.0
0.0
0.0
0.0
0.0
0.0
0.0
0.0
0.0
0.0
0.0
0.0
0.0
0.0
0.0
0.0
0.0
0.0
0.0
0.0
</W>
<b>
-3.4481547406198763
</b>
<info>
Training (X) File : /home/vibhatha/data/libsvm/webspam/webspam_isesvm_train_x_bin.76 
Training (Y) File : /home/vibhatha/data/libsvm/webspam/webspam_isesvm_train_y.76.bin 
Testing (X) File : /home/vibhatha/data/libsvm/webspam/webspam_isesvm_test_x_bin.76 
Testing (Y) File : /home/vibhatha/data/libsvm/webspam/webspam_isesvm_test_y.76.bin 
I/O Time : 112
Kernel Matrix Calculation : 0.213 s
</info>
