<model>
linear
</model>
<W>
0.0
0.0
0.0
0.0
0.0
0.0
0.0
0.0
0.0
-3.437878838313417
1.0664027475736462
0.0
0.0
-2.0465304098204102
0.0
0.0
0.0
0.0
0.0
0.0
0.0
0.0
0.0
0.0
0.0
0.0
1.8781189475069557
0.0
0.0
0.0
0.0
0.0
-1.793418311663722
0.8610999698130117
3.1956374689974134
6.141881499239812
-0.9246378769012442
-0.5307625675754359
0.42591145132288194
-1.8757656586966398
4.1411726516312255
4.209084249376935
2.4206138610824595
2.156483340622243
-1.3244516199978893
7.190651293634619
-3.069239773963297
6.1679319702653395
-0.18784248667808892
1.9931233228530918
5.450187264981006
-0.24961713947739061
0.6826381260163563
-2.2277574634243296
-1.2192739918241093
-2.8619803228113296
2.2736764635232762
3.557401992319079
-0.15553913706966702
-0.5694736596874521
-3.4226262676828596
-7.95713668897968
-3.8461500602619405
-6.350918516039293
1.733920103011832
3.9585153002899616
-2.8431050599236496
-3.4206065140174218
2.4846828654736077
1.3413033381409123
-7.7761060764179675
-4.449027073716111
-0.5852921283818957
5.075153040159824
-3.0966648129598595
-1.4373393553831324
-2.3690601084144154
-8.705003096294458
4.320213898656952
-2.7513045614880323
-1.701287079846448
0.06715052994360515
-1.5449525534056179
5.3108151163430195
2.2889659630082173
1.2498103316818723
-4.624117132001365
-2.669413790434832
-1.6798746940404647
-3.0748978785959977
-6.113619756689301
0.9941055071656901
-5.925728282714428
0.9941055071656901
0.02300733509245113
9.893988518125028
2.9848512550501025E-19
4.202837555078407
0.9365666362736614
-1.810109321987223
3.1453126969707186
-2.0815138974851517
2.4513148122511046
-7.700999990064325
-4.003032496360604
8.14923044230223
-7.184360850707725
-4.145598109336428
5.511410722895325
-11.400023413569222
3.4240698579662117
-2.7458716094421685
1.866813110723782
-2.7153621062361433
-2.1589679299108453
6.003486106042586
0.646287307411486
-5.775967198105338
5.098137434410173
3.5773234917399495
0.37276755545785045
-1.7773822370630634
-1.086379210236527
-0.12493079468238782
0.4579161547183023
-0.12493079468238782
-0.3060642863713665
0.0
0.0
0.0
0.0
0.0
0.0
0.0
0.0
0.0
0.0
0.0
0.0
0.0
0.0
0.0
0.0
0.0
0.0
0.0
0.0
0.0
0.0
0.0
0.0
0.0
0.0
0.0
0.0
0.0
0.0
0.0
0.0
0.0
0.0
0.0
0.0
0.0
0.0
0.0
0.0
0.0
0.0
0.0
0.0
0.0
0.0
0.0
0.0
0.0
0.0
0.0
0.0
0.0
0.0
0.0
0.0
0.0
0.0
0.0
0.0
0.0
0.0
0.0
0.0
0.0
0.0
0.0
0.0
0.0
0.0
0.0
0.0
0.0
0.0
0.0
0.0
0.0
0.0
0.0
0.0
0.0
0.0
0.0
0.0
0.0
0.0
0.0
0.0
0.0
0.0
0.0
0.0
0.0
0.0
0.0
0.0
0.0
0.0
0.0
0.0
0.0
0.0
0.0
0.0
0.0
0.0
0.0
0.0
0.0
0.0
0.0
0.0
0.0
0.0
0.0
0.0
0.0
0.0
0.0
0.0
0.0
0.0
0.0
0.0
0.0
0.0
0.0
</W>
<b>
-0.8993959110219756
</b>
<info>
Training (X) File : /home/vibhatha/data/libsvm/webspam/webspam_isesvm_train_x_bin.235 
Training (Y) File : /home/vibhatha/data/libsvm/webspam/webspam_isesvm_train_y.235.bin 
Testing (X) File : /home/vibhatha/data/libsvm/webspam/webspam_isesvm_test_x_bin.235 
Testing (Y) File : /home/vibhatha/data/libsvm/webspam/webspam_isesvm_test_y.235.bin 
I/O Time : 163
Kernel Matrix Calculation : 0.272 s
</info>
