<model>
linear
</model>
<W>
0.0
0.0
0.0
0.0
0.0
0.0
0.0
0.0
0.0
-0.42645970606837963
0.5225667267218314
0.0
0.0
-1.0737847599164478
0.0
0.0
0.0
0.0
0.0
0.0
0.0
0.0
0.0
0.0
0.0
0.0
1.7623686283167916
0.0
0.0
0.0
0.0
0.0
-0.5595838026091298
0.09895168570749474
1.0312688707484732
0.3506868243377571
0.003781176230250919
-0.6405678196524485
-0.920639956157808
0.2120585329699639
1.326692686364908
1.3270280063649076
-0.11990546838879079
0.3079955108366068
0.26108751536674507
1.8203821793760206
-0.10583232808334038
4.1916569108791
0.3672288391173939
0.7173949400848737
-0.0013643302156136072
-0.10523546507925015
-0.21068676701163533
-0.27312805032313736
0.8367763811797916
0.04697768391121081
0.5011497242462072
0.33411224868307865
0.5139680691063173
0.3693998260316124
-0.3813578706587794
-1.8618141538205288
-0.3646701490988345
-0.328261953996413
0.06814009150505551
0.5573289399505714
-0.26205921213788247
-0.5632438427458523
-0.23453923353073464
-1.2838143127639465
-0.8632964863286698
0.03177790692122828
-0.4842622509809458
0.16994381328785743
0.004431954314479867
-0.28574759339075384
-0.2435060026611487
-0.6982549807772602
-0.39424589907792207
-0.5682755238035215
-0.5077374669871806
-0.08284471289819931
0.27707395987851274
0.6190967471427775
-0.8923350420355121
-0.17973204154619657
-0.14631681578154035
-0.08728003829971152
-0.12795712016063554
-0.44448642286439227
-0.25514032439473167
-0.054248671407663304
-0.015672738735175676
-0.047330091407663304
0.0012698235000000006
0.6735816459491991
-0.00150785
0.9915850415924561
-0.21384818856732504
0.13023570352158576
-1.5498309546545437
-0.009158128837649326
0.07459194274491743
-0.46477308341027174
-1.2905739352735868
2.9028116414671503
-0.38342688414265497
-0.2965486058265711
2.3945802527029705
-2.505855930658111
2.3186663687164275
-1.5287068086516509
1.145681051549306
-0.34771749387034045
-1.5051781386504581
3.8832131996556387
0.539636054193264
-0.1918052449364272
1.6006131602823408
-0.8916091041328573
0.28524675674425604
0.307657809325994
-0.09055207177182648
0.07255361628167653
0.15595389324199685
0.07116840828167653
-0.04927467480000001
0.0
0.0
0.0
0.0
0.0
0.0
0.0
0.0
0.0
0.0
0.0
0.0
0.0
0.0
0.0
0.0
0.0
0.0
0.0
0.0
0.0
0.0
0.0
0.0
0.0
0.0
0.0
0.0
0.0
0.0
0.0
0.0
0.0
0.0
0.0
0.0
0.0
0.0
0.0
0.0
0.0
0.0
0.0
0.0
0.0
0.0
0.0
0.0
0.0
0.0
0.0
0.0
0.0
0.0
0.0
0.0
0.0
0.0
0.0
0.0
0.0
0.0
0.0
0.0
0.0
0.0
0.0
0.0
0.0
0.0
0.0
0.0
0.0
0.0
0.0
0.0
0.0
0.0
0.0
0.0
0.0
0.0
0.0
0.0
0.0
0.0
0.0
0.0
0.0
0.0
0.0
0.0
0.0
0.0
0.0
0.0
0.0
0.0
0.0
0.0
0.0
0.0
0.0
0.0
0.0
0.0
0.0
0.0
0.0
0.0
0.0
0.0
0.0
0.0
0.0
0.0
0.0
0.0
0.0
0.0
0.0
0.0
0.0
0.0
0.0
0.0
0.0
</W>
<b>
-1.5586594308858692
</b>
<info>
Training (X) File : /home/vibhatha/data/libsvm/webspam/webspam_isesvm_train_x_bin.376 
Training (Y) File : /home/vibhatha/data/libsvm/webspam/webspam_isesvm_train_y.376.bin 
Testing (X) File : /home/vibhatha/data/libsvm/webspam/webspam_isesvm_test_x_bin.376 
Testing (Y) File : /home/vibhatha/data/libsvm/webspam/webspam_isesvm_test_y.376.bin 
I/O Time : 142
Kernel Matrix Calculation : 0.277 s
</info>
