85.97122302158273
87.41007194244604
87.76978417266187
86.6906474820144
84.53237410071942
85.25179856115108
87.05035971223022
86.33093525179856
82.37410071942446
85.25179856115108
88.12949640287769
83.45323741007195
84.89208633093526
85.97122302158273
83.09352517985612
85.25179856115108
86.6906474820144
85.25179856115108
83.81294964028777
78.41726618705036
85.97122302158273
88.12949640287769
87.41007194244604
86.33093525179856
83.81294964028777
82.01438848920863
85.61151079136691
83.45323741007195
84.89208633093526
88.84892086330936
90.28776978417267
83.45323741007195
83.09352517985612
86.33093525179856
87.05035971223022
85.25179856115108
89.20863309352518
87.05035971223022
86.33093525179856
83.45323741007195
