83.81294964028777
85.97122302158273
86.6906474820144
84.89208633093526
83.45323741007195
84.17266187050359
84.53237410071942
85.25179856115108
82.37410071942446
84.17266187050359
86.6906474820144
82.01438848920863
83.45323741007195
85.97122302158273
82.37410071942446
83.45323741007195
85.61151079136691
84.89208633093526
83.81294964028777
76.61870503597122
85.61151079136691
88.12949640287769
86.6906474820144
85.61151079136691
83.45323741007195
81.65467625899281
82.37410071942446
82.37410071942446
83.81294964028777
87.05035971223022
90.28776978417267
83.09352517985612
82.01438848920863
84.17266187050359
87.05035971223022
83.45323741007195
89.568345323741
86.33093525179856
85.25179856115108
85.61151079136691
