83.81294964028777
84.89208633093526
84.17266187050359
85.25179856115108
82.73381294964028
82.37410071942446
83.09352517985612
84.89208633093526
82.73381294964028
84.17266187050359
84.89208633093526
81.65467625899281
82.01438848920863
85.25179856115108
80.57553956834532
83.45323741007195
84.53237410071942
82.73381294964028
82.01438848920863
74.46043165467626
84.89208633093526
88.48920863309353
85.97122302158273
81.65467625899281
81.65467625899281
78.77697841726618
81.29496402877699
79.13669064748201
81.65467625899281
84.89208633093526
89.568345323741
83.09352517985612
80.93525179856115
82.73381294964028
86.33093525179856
79.49640287769785
88.12949640287769
84.17266187050359
83.81294964028777
84.53237410071942
