<model>
linear
</model>
<W>
0.0
0.0
0.0
0.0
0.0
0.0
0.0
0.0
0.0
-1.4872954322280219
5.188566819940941
0.0
0.0
-3.9723085168339622
0.0
0.0
0.0
0.0
0.0
0.0
0.0
0.0
0.0
0.0
0.0
0.0
0.4366843717346325
0.0
0.0
0.0
0.0
0.0
-1.1217758987423214
-0.04933234754653412
3.218253735699033
6.655808423704669
-0.778063372109856
1.9759340630389381
-3.1301970445393312
-6.576196307919179
5.507871565601525
5.627939499115991
3.5413987717935305
1.6921844037022113
-3.6555971181431084
0.4737179389750148
-0.06186896973555414
11.828705224414453
-2.8493419039815433
2.2629157107903217
-3.7489070200325036
2.808007690341377
0.5831511439191537
-4.793515254489648
0.2400043983413318
0.3167314691713644
5.636481562886679
-0.18594448149750809
0.20676466848240432
1.9700664923879159
-3.6966720653855845
-10.248948082935623
-3.944268731932574
-4.945518040588293
0.938375131967232
4.406846436821345
-5.051658611590225
-2.5964932472876106
3.5812632963875095
-3.730154057217563
-7.52519766553636
4.308937966936943
-1.721923263601064
6.077729314335416
1.0722532832953438
0.4650725663571473
0.9272729046455253
-2.6559940574052505
3.5729556782145764
2.658981149547296
-2.860431890203833
1.0802440138279181
1.5206761811605363
2.5144237990614835
-8.33217726051413
-0.5301568998138924
2.078981978033865
-0.6980672700718572
-3.5994159081219466
-2.903828594868061
-0.3083464646443981
0.031577519695608854
1.0203549224719801
0.20825370066851645
-0.031578095214935806
2.4944198256619643
-0.12149263462647775
4.9168802036926715
-2.561393340255707
-3.9217181605172815
-1.5100747083261306
-5.063775690819453
4.429066094681452
-7.893760803842101
1.5831430339425214
5.1808283540799565
-3.1585992750332155
2.890022930923622
-0.29639743405021074
-15.858140291244585
5.709262411254741
-4.1949751105419715
0.9258502134889168
1.297942311080934
-6.782396997129668
15.210042295816693
1.622801228109809
-2.3999889041209284
5.63117625189035
2.0672515261479867
0.9258458229153863
-0.20308885458316028
-0.8854874947852225
-0.12299115692532325
3.3774445849913377
-0.11805905692532326
0.8881033956369837
0.0
0.0
0.0
0.0
0.0
0.0
0.0
0.0
0.0
0.0
0.0
0.0
0.0
0.0
0.0
0.0
0.0
0.0
0.0
0.0
0.0
0.0
0.0
0.0
0.0
0.0
0.0
0.0
0.0
0.0
0.0
0.0
0.0
0.0
0.0
0.0
0.0
0.0
0.0
0.0
0.0
0.0
0.0
0.0
0.0
0.0
0.0
0.0
0.0
0.0
0.0
0.0
0.0
0.0
0.0
0.0
0.0
0.0
0.0
0.0
0.0
0.0
0.0
0.0
0.0
0.0
0.0
0.0
0.0
0.0
0.0
0.0
0.0
0.0
0.0
0.0
0.0
0.0
0.0
0.0
0.0
0.0
0.0
0.0
0.0
0.0
0.0
0.0
0.0
0.0
0.0
0.0
0.0
0.0
0.0
0.0
0.0
0.0
0.0
0.0
0.0
0.0
0.0
0.0
0.0
0.0
0.0
0.0
0.0
0.0
0.0
0.0
0.0
0.0
0.0
0.0
0.0
0.0
0.0
0.0
0.0
0.0
0.0
0.0
0.0
0.0
0.0
</W>
<b>
0.1470766631473778
</b>
<info>
Training (X) File : /home/vibhatha/data/libsvm/webspam/webspam_isesvm_train_x_bin.300 
Training (Y) File : /home/vibhatha/data/libsvm/webspam/webspam_isesvm_train_y.300.bin 
Testing (X) File : /home/vibhatha/data/libsvm/webspam/webspam_isesvm_test_x_bin.300 
Testing (Y) File : /home/vibhatha/data/libsvm/webspam/webspam_isesvm_test_y.300.bin 
I/O Time : 112
Kernel Matrix Calculation : 0.218 s
</info>
