88.84892086330936
92.44604316546763
91.00719424460432
91.00719424460432
87.05035971223022
89.92805755395683
90.28776978417267
91.00719424460432
91.36690647482014
88.84892086330936
91.36690647482014
91.00719424460432
88.48920863309353
88.48920863309353
90.28776978417267
89.92805755395683
90.28776978417267
88.12949640287769
88.84892086330936
82.73381294964028
92.80575539568345
92.44604316546763
91.36690647482014
91.36690647482014
88.84892086330936
90.28776978417267
88.48920863309353
89.568345323741
87.41007194244604
92.80575539568345
92.08633093525181
86.33093525179856
89.568345323741
90.28776978417267
90.64748201438849
88.84892086330936
89.20863309352518
92.44604316546763
88.48920863309353
89.20863309352518
