92.44604316546763
90.64748201438849
89.568345323741
88.12949640287769
88.84892086330936
88.48920863309353
89.20863309352518
89.92805755395683
90.64748201438849
89.568345323741
92.08633093525181
87.41007194244604
88.12949640287769
90.28776978417267
88.48920863309353
85.97122302158273
91.00719424460432
89.20863309352518
88.48920863309353
85.97122302158273
88.84892086330936
92.08633093525181
91.36690647482014
89.568345323741
89.568345323741
89.568345323741
87.76978417266187
89.92805755395683
88.48920863309353
91.72661870503596
91.72661870503596
89.20863309352518
89.20863309352518
89.568345323741
89.92805755395683
87.05035971223022
92.80575539568345
88.48920863309353
87.76978417266187
87.76978417266187
