<model>
linear
</model>
<W>
0.0
0.0
0.0
0.0
0.0
0.0
0.0
0.0
0.0
-2.733254055409452
2.3263673751148044
0.0
0.005063312
-2.020531953406455
0.0
0.0
0.0
0.0
0.0
0.0
0.0
0.0
0.0
0.0
0.0
0.0
1.2127824608445592
0.0
0.0
0.0
0.0
0.0
-1.9739943379256388
-1.4907265419607598
6.062120742245079
3.9824516438244415
-0.442991319840026
0.8163264688511197
2.391219791459608
-3.1705066598700467
1.5920337009584966
1.6819795709584962
-5.173091517635324
0.18487618279865264
-2.2381723139226253
4.0498982785635915
-4.298290825855658
4.755997462309049
2.80791573312449
-3.255337547296306
5.575369451927
1.5734028319640863
-0.3817529316269329
-5.198154406249287
0.3922674295098648
-3.64424469945027
3.416522082334178
2.607755275342413
3.539895526596851
2.7957769741744487
-2.978693770303938
-12.441980164941533
-3.1808670479938126
-3.0629447327282393
0.6304721186832756
2.306612603379721
0.4178323743843795
-2.1621749694719625
2.425035603152242
-6.50951767660681
-10.364637936651791
-1.3162936780992032
0.10937168153929325
5.100209624871747
0.23804929039982933
-2.308715843002938
0.5569208691643073
-0.7995302840957355
-1.9604835812968693
-2.144503345993545
-2.736634085393667
0.5041499641573893
1.3465646800374103
3.7942964858475134
-0.09751107909609114
-1.6380297188552553
0.6556912605521508
0.8140296603165532
-1.28759915671421
-2.851524977411429
-1.630202754881706
1.837391969890049
0.11285828828452757
1.837391969890049
0.031339327928473944
-0.12782448099429555
0.002923477668142507
6.664895229247259
-2.5793176434808647
-1.9029295727527211
-2.900503916800099
-0.2093978007070323
3.652134482623615
-4.4625946595421
-0.5851575359565455
6.405974061301143
-2.067047972417487
0.1905849761177849
3.115681438321452
-9.341953463908164
5.180973322046521
-5.578711764070039
-2.136555408644583
0.9298714276102661
-5.390791547404071
8.828610893185761
-0.2721106533552069
0.552960872648893
2.4255251652891916
-1.3200723967389112
0.8896924173860944
-3.3189135016123794
-0.5096233731131944
-0.7133039909940342
0.6640394525314153
-0.7117972609940342
0.009445120623645636
0.0
0.0
0.0
0.0
0.0
0.0
0.0
0.0
0.0
0.0
0.0
0.0
0.0
0.0
0.0
0.0
0.0
0.0
0.0
0.0
0.0
0.0
0.0
0.0
0.0
0.0
0.0
0.0
0.0
0.0
0.0
0.0
0.0
0.0
0.0
0.0
0.0
0.0
0.0
0.0
0.0
0.0
0.0
0.0
0.0
0.0
0.0
0.0
0.0
0.0
0.0
0.0
0.0
0.0
0.0
0.0
0.0
0.0
0.0
0.0
0.0
0.0
0.0
0.0
0.0
0.0
0.0
0.0
0.0
0.0
0.0
0.0
0.0
0.0
0.0
0.0
0.0
0.0
0.0
0.0
0.0
0.0
0.0
0.0
0.0
0.0
0.0
0.0
0.0
0.0
0.0
0.0
0.0
0.0
0.0
0.0
0.0
0.0
0.0
0.0
0.0
0.0
0.0
0.0
0.0
0.0
0.0
0.0
0.0
0.0
0.0
0.0
0.0
0.0
0.0
0.0
0.0
0.0
0.0
0.0
0.0
0.0
0.0
0.0
0.0
0.0
0.0
</W>
<b>
0.26348590060985094
</b>
<info>
Training (X) File : /home/vibhatha/data/libsvm/webspam/webspam_isesvm_train_x_bin.388 
Training (Y) File : /home/vibhatha/data/libsvm/webspam/webspam_isesvm_train_y.388.bin 
Testing (X) File : /home/vibhatha/data/libsvm/webspam/webspam_isesvm_test_x_bin.388 
Testing (Y) File : /home/vibhatha/data/libsvm/webspam/webspam_isesvm_test_y.388.bin 
I/O Time : 130
Kernel Matrix Calculation : 0.211 s
</info>
