<model>
linear
</model>
<W>
0.0
0.0
0.0
0.0
0.0
0.0
0.0
0.0
0.0
0.3515800606354912
-0.6176434201404889
0.0
0.0
-5.118197098876057
0.0
0.0
0.0
0.0
0.0
0.0
0.0
0.0
0.0
0.0
0.0
0.0
1.5435828564850458
0.0
0.0
0.0
0.0
0.0
-1.0270783501787515
0.15418883526171973
1.830811997249098
6.953409959397747
-0.26174616493712166
-3.733832333969224
-2.1391534480017182
-4.215365714146643
5.515374756555595
5.61542092790638
0.07502858744924362
-1.5011319151504599
0.8038048065351258
2.7949306500380535
-7.6746788032277475
6.807591064696804
-2.7588584054076932
-0.36301159110253606
-0.0012156398030669466
-1.3849154610394612
-3.1882691635996885
-3.173043185102446
9.1977005830408
1.8951588067525047
5.782969962143609
-3.5565727922874464
3.230628067702421
1.2837263772332481
-2.5045279309995383
-4.80812209516913
-2.093070303984322
-6.085600816815082
2.364881485563035
5.951150126115546
0.37900028522820123
-4.549807751965195
0.4598789687857616
0.7494720567000958
-8.995002556771796
-1.247698882353839
-3.6113923897148204
9.108766573599103
-0.16226004674997094
-2.172206939467763
0.5522048005213843
-9.939889391897504
4.0433254429770225
-6.1348202951618065
0.8887601709727038
-1.8539604664247085
1.6949192502722639
3.409161288892052
-0.7078874703398319
-3.648488773199949
-1.810988501027459
-0.12467431640413634
-1.2558625052234964
-5.4234133976251835
-2.822224927716752
0.37743877421987
1.9342296179388863
0.37743877421987
-0.04652992383538264
2.627321842834756
-0.061764492682832725
7.840629451122851
0.1581556651010953
-1.6206301730822936
-3.220362029636462
-1.6581933887567504
-0.3729072636623361
-8.288510072528762
3.5777469957057795
5.974308910479349
0.9661033308461715
0.03196832809254645
0.7654681312597295
-5.019661479953163
3.4910689502164267
-2.5977152242831423
0.018210565692468633
-1.9507614695846294
-6.300005704850687
7.0427488900217385
2.8799651773563677
1.3793047126231652
5.095968257858976
-3.1305635965890115
2.433795978976716
-4.283933071575934
-4.3295008238149535
-1.493397685255887
0.38534074849849204
-1.493397685255887
0.13871589245439062
0.0
0.0
0.0
0.0
0.0
0.0
0.0
0.0
0.0
0.0
0.0
0.0
0.0
0.0
0.0
0.0
0.0
0.0
0.0
0.0
0.0
0.0
0.0
0.0
0.0
0.0
0.0
0.0
0.0
0.0
0.0
0.0
0.0
0.0
0.0
0.0
0.0
0.0
0.0
0.0
0.0
0.0
0.0
0.0
0.0
0.0
0.0
0.0
0.0
0.0
0.0
0.0
0.0
0.0
0.0
0.0
0.0
0.0
0.0
0.0
0.0
0.0
0.0
0.0
0.0
0.0
0.0
0.0
0.0
0.0
0.0
0.0
0.0
0.0
0.0
0.0
0.0
0.0
0.0
0.0
0.0
0.0
0.0
0.0
0.0
0.0
0.0
0.0
0.0
0.0
0.0
0.0
0.0
0.0
0.0
0.0
0.0
0.0
0.0
0.0
0.0
0.0
0.0
0.0
0.0
0.0
0.0
0.0
0.0
0.0
0.0
0.0
0.0
0.0
0.0
0.0
0.0
0.0
0.0
0.0
0.0
0.0
0.0
0.0
0.0
0.0
0.0
</W>
<b>
-0.8843935925305211
</b>
<info>
Training (X) File : /home/vibhatha/data/libsvm/webspam/webspam_isesvm_train_x_bin.11 
Training (Y) File : /home/vibhatha/data/libsvm/webspam/webspam_isesvm_train_y.11.bin 
Testing (X) File : /home/vibhatha/data/libsvm/webspam/webspam_isesvm_test_x_bin.11 
Testing (Y) File : /home/vibhatha/data/libsvm/webspam/webspam_isesvm_test_y.11.bin 
I/O Time : 122
Kernel Matrix Calculation : 0.285 s
</info>
