85.09316770186336
73.91304347826086
78.88198757763976
78.88198757763976
77.01863354037268
76.3975155279503
78.26086956521739
76.3975155279503
85.71428571428571
83.85093167701864
80.12422360248446
83.85093167701864
77.63975155279503
83.22981366459628
77.01863354037268
83.85093167701864
78.88198757763976
79.5031055900621
81.36645962732919
89.44099378881988
78.88198757763976
81.36645962732919
79.5031055900621
78.26086956521739
85.09316770186336
80.12422360248446
85.71428571428571
83.85093167701864
85.09316770186336
82.6086956521739
75.15527950310559
78.26086956521739
79.5031055900621
79.5031055900621
84.472049689441
81.36645962732919
78.88198757763976
84.472049689441
81.36645962732919
81.98757763975155
