83.22981366459628
80.12422360248446
80.74534161490683
78.26086956521739
79.5031055900621
73.91304347826086
79.5031055900621
79.5031055900621
80.74534161490683
82.6086956521739
78.88198757763976
83.85093167701864
79.5031055900621
83.85093167701864
79.5031055900621
81.36645962732919
84.472049689441
78.26086956521739
80.12422360248446
89.44099378881988
80.12422360248446
80.74534161490683
85.71428571428571
77.63975155279503
80.12422360248446
83.85093167701864
85.71428571428571
83.85093167701864
84.472049689441
88.81987577639751
81.36645962732919
80.12422360248446
81.36645962732919
81.36645962732919
80.12422360248446
83.85093167701864
83.22981366459628
85.09316770186336
83.22981366459628
81.36645962732919
