88.48920863309353
92.08633093525181
91.00719424460432
91.00719424460432
90.28776978417267
90.64748201438849
89.92805755395683
87.76978417266187
89.92805755395683
87.41007194244604
89.92805755395683
86.6906474820144
87.41007194244604
89.568345323741
88.48920863309353
89.568345323741
90.64748201438849
88.84892086330936
91.36690647482014
84.89208633093526
89.92805755395683
91.36690647482014
91.00719424460432
87.05035971223022
89.20863309352518
90.64748201438849
90.64748201438849
87.41007194244604
87.41007194244604
89.92805755395683
91.36690647482014
87.76978417266187
89.92805755395683
90.64748201438849
90.28776978417267
90.64748201438849
91.36690647482014
89.92805755395683
88.48920863309353
89.20863309352518
