86.33093525179856
85.25179856115108
84.89208633093526
85.25179856115108
84.17266187050359
84.17266187050359
85.97122302158273
84.17266187050359
81.29496402877699
84.53237410071942
85.97122302158273
83.81294964028777
83.09352517985612
87.76978417266187
84.17266187050359
86.33093525179856
88.84892086330936
84.53237410071942
84.17266187050359
76.97841726618705
83.81294964028777
89.20863309352518
85.97122302158273
81.29496402877699
83.81294964028777
81.65467625899281
82.73381294964028
79.85611510791367
84.53237410071942
85.25179856115108
88.84892086330936
82.73381294964028
85.61151079136691
85.97122302158273
85.61151079136691
82.73381294964028
86.33093525179856
85.61151079136691
85.61151079136691
84.89208633093526
