87.00873362445415
85.58951965065502
90.50218340611353
91.15720524017468
91.15720524017468
91.15720524017468
84.93449781659389
87.66375545851528
79.47598253275109
67.35807860262008
83.84279475982532
90.93886462882097
91.92139737991266
88.42794759825327
89.08296943231441
70.41484716157204
62.55458515283843
77.29257641921397
89.8471615720524
91.5938864628821
89.62882096069869
86.35371179039302
80.89519650655022
66.26637554585153
74.67248908296943
91.0480349344978
91.5938864628821
91.0480349344978
91.37554585152839
90.82969432314411
91.15720524017468
91.70305676855895
93.66812227074236
82.86026200873363
63.75545851528385
91.48471615720524
89.8471615720524
93.3406113537118
92.46724890829694
89.8471615720524
