<model>
linear
</model>
<W>
0.0
0.0
0.0
0.0
0.0
0.0
0.0
0.0
0.0
-0.9538648332159161
0.7616724617860442
0.0
0.0
-2.3527037146935648
0.0
0.0
0.0
0.0
0.0
0.0
0.0
0.0
0.0
0.0
0.0
0.0
0.5658571245998021
0.0
0.0
0.0
0.0
0.0
0.903342586279645
-0.002290572196349781
1.7190982027222008
-0.3818707935502802
-0.03622589822190199
-1.0975426451760577
-0.9608486874252111
-0.6660375809402899
1.1127587640584058
1.1027850982473872
0.1251201254620489
0.2478550436723641
1.286560232798763
1.6635958622967695
-1.417166416303875
8.47412962689482
-0.8988032034195496
1.1154077849084005
0.7595108377553366
-1.5051556690129957
-0.04119522814116196
-1.8038673980681053
1.7752593755338648
0.7472364341093177
1.4229686394353207
0.138620843892779
1.2392505403085399
-1.1380047345185642
-0.9251777519805896
-2.883888192179234
-0.9466602639076318
-2.0217334679585464
-0.15322763176338916
1.1189489824114724
0.1408525261439152
-1.6345216834980671
-1.8677266366963436
-1.3160751893343705
-2.373093129656743
-0.5594089231393812
-1.612507868646866
0.4488115750379115
0.17624704752810244
-0.9566170026642231
0.11726113136721858
-0.5251500673266736
-0.15062044304037095
-0.27999418079166205
-1.6565791612589562
-0.17802944362061784
1.3687681923647517
0.7779173988406518
-1.1306078257024885
-0.1433920735981397
-0.21803610692326167
-0.6854036656145653
-0.5768645864546071
-0.975920214835194
-0.7151224906053777
-0.03188877178503182
0.0843794149040482
-0.03199486678503179
-5.433860572420558E-4
0.2768073709081966
8.154921381135926E-4
2.717964999934142
0.5135367067368266
-2.0021662224322894
-3.3032403161737394
-0.027824417580736352
0.25262438227121975
-1.6388027926867725
-0.8017156624891709
3.993619672456763
-0.43181923420507823
-2.415376603576761
1.085775030364864
-2.093780743411947
4.921933470578855
-1.1668757403040084
4.047758670916584
-0.23544245443184825
-3.635303254922806
6.989617647243109
1.2881446155299163
1.4789934770992168
2.3031029567018066
-0.8508393369869749
-0.09252557084855308
-0.037884629372238916
-0.24613117173004623
-0.3070813564283989
0.3263119665950489
-0.30193959142839893
0.009431294023224889
0.0
0.0
0.0
0.0
0.0
0.0
0.0
0.0
0.0
0.0
0.0
0.0
0.0
0.0
0.0
0.0
0.0
0.0
0.0
0.0
0.0
0.0
0.0
0.0
0.0
0.0
0.0
0.0
0.0
0.0
0.0
0.0
0.0
0.0
0.0
0.0
0.0
0.0
0.0
0.0
0.0
0.0
0.0
0.0
0.0
0.0
0.0
0.0
0.0
0.0
0.0
0.0
0.0
0.0
0.0
0.0
0.0
0.0
0.0
0.0
0.0
0.0
0.0
0.0
0.0
0.0
0.0
0.0
0.0
0.0
0.0
0.0
0.0
0.0
0.0
0.0
0.0
0.0
0.0
0.0
0.0
0.0
0.0
0.0
0.0
0.0
0.0
0.0
0.0
0.0
0.0
0.0
0.0
0.0
0.0
0.0
0.0
0.0
0.0
0.0
0.0
0.0
0.0
0.0
0.0
0.0
0.0
0.0
0.0
0.0
0.0
0.0
0.0
0.0
0.0
0.0
0.0
0.0
0.0
0.0
0.0
0.0
0.0
0.0
0.0
0.0
0.0
</W>
<b>
-3.653077206727128
</b>
<info>
Training (X) File : /home/vibhatha/data/libsvm/webspam/webspam_isesvm_train_x_bin.287 
Training (Y) File : /home/vibhatha/data/libsvm/webspam/webspam_isesvm_train_y.287.bin 
Testing (X) File : /home/vibhatha/data/libsvm/webspam/webspam_isesvm_test_x_bin.287 
Testing (Y) File : /home/vibhatha/data/libsvm/webspam/webspam_isesvm_test_y.287.bin 
I/O Time : 125
Kernel Matrix Calculation : 0.245 s
</info>
