<model>
linear
</model>
<W>
0.0
0.0
0.0
0.0
0.0
0.0
0.0
0.0
0.0
-2.0427936812768497
-2.192411289216097
0.0
0.0
-3.320184324800069
0.0
0.0
0.0
0.0
0.0
0.0
0.0
0.0
0.0
0.0
0.0
0.0
1.7852959062257494
0.0
0.0
0.0
0.0
0.0
-0.7061758619080898
-0.28468796156753695
1.2100832541514952
0.5449466247447365
0.007535868516182715
-1.7035603386910545
-2.202194112271007
-2.448242177007425
1.1099103452610426
1.1263206630547538
-0.09019220399293276
-0.07425564862098799
0.14796739239295187
2.3973793468422384
-2.266368415846851
5.1446451312249595
-0.8607916932112644
0.419953622199905
0.12386222686482296
-1.7483962126447579
-0.9503148763846994
-0.431482475391128
1.1832875578655997
-0.3121974618722051
0.4554054620209446
0.18007488931843912
1.5969764301471523
0.6592088456304492
-2.0708302489443975
-4.827048607616565
-1.9676708852680935
-1.730234059864885
0.3030635954520761
0.8829339827761088
-1.1149691388677294
-1.257061600019678
-0.7822717428588681
-1.3193759087561197
-2.9002085330666976
-0.6317533065070041
-1.0147479934300376
0.3503929796019915
-0.06781793948007489
-0.3601016901104132
0.057015348501506705
-2.0081091473152677
-0.48533223577441886
-0.6416117145139617
-0.8440851588370273
-0.2256570290015791
0.26260893425482984
1.5388733204323444
-0.06863403596580078
-0.3757060624763757
-0.49234438005073217
0.002023525558344494
-0.12975655318345966
-1.0048645442130388
-0.848194026272427
0.5238461581434571
-0.02094866943490575
0.5238461581434571
0.026504498971044444
1.6445872149238054
0.0028346450000000002
4.821672945777884
-1.0185954038310223
-0.3351082388809171
-1.5370232072921244
-0.5734125673871844
-0.08050899674577328
-4.1064680923288694
-0.9221617929956597
5.617805310133273
-0.7515159502906139
-1.4302505620878752
4.373568452665316
-4.446769629358537
2.6779487079194277
-0.8203194411543732
2.0867611441032574
-0.08012310894853714
-2.79643297457795
4.052957880439213
0.20330418075347012
-0.9799750999961581
3.71933064371487
-0.47417989105495717
1.3479886638049103
-0.49587988415821005
-0.2632705236423663
-0.19408897267496705
0.45033688766805197
-0.19247902267496703
-0.021686024999999998
0.0
0.0
0.0
0.0
0.0
0.0
0.0
0.0
0.0
0.0
0.0
0.0
0.0
0.0
0.0
0.0
0.0
0.0
0.0
0.0
0.0
0.0
0.0
0.0
0.0
0.0
0.0
0.0
0.0
0.0
0.0
0.0
0.0
0.0
0.0
0.0
0.0
0.0
0.0
0.0
0.0
0.0
0.0
0.0
0.0
0.0
0.0
0.0
0.0
0.0
0.0
0.0
0.0
0.0
0.0
0.0
0.0
0.0
0.0
0.0
0.0
0.0
0.0
0.0
0.0
0.0
0.0
0.0
0.0
0.0
0.0
0.0
0.0
0.0
0.0
0.0
0.0
0.0
0.0
0.0
0.0
0.0
0.0
0.0
0.0
0.0
0.0
0.0
0.0
0.0
0.0
0.0
0.0
0.0
0.0
0.0
0.0
0.0
0.0
0.0
0.0
0.0
0.0
0.0
0.0
0.0
0.0
0.0
0.0
0.0
0.0
0.0
0.0
0.0
0.0
0.0
0.0
0.0
0.0
0.0
0.0
0.0
0.0
0.0
0.0
0.0
0.0
</W>
<b>
-0.8953163472996462
</b>
<info>
Training (X) File : /home/vibhatha/data/libsvm/webspam/webspam_isesvm_train_x_bin.51 
Training (Y) File : /home/vibhatha/data/libsvm/webspam/webspam_isesvm_train_y.51.bin 
Testing (X) File : /home/vibhatha/data/libsvm/webspam/webspam_isesvm_test_x_bin.51 
Testing (Y) File : /home/vibhatha/data/libsvm/webspam/webspam_isesvm_test_y.51.bin 
I/O Time : 127
Kernel Matrix Calculation : 0.236 s
</info>
