85.71428571428571
77.63975155279503
78.26086956521739
80.74534161490683
76.3975155279503
77.01863354037268
76.3975155279503
80.12422360248446
82.6086956521739
80.74534161490683
81.36645962732919
80.12422360248446
80.12422360248446
79.5031055900621
78.88198757763976
77.63975155279503
83.22981366459628
83.22981366459628
80.12422360248446
83.85093167701864
78.26086956521739
82.6086956521739
85.71428571428571
73.29192546583852
80.74534161490683
83.22981366459628
83.85093167701864
80.74534161490683
84.472049689441
83.22981366459628
76.3975155279503
78.26086956521739
78.26086956521739
79.5031055900621
72.67080745341616
83.22981366459628
78.88198757763976
81.98757763975155
82.6086956521739
81.98757763975155
