92.80575539568345
93.5251798561151
90.64748201438849
88.84892086330936
88.12949640287769
88.84892086330936
90.64748201438849
91.72661870503596
92.08633093525181
89.92805755395683
92.80575539568345
90.28776978417267
88.84892086330936
91.00719424460432
91.00719424460432
87.41007194244604
91.36690647482014
89.568345323741
88.48920863309353
85.25179856115108
91.00719424460432
91.72661870503596
91.00719424460432
92.08633093525181
89.92805755395683
89.568345323741
88.84892086330936
88.84892086330936
87.76978417266187
93.88489208633094
91.00719424460432
88.48920863309353
88.84892086330936
89.568345323741
89.568345323741
89.92805755395683
90.28776978417267
91.36690647482014
89.92805755395683
92.08633093525181
