90.28776978417267
90.28776978417267
85.97122302158273
87.76978417266187
87.76978417266187
88.48920863309353
88.12949640287769
87.76978417266187
86.6906474820144
84.89208633093526
88.84892086330936
88.12949640287769
89.20863309352518
88.48920863309353
87.76978417266187
87.76978417266187
89.568345323741
88.12949640287769
88.12949640287769
83.81294964028777
88.12949640287769
89.20863309352518
88.48920863309353
88.12949640287769
88.48920863309353
87.76978417266187
88.84892086330936
88.12949640287769
87.76978417266187
91.36690647482014
91.36690647482014
88.12949640287769
88.48920863309353
88.84892086330936
90.64748201438849
88.48920863309353
89.92805755395683
87.76978417266187
87.76978417266187
89.20863309352518
