<model>
linear
</model>
<W>
0.0
0.0
0.0
0.0
0.0
0.0
0.0
0.0
0.0
0.13952958324515796
0.28384785006628355
0.0
0.0
-1.2518387685477987
0.0
0.0
0.0
0.0
0.0
0.0
0.0
0.0
0.0
0.0
0.0
0.0
1.3812349064060294
0.0
0.0
0.0
0.0
0.0
-0.2332081091684745
0.01121673287156959
3.1572155411197373
0.7434941231783954
0.024169820838271343
0.024400034257492636
-0.8581474660249031
0.1781319896398022
0.9950404293095559
0.9919532751922265
-0.3652713614538325
0.1512770689969034
0.49961857754134187
0.4245327017078819
-0.33459969931692113
3.628209762163354
0.42269977343540466
0.5385518951040662
0.6173652633807925
0.3657312186957006
0.285789712286116
0.19733917850988325
0.7080545951798567
0.28144800052299335
0.49649821676343836
0.36755610527103
0.2182206835423843
0.4954732550042203
0.08189206990550821
-1.4120682516855019
0.09808498215438818
-0.28184810732414084
0.0918616323495357
0.5592796392811418
-0.0035267638954053684
-0.383923286289123
-0.701226029893802
-1.266792429722681
-1.2666108902346818
0.09291470775932736
-0.4864875492889563
0.4410821864107846
0.09165763182657372
-0.18238980244025832
0.07965161190850396
-0.5479884524829814
-0.33568963637319615
-0.5169941021099815
-0.2209676774059777
-0.12564671165177546
0.08390433412773636
0.5240193707040116
-0.7360641976683794
-0.09472562389783733
0.19493127840178787
0.038462908260686206
-0.09492198428338966
-0.4242076396368849
-0.1359172442178087
0.05893944777861297
0.01960313485515012
0.06763877777861296
0.003830306782515464
0.7130044145069916
2.83852E-4
1.5731767517574038
0.4735864213280561
0.07127244222086478
-1.4786165052254103
-0.00846000866680352
-0.13089001605280898
-0.9448537393996431
-0.7368239510360813
2.895890464455581
-0.04985866610875302
-0.5351192100611286
2.065423558004909
-2.347882630929545
1.5428398768389484
-0.9995569109898484
0.23162260962820647
-0.2507523093567105
-0.8421319526158454
3.3482909064830118
0.33384870533683075
-0.26057988546439903
1.5180709025439665
-0.7240426045675825
0.4990752643561215
0.4572911634329287
-0.07344542878984044
-0.05909520930280462
0.22061703846658404
-0.0591422223028046
-0.0025574409999999997
0.0
0.0
0.0
0.0
0.0
0.0
0.0
0.0
0.0
0.0
0.0
0.0
0.0
0.0
0.0
0.0
0.0
0.0
0.0
0.0
0.0
0.0
0.0
0.0
0.0
0.0
0.0
0.0
0.0
0.0
0.0
0.0
0.0
0.0
0.0
0.0
0.0
0.0
0.0
0.0
0.0
0.0
0.0
0.0
0.0
0.0
0.0
0.0
0.0
0.0
0.0
0.0
0.0
0.0
0.0
0.0
0.0
0.0
0.0
0.0
0.0
0.0
0.0
0.0
0.0
0.0
0.0
0.0
0.0
0.0
0.0
0.0
0.0
0.0
0.0
0.0
0.0
0.0
0.0
0.0
0.0
0.0
0.0
0.0
0.0
0.0
0.0
0.0
0.0
0.0
0.0
0.0
0.0
0.0
0.0
0.0
0.0
0.0
0.0
0.0
0.0
0.0
0.0
0.0
0.0
0.0
0.0
0.0
0.0
0.0
0.0
0.0
0.0
0.0
0.0
0.0
0.0
0.0
0.0
0.0
0.0
0.0
0.0
0.0
0.0
0.0
0.0
</W>
<b>
-2.2761457469593216
</b>
<info>
Training (X) File : /home/vibhatha/data/libsvm/webspam/webspam_isesvm_train_x_bin.112 
Training (Y) File : /home/vibhatha/data/libsvm/webspam/webspam_isesvm_train_y.112.bin 
Testing (X) File : /home/vibhatha/data/libsvm/webspam/webspam_isesvm_test_x_bin.112 
Testing (Y) File : /home/vibhatha/data/libsvm/webspam/webspam_isesvm_test_y.112.bin 
I/O Time : 110
Kernel Matrix Calculation : 0.214 s
</info>
