<model>
linear
</model>
<W>
0.0
0.0
0.0
0.0
0.0
0.0
0.0
0.0
0.0
-1.1431643400101592
-0.8713418851220922
0.0
0.0
-7.0046470172993995
0.0
0.0
0.0
0.0
0.0
0.0
0.0
0.0
0.0
0.0
0.0
0.0
1.9151792012217737
0.0
0.0
0.0
0.0
0.0
-1.0507660159823624
-3.3965275399738832
5.32678806005082
0.8704478106513202
0.016495146267284908
-3.5634798056316486
1.465094969118534
-5.125238533400178
1.2560917999667238
1.3544177787714966
0.12645654889204422
0.12841092947626367
-0.9331381618021325
4.060690432645194
-3.808087029923999
10.508191978988117
-4.591001132321867
1.8691701060591497
-0.10161544775368181
-2.0774164424527566
2.9200266574409035
-0.22575059375088646
8.70693971794796
0.11293598415325151
6.524772659746777
-0.1429069228258727
2.4720907255607494
5.961811090376501
-2.9550267356171522
-4.071181906011836
-2.562154526571889
-7.9838107296372
1.1105811779536192
4.197562629164341
-1.6977655982976447
-2.805705364189588
0.24359139008692943
-3.8564632707175206
-8.670304073606962
-4.3133693995572235
-1.217947131867426
2.222568233764709
-2.5959356234424
-0.20729812984538531
-3.3560832330011463
-6.183442172363399
0.4613060782673172
1.350783247594385
3.663240378810563
0.3328949366221836
5.646829769157256
4.881685483172727
-3.9975567848134124
-0.5434187781993463
-2.9759527105741825
4.82634332847354
0.600690890846109
-3.1174440642565235
-2.1309323747610946
-0.9147435976906801
0.4759638723631161
-1.03443225769068
0.19425624445191245
6.644790782971556
-0.03449204607262426
2.314247730735272
-2.77276050190497
-4.082456136491903
-3.9082580167765326
-0.3641714017423583
7.098753366199515
-10.63110678525741
-1.9671540529757041
1.6931584421512238
-5.042533205856214
-3.221205281428609
7.661619235602704
-7.230096602166775
5.331706237735052
-0.8993181328642361
2.529352262808872
0.078775984565229
-5.899078927765634
4.6578894102059465
-0.5451974190269562
2.65401743350935
7.68985717048682
-3.8877537254928676
3.394197303288692
0.19631270772173448
-4.394336406168896
1.5377754556805
1.4671346891025414
1.5377754556805
-0.8219650777077078
0.0
0.0
0.0
0.0
0.0
0.0
0.0
0.0
0.0
0.0
0.0
0.0
0.0
0.0
0.0
0.0
0.0
0.0
0.0
0.0
0.0
0.0
0.0
0.0
0.0
0.0
0.0
0.0
0.0
0.0
0.0
0.0
0.0
0.0
0.0
0.0
0.0
0.0
0.0
0.0
0.0
0.0
0.0
0.0
0.0
0.0
0.0
0.0
0.0
0.0
0.0
0.0
0.0
0.0
0.0
0.0
0.0
0.0
0.0
0.0
0.0
0.0
0.0
0.0
0.0
0.0
0.0
0.0
0.0
0.0
0.0
0.0
0.0
0.0
0.0
0.0
0.0
0.0
0.0
0.0
0.0
0.0
0.0
0.0
0.0
0.0
0.0
0.0
0.0
0.0
0.0
0.0
0.0
0.0
0.0
0.0
0.0
0.0
0.0
0.0
0.0
0.0
0.0
0.0
0.0
0.0
0.0
0.0
0.0
0.0
0.0
0.0
0.0
0.0
0.0
0.0
0.0
0.0
0.0
0.0
0.0
0.0
0.0
0.0
0.0
0.0
0.0
</W>
<b>
-0.3855648519946122
</b>
<info>
Training (X) File : /home/vibhatha/data/libsvm/webspam/webspam_isesvm_train_x_bin.271 
Training (Y) File : /home/vibhatha/data/libsvm/webspam/webspam_isesvm_train_y.271.bin 
Testing (X) File : /home/vibhatha/data/libsvm/webspam/webspam_isesvm_test_x_bin.271 
Testing (Y) File : /home/vibhatha/data/libsvm/webspam/webspam_isesvm_test_y.271.bin 
I/O Time : 123
Kernel Matrix Calculation : 0.213 s
</info>
