<model>
linear
</model>
<W>
0.0
0.0
0.0
0.0
0.0
0.0
0.0
0.0
0.0
-0.7100661617269669
-9.302907255104865
0.0
0.0
-1.1200039379608633
0.0
0.0
0.0
0.0
0.0
0.0
0.0
0.0
0.0
0.0
0.0
0.0
8.052056115861626
0.0
0.0
0.0
0.0
0.0
3.9498181920502313
2.892916701673917
4.591382816001147
4.77333861383557
-1.0036649878371555
2.8275273661474265
-3.9152128680082634
-8.351681279770446
7.937794364916237
8.040718523268644
-2.3007195312715543
5.632223079479164
3.6769785068118557
14.578811868528541
3.162647287264686
12.057410606378706
-5.708625071003071
1.126339782583328
-1.7600219410861744
2.718007684554894
1.3022997704083075
1.7681160547378338
13.401956080176225
7.981654041930132
4.397300138104596
-0.8474020860053986
-1.0816837696953114
1.6087048814659743
-1.3795273832159376
-6.2451407715969305
0.2754249487929767
-4.871682500970021
2.692579035701918
4.993616533571805
-0.25973483733008274
-9.46721993647
-0.6139561818505801
-3.7859810417531796
-10.973452291516631
0.15967762993948867
0.4745912166715571
-2.228737500036622
-0.8174053080911412
-1.9934380162789285
-3.350157729986617
0.5453390446829772
-1.5497798810963688
-6.9957905742106625
0.5188679210146038
-2.0908091453832873
9.364817837271975
6.263963841351762
1.8055939997705863
-2.7374478449516584
-0.5497919331829455
-1.9716843689322883
-2.95319389051986
-3.305873386458032
-3.9847146581599815
-0.28428544820939167
0.10597097453111573
-0.18868735846781895
-0.11789875500282343
7.734847689011317
0.011123420000000037
2.228452461621937
-3.911967479004289
-0.3804510275382978
-4.277232157487138
3.9133991482103916
1.1969475451638976
-5.926902846423475
4.124569114520988
8.126247276485769
0.2147810881172191
-4.666334432327014
8.632342458331925
-10.006961776261782
2.321495033539825
-0.7369529147949213
4.226992368041428
-3.764904323161769
0.7486070232646619
6.99157869710047
-0.034799929913161276
-3.039801329741129
1.542751326309971
-1.2847501541152933
3.9359507176515542
5.163412967788654
-4.659415692717387
-1.6120734314519023
2.8980608546490325
-1.6169174314519021
-0.656299535515883
0.0
0.0
0.0
0.0
0.0
0.0
0.0
0.0
0.0
0.0
0.0
0.0
0.0
0.0
0.0
0.0
0.0
0.0
0.0
0.0
0.0
0.0
0.0
0.0
0.0
0.0
0.0
0.0
0.0
0.0
0.0
0.0
0.0
0.0
0.0
0.0
0.0
0.0
0.0
0.0
0.0
0.0
0.0
0.0
0.0
0.0
0.0
0.0
0.0
0.0
0.0
0.0
0.0
0.0
0.0
0.0
0.0
0.0
0.0
0.0
0.0
0.0
0.0
0.0
0.0
0.0
0.0
0.0
0.0
0.0
0.0
0.0
0.0
0.0
0.0
0.0
0.0
0.0
0.0
0.0
0.0
0.0
0.0
0.0
0.0
0.0
0.0
0.0
0.0
0.0
0.0
0.0
0.0
0.0
0.0
0.0
0.0
0.0
0.0
0.0
0.0
0.0
0.0
0.0
0.0
0.0
0.0
0.0
0.0
0.0
0.0
0.0
0.0
0.0
0.0
0.0
0.0
0.0
0.0
0.0
0.0
0.0
0.0
0.0
0.0
0.0
0.0
</W>
<b>
-8.234140375799925
</b>
<info>
Training (X) File : /home/vibhatha/data/libsvm/webspam/webspam_isesvm_train_x_bin.117 
Training (Y) File : /home/vibhatha/data/libsvm/webspam/webspam_isesvm_train_y.117.bin 
Testing (X) File : /home/vibhatha/data/libsvm/webspam/webspam_isesvm_test_x_bin.117 
Testing (Y) File : /home/vibhatha/data/libsvm/webspam/webspam_isesvm_test_y.117.bin 
I/O Time : 95
Kernel Matrix Calculation : 0.244 s
</info>
