96.94323144104804
97.16157205240175
94.65065502183407
94.32314410480349
87.33624454148472
81.55021834061135
69.54148471615721
78.49344978165938
67.35807860262008
53.493449781659386
79.03930131004367
95.41484716157204
96.39737991266377
96.94323144104804
88.75545851528385
58.624454148471614
53.493449781659386
76.41921397379913
91.70305676855895
92.57641921397381
94.21397379912663
99.78165938864629
71.2882096069869
54.47598253275109
71.17903930131004
93.5589519650655
94.54148471615721
96.72489082969432
94.97816593886463
93.01310043668121
94.86899563318777
92.90393013100436
93.5589519650655
78.49344978165938
60.37117903930132
89.62882096069869
91.8122270742358
93.66812227074236
93.77729257641921
96.94323144104804
