<model>
linear
</model>
<W>
0.0
0.0
0.0
0.0
0.0
0.0
0.0
0.0
0.0
-0.2750611853670044
1.2595135517945775
0.0
0.0
-5.445547149928875
0.0
0.0
0.0
0.0
0.0
0.0
0.0
0.0
0.0
0.0
0.0
0.0
2.115818180554971
0.0
0.0
0.0
0.0
0.0
-0.14358505730773696
1.2360339570958365
3.6181817780331658
1.8039161555010934
0.12298454712022416
-1.6503902248743623
-4.268255756334893
-9.636886777256688
2.155079463049645
2.1683779107548635
1.7472973118888109
0.5150906561191162
1.6623790841084882
4.138731542231442
0.579326678746074
9.997772660268524
-1.5563605616447398
2.7085656766932598
2.6227471798704243
-0.5346060395435849
1.5320339941433854
1.3459167496319455
5.806379556101417
2.000573331720304
6.019730605660064
1.5024475492472873
-1.7824380455898652
1.188904737167039
-4.438165707277771
-6.65844875829017
-4.566251448520325
-5.016088107128413
-0.8907174082286679
0.3765217011838571
-0.46987545439071904
-3.0353968472183603
2.5261442889364454
-0.12845733540689688
-10.699335373045857
1.2447624631861338
-3.171933501868781
4.917146526276918
0.9746517017391225
0.7880665645427887
-0.5589700608520004
0.2540742948352767
0.47597671699180316
-0.7292082332318491
-2.674126176920975
0.9479285881592976
-2.3222537797075335
3.532284697841865
-7.951343907136799
0.49268910396015714
0.8083045887665621
1.4327078171344014
-0.8495210666687056
-2.2790764329601267
-2.143444880937424
-2.1932670412529265
-2.987920048302407
-2.1721218262529263
0.13661054281585078
2.543793766053376
5.40610178151324E-19
-1.9396761417217074
2.593886702198243
1.071403786151262
-3.9894423593987827
-3.4425426009150737
6.009055591336094
-6.494548586894305
6.167500927188764
1.8711341287959842
2.6391539098621077
-5.378216731697691
7.376959247816417
-12.599876187913617
6.265430604314549
-4.021171903848752
-0.10713067349076603
1.0774929330442296
-0.0827818632750893
9.518863026869905
0.882161507424813
1.0689194815631955
7.036798322607152
-7.137959569439662
1.5244263933665372
4.139673015248296
1.7965813954107117
-0.38385773418147634
1.4739338670439772
-0.40500294918147633
0.07415393213142026
0.0
0.0
0.0
0.0
0.0
0.0
0.0
0.0
0.0
0.0
0.0
0.0
0.0
0.0
0.0
0.0
0.0
0.0
0.0
0.0
0.0
0.0
0.0
0.0
0.0
0.0
0.0
0.0
0.0
0.0
0.0
0.0
0.0
0.0
0.0
0.0
0.0
0.0
0.0
0.0
0.0
0.0
0.0
0.0
0.0
0.0
0.0
0.0
0.0
0.0
0.0
0.0
0.0
0.0
0.0
0.0
0.0
0.0
0.0
0.0
0.0
0.0
0.0
0.0
0.0
0.0
0.0
0.0
0.0
0.0
0.0
0.0
0.0
0.0
0.0
0.0
0.0
0.0
0.0
0.0
0.0
0.0
0.0
0.0
0.0
0.0
0.0
0.0
0.0
0.0
0.0
0.0
0.0
0.0
0.0
0.0
0.0
0.0
0.0
0.0
0.0
0.0
0.0
0.0
0.0
0.0
0.0
0.0
0.0
0.0
0.0
0.0
0.0
0.0
0.0
0.0
0.0
0.0
0.0
0.0
0.0
0.0
0.0
0.0
0.0
0.0
0.0
</W>
<b>
-1.3570681488125311
</b>
<info>
Training (X) File : /home/vibhatha/data/libsvm/webspam/webspam_isesvm_train_x_bin.397 
Training (Y) File : /home/vibhatha/data/libsvm/webspam/webspam_isesvm_train_y.397.bin 
Testing (X) File : /home/vibhatha/data/libsvm/webspam/webspam_isesvm_test_x_bin.397 
Testing (Y) File : /home/vibhatha/data/libsvm/webspam/webspam_isesvm_test_y.397.bin 
I/O Time : 106
Kernel Matrix Calculation : 0.226 s
</info>
