88.84892086330936
91.00719424460432
90.28776978417267
84.89208633093526
88.84892086330936
89.568345323741
89.568345323741
89.568345323741
91.00719424460432
88.48920863309353
90.64748201438849
91.72661870503596
87.76978417266187
91.36690647482014
88.84892086330936
89.568345323741
88.12949640287769
87.05035971223022
88.84892086330936
81.29496402877699
90.28776978417267
88.84892086330936
89.92805755395683
86.33093525179856
88.84892086330936
87.76978417266187
89.20863309352518
87.05035971223022
84.17266187050359
89.568345323741
91.72661870503596
88.48920863309353
88.84892086330936
88.48920863309353
87.76978417266187
87.05035971223022
91.00719424460432
89.568345323741
89.568345323741
89.92805755395683
