<model>
linear
</model>
<W>
0.0
0.0
0.0
0.0
0.0
0.0
0.0
0.0
0.0
-1.330600109056903
6.687170432335177
0.0
0.0
-4.873397499493587
0.0
0.0
0.0
0.0
0.0
0.0
0.0
0.0
0.0
0.0
0.0
1.9899104586329487E-19
3.5143803254148605
0.0
0.0
0.0
0.0
0.0
-0.8779390397409538
-0.8582427586059643
0.8536153921195507
2.647237178716686
-0.7259076142816939
4.020111504996547
3.1326010455248383
-2.765866768914646
5.306055961868545
5.2863529819428585
-0.47646666160669593
2.3128961465147344
1.8996173441302509
4.665686011473212
-1.8524714860421054
7.755691846275644
-1.1807966684410889
1.2167470423074342
4.021501702407191
0.10211336092827404
-4.592116751052616
-2.2219281650232108
10.160130613297044
-4.277945875669685
3.9176108875241216
4.369164776421272
-1.946338704142194
-1.3734196765130622
-4.562914207679834
-5.853668423249676
-4.892303992971722
-3.226696605418678
-0.24619476012186353
3.3745931215874654
-8.469367812101051
-1.2780254775871287
0.0680506664400393
-0.12436524465131722
-13.11548136939509
1.0546213223323502
2.444729014069794
3.224924523799992
0.12524557457627186
0.5910870006271346
2.138901558469594
-0.30284002219685247
0.4731173219370277
1.5881458047154102
-3.820241640465566
0.28305609742598303
-5.461268926446604
1.2817969733598207
-1.4750382839771328
0.4814908974992197
-1.1769929962264445
0.06711403114109453
-0.728996510328385
-2.0962436099848647
-2.469233959518062
-0.5635283922037343
-3.5212817050087857
-0.28296317887707373
0.08653278910255716
3.8944704643271866
0.013970436934824294
4.327544912751761
0.592701755377953
0.9777854297198277
-8.692733397792535
-2.8945477798839874
-0.25314935438553393
-9.459492445065376
4.303422223598492
11.405002034318045
-2.606837975179867
-3.012113609225712
-1.4044411418705038
-5.833823450702982
6.246323342608508
-2.7853937438090832
-1.3526331818152477
1.598485751200542
-10.174737980700618
11.667373178245457
1.2684204738876064
1.4192410317643038
6.349469737142053
-0.59901904373576
0.5333236530287965
-1.7444062555819917
-1.5536897157524645
-0.016828307952407227
2.1003714386374353
-0.021450257952407435
-1.2661966382455099
0.0
0.0
0.0
0.0
0.0
0.0
0.0
0.0
0.0
0.0
0.0
0.0
0.0
0.0
0.0
0.0
0.0
0.0
0.0
0.0
0.0
0.0
0.0
0.0
0.0
0.0
0.0
0.0
0.0
0.0
0.0
0.0
0.0
0.0
0.0
0.0
0.0
0.0
0.0
0.0
0.0
0.0
0.0
0.0
0.0
0.0
0.0
0.0
0.0
0.0
0.0
0.0
0.0
0.0
0.0
0.0
0.0
0.0
0.0
0.0
0.0
0.0
0.0
0.0
0.0
0.0
0.0
0.0
0.0
0.0
0.0
0.0
0.0
0.0
0.0
0.0
0.0
0.0
0.0
0.0
0.0
0.0
0.0
0.0
0.0
0.0
0.0
0.0
0.0
0.0
0.0
0.0
0.0
0.0
0.0
0.0
0.0
0.0
0.0
0.0
0.0
0.0
0.0
0.0
0.0
0.0
0.0
0.0
0.0
0.0
0.0
0.0
0.0
0.0
0.0
0.0
0.0
0.0
0.0
0.0
0.0
0.0
0.0
0.0
0.0
0.0
0.0
</W>
<b>
-0.9553005323667549
</b>
<info>
Training (X) File : /home/vibhatha/data/libsvm/webspam/webspam_isesvm_train_x_bin.145 
Training (Y) File : /home/vibhatha/data/libsvm/webspam/webspam_isesvm_train_y.145.bin 
Testing (X) File : /home/vibhatha/data/libsvm/webspam/webspam_isesvm_test_x_bin.145 
Testing (Y) File : /home/vibhatha/data/libsvm/webspam/webspam_isesvm_test_y.145.bin 
I/O Time : 163
Kernel Matrix Calculation : 0.282 s
</info>
