<model>
linear
</model>
<W>
0.0
0.0
0.0
0.0
0.0
0.0
0.0
0.0
0.0
-1.4936993429104746
0.8731323038883061
0.0
0.0
-0.8209567358977263
0.0
0.0
0.0
0.0
0.0
0.0
0.0
0.0
0.0
0.0
0.0
0.0
3.4776364218582767
0.0
0.0
0.0
0.0
0.0
-0.21355261744823117
0.16023882191899708
2.0245682758157733
4.681689153121303
-0.4898499529297322
-2.45773295686166
-6.203494243282185
-7.691637422207208
3.338960779475486
3.100824729567548
-2.174841952485796
2.4449801523930925
-1.4897902484119578
3.8138375124574093
-5.83780773460443
10.013327404877408
1.0046335719281902
3.2443140618108055
3.3484927196359364
-3.1016766237550613
-4.744017160286689
-2.3050141824457744
0.7162326768916623
2.161665795973285
-0.5830990124232147
0.7154849857752481
6.138845980995647
-5.684115068844995
1.272485410697617
-1.9221447259188338
-7.483579135691791
-5.590560928949689
-1.4463606610066988
5.650378372689638
3.555874173913318
-4.512302042803194
1.8768307404355917
-1.3580513103356844
-11.239591262327723
1.616987336430461
-6.890432563087957
3.709999522014842
2.578629434047729
0.9904263982733057
-4.442300335986439
-6.442693148179464
-1.0497058922497455
1.7151507509994208
-3.5420559522639903
2.6497880459971177
1.7338630701513233
7.760331006017481
-0.43025228981472874
-5.342001631708514
1.5067318415549777
2.108427491903721
1.6503952024257622
-3.4231130088170154
-0.0025392132200273143
-1.929701870063986
1.8549061034807999
-1.0405680068750405
0.001010569414323554
7.625069643416356
0.005701006
0.6109878482915985
3.1231478271364157
-5.031622245182348
-1.6464697329622924
-4.049466620670538
2.2281492545942125
-9.420924128820223
-4.658246906719276
9.950681817270103
-2.8447619274867333
5.173314139462125
5.560938786866789
-8.396573371648982
7.023613089131995
-4.382851868436972
-5.69044980313166
-0.6286584286830104
-2.3110047334995354
11.848051366674618
4.877762317800366
-3.3047971676457797
11.846445800328308
-1.5147625992108154
3.2966803942540635
-2.7270679958910584
-0.07011570897350783
-1.4280640917407232
1.2290611083365606
-1.4223027408556257
-0.038587924963966735
0.0
0.0
0.0
0.0
0.0
0.0
0.0
0.0
0.0
0.0
0.0
0.0
0.0
0.0
0.0
0.0
0.0
0.0
0.0
0.0
0.0
0.0
0.0
0.0
0.0
0.0
0.0
0.0
0.0
0.0
0.0
0.0
0.0
0.0
0.0
0.0
0.0
0.0
0.0
0.0
0.0
0.0
0.0
0.0
0.0
0.0
0.0
0.0
0.0
0.0
0.0
0.0
0.0
0.0
0.0
0.0
0.0
0.0
0.0
0.0
0.0
0.0
0.0
0.0
0.0
0.0
0.0
0.0
0.0
0.0
0.0
0.0
0.0
0.0
0.0
0.0
0.0
0.0
0.0
0.0
0.0
0.0
0.0
0.0
0.0
0.0
0.0
0.0
0.0
0.0
0.0
0.0
0.0
0.0
0.0
0.0
0.0
0.0
0.0
0.0
0.0
0.0
0.0
0.0
0.0
0.0
0.0
0.0
0.0
0.0
0.0
0.0
0.0
0.0
0.0
0.0
0.0
0.0
0.0
0.0
0.0
0.0
0.0
0.0
0.0
0.0
0.0
</W>
<b>
-2.895158336697392
</b>
<info>
Training (X) File : /home/vibhatha/data/libsvm/webspam/webspam_isesvm_train_x_bin.232 
Training (Y) File : /home/vibhatha/data/libsvm/webspam/webspam_isesvm_train_y.232.bin 
Testing (X) File : /home/vibhatha/data/libsvm/webspam/webspam_isesvm_test_x_bin.232 
Testing (Y) File : /home/vibhatha/data/libsvm/webspam/webspam_isesvm_test_y.232.bin 
I/O Time : 134
Kernel Matrix Calculation : 0.269 s
</info>
