91.36690647482014
92.44604316546763
90.64748201438849
88.48920863309353
89.92805755395683
89.568345323741
89.20863309352518
91.00719424460432
89.92805755395683
91.00719424460432
91.36690647482014
89.20863309352518
88.48920863309353
89.20863309352518
90.64748201438849
88.84892086330936
92.44604316546763
89.20863309352518
89.20863309352518
84.17266187050359
91.36690647482014
91.72661870503596
89.92805755395683
92.44604316546763
89.92805755395683
91.00719424460432
87.41007194244604
89.92805755395683
89.20863309352518
93.16546762589928
91.00719424460432
88.48920863309353
89.568345323741
88.48920863309353
89.568345323741
89.20863309352518
91.36690647482014
89.92805755395683
89.92805755395683
90.28776978417267
