89.568345323741
89.92805755395683
87.41007194244604
87.41007194244604
85.97122302158273
89.20863309352518
89.20863309352518
88.12949640287769
91.72661870503596
87.41007194244604
91.72661870503596
87.76978417266187
88.12949640287769
88.12949640287769
89.568345323741
88.12949640287769
87.05035971223022
88.84892086330936
88.48920863309353
83.45323741007195
89.568345323741
89.92805755395683
91.00719424460432
88.12949640287769
87.41007194244604
87.76978417266187
87.76978417266187
88.12949640287769
87.41007194244604
92.08633093525181
91.36690647482014
87.76978417266187
87.41007194244604
86.6906474820144
89.568345323741
87.76978417266187
89.20863309352518
84.17266187050359
87.76978417266187
89.92805755395683
