<model>
linear
</model>
<W>
0.0
0.0
0.0
0.0
0.0
0.0
0.0
0.0
1.1824141665783826E-19
-2.1318449222989395
0.5334760092241086
0.0
0.0
-1.351311997968493
0.0
0.0
0.0
0.0
0.0
0.0
0.0
0.0
0.0
0.0
0.0
0.0
1.3645091826440239
0.0
0.0
0.0
0.0
0.0
-1.512067287237802
0.23936810228501026
2.351214113028224
0.9934905824937743
-0.15536678673804644
-0.19935741333975032
-1.7925217394864408
-4.259631323741439
2.773068609317647
2.7804426732881065
0.5457975197977496
-0.04296173273999093
-2.5108853111907425
2.8229736370529026
-0.5274770413638539
5.741795302575605
-0.7796603606468682
1.6140617072158026
0.3726924020649287
-2.7082724993672387
-2.0304850131932057
-1.1660893780289476
2.691404118975079
-0.7160019150361401
0.9620239749221827
0.2012723449107217
0.7322044210730586
0.08231310829284076
-1.758042803042084
-4.8935500192098615
-1.7180548580825041
-1.6254014049721148
1.2457457715250015
1.6181567218937087
-1.1910013122955767
-3.518258904157785
0.6739593103980133
-2.0405328485606753
-5.162110113316938
-1.2851416134754152
-1.0694050956157881
1.8040604571265852
0.17191960800861272
-1.5549238674736512
-1.8878428716552529
-1.1410022248540173
-0.2931760374838425
-0.7772209094351994
-2.8273925032335794
-0.25989111027097545
-0.49718757487955145
1.1524114251656616
0.24546653210693659
-2.299104483577995
-0.08594798851034224
0.5392707835379997
-0.08268692726252896
-1.5807126232480435
-0.8800040198060578
0.5827692782848019
0.2936713116829763
0.5843746532848019
0.039196899423131565
3.47234840273839
-4.8326939999999996E-4
1.4791418262156397
0.7965515265327582
-2.2265896016718036
-3.2005388819904708
-3.2199562964601944
3.0119712962938907
-6.450704871041065
0.10520673916746703
2.3570199723809857
-0.4889138336683768
-1.7800860777022676
3.585666611740688
-4.7295530227549705
5.131723232820518
-3.0216053857370024
2.560408950073633
0.26150600919479355
-0.24358578029648648
8.263718427424251
0.8673162573277913
-1.650296817965759
6.0877439486955645
-1.964556651872975
-0.06466593522404485
-0.5758296176224518
-0.4155150203100273
0.09913235327548035
1.0176519207744819
0.10214293343792362
-0.1294102786266729
0.0
0.0
0.0
0.0
0.0
0.0
0.0
0.0
0.0
0.0
0.0
0.0
0.0
0.0
0.0
0.0
0.0
0.0
0.0
0.0
0.0
0.0
0.0
0.0
0.0
0.0
0.0
0.0
0.0
0.0
0.0
0.0
0.0
0.0
0.0
0.0
0.0
0.0
0.0
0.0
0.0
0.0
0.0
0.0
0.0
0.0
0.0
0.0
0.0
0.0
0.0
0.0
0.0
0.0
0.0
0.0
0.0
0.0
0.0
0.0
0.0
0.0
0.0
0.0
0.0
0.0
0.0
0.0
0.0
0.0
0.0
0.0
0.0
0.0
0.0
0.0
0.0
0.0
0.0
0.0
0.0
0.0
0.0
0.0
0.0
0.0
0.0
0.0
0.0
0.0
0.0
0.0
0.0
0.0
0.0
0.0
0.0
0.0
0.0
0.0
0.0
0.0
0.0
0.0
0.0
0.0
0.0
0.0
0.0
0.0
0.0
0.0
0.0
0.0
0.0
0.0
0.0
0.0
0.0
0.0
0.0
0.0
0.0
0.0
0.0
0.0
0.0
</W>
<b>
-0.4325254910767725
</b>
<info>
Training (X) File : /home/vibhatha/data/libsvm/webspam/webspam_isesvm_train_x_bin.377 
Training (Y) File : /home/vibhatha/data/libsvm/webspam/webspam_isesvm_train_y.377.bin 
Testing (X) File : /home/vibhatha/data/libsvm/webspam/webspam_isesvm_test_x_bin.377 
Testing (Y) File : /home/vibhatha/data/libsvm/webspam/webspam_isesvm_test_y.377.bin 
I/O Time : 146
Kernel Matrix Calculation : 0.238 s
</info>
