85.61151079136691
85.25179856115108
85.97122302158273
83.45323741007195
84.17266187050359
86.33093525179856
85.97122302158273
85.61151079136691
82.73381294964028
85.25179856115108
89.20863309352518
84.53237410071942
84.17266187050359
88.84892086330936
82.01438848920863
83.09352517985612
86.6906474820144
86.33093525179856
84.17266187050359
80.57553956834532
85.25179856115108
87.76978417266187
88.84892086330936
85.97122302158273
86.33093525179856
85.61151079136691
84.17266187050359
83.81294964028777
83.81294964028777
88.48920863309353
89.568345323741
83.81294964028777
84.53237410071942
85.97122302158273
85.97122302158273
85.25179856115108
89.20863309352518
84.17266187050359
87.05035971223022
86.33093525179856
