92.80575539568345
92.08633093525181
91.00719424460432
88.48920863309353
90.28776978417267
88.84892086330936
89.92805755395683
90.28776978417267
91.36690647482014
88.48920863309353
92.44604316546763
90.64748201438849
88.12949640287769
91.00719424460432
89.20863309352518
89.20863309352518
91.36690647482014
88.12949640287769
89.92805755395683
86.6906474820144
88.48920863309353
89.568345323741
91.72661870503596
90.28776978417267
88.48920863309353
90.28776978417267
90.28776978417267
89.568345323741
90.28776978417267
92.08633093525181
93.16546762589928
90.28776978417267
90.28776978417267
89.92805755395683
91.72661870503596
89.568345323741
91.36690647482014
90.28776978417267
88.12949640287769
89.568345323741
