<model>
linear
</model>
<W>
0.0
0.0
0.0
0.0
0.0
0.0
0.0
0.0
-1.1594545644343596E-4
0.9457653983460239
3.3742226208044217
0.0
0.0
-3.917682632113582
0.0
0.0
0.0
0.0
0.0
0.0
0.0
0.0
0.0
0.0
0.0
0.0
2.329197292532328
0.0
0.0
0.0
0.0
0.0
0.2821140407199376
1.690271542053383
2.1845297702566455
1.8938425261183696
-0.19471637335341097
-0.6690340635806558
1.7119295025694303
-5.2800545751164245
1.6744240629932625
1.7760659256364921
-0.9784047691815834
1.023498585809341
-2.123158008498182
4.198247469439004
1.9693093648948168
7.174968041749865
0.7369308149278176
-0.15694409385493857
3.860607108593043
0.270158808537561
-1.1183731059970843
-2.3962513448500333
4.61005189114843
1.7062123793974866
3.820569144012693
0.43340512063366965
-0.35809011702930377
-1.1225859689389108
-0.41480704930706125
-3.640683791122879
-0.41124401488995854
-3.4159918860729253
0.26451919574952565
3.6086697977856295
-1.364687970466816
-2.3200124548449086
-1.8438673709885425
-5.608544179270555
-3.969214355096878
1.8684631082785603
0.33123704099038875
4.327374078563919
0.8944551785600116
-1.549928286817364
0.7694165876129748
-3.8771579375804714
0.49008229046532265
-0.8601360012386992
0.46907907504395097
-1.0961571190404023
0.5707202131170536
1.2026880123856147
1.70887808743272
0.06199545669791395
-0.5185250441703175
1.84832115238469
-0.7234787985205273
-1.3176570954127946
-1.0448434085219362
-0.4633489796871771
-0.6262652160989038
-0.16029421068717706
-0.1340908729571406
3.083090367872531
-0.0470351194
1.618327004042496
1.0660944111902184
0.2839583190427315
-2.4318791525308017
-1.0576916308826263
1.5184884185414773
-7.458878762791418
-2.573768483829545
6.753570126680956
-0.8006171556793487
-0.9634685578990054
3.4324180517201697
-5.486829639590571
8.76749824488853
-8.099395459794739
2.3648529246266206
-1.7946680756045585
-3.311355830078284
8.427171493970413
-0.028939790312661806
-1.332930937940974
4.47830251718112
-0.8912151634163579
1.5687254128940047
4.826389658685516
-1.5509453359664986
-1.0334992901287292
0.8121449779271883
-0.8983211111287289
-0.14371328300000002
0.0
0.0
0.0
0.0
0.0
0.0
0.0
0.0
0.0
0.0
0.0
0.0
0.0
0.0
0.0
0.0
0.0
0.0
0.0
0.0
0.0
0.0
0.0
0.0
0.0
0.0
0.0
0.0
0.0
0.0
0.0
0.0
0.0
0.0
0.0
0.0
0.0
0.0
0.0
0.0
0.0
0.0
0.0
0.0
0.0
0.0
0.0
0.0
0.0
0.0
0.0
0.0
0.0
0.0
0.0
0.0
0.0
0.0
0.0
0.0
0.0
0.0
0.0
0.0
0.0
0.0
0.0
0.0
0.0
0.0
0.0
0.0
0.0
0.0
0.0
0.0
0.0
0.0
0.0
0.0
0.0
0.0
0.0
0.0
0.0
0.0
0.0
0.0
0.0
0.0
0.0
0.0
0.0
0.0
0.0
0.0
0.0
0.0
0.0
0.0
0.0
0.0
0.0
0.0
0.0
0.0
0.0
0.0
0.0
0.0
0.0
0.0
0.0
0.0
0.0
0.0
0.0
0.0
0.0
0.0
0.0
0.0
0.0
0.0
0.0
0.0
0.0
</W>
<b>
-3.482831856338995
</b>
<info>
Training (X) File : /home/vibhatha/data/libsvm/webspam/webspam_isesvm_train_x_bin.369 
Training (Y) File : /home/vibhatha/data/libsvm/webspam/webspam_isesvm_train_y.369.bin 
Testing (X) File : /home/vibhatha/data/libsvm/webspam/webspam_isesvm_test_x_bin.369 
Testing (Y) File : /home/vibhatha/data/libsvm/webspam/webspam_isesvm_test_y.369.bin 
I/O Time : 111
Kernel Matrix Calculation : 0.216 s
</info>
