84.53237410071942
82.01438848920863
85.61151079136691
83.81294964028777
83.45323741007195
82.73381294964028
84.17266187050359
83.81294964028777
82.01438848920863
85.61151079136691
85.97122302158273
82.73381294964028
83.09352517985612
85.97122302158273
82.01438848920863
82.37410071942446
84.89208633093526
85.25179856115108
83.09352517985612
75.17985611510791
83.45323741007195
85.61151079136691
86.33093525179856
83.45323741007195
81.65467625899281
79.49640287769785
83.45323741007195
82.73381294964028
82.01438848920863
84.17266187050359
89.568345323741
82.01438848920863
82.37410071942446
82.73381294964028
85.25179856115108
81.65467625899281
89.92805755395683
85.61151079136691
84.53237410071942
84.89208633093526
