92.08633093525181
90.64748201438849
90.64748201438849
88.84892086330936
91.36690647482014
88.48920863309353
90.28776978417267
90.64748201438849
90.64748201438849
88.84892086330936
92.08633093525181
87.41007194244604
89.568345323741
89.92805755395683
91.00719424460432
90.28776978417267
91.36690647482014
87.76978417266187
88.84892086330936
85.25179856115108
92.44604316546763
91.72661870503596
90.28776978417267
89.20863309352518
90.64748201438849
91.72661870503596
88.84892086330936
88.12949640287769
89.92805755395683
91.36690647482014
92.08633093525181
91.36690647482014
91.36690647482014
89.568345323741
92.08633093525181
89.92805755395683
92.08633093525181
91.72661870503596
88.84892086330936
91.36690647482014
