<model>
linear
</model>
<W>
0.0
0.0
0.0
0.0
0.0
0.0
0.0
0.0
-0.0014669649999999998
-1.8621945714185624
1.4093530074297318
0.0
0.00109721
0.09235037680282754
0.0
0.0
0.0
0.0
0.0
0.0
0.0
0.0
0.0
0.0
0.0
0.0
1.2518472203827449
0.0
0.0
0.0
0.0
0.0
-0.6424367065234776
0.5287063680811449
3.3542473642720774
1.3889563417011157
0.01694534608627321
0.20467963191732635
-2.5853456052802093
-2.7101477014968554
0.9361535448269596
0.9386209870005894
-1.910991739206544
0.23880393986865048
0.36955924937650586
3.0016775204861967
-0.969709727153355
5.281905067087872
0.08806605878037058
1.1600719515717848
-0.5318119447403231
0.04226505648865771
-0.3638570638682847
1.2413195644996364
1.680805545040733
0.25047476041235195
0.48667536770469716
-0.3417737885845424
0.972601225207431
0.640778415482679
-0.2894338664559707
-2.4541530451250626
-0.26066291127198127
-1.650908186431285
-0.10563075748946717
1.1462879827135246
-0.3189528715181743
-0.5341596465250932
-0.3740617127092015
-2.314929646672783
-3.7896489317408513
-0.535726448869725
-1.1439424707740884
1.1511459438677372
-0.09165148809453019
-0.4205833498789584
-1.2944570407336273
-1.125183276854303
-0.5358845001687876
-0.7277335754431324
-0.748621010515039
-0.708126786553462
0.3810635278878518
1.283562322264046
0.053132263884529775
-0.6511829064402477
-0.061005471474433484
0.6557370142508064
-0.5145520749897019
-1.5489978064622285
-1.2499126345715756
0.44908709523544027
0.2862465443227515
0.44908709523544027
-0.008932859769825031
-0.23011605974898486
-0.01035475
1.743028928763133
0.3976674319475897
-1.3372697526647581
-3.301363001750326
-1.1919197882995738
0.7907574384155203
-3.4366035120017457
2.00598395133552
5.002009807137011
0.23607128786698497
-1.8898721087087549
1.4198987291234864
-6.171552042840373
4.970782012681564
-1.7460038300405039
1.1897669601533494
-0.4014789864047995
-3.0325959647011924
6.4341190722526225
-1.0420318406914444
0.9849413194181128
1.661648705719224
-1.132252995724996
0.5767208617396905
-0.42634522999095403
-1.1222402967842442
-0.25629191563242015
0.4191063260669742
-0.25668086563242015
-0.06128057115155178
0.0
0.0
0.0
0.0
0.0
0.0
0.0
0.0
0.0
0.0
0.0
0.0
0.0
0.0
0.0
0.0
0.0
0.0
0.0
0.0
0.0
0.0
0.0
0.0
0.0
0.0
0.0
0.0
0.0
0.0
0.0
0.0
0.0
0.0
0.0
0.0
0.0
0.0
0.0
0.0
0.0
0.0
0.0
0.0
0.0
0.0
0.0
0.0
0.0
0.0
0.0
0.0
0.0
0.0
0.0
0.0
0.0
0.0
0.0
0.0
0.0
0.0
0.0
0.0
0.0
0.0
0.0
0.0
0.0
0.0
0.0
0.0
0.0
0.0
0.0
0.0
0.0
0.0
0.0
0.0
0.0
0.0
0.0
0.0
0.0
0.0
0.0
0.0
0.0
0.0
0.0
0.0
0.0
0.0
0.0
0.0
0.0
0.0
0.0
0.0
0.0
0.0
0.0
0.0
0.0
0.0
0.0
0.0
0.0
0.0
0.0
0.0
0.0
0.0
0.0
0.0
0.0
0.0
0.0
0.0
0.0
0.0
0.0
0.0
0.0
0.0
0.0
</W>
<b>
-1.6346190074104168
</b>
<info>
Training (X) File : /home/vibhatha/data/libsvm/webspam/webspam_isesvm_train_x_bin.199 
Training (Y) File : /home/vibhatha/data/libsvm/webspam/webspam_isesvm_train_y.199.bin 
Testing (X) File : /home/vibhatha/data/libsvm/webspam/webspam_isesvm_test_x_bin.199 
Testing (Y) File : /home/vibhatha/data/libsvm/webspam/webspam_isesvm_test_y.199.bin 
I/O Time : 143
Kernel Matrix Calculation : 0.247 s
</info>
