89.568345323741
89.568345323741
89.20863309352518
87.76978417266187
88.84892086330936
87.41007194244604
91.72661870503596
88.48920863309353
90.64748201438849
89.20863309352518
88.84892086330936
86.33093525179856
89.20863309352518
89.568345323741
89.20863309352518
89.20863309352518
89.568345323741
86.6906474820144
90.64748201438849
86.6906474820144
90.64748201438849
89.568345323741
88.84892086330936
89.92805755395683
88.84892086330936
86.6906474820144
88.12949640287769
88.48920863309353
87.41007194244604
89.92805755395683
92.44604316546763
88.84892086330936
87.41007194244604
88.84892086330936
91.00719424460432
88.12949640287769
90.28776978417267
88.48920863309353
87.41007194244604
90.28776978417267
