85.71428571428571
75.77639751552795
78.88198757763976
79.5031055900621
80.74534161490683
78.26086956521739
77.63975155279503
78.88198757763976
82.6086956521739
81.98757763975155
86.95652173913044
88.19875776397515
81.98757763975155
84.472049689441
79.5031055900621
81.98757763975155
85.71428571428571
80.74534161490683
81.98757763975155
85.71428571428571
80.74534161490683
73.29192546583852
84.472049689441
80.74534161490683
82.6086956521739
85.71428571428571
85.09316770186336
85.71428571428571
86.33540372670807
83.85093167701864
77.63975155279503
80.74534161490683
80.12422360248446
81.98757763975155
80.12422360248446
81.36645962732919
75.15527950310559
81.98757763975155
80.74534161490683
83.22981366459628
