90.64748201438849
92.44604316546763
91.36690647482014
90.28776978417267
86.6906474820144
90.28776978417267
90.64748201438849
91.72661870503596
91.36690647482014
88.48920863309353
91.72661870503596
91.72661870503596
87.76978417266187
89.568345323741
91.00719424460432
89.92805755395683
89.92805755395683
88.12949640287769
90.64748201438849
83.09352517985612
92.08633093525181
92.08633093525181
91.72661870503596
91.72661870503596
90.28776978417267
91.00719424460432
88.84892086330936
89.568345323741
87.05035971223022
93.5251798561151
92.08633093525181
86.33093525179856
89.20863309352518
89.92805755395683
89.92805755395683
88.84892086330936
89.568345323741
92.44604316546763
89.20863309352518
89.20863309352518
