64.36285097192224
51.18790496760259
58.31533477321814
63.93088552915766
47.30021598272138
52.48380129589633
43.196544276457885
59.611231101511876
49.46004319654428
48.81209503239741
39.524838012958966
61.33909287257019
49.24406047516199
52.48380129589633
47.30021598272138
66.09071274298056
49.24406047516199
52.48380129589633
42.33261339092873
68.03455723542116
50.53995680345572
56.15550755939525
47.51619870410367
63.06695464362851
59.395248380129594
58.31533477321814
54.64362850971922
54.85961123110151
63.93088552915766
57.45140388768899
57.66738660907127
50.323974082073434
57.01943844492441
58.09935205183585
57.66738660907127
54.42764578833693
51.18790496760259
48.81209503239741
57.88336933045356
51.40388768898488
