90.28776978417267
93.88489208633094
88.48920863309353
88.48920863309353
86.6906474820144
87.41007194244604
88.84892086330936
88.12949640287769
91.00719424460432
87.41007194244604
90.64748201438849
90.28776978417267
87.05035971223022
89.568345323741
90.64748201438849
88.12949640287769
90.28776978417267
88.48920863309353
88.48920863309353
84.17266187050359
85.97122302158273
91.36690647482014
90.64748201438849
87.05035971223022
87.41007194244604
87.76978417266187
84.89208633093526
88.84892086330936
85.61151079136691
92.44604316546763
91.00719424460432
89.568345323741
88.12949640287769
88.84892086330936
89.20863309352518
88.48920863309353
89.568345323741
87.41007194244604
88.48920863309353
89.20863309352518
