89.92805755395683
89.92805755395683
88.48920863309353
87.76978417266187
87.05035971223022
86.6906474820144
88.12949640287769
88.84892086330936
90.28776978417267
86.6906474820144
89.20863309352518
88.84892086330936
88.84892086330936
88.84892086330936
88.84892086330936
87.41007194244604
89.20863309352518
88.12949640287769
88.48920863309353
81.65467625899281
89.568345323741
88.84892086330936
88.84892086330936
87.05035971223022
85.97122302158273
88.12949640287769
88.84892086330936
84.89208633093526
87.41007194244604
89.92805755395683
86.6906474820144
86.6906474820144
89.92805755395683
88.84892086330936
89.92805755395683
85.97122302158273
89.20863309352518
90.64748201438849
88.84892086330936
89.20863309352518
