89.20863309352518
90.64748201438849
88.12949640287769
87.41007194244604
86.6906474820144
86.33093525179856
91.00719424460432
90.28776978417267
91.00719424460432
87.05035971223022
89.20863309352518
88.84892086330936
89.20863309352518
88.12949640287769
89.568345323741
88.84892086330936
91.00719424460432
89.568345323741
88.12949640287769
83.45323741007195
89.92805755395683
89.568345323741
90.28776978417267
89.20863309352518
88.48920863309353
89.20863309352518
87.76978417266187
87.76978417266187
87.41007194244604
92.80575539568345
91.00719424460432
87.41007194244604
89.20863309352518
89.568345323741
89.92805755395683
88.48920863309353
91.72661870503596
91.00719424460432
88.48920863309353
87.05035971223022
