<model>
linear
</model>
<W>
0.0
0.0
0.0
0.0
0.0
0.0
0.0
0.0
0.0
-3.3270688978662317
-1.2909371927765312
0.0
0.0
-4.379965908871896
0.0
0.0
0.0
0.0
0.0
0.0
0.0
0.0
0.0
0.0
0.0
0.0
1.2463719962472766
0.0
0.0
0.0
0.0
0.0
-0.09573107696719063
-3.0293412190010702
2.8957906044150032
0.5646701564068948
-0.6000577361832603
-8.349694847582882
2.3743458486714104
-2.005666559798525
2.9198507861238596
2.995640449403699
0.22446118623338973
2.5117423596183626
-4.420341780443238
3.8216015980905818
2.963412310829785
8.296191612715145
-2.9420676092875464
1.899341506610835
3.4014594512733467
0.7570370054722501
-0.5595791518934775
-5.109649872391085
4.752310317850467
-1.2618202437948152
2.644558104066795
-2.300392157179731
-0.9416892777455956
0.6973252843894124
-2.2100583087766976
-5.91898144973971
-1.8777251125352796
-0.4148478388216996
0.4371980406188285
4.861751846056716
-0.459364735546746
0.038935898226138216
1.5730751066985422
-7.31578656696267
-5.746557338421699
2.342148438353924
-1.1161376468681827
7.912046715996321
-0.0928145713910219
1.0115885232724136
0.9698094866261591
-9.03338830789135
5.073876511608143
1.1067942411496035
-2.4153400163421965
0.8939228871990229
5.45967126704505
2.365545923736748
-0.04747963149183376
-0.502069792222431
2.4379600118556426
-3.440565433359466
0.4374703816735397
-2.839996586096113
-0.7020295739907446
0.569924200817982
-1.144749748180572
0.5713948369305507
0.22445235086884976
9.014491375396831
0.006288298281046482
3.419236594052893
-5.426000919772719
-0.45386454893113237
-5.44232140945121
-0.8739697284994712
6.822268105161902
-8.250577395002084
3.5350173758148595
5.9051110872273425
-1.785891983884795
-5.321091909758205
4.232128121691406
-9.343997960803241
3.7591721477823095
-3.604032506825883
1.8479336252369403
-1.092004884468757
-5.000154424368
6.294423932052811
3.430690849898353
0.8995446155264681
5.8032098519712285
-9.69603141805974
3.1887324469472906
2.6833965843538614
-0.2339695205929887
2.121875515317431
1.92800736953477
2.121875515317431
-1.2649050403703972
0.0
0.0
0.0
0.0
0.0
0.0
0.0
0.0
0.0
0.0
0.0
0.0
0.0
0.0
0.0
0.0
0.0
0.0
0.0
0.0
0.0
0.0
0.0
0.0
0.0
0.0
0.0
0.0
0.0
0.0
0.0
0.0
0.0
0.0
0.0
0.0
0.0
0.0
0.0
0.0
0.0
0.0
0.0
0.0
0.0
0.0
0.0
0.0
0.0
0.0
0.0
0.0
0.0
0.0
0.0
0.0
0.0
0.0
0.0
0.0
0.0
0.0
0.0
0.0
0.0
0.0
0.0
0.0
0.0
0.0
0.0
0.0
0.0
0.0
0.0
0.0
0.0
0.0
0.0
0.0
0.0
0.0
0.0
0.0
0.0
0.0
0.0
0.0
0.0
0.0
0.0
0.0
0.0
0.0
0.0
0.0
0.0
0.0
0.0
0.0
0.0
0.0
0.0
0.0
0.0
0.0
0.0
0.0
0.0
0.0
0.0
0.0
0.0
0.0
0.0
0.0
0.0
0.0
0.0
0.0
0.0
0.0
0.0
0.0
0.0
0.0
0.0
</W>
<b>
-2.0637744439036005
</b>
<info>
Training (X) File : /home/vibhatha/data/libsvm/webspam/webspam_isesvm_train_x_bin.389 
Training (Y) File : /home/vibhatha/data/libsvm/webspam/webspam_isesvm_train_y.389.bin 
Testing (X) File : /home/vibhatha/data/libsvm/webspam/webspam_isesvm_test_x_bin.389 
Testing (Y) File : /home/vibhatha/data/libsvm/webspam/webspam_isesvm_test_y.389.bin 
I/O Time : 127
Kernel Matrix Calculation : 0.197 s
</info>
