89.568345323741
87.41007194244604
87.41007194244604
88.12949640287769
85.25179856115108
84.53237410071942
88.84892086330936
89.20863309352518
88.84892086330936
88.48920863309353
88.84892086330936
85.97122302158273
87.41007194244604
88.48920863309353
84.89208633093526
87.41007194244604
87.41007194244604
87.05035971223022
87.76978417266187
79.85611510791367
85.97122302158273
88.84892086330936
87.05035971223022
85.97122302158273
87.41007194244604
83.81294964028777
88.12949640287769
83.45323741007195
84.53237410071942
86.6906474820144
87.76978417266187
87.41007194244604
89.568345323741
87.76978417266187
88.84892086330936
84.17266187050359
89.568345323741
89.20863309352518
87.41007194244604
84.89208633093526
