89.92805755395683
90.64748201438849
89.20863309352518
87.41007194244604
87.76978417266187
89.20863309352518
88.48920863309353
89.568345323741
89.92805755395683
84.89208633093526
89.568345323741
87.76978417266187
88.48920863309353
87.76978417266187
87.05035971223022
88.84892086330936
92.44604316546763
87.41007194244604
89.568345323741
82.73381294964028
89.20863309352518
88.12949640287769
90.28776978417267
87.05035971223022
86.6906474820144
88.12949640287769
89.20863309352518
89.20863309352518
87.41007194244604
91.00719424460432
89.568345323741
88.12949640287769
88.48920863309353
91.00719424460432
87.76978417266187
86.33093525179856
91.36690647482014
86.33093525179856
88.48920863309353
90.64748201438849
