<model>
linear
</model>
<W>
0.0
0.0
0.0
0.0
0.0
0.0
0.0
0.0
-0.0010666559999999998
0.10827014192521406
0.9628824321571452
0.0
0.0
-1.0123477350999313
0.0
0.0
0.0
0.0
0.0
0.0
0.0
0.0
0.0
0.0
0.0
0.0
2.899001401837382
0.0
0.0
0.0
0.0
0.0
1.549012133839489
-0.3803532927184478
2.759982590583488
0.4931853246129661
-0.06978525502075594
0.09889242114318748
-2.2715429319656124
-0.7286707378607193
0.9532508446194649
0.9630046880151378
0.002292340480335224
-0.24356042644402986
0.07274618257502549
0.9063096363748853
-2.1010464567291436
5.962522127170833
1.5753012371066437
1.4293590639609615
1.9401666440721712
0.6838458299395521
0.5866163654475752
0.7307904906409374
2.330859684733397
0.41142816735258436
1.0467121825152863
0.47367791320972646
2.3864153210001695
0.6237689544355385
0.4016820587389547
-4.502651596437387
0.5198875640622558
-1.1807003644401532
0.17824760570711762
1.7964651965681744
-0.1620420541380137
-0.5301260949913846
0.8187740294092671
-1.2354630695001156
-3.009449009262865
-0.5284797941524622
-0.2259078937327662
1.5870106058662428
-0.1371344079549164
-0.4256618561654332
0.07050235856760347
-1.424953515357752
-0.29135168584941584
-0.3019210135471286
-0.36951757249415196
-0.6606629768619084
0.70531312414477
1.818498975652512
1.3211472803114253
-0.29173310921010365
-0.13633722927659886
0.5963990461767755
-0.27168523516637555
-1.8415240279574827
-1.1287058217333412
0.13935278439865328
-0.37353068499057757
0.13935278439865328
0.0087791612
0.7856691623365393
0.012891648799999999
1.4250860675160744
-0.7793052682222037
0.1597848490771307
-2.350744972116763
0.40207552372544897
1.9931627389465265
-1.6842875225710854
-1.6593903225624231
4.700108779513959
0.43451773691092
-1.2680312876849797
3.7272057930551936
-3.7480904034963327
2.124330576201777
1.3883957761805712
0.9757374208949017
-0.35926465145533587
-1.3544740693974302
7.2941556342971525
2.077003984399458
-1.4923169755255625
3.12731120213196
-1.5055023527645472
0.07069700471253526
0.5355163719469561
0.012887081000835222
-0.5543733128449101
0.3508575271566983
-0.5553727128449101
-0.027411943199999993
0.0
0.0
0.0
0.0
0.0
0.0
0.0
0.0
0.0
0.0
0.0
0.0
0.0
0.0
0.0
0.0
0.0
0.0
0.0
0.0
0.0
0.0
0.0
0.0
0.0
0.0
0.0
0.0
0.0
0.0
0.0
0.0
0.0
0.0
0.0
0.0
0.0
0.0
0.0
0.0
0.0
0.0
0.0
0.0
0.0
0.0
0.0
0.0
0.0
0.0
0.0
0.0
0.0
0.0
0.0
0.0
0.0
0.0
0.0
0.0
0.0
0.0
0.0
0.0
0.0
0.0
0.0
0.0
0.0
0.0
0.0
0.0
0.0
0.0
0.0
0.0
0.0
0.0
0.0
0.0
0.0
0.0
0.0
0.0
0.0
0.0
0.0
0.0
0.0
0.0
0.0
0.0
0.0
0.0
0.0
0.0
0.0
0.0
0.0
0.0
0.0
0.0
0.0
0.0
0.0
0.0
0.0
0.0
0.0
0.0
0.0
0.0
0.0
0.0
0.0
0.0
0.0
0.0
0.0
0.0
0.0
0.0
0.0
0.0
0.0
0.0
0.0
</W>
<b>
-5.356954739481246
</b>
<info>
Training (X) File : /home/vibhatha/data/libsvm/webspam/webspam_isesvm_train_x_bin.120 
Training (Y) File : /home/vibhatha/data/libsvm/webspam/webspam_isesvm_train_y.120.bin 
Testing (X) File : /home/vibhatha/data/libsvm/webspam/webspam_isesvm_test_x_bin.120 
Testing (Y) File : /home/vibhatha/data/libsvm/webspam/webspam_isesvm_test_y.120.bin 
I/O Time : 111
Kernel Matrix Calculation : 0.273 s
</info>
