<model>
linear
</model>
<W>
0.0
0.0
0.0
0.0
0.0
0.0
0.0
0.0
0.0
-1.3715403322287176
0.3308337232564314
0.0
0.0
-2.6889167499820315
0.0
0.0
0.0
0.0
0.0
0.0
0.0
0.0
0.0
0.0
0.0
0.0
2.2404577805297943
0.0
0.0
0.0
0.0
0.0
0.013846486935061408
0.31792030052561937
3.3109098294720254
0.5346957315775278
-0.0434960523216749
-0.9784461899647469
-1.570680666769614
-1.1839656673701988
2.2407958762342806
2.2504659330438894
-0.0603381789005711
0.28280270363923166
-0.08553618289720478
1.5818203831929152
-1.6565196760526344
4.733785899610307
0.003506410813453681
0.39381341905113554
0.18567933532000153
-0.698717919866716
-0.11938401833363906
0.27198284729656586
0.9233046742086175
-0.17901681461549102
1.086666013809286
1.4686604631824722
1.7472736329073062
0.21227264229925027
-1.3810219666242944
-4.080661090029488
-1.3651965147956555
-1.152893329050028
0.029635485459727037
2.1111773366396283
0.10900932956373166
-0.16393693825667013
0.24667128217673107
-0.9980844824794922
-1.8354995996351873
-0.30267773474541226
-0.6644410687742577
0.5889617385403205
-0.33091590570358265
-1.0994192111279686
-0.5673668441855828
-0.7459896764279207
-0.006418482772531479
-0.5876907255435645
-0.3796987958877919
-0.41556339251450225
0.607154678760429
1.1458114635840053
-0.563608512208707
-0.2830673463420917
0.17241983959276985
0.5564776115851974
-0.15996815133625938
-0.9456040000306001
-0.7815601587477017
0.08563939806828154
0.20599466097891703
0.13561835406828154
0.006098736238460165
0.5971774794169195
-0.009952144
0.3821617116105638
-0.05633816543214551
-0.19152112440322322
-1.4425452863911667
0.4592529580808957
0.5288409808894347
-1.655432542711114
-1.3423014197187146
4.147380660819975
-0.5030415175207442
-1.1449065425473242
3.4247507703951836
-4.324623984370336
3.8649414561327675
-0.8373569761004279
3.720576773300893
-1.0273185596168768
-3.815101204958264
5.714324303147076
-0.1604906284512988
-0.2807001819461793
3.4734835638956003
-1.5568372936671548
1.2127550830947187
-0.8692827145155257
0.1513763234205081
-0.24222528553234485
0.42446171744406364
-0.24333596553234477
-0.03118673799842494
0.0
0.0
0.0
0.0
0.0
0.0
0.0
0.0
0.0
0.0
0.0
0.0
0.0
0.0
0.0
0.0
0.0
0.0
0.0
0.0
0.0
0.0
0.0
0.0
0.0
0.0
0.0
0.0
0.0
0.0
0.0
0.0
0.0
0.0
0.0
0.0
0.0
0.0
0.0
0.0
0.0
0.0
0.0
0.0
0.0
0.0
0.0
0.0
0.0
0.0
0.0
0.0
0.0
0.0
0.0
0.0
0.0
0.0
0.0
0.0
0.0
0.0
0.0
0.0
0.0
0.0
0.0
0.0
0.0
0.0
0.0
0.0
0.0
0.0
0.0
0.0
0.0
0.0
0.0
0.0
0.0
0.0
0.0
0.0
0.0
0.0
0.0
0.0
0.0
0.0
0.0
0.0
0.0
0.0
0.0
0.0
0.0
0.0
0.0
0.0
0.0
0.0
0.0
0.0
0.0
0.0
0.0
0.0
0.0
0.0
0.0
0.0
0.0
0.0
0.0
0.0
0.0
0.0
0.0
0.0
0.0
0.0
0.0
0.0
0.0
0.0
0.0
</W>
<b>
-2.1156317842978307
</b>
<info>
Training (X) File : /home/vibhatha/data/libsvm/webspam/webspam_isesvm_train_x_bin.135 
Training (Y) File : /home/vibhatha/data/libsvm/webspam/webspam_isesvm_train_y.135.bin 
Testing (X) File : /home/vibhatha/data/libsvm/webspam/webspam_isesvm_test_x_bin.135 
Testing (Y) File : /home/vibhatha/data/libsvm/webspam/webspam_isesvm_test_y.135.bin 
I/O Time : 144
Kernel Matrix Calculation : 0.235 s
</info>
