<model>
linear
</model>
<W>
0.0
0.0
0.0
0.0
0.0
0.0
0.0
0.0
0.0
-1.3403780168601618
1.1738634304163251
0.0
0.0
-1.0230953601472996
0.0
0.0
0.0
0.0
0.0
0.0
0.0
0.0
0.0
0.0
0.0
0.0
1.9354359486602934
-0.0022243234192572243
0.0
0.0
0.0
0.0
0.1690323508495808
0.09120437377245408
2.8891648024481986
0.0743792441513159
-0.011528388368318486
-0.2598379662960589
-0.43346170684853447
0.7388219296593534
1.2138924328553944
1.212153859408116
0.27476880109264995
0.11091258988680273
1.1693994886774752
2.7677831101696713
-1.025069803799217
5.300824182887728
0.9832294803733548
1.6763915382299197
0.6351212525243792
-0.6453593036316942
0.43321978039250447
0.01778742148742768
0.899548511921391
0.1236737533269372
1.154923601601365
0.35066318234931027
0.4049728397432685
0.8954659737188649
-0.33002117796176866
-3.1960955430619173
-0.29428432094026347
-0.8285685429658765
0.13951464109620304
1.212515913409666
-0.11954302897554085
-0.5715567599834406
-0.4335927249471972
-1.2513308328467965
-1.9039907276820864
0.3353018561478175
-0.9188154565383518
1.4081375731076702
-0.4133817541580967
-0.8794872623611883
-0.960685167400545
-1.2285382731361687
0.14649598152254126
-0.05662005395139622
0.09261764005048823
-0.38822773931398485
1.037681067852636
1.3673217693331976
-0.6736742844453262
-0.03685091341789188
0.454707447050848
-0.11577245692883169
-1.4293289167321033
-0.9540040030919432
-0.6857771511827355
0.055320433570181314
0.013230069561813135
0.05370539361545463
3.546888257800404E-4
1.8816187415325543
-0.003641226
3.46009195990784
-0.9543534985068992
-0.9436965892958651
-1.4729935281245696
-0.053547155623065223
-1.033664070214569
-3.141549668593351
-2.9765525049258925
4.722656176479071
-0.2791812633278434
-1.6227817287311135
3.030252455867209
-2.378362293293053
1.5766068759930436
-2.6600583847763075
2.7426705844135597
-0.16713164679282472
-1.8379833552103082
5.490284376182499
-2.115273040152766
1.0101450957666276
3.875328064684812
-1.9554370060736173
0.31907842354744137
-0.1738593864068897
-0.1525029268633018
-0.3248484718221249
0.38545043769475956
-0.3270907714732418
-0.010696545454726675
0.0
0.0
0.0
0.0
0.0
0.0
0.0
0.0
0.0
0.0
0.0
0.0
0.0
0.0
0.0
0.0
0.0
0.0
0.0
0.0
0.0
0.0
0.0
0.0
0.0
0.0
0.0
0.0
0.0
0.0
0.0
0.0
0.0
0.0
0.0
0.0
0.0
0.0
0.0
0.0
0.0
0.0
0.0
0.0
0.0
0.0
0.0
0.0
0.0
0.0
0.0
0.0
0.0
0.0
0.0
0.0
0.0
0.0
0.0
0.0
0.0
0.0
0.0
0.0
0.0
0.0
0.0
0.0
0.0
0.0
0.0
0.0
0.0
0.0
0.0
0.0
0.0
0.0
0.0
0.0
0.0
0.0
0.0
0.0
0.0
0.0
0.0
0.0
0.0
0.0
0.0
0.0
0.0
0.0
0.0
0.0
0.0
0.0
0.0
0.0
0.0
0.0
0.0
0.0
0.0
0.0
0.0
0.0
0.0
0.0
0.0
0.0
0.0
0.0
0.0
0.0
0.0
0.0
0.0
0.0
0.0
0.0
0.0
0.0
0.0
0.0
0.0
</W>
<b>
-2.511428329731415
</b>
<info>
Training (X) File : /home/vibhatha/data/libsvm/webspam/webspam_isesvm_train_x_bin.215 
Training (Y) File : /home/vibhatha/data/libsvm/webspam/webspam_isesvm_train_y.215.bin 
Testing (X) File : /home/vibhatha/data/libsvm/webspam/webspam_isesvm_test_x_bin.215 
Testing (Y) File : /home/vibhatha/data/libsvm/webspam/webspam_isesvm_test_y.215.bin 
I/O Time : 111
Kernel Matrix Calculation : 0.208 s
</info>
