<model>
linear
</model>
<W>
0.0
0.0
0.0
0.0
0.0
0.0
0.0
0.0
0.0
-0.7850907173818041
-0.5161839132200428
0.0
0.0
-1.419120224061197
0.0
0.0
0.0
0.0
0.0
0.0
0.0
0.0
0.0
0.0
0.0
0.0
1.8423367998311722
0.0
0.0
0.0
0.0
0.0
0.20294515544598835
0.0261422318619022
2.526824125580374
-0.040334427850281254
-0.02497941646781993
-0.48411137099675794
-0.8174736173766559
-0.18784931583063244
0.9866421969199126
0.9857598369199128
-0.2577617090185542
0.0990785506726141
-0.1844062283247483
1.366923882884676
0.2275185539548986
3.980104219865598
0.594308270706586
0.3110591756858563
-0.2159896632307018
-0.3284543827800626
0.036325511174863094
-0.21927666074534957
0.3123711168580301
0.2741852244715806
0.27948575919938695
0.16479513124159592
0.7946667717217915
0.5579241170155684
0.26451420624285393
-0.8711122357267101
0.2851528874515059
-0.2650304647135814
0.07736168694252878
0.4628449661715756
-0.1870695129702256
-0.3757542687684518
-0.3146612492742429
-0.6880872261679111
-0.8635321691911427
0.045198907949862394
-0.9040802762029312
0.14268247414068744
-0.008884715070575092
-0.1781207064855033
0.04911871418849287
-0.24907448580986577
-0.07507687512353742
-0.2104781141057813
-0.15928786671786194
-0.20036274742025864
0.148029813969023
0.942220282367033
-1.0009145150412464
-0.021081912864863935
0.07090118019534801
0.09791059100501778
-0.1054571705279307
-0.40460999653347024
-0.09886299028919998
0.15310093410868825
0.09221345613039751
0.15873770310868823
0.006533595
0.6177658421682105
0.0027058940337525766
1.5987344853640804
0.733739280736319
0.6066686292825325
-0.7872779036697674
-0.19596889359004865
-0.4374376833308784
-0.33943646222293206
-0.3732258036046803
2.7600913831744203
-0.10770131468286717
-0.7026336093541662
2.486180610551474
-2.1895737863182334
1.7975068599901693
-1.4576947352773892
1.422531967604392
-0.10360682689886412
-1.033139828966194
4.006709671826375
-0.2783759402182087
-0.4006776719468622
1.3317594219292588
-0.5423574043171646
0.5376250731042825
0.4568869267538713
0.013320481241152635
-0.023290308627148534
0.21481305703076128
-0.02607116862714852
0.006654158300000002
0.0
0.0
0.0
0.0
0.0
0.0
0.0
0.0
0.0
0.0
0.0
0.0
0.0
0.0
0.0
0.0
0.0
0.0
0.0
0.0
0.0
0.0
0.0
0.0
0.0
0.0
0.0
0.0
0.0
0.0
0.0
0.0
0.0
0.0
0.0
0.0
0.0
0.0
0.0
0.0
0.0
0.0
0.0
0.0
0.0
0.0
0.0
0.0
0.0
0.0
0.0
0.0
0.0
0.0
0.0
0.0
0.0
0.0
0.0
0.0
0.0
0.0
0.0
0.0
0.0
0.0
0.0
0.0
0.0
0.0
0.0
0.0
0.0
0.0
0.0
0.0
0.0
0.0
0.0
0.0
0.0
0.0
0.0
0.0
0.0
0.0
0.0
0.0
0.0
0.0
0.0
0.0
0.0
0.0
0.0
0.0
0.0
0.0
0.0
0.0
0.0
0.0
0.0
0.0
0.0
0.0
0.0
0.0
0.0
0.0
0.0
0.0
0.0
0.0
0.0
0.0
0.0
0.0
0.0
0.0
0.0
0.0
0.0
0.0
0.0
0.0
0.0
</W>
<b>
-2.592972840867642
</b>
<info>
Training (X) File : /home/vibhatha/data/libsvm/webspam/webspam_isesvm_train_x_bin.161 
Training (Y) File : /home/vibhatha/data/libsvm/webspam/webspam_isesvm_train_y.161.bin 
Testing (X) File : /home/vibhatha/data/libsvm/webspam/webspam_isesvm_test_x_bin.161 
Testing (Y) File : /home/vibhatha/data/libsvm/webspam/webspam_isesvm_test_y.161.bin 
I/O Time : 109
Kernel Matrix Calculation : 0.251 s
</info>
