<model>
linear
</model>
<W>
0.0
0.0
0.0
0.0
0.0
0.0
0.0
0.0
0.0
-1.195454837654276
0.613460339175584
0.0
0.0
-2.148920195647188
0.0
0.0
0.0
0.0
0.0
0.0
0.0
0.0
0.0
0.0
0.0
0.0
1.5380628256845355
0.0
0.0
0.0
0.0
0.0
-1.0243558687848928
-2.1816019563281173
1.7697030898763764
3.4993042547244384
-0.27376260117903795
2.78657197791069
1.673467988423414
-4.214864554659483
3.118298447476631
3.0985530949304323
0.0429129700513702
-1.4989246407999897
-4.40114563640941
10.211092971204293
-0.600952429864924
9.60609862548851
-4.9666161623462886
3.160198869865037
4.602907112936106
-4.975345404010114
2.3821022443653295
-0.37258015826315766
5.849923495850554
-1.3468901968201201
3.465815632991087
2.619706181954949
-0.8331406920417646
-2.679430822215111
-2.0145006050018375
-8.409437609512104
-3.3319445560923904
-3.729684295355397
-0.060493680727210224
4.780648000478004
0.0239891009060858
-6.223347699706777
0.6407998505398242
-5.525174041857996
-8.672380696577886
1.0626562175638163
-1.9273132146624805
6.455074174296877
1.6022400677459798
-0.8704025501349362
-1.5686330546886802
-2.301518716533723
0.4035579742509847
-0.5652581122595735
-2.75060885986624
1.3570260292738323
3.160332782319321
7.451052125652317
-0.664039184633467
0.5195661115043851
0.7710578292178297
2.9801251240949878
-2.7848259613229507
-4.602509476726251
-1.9176548209080284
0.17709922742836307
-0.8274584044127713
0.17709922742836307
-0.006088097188762729
5.953436647609475
0.0019715065174505555
7.045353968781393
-1.431347910574458
4.101228643271803
-3.0256061374517302
-2.120155047305629
6.883463696855088
-8.100768978906547
-1.2349061410649078
7.754940377956125
-1.391070998655846
-6.529536730119042
3.9238063175732556
-6.329705133774425
5.514308697464167
-12.336404694031172
2.032339799844228
0.8724855817205902
-5.834464934438744
10.85511205934911
-1.5146335405493012
1.992577262890289
3.504194042368562
-4.106209579300759
-5.123352439014952
-3.9327602529852017
-0.0053640042119539886
1.0355057727154517
-0.4878900690551814
1.0595236677154514
-0.8473699044096356
0.0
0.0
0.0
0.0
0.0
0.0
0.0
0.0
0.0
0.0
0.0
0.0
0.0
0.0
0.0
0.0
0.0
0.0
0.0
0.0
0.0
0.0
0.0
0.0
0.0
0.0
0.0
0.0
0.0
0.0
0.0
0.0
0.0
0.0
0.0
0.0
0.0
0.0
0.0
0.0
0.0
0.0
0.0
0.0
0.0
0.0
0.0
0.0
0.0
0.0
0.0
0.0
0.0
0.0
0.0
0.0
0.0
0.0
0.0
0.0
0.0
0.0
0.0
0.0
0.0
0.0
0.0
0.0
0.0
0.0
0.0
0.0
0.0
0.0
0.0
0.0
0.0
0.0
0.0
0.0
0.0
0.0
0.0
0.0
0.0
0.0
0.0
0.0
0.0
0.0
0.0
0.0
0.0
0.0
0.0
0.0
0.0
0.0
0.0
0.0
0.0
0.0
0.0
0.0
0.0
0.0
0.0
0.0
0.0
0.0
0.0
0.0
0.0
0.0
0.0
0.0
0.0
0.0
0.0
0.0
0.0
0.0
0.0
0.0
0.0
0.0
0.0
</W>
<b>
-0.9433936265542859
</b>
<info>
Training (X) File : /home/vibhatha/data/libsvm/webspam/webspam_isesvm_train_x_bin.85 
Training (Y) File : /home/vibhatha/data/libsvm/webspam/webspam_isesvm_train_y.85.bin 
Testing (X) File : /home/vibhatha/data/libsvm/webspam/webspam_isesvm_test_x_bin.85 
Testing (Y) File : /home/vibhatha/data/libsvm/webspam/webspam_isesvm_test_y.85.bin 
I/O Time : 132
Kernel Matrix Calculation : 0.214 s
</info>
