<model>
linear
</model>
<W>
0.0
0.0
0.0
0.0
0.0
0.0
0.0
0.0
0.0
-0.17814570042399325
-0.7430656950246208
0.0
0.0
-2.8483064002428446
0.0
0.0
0.0
0.0
0.0
0.0
0.0
0.0
0.0
0.0
0.0
0.0
3.3315401845173342
0.0
0.0
0.0
0.0
0.0
1.165058482912035
2.476457309404521
3.503343926719444
3.9071752165235147
-0.3964995533775058
3.782866769058913
1.4312989099047475
-8.380372072165631
1.6176867527618368
1.6388610962901449
-0.06032171896308442
0.894138104140172
-2.150274715277507
3.3687985780248497
-5.50545641993781
10.187924833181192
2.004172599151964
4.361595216929652
1.463771869793847
3.3042578880062674
-0.10151850240742219
-0.033237031705567494
7.515606548324614
0.1650060047859064
3.6086644858449537
-0.8590918947461007
1.3444556575509228
-1.0793042229644603
-2.00204203120569
-6.608211944878028
-1.9816493719911428
-1.827458103193619
0.1009466734564921
1.4560938259533365
0.4770612634324726
-1.9922989285083468
4.750574813345945
-1.7662304227823442
-3.638589926520203
-0.4506585106076221
-0.31942286383103147
0.03698107747898465
-0.24610357421328333
-2.1081673220054573
-1.6178646499910174
-2.300842570403392
-3.737715358654974
-0.047863573783540586
-1.7670004611717793
2.0611274260032975
1.2081697297378835
3.3005568950542896
-2.4936348082707034
-1.5612404353939862
-1.3396984603986364
-0.8002409978190245
-0.5593632831757944
-1.656001246241177
-3.0055787741096647
-0.4365804887854794
-0.559810771671204
-0.4098055713261847
-0.014517774377996543
7.286184675321891
-0.007882075
0.7941151182433002
-2.731705248331526
0.1401213092611262
-4.1981643766697
0.6121797873122379
1.9346878030063688
-5.120147294872742
1.4610898114586806
6.956485350432609
-1.9204779134885186
-3.72268913395129
5.47754926740723
-7.332813629396991
5.866848720952134
-0.6795936327519678
-0.1812052789984855
-2.186081669856882
-4.503573318874383
10.110444063688446
-0.7020298444461783
-1.0659510407567079
5.138650634187263
0.9232305236733371
1.9236470444066298
-0.25445280450588115
-1.2502568692756657
-1.022639406968873
1.1726060836972976
-1.022639406968873
0.023365125
0.0
0.0
0.0
0.0
0.0
0.0
0.0
0.0
0.0
0.0
0.0
0.0
0.0
0.0
0.0
0.0
0.0
0.0
0.0
0.0
0.0
0.0
0.0
0.0
0.0
0.0
0.0
0.0
0.0
0.0
0.0
0.0
0.0
0.0
0.0
0.0
0.0
0.0
0.0
0.0
0.0
0.0
0.0
0.0
0.0
0.0
0.0
0.0
0.0
0.0
0.0
0.0
0.0
0.0
0.0
0.0
0.0
0.0
0.0
0.0
0.0
0.0
0.0
0.0
0.0
0.0
0.0
0.0
0.0
0.0
0.0
0.0
0.0
0.0
0.0
0.0
0.0
0.0
0.0
0.0
0.0
0.0
0.0
0.0
0.0
0.0
0.0
0.0
0.0
0.0
0.0
0.0
0.0
0.0
0.0
0.0
0.0
0.0
0.0
0.0
0.0
0.0
0.0
0.0
0.0
0.0
0.0
0.0
0.0
0.0
0.0
0.0
0.0
0.0
0.0
0.0
0.0
0.0
0.0
0.0
0.0
0.0
0.0
0.0
0.0
0.0
0.0
</W>
<b>
-4.156627588455488
</b>
<info>
Training (X) File : /home/vibhatha/data/libsvm/webspam/webspam_isesvm_train_x_bin.180 
Training (Y) File : /home/vibhatha/data/libsvm/webspam/webspam_isesvm_train_y.180.bin 
Testing (X) File : /home/vibhatha/data/libsvm/webspam/webspam_isesvm_test_x_bin.180 
Testing (Y) File : /home/vibhatha/data/libsvm/webspam/webspam_isesvm_test_y.180.bin 
I/O Time : 107
Kernel Matrix Calculation : 0.199 s
</info>
