82.31441048034934
84.71615720524017
87.22707423580786
88.53711790393012
91.92139737991266
93.12227074235808
84.93449781659389
86.8995633187773
77.62008733624454
64.51965065502183
80.02183406113537
85.91703056768559
85.69868995633188
84.17030567685589
84.71615720524017
69.32314410480349
62.55458515283843
75.65502183406113
84.49781659388647
85.69868995633188
82.96943231441048
82.31441048034934
81.22270742358079
62.33624454148472
75.10917030567686
85.91703056768559
84.38864628820961
84.93449781659389
85.58951965065502
85.26200873362446
87.00873362445415
85.91703056768559
88.42794759825327
77.9475982532751
64.19213973799127
86.1353711790393
85.1528384279476
88.64628820960698
86.1353711790393
84.38864628820961
