<model>
linear
</model>
<W>
0.0
0.0
0.0
0.0
0.0
0.0
0.0
0.0
0.0
-1.6495388657371226
-0.05890855325824873
0.0
0.0
-1.4513247264822287
0.0
0.0
0.0
0.0
0.0
0.0
0.0
0.0
0.0
0.0
0.0
0.0
0.007919576215576938
0.0
0.0
0.0
0.0
0.0
-2.042412568107574
-0.812268230107287
2.571031339186307
6.026928193952301
-0.5264731884276755
-0.508914754527514
-2.8166571762228663
-7.48255409569922
7.986929953131753
7.951685705441425
-5.393542763038256
1.701820937154241
-0.6784829620870823
6.458608296174054
4.504386991688925
8.927179811838872
-0.5512594846362617
-1.9333338498894834
1.316395952800404
0.9310499977610123
0.4680994242037657
-0.5610766648052534
2.015837204800878
-3.5216413329051344
8.937221386315414
-0.4786207551258311
3.0353978182328385
-1.2348861694434696
-5.383864604250382
-6.160476331522796
-4.918591288435512
-1.0301492434263617
-0.5415050433926538
8.23950334463651
-0.9779340662538203
-1.0951449859302167
1.528560276812223
-1.3660437463301074
-8.89269680792573
0.05505612132646526
-4.849213526121208
-0.9124438946716196
0.08950576993763612
-1.0559280030890479
-2.1141199672777704
-5.909045988380111
-0.2833312771692907
-1.098827697685055
-3.519044088139697
-2.6939900217241397
4.238797685971628
2.2468898192235045
0.0027850587351845313
-3.90055931257134
-2.348956968720968
1.30324508581577
-0.8143129703402416
-6.701847560241291
-4.542381325898214
2.5256421333561185
0.5143791898156046
2.5256421333561185
0.12040373232908881
3.4184228176484734
0.08923978
3.7204237539593468
5.689853833715738
-5.036410388821868
-1.2081517888953037
-2.0270944096717285
1.090388685212931
-8.997934583459084
6.631527119440398
3.6115516558494
-1.8735563457284166
1.2088977857408294
8.735681432978637
-8.228850974473449
7.637169999329313
-9.98276251697769
-1.6889083952803743
-4.699799440826406
-1.686402134997028
9.261469025693525
-4.158505932526308
-0.5094341277714529
6.156448589271812
-4.475562863588734
2.8415952531930317
-4.021380684004284
-3.7476771643522215
-0.015066751458697777
1.0553494318772443
-0.03659667145869765
-0.13263529013129985
0.0
0.0
0.0
0.0
0.0
0.0
0.0
0.0
0.0
0.0
0.0
0.0
0.0
0.0
0.0
0.0
0.0
0.0
0.0
0.0
0.0
0.0
0.0
0.0
0.0
0.0
0.0
0.0
0.0
0.0
0.0
0.0
0.0
0.0
0.0
0.0
0.0
0.0
0.0
0.0
0.0
0.0
0.0
0.0
0.0
0.0
0.0
0.0
0.0
0.0
0.0
0.0
0.0
0.0
0.0
0.0
0.0
0.0
0.0
0.0
0.0
0.0
0.0
0.0
0.0
0.0
0.0
0.0
0.0
0.0
0.0
0.0
0.0
0.0
0.0
0.0
0.0
0.0
0.0
0.0
0.0
0.0
0.0
0.0
0.0
0.0
0.0
0.0
0.0
0.0
0.0
0.0
0.0
0.0
0.0
0.0
0.0
0.0
0.0
0.0
0.0
0.0
0.0
0.0
0.0
0.0
0.0
0.0
0.0
0.0
0.0
0.0
0.0
0.0
0.0
0.0
0.0
0.0
0.0
0.0
0.0
0.0
0.0
0.0
0.0
0.0
0.0
</W>
<b>
0.7633204541277254
</b>
<info>
Training (X) File : /home/vibhatha/data/libsvm/webspam/webspam_isesvm_train_x_bin.34 
Training (Y) File : /home/vibhatha/data/libsvm/webspam/webspam_isesvm_train_y.34.bin 
Testing (X) File : /home/vibhatha/data/libsvm/webspam/webspam_isesvm_test_x_bin.34 
Testing (Y) File : /home/vibhatha/data/libsvm/webspam/webspam_isesvm_test_y.34.bin 
I/O Time : 120
Kernel Matrix Calculation : 0.243 s
</info>
