<model>
linear
</model>
<W>
0.0
0.0
0.0
0.0
0.0
0.0
0.0
0.0
-2.9671820556131935E-20
-0.8715264020490672
4.958557382224805
0.0
0.007287654
-2.8876076439968594
0.0
0.0
0.0
0.0
0.0
0.0
0.0
0.0
0.0
0.0
0.0
0.0
3.306076164423363
0.0
0.0
0.0
0.0
0.0
-0.33485190275332055
1.349702428209814
3.637212536141714
1.405368300965127
-0.10431554764338774
2.1015216187212427
0.16817540261101327
-5.40330804010245
3.7383363400085714
3.8261228904908955
-1.2615799684362041
2.1431290505614338
-2.760653813917756
0.5195439465307974
-3.2956668856100855
8.082368299920084
1.1852474108861735
5.236240273629619
1.2179785666661889
0.5657308383803712
0.6810599224602427
-2.7384826819920653
4.85165378963614
1.3468620646397205
4.863235894535479
3.410116521761622
-1.4984453398214872
0.3569232693845277
-2.5153311349466385
-8.754869944550657
-1.7733557516709122
-4.828492988214085
0.6273941209130265
0.4162977808337943
-0.8829220555897654
-11.333580141764239
-3.974183403285674
-2.057052971812044
-11.226818721181376
0.7288002863339496
-6.22524294546357
-0.8628193732965643
-0.47184294519721043
-1.0015568009530769
1.1409907300982733
0.8259425970646425
0.17652119464655103
2.288511333825044
0.17227735503810448
4.396606358844859
-0.977374729766833
2.3083334844295544
-3.5530541658101833
1.311605068136842
0.8847022440561898
-3.910539923420444
1.6887961671551184
0.4154818763121405
-1.03543145288746
2.468270246710794
0.5883756604208993
2.468270246710794
0.06941814518803804
3.7593415775929517
0.014013439340073344
0.06242979352172995
2.996547715213001
-2.593095697291152
-1.854693170775397
-2.0226826947899568
5.441768041712977
-5.22415471947879
1.4439155522402327
4.67682425368664
-3.6941496847447617
1.0163095113190475
5.968113157488949
-9.397352805827396
3.695477806651156
1.5609636846068624
1.6051824316035894
-0.14566495631011195
-5.8114585155255725
11.922352074340246
0.988929217920175
-0.16315790522504625
3.889005233508489
-1.6460177451134432
-3.063697137379232
7.1604873604768295
-3.950823972045373
-0.8840226777956107
0.1730694168138203
-0.8872079037956105
-0.01591451950118537
0.0
0.0
0.0
0.0
0.0
0.0
0.0
0.0
0.0
0.0
0.0
0.0
0.0
0.0
0.0
0.0
0.0
0.0
0.0
0.0
0.0
0.0
0.0
0.0
0.0
0.0
0.0
0.0
0.0
0.0
0.0
0.0
0.0
0.0
0.0
0.0
0.0
0.0
0.0
0.0
0.0
0.0
0.0
0.0
0.0
0.0
0.0
0.0
0.0
0.0
0.0
0.0
0.0
0.0
0.0
0.0
0.0
0.0
0.0
0.0
0.0
0.0
0.0
0.0
0.0
0.0
0.0
0.0
0.0
0.0
0.0
0.0
0.0
0.0
0.0
0.0
0.0
0.0
0.0
0.0
0.0
0.0
0.0
0.0
0.0
0.0
0.0
0.0
0.0
0.0
0.0
0.0
0.0
0.0
0.0
0.0
0.0
0.0
0.0
0.0
0.0
0.0
0.0
0.0
0.0
0.0
0.0
0.0
0.0
0.0
0.0
0.0
0.0
0.0
0.0
0.0
0.0
0.0
0.0
0.0
0.0
0.0
0.0
0.0
0.0
0.0
0.0
</W>
<b>
-2.8682707877396325
</b>
<info>
Training (X) File : /home/vibhatha/data/libsvm/webspam/webspam_isesvm_train_x_bin.148 
Training (Y) File : /home/vibhatha/data/libsvm/webspam/webspam_isesvm_train_y.148.bin 
Testing (X) File : /home/vibhatha/data/libsvm/webspam/webspam_isesvm_test_x_bin.148 
Testing (Y) File : /home/vibhatha/data/libsvm/webspam/webspam_isesvm_test_y.148.bin 
I/O Time : 109
Kernel Matrix Calculation : 0.205 s
</info>
