89.568345323741
87.41007194244604
88.48920863309353
85.25179856115108
85.25179856115108
86.33093525179856
87.05035971223022
88.48920863309353
88.12949640287769
87.41007194244604
89.568345323741
85.25179856115108
86.33093525179856
89.568345323741
85.97122302158273
85.97122302158273
90.28776978417267
88.12949640287769
86.33093525179856
81.29496402877699
87.76978417266187
89.20863309352518
91.36690647482014
85.97122302158273
86.33093525179856
88.84892086330936
87.41007194244604
85.61151079136691
83.81294964028777
88.48920863309353
89.92805755395683
87.05035971223022
86.33093525179856
87.76978417266187
88.12949640287769
85.97122302158273
89.568345323741
89.20863309352518
88.48920863309353
89.20863309352518
