89.92805755395683
91.36690647482014
89.568345323741
84.53237410071942
89.20863309352518
89.92805755395683
89.20863309352518
89.92805755395683
92.44604316546763
85.61151079136691
90.64748201438849
88.12949640287769
88.84892086330936
89.568345323741
88.48920863309353
87.76978417266187
89.568345323741
88.48920863309353
89.568345323741
85.25179856115108
92.08633093525181
91.36690647482014
91.00719424460432
91.00719424460432
88.12949640287769
89.20863309352518
86.33093525179856
88.48920863309353
88.84892086330936
93.16546762589928
92.08633093525181
85.97122302158273
89.568345323741
89.568345323741
87.76978417266187
88.12949640287769
90.64748201438849
88.84892086330936
89.20863309352518
89.568345323741
