91.36690647482014
90.64748201438849
89.568345323741
88.48920863309353
89.20863309352518
89.92805755395683
91.36690647482014
89.568345323741
90.64748201438849
89.20863309352518
92.80575539568345
92.80575539568345
89.92805755395683
90.28776978417267
89.92805755395683
87.05035971223022
91.00719424460432
89.92805755395683
89.568345323741
84.53237410071942
93.16546762589928
92.44604316546763
90.28776978417267
91.00719424460432
89.20863309352518
92.80575539568345
89.20863309352518
89.568345323741
91.36690647482014
93.16546762589928
93.5251798561151
87.41007194244604
90.28776978417267
90.64748201438849
89.92805755395683
91.72661870503596
92.44604316546763
92.80575539568345
90.28776978417267
89.92805755395683
