82.73381294964028
86.33093525179856
84.89208633093526
85.61151079136691
85.25179856115108
83.09352517985612
85.61151079136691
87.05035971223022
83.09352517985612
85.25179856115108
89.568345323741
84.17266187050359
83.45323741007195
88.12949640287769
81.65467625899281
82.73381294964028
84.53237410071942
85.25179856115108
81.29496402877699
76.61870503597122
84.89208633093526
85.97122302158273
86.6906474820144
86.33093525179856
84.89208633093526
81.29496402877699
83.81294964028777
85.25179856115108
84.17266187050359
85.61151079136691
90.28776978417267
84.53237410071942
83.81294964028777
83.81294964028777
87.41007194244604
85.61151079136691
87.05035971223022
86.33093525179856
84.89208633093526
83.45323741007195
