<model>
linear
</model>
<W>
0.0
0.0
0.0
0.0
0.0
0.0
0.0
0.0
7.012146419071995E-20
-0.5802058648240169
2.051514624183701
0.0
0.0
-2.3421037366549564
0.0
0.0
0.0
0.0
0.0
0.0
0.0
0.0
0.0
0.0
0.0
0.0
1.4593955030338426
0.0
0.0
0.0
0.0
0.0
-1.3471033885817167
-0.6075974867252524
5.139710908346798
-0.48238802416806054
-0.1954733876352077
-1.4674638982463457
-0.8063804119960903
-2.221211127921477
4.2366878663208585
4.174832128697055
-0.00920387736066968
1.0765452145153316
-0.5117394241274548
1.4437099290704736
-3.461034172158223
8.913761671256761
-0.617104315338008
1.5454875404715271
2.9636949894563744
-3.020628049102562
-0.3480852436235875
-1.8461228188903924
2.609164575742571
1.351840024251207
2.2530895630712284
1.8618663699265963
1.6153758507462326
2.4412349598354908
-5.112805876345318
-6.528161837531558
-4.666745297081556
-3.7573564149643346
-0.09153235008046595
1.012900681379488
0.5429611010147285
-2.928781837324567
0.37836329589342743
-0.25289981158190195
-4.710081251536856
-1.5854746320582627
-2.33076669475635
2.252961544814826
-0.7965554522345109
-1.8442934079727655
1.6277023594073756
-4.282890631433626
-0.37175900532996753
-3.228670543907282
-0.8972675044612897
0.2340459451299827
2.0633563366319243
-0.4870074336293291
-1.7930193816546933
1.2604731689522022
0.03621657652521834
-0.6555060896226939
-0.15887619508688483
-0.9646196193480336
-2.03424616420531
-0.6354948716766141
-0.9569443463532923
-0.09315713167661428
0.02369276501551561
1.984067955959501
-0.04879493
4.417578765363957
-3.1753893634250883
-3.846710848876085
-2.694645670886374
2.507606438534217
-0.18790319677286305
-4.960214443535431
1.9245554556203142
1.659202962922211
-2.9431133381267527
-6.390702408900506
3.378774629514616
-7.434588402345556
5.844341269050291
-1.0129445603314582
2.316590946048666
-1.2538688796688078
-6.800541733752059
9.744122967584078
-3.0969518325913574
-0.1836152379971967
2.651028244268131
-2.7357008995276857
1.5520234832653448
1.2411105884736169
-1.132483935131812
-0.30583831717188736
1.02445869890996
-0.30583831717188736
4.907969463279758E-4
0.0
0.0
0.0
0.0
0.0
0.0
0.0
0.0
0.0
0.0
0.0
0.0
0.0
0.0
0.0
0.0
0.0
0.0
0.0
0.0
0.0
0.0
0.0
0.0
0.0
0.0
0.0
0.0
0.0
0.0
0.0
0.0
0.0
0.0
0.0
0.0
0.0
0.0
0.0
0.0
0.0
0.0
0.0
0.0
0.0
0.0
0.0
0.0
0.0
0.0
0.0
0.0
0.0
0.0
0.0
0.0
0.0
0.0
0.0
0.0
0.0
0.0
0.0
0.0
0.0
0.0
0.0
0.0
0.0
0.0
0.0
0.0
0.0
0.0
0.0
0.0
0.0
0.0
0.0
0.0
0.0
0.0
0.0
0.0
0.0
0.0
0.0
0.0
0.0
0.0
0.0
0.0
0.0
0.0
0.0
0.0
0.0
0.0
0.0
0.0
0.0
0.0
0.0
0.0
0.0
0.0
0.0
0.0
0.0
0.0
0.0
0.0
0.0
0.0
0.0
0.0
0.0
0.0
0.0
0.0
0.0
0.0
0.0
0.0
0.0
0.0
0.0
</W>
<b>
-0.4711086547796485
</b>
<info>
Training (X) File : /home/vibhatha/data/libsvm/webspam/webspam_isesvm_train_x_bin.191 
Training (Y) File : /home/vibhatha/data/libsvm/webspam/webspam_isesvm_train_y.191.bin 
Testing (X) File : /home/vibhatha/data/libsvm/webspam/webspam_isesvm_test_x_bin.191 
Testing (Y) File : /home/vibhatha/data/libsvm/webspam/webspam_isesvm_test_y.191.bin 
I/O Time : 112
Kernel Matrix Calculation : 0.214 s
</info>
