43.66812227074236
42.79475982532751
43.44978165938865
46.61572052401747
50.76419213973799
55.34934497816594
74.12663755458514
61.572052401746724
66.8122270742358
60.37117903930132
52.40174672489083
44.65065502183406
42.79475982532751
41.48471615720524
50.87336244541485
67.35807860262008
59.279475982532745
58.18777292576419
45.414847161572055
46.61572052401747
43.340611353711786
40.06550218340612
63.864628820960704
60.043668122270745
57.096069868995635
45.633187772925766
43.995633187772924
44.43231441048035
43.01310043668122
43.66812227074236
43.66812227074236
45.08733624454149
42.467248908296945
59.60698689956332
63.97379912663755
49.78165938864629
44.75982532751092
45.19650655021834
47.48908296943232
43.777292576419214
