84.93449781659389
82.96943231441048
82.42358078602619
83.62445414847161
86.1353711790393
87.00873362445415
90.39301310043668
87.77292576419214
88.42794759825327
78.93013100436681
87.117903930131
88.75545851528385
86.24454148471615
83.07860262008734
89.73799126637554
80.13100436681223
77.18340611353712
85.37117903930131
84.82532751091702
87.22707423580786
84.27947598253274
84.82532751091702
88.1004366812227
77.62008733624454
82.64192139737992
85.48034934497817
86.35371179039302
85.04366812227074
86.57205240174673
85.91703056768559
85.91703056768559
87.44541484716157
88.31877729257643
85.26200873362446
83.4061135371179
89.08296943231441
86.24454148471615
86.57205240174673
87.99126637554585
85.69868995633188
