90.64748201438849
92.44604316546763
88.12949640287769
85.61151079136691
86.6906474820144
89.92805755395683
88.84892086330936
91.00719424460432
92.44604316546763
89.92805755395683
92.44604316546763
90.28776978417267
88.12949640287769
89.568345323741
90.28776978417267
86.33093525179856
88.48920863309353
90.28776978417267
88.12949640287769
85.61151079136691
91.72661870503596
90.28776978417267
90.28776978417267
90.64748201438849
91.36690647482014
91.00719424460432
87.76978417266187
88.84892086330936
89.92805755395683
92.80575539568345
92.44604316546763
90.64748201438849
89.20863309352518
90.28776978417267
90.64748201438849
91.36690647482014
91.36690647482014
87.76978417266187
90.28776978417267
90.28776978417267
