<model>
linear
</model>
<W>
0.0
0.0
0.0
0.0
0.0
0.0
0.0
0.0
0.0
0.6868030634449813
2.298015024200078
0.0
0.0
-2.0038316012631574
0.0
0.0
0.0
0.0
0.0
0.0
0.0
0.0
0.0
0.0
0.0
0.0
1.4083501447554394
0.0
0.0
0.0
0.0
0.0
2.5345676636565777
-0.06481499878683909
0.7650224905849363
4.949837761807817
-0.3462580583839535
-1.171440390983684
-3.593654664376557
-6.8406438657032
1.3380195440602796
1.4253165558411216
1.3746274780318208
0.8367636139332985
2.3970210906474114
1.7415329502410666
-2.543118282177838
9.771115563625713
1.3401402291848155
0.8841806130842835
3.3569909744354858
5.2387248716899775
-0.5058047123004403
-2.6576150995473076
8.03558372870835
-2.5739897744144447
5.903168366539031
1.9698081108917753
4.610211985754239
-1.2024864275101994
-2.30483416092387
-4.718441833733641
-2.017743081772257
-3.8837056040082025
1.495515272502514
5.203583507610557
-1.634664888431039
-3.487077040990238
1.2393501389655825
5.133216947689039
-3.398940050803947
-0.798544445539038
0.7109981861772948
7.002751827856833
-1.5186394603957072
-3.5476426544418955
-1.3983350132149885
-6.248765261483999
-0.9283472537830084
-1.7426481819081951
-5.500263967869986
1.0264453192690055
2.806816619194966
4.281742582048403
-0.4856371879541996
-3.137792612509789
-0.4658753225334675
0.6047507155481141
0.042559419402454335
-5.3767191060856465
-3.454579300519964
-0.7729516883323518
-3.2236641957972045
-0.7045721883323516
0.09914962792493039
5.690858046979555
-0.0072273599999999995
2.262237451098608
-0.003496385321681384
-5.4048455312732
-1.4158163521892178
-3.4859950026013076
-1.5628519672048253
-4.178980578213686
3.5456300590481558
6.3904508117769865
-1.710201593642022
-3.7575802274388255
6.144148504134223
-2.4495695048635326
6.724546188998152
-4.563766440030232
-0.12179165496394793
-1.4043195507369293
0.7580573907141144
12.806304734597745
4.690439736103638
-5.094698511740072
3.600632402101432
-2.04231721224279
5.348009520330491
0.49391812041093797
-1.9781979511292112
-1.339874690140805
1.0257696156521483
-1.339874690140805
-0.18102776140410012
0.0
0.0
0.0
0.0
0.0
0.0
0.0
0.0
0.0
0.0
0.0
0.0
0.0
0.0
0.0
0.0
0.0
0.0
0.0
0.0
0.0
0.0
0.0
0.0
0.0
0.0
0.0
0.0
0.0
0.0
0.0
0.0
0.0
0.0
0.0
0.0
0.0
0.0
0.0
0.0
0.0
0.0
0.0
0.0
0.0
0.0
0.0
0.0
0.0
0.0
0.0
0.0
0.0
0.0
0.0
0.0
0.0
0.0
0.0
0.0
0.0
0.0
0.0
0.0
0.0
0.0
0.0
0.0
0.0
0.0
0.0
0.0
0.0
0.0
0.0
0.0
0.0
0.0
0.0
0.0
0.0
0.0
0.0
0.0
0.0
0.0
0.0
0.0
0.0
0.0
0.0
0.0
0.0
0.0
0.0
0.0
0.0
0.0
0.0
0.0
0.0
0.0
0.0
0.0
0.0
0.0
0.0
0.0
0.0
0.0
0.0
0.0
0.0
0.0
0.0
0.0
0.0
0.0
0.0
0.0
0.0
0.0
0.0
0.0
0.0
0.0
0.0
</W>
<b>
-6.482491639359601
</b>
<info>
Training (X) File : /home/vibhatha/data/libsvm/webspam/webspam_isesvm_train_x_bin.150 
Training (Y) File : /home/vibhatha/data/libsvm/webspam/webspam_isesvm_train_y.150.bin 
Testing (X) File : /home/vibhatha/data/libsvm/webspam/webspam_isesvm_test_x_bin.150 
Testing (Y) File : /home/vibhatha/data/libsvm/webspam/webspam_isesvm_test_y.150.bin 
I/O Time : 132
Kernel Matrix Calculation : 0.235 s
</info>
