91.36690647482014
90.28776978417267
90.28776978417267
88.48920863309353
90.64748201438849
88.84892086330936
90.64748201438849
90.64748201438849
91.72661870503596
89.20863309352518
92.08633093525181
89.92805755395683
88.48920863309353
88.84892086330936
90.64748201438849
87.05035971223022
90.64748201438849
89.20863309352518
90.28776978417267
84.53237410071942
91.36690647482014
89.92805755395683
91.00719424460432
90.28776978417267
90.64748201438849
91.00719424460432
90.64748201438849
89.92805755395683
88.84892086330936
92.44604316546763
92.08633093525181
88.84892086330936
91.00719424460432
90.64748201438849
89.568345323741
89.568345323741
91.72661870503596
91.00719424460432
89.20863309352518
89.568345323741
