<model>
linear
</model>
<W>
0.0
-0.25646455
-0.3663766
-0.40301549999999997
-0.3297408
-0.21982658
-0.14655126000000002
-0.07327563000000001
-0.10991329
0.2309847171828352
5.1447633822923935
-0.18318892
-0.10991329
-5.048675599726579
-0.07327563000000001
-0.14655126000000002
-1.355599
-0.3663766
-0.40301549999999997
-0.29310221000000003
-0.3297408
-0.29310221000000003
-0.10991329
-0.25646455
-0.18318892
-0.18318892
1.6411908412514966
-0.14655126000000002
-0.3663766
-0.14655126000000002
-0.14655126000000002
-0.10991329
0.6140603242285856
-0.36081229160595774
5.473411448995878
3.6693229937851863
-0.16798197654183603
2.7450531745717157
0.7148392570237968
-1.9359951393747448
6.219088827443712
6.273455759443711
0.5302477807643307
2.3878094127086924
-8.207105420626547
6.554659299992936
1.7023430144282339
6.889943615638568
-1.7477508891953153
0.9473025658640598
-0.870645295477389
-0.32462765958627726
-2.5426202232131887
-2.3383008204245224
4.702460632153736
3.6299427483647126
-0.30650116146423356
-0.7086238985641313
-2.7346725831587317
-2.2969405655776476
-3.1791675029197646
-3.7899803693183554
-3.6586616777350196
-3.403612736294078
-3.4739149753122667
4.951846883768326
-2.1705683468696035
-8.634163510351813
0.0027031823851136894
-3.457394235315214
-1.200115062799551
-0.7618700251117677
-6.256816623655184
8.858983922319455
-0.6587438731533798
-2.7391581097869557
2.2098475903618024
-3.311449047101478
0.09459142173330069
-6.056083336561731
-4.368474745482833
-0.9548839745204514
-0.7879395286114597
3.657786288009246
2.3483518242472945
-0.11390147668179862
0.5079311092202641
-0.27494034609195694
-2.0323595267346297
-1.8633271052194327
-3.2737365543991372
0.33751308422005605
-7.432668354205353
0.4286908607382792
-0.5357798880019916
-1.395562256458415
-0.26626706869635536
1.5169922641803884
-6.255474566331439
1.6352624568787408
-5.160010165737249
2.010187366610306
4.6418797806601555
-7.296374281916312
-0.15574894931757743
7.688897607520921
-6.394923535955833
-1.3490168991903162
3.937277502674516
-14.804025983393798
3.3530357702597717
-0.2553152090528812
-1.3286853827691867
-0.5108200602647655
-5.631599008357734
9.815197663002817
-0.2758108583071328
3.621265735431809
15.06551145045855
-2.9217558055016295
0.6318042821900186
-4.972301536527696
-4.357503793254579
-3.4266031703114863
1.4978631381453487
-3.1175170476368423
-1.5853328506780906
-0.5862038
0.0
0.0
0.0
0.0
0.0
0.0
0.0
0.0
0.0
0.0
0.0
0.0
0.0
0.0
0.0
0.0
0.0
0.0
0.0
0.0
0.0
0.0
0.0
0.0
0.0
0.0
0.0
0.0
0.0
0.0
0.0
0.0
0.0
0.0
0.0
0.0
0.0
0.0
0.0
0.0
0.0
0.0
0.0
0.0
0.0
0.0
0.0
0.0
0.0
0.0
0.0
0.0
0.0
0.0
0.0
0.0
0.0
0.0
0.0
0.0
0.0
0.0
0.0
0.0
0.0
0.0
0.0
0.0
0.0
0.0
0.0
0.0
0.0
0.0
0.0
0.0
0.0
0.0
0.0
0.0
0.0
0.0
0.0
0.0
0.0
0.0
0.0
0.0
0.0
0.0
0.0
0.0
0.0
0.0
0.0
0.0
0.0
0.0
0.0
0.0
0.0
0.0
0.0
0.0
0.0
0.0
0.0
0.0
0.0
0.0
0.0
0.0
0.0
0.0
0.0
0.0
0.0
0.0
0.0
0.0
0.0
0.0
0.0
0.0
0.0
0.0
</W>
<b>
-3.288506688911891
</b>
<info>
Training (X) File : /home/vibhatha/data/libsvm/webspam/webspam_isesvm_train_x_bin.307 
Training (Y) File : /home/vibhatha/data/libsvm/webspam/webspam_isesvm_train_y.307.bin 
Testing (X) File : /home/vibhatha/data/libsvm/webspam/webspam_isesvm_test_x_bin.307 
Testing (Y) File : /home/vibhatha/data/libsvm/webspam/webspam_isesvm_test_y.307.bin 
I/O Time : 119
Kernel Matrix Calculation : 0.195 s
</info>
