93.16546762589928
91.00719424460432
90.28776978417267
86.33093525179856
88.48920863309353
88.48920863309353
91.36690647482014
92.44604316546763
92.08633093525181
89.92805755395683
93.88489208633094
88.48920863309353
88.48920863309353
89.92805755395683
90.28776978417267
87.05035971223022
92.44604316546763
90.64748201438849
89.92805755395683
84.53237410071942
92.08633093525181
92.08633093525181
92.80575539568345
91.36690647482014
90.28776978417267
91.36690647482014
88.12949640287769
90.28776978417267
89.568345323741
94.96402877697841
92.08633093525181
88.48920863309353
89.568345323741
88.48920863309353
89.92805755395683
89.92805755395683
94.24460431654677
89.92805755395683
89.20863309352518
91.36690647482014
