<model>
linear
</model>
<W>
0.0
0.0
0.0
0.0
0.0
0.0
0.0
0.0
0.0
-0.14276220044568122
2.4906525649249542
0.0
0.0
-2.48582305920518
0.0
0.0
0.0
0.0
0.0
0.0
0.0
0.0
0.0
0.0
0.0
0.0
1.959470406089785
0.0
0.0
0.0
0.0
0.0
-0.977521479437006
-2.3624337499570722
3.9594824669707633
3.7280912944452216
-0.28606206185056865
0.4430715485034225
-7.175556021238212
-6.360322754221654
6.052819473023275
6.017802271259006
-2.896898053491025
-1.0183792628404027
3.615026646679322
5.651818948177933
3.546798366577378
6.478839621586189
-0.03142732514846358
-1.4649254791972295
1.1249445320170348
3.178440761279299
2.459800107633076
1.5895702812239214
3.235253696273966
-3.2808072567793696
2.1999474910384413
-4.608998208989515
-4.564547100529188
-1.1303244192140602
-3.354421792433255
-8.834698269894275
-3.3794070544364905
-2.9729678665474197
0.5852822972511276
5.581551697284288
1.1311282844832442
-5.025802350671125
1.304249784874699
-6.2899729754930584
-1.259677753670998
3.1389227204112724
-1.4757718830835735
1.2893702925621413
1.2256351958655871
-2.1270743724679746
5.861165865243147
-8.907352244007544
5.566538080216201
-0.18470517933153188
-0.8481389794067891
1.8212525697966209
-0.4357913575577058
0.6481706360603241
2.848979026368812
1.555508859761358
1.4906953196468773
-1.9010910872916196
0.13500608014410695
-1.7820091856649123
-1.1423440210793607
3.6573572341056586
0.32523988593043884
3.6498294541056584
0.07021689187107741
6.381622231140035
0.007084634854809084
-1.167671675325213
-2.3080309404050623
-7.169470135143467
0.5081878478864987
-4.133959874467374
-0.4393810845641468
-9.609630927860799
1.7104973878330951
10.104948345971689
-1.7234536503342155
1.2823393075579537
7.806778637168577
-5.528231996122731
6.409228711911831
-2.3102553102021983
0.45528711926866827
-1.9272940172689785
-0.2918506530612608
9.388346882732321
-1.06110323513097
-1.8631053393709318
-0.8695215387622633
-1.5388164430974733
2.633776012518908
5.83695643045567
-1.7489040195036831
0.935113938605574
1.6094427325863434
0.9125305986055743
1.410962255735948E-4
0.0
0.0
0.0
0.0
0.0
0.0
0.0
0.0
0.0
0.0
0.0
0.0
0.0
0.0
0.0
0.0
0.0
0.0
0.0
0.0
0.0
0.0
0.0
0.0
0.0
0.0
0.0
0.0
0.0
0.0
0.0
0.0
0.0
0.0
0.0
0.0
0.0
0.0
0.0
0.0
0.0
0.0
0.0
0.0
0.0
0.0
0.0
0.0
0.0
0.0
0.0
0.0
0.0
0.0
0.0
0.0
0.0
0.0
0.0
0.0
0.0
0.0
0.0
0.0
0.0
0.0
0.0
0.0
0.0
0.0
0.0
0.0
0.0
0.0
0.0
0.0
0.0
0.0
0.0
0.0
0.0
0.0
0.0
0.0
0.0
0.0
0.0
0.0
0.0
0.0
0.0
0.0
0.0
0.0
0.0
0.0
0.0
0.0
0.0
0.0
0.0
0.0
0.0
0.0
0.0
0.0
0.0
0.0
0.0
0.0
0.0
0.0
0.0
0.0
0.0
0.0
0.0
0.0
0.0
0.0
0.0
0.0
0.0
0.0
0.0
0.0
0.0
</W>
<b>
-1.5464480587120881
</b>
<info>
Training (X) File : /home/vibhatha/data/libsvm/webspam/webspam_isesvm_train_x_bin.196 
Training (Y) File : /home/vibhatha/data/libsvm/webspam/webspam_isesvm_train_y.196.bin 
Testing (X) File : /home/vibhatha/data/libsvm/webspam/webspam_isesvm_test_x_bin.196 
Testing (Y) File : /home/vibhatha/data/libsvm/webspam/webspam_isesvm_test_y.196.bin 
I/O Time : 131
Kernel Matrix Calculation : 0.285 s
</info>
