<model>
linear
</model>
<W>
0.0
0.0
0.0
0.0
0.0
0.0
0.0
0.0
0.0
-0.44985249950901346
0.40772977428110946
0.0
0.0
-2.115019073512327
0.0
0.0
0.0
0.0
0.0
0.0
0.0
0.0
0.0
0.0
0.0
0.0
2.0917301979791287
0.0
0.0
0.0
0.0
0.0
1.3656610960753115
0.6867597109503953
3.560046200148765
1.910687314383401
-0.004982733948097749
1.273493813952985
-1.6160878807539296
-2.36530216927883
3.553413799282386
3.5028994011086105
1.744649950145462
0.6344088132391033
3.0847056393985293
5.309180282839143
-0.4920292765694705
6.7020596441640405
0.3355613006218755
1.0561393433080715
1.1620859326660877
0.4694582740741079
-0.41016558891287025
-0.15033841556748503
1.7126599295249323
-0.1475051488651456
2.6504017496320755
0.5796542914066973
0.3185216840811258
0.41650700626697784
-0.7792244646224966
-5.47639994949523
-0.6565413844522139
-1.2374302735674696
0.43831628257953786
1.497577230337063
-0.4671428711932526
-3.949924384539954
1.2491908903327376
-1.9912051186568251
-2.3154346725803996
-1.0057603747375932
0.5518083721811273
0.6361103149334455
-0.4315703506268454
-0.8439202862648375
-0.35675914657595315
-2.580039835634893
-2.109193869044853
-1.015342012075934
-2.1031717965304897
0.5533578859482157
2.0076043778086303
1.9836070428071695
-0.7789188348444671
-0.7451593371404458
-0.45131649743195673
-0.5153418960938158
-0.45293452778141985
-1.051350985985562
-0.42685430788165635
0.15370087526029944
0.2957158372317055
0.14744190926029946
0.016446150007817326
1.1563648463290734
-0.0021778939
0.8803475760494995
0.6140040483485977
0.771123059859263
-3.204457864920899
-1.9918067912141963
1.2590813517329824
-3.35078462332156
-1.3554049377032125
4.192704666052691
-1.445913450272907
-1.0622476369707163
3.0770836507372756
-3.598805941670023
5.09251227771312
-0.7996693492515476
0.7296117962059414
-0.9751875436285032
-1.7962000073739877
7.249215991611556
2.634182440364782
0.1625956388787817
3.734349659877284
1.2957128648575695
-0.8366647558238175
1.1459656532073623
-0.19299967471035168
0.21238886220213304
0.6359380802833902
0.25732484420213286
0.021103279880660082
0.0
0.0
0.0
0.0
0.0
0.0
0.0
0.0
0.0
0.0
0.0
0.0
0.0
0.0
0.0
0.0
0.0
0.0
0.0
0.0
0.0
0.0
0.0
0.0
0.0
0.0
0.0
0.0
0.0
0.0
0.0
0.0
0.0
0.0
0.0
0.0
0.0
0.0
0.0
0.0
0.0
0.0
0.0
0.0
0.0
0.0
0.0
0.0
0.0
0.0
0.0
0.0
0.0
0.0
0.0
0.0
0.0
0.0
0.0
0.0
0.0
0.0
0.0
0.0
0.0
0.0
0.0
0.0
0.0
0.0
0.0
0.0
0.0
0.0
0.0
0.0
0.0
0.0
0.0
0.0
0.0
0.0
0.0
0.0
0.0
0.0
0.0
0.0
0.0
0.0
0.0
0.0
0.0
0.0
0.0
0.0
0.0
0.0
0.0
0.0
0.0
0.0
0.0
0.0
0.0
0.0
0.0
0.0
0.0
0.0
0.0
0.0
0.0
0.0
0.0
0.0
0.0
0.0
0.0
0.0
0.0
0.0
0.0
0.0
0.0
0.0
0.0
</W>
<b>
-4.243238823597693
</b>
<info>
Training (X) File : /home/vibhatha/data/libsvm/webspam/webspam_isesvm_train_x_bin.383 
Training (Y) File : /home/vibhatha/data/libsvm/webspam/webspam_isesvm_train_y.383.bin 
Testing (X) File : /home/vibhatha/data/libsvm/webspam/webspam_isesvm_test_x_bin.383 
Testing (Y) File : /home/vibhatha/data/libsvm/webspam/webspam_isesvm_test_y.383.bin 
I/O Time : 159
Kernel Matrix Calculation : 0.28 s
</info>
