88.48920863309353
91.00719424460432
89.20863309352518
88.12949640287769
88.48920863309353
88.48920863309353
89.92805755395683
87.41007194244604
91.00719424460432
88.48920863309353
88.12949640287769
87.05035971223022
89.20863309352518
89.20863309352518
89.92805755395683
89.568345323741
91.00719424460432
85.97122302158273
89.20863309352518
86.6906474820144
89.92805755395683
89.568345323741
87.76978417266187
88.84892086330936
87.41007194244604
87.41007194244604
87.41007194244604
88.84892086330936
86.33093525179856
89.568345323741
91.36690647482014
87.76978417266187
87.76978417266187
88.48920863309353
90.28776978417267
87.41007194244604
89.92805755395683
88.48920863309353
86.6906474820144
89.20863309352518
