76.09170305676855
76.31004366812228
79.80349344978166
79.58515283842796
89.62882096069869
90.72052401746726
93.3406113537118
88.8646288209607
74.89082969432314
58.951965065502186
69.97816593886463
77.18340611353712
77.72925764192141
75.43668122270742
80.24017467248909
68.66812227074236
59.71615720524017
74.45414847161572
77.62008733624454
80.02183406113537
73.47161572052401
76.7467248908297
75.9825327510917
62.00873362445415
70.96069868995633
77.9475982532751
78.49344978165938
78.27510917030568
77.07423580786026
76.41921397379913
78.82096069868996
79.14847161572052
81.33187772925764
74.78165938864629
72.27074235807859
79.03930131004367
76.31004366812228
78.93013100436681
79.36681222707423
75.764192139738
