<model>
linear
</model>
<W>
0.0
0.0
0.0
0.0
0.0
0.0
0.0
0.0
0.0
-2.376484337610819
0.04042644416219243
-0.0221319
0.0
-2.6438524427370425
0.0
0.0
0.0
0.0
0.0
0.0
0.0
0.0
0.0
0.0
0.0
0.0
3.3014046970461464
0.0
0.0
0.0
0.0
0.0
0.5122336540332251
0.5970855819080284
3.8337583551960757
3.471444640868305
-0.8060125247291674
2.4168978473752833
2.8237709687006154
-2.3981129409806394
0.9956028474489809
0.9717406747160782
0.12613688786589272
-0.7734060914835037
4.218331956648668
6.697266923832371
-0.0813418068572287
8.314060989872718
2.0414126523450378
3.527987093941613
1.760524571070437
2.7441312810727774
1.1475622756463724
-2.8267063269413395
-0.345950478928041
-1.145615340306079
3.3610006967130692
0.48360950091938915
-2.4530407049282323
-0.16447294166207516
-3.8011790479526506
-4.992851307862476
-3.736526239955599
-3.2768392923673657
0.37098010686762395
2.6304099529539684
0.08208844907604557
-1.9194120620374184
-1.8809606606741123
0.6290455824078021
-3.0898150982769503
-1.0164381344358588
-0.8441376488485374
0.7871510431575686
-0.41435143247356504
-1.568060314834108
0.3776679515221645
-5.460536753234877
0.5535261616168816
0.6757312977409669
0.3330077115702343
1.215049798173967
1.936556871338696
6.100029070209715
-0.8833548671952289
0.3300030882647856
-2.833126743684101
-2.2821523946624254
-0.40796282945069684
-1.3193191010757992
-0.982052394689213
1.8846918470638565
1.3848613093598083
1.8846918470638565
0.05988201734209205
3.2904760400338215
0.0
1.6820136654939164
0.5879394997015743
-2.9992966687692553
-0.08980790162591301
-0.5610128198447359
5.3320245648477
-9.120773762011263
-0.5873599729349657
6.946639475182398
-2.423159429572654
0.6309033491878231
6.752559824097441
-3.1354634179356586
5.056176703151621
-1.6551831900399896
-0.568986931570103
-0.030172117678334505
-6.103481935771088
10.534214973131345
-1.5784218490169977
-3.774176929416041
6.981102974147003
-0.4936635679027357
-1.085342098909982
2.3579143326006182
-0.7003553153206212
-0.4055322634018532
0.6053945253778169
-0.4055322634018532
-0.024500131073211064
0.0
0.0
0.0
0.0
0.0
0.0
0.0
0.0
0.0
0.0
0.0
0.0
0.0
0.0
0.0
0.0
0.0
0.0
0.0
0.0
0.0
0.0
0.0
0.0
0.0
0.0
0.0
0.0
0.0
0.0
0.0
0.0
0.0
0.0
0.0
0.0
0.0
0.0
0.0
0.0
0.0
0.0
0.0
0.0
0.0
0.0
0.0
0.0
0.0
0.0
0.0
0.0
0.0
0.0
0.0
0.0
0.0
0.0
0.0
0.0
0.0
0.0
0.0
0.0
0.0
0.0
0.0
0.0
0.0
0.0
0.0
0.0
0.0
0.0
0.0
0.0
0.0
0.0
0.0
0.0
0.0
0.0
0.0
0.0
0.0
0.0
0.0
0.0
0.0
0.0
0.0
0.0
0.0
0.0
0.0
0.0
0.0
0.0
0.0
0.0
0.0
0.0
0.0
0.0
0.0
0.0
0.0
0.0
0.0
0.0
0.0
0.0
0.0
0.0
0.0
0.0
0.0
0.0
0.0
0.0
0.0
0.0
0.0
0.0
0.0
0.0
0.0
</W>
<b>
-3.2252932118879443
</b>
<info>
Training (X) File : /home/vibhatha/data/libsvm/webspam/webspam_isesvm_train_x_bin.317 
Training (Y) File : /home/vibhatha/data/libsvm/webspam/webspam_isesvm_train_y.317.bin 
Testing (X) File : /home/vibhatha/data/libsvm/webspam/webspam_isesvm_test_x_bin.317 
Testing (Y) File : /home/vibhatha/data/libsvm/webspam/webspam_isesvm_test_y.317.bin 
I/O Time : 143
Kernel Matrix Calculation : 0.242 s
</info>
