87.41007194244604
87.41007194244604
88.84892086330936
85.25179856115108
84.89208633093526
85.97122302158273
87.76978417266187
87.76978417266187
85.97122302158273
86.6906474820144
87.05035971223022
84.89208633093526
85.25179856115108
86.6906474820144
85.25179856115108
85.25179856115108
87.05035971223022
87.05035971223022
85.25179856115108
79.13669064748201
84.17266187050359
87.76978417266187
87.41007194244604
87.05035971223022
84.53237410071942
83.45323741007195
84.53237410071942
84.53237410071942
84.89208633093526
88.84892086330936
91.00719424460432
86.6906474820144
83.45323741007195
87.05035971223022
88.48920863309353
85.25179856115108
89.568345323741
85.97122302158273
87.76978417266187
87.41007194244604
