91.00719424460432
91.00719424460432
88.84892086330936
89.92805755395683
87.76978417266187
88.12949640287769
89.20863309352518
88.84892086330936
90.28776978417267
87.41007194244604
88.12949640287769
88.48920863309353
87.05035971223022
88.84892086330936
87.76978417266187
88.12949640287769
90.64748201438849
86.6906474820144
89.568345323741
84.53237410071942
88.12949640287769
89.20863309352518
88.84892086330936
88.84892086330936
88.12949640287769
88.12949640287769
88.12949640287769
87.05035971223022
86.6906474820144
91.36690647482014
92.08633093525181
87.05035971223022
87.41007194244604
89.20863309352518
90.64748201438849
87.76978417266187
91.00719424460432
88.48920863309353
87.05035971223022
90.28776978417267
