93.01310043668121
94.65065502183407
98.47161572052401
98.58078602620087
90.17467248908298
83.29694323144105
63.20960698689956
74.34497816593887
63.53711790393013
50.65502183406113
75.54585152838428
94.10480349344978
95.74235807860262
95.85152838427948
86.24454148471615
55.45851528384279
48.25327510917031
73.58078602620087
93.5589519650655
93.12227074235808
95.3056768558952
98.36244541484717
67.46724890829694
49.78165938864629
66.48471615720524
93.5589519650655
95.3056768558952
97.59825327510917
95.41484716157204
93.23144104803494
95.41484716157204
94.43231441048034
93.88646288209607
75.65502183406113
56.98689956331878
88.31877729257643
91.8122270742358
93.5589519650655
93.01310043668121
96.94323144104804
