90.28776978417267
89.20863309352518
88.12949640287769
87.76978417266187
85.97122302158273
86.6906474820144
90.64748201438849
92.44604316546763
89.20863309352518
87.41007194244604
90.28776978417267
89.20863309352518
87.41007194244604
89.568345323741
89.20863309352518
87.76978417266187
91.72661870503596
89.568345323741
89.20863309352518
82.01438848920863
88.48920863309353
91.00719424460432
89.568345323741
89.568345323741
87.76978417266187
88.48920863309353
90.28776978417267
88.12949640287769
86.6906474820144
90.28776978417267
91.00719424460432
86.33093525179856
88.12949640287769
89.20863309352518
89.568345323741
88.48920863309353
90.64748201438849
89.20863309352518
88.12949640287769
89.20863309352518
