<model>
linear
</model>
<W>
0.0
0.0
0.0
0.0
0.0
0.0
0.0
0.0
0.0
-0.819312986561906
2.3382461606167455
0.0
0.0
-1.652298855022144
0.0
0.0
0.0
0.0
0.0
0.0
-8.740369539239622E-21
0.0
0.0
0.0
0.0
0.0
2.209562477949579
0.0
0.0
0.0
0.0
0.0
-0.3154505983826379
-0.5432787662280647
5.472193170965639
1.7920168807822778
-0.1775507208504127
1.2192003194580392
-3.935364057089997
-1.9198781661563984
5.555487799663869
5.458539078868668
-0.8306963372168759
1.7607550516009225
-0.11828920234757823
1.5058284272008127
-3.2336435939850325
9.704869833670113
-2.09755607095932
1.4435563549500232
-0.7574879731126656
0.037856146453081774
0.06891431159039384
0.7936445143707863
3.061046267670789
0.9359279422827899
2.783739437471041
1.759649278729101
2.03166524327344
1.022310438035729
-2.8908416457528157
-6.235566428469715
-2.8735856444786796
-3.395253008419511
0.4031183519834609
1.6485035316351915
1.0789440115508189
-3.2460967843258963
0.919366707327533
-3.9237062370619133
-5.370158817544917
-1.0895266893011646
-2.3130974670151976
1.4064118208675658
-0.9835666419425197
0.08855226362474206
0.20211612041312466
-0.30368141362477186
-0.09777677698232623
-0.5807943003575364
-0.6449122522542862
0.3448759980541416
-0.45409882949261476
1.9304510322302426
-0.6038857141244449
-0.14153072142753986
1.851946642817295
0.2537804981602412
-0.704177156377915
-1.0329629324796346
-1.220191641541123
0.32070676635586376
0.06920754923879437
0.31674166635586376
-0.022675395340373165
0.09597024126232434
-0.020045865
2.8139943287401725
-3.029802382858756
-0.709686774488169
-2.5495971751046893
-1.2894408737441783
2.4421492369247058
-4.1809454847234715
-1.5232220790115174
4.000616113971644
-0.34542192904663166
-0.749883509052274
4.820636731674307
-5.357020115258528
3.8400439658196563
-2.972824301409974
0.3480296148773214
-0.4087684327511131
-3.3379311354714725
9.414686038572265
-4.1110185225127465
2.162331896044508
7.296949787619367
0.5403917666326847
0.33222754651617226
-1.7091371945322422
-1.2356865702180806
0.7928657578479963
0.8626989285256158
0.7988135578479965
-0.03745973668830663
0.0
0.0
0.0
0.0
0.0
0.0
0.0
0.0
0.0
0.0
0.0
0.0
0.0
0.0
0.0
0.0
0.0
0.0
0.0
0.0
0.0
0.0
0.0
0.0
0.0
0.0
0.0
0.0
0.0
0.0
0.0
0.0
0.0
0.0
0.0
0.0
0.0
0.0
0.0
0.0
0.0
0.0
0.0
0.0
0.0
0.0
0.0
0.0
0.0
0.0
0.0
0.0
0.0
0.0
0.0
0.0
0.0
0.0
0.0
0.0
0.0
0.0
0.0
0.0
0.0
0.0
0.0
0.0
0.0
0.0
0.0
0.0
0.0
0.0
0.0
0.0
0.0
0.0
0.0
0.0
0.0
0.0
0.0
0.0
0.0
0.0
0.0
0.0
0.0
0.0
0.0
0.0
0.0
0.0
0.0
0.0
0.0
0.0
0.0
0.0
0.0
0.0
0.0
0.0
0.0
0.0
0.0
0.0
0.0
0.0
0.0
0.0
0.0
0.0
0.0
0.0
0.0
0.0
0.0
0.0
0.0
0.0
0.0
0.0
0.0
0.0
0.0
</W>
<b>
-1.5454573081763847
</b>
<info>
Training (X) File : /home/vibhatha/data/libsvm/webspam/webspam_isesvm_train_x_bin.152 
Training (Y) File : /home/vibhatha/data/libsvm/webspam/webspam_isesvm_train_y.152.bin 
Testing (X) File : /home/vibhatha/data/libsvm/webspam/webspam_isesvm_test_x_bin.152 
Testing (Y) File : /home/vibhatha/data/libsvm/webspam/webspam_isesvm_test_y.152.bin 
I/O Time : 123
Kernel Matrix Calculation : 0.217 s
</info>
