<model>
linear
</model>
<W>
0.0
0.0
0.0
0.0
0.0
0.0
0.0
0.0
0.0
-0.8880329112371129
-0.1391261873819889
0.0
0.0
-2.1462296730564074
0.0
0.0
0.0
0.0
0.0
0.0
0.0
0.0
0.0
0.0
0.0
0.0
2.02670427067879
0.0
0.0
0.0
0.0
0.0
-0.022084673813620004
0.06469264984620575
2.7144042819068224
0.07641283299595772
-0.015871266117691817
-0.7301063470533967
-0.9088071875364923
-0.05794011030104328
1.0781874618031246
1.0824062518031248
-0.07108775057164886
0.04410254605271908
0.17824814876933603
1.0653988194992257
-0.08748266889454759
3.236905857482735
0.17218358836674638
0.3305828019113878
-0.6203188881450716
-0.21745206742857132
-0.038747752259907356
-0.06601183734900959
0.3615242049145546
0.3409201313183562
0.23025824515517496
0.5785513228665194
-0.05691099692333435
-0.08543712372477465
0.4198362834471713
-1.2837703907855018
0.4365075045120082
-0.22939546770380606
0.15230364335588087
0.5756330675380186
-0.06119369142562826
-0.42902124160087807
-0.27645899880604924
-0.7426825875156697
-1.0216107815373088
0.20639663523402277
-0.5209449961462931
0.35776577315499414
-0.08920765948459512
-0.20362879460587954
-0.22746923937670926
-0.5169641007871245
-0.07270518309280473
-0.28575874444179106
-0.45586240070049094
-0.25600301294172206
0.7947938403670826
0.6368383336480442
-0.3417031959995408
-0.1829631568478927
-0.011601098102897273
0.14131448805789373
-0.19324592204692928
-0.5228950931911996
-0.2083768988901306
0.09698437459781557
0.04240510947067717
0.09892367459781556
-0.018750317792782748
0.5835190283000874
0.0033405149999999996
1.6229640592566104
0.24234469077009577
0.23828637993786772
-2.0331142679097844
-0.8042646624082406
-0.19959627393182333
-0.9979291195064802
-1.1924115810984244
3.572151177593686
-0.3071272354998964
-0.503582969818336
2.2224213782887166
-1.5787588528939502
1.6022923737208679
-0.6019527783451104
0.5333367618855863
-0.2832285889065309
-0.8358850817345891
3.8392341292208587
-0.05943630746190835
0.034389796973757214
0.966336919750667
-0.5433687350327299
-0.23061731629423712
0.06454626641597874
-0.1243052132661468
-0.10255513509988358
0.21204524087305449
-0.10492775509988357
-0.139717609
0.0
0.0
0.0
0.0
0.0
0.0
0.0
0.0
0.0
0.0
0.0
0.0
0.0
0.0
0.0
0.0
0.0
0.0
0.0
0.0
0.0
0.0
0.0
0.0
0.0
0.0
0.0
0.0
0.0
0.0
0.0
0.0
0.0
0.0
0.0
0.0
0.0
0.0
0.0
0.0
0.0
0.0
0.0
0.0
0.0
0.0
0.0
0.0
0.0
0.0
0.0
0.0
0.0
0.0
0.0
0.0
0.0
0.0
0.0
0.0
0.0
0.0
0.0
0.0
0.0
0.0
0.0
0.0
0.0
0.0
0.0
0.0
0.0
0.0
0.0
0.0
0.0
0.0
0.0
0.0
0.0
0.0
0.0
0.0
0.0
0.0
0.0
0.0
0.0
0.0
0.0
0.0
0.0
0.0
0.0
0.0
0.0
0.0
0.0
0.0
0.0
0.0
0.0
0.0
0.0
0.0
0.0
0.0
0.0
0.0
0.0
0.0
0.0
0.0
0.0
0.0
0.0
0.0
0.0
0.0
0.0
0.0
0.0
0.0
0.0
0.0
0.0
</W>
<b>
-2.1598476649538134
</b>
<info>
Training (X) File : /home/vibhatha/data/libsvm/webspam/webspam_isesvm_train_x_bin.71 
Training (Y) File : /home/vibhatha/data/libsvm/webspam/webspam_isesvm_train_y.71.bin 
Testing (X) File : /home/vibhatha/data/libsvm/webspam/webspam_isesvm_test_x_bin.71 
Testing (Y) File : /home/vibhatha/data/libsvm/webspam/webspam_isesvm_test_y.71.bin 
I/O Time : 152
Kernel Matrix Calculation : 0.271 s
</info>
