93.12227074235808
93.66812227074236
99.235807860262
99.235807860262
89.62882096069869
82.75109170305677
65.06550218340611
74.45414847161572
61.24454148471615
51.09170305676856
73.47161572052401
92.35807860262008
94.43231441048034
96.39737991266377
83.1877729257642
55.24017467248908
48.47161572052402
74.34497816593887
92.68558951965066
90.06550218340611
96.2882096069869
96.72489082969432
65.39301310043668
50.87336244541485
66.8122270742358
91.8122270742358
92.57641921397381
98.0349344978166
93.77729257641921
92.79475982532752
94.32314410480349
93.01310043668121
91.0480349344978
75.32751091703057
57.751091703056765
85.37117903930131
90.50218340611353
91.26637554585153
90.28384279475983
96.94323144104804
