88.84892086330936
87.05035971223022
85.61151079136691
88.12949640287769
83.45323741007195
83.81294964028777
86.6906474820144
87.41007194244604
85.97122302158273
86.33093525179856
87.41007194244604
87.05035971223022
85.25179856115108
89.568345323741
84.17266187050359
86.6906474820144
88.12949640287769
87.41007194244604
86.6906474820144
76.97841726618705
85.97122302158273
88.84892086330936
87.05035971223022
84.53237410071942
85.97122302158273
83.09352517985612
87.05035971223022
82.73381294964028
83.45323741007195
85.61151079136691
87.76978417266187
84.17266187050359
86.6906474820144
86.33093525179856
88.48920863309353
83.81294964028777
87.76978417266187
88.48920863309353
85.97122302158273
85.97122302158273
