90.28776978417267
91.00719424460432
89.92805755395683
88.12949640287769
88.48920863309353
88.48920863309353
89.20863309352518
89.20863309352518
91.00719424460432
88.84892086330936
91.72661870503596
89.20863309352518
88.84892086330936
91.36690647482014
88.48920863309353
87.76978417266187
90.28776978417267
88.84892086330936
90.28776978417267
87.41007194244604
91.00719424460432
91.36690647482014
91.72661870503596
87.41007194244604
89.20863309352518
89.20863309352518
88.12949640287769
87.05035971223022
87.76978417266187
88.84892086330936
93.5251798561151
89.92805755395683
91.36690647482014
91.00719424460432
91.36690647482014
89.20863309352518
92.08633093525181
90.28776978417267
88.48920863309353
90.64748201438849
