92.08633093525181
89.568345323741
89.92805755395683
88.48920863309353
87.41007194244604
89.568345323741
90.28776978417267
91.72661870503596
92.44604316546763
90.64748201438849
90.28776978417267
90.64748201438849
88.84892086330936
90.64748201438849
91.00719424460432
87.41007194244604
91.36690647482014
90.28776978417267
89.92805755395683
85.97122302158273
91.00719424460432
91.36690647482014
89.568345323741
89.92805755395683
86.6906474820144
89.20863309352518
89.568345323741
89.20863309352518
88.12949640287769
91.00719424460432
93.16546762589928
86.6906474820144
89.20863309352518
90.28776978417267
89.20863309352518
88.12949640287769
91.00719424460432
90.28776978417267
87.76978417266187
90.64748201438849
