90.64748201438849
90.28776978417267
89.568345323741
87.76978417266187
89.92805755395683
88.84892086330936
89.568345323741
90.64748201438849
89.568345323741
88.84892086330936
91.72661870503596
88.12949640287769
90.28776978417267
91.36690647482014
89.92805755395683
88.84892086330936
91.36690647482014
89.92805755395683
88.84892086330936
86.33093525179856
91.72661870503596
91.36690647482014
91.72661870503596
88.12949640287769
88.12949640287769
89.20863309352518
89.568345323741
91.00719424460432
87.41007194244604
91.72661870503596
91.00719424460432
88.48920863309353
91.00719424460432
89.568345323741
91.00719424460432
85.97122302158273
92.80575539568345
88.48920863309353
88.12949640287769
89.92805755395683
