<model>
linear
</model>
<W>
0.0
0.0
0.0
0.0
0.0
0.0
0.0
0.0
0.0
-1.3793564324567686
-0.03231009668127328
0.0
1.2293888129732978E-20
-1.5601135573457177
0.0
0.0
0.0
0.0
0.0
0.0
0.0
0.0
0.0
0.0
0.0
0.0
3.3940032687389103
0.0
0.0
0.0
0.0
0.0
0.8066298126487306
0.5935175210577885
3.6734479517304224
-0.04273768220596856
-0.0562675026725316
-0.6808594599468799
-2.6631342942303164
0.22320536346739817
1.5471264254239432
1.546165648944452
0.13886612580294755
0.3851695362661902
-0.6786253234306932
3.575285869778907
0.5121322440894822
5.157530487055985
-0.1748530361094134
0.25114307694576404
0.6889685660340137
0.32462990891821236
0.044159351872758
-0.4530579254906418
0.5461939879556221
0.48492314828632643
0.5867022142958863
0.2010276366201897
1.1074483357040217
-0.5662275297748351
-1.1428172221871962
-4.770283200110889
-1.0776885900129407
-0.5416741585716266
0.2133058679251834
1.2271574600994584
0.1922810286126968
-0.5927783090876579
-0.40644685718082607
0.05817412121367427
-1.5199901668136506
-0.0989126609819969
-0.3538325498945434
0.34878467652777356
-0.20245441044712073
-0.35147831494067117
-0.2995606506808084
-0.3890045548867373
-0.26234107977595067
-0.44888485999549804
-0.9546631470210252
-0.07946922976968977
1.2194891021581222
1.5015907222968297
-1.023309482053354
-0.5101796260845746
-0.313819235658455
-0.6740124720563071
-0.34158689957484617
-0.5388894885827042
-0.5050974372180146
0.34285623974670454
0.2686277736321513
0.34296264549340405
-0.017409485685034556
0.6732559304386357
0.004498717309421361
3.557501107959965
-0.8129122221084575
0.6186189097625248
-2.747049962163258
-0.6935926144937884
0.9926967513422149
-2.861030659321957
-1.4179799391783816
4.843727332371063
-0.45968773105410865
-1.6125026501612056
2.7409282008920357
-1.6188150573564086
2.2845413910722376
-0.6408856010965418
1.491739883977092
-0.8118807986500647
-2.199184708980891
4.395179836673956
0.7679626069575647
0.9493889526313636
2.504814380291064
-0.16042338517788135
0.06884760701503678
0.30089880128197755
-0.5214107141576347
-0.08944192408873435
0.40025342005614567
-0.09123277905466808
0.002054060243925927
0.0
0.0
0.0
0.0
0.0
0.0
0.0
0.0
0.0
0.0
0.0
0.0
0.0
0.0
0.0
0.0
0.0
0.0
0.0
0.0
0.0
0.0
0.0
0.0
0.0
0.0
0.0
0.0
0.0
0.0
0.0
0.0
0.0
0.0
0.0
0.0
0.0
0.0
0.0
0.0
0.0
0.0
0.0
0.0
0.0
0.0
0.0
0.0
0.0
0.0
0.0
0.0
0.0
0.0
0.0
0.0
0.0
0.0
0.0
0.0
0.0
0.0
0.0
0.0
0.0
0.0
0.0
0.0
0.0
0.0
0.0
0.0
0.0
0.0
0.0
0.0
0.0
0.0
0.0
0.0
0.0
0.0
0.0
0.0
0.0
0.0
0.0
0.0
0.0
0.0
0.0
0.0
0.0
0.0
0.0
0.0
0.0
0.0
0.0
0.0
0.0
0.0
0.0
0.0
0.0
0.0
0.0
0.0
0.0
0.0
0.0
0.0
0.0
0.0
0.0
0.0
0.0
0.0
0.0
0.0
0.0
0.0
0.0
0.0
0.0
0.0
0.0
</W>
<b>
-3.177160039916536
</b>
<info>
Training (X) File : /home/vibhatha/data/libsvm/webspam/webspam_isesvm_train_x_bin.28 
Training (Y) File : /home/vibhatha/data/libsvm/webspam/webspam_isesvm_train_y.28.bin 
Testing (X) File : /home/vibhatha/data/libsvm/webspam/webspam_isesvm_test_x_bin.28 
Testing (Y) File : /home/vibhatha/data/libsvm/webspam/webspam_isesvm_test_y.28.bin 
I/O Time : 109
Kernel Matrix Calculation : 0.217 s
</info>
