89.92805755395683
87.76978417266187
88.84892086330936
87.76978417266187
88.12949640287769
88.48920863309353
90.64748201438849
90.64748201438849
89.20863309352518
88.84892086330936
89.20863309352518
87.05035971223022
89.568345323741
90.64748201438849
87.41007194244604
86.33093525179856
89.568345323741
89.92805755395683
90.64748201438849
84.53237410071942
89.568345323741
91.72661870503596
92.44604316546763
86.6906474820144
88.84892086330936
87.76978417266187
88.12949640287769
88.84892086330936
89.568345323741
91.00719424460432
91.36690647482014
88.48920863309353
91.36690647482014
90.28776978417267
89.20863309352518
88.48920863309353
91.36690647482014
87.41007194244604
87.05035971223022
90.64748201438849
