91.00719424460432
89.20863309352518
88.48920863309353
89.568345323741
85.97122302158273
88.48920863309353
87.76978417266187
91.36690647482014
89.92805755395683
89.20863309352518
92.80575539568345
89.20863309352518
89.20863309352518
92.80575539568345
88.84892086330936
87.76978417266187
89.568345323741
89.92805755395683
88.84892086330936
86.33093525179856
88.48920863309353
91.72661870503596
89.20863309352518
87.41007194244604
89.568345323741
89.20863309352518
90.28776978417267
88.12949640287769
88.48920863309353
90.28776978417267
92.44604316546763
86.6906474820144
90.28776978417267
88.84892086330936
89.568345323741
87.76978417266187
90.64748201438849
89.20863309352518
88.48920863309353
89.20863309352518
