89.20863309352518
90.28776978417267
88.84892086330936
88.84892086330936
88.12949640287769
89.568345323741
90.28776978417267
90.64748201438849
89.92805755395683
86.33093525179856
92.80575539568345
88.48920863309353
89.20863309352518
89.20863309352518
87.05035971223022
88.12949640287769
91.00719424460432
88.84892086330936
89.92805755395683
83.45323741007195
88.48920863309353
91.00719424460432
90.64748201438849
90.28776978417267
90.64748201438849
88.84892086330936
88.84892086330936
88.84892086330936
86.6906474820144
91.00719424460432
91.72661870503596
85.97122302158273
90.28776978417267
92.08633093525181
89.92805755395683
87.76978417266187
91.36690647482014
88.48920863309353
88.84892086330936
89.20863309352518
