<model>
linear
</model>
<W>
0.0
0.0
0.0
0.0
0.0
0.0
0.0
0.0
-3.509630086551141E-20
0.1698649081288608
2.613805705048808
0.0
0.0
-2.8051890859907243
0.0
0.0
0.0
0.0
0.0
0.0
0.0
0.0
0.0
0.0
0.0
0.0
1.5723292265921147
0.0
0.0
0.0
0.0
0.0
-0.11573438726940521
0.6089958265636896
2.7276265163919495
1.1230210134728493
-0.13520322253886155
-0.6063781075374688
-0.7359356858096533
-3.347933978014759
1.6490001696248782
1.6694064532214141
-1.3833114642246607
0.29093278563017494
-1.1423776698787562
3.228678182984082
0.5183950916882698
6.003301505680466
0.41785921874756365
0.613466941107568
2.6151855407611238
-0.09684707921219943
0.1020707306217863
-0.40903071984754846
2.961437676089751
1.4046630002649247
1.993082398499168
0.5003719527734546
0.44667229327134506
-0.4539934381980441
-0.2722246838761041
-3.5718276382160803
-0.24406515545007246
-1.9845226418616482
0.3510504284571959
2.0877082621143352
-0.8358645099336844
-1.1043428779493194
-0.9201218650138654
-3.344912423883422
-2.9465198461526945
0.6510939393867483
-0.004375027105029267
2.3538531789053154
0.25779068708774955
-0.9920693082702577
-0.3374123482846896
-2.840632902829014
-0.37300358608796536
-0.9920009897097524
0.10245974393165963
-1.1095953784853365
0.7364486877193869
1.4854024996803163
1.279949065385928
-0.39002840983395715
-0.30818195653205926
1.0208957987374516
-0.6721286775572834
-1.0498009979574228
-0.6660320559143383
-0.118829074379228
-0.1947963068999885
-0.007462287379228048
-0.04405365936159557
1.907448150963134
-0.017328728199999997
1.8437542496288024
-0.03538334067774712
-0.19163686515478395
-2.369624662960422
-0.2636420091521976
0.82725877921876
-5.172620155143139
-2.246169463150869
5.564322311049279
-0.21567143499862876
-0.8868290743055083
2.9901731078843055
-4.81605401399564
5.921430174248508
-4.946823966234924
3.6664435969515425
-0.9242830859637274
-2.378893904173799
6.813473010295228
-0.4592584638765782
-2.138376031862638
3.2841200769602024
-1.2030262865274572
1.7625461927623358
1.269755360348167
-0.7709908694604177
-0.8204602884160892
0.4689592695481263
-0.7706578014160894
-0.05557195025805596
0.0
0.0
0.0
0.0
0.0
0.0
0.0
0.0
0.0
0.0
0.0
0.0
0.0
0.0
0.0
0.0
0.0
0.0
0.0
0.0
0.0
0.0
0.0
0.0
0.0
0.0
0.0
0.0
0.0
0.0
0.0
0.0
0.0
0.0
0.0
0.0
0.0
0.0
0.0
0.0
0.0
0.0
0.0
0.0
0.0
0.0
0.0
0.0
0.0
0.0
0.0
0.0
0.0
0.0
0.0
0.0
0.0
0.0
0.0
0.0
0.0
0.0
0.0
0.0
0.0
0.0
0.0
0.0
0.0
0.0
0.0
0.0
0.0
0.0
0.0
0.0
0.0
0.0
0.0
0.0
0.0
0.0
0.0
0.0
0.0
0.0
0.0
0.0
0.0
0.0
0.0
0.0
0.0
0.0
0.0
0.0
0.0
0.0
0.0
0.0
0.0
0.0
0.0
0.0
0.0
0.0
0.0
0.0
0.0
0.0
0.0
0.0
0.0
0.0
0.0
0.0
0.0
0.0
0.0
0.0
0.0
0.0
0.0
0.0
0.0
0.0
0.0
</W>
<b>
-2.9428419111569513
</b>
<info>
Training (X) File : /home/vibhatha/data/libsvm/webspam/webspam_isesvm_train_x_bin.369 
Training (Y) File : /home/vibhatha/data/libsvm/webspam/webspam_isesvm_train_y.369.bin 
Testing (X) File : /home/vibhatha/data/libsvm/webspam/webspam_isesvm_test_x_bin.369 
Testing (Y) File : /home/vibhatha/data/libsvm/webspam/webspam_isesvm_test_y.369.bin 
I/O Time : 133
Kernel Matrix Calculation : 0.244 s
</info>
