97.59825327510917
98.36244541484717
95.41484716157204
94.65065502183407
89.30131004366812
84.49781659388647
78.82096069868996
84.17030567685589
73.0349344978166
55.24017467248908
82.64192139737992
96.83406113537117
97.27074235807859
98.0349344978166
93.23144104803494
60.26200873362445
55.34934497816594
76.31004366812228
96.39737991266377
96.72489082969432
97.37991266375546
99.78165938864629
77.29257641921397
54.47598253275109
73.14410480349345
96.83406113537117
97.37991266375546
99.12663755458514
98.0349344978166
97.70742358078603
97.92576419213974
96.94323144104804
96.83406113537117
82.75109170305677
59.1703056768559
94.21397379912663
94.75982532751091
97.48908296943232
97.27074235807859
98.90829694323145
