<model>
linear
</model>
<W>
0.0
0.0
0.0
0.0
0.0
0.0
0.0
0.0
0.0
-0.7001297486156932
0.7532462414173083
0.0
0.0
-0.876512589968052
0.0
0.0
0.0
0.0
0.0
0.0
0.0
0.0
0.0
0.0
0.0
0.0
2.318511915161366
0.0
0.0
0.0
0.0
0.0
-0.43753609932989335
-0.006070814198541909
2.7752154647599427
0.3226159413726893
0.007379679712974966
-0.018218579558440057
-0.8958313993931263
-0.7328430205588411
0.7127946172507088
0.715404038788368
-0.28519598753881287
0.11911687875982595
-0.5703733301998954
1.5224719647916378
-0.1456223086837593
4.492753524309073
0.03837691704101305
0.4827354035209003
-0.01731518618740495
0.051627315248937086
0.2207829841207454
0.14257135903632717
0.622833185170702
0.40298172008952443
0.4399058683968197
0.3146455410762679
0.3929956025058712
0.030999233951083584
0.006633895504043447
-2.0761015925150854
0.03328348254622515
-0.1978574404045483
0.07181504849107737
0.06622467404376431
-0.2431911145712507
-0.6354841919658566
-0.34427281915010177
-1.1749137116224815
-1.0956771174467885
0.07612643643367714
-0.9608791879614784
0.3824515442991548
-0.07665832726385616
-0.19670376687885258
-0.4342263930402132
-0.7797225648001216
-0.38303984355222737
-0.21520392408563277
-0.44890889920541943
-0.17848980186350105
0.10179773821119381
0.44371090761346665
-0.6467295751756929
-0.2184237750312423
-0.02350285442238072
-0.1426097838898876
-0.08813254167239025
-0.563981305162758
-0.2885390556537427
0.12567288824598738
0.023950755011954244
0.12728747924598738
2.7565809989327434E-4
0.09161682133526644
2.96341E-4
1.0155203340455152
-0.10878002632056069
-0.3478237320514883
-1.3259672337047914
0.6950055651269444
0.594452577093817
-1.3496504250348522
-0.7687525177631138
3.3418391809474213
-0.24781060249705297
-0.3688615782998766
2.5874973568264497
-2.03268116761147
1.1303412470833152
-0.5074109148581193
0.9186025876176773
-0.1833502489453849
-1.9032955425223517
2.5428140786305318
-0.04006777159065422
-0.40194931060489236
1.2575259548784652
-1.3056374470337464
0.20961518052145717
0.33213496835941486
-0.21705970024792634
-0.024828731665642242
0.2390554123058345
-0.024925611665642215
-0.058199619
0.0
0.0
0.0
0.0
0.0
0.0
0.0
0.0
0.0
0.0
0.0
0.0
0.0
0.0
0.0
0.0
0.0
0.0
0.0
0.0
0.0
0.0
0.0
0.0
0.0
0.0
0.0
0.0
0.0
0.0
0.0
0.0
0.0
0.0
0.0
0.0
0.0
0.0
0.0
0.0
0.0
0.0
0.0
0.0
0.0
0.0
0.0
0.0
0.0
0.0
0.0
0.0
0.0
0.0
0.0
0.0
0.0
0.0
0.0
0.0
0.0
0.0
0.0
0.0
0.0
0.0
0.0
0.0
0.0
0.0
0.0
0.0
0.0
0.0
0.0
0.0
0.0
0.0
0.0
0.0
0.0
0.0
0.0
0.0
0.0
0.0
0.0
0.0
0.0
0.0
0.0
0.0
0.0
0.0
0.0
0.0
0.0
0.0
0.0
0.0
0.0
0.0
0.0
0.0
0.0
0.0
0.0
0.0
0.0
0.0
0.0
0.0
0.0
0.0
0.0
0.0
0.0
0.0
0.0
0.0
0.0
0.0
0.0
0.0
0.0
0.0
0.0
</W>
<b>
-1.8876197633052065
</b>
<info>
Training (X) File : /home/vibhatha/data/libsvm/webspam/webspam_isesvm_train_x_bin.177 
Training (Y) File : /home/vibhatha/data/libsvm/webspam/webspam_isesvm_train_y.177.bin 
Testing (X) File : /home/vibhatha/data/libsvm/webspam/webspam_isesvm_test_x_bin.177 
Testing (Y) File : /home/vibhatha/data/libsvm/webspam/webspam_isesvm_test_y.177.bin 
I/O Time : 136
Kernel Matrix Calculation : 0.254 s
</info>
