90.28776978417267
91.00719424460432
90.28776978417267
88.84892086330936
87.76978417266187
88.48920863309353
91.00719424460432
91.72661870503596
89.20863309352518
89.568345323741
90.64748201438849
89.568345323741
89.20863309352518
91.36690647482014
89.20863309352518
89.20863309352518
91.36690647482014
89.20863309352518
89.20863309352518
83.81294964028777
89.92805755395683
91.36690647482014
91.72661870503596
88.84892086330936
90.28776978417267
89.20863309352518
89.92805755395683
87.76978417266187
87.41007194244604
92.08633093525181
93.16546762589928
88.12949640287769
89.568345323741
91.00719424460432
90.28776978417267
89.568345323741
91.72661870503596
89.92805755395683
88.12949640287769
89.92805755395683
