89.568345323741
91.36690647482014
87.76978417266187
89.92805755395683
85.97122302158273
88.48920863309353
88.12949640287769
89.568345323741
90.28776978417267
88.12949640287769
90.28776978417267
88.12949640287769
88.84892086330936
90.28776978417267
89.92805755395683
87.76978417266187
87.76978417266187
88.84892086330936
89.568345323741
86.33093525179856
88.84892086330936
90.28776978417267
90.64748201438849
88.12949640287769
89.92805755395683
87.76978417266187
89.92805755395683
86.33093525179856
87.41007194244604
91.36690647482014
92.44604316546763
87.76978417266187
88.48920863309353
88.12949640287769
91.00719424460432
87.76978417266187
91.72661870503596
86.6906474820144
87.76978417266187
88.12949640287769
