<model>
linear
</model>
<W>
0.0
0.0
0.0
0.0
0.0
0.0
0.0
0.0
0.0
-1.9140862392236067
1.4746329049525975
0.0
0.0
-2.4908994913519567
0.0
0.0
0.0
0.0
0.0
0.0
0.0
0.0
0.0
0.0
0.0
0.0
0.9148734389836195
0.0
0.0
0.0
0.0
0.0
0.296658874396702
-0.27197423320007025
2.608905220633778
1.2312705768641823
-0.15553996728082686
0.0890488319642335
-2.172942341250414
-0.20132252563733616
1.714277292625373
1.6697764026253727
-0.2651416506573186
0.14982195051559158
2.871554793708705
2.7488379466091404
-1.642022466779721
5.2562013489672905
0.8534906070677173
2.480317089531639
2.683760181186264
0.42753387067217097
-0.461476658119158
-0.48578911166362937
1.6138854377209457
-0.8456878243700557
1.7942439462341915
0.510411715844368
0.8904825034492546
1.1389973551412633
-0.3961624207164447
-3.044480959762215
-0.3591670143244219
-1.588880503878974
0.3040943815385497
1.9862902407669738
-0.6375610575013387
-1.3958458436424819
-0.22915149492416875
-1.2590034336973408
-3.8152754767926034
1.0417879805160066
-1.2100097192511563
2.2907823070669924
0.23392161819819007
-1.3954734561908315
-0.06315349813709759
-1.9137209006406253
0.21808861172379623
-0.013804646706235935
0.8230261420723666
-2.0803817054118254
0.7307326169396986
2.379685719900559
-1.2599781462305277
-1.0105075063207587
-0.5772382073331307
-0.3439596775176289
-0.4147327696525259
-1.4531494841143784
-1.164811129294283
0.48660588169648683
0.12383935512025318
0.48660588169648683
0.026861530377602822
1.0795601232487648
5.771297000000001E-4
2.7689624465938554
-0.7200152115497334
-1.7527537915162603
0.45026296680468153
0.9316778280913738
-0.04939814352006823
-3.2012792724338732
-2.0597971253071408
2.874648314498189
0.3213553227998273
-2.938994005017073
5.093337011871276
-5.189807644240001
2.619502372454378
-0.2926153075149678
2.655172017432075
-0.845188190170451
-2.587817847950892
7.585650097571637
0.7927177130902663
0.274288788318359
5.569184835423804
-3.5056455842123557
2.7919006082251814
-1.4331859458352558
-0.4463762051471129
0.15836154656908358
0.5728296604307361
0.15896704656908356
-0.17563232088122505
0.0
0.0
0.0
0.0
0.0
0.0
0.0
0.0
0.0
0.0
0.0
0.0
0.0
0.0
0.0
0.0
0.0
0.0
0.0
0.0
0.0
0.0
0.0
0.0
0.0
0.0
0.0
0.0
0.0
0.0
0.0
0.0
0.0
0.0
0.0
0.0
0.0
0.0
0.0
0.0
0.0
0.0
0.0
0.0
0.0
0.0
0.0
0.0
0.0
0.0
0.0
0.0
0.0
0.0
0.0
0.0
0.0
0.0
0.0
0.0
0.0
0.0
0.0
0.0
0.0
0.0
0.0
0.0
0.0
0.0
0.0
0.0
0.0
0.0
0.0
0.0
0.0
0.0
0.0
0.0
0.0
0.0
0.0
0.0
0.0
0.0
0.0
0.0
0.0
0.0
0.0
0.0
0.0
0.0
0.0
0.0
0.0
0.0
0.0
0.0
0.0
0.0
0.0
0.0
0.0
0.0
0.0
0.0
0.0
0.0
0.0
0.0
0.0
0.0
0.0
0.0
0.0
0.0
0.0
0.0
0.0
0.0
0.0
0.0
0.0
0.0
0.0
</W>
<b>
-3.832247373390492
</b>
<info>
Training (X) File : /home/vibhatha/data/libsvm/webspam/webspam_isesvm_train_x_bin.151 
Training (Y) File : /home/vibhatha/data/libsvm/webspam/webspam_isesvm_train_y.151.bin 
Testing (X) File : /home/vibhatha/data/libsvm/webspam/webspam_isesvm_test_x_bin.151 
Testing (Y) File : /home/vibhatha/data/libsvm/webspam/webspam_isesvm_test_y.151.bin 
I/O Time : 140
Kernel Matrix Calculation : 0.28 s
</info>
