<model>
linear
</model>
<W>
0.0
0.0
0.0
0.0
0.0
0.0
0.0
0.0
0.0
0.011093857141958142
1.3434226616035283
0.0
0.0
-2.9493602410388187
0.0
0.0
0.0
0.0
0.0
0.0
0.0
0.0
0.0
0.0
0.0
0.0
4.009595583112357
0.0
0.0
0.0
0.0
0.0
1.3893764032366374
0.4147153099994354
2.6072675165647925
2.592315413144847
-0.08755389595336789
1.1350750468458448
-3.5828412386775845
-3.3204112014349474
1.4581798670781598
1.434751462793193
1.019828525372219
0.5700149788537711
-3.8437847588333893
5.698599890366796
0.0370224338398982
8.002158707691748
2.429077715473518
4.736041002240821
2.1376424449514704
-0.011211793137812303
-1.3504677893290764
-4.257918861043808
0.14152626664985177
-0.7714370779087877
4.118500013612637
-2.4370947532790583
1.8022750402955
-2.970394340242652
-1.6389290880375769
-4.850073216512005
-1.4974204973087402
-2.6858863936615758
0.8437364121918446
4.083249879002048
1.159062562648723
-0.5571532888453145
-0.099682209766008
-0.5764839661612514
-3.751715610585848
-0.12447088532088303
-1.532160905350748
0.9487227256860069
-0.6920666894026835
-2.1233109085353448
-0.28097644621705076
-3.650719930002509
0.8744011658957415
2.7946178415184977
-2.4579344453010936
1.3958729068518798
1.354103473909525
2.6750416488294455
-1.4796628819623985
-0.2172964660234879
1.247569322888968
0.8708192379333489
0.05258888721444921
-0.7256869090526193
-1.1743036011935986
-0.13917731160331506
-0.5486413555931045
-0.13719715160331505
0.11075303183939644
4.563051059832618
0.019434048154449036
3.9688857402737656
-1.7129606443703405
1.8973911886068473
-0.6147553131088159
0.17237533879338773
1.2467030759974946
-5.253485703646462
-0.7236018237079116
5.0631769884667985
-4.752710950532929
2.493151430114955
4.2206815156007735
-6.344498436788369
2.0147617784534178
-2.0205099323749907
1.1790217150071232
0.1642805160044431
-5.480731465777717
9.599572980068801
1.23365911794362
-4.726292090304073
4.863703827979338
-0.8642398514015122
-0.5547607738169771
-0.8424601588747638
-2.291961594227544
-1.1850297697026342
0.6352986973217503
-1.1840609397026343
-0.020650274000000003
0.0
0.0
0.0
0.0
0.0
0.0
0.0
0.0
0.0
0.0
0.0
0.0
0.0
0.0
0.0
0.0
0.0
0.0
0.0
0.0
0.0
0.0
0.0
0.0
0.0
0.0
0.0
0.0
0.0
0.0
0.0
0.0
0.0
0.0
0.0
0.0
0.0
0.0
0.0
0.0
0.0
0.0
0.0
0.0
0.0
0.0
0.0
0.0
0.0
0.0
0.0
0.0
0.0
0.0
0.0
0.0
0.0
0.0
0.0
0.0
0.0
0.0
0.0
0.0
0.0
0.0
0.0
0.0
0.0
0.0
0.0
0.0
0.0
0.0
0.0
0.0
0.0
0.0
0.0
0.0
0.0
0.0
0.0
0.0
0.0
0.0
0.0
0.0
0.0
0.0
0.0
0.0
0.0
0.0
0.0
0.0
0.0
0.0
0.0
0.0
0.0
0.0
0.0
0.0
0.0
0.0
0.0
0.0
0.0
0.0
0.0
0.0
0.0
0.0
0.0
0.0
0.0
0.0
0.0
0.0
0.0
0.0
0.0
0.0
0.0
0.0
0.0
</W>
<b>
-4.359433024628714
</b>
<info>
Training (X) File : /home/vibhatha/data/libsvm/webspam/webspam_isesvm_train_x_bin.214 
Training (Y) File : /home/vibhatha/data/libsvm/webspam/webspam_isesvm_train_y.214.bin 
Testing (X) File : /home/vibhatha/data/libsvm/webspam/webspam_isesvm_test_x_bin.214 
Testing (Y) File : /home/vibhatha/data/libsvm/webspam/webspam_isesvm_test_y.214.bin 
I/O Time : 143
Kernel Matrix Calculation : 0.214 s
</info>
