89.20863309352518
92.08633093525181
90.28776978417267
88.84892086330936
87.41007194244604
87.76978417266187
89.92805755395683
90.28776978417267
89.92805755395683
87.05035971223022
89.568345323741
89.568345323741
86.33093525179856
86.6906474820144
89.20863309352518
89.568345323741
89.92805755395683
89.568345323741
88.48920863309353
82.73381294964028
88.12949640287769
89.568345323741
90.64748201438849
90.64748201438849
88.12949640287769
89.568345323741
86.6906474820144
88.48920863309353
87.41007194244604
94.24460431654677
93.16546762589928
88.48920863309353
89.568345323741
90.28776978417267
88.84892086330936
89.20863309352518
90.64748201438849
89.568345323741
88.84892086330936
88.48920863309353
