<model>
linear
</model>
<W>
0.0
0.0
0.0
0.0
0.0
0.0
0.0
0.0
0.0
-0.4229678552603573
-0.6229257721718658
0.0
0.0
-0.47691039326166684
0.0
0.0
0.0
0.0
0.0
0.0
0.0
0.0
0.0
0.0
0.0
0.0
1.7762532858777915
0.0
0.0
0.0
0.0
0.0
0.4315483907500383
-0.08847805750677047
2.9055352381454975
0.5544988231548619
0.01600930357773154
-0.283754018038662
-0.7032696733688084
-0.9806145977778478
0.07869286369256907
0.0798152974907791
-0.3820947851450925
0.0048194408647974285
-0.02872167714881882
1.0854179195072429
-0.6593281810416087
3.95156928388452
0.2630634942551762
0.5025781075993471
0.13871318484219183
0.24125084531393065
0.04095076039388376
-0.11403090751720157
0.3395071045678036
0.38824864434732753
0.40134523380840326
0.48950418303158355
0.5180194165218479
0.22501165168012355
0.7803748784925277
-1.6773535453723327
0.7868197268417018
-0.30561880036771605
0.08624118680457729
0.12410435872008985
-0.2338793699098488
-0.29247814209628425
-0.47880839965157895
-0.970344530196698
-0.9617948017123538
-0.02373493831465038
-0.6677418063084933
0.026861248239234026
-0.06841625125486892
-0.19419534980775988
-0.38688413678311856
-0.7032461086645401
-0.24290440278137984
-0.44075764249790883
-0.29722505891354484
-0.21720513537516514
0.12794121688661117
0.277627599140026
-0.9507744297007429
-0.27886539325596
-0.18577206143020916
-0.10036122435201415
-0.147307143275017
-0.4323321946021854
-0.19429716960353177
-0.023512563133996245
0.03437061222532539
0.004308836866003755
-2.66612E-4
-0.05462300648052715
9.485144192040037E-4
1.3547289546648666
0.5331807676252448
-0.6973464287652819
-1.5866755750981831
-0.17126066235614967
-0.1805784987768655
-0.5791708010651092
-0.4769016458986639
3.246933037799717
-0.12986974923319394
-0.1899205719438733
3.0527439618912333
-1.7869806931399408
2.0297250221177974
-1.254649785124727
0.7714185491689407
-0.08818790982543041
-1.5710104488019065
3.4102339832919353
-0.126029578087008
-0.37369164243124076
1.3131453598216796
-0.8426490449500226
0.09480673146071873
0.253406059599103
0.11809016738482683
-0.20579318839571906
0.2505694132618932
-0.20579318839571906
-0.006992289694915782
0.0
0.0
0.0
0.0
0.0
0.0
0.0
0.0
0.0
0.0
0.0
0.0
0.0
0.0
0.0
0.0
0.0
0.0
0.0
0.0
0.0
0.0
0.0
0.0
0.0
0.0
0.0
0.0
0.0
0.0
0.0
0.0
0.0
0.0
0.0
0.0
0.0
0.0
0.0
0.0
0.0
0.0
0.0
0.0
0.0
0.0
0.0
0.0
0.0
0.0
0.0
0.0
0.0
0.0
0.0
0.0
0.0
0.0
0.0
0.0
0.0
0.0
0.0
0.0
0.0
0.0
0.0
0.0
0.0
0.0
0.0
0.0
0.0
0.0
0.0
0.0
0.0
0.0
0.0
0.0
0.0
0.0
0.0
0.0
0.0
0.0
0.0
0.0
0.0
0.0
0.0
0.0
0.0
0.0
0.0
0.0
0.0
0.0
0.0
0.0
0.0
0.0
0.0
0.0
0.0
0.0
0.0
0.0
0.0
0.0
0.0
0.0
0.0
0.0
0.0
0.0
0.0
0.0
0.0
0.0
0.0
0.0
0.0
0.0
0.0
0.0
0.0
</W>
<b>
-2.3839998780881126
</b>
<info>
Training (X) File : /home/vibhatha/data/libsvm/webspam/webspam_isesvm_train_x_bin.105 
Training (Y) File : /home/vibhatha/data/libsvm/webspam/webspam_isesvm_train_y.105.bin 
Testing (X) File : /home/vibhatha/data/libsvm/webspam/webspam_isesvm_test_x_bin.105 
Testing (Y) File : /home/vibhatha/data/libsvm/webspam/webspam_isesvm_test_y.105.bin 
I/O Time : 134
Kernel Matrix Calculation : 0.208 s
</info>
