89.92805755395683
91.72661870503596
88.48920863309353
88.12949640287769
87.76978417266187
88.48920863309353
87.41007194244604
90.64748201438849
90.28776978417267
84.89208633093526
89.568345323741
89.92805755395683
87.05035971223022
89.568345323741
89.92805755395683
87.05035971223022
89.20863309352518
87.76978417266187
88.12949640287769
84.53237410071942
90.64748201438849
93.16546762589928
92.08633093525181
86.6906474820144
89.568345323741
89.20863309352518
87.76978417266187
89.92805755395683
87.76978417266187
91.36690647482014
92.80575539568345
88.84892086330936
86.6906474820144
88.84892086330936
88.84892086330936
88.48920863309353
91.00719424460432
88.84892086330936
89.568345323741
90.64748201438849
