82.53275109170306
86.35371179039302
92.46724890829694
93.01310043668121
93.5589519650655
94.10480349344978
91.5938864628821
88.1004366812227
82.53275109170306
67.57641921397381
87.117903930131
88.53711790393012
87.22707423580786
85.48034934497817
88.42794759825327
69.97816593886463
65.93886462882097
79.25764192139738
88.97379912663756
91.37554585152839
85.26200873362446
82.31441048034934
85.58951965065502
62.66375545851528
80.34934497816593
88.75545851528385
87.33624454148472
86.79039301310044
88.97379912663756
88.31877729257643
88.75545851528385
90.17467248908298
90.06550218340611
81.33187772925764
68.23144104803494
92.03056768558952
90.17467248908298
91.26637554585153
90.93886462882097
84.71615720524017
