<model>
linear
</model>
<W>
-0.9714200008489126
-0.34430762491830125
0.0034679700213185293
0.4752643092992903
0.8369953464466002
1.044310773846917
4.175367011975961E-4
0.33891010738731886
0.8222617260090526
1.162426272415491
0.07089727894316744
0.0
0.0
-0.7685163859012467
0.32235534155685075
0.2061430887493434
-0.03535993975381313
0.2753778953488597
-0.48388983720927037
0.03091084663757667
-0.6404706572795849
-0.21610127686269687
0.016379078508903522
-0.36984427984470186
0.19790461910901236
1.2814899497474181
-0.017394121961430642
0.023970378237390344
0.03843692754751582
-0.12556027696770689
-1.0184340933176965
1.2826027436552607
0.0
0.0
-0.49639882154161086
-0.21610127686269687
0.03091084663757667
-0.17193966073568845
0.8535289125024077
0.48561899697518207
-0.11731673575863821
0.7354785920429846
-0.4305567472689782
-0.6732241059905589
0.0
0.0
1.192684164443233
-0.2406719168878677
0.1330034776423492
-0.47630679791234387
1.3088280708167201
0.3732561483681023
-0.697967559895282
-0.9335122003413021
0.1959899081271692
1.1675588089927251
-0.23956890389534724
0.0
1.6559304958449856
0.0
1.024626045963633
-0.6315817235502845
0.7883419773283382
-0.6095986458300304
0.0
-0.5717876539116595
-0.5838154982620174
0.261036112185677
0.0
-0.12556027696770689
0.4483396630440348
-0.14870548740342793
0.14870548740341727
-0.5287103484798137
0.5287103484798017
-0.4686185501674447
0.4686185501674407
-1.3347804491319823
0.7653948072954315
-0.050555605012203575
-0.14629937311407293
0.7662406199628222
0.7138884947710751
0.0
-1.3877787807814457E-17
-8.673617379884035E-18
0.0
-1.8346274010723447
0.0
0.0
0.0
0.0
-1.1455979192248236
0.0
-0.220338833692446
0.0
0.0
-1.5887050033525574
-6.938893903907228E-18
0.0
7.37257477290143E-17
0.0
-0.12556027696770694
0.0
0.0
1.2826027436552605
0.0
0.0
0.0
0.0
0.0
-0.38330089185269345
0.0
0.0
1.858597779309735
0.0
0.0
1.296041298089621
1.3877787807814457E-17
-0.19204560677698473
0.0
0.0
0.0
</W>
<b>
-2.3192807964421753
</b>
<info>
Training (X) File : /home/vibhatha/data/libsvm/a9a/a9a_isesvm_train_x_bin.39 
Training (Y) File : /home/vibhatha/data/libsvm/a9a/a9a_isesvm_train_y.39.bin 
Testing (X) File : /home/vibhatha/data/libsvm/a9a/a9a_isesvm_test_x_bin.39 
Testing (Y) File : /home/vibhatha/data/libsvm/a9a/a9a_isesvm_test_y.39.bin 
I/O Time : 100
Kernel Matrix Calculation : 0.073 s
</info>
