<model>
linear
</model>
<W>
0.0
0.0
0.0
0.0
0.0
0.0
0.0
0.0
0.0
-0.5828374991712402
0.2499572791486703
0.0
0.0
-1.1948815416043321
0.0
0.0
0.0
0.0
0.0
0.0
0.0
0.0
0.0
0.0
0.0
0.0
1.3851409140113646
0.0
0.0
0.0
0.0
0.0
0.20518217140514755
-0.14972331260805433
2.5248589760828
0.32078662111065015
-0.010062243837046205
-0.5862519557609995
-1.368759483187793
0.30503924402544635
1.144679415559454
1.1446825855594536
0.06968221730594781
0.044905142882255944
0.43283472410498375
0.016591787427092886
0.27222637857727217
3.833136981767738
0.2126253995335688
0.4096885211003024
-0.0644890841699645
-0.23119711830604767
-0.08582109153994558
-0.23416857938300756
0.5212907144701793
0.1278502462088717
0.2417258689475606
0.391805030782104
0.608717977905421
0.7176486923153461
-0.1080672284988487
-1.5154279661611916
-0.09627134802637409
-0.3749851407643548
0.07115063279601197
0.6197503696704761
-0.16849164095207603
-0.28867157973796675
-0.3800985811288784
-1.0467306841175774
-1.1723722878956746
-0.007572136015215045
-0.49051657022508544
0.2938844937417889
0.01459626810338529
-0.1556681418631245
0.15288592019434633
-0.324114230985934
-0.10625621162782345
-0.16283373942587487
-0.4256076905226176
-0.1980818171619046
0.25307567334184017
1.1169289946146574
-0.9761692792030893
-0.23846160893246462
-0.054930283438778225
-0.14723286124491958
-0.13413215809925141
-0.4174891999893484
-0.25874031619677723
0.10289185151012874
0.018023874860019166
0.10280328251012873
5.799669742843539E-4
1.049803748684726
7.900629999999999E-4
1.3972160698440317
-0.13428232530103384
0.23214583561499152
-1.5619652867966172
-0.5896945825123473
0.3112276523894293
-0.05670457984193095
-0.9505745559790981
3.3026512615169406
-0.20863360400067787
-0.4528366100646554
1.9888213799567958
-2.2026077632477703
1.578284164173913
-0.329115417921544
0.6604248491287923
-0.1793143081554466
-1.1490785282228557
4.021029587075297
0.6665599093515837
-0.4955055018150573
1.5419410330797232
-0.9942057474169266
0.1782212449230625
0.050128392603534744
-0.04737628921514245
0.028635847091486855
0.2067741213397739
0.02880364709148685
0.007191948
0.0
0.0
0.0
0.0
0.0
0.0
0.0
0.0
0.0
0.0
0.0
0.0
0.0
0.0
0.0
0.0
0.0
0.0
0.0
0.0
0.0
0.0
0.0
0.0
0.0
0.0
0.0
0.0
0.0
0.0
0.0
0.0
0.0
0.0
0.0
0.0
0.0
0.0
0.0
0.0
0.0
0.0
0.0
0.0
0.0
0.0
0.0
0.0
0.0
0.0
0.0
0.0
0.0
0.0
0.0
0.0
0.0
0.0
0.0
0.0
0.0
0.0
0.0
0.0
0.0
0.0
0.0
0.0
0.0
0.0
0.0
0.0
0.0
0.0
0.0
0.0
0.0
0.0
0.0
0.0
0.0
0.0
0.0
0.0
0.0
0.0
0.0
0.0
0.0
0.0
0.0
0.0
0.0
0.0
0.0
0.0
0.0
0.0
0.0
0.0
0.0
0.0
0.0
0.0
0.0
0.0
0.0
0.0
0.0
0.0
0.0
0.0
0.0
0.0
0.0
0.0
0.0
0.0
0.0
0.0
0.0
0.0
0.0
0.0
0.0
0.0
0.0
</W>
<b>
-2.404440399118871
</b>
<info>
Training (X) File : /home/vibhatha/data/libsvm/webspam/webspam_isesvm_train_x_bin.197 
Training (Y) File : /home/vibhatha/data/libsvm/webspam/webspam_isesvm_train_y.197.bin 
Testing (X) File : /home/vibhatha/data/libsvm/webspam/webspam_isesvm_test_x_bin.197 
Testing (Y) File : /home/vibhatha/data/libsvm/webspam/webspam_isesvm_test_y.197.bin 
I/O Time : 143
Kernel Matrix Calculation : 0.297 s
</info>
