93.5251798561151
91.36690647482014
89.568345323741
88.12949640287769
90.28776978417267
91.36690647482014
91.72661870503596
91.00719424460432
92.08633093525181
89.20863309352518
92.80575539568345
90.28776978417267
89.20863309352518
89.92805755395683
91.00719424460432
91.00719424460432
90.28776978417267
87.76978417266187
91.00719424460432
85.61151079136691
90.64748201438849
94.60431654676259
91.72661870503596
90.64748201438849
90.64748201438849
89.92805755395683
88.84892086330936
88.84892086330936
90.28776978417267
93.5251798561151
93.5251798561151
91.00719424460432
91.00719424460432
90.64748201438849
90.28776978417267
89.568345323741
91.00719424460432
91.72661870503596
89.20863309352518
93.16546762589928
