85.61151079136691
83.45323741007195
84.17266187050359
86.6906474820144
83.09352517985612
82.37410071942446
85.25179856115108
84.53237410071942
83.45323741007195
83.81294964028777
84.53237410071942
85.61151079136691
82.01438848920863
86.6906474820144
81.29496402877699
83.81294964028777
84.17266187050359
81.65467625899281
82.01438848920863
75.53956834532374
84.89208633093526
87.05035971223022
85.25179856115108
82.01438848920863
83.09352517985612
79.85611510791367
84.89208633093526
81.29496402877699
82.37410071942446
83.45323741007195
87.76978417266187
83.81294964028777
85.25179856115108
85.61151079136691
86.6906474820144
80.93525179856115
87.05035971223022
85.97122302158273
85.25179856115108
83.45323741007195
