88.12949640287769
89.568345323741
88.48920863309353
86.6906474820144
88.12949640287769
88.84892086330936
88.12949640287769
89.568345323741
90.28776978417267
87.76978417266187
88.48920863309353
88.12949640287769
87.41007194244604
88.12949640287769
89.20863309352518
88.12949640287769
88.84892086330936
88.84892086330936
91.36690647482014
84.53237410071942
89.568345323741
88.84892086330936
88.12949640287769
87.05035971223022
90.64748201438849
88.12949640287769
87.05035971223022
87.05035971223022
88.12949640287769
93.16546762589928
92.08633093525181
88.12949640287769
87.76978417266187
88.12949640287769
89.20863309352518
85.97122302158273
89.568345323741
88.12949640287769
86.6906474820144
89.92805755395683
