90.64748201438849
91.72661870503596
88.48920863309353
88.84892086330936
86.6906474820144
88.84892086330936
89.568345323741
89.92805755395683
89.92805755395683
88.84892086330936
92.08633093525181
89.20863309352518
88.48920863309353
91.36690647482014
89.92805755395683
88.84892086330936
89.20863309352518
88.84892086330936
91.36690647482014
86.6906474820144
88.84892086330936
91.00719424460432
91.00719424460432
88.12949640287769
90.28776978417267
88.84892086330936
89.20863309352518
87.41007194244604
87.41007194244604
91.72661870503596
92.80575539568345
88.12949640287769
90.64748201438849
88.84892086330936
91.00719424460432
89.568345323741
91.36690647482014
89.20863309352518
88.84892086330936
87.41007194244604
