93.88646288209607
95.08733624454149
90.72052401746726
90.50218340611353
89.8471615720524
88.42794759825327
81.00436681222706
85.58951965065502
78.60262008733623
57.314410480349345
85.80786026200873
97.48908296943232
97.27074235807859
95.19650655021834
96.72489082969432
62.66375545851528
58.624454148471614
77.29257641921397
94.10480349344978
96.2882096069869
92.13973799126637
99.56331877729258
82.96943231441048
57.314410480349345
74.89082969432314
95.41484716157204
96.61572052401746
94.43231441048034
96.61572052401746
95.52401746724891
95.85152838427948
95.52401746724891
97.16157205240175
83.9519650655022
62.117903930131
95.96069868995633
95.08733624454149
96.83406113537117
97.48908296943232
94.75982532751091
