88.84892086330936
89.92805755395683
88.12949640287769
92.44604316546763
85.97122302158273
86.33093525179856
89.20863309352518
86.6906474820144
90.64748201438849
89.568345323741
90.28776978417267
89.568345323741
89.20863309352518
89.92805755395683
87.41007194244604
87.76978417266187
85.61151079136691
84.53237410071942
87.76978417266187
83.09352517985612
88.84892086330936
90.64748201438849
89.20863309352518
87.76978417266187
86.6906474820144
85.97122302158273
88.48920863309353
88.48920863309353
86.6906474820144
90.64748201438849
90.28776978417267
85.97122302158273
88.12949640287769
85.97122302158273
89.92805755395683
87.76978417266187
90.28776978417267
88.84892086330936
85.61151079136691
86.33093525179856
