<model>
gaussian
</model>
<W>
0.0
0.0
0.0
0.0
0.0
0.0
0.0
0.0
0.0
0.015051464458234576
0.0010759353365420443
1.6581115147573655E-8
0.0
0.003766189306279033
0.0
0.0
0.0
0.0
0.0
0.0
0.0
0.0
0.0
0.0
0.0
0.0
0.001864020435795588
0.0
0.0
0.0
0.0
0.0
0.05131632050515511
3.354901579855074E-5
-0.007203572894753929
-1.4025382059190683E-5
4.420665511428723E-8
5.423244966524798E-4
8.79296306151689E-4
9.227311415027639E-4
-4.923541827588362E-4
-4.936080194071213E-4
3.397675728097349E-4
-9.541418510061739E-6
5.527776155156428E-4
-5.0275321219150904E-5
0.0012171141213757064
-0.018246354929639663
-0.011507285630069086
-3.5955502680651286E-5
8.362275789748352E-4
-6.346383090785057E-4
-1.0740728462066418E-4
2.034981397558422E-5
-3.996154778961314E-4
-1.9353979009806288E-4
9.417738688222155E-5
-7.599361586829723E-5
-6.235339598803513E-5
8.915704883694087E-5
-0.0010356869773489041
0.0029408092050466905
-0.001063895262885306
-2.5255013478275856E-6
4.863126586984734E-7
6.514246898635667E-4
1.4691888365014893E-4
5.945720033122548E-4
0.001213679348511909
0.0030046676624123636
6.112309980413899E-4
1.4315041851009624E-4
0.0019025703108151992
3.8172755650467405E-4
3.228872027871699E-5
3.274345938686363E-5
5.536187857692054E-4
6.826413585786506E-4
4.974340451283643E-4
4.763604557196377E-4
5.921303969570468E-4
2.1236154209525182E-4
2.1824706281914352E-4
2.4579493451215573E-4
0.0044232720095293
4.112092546846302E-4
5.8543424944002E-4
1.0147610043143018E-4
9.208367572843823E-5
2.0628353892049311E-4
5.3818682962836206E-5
8.975209963013597E-7
1.7866416639478189E-6
8.975209963013597E-7
-1.062458965250812E-8
-6.989492258324681E-5
-8.795463912747437E-9
-0.014390594431513248
-0.0010908101532911552
1.4630038951801705E-4
0.001883946056965513
-0.007766101264945258
-7.098795659914447E-4
6.899620422597952E-4
0.001427097798853194
-0.019765534041203847
1.1041451403848157E-4
-2.525000774658004E-4
-0.008996120859785184
0.002137381909942171
-0.006475749891910576
0.001188724738291902
4.906160016039385E-4
3.0753661625304574E-5
0.0034590398013091272
-0.016031139417776452
0.004656584092720739
8.634693111749803E-4
-0.0010864918594196693
0.0012142381416341275
1.8111761064942833E-4
-3.671201897881282E-5
2.7073564390578397E-5
1.4887633017601765E-5
-1.2931650785641402E-5
1.4871356371792821E-5
1.1286969425761129E-6
0.0
0.0
0.0
0.0
0.0
0.0
0.0
0.0
0.0
0.0
0.0
0.0
0.0
0.0
0.0
0.0
0.0
0.0
0.0
0.0
0.0
0.0
0.0
0.0
0.0
0.0
0.0
0.0
0.0
0.0
0.0
0.0
0.0
0.0
0.0
0.0
0.0
0.0
0.0
0.0
0.0
0.0
0.0
0.0
0.0
0.0
0.0
0.0
0.0
0.0
0.0
0.0
0.0
0.0
0.0
0.0
0.0
0.0
0.0
0.0
0.0
0.0
0.0
0.0
0.0
0.0
0.0
0.0
0.0
0.0
0.0
0.0
0.0
0.0
0.0
0.0
0.0
0.0
0.0
0.0
0.0
0.0
0.0
0.0
0.0
0.0
0.0
0.0
0.0
0.0
0.0
0.0
0.0
0.0
0.0
0.0
0.0
0.0
0.0
0.0
0.0
0.0
0.0
0.0
0.0
0.0
0.0
0.0
0.0
0.0
0.0
0.0
0.0
0.0
0.0
0.0
0.0
0.0
0.0
0.0
0.0
0.0
0.0
0.0
0.0
0.0
0.0
</W>
<b>
1.000176437721393
</b>
<info>
Training (X) File : /home/vibhatha/data/libsvm/webspam/webspam_isesvm_train_x_bin.56 
Training (Y) File : /home/vibhatha/data/libsvm/webspam/webspam_isesvm_train_y.56.bin 
Testing (X) File : /home/vibhatha/data/libsvm/webspam/webspam_isesvm_test_x_bin.56 
Testing (Y) File : /home/vibhatha/data/libsvm/webspam/webspam_isesvm_test_y.56.bin 
I/O Time : 134
Kernel Matrix Calculation : 0.0 s
</info>
