<model>
gaussian
</model>
<W>
0.0
0.0
0.0
0.0
0.0
0.0
0.0
0.0
0.0
0.010983766155766794
0.0031736536488840006
0.0
0.0
0.0031984198051167034
0.0
0.0
0.0
0.0
0.0
0.0
0.0
0.0
0.0
0.0
0.0
0.0
0.003474657911791912
0.0
0.0
0.0
0.0
0.0
0.05675488327457345
2.2746671261897333E-5
-0.006539113121662887
-8.738446343414807E-6
-2.7249831147102554E-7
9.054759277846713E-4
6.324119509000248E-4
4.4955518471212486E-4
-4.765252732602532E-4
-4.768140892891237E-4
1.1298874822429639E-5
2.972834518555345E-6
4.553086745506807E-4
3.788766047874148E-5
1.7996215726656661E-4
-0.011745364699381589
-0.010790269115746431
-6.669764767740505E-4
2.4149320846011957E-4
-6.619388622121081E-4
-9.798922827342071E-5
1.37528060896841E-4
-1.535109364033671E-4
2.4899034776204587E-6
-5.70002304237649E-5
-1.0587871896883261E-4
4.96194294896668E-6
-1.0956859884858616E-4
0.0023366131304651816
0.0015049168348801878
0.0023031454624073966
5.84661435456546E-5
7.133572350603856E-7
-3.720747787927525E-5
1.6449080542735306E-4
2.455178122192647E-4
0.001015396771825161
0.0020768251668310533
6.032632798246285E-4
-2.5922896277341678E-5
0.0011286178125478052
-2.1570145210092484E-5
1.0488875382907992E-5
4.241632786694538E-5
2.4087918163639976E-4
3.920911932894233E-4
2.5583422752051277E-4
1.6795974703198713E-4
3.185181873498477E-4
7.34178000845187E-5
3.1354228932078954E-4
-1.536965157469261E-4
0.0033789742656687993
1.8494367258425903E-4
2.358165457696515E-4
8.991898988375269E-5
2.7551614121712475E-5
1.3795190822307735E-4
2.620004928788333E-5
4.405834503007355E-6
-2.072052612156483E-6
3.81770444368712E-6
-4.3617063294476566E-9
-4.7591513083622417E-4
2.0104917073382467E-6
-0.01859576507565297
-9.315356930017504E-5
-0.002341576893115871
0.0015432677778235426
-0.0038145505933127044
-3.3729128960391375E-4
2.125992576065272E-4
0.00319963524681921
-0.01810939154757829
1.1306976226066467E-4
-7.586943328263818E-5
-0.0077270054339871885
0.0021744941726505873
-0.005113071102535782
-0.0010425928640057647
-0.0011764972738628199
3.811672764708618E-5
0.0014491736542524558
-0.01719389641094493
8.099305671654955E-4
4.002754080156823E-5
-0.0011625944673542277
0.0014478477691522995
-1.2498253617265753E-5
1.1103021486613684E-4
5.532184323886469E-5
1.5150435380473226E-5
-1.1795171946715755E-5
1.5088961363485254E-5
2.7080929498879414E-8
0.0
0.0
0.0
0.0
0.0
0.0
0.0
0.0
0.0
0.0
0.0
0.0
0.0
0.0
0.0
0.0
0.0
0.0
0.0
0.0
0.0
0.0
0.0
0.0
0.0
0.0
0.0
0.0
0.0
0.0
0.0
0.0
0.0
0.0
0.0
0.0
0.0
0.0
0.0
0.0
0.0
0.0
0.0
0.0
0.0
0.0
0.0
0.0
0.0
0.0
0.0
0.0
0.0
0.0
0.0
0.0
0.0
0.0
0.0
0.0
0.0
0.0
0.0
0.0
0.0
0.0
0.0
0.0
0.0
0.0
0.0
0.0
0.0
0.0
0.0
0.0
0.0
0.0
0.0
0.0
0.0
0.0
0.0
0.0
0.0
0.0
0.0
0.0
0.0
0.0
0.0
0.0
0.0
0.0
0.0
0.0
0.0
0.0
0.0
0.0
0.0
0.0
0.0
0.0
0.0
0.0
0.0
0.0
0.0
0.0
0.0
0.0
0.0
0.0
0.0
0.0
0.0
0.0
0.0
0.0
0.0
0.0
0.0
0.0
0.0
0.0
0.0
</W>
<b>
1.0001738934660835
</b>
<info>
Training (X) File : /home/vibhatha/data/libsvm/webspam/webspam_isesvm_train_x_bin.123 
Training (Y) File : /home/vibhatha/data/libsvm/webspam/webspam_isesvm_train_y.123.bin 
Testing (X) File : /home/vibhatha/data/libsvm/webspam/webspam_isesvm_test_x_bin.123 
Testing (Y) File : /home/vibhatha/data/libsvm/webspam/webspam_isesvm_test_y.123.bin 
I/O Time : 200
Kernel Matrix Calculation : 0.0 s
</info>
