91.00719424460432
89.92805755395683
88.84892086330936
89.20863309352518
88.48920863309353
87.76978417266187
89.92805755395683
91.36690647482014
92.08633093525181
89.20863309352518
91.72661870503596
90.64748201438849
87.41007194244604
90.28776978417267
89.92805755395683
87.05035971223022
88.84892086330936
91.00719424460432
90.28776978417267
82.37410071942446
90.28776978417267
89.568345323741
90.64748201438849
90.28776978417267
87.41007194244604
88.48920863309353
90.28776978417267
88.48920863309353
88.12949640287769
91.72661870503596
91.36690647482014
87.41007194244604
89.92805755395683
90.64748201438849
89.568345323741
88.12949640287769
89.568345323741
89.568345323741
90.64748201438849
91.36690647482014
