<model>
linear
</model>
<W>
0.0
0.0
0.0
0.0
0.0
0.0
0.0
0.0
0.0
-1.6200595959981374
0.060424414393555725
0.0
0.0
-4.6563559640085135
0.0
0.0
0.0
0.0
0.0
0.0
0.0
0.0
0.0
0.0
0.0
0.0
2.4706700634456396
0.0
0.0
0.0
0.0
0.0
-0.21437059878130604
-0.6324906406364728
4.642678499319855
3.2755524438699033
-0.44224804184719235
0.08215287114557877
1.2884514841848538
-0.8321789764640073
6.162836617808519
6.251344274507526
0.5638401991131325
1.27345238452935
1.6174355955759039
4.513100890315798
-3.2093078329411195
6.249804700771547
1.0053619756555192
1.6085621817361384
1.903180146917262
0.5722723043117393
-5.055288800431862
-3.63970934201522
5.11580328096889
-5.145296947343285
8.219245566831473
-0.0061573496276775
-2.279861673554384
-0.08374698139830339
-3.216549825235085
-7.92180525314249
-3.1053846848250863
0.25326373079001746
1.620679581743873
5.654308000516247
-4.703456030383016
-6.5713046743363845
8.099970811590302
-0.2218286704344969
-8.216458505387081
-3.453500003529105
-0.21143794372702732
3.9195801229468437
-2.8550939042912638
-0.42700089105696315
1.7607781852044073
-5.883372188514279
-0.7154731975446548
-2.068120880319697
-4.11474829515376
1.7007320946833118
3.8341670108904036
2.9037720344971767
-2.181136545601521
1.2467514716063057
-3.0127767987297753
-1.8966833188374965
-0.8993376935005261
-3.4001386065768417
-4.605224407178655
1.024965953540849
-1.191691300928938
1.024965953540849
0.005511904201215934
-0.13270951404537445
0.319455325
1.7732867382536117
-1.3237391190904924
0.7171742849416045
-0.838364197397321
-1.467760312444776
6.314571782118179
-8.203078838553303
-2.8153861011060863
5.538453485027493
-1.6259708176706127
-2.7144389902258537
6.674820013059751
-4.840242729858781
9.8666533198249
-3.9948062972864644
-2.9243612638195646
0.13220697298647047
-6.8403873513559885
12.11653967699153
-0.31689890758824113
-1.7846547576257414
5.259212077694578
-0.9014364509798547
1.6669792460101218
4.150928724080774
-4.795258197049404
-3.2657803588431076
0.35353891201628973
-3.263616658843107
-0.060552239253648305
0.0
0.0
0.0
0.0
0.0
0.0
0.0
0.0
0.0
0.0
0.0
0.0
0.0
0.0
0.0
0.0
0.0
0.0
0.0
0.0
0.0
0.0
0.0
0.0
0.0
0.0
0.0
0.0
0.0
0.0
0.0
0.0
0.0
0.0
0.0
0.0
0.0
0.0
0.0
0.0
0.0
0.0
0.0
0.0
0.0
0.0
0.0
0.0
0.0
0.0
0.0
0.0
0.0
0.0
0.0
0.0
0.0
0.0
0.0
0.0
0.0
0.0
0.0
0.0
0.0
0.0
0.0
0.0
0.0
0.0
0.0
0.0
0.0
0.0
0.0
0.0
0.0
0.0
0.0
0.0
0.0
0.0
0.0
0.0
0.0
0.0
0.0
0.0
0.0
0.0
0.0
0.0
0.0
0.0
0.0
0.0
0.0
0.0
0.0
0.0
0.0
0.0
0.0
0.0
0.0
0.0
0.0
0.0
0.0
0.0
0.0
0.0
0.0
0.0
0.0
0.0
0.0
0.0
0.0
0.0
0.0
0.0
0.0
0.0
0.0
0.0
0.0
</W>
<b>
-1.982222458489911
</b>
<info>
Training (X) File : /home/vibhatha/data/libsvm/webspam/webspam_isesvm_train_x_bin.259 
Training (Y) File : /home/vibhatha/data/libsvm/webspam/webspam_isesvm_train_y.259.bin 
Testing (X) File : /home/vibhatha/data/libsvm/webspam/webspam_isesvm_test_x_bin.259 
Testing (Y) File : /home/vibhatha/data/libsvm/webspam/webspam_isesvm_test_y.259.bin 
I/O Time : 134
Kernel Matrix Calculation : 0.241 s
</info>
