<model>
linear
</model>
<W>
0.0
0.0
0.0
0.0
0.0
0.0
0.0
0.0
0.0
-1.2188849328533624
1.4041863115424609
0.0
0.0
-1.2348809355246013
0.0
0.0
0.0
0.0
0.0
0.0
0.0
0.0
0.0
0.0
0.0
0.0
2.436542496899609
0.0
0.0
0.0
0.0
0.0
-0.3999042953093693
1.684570342671873
5.997372877245162
3.9129728124490835
-0.40053208915482896
1.0278638982858852
-0.12200707466082544
-5.122056615744962
2.558758671299989
2.573414268554181
5.030371194828347
0.7295241499971059
-3.2317354331188377
-0.28283517509970646
0.05691928591465877
9.922367007050955
0.8123457767344102
-0.89082963620638
6.54416234877533
-1.3405345949966276
-5.979656245101912
-2.5529640677781833
0.7039700697873413
-1.726708847264881
5.231093878611273
-3.6539586764684637
4.205765926476655
-1.5540931077264248
-5.121502492178081
-7.7595726704336005
-5.764226499155525
-3.8394781953805994
0.4358327921673517
4.367211204065051
0.18697491382436734
-3.690155605898187
7.593867487527816
-2.2439131106415706
-8.196722790744168
-0.46927377564089895
-1.0638879427052284
2.6663567120800455
-0.5784705982217737
-2.444322003199564
-7.717267828693672
-4.992704414091133
0.2509717832497683
-3.089349653936847
-4.0033138462876146
-1.163851032829417
4.718857092200103
4.137881797261087
-0.45207722215793805
-4.30143537505079
-3.0481556917166674
0.9173648999526183
-0.2494806057379588
-2.413643865792507
-2.655405515375554
-1.735893694427325
0.43764385737997763
-1.1242361344273253
-0.31722498495641516
3.0297303270889673
-0.0311750232
5.246453466456456
-1.7759866388898229
-2.962604686762919
0.3531995399724539
-0.5866687234316954
0.9360221699737117
-7.875116115954993
4.216630775228579
3.147669042772253
-0.9067483734620563
-2.007838102752838
5.91950239218604
-8.466023797358895
4.656352942049681
-3.6520502648691933
0.17344516213966
-3.672103328000042
-1.0972831314933522
8.129105222788507
-1.0145561219598607
-3.4713218604621305
3.909400285708283
-5.527430121570816
4.478460331063108
6.083917212682691
-2.120651480569469
-2.052013249128695
-0.027371183844623247
-2.6615265491286952
-0.06279725945735315
0.0
0.0
0.0
0.0
0.0
0.0
0.0
0.0
0.0
0.0
0.0
0.0
0.0
0.0
0.0
0.0
0.0
0.0
0.0
0.0
0.0
0.0
0.0
0.0
0.0
0.0
0.0
0.0
0.0
0.0
0.0
0.0
0.0
0.0
0.0
0.0
0.0
0.0
0.0
0.0
0.0
0.0
0.0
0.0
0.0
0.0
0.0
0.0
0.0
0.0
0.0
0.0
0.0
0.0
0.0
0.0
0.0
0.0
0.0
0.0
0.0
0.0
0.0
0.0
0.0
0.0
0.0
0.0
0.0
0.0
0.0
0.0
0.0
0.0
0.0
0.0
0.0
0.0
0.0
0.0
0.0
0.0
0.0
0.0
0.0
0.0
0.0
0.0
0.0
0.0
0.0
0.0
0.0
0.0
0.0
0.0
0.0
0.0
0.0
0.0
0.0
0.0
0.0
0.0
0.0
0.0
0.0
0.0
0.0
0.0
0.0
0.0
0.0
0.0
0.0
0.0
0.0
0.0
0.0
0.0
0.0
0.0
0.0
0.0
0.0
0.0
0.0
</W>
<b>
-2.0170768329373168
</b>
<info>
Training (X) File : /home/vibhatha/data/libsvm/webspam/webspam_isesvm_train_x_bin.367 
Training (Y) File : /home/vibhatha/data/libsvm/webspam/webspam_isesvm_train_y.367.bin 
Testing (X) File : /home/vibhatha/data/libsvm/webspam/webspam_isesvm_test_x_bin.367 
Testing (Y) File : /home/vibhatha/data/libsvm/webspam/webspam_isesvm_test_y.367.bin 
I/O Time : 147
Kernel Matrix Calculation : 0.288 s
</info>
