91.37554585152839
90.61135371179039
89.51965065502183
89.41048034934498
90.06550218340611
90.93886462882097
87.99126637554585
91.48471615720524
75.87336244541486
61.35371179039302
83.07860262008734
94.43231441048034
94.10480349344978
90.17467248908298
92.68558951965066
63.1004366812227
61.35371179039302
79.6943231441048
91.5938864628821
93.88646288209607
90.61135371179039
94.54148471615721
79.36681222707423
61.02620087336245
73.7991266375546
92.46724890829694
93.77729257641921
91.5938864628821
93.01310043668121
92.57641921397381
91.92139737991266
92.68558951965066
94.86899563318777
81.00436681222706
65.39301310043668
93.23144104803494
92.90393013100436
94.43231441048034
94.97816593886463
92.13973799126637
