91.72661870503596
89.568345323741
91.00719424460432
89.568345323741
88.84892086330936
85.97122302158273
90.28776978417267
88.84892086330936
90.64748201438849
90.64748201438849
91.00719424460432
91.00719424460432
90.64748201438849
89.568345323741
89.20863309352518
87.05035971223022
92.80575539568345
89.92805755395683
87.41007194244604
84.89208633093526
91.00719424460432
91.72661870503596
91.00719424460432
89.92805755395683
88.48920863309353
88.84892086330936
89.92805755395683
90.28776978417267
89.92805755395683
92.44604316546763
89.92805755395683
88.12949640287769
89.20863309352518
89.20863309352518
89.568345323741
89.568345323741
93.5251798561151
90.28776978417267
87.41007194244604
90.64748201438849
