<model>
linear
</model>
<W>
0.0
0.0
0.0
0.0
0.0
0.0
0.0
0.0
0.0
-3.214375040855037
-0.06623144662794456
0.0
0.0
1.9008172535223276
0.0
0.0
0.0
0.0
0.0
0.0
0.0
0.0
0.0
0.0
0.0
0.0
1.460657507070585
0.0
0.0
0.0
0.0
0.0
-1.0495069806614552
-2.3322592020275033
2.8039788872350115
7.248395870904419
-0.3726819559585696
2.7294805295302647
-4.117026158970349
-4.16423028936301
3.281593021755161
3.549239294766063
-0.16569097661827273
1.6648086689940338
3.189195525175819
8.560434089691684
6.187313867074581
10.94089340619193
1.344605405358645
1.0386748451914505
-1.2297861584798544
1.690297007076827
-3.9107390737446295
-5.34043619758045
2.3202238931108288
-4.945019189488674
1.633745439013326
-2.0675172836784914
-2.624586205387641
-7.101798748549978
-2.4584224044739944
-3.58402981507661
-2.5160594438398967
-4.890973643533506
1.9262407409274354
-0.3471140746275234
8.570845024674945
-3.2999791797424813
2.8913652757557102
-3.4104970725766286
-12.446940068544029
4.1619369255311724
-3.5730831574441817
0.6484466610209176
1.9966243706400717
-2.28860792336327
-2.0048397943592926
-0.49630695753148313
-3.2371189235931235
1.6569951087702663
-2.1468778068276975
1.894347845753036
1.0061222165453096
1.2382460602587735
-3.3810707835621323
-2.2797789294735233
1.7238721711492007
1.796190836965737
0.08543856509417672
-2.648897122592319
-1.612016256535899
0.6507619751909324
0.537492983191895
0.6507619751909324
-0.0027184407115856844
5.663281591792934
-0.0026244235999999983
5.116813657178925
-3.6698578834470394
-2.304174851426882
-7.683294681947778
-2.600576177461228
5.949977440471271
-6.362450707622127
1.3461587464479208
8.951051767725556
-3.5952524619264676
-3.4262192998996364
4.837748927729031
-11.131335809493704
4.950789843522427
-2.485230250533423
-1.7365271976346044
-1.3008583882049363
-6.381357002169244
10.53736543593293
-7.597280911505479
2.339470189468881
12.980104079597881
-1.9785382961709326
-1.844938190505332
1.2172549677002307
0.951467180606134
0.0249263146322176
2.7363678839815515
0.005214984632217824
-0.47271791759386417
0.0
0.0
0.0
0.0
0.0
0.0
0.0
0.0
0.0
0.0
0.0
0.0
0.0
0.0
0.0
0.0
0.0
0.0
0.0
0.0
0.0
0.0
0.0
0.0
0.0
0.0
0.0
0.0
0.0
0.0
0.0
0.0
0.0
0.0
0.0
0.0
0.0
0.0
0.0
0.0
0.0
0.0
0.0
0.0
0.0
0.0
0.0
0.0
0.0
0.0
0.0
0.0
0.0
0.0
0.0
0.0
0.0
0.0
0.0
0.0
0.0
0.0
0.0
0.0
0.0
0.0
0.0
0.0
0.0
0.0
0.0
0.0
0.0
0.0
0.0
0.0
0.0
0.0
0.0
0.0
0.0
0.0
0.0
0.0
0.0
0.0
0.0
0.0
0.0
0.0
0.0
0.0
0.0
0.0
0.0
0.0
0.0
0.0
0.0
0.0
0.0
0.0
0.0
0.0
0.0
0.0
0.0
0.0
0.0
0.0
0.0
0.0
0.0
0.0
0.0
0.0
0.0
0.0
0.0
0.0
0.0
0.0
0.0
0.0
0.0
0.0
0.0
</W>
<b>
-0.32633241384431716
</b>
<info>
Training (X) File : /home/vibhatha/data/libsvm/webspam/webspam_isesvm_train_x_bin.153 
Training (Y) File : /home/vibhatha/data/libsvm/webspam/webspam_isesvm_train_y.153.bin 
Testing (X) File : /home/vibhatha/data/libsvm/webspam/webspam_isesvm_test_x_bin.153 
Testing (Y) File : /home/vibhatha/data/libsvm/webspam/webspam_isesvm_test_y.153.bin 
I/O Time : 143
Kernel Matrix Calculation : 0.274 s
</info>
