90.64748201438849
89.92805755395683
88.84892086330936
88.12949640287769
86.6906474820144
87.76978417266187
89.20863309352518
86.33093525179856
88.48920863309353
87.05035971223022
89.92805755395683
89.20863309352518
86.6906474820144
88.12949640287769
87.76978417266187
88.12949640287769
88.12949640287769
88.84892086330936
88.48920863309353
84.53237410071942
87.76978417266187
90.64748201438849
88.12949640287769
87.76978417266187
87.41007194244604
87.76978417266187
86.6906474820144
88.84892086330936
86.6906474820144
91.72661870503596
91.72661870503596
85.25179856115108
89.20863309352518
85.97122302158273
89.20863309352518
86.33093525179856
92.08633093525181
87.41007194244604
86.6906474820144
88.48920863309353
