<model>
linear
</model>
<W>
0.0
0.0
0.0
0.0
0.0
0.0
0.0
0.0
0.0
-0.9416553278043953
1.2026033823356452
0.0
0.0
-1.2050339322354344
0.0
0.0
0.0
0.0
0.0
0.0
0.0
0.0
0.0
0.0
0.0
0.0
0.21970416476884375
0.0
0.0
0.0
0.0
0.0
0.5999597870743616
0.17468905093337386
2.693829619771971
0.09911534487129818
0.001235900422400102
-0.24975842976803264
-0.8662054519633199
-0.6316402234216081
0.7153430709895944
0.7125542309895947
-0.002256117012132174
0.08564130441406621
0.41120715173208666
1.4727916746141747
0.00343971602666511
4.320451845602179
0.5693602537537296
0.8541106864339706
0.2977602969840833
0.11976292023861451
0.0955713448371699
-0.16564027448647425
0.5196363401574142
0.202044855816122
0.3912163004115479
0.34643723224796596
0.6108682906953044
0.09403031989911759
-0.28755564189794014
-1.8131491740291932
-0.26118761314411815
-0.24438297572524048
0.11977924403406127
0.5277907279404987
-0.24175659855795711
-0.38300811373603333
-0.5662525461316418
-0.33810239604628545
-0.7433557078652611
-0.04176887104863342
-0.5449203179709197
0.30821843352625783
-0.02945867874294319
-0.31209907172360946
-0.14818716165294377
-0.4991868631272217
-0.13205839850962608
-0.011921267469039074
-0.26578665872864626
-0.3554754659940341
0.25629726647038337
0.8351890820139396
-0.6477160970683011
-0.21661441716404703
-0.3186383290904069
-0.34521181999336237
-0.2495775300054509
-0.49750699216569594
-0.1988169006116284
0.04572648478736353
0.05557017398607563
0.04572648478736353
0.0011534304149094286
0.6596109735719716
4.012189E-4
2.2258773302302184
0.22051161953282716
0.1946667124755493
-0.9965398621394314
1.1527153430447874
0.1890559329766281
-0.9878965600836827
-0.20494226081081238
3.4779957295305857
-0.3779166276213817
-0.4476242863275817
1.5944676311503243
-1.612661523525218
2.299417189084238
-1.0542278102915574
1.298328056521946
-0.17268498405821708
-1.091391455374158
4.3951265537817354
0.2010803228958739
0.12238087006868123
1.0576655554479086
-1.1291777956558298
0.2814776449227153
0.5882212012960653
-0.2535688241042769
0.015318263783430444
0.27708860584118605
0.015318263783430444
-0.004054895
0.0
0.0
0.0
0.0
0.0
0.0
0.0
0.0
0.0
0.0
0.0
0.0
0.0
0.0
0.0
0.0
0.0
0.0
0.0
0.0
0.0
0.0
0.0
0.0
0.0
0.0
0.0
0.0
0.0
0.0
0.0
0.0
0.0
0.0
0.0
0.0
0.0
0.0
0.0
0.0
0.0
0.0
0.0
0.0
0.0
0.0
0.0
0.0
0.0
0.0
0.0
0.0
0.0
0.0
0.0
0.0
0.0
0.0
0.0
0.0
0.0
0.0
0.0
0.0
0.0
0.0
0.0
0.0
0.0
0.0
0.0
0.0
0.0
0.0
0.0
0.0
0.0
0.0
0.0
0.0
0.0
0.0
0.0
0.0
0.0
0.0
0.0
0.0
0.0
0.0
0.0
0.0
0.0
0.0
0.0
0.0
0.0
0.0
0.0
0.0
0.0
0.0
0.0
0.0
0.0
0.0
0.0
0.0
0.0
0.0
0.0
0.0
0.0
0.0
0.0
0.0
0.0
0.0
0.0
0.0
0.0
0.0
0.0
0.0
0.0
0.0
0.0
</W>
<b>
-3.7082489640866503
</b>
<info>
Training (X) File : /home/vibhatha/data/libsvm/webspam/webspam_isesvm_train_x_bin.188 
Training (Y) File : /home/vibhatha/data/libsvm/webspam/webspam_isesvm_train_y.188.bin 
Testing (X) File : /home/vibhatha/data/libsvm/webspam/webspam_isesvm_test_x_bin.188 
Testing (Y) File : /home/vibhatha/data/libsvm/webspam/webspam_isesvm_test_y.188.bin 
I/O Time : 116
Kernel Matrix Calculation : 0.228 s
</info>
