<model>
gaussian
</model>
<W>
0.0
0.0
0.0
0.0
0.0
0.0
0.0
0.0
0.0
0.7965148760183158
0.10412603371332396
0.0
0.0
0.21363298142778708
0.0
0.0
0.0
0.0
0.0
0.0
0.0
0.0
0.0
0.0
0.0
0.0
0.3613446422431803
0.0
0.0
0.0
0.0
0.0
2.4061049291425385
9.355503781409702E-4
-0.633121500642154
-9.108720770528711E-4
-3.6892185803161226E-5
0.0840872137990396
0.06566337695306812
0.051924794473364067
-0.04882604982795713
-0.04888492881069628
1.6523418799518907E-4
-9.936824257589238E-4
0.03727665551463066
-0.03368819638825871
0.00838860450221568
-1.000869304016908
-0.1399785901362013
-0.05521048912182014
0.019801680494081042
0.00887844877431676
0.017606482744685348
0.02235905007954564
0.022650901274470447
0.02942803614577505
-0.0031208696137371428
-0.019913070119639054
-0.014095843679143183
-0.013366798490974108
0.2057820298515135
0.24485534225542738
0.2032669132003112
0.008028540137937412
1.657609526972692E-5
-0.024569580051013173
0.015597684201015927
0.028063772445147572
0.002325091717202854
0.20131930665811737
0.05400199121433569
5.011482055179428E-4
0.09739414758456422
-5.065165955013828E-4
8.39669052446812E-4
0.004347327022066416
0.024977520268487097
0.04804128636213889
0.027273935679420713
0.012545736748894143
0.031332619713925425
0.00755458883482385
0.014145119396421935
-0.015498620804104357
0.263603559837034
0.01844751577063053
0.023919085996497502
0.0052712772473897385
0.0027845148319070034
0.012222682446825006
0.002545122182501247
3.446643045894593E-4
-2.86820626818729E-4
2.8585296336847144E-4
-4.83064061640448E-7
-0.06684634946240953
2.0099095072367845E-4
-1.3972905442609607
-0.01788005294963868
-0.19040336035247052
0.17949559014146155
-0.22254934418621386
0.023584257827226063
0.008237578683345959
0.2851218949068717
-1.618296273858776
0.011445960005379785
0.0024198163611011125
-0.6275372149237138
0.23175949893238812
-0.445644177088376
-0.1035065694019559
-0.15212013942338842
0.003758210896463332
0.23285434156527174
-1.3383912929769053
0.06155139021302114
-0.015741204708664358
-0.11654192473630431
0.13477940441616232
-0.006845992588832006
0.0036687198479847805
0.006814783239177391
0.001410553750583965
-0.0012447284878649434
0.0014044064658333966
2.708091725978079E-6
0.0
0.0
0.0
0.0
0.0
0.0
0.0
0.0
0.0
0.0
0.0
0.0
0.0
0.0
0.0
0.0
0.0
0.0
0.0
0.0
0.0
0.0
0.0
0.0
0.0
0.0
0.0
0.0
0.0
0.0
0.0
0.0
0.0
0.0
0.0
0.0
0.0
0.0
0.0
0.0
0.0
0.0
0.0
0.0
0.0
0.0
0.0
0.0
0.0
0.0
0.0
0.0
0.0
0.0
0.0
0.0
0.0
0.0
0.0
0.0
0.0
0.0
0.0
0.0
0.0
0.0
0.0
0.0
0.0
0.0
0.0
0.0
0.0
0.0
0.0
0.0
0.0
0.0
0.0
0.0
0.0
0.0
0.0
0.0
0.0
0.0
0.0
0.0
0.0
0.0
0.0
0.0
0.0
0.0
0.0
0.0
0.0
0.0
0.0
0.0
0.0
0.0
0.0
0.0
0.0
0.0
0.0
0.0
0.0
0.0
0.0
0.0
0.0
0.0
0.0
0.0
0.0
0.0
0.0
0.0
0.0
0.0
0.0
0.0
0.0
0.0
0.0
</W>
<b>
2.334818564576892
</b>
<info>
Training (X) File : /home/vibhatha/data/libsvm/webspam/webspam_isesvm_train_x_bin.123 
Training (Y) File : /home/vibhatha/data/libsvm/webspam/webspam_isesvm_train_y.123.bin 
Testing (X) File : /home/vibhatha/data/libsvm/webspam/webspam_isesvm_test_x_bin.123 
Testing (Y) File : /home/vibhatha/data/libsvm/webspam/webspam_isesvm_test_y.123.bin 
I/O Time : 131
Kernel Matrix Calculation : 0.0 s
</info>
