<model>
gaussian
</model>
<W>
-1.1102230246251565E-16
-1.1102230246251565E-16
-1.1102230246251565E-16
-1.1102230246251565E-16
-1.1102230246251565E-16
-1.1102230246251565E-16
-1.1102230246251565E-16
-1.1102230246251565E-16
-1.1102230246251565E-16
0.8687190313183933
0.10885663796389189
-1.1102230246251565E-16
-1.1102230246251565E-16
0.30176261069621757
-1.1102230246251565E-16
-1.1102230246251565E-16
-1.1102230246251565E-16
-1.1102230246251565E-16
-1.1102230246251565E-16
-1.1102230246251565E-16
-1.1102230246251565E-16
-1.1102230246251565E-16
-1.1102230246251565E-16
-1.1102230246251565E-16
-1.1102230246251565E-16
-1.1102230246251565E-16
-0.1986073297047114
-1.1102230246251565E-16
-1.1102230246251565E-16
-1.1102230246251565E-16
-1.1102230246251565E-16
-1.1102230246251565E-16
2.8438670471544345
0.0034783912577152076
-1.1124484330776316
-0.003322873689461159
1.767865579810346E-4
0.14308348077201571
0.09746980789472415
0.01260920808995658
-0.045070361718068996
-0.04506019687181273
0.0015759922220484057
-0.0012686585610953705
0.0729753320038734
0.019442024423159787
0.19805839164569827
-1.0866248546172965
-0.8267644002854299
0.019480413503345617
0.15032394535092564
-0.015009442472553869
0.013990772729519096
-0.004372410002294269
-0.03299024099645975
0.012420785814810875
-0.003711286146245607
2.019516862491466E-4
-0.02750604978197746
-0.017320487808322294
0.2372300278432422
0.24171114107152036
0.23003192417484364
0.002742324648091987
-3.731137845314203E-4
0.03901310260893809
0.03624566394656725
0.03104343626634276
0.25013888231631
0.4972697236333712
0.12358347428701011
0.01473698228876652
0.278172165376255
0.023822124097448882
0.006280596210500922
0.006495410421997305
0.07713867723440915
0.09263174375911876
0.09659961270708872
0.06330316114885892
0.05704973349026243
0.01272139206731504
0.054243280561730334
0.040379823396841874
0.5336157206124644
0.0340830458281014
0.023787325329669984
0.009550522689425023
0.005308237356159373
0.03481398384297307
0.009433777369591834
-9.590550217987159E-4
0.0016968685887520651
-0.0010556749232720763
6.146193641809461E-7
0.016168562951035637
2.017812422793197E-4
-1.2780449215407317
-0.12050925691268455
-0.02059428152795406
0.12118857171428254
-0.5160827505779924
0.02801990684079847
0.03638814498193199
0.3506706137012855
-2.2697924847987876
0.020983730455763294
-0.0050620808368599945
-0.7396106371880057
0.3921454267020944
-0.9433015785812647
0.04664803486380287
0.04790980766320618
0.015126245216256051
0.4771339289463369
-1.4831583847491019
-0.22425952962074058
0.05695249698036997
-0.14500357303460665
0.21334014129487922
0.020938000605367435
0.018368194900775126
0.0028052843464327903
-0.0012134058960725502
-0.001391833686884003
-0.0012129057981503655
5.018654529109767E-5
-1.1102230246251565E-16
-1.1102230246251565E-16
-1.1102230246251565E-16
-1.1102230246251565E-16
-1.1102230246251565E-16
-1.1102230246251565E-16
-1.1102230246251565E-16
-1.1102230246251565E-16
-1.1102230246251565E-16
-1.1102230246251565E-16
-1.1102230246251565E-16
-1.1102230246251565E-16
-1.1102230246251565E-16
-1.1102230246251565E-16
-1.1102230246251565E-16
-1.1102230246251565E-16
-1.1102230246251565E-16
-1.1102230246251565E-16
-1.1102230246251565E-16
-1.1102230246251565E-16
-1.1102230246251565E-16
-1.1102230246251565E-16
-1.1102230246251565E-16
-1.1102230246251565E-16
-1.1102230246251565E-16
-1.1102230246251565E-16
-1.1102230246251565E-16
-1.1102230246251565E-16
-1.1102230246251565E-16
-1.1102230246251565E-16
-1.1102230246251565E-16
-1.1102230246251565E-16
-1.1102230246251565E-16
-1.1102230246251565E-16
-1.1102230246251565E-16
-1.1102230246251565E-16
-1.1102230246251565E-16
-1.1102230246251565E-16
-1.1102230246251565E-16
-1.1102230246251565E-16
-1.1102230246251565E-16
-1.1102230246251565E-16
-1.1102230246251565E-16
-1.1102230246251565E-16
-1.1102230246251565E-16
-1.1102230246251565E-16
-1.1102230246251565E-16
-1.1102230246251565E-16
-1.1102230246251565E-16
-1.1102230246251565E-16
-1.1102230246251565E-16
-1.1102230246251565E-16
-1.1102230246251565E-16
-1.1102230246251565E-16
-1.1102230246251565E-16
-1.1102230246251565E-16
-1.1102230246251565E-16
-1.1102230246251565E-16
-1.1102230246251565E-16
-1.1102230246251565E-16
-1.1102230246251565E-16
-1.1102230246251565E-16
-1.1102230246251565E-16
-1.1102230246251565E-16
-1.1102230246251565E-16
-1.1102230246251565E-16
-1.1102230246251565E-16
-1.1102230246251565E-16
-1.1102230246251565E-16
-1.1102230246251565E-16
-1.1102230246251565E-16
-1.1102230246251565E-16
-1.1102230246251565E-16
-1.1102230246251565E-16
-1.1102230246251565E-16
-1.1102230246251565E-16
-1.1102230246251565E-16
-1.1102230246251565E-16
-1.1102230246251565E-16
-1.1102230246251565E-16
-1.1102230246251565E-16
-1.1102230246251565E-16
-1.1102230246251565E-16
-1.1102230246251565E-16
-1.1102230246251565E-16
-1.1102230246251565E-16
-1.1102230246251565E-16
-1.1102230246251565E-16
-1.1102230246251565E-16
-1.1102230246251565E-16
-1.1102230246251565E-16
-1.1102230246251565E-16
-1.1102230246251565E-16
-1.1102230246251565E-16
-1.1102230246251565E-16
-1.1102230246251565E-16
-1.1102230246251565E-16
-1.1102230246251565E-16
-1.1102230246251565E-16
-1.1102230246251565E-16
-1.1102230246251565E-16
-1.1102230246251565E-16
-1.1102230246251565E-16
-1.1102230246251565E-16
-1.1102230246251565E-16
-1.1102230246251565E-16
-1.1102230246251565E-16
-1.1102230246251565E-16
-1.1102230246251565E-16
-1.1102230246251565E-16
-1.1102230246251565E-16
-1.1102230246251565E-16
-1.1102230246251565E-16
-1.1102230246251565E-16
-1.1102230246251565E-16
-1.1102230246251565E-16
-1.1102230246251565E-16
-1.1102230246251565E-16
-1.1102230246251565E-16
-1.1102230246251565E-16
-1.1102230246251565E-16
-1.1102230246251565E-16
-1.1102230246251565E-16
-1.1102230246251565E-16
-1.1102230246251565E-16
-1.1102230246251565E-16
-1.1102230246251565E-16
</W>
<b>
2.166048263085173
</b>
<info>
Training (X) File : /home/vibhatha/data/libsvm/webspam/webspam_isesvm_train_x_bin.101 
Training (Y) File : /home/vibhatha/data/libsvm/webspam/webspam_isesvm_train_y.101.bin 
Testing (X) File : /home/vibhatha/data/libsvm/webspam/webspam_isesvm_test_x_bin.101 
Testing (Y) File : /home/vibhatha/data/libsvm/webspam/webspam_isesvm_test_y.101.bin 
I/O Time : 140
Kernel Matrix Calculation : 0.0 s
</info>
