<model>
gaussian
</model>
<W>
0.0
0.0
0.0
0.0
0.0
0.0
0.0
0.0
0.0
0.5494088083705075
0.07714685440501567
0.0
-1.8803960344371262E-7
0.051164422905777496
0.0
0.0
0.0
0.0
0.0
0.0
0.0
0.0
0.0
0.0
0.0
0.0
0.10776767462228687
0.0
0.0
0.0
0.0
0.0
3.5492031001168907
0.01068252014357729
-0.49963645468640183
0.029275714248355178
-2.983159953875436E-4
0.005889145603123702
0.06717664226055642
0.040617370506508266
-0.04383854451178493
-0.04393997018002105
0.0012884986616272798
-0.001163823036281486
-0.01543337992784144
0.08104024512143215
0.10748973820717345
-1.0408641528431142
-0.5003977388247737
-0.026837081666251206
0.02173386347358519
-0.017362024606985327
0.02192259105764216
-0.0380452180792582
-0.022851758850898962
0.008760823267885076
0.021911330265201978
-0.010377486844196038
-0.009909280594970982
-8.198232809253359E-4
0.1013370319154121
0.25699899704791884
0.09910697107246769
0.007859341892884952
0.0022290216944989005
0.010659080848869906
0.032711799096785454
0.04230550677818912
0.11178376389505518
0.2583327602971952
0.09267070981831627
0.022752077414938787
0.134560168212142
0.014325131509316358
7.83693277312647E-4
0.0012788477319269909
0.07438993186207443
0.03843588399974884
0.04732028718606496
0.06015264091692607
0.03355991012779769
0.012721790915711129
0.059025210761381675
-0.009851567173774556
0.315254243266477
0.017167179442095892
0.023196709106122593
4.3503667176647554E-4
0.003924251273227597
0.02441357149872503
0.0032526156494419034
6.570916945602967E-5
-6.388704144844048E-5
9.060016212147914E-6
0.0015106280663621519
-0.013040161928803862
6.091617450465492E-7
-1.22223402707741
-0.10121021738832492
-0.028270499232689206
-0.040163605003686986
-0.705446767775673
-1.8459962128025698E-4
0.10801127438106228
0.09500557872698401
-1.5350895228861505
0.021705459707994423
-0.006609809025413749
-0.5066892418084163
0.15761391766958643
-0.7866539190075246
-0.05348040608769877
-0.05344030067402794
0.001986921650285911
0.1858501390856162
-1.417079186572571
0.09067259065547484
0.04737438797098348
-0.11142998187309605
0.0933623401041308
-0.002652216075502034
0.003915643977649985
2.2499654796703794E-4
-9.686945184439466E-6
-0.0015066669096619467
-1.0596700037224238E-5
1.5921753444558817E-6
0.0
0.0
0.0
0.0
0.0
0.0
0.0
0.0
0.0
0.0
0.0
0.0
0.0
0.0
0.0
0.0
0.0
0.0
0.0
0.0
0.0
0.0
0.0
0.0
0.0
0.0
0.0
0.0
0.0
0.0
0.0
0.0
0.0
0.0
0.0
0.0
0.0
0.0
0.0
0.0
0.0
0.0
0.0
0.0
0.0
0.0
0.0
0.0
0.0
0.0
0.0
0.0
0.0
0.0
0.0
0.0
0.0
0.0
0.0
0.0
0.0
0.0
0.0
0.0
0.0
0.0
0.0
0.0
0.0
0.0
0.0
0.0
0.0
0.0
0.0
0.0
0.0
0.0
0.0
0.0
0.0
0.0
0.0
0.0
0.0
0.0
0.0
0.0
0.0
0.0
0.0
0.0
0.0
0.0
0.0
0.0
0.0
0.0
0.0
0.0
0.0
0.0
0.0
0.0
0.0
0.0
0.0
0.0
0.0
0.0
0.0
0.0
0.0
0.0
0.0
0.0
0.0
0.0
0.0
0.0
0.0
0.0
0.0
0.0
0.0
0.0
0.0
</W>
<b>
2.3994852621824236
</b>
<info>
Training (X) File : /home/vibhatha/data/libsvm/webspam/webspam_isesvm_train_x_bin.162 
Training (Y) File : /home/vibhatha/data/libsvm/webspam/webspam_isesvm_train_y.162.bin 
Testing (X) File : /home/vibhatha/data/libsvm/webspam/webspam_isesvm_test_x_bin.162 
Testing (Y) File : /home/vibhatha/data/libsvm/webspam/webspam_isesvm_test_y.162.bin 
I/O Time : 126
Kernel Matrix Calculation : 0.0 s
</info>
