<model>
linear
</model>
<W>
0.0
0.0
0.0
0.0
0.0
0.0
0.0
0.0
0.0
-0.4521815224457517
1.414823411074619
0.0
0.0
-4.6785742959057535
0.0
0.0
0.0
0.0
0.0
0.0
0.0
0.0
0.0
0.0
0.0
0.0
2.160352596679554
0.0
0.0
0.0
0.0
0.0
-0.18088242827267625
1.1930790874204389
4.161890897910018
4.720767208921568
0.2641606974403092
5.30974187922929
-0.24290818407786527
-0.35436805308542746
3.723498055412199
3.719093883667574
3.946789896539205
5.652594402426397
0.9659440770346416
3.747600400343411
0.8233377912326163
6.456829812479873
-0.7027566111789609
2.4596269041422048
2.363115613810267
1.2427346125528786
2.58023938367274
-8.690606972526597
5.493731939929141
-2.827729795974067
3.0366462878270517
1.0753435116973453
-2.9872325344997264
6.3662300152531905
-3.5485903801395016
-6.894679408644589
-3.622951186537763
-7.430408322863061
-0.12360517509853203
1.6143527051960547
5.875914718571444
-3.975691521883756
3.0414895595525984
-4.0164547135155315
-11.368556087941975
-4.0553429637553915
-4.128974951294112
4.383657863977099
-0.8928481419205858
-4.160614764318335
0.19421477458833167
-3.6984207912358773
0.6059321009287137
1.1836809122545282
0.24013202900793004
-0.06729693250981994
4.020778070314011
5.4852452079827945
1.3374109885088687
-2.308719959947062
-0.03447531871431079
-1.4010782594418265
-0.4703712978545413
-4.193257277472486
-3.2305340449165616
2.182200622965145
3.6841026614412047
2.0264602518194454
0.13251430179391008
4.211379580872204
1.0773475861425298E-18
2.7366410642659518
1.0198037257758499
-0.24056639295167215
0.45056782789771577
-0.6451411754533434
1.8081636120616418
-13.121083330819873
2.64258391381139
7.610069315825398
-0.6762461169594136
-1.1735273229835703
3.8439509935111986
-11.144828355299856
4.049073064110202
-2.6874007622890743
3.476708460095517
-2.846015057034852
-10.686601925805345
10.0203801391733
1.8939985776600416
-3.272769466040259
1.1633987521994749
-3.1840057940713984
-0.778187991976274
1.958602527682788
-3.9223373926527
0.35315284160529486
2.291015100310523
0.12539287127187113
-0.5107841291964067
0.0
0.0
0.0
0.0
0.0
0.0
0.0
0.0
0.0
0.0
0.0
0.0
0.0
0.0
0.0
0.0
0.0
0.0
0.0
0.0
0.0
0.0
0.0
0.0
0.0
0.0
0.0
0.0
0.0
0.0
0.0
0.0
0.0
0.0
0.0
0.0
0.0
0.0
0.0
0.0
0.0
0.0
0.0
0.0
0.0
0.0
0.0
0.0
0.0
0.0
0.0
0.0
0.0
0.0
0.0
0.0
0.0
0.0
0.0
0.0
0.0
0.0
0.0
0.0
0.0
0.0
0.0
0.0
0.0
0.0
0.0
0.0
0.0
0.0
0.0
0.0
0.0
0.0
0.0
0.0
0.0
0.0
0.0
0.0
0.0
0.0
0.0
0.0
0.0
0.0
0.0
0.0
0.0
0.0
0.0
0.0
0.0
0.0
0.0
0.0
0.0
0.0
0.0
0.0
0.0
0.0
0.0
0.0
0.0
0.0
0.0
0.0
0.0
0.0
0.0
0.0
0.0
0.0
0.0
0.0
0.0
0.0
0.0
0.0
0.0
0.0
0.0
</W>
<b>
-1.5593823623744074
</b>
<info>
Training (X) File : /home/vibhatha/data/libsvm/webspam/webspam_isesvm_train_x_bin.311 
Training (Y) File : /home/vibhatha/data/libsvm/webspam/webspam_isesvm_train_y.311.bin 
Testing (X) File : /home/vibhatha/data/libsvm/webspam/webspam_isesvm_test_x_bin.311 
Testing (Y) File : /home/vibhatha/data/libsvm/webspam/webspam_isesvm_test_y.311.bin 
I/O Time : 149
Kernel Matrix Calculation : 0.304 s
</info>
