88.48920863309353
92.80575539568345
89.20863309352518
89.568345323741
87.05035971223022
88.12949640287769
88.84892086330936
87.05035971223022
89.92805755395683
87.05035971223022
92.44604316546763
87.76978417266187
87.41007194244604
90.28776978417267
88.48920863309353
88.84892086330936
89.92805755395683
88.12949640287769
91.00719424460432
85.25179856115108
89.20863309352518
92.08633093525181
92.08633093525181
86.6906474820144
89.92805755395683
87.76978417266187
87.41007194244604
87.41007194244604
87.41007194244604
89.568345323741
92.08633093525181
85.61151079136691
89.20863309352518
89.568345323741
89.568345323741
88.48920863309353
92.08633093525181
88.84892086330936
86.33093525179856
87.41007194244604
