91.00719424460432
92.44604316546763
90.64748201438849
87.76978417266187
90.28776978417267
88.84892086330936
90.28776978417267
90.28776978417267
89.20863309352518
89.568345323741
92.08633093525181
90.64748201438849
91.36690647482014
91.72661870503596
89.92805755395683
89.568345323741
91.36690647482014
89.568345323741
89.568345323741
84.53237410071942
92.44604316546763
91.36690647482014
90.28776978417267
88.84892086330936
88.48920863309353
89.92805755395683
89.568345323741
91.36690647482014
86.6906474820144
92.80575539568345
91.72661870503596
89.20863309352518
90.28776978417267
89.92805755395683
90.64748201438849
88.84892086330936
91.36690647482014
88.84892086330936
89.20863309352518
91.36690647482014
