89.92805755395683
90.28776978417267
88.12949640287769
88.12949640287769
85.61151079136691
88.84892086330936
88.84892086330936
87.41007194244604
91.72661870503596
86.6906474820144
89.568345323741
87.76978417266187
85.97122302158273
88.12949640287769
86.6906474820144
87.41007194244604
87.41007194244604
88.48920863309353
87.41007194244604
81.65467625899281
91.72661870503596
89.20863309352518
89.92805755395683
88.48920863309353
85.97122302158273
86.33093525179856
87.05035971223022
89.20863309352518
84.89208633093526
91.00719424460432
91.36690647482014
88.48920863309353
85.97122302158273
87.41007194244604
90.28776978417267
86.6906474820144
89.568345323741
85.97122302158273
88.48920863309353
89.568345323741
