90.28776978417267
90.64748201438849
89.92805755395683
89.92805755395683
88.84892086330936
89.568345323741
90.64748201438849
87.76978417266187
88.84892086330936
85.25179856115108
90.28776978417267
91.00719424460432
88.48920863309353
89.568345323741
88.84892086330936
89.568345323741
90.28776978417267
91.36690647482014
87.76978417266187
83.45323741007195
90.28776978417267
91.00719424460432
91.72661870503596
88.48920863309353
87.76978417266187
87.05035971223022
88.48920863309353
88.12949640287769
90.64748201438849
91.72661870503596
92.44604316546763
87.05035971223022
89.20863309352518
92.44604316546763
91.00719424460432
91.00719424460432
92.44604316546763
88.84892086330936
88.12949640287769
87.41007194244604
