86.95652173913044
73.91304347826086
83.85093167701864
75.77639751552795
80.12422360248446
80.74534161490683
78.88198757763976
82.6086956521739
80.74534161490683
86.33540372670807
78.88198757763976
80.12422360248446
80.12422360248446
81.98757763975155
76.3975155279503
81.36645962732919
77.63975155279503
81.36645962732919
78.26086956521739
87.5776397515528
77.63975155279503
80.12422360248446
80.74534161490683
78.88198757763976
83.22981366459628
85.71428571428571
81.98757763975155
85.09316770186336
82.6086956521739
81.98757763975155
80.12422360248446
74.53416149068323
76.3975155279503
84.472049689441
80.74534161490683
81.98757763975155
83.22981366459628
85.09316770186336
81.36645962732919
79.5031055900621
