85.09316770186336
72.67080745341616
78.88198757763976
81.98757763975155
76.3975155279503
80.74534161490683
72.67080745341616
78.26086956521739
77.63975155279503
77.63975155279503
75.15527950310559
87.5776397515528
79.5031055900621
81.98757763975155
79.5031055900621
82.6086956521739
78.26086956521739
78.88198757763976
85.09316770186336
83.22981366459628
80.12422360248446
80.12422360248446
80.12422360248446
77.63975155279503
75.77639751552795
78.88198757763976
80.74534161490683
80.74534161490683
84.472049689441
84.472049689441
80.74534161490683
76.3975155279503
75.15527950310559
80.12422360248446
77.63975155279503
78.88198757763976
76.3975155279503
81.98757763975155
81.36645962732919
80.12422360248446
