<model>
linear
</model>
<W>
0.0
0.0
0.0
0.0
0.0
0.0
0.0
0.0
0.0
-2.1233447837875916
2.8418249905036417
0.0
0.0
-1.7690113228661706
0.0
0.0
0.0
0.0
0.0
0.0
0.0
0.0
0.0
0.0
0.0
0.0
4.1675109985742305
0.0
0.0
0.0
0.0
0.0
1.245347122889651
0.4149902861501281
5.605344145274605
-0.43343566279645696
0.7009774411221459
1.9509272109891698
-2.528751542170144
-1.4175758384844541
1.246581052232779
1.2738761058260653
-0.2624812800391441
-2.924859362795929
2.713497374156291
-0.4636217386119039
0.37706177061041424
11.279429011858948
-1.6096522523483072
2.904736335455455
9.85919511575417
-4.799606724351771
0.3158407030202458
-2.178824687219676
-0.02120623286526163
-2.650711414458777
-0.9914144955026967
-3.9174006214799726
7.728992302896892
-2.022268118570906
-5.46198043855647
-6.635452075026521
-4.752874577521995
-4.051475476780988
0.6851953273420536
5.3462028511910145
-1.0412415676419506
-9.57435863447713
2.7957127986930987
-1.374380595250865
-3.392596728221119
2.2899145815884516
0.03912481358197617
3.9886321224164383
-0.020630577568462233
-0.43337010073202115
1.769358599785535
-3.8569536979161674
-0.7005502366209504
-2.886319254093839
-0.3821554306477819
0.5336578264998092
-1.0324882444790953
5.379652784224616
-0.14564081271380402
-2.461427773974013
2.343539778824289
-0.14675881169860894
-2.4856047379324977
-5.157226462855053
-3.698913880380058
0.23758375943509494
0.17188187389768417
0.23758375943509494
0.1330241153516367
4.179789718419028
0.02363234263585631
6.255069613235851
4.085950203972873
-3.717781015594401
-3.043904795350484
-6.923428940870558
4.354636058651756
-16.523860075056298
-2.299872298954855
6.713506959348026
-2.26214418903037
0.5182115521347462
5.373835238629952
-7.9724357661291485
10.429442849550442
-2.147447754178547
3.3328487399125324
-3.1546971745227315
-4.8725910202921074
11.647259038414091
3.1233715558457424
-3.902323507125167
5.908991532882582
-6.457252281858054
-0.5779580462790355
-1.5773762088832903
0.7432674345685834
-1.2879682185012402
0.5377057386569248
-1.2830068085012398
0.03312502295202745
0.0
0.0
0.0
0.0
0.0
0.0
0.0
0.0
0.0
0.0
0.0
0.0
0.0
0.0
0.0
0.0
0.0
0.0
0.0
0.0
0.0
0.0
0.0
0.0
0.0
0.0
0.0
0.0
0.0
0.0
0.0
0.0
0.0
0.0
0.0
0.0
0.0
0.0
0.0
0.0
0.0
0.0
0.0
0.0
0.0
0.0
0.0
0.0
0.0
0.0
0.0
0.0
0.0
0.0
0.0
0.0
0.0
0.0
0.0
0.0
0.0
0.0
0.0
0.0
0.0
0.0
0.0
0.0
0.0
0.0
0.0
0.0
0.0
0.0
0.0
0.0
0.0
0.0
0.0
0.0
0.0
0.0
0.0
0.0
0.0
0.0
0.0
0.0
0.0
0.0
0.0
0.0
0.0
0.0
0.0
0.0
0.0
0.0
0.0
0.0
0.0
0.0
0.0
0.0
0.0
0.0
0.0
0.0
0.0
0.0
0.0
0.0
0.0
0.0
0.0
0.0
0.0
0.0
0.0
0.0
0.0
0.0
0.0
0.0
0.0
0.0
0.0
</W>
<b>
-3.5032898118795956
</b>
<info>
Training (X) File : /home/vibhatha/data/libsvm/webspam/webspam_isesvm_train_x_bin.187 
Training (Y) File : /home/vibhatha/data/libsvm/webspam/webspam_isesvm_train_y.187.bin 
Testing (X) File : /home/vibhatha/data/libsvm/webspam/webspam_isesvm_test_x_bin.187 
Testing (Y) File : /home/vibhatha/data/libsvm/webspam/webspam_isesvm_test_y.187.bin 
I/O Time : 122
Kernel Matrix Calculation : 0.248 s
</info>
