87.44541484716157
88.20960698689956
94.10480349344978
94.97816593886463
94.21397379912663
91.8122270742358
68.01310043668121
77.72925764192141
65.06550218340611
47.81659388646288
71.72489082969432
85.04366812227074
87.44541484716157
91.70305676855895
81.87772925764192
56.98689956331878
47.59825327510917
68.3406113537118
85.26200873362446
85.69868995633188
88.42794759825327
89.19213973799127
70.19650655021834
47.379912663755455
68.12227074235808
86.68122270742357
84.38864628820961
89.19213973799127
87.00873362445415
85.1528384279476
87.22707423580786
87.33624454148472
84.17030567685589
74.235807860262
53.930131004366814
82.75109170305677
81.98689956331879
86.35371179039302
85.80786026200873
91.48471615720524
