91.36690647482014
90.64748201438849
90.64748201438849
88.84892086330936
87.76978417266187
88.84892086330936
91.36690647482014
90.64748201438849
92.44604316546763
89.568345323741
91.36690647482014
90.64748201438849
89.20863309352518
88.48920863309353
91.36690647482014
88.84892086330936
90.28776978417267
89.20863309352518
88.48920863309353
84.17266187050359
90.64748201438849
91.36690647482014
91.72661870503596
91.36690647482014
88.84892086330936
90.64748201438849
89.20863309352518
89.92805755395683
89.20863309352518
94.24460431654677
89.568345323741
87.41007194244604
91.36690647482014
89.92805755395683
88.84892086330936
91.36690647482014
92.08633093525181
91.72661870503596
89.20863309352518
90.64748201438849
