<model>
linear
</model>
<W>
0.0
0.0
0.0
0.0
0.0
0.0
0.0
0.0
0.0
-0.32203441572933533
-0.016765405453722626
0.0
0.0
-0.7980427922617291
0.0
0.0
0.0
0.0
0.0
0.0
0.0
0.0
0.0
0.0
0.0
0.0
3.495253715736189
0.0
0.0
0.0
0.0
0.0
0.32656358151505405
-1.2635871518797648
5.382675463993388
1.4058834240199047
-0.419097177171098
0.10937037931470327
-2.9662081933118523
-5.980613221274649
3.054725609326975
3.069741036184516
-0.25012306704638965
0.7775188160329558
0.06394560293832165
4.535595551805782
2.5385590575583272
8.618450385205668
0.6373824773046621
3.879149202900088
2.8432035998012233
-5.221926085888526
1.898178287337292
0.3081559777806657
1.609413311788517
-1.3972009732475952
0.812842907826623
-1.6186064005687943
-0.620706911477507
-1.2023735647737412
-2.9837525577884514
-6.99010833644746
-2.8582954023618297
-3.5177827963619657
0.6283703573153597
-0.09194472432128786
0.4857122105001627
-0.02510609478083925
2.918090955064713
-3.412933220733967
-7.5518631282467
1.2035763914362467
-2.475684767936689
3.2984300940307856
-0.07061960944987689
-1.3625204237717417
-2.101682969257779
-1.4033446301580828
2.7853985573941373
1.3720782253504025
-2.621342549344591
-0.21343248558738637
2.519864883061518
5.6493622083263055
0.9906687264762293
0.886851797120384
-0.17560113003236943
2.6660416799386235
-0.8220524798642198
-0.03254602969372522
1.4534590069918452
0.6550853539804663
-0.0015056879316569325
0.6550853539804663
0.0052935633743865715
1.85872084300328
0.003383816
5.45949535733753
0.02581412774501457
-3.309525266452379
-3.1388815839023207
0.5851453065694674
3.486491615369226
-6.75677515644356
1.7511215631655233
5.219570097257549
-0.6161995031948178
-2.759741464629589
1.850899918241484
-8.265007718914054
4.197314295255988
-1.033337474828539
-2.97149362696575
-1.4742851821077039
-4.8576430658626055
8.02413914686249
1.9895943284694817
1.7034952884405754
7.443375018216495
-2.5062666045717483
-1.9408403872162343
-1.22734339266079
0.834594263584149
-0.8331635083390291
1.0135868037048348
-0.8331635083390291
0.017704769000000002
0.0
0.0
0.0
0.0
0.0
0.0
0.0
0.0
0.0
0.0
0.0
0.0
0.0
0.0
0.0
0.0
0.0
0.0
0.0
0.0
0.0
0.0
0.0
0.0
0.0
0.0
0.0
0.0
0.0
0.0
0.0
0.0
0.0
0.0
0.0
0.0
0.0
0.0
0.0
0.0
0.0
0.0
0.0
0.0
0.0
0.0
0.0
0.0
0.0
0.0
0.0
0.0
0.0
0.0
0.0
0.0
0.0
0.0
0.0
0.0
0.0
0.0
0.0
0.0
0.0
0.0
0.0
0.0
0.0
0.0
0.0
0.0
0.0
0.0
0.0
0.0
0.0
0.0
0.0
0.0
0.0
0.0
0.0
0.0
0.0
0.0
0.0
0.0
0.0
0.0
0.0
0.0
0.0
0.0
0.0
0.0
0.0
0.0
0.0
0.0
0.0
0.0
0.0
0.0
0.0
0.0
0.0
0.0
0.0
0.0
0.0
0.0
0.0
0.0
0.0
0.0
0.0
0.0
0.0
0.0
0.0
0.0
0.0
0.0
0.0
0.0
0.0
</W>
<b>
-3.5481603702841813
</b>
<info>
Training (X) File : /home/vibhatha/data/libsvm/webspam/webspam_isesvm_train_x_bin.203 
Training (Y) File : /home/vibhatha/data/libsvm/webspam/webspam_isesvm_train_y.203.bin 
Testing (X) File : /home/vibhatha/data/libsvm/webspam/webspam_isesvm_test_x_bin.203 
Testing (Y) File : /home/vibhatha/data/libsvm/webspam/webspam_isesvm_test_y.203.bin 
I/O Time : 114
Kernel Matrix Calculation : 0.215 s
</info>
