<model>
linear
</model>
<W>
0.0
0.0
0.0
0.0
0.0
0.0
0.0
0.0
0.0
-2.3234066974821257
1.4097245648732581
0.0
0.0
-1.2198178935232074
0.0
0.0
0.0
0.0
0.0
0.0
0.0
0.0
0.0
0.0
0.0
0.0
1.3208201966225568
0.0
0.0
0.0
0.0
0.0
-1.3683413763160228
0.5251533298897626
4.296714277700661
8.566919599304692
-0.3901246350267502
1.0062646931898531
3.345263225625929
-2.9519432072170133
4.15131578475619
4.2697780554302485
-4.864830127583539
-0.5384368439852832
-3.2375500644994
4.294246240740199
0.6065634307543029
12.912925067180055
-2.627308665808784
3.5089977836891153
2.43246156815057
1.3469856287413806
-0.402186647823084
-8.427321863943147
7.252230700247868
2.8135212605436624
4.4653716806912955
-3.0305052868552362
-2.78893107372311
3.0723073072210636
-5.316109576712601
-3.9541556053801337
-5.322781263458139
-0.702309896749892
1.5877581991351326
6.0926736761452736
-0.4851175889411887
-2.3812487397159456
5.939692338455052
-5.596323407638258
-8.251968259977629
0.5212837870595288
0.19443479131274197
0.024844595063314517
1.8952439420462683
2.1162152177307028
0.03346164349420755
-6.268593744103606
3.7167613881919768
-2.240654339725537
-5.016682996921206
2.565629253634934
3.4246778775986493
2.0488538871195003
-4.540345623872232
-0.935903155470051
1.1091859212104922
-0.09805649397344052
1.5129917059833176
-2.2084304898110063
-0.21119916284042695
-2.1226420308801797
0.24771129843915918
-2.0836189698801797
-0.11575298314220521
2.7805537822509723
-0.071332485
2.496070891242324
-1.3528508936471937
-2.223654614357578
-4.80768543004343
-3.8314808503355273
8.283976222105464
-6.762194552708194
-0.32974970284373484
0.8258859574919128
-1.853771273743213
-1.8305398175260528
0.9830491931313707
-8.821961339601529
6.693022756471325
-5.3709085627763375
-2.4929637583673614
-0.4499358789117572
-7.949684440794934
13.685224308065102
2.3498727781897752
0.6966215372674895
5.075432083134282
-4.249455830623537
3.061408165931022
1.232096910254636
2.475321284995226
-3.4675024121664584
0.7462728720165981
-3.1009623466664586
-0.049330381599469744
0.0
0.0
0.0
0.0
0.0
0.0
0.0
0.0
0.0
0.0
0.0
0.0
0.0
0.0
0.0
0.0
0.0
0.0
0.0
0.0
0.0
0.0
0.0
0.0
0.0
0.0
0.0
0.0
0.0
0.0
0.0
0.0
0.0
0.0
0.0
0.0
0.0
0.0
0.0
0.0
0.0
0.0
0.0
0.0
0.0
0.0
0.0
0.0
0.0
0.0
0.0
0.0
0.0
0.0
0.0
0.0
0.0
0.0
0.0
0.0
0.0
0.0
0.0
0.0
0.0
0.0
0.0
0.0
0.0
0.0
0.0
0.0
0.0
0.0
0.0
0.0
0.0
0.0
0.0
0.0
0.0
0.0
0.0
0.0
0.0
0.0
0.0
0.0
0.0
0.0
0.0
0.0
0.0
0.0
0.0
0.0
0.0
0.0
0.0
0.0
0.0
0.0
0.0
0.0
0.0
0.0
0.0
0.0
0.0
0.0
0.0
0.0
0.0
0.0
0.0
0.0
0.0
0.0
0.0
0.0
0.0
0.0
0.0
0.0
0.0
0.0
0.0
</W>
<b>
0.23775107156978229
</b>
<info>
Training (X) File : /home/vibhatha/data/libsvm/webspam/webspam_isesvm_train_x_bin.285 
Training (Y) File : /home/vibhatha/data/libsvm/webspam/webspam_isesvm_train_y.285.bin 
Testing (X) File : /home/vibhatha/data/libsvm/webspam/webspam_isesvm_test_x_bin.285 
Testing (Y) File : /home/vibhatha/data/libsvm/webspam/webspam_isesvm_test_y.285.bin 
I/O Time : 182
Kernel Matrix Calculation : 0.319 s
</info>
