<model>
linear
</model>
<W>
0.0
0.0
0.0
0.0
0.0
0.0
0.0
0.0
0.0
-2.9997877140334723
-2.8964814173949627
0.0
0.0
-3.433580531721612
0.0
0.0
0.0
0.0
0.0
0.0
0.0
0.0
0.0
0.0
0.0
0.0
1.4993370692596621
0.0
0.0
0.0
0.0
0.0
-1.689985027666395
-1.1533920355592544
2.0291259075586505
1.3444705747371608
0.012357057013176511
-2.3836198691264845
-2.7886158090699795
-5.856031933414069
2.621837576541976
2.6655477265419765
-0.12411491365687746
0.3033931434563565
-0.1645046753529919
3.6971368893745957
-3.338431392226423
7.2611425098590985
-2.286485319104673
3.265899950778134
1.2276025118979872
-3.062662793240527
-1.9123114589640204
-0.6701502053371752
4.207636213328331
0.6210006510219294
1.2572410084188619
0.3005873437902584
1.5642592072163837
0.7050985327426753
-4.210068552675795
-7.245757094317609
-4.012446832919016
-3.5426695825775605
0.654671685637873
3.1677941481329803
-2.027505138812588
-2.4851901680502566
-0.2405211349959985
-2.212644348377254
-5.940230838190111
-1.3274982520040808
-0.9111494383343233
0.38983968412935616
-0.192222007333495
0.05103573473193109
-0.8686375342165437
-3.81783923064434
-0.21497804600242776
-1.398209426620846
-2.6438647548970207
-0.1581981977654641
0.36151807908994826
1.5806671934275018
0.9472251581183776
-1.1048148942693554
-0.7335574737763503
0.5041931078207204
0.06513560965141926
-1.9779727207860298
-1.6173165641321576
1.3137726152030471
-0.2144895945435083
1.3137726152030471
0.03227294595887683
2.657055755589265
0.008503935
7.248037053548787
-2.2268904863363144
-1.7701235347957742
-2.664458434315633
-1.5201611159627113
1.0298319855949296
-5.849559728464562
-0.8135486243400223
6.564771955304488
-2.094545710652796
-2.602481351820948
5.64912631822092
-9.09850845239324
2.0413541515952787
-0.3007252904618447
1.0495674056912774
0.22480007256069284
-1.8626936236273304
3.180652413022117
-0.5808381307193371
-0.01356207836947787
5.884241812845729
0.826237462399128
1.9471033307012506
-2.7291378248819793
0.4952780965433019
-0.2878507237994172
0.8489046036666845
-0.28302087379941726
-0.0642817868522724
0.0
0.0
0.0
0.0
0.0
0.0
0.0
0.0
0.0
0.0
0.0
0.0
0.0
0.0
0.0
0.0
0.0
0.0
0.0
0.0
0.0
0.0
0.0
0.0
0.0
0.0
0.0
0.0
0.0
0.0
0.0
0.0
0.0
0.0
0.0
0.0
0.0
0.0
0.0
0.0
0.0
0.0
0.0
0.0
0.0
0.0
0.0
0.0
0.0
0.0
0.0
0.0
0.0
0.0
0.0
0.0
0.0
0.0
0.0
0.0
0.0
0.0
0.0
0.0
0.0
0.0
0.0
0.0
0.0
0.0
0.0
0.0
0.0
0.0
0.0
0.0
0.0
0.0
0.0
0.0
0.0
0.0
0.0
0.0
0.0
0.0
0.0
0.0
0.0
0.0
0.0
0.0
0.0
0.0
0.0
0.0
0.0
0.0
0.0
0.0
0.0
0.0
0.0
0.0
0.0
0.0
0.0
0.0
0.0
0.0
0.0
0.0
0.0
0.0
0.0
0.0
0.0
0.0
0.0
0.0
0.0
0.0
0.0
0.0
0.0
0.0
0.0
</W>
<b>
0.6434411251239167
</b>
<info>
Training (X) File : /home/vibhatha/data/libsvm/webspam/webspam_isesvm_train_x_bin.51 
Training (Y) File : /home/vibhatha/data/libsvm/webspam/webspam_isesvm_train_y.51.bin 
Testing (X) File : /home/vibhatha/data/libsvm/webspam/webspam_isesvm_test_x_bin.51 
Testing (Y) File : /home/vibhatha/data/libsvm/webspam/webspam_isesvm_test_y.51.bin 
I/O Time : 140
Kernel Matrix Calculation : 0.234 s
</info>
