<model>
linear
</model>
<W>
0.0
0.0
0.0
0.0
0.0
0.0
0.0
0.0
0.0
0.41344988555798956
-0.4534378488423516
0.0
0.0
-6.454839653521113
0.0
0.0
0.0
0.0
0.0
0.0
0.0
0.0
0.0
0.0
0.0
0.0
2.263128724391587
0.0
0.0
0.0
0.0
0.0
1.8083767601611882
-1.492217054037972
5.583169849864658
1.0912111843952084
-0.2444734867396448
2.8759775788187723
0.03751520120991708
-7.294537751619825
4.3931194828113105
4.511640368414743
-3.0789100755913865
0.3459196567928371
1.845439428291586
6.054526511059626
-3.9672171769961957
7.828540646270246
0.058191504811271555
0.5998025431424818
2.68523661919364
2.867028378646314
-4.088204689586405
-0.5741378789628845
2.7895210002296404
0.4797009504334327
2.8288812015636986
0.6853800892607337
6.862091650384631
-2.1360007057768073
-1.3239624678955746
-6.679933840930885
-0.7395546297202706
0.2742885567357025
-0.13416022129347682
4.671467852163007
-0.48494417581767035
-3.0154523498078984
4.791262887968411
0.07835923418030855
-5.354451113997155
-0.5753580327296022
-3.117629426789896
2.9614516444921883
-0.07572767594877394
0.4276733114379131
1.131943466401332
-4.032595000115731
-1.9660610338148283
0.3263706685659481
-2.3753144780546833
0.16809835559737832
3.0031753340300034
2.07665547504418
-3.895612998424932
0.5391992222515365
-0.8033330587952646
6.304747110980891E-4
1.4406219934220503
-1.5704020030574504
-1.2551362467598588
1.6319942029289827
-1.085917509720354
1.7882920519289827
-0.0425358643298634
5.014904105495906
-0.102676008
6.012267871599162
1.4161936870395389
-3.144362374657785
-6.71256039393408
-1.168799304857071
-2.020728931928166
-9.716877875972386
-2.5513846420320667
4.754319203870271
-3.271375515530167
1.4391791150521882
3.148823210821421
-4.489329759068777
0.6002105122562842
-2.407421171472496
3.1440401395971107
-1.2268859633958202
-1.86993820316136
7.185879364034319
3.3697061868354004
-0.12874108024851982
6.843677409193118
-3.6194402727405666
1.8862142094900385
2.6409843930685577
-4.155827149379318
0.5282219185486059
0.24841758169480932
0.49865090854860633
0.3576200200489971
0.0
0.0
0.0
0.0
0.0
0.0
0.0
0.0
0.0
0.0
0.0
0.0
0.0
0.0
0.0
0.0
0.0
0.0
0.0
0.0
0.0
0.0
0.0
0.0
0.0
0.0
0.0
0.0
0.0
0.0
0.0
0.0
0.0
0.0
0.0
0.0
0.0
0.0
0.0
0.0
0.0
0.0
0.0
0.0
0.0
0.0
0.0
0.0
0.0
0.0
0.0
0.0
0.0
0.0
0.0
0.0
0.0
0.0
0.0
0.0
0.0
0.0
0.0
0.0
0.0
0.0
0.0
0.0
0.0
0.0
0.0
0.0
0.0
0.0
0.0
0.0
0.0
0.0
0.0
0.0
0.0
0.0
0.0
0.0
0.0
0.0
0.0
0.0
0.0
0.0
0.0
0.0
0.0
0.0
0.0
0.0
0.0
0.0
0.0
0.0
0.0
0.0
0.0
0.0
0.0
0.0
0.0
0.0
0.0
0.0
0.0
0.0
0.0
0.0
0.0
0.0
0.0
0.0
0.0
0.0
0.0
0.0
0.0
0.0
0.0
0.0
0.0
</W>
<b>
-3.71264847304651
</b>
<info>
Training (X) File : /home/vibhatha/data/libsvm/webspam/webspam_isesvm_train_x_bin.305 
Training (Y) File : /home/vibhatha/data/libsvm/webspam/webspam_isesvm_train_y.305.bin 
Testing (X) File : /home/vibhatha/data/libsvm/webspam/webspam_isesvm_test_x_bin.305 
Testing (Y) File : /home/vibhatha/data/libsvm/webspam/webspam_isesvm_test_y.305.bin 
I/O Time : 116
Kernel Matrix Calculation : 0.232 s
</info>
