91.36690647482014
90.64748201438849
89.20863309352518
89.568345323741
87.41007194244604
88.48920863309353
89.20863309352518
89.20863309352518
91.72661870503596
88.84892086330936
91.72661870503596
89.568345323741
89.20863309352518
91.36690647482014
90.64748201438849
89.92805755395683
87.76978417266187
89.20863309352518
89.20863309352518
86.33093525179856
91.00719424460432
91.36690647482014
91.00719424460432
88.48920863309353
90.28776978417267
90.64748201438849
89.92805755395683
89.92805755395683
90.28776978417267
90.28776978417267
92.80575539568345
90.64748201438849
89.92805755395683
90.64748201438849
87.76978417266187
88.12949640287769
91.36690647482014
89.20863309352518
88.48920863309353
90.64748201438849
