<model>
linear
</model>
<W>
0.0
0.0
0.0
0.0
0.0
0.0
0.0
0.0
0.0
-0.4757631779452572
-1.125892488795745
0.0
0.0
-0.9583763245748705
0.0
0.0
0.0
0.0
0.0
0.0
0.0
0.0
0.0
0.0
0.0
0.0
2.7295231192463794
0.0
0.0
0.0
0.0
0.0
0.10802376590739865
0.16477590979658752
2.5733795510238338
-0.2103376815190803
0.018588238346961154
-0.822296170229443
-1.0775345030551182
0.4067497914964959
0.9782037468466742
0.977621451446558
-0.16467653860473008
0.22854552135172523
-0.2711424003323205
0.8462057876160931
-0.1223169516036042
3.718306949129797
-0.06455786824723067
0.23929189902366466
-0.4448771111171883
-0.385297033496091
0.11661856160377096
-0.2590606145891019
-0.12483973486434678
-0.07979032172849118
-0.014913890350446463
0.10110244434987364
0.593841074170354
0.7395203487031993
0.5112224448580702
-1.8943606440393457
0.5185553508398013
-0.48795329086192296
0.11135229148669032
0.031380510933682305
0.00440190631995341
-0.663079216958835
-0.7205906829734766
-0.8754361244193574
-1.227777964085964
-0.21946504674947925
-0.5330835335713539
0.03592178187676127
-0.1325590934963819
-0.22364885107154345
-0.008315936324005582
-0.8666765701047061
-0.5540609413312445
-0.6178496297712897
-0.33689326989485613
-0.273443790271633
0.06951602448510334
0.7131207207719125
-0.8691504210754488
-0.25719915148684586
0.05930639006655543
-0.08330604113526394
-0.15018268347508265
-0.4033847248093679
-0.29892267615054235
0.09530098239034884
0.019083345300063732
0.09530098239034884
0.0040983357000000005
-0.1537329939353491
1.68223E-4
1.3976867492705825
-0.02878148246191823
0.8378755030852973
-1.0657919453048914
0.5157317438665594
-0.04461682978965766
-0.5891490857928035
-0.9631167927643588
3.313568550008268
-0.19920452596712124
-0.25081331916296773
2.912831064047099
-2.3512122516747858
2.1059510837786193
-0.3121947906230434
1.1010476156240816
-0.2737458603206611
-1.2347751556414774
3.5162288064339595
0.2970136224091445
0.4302047927795656
1.7533629206217647
-0.9987676096455402
0.14612199984820656
0.35727020626469247
-0.08438771614583951
0.10186697938983902
0.27329041233372003
0.10215740938983903
-0.0082426966
0.0
0.0
0.0
0.0
0.0
0.0
0.0
0.0
0.0
0.0
0.0
0.0
0.0
0.0
0.0
0.0
0.0
0.0
0.0
0.0
0.0
0.0
0.0
0.0
0.0
0.0
0.0
0.0
0.0
0.0
0.0
0.0
0.0
0.0
0.0
0.0
0.0
0.0
0.0
0.0
0.0
0.0
0.0
0.0
0.0
0.0
0.0
0.0
0.0
0.0
0.0
0.0
0.0
0.0
0.0
0.0
0.0
0.0
0.0
0.0
0.0
0.0
0.0
0.0
0.0
0.0
0.0
0.0
0.0
0.0
0.0
0.0
0.0
0.0
0.0
0.0
0.0
0.0
0.0
0.0
0.0
0.0
0.0
0.0
0.0
0.0
0.0
0.0
0.0
0.0
0.0
0.0
0.0
0.0
0.0
0.0
0.0
0.0
0.0
0.0
0.0
0.0
0.0
0.0
0.0
0.0
0.0
0.0
0.0
0.0
0.0
0.0
0.0
0.0
0.0
0.0
0.0
0.0
0.0
0.0
0.0
0.0
0.0
0.0
0.0
0.0
0.0
</W>
<b>
-2.744487993719164
</b>
<info>
Training (X) File : /home/vibhatha/data/libsvm/webspam/webspam_isesvm_train_x_bin.45 
Training (Y) File : /home/vibhatha/data/libsvm/webspam/webspam_isesvm_train_y.45.bin 
Testing (X) File : /home/vibhatha/data/libsvm/webspam/webspam_isesvm_test_x_bin.45 
Testing (Y) File : /home/vibhatha/data/libsvm/webspam/webspam_isesvm_test_y.45.bin 
I/O Time : 150
Kernel Matrix Calculation : 0.259 s
</info>
