89.20863309352518
92.44604316546763
87.05035971223022
89.568345323741
89.92805755395683
89.568345323741
90.28776978417267
89.92805755395683
87.76978417266187
89.568345323741
92.44604316546763
89.92805755395683
90.64748201438849
89.92805755395683
89.568345323741
88.48920863309353
90.64748201438849
88.48920863309353
87.41007194244604
87.05035971223022
91.00719424460432
91.72661870503596
90.28776978417267
90.64748201438849
91.00719424460432
87.41007194244604
89.20863309352518
89.92805755395683
86.6906474820144
91.72661870503596
90.28776978417267
88.84892086330936
90.28776978417267
89.92805755395683
90.64748201438849
89.20863309352518
92.08633093525181
89.20863309352518
90.28776978417267
89.20863309352518
