91.37554585152839
90.61135371179039
89.51965065502183
89.51965065502183
90.06550218340611
91.5938864628821
89.62882096069869
90.50218340611353
92.90393013100436
87.00873362445415
90.50218340611353
91.92139737991266
91.70305676855895
89.95633187772926
94.10480349344978
89.8471615720524
83.62445414847161
89.95633187772926
89.95633187772926
92.35807860262008
90.17467248908298
89.8471615720524
93.66812227074236
84.27947598253274
89.19213973799127
90.82969432314411
91.8122270742358
90.06550218340611
91.15720524017468
91.26637554585153
90.72052401746726
91.26637554585153
93.77729257641921
92.46724890829694
89.8471615720524
90.72052401746726
91.48471615720524
92.35807860262008
92.46724890829694
91.26637554585153
