90.28776978417267
92.44604316546763
90.28776978417267
89.20863309352518
87.76978417266187
87.05035971223022
89.568345323741
89.20863309352518
87.76978417266187
87.41007194244604
90.64748201438849
89.20863309352518
89.20863309352518
87.05035971223022
90.28776978417267
90.28776978417267
90.64748201438849
89.568345323741
86.33093525179856
83.45323741007195
87.76978417266187
91.00719424460432
88.84892086330936
87.41007194244604
88.84892086330936
86.6906474820144
88.84892086330936
88.84892086330936
88.12949640287769
91.72661870503596
90.64748201438849
88.84892086330936
89.20863309352518
90.64748201438849
89.92805755395683
88.48920863309353
92.08633093525181
90.28776978417267
89.568345323741
91.36690647482014
