<model>
linear
</model>
<W>
0.0
0.0
0.0
0.0
0.0
0.0
0.0
0.0
0.0
-2.0374124887849203
3.342330423329664
0.0
0.0
-2.6989005132035433
0.0
0.0
0.0
0.0
0.0
0.0
0.0
0.0
0.0
0.0
0.0
0.0
3.791272113053
0.0
0.0
0.0
0.0
0.0
-1.6727380355555868
-0.33529312449270754
1.3957775346829873
5.184946863427166
-0.24384546716765523
-1.0529240640087896
-3.9921494525412866
-5.073845505104448
4.947581767784389
4.941480033936862
-3.27881031323347
-0.052621429678312154
-2.430061086833179
1.400268998224894
2.5718643332501907
6.58172414202577
0.9355005271622974
1.5702165091334737
5.202776430712493
-0.9036886682472458
1.040220636959833
-2.6173023194092995
7.022796635714349
1.2569162752204535
1.0165181568242136
-3.5425626833654063
1.3830260023712815
-0.9545986666519722
-5.522622288279846
-8.009106256751746
-5.636956503402735
-4.439055375871348
-2.165655555275209
9.752216288953056
-0.016954092501584472
-8.383790595258803
4.313180686130035
-5.9838157273609465
-9.677142539654035
-1.6383265243107061
1.831162537259926
2.617161528407582
-3.344988562001523
-2.3782346172074584
0.7523662629347078
-0.7960683641543134
2.00056468627192
-1.0560655843755418
2.764996785788023
-1.9148832677350205
-0.7653958790533747
5.2171484975404026
-3.872030572102619
-2.1231044900586085
3.0638820726580915
4.2211091566759
1.0329186497176837
-2.9752659740353584
-2.17470273756631
2.3280440551442236
1.0545379762913458
2.063038415167511
0.4995399699612873
6.888131284262352
-0.2037527790423985
-2.5644244143323145
1.7552141999810291
0.4443889268161867
-2.3932290953911637
-3.6111543322842135
7.191135529136704
-7.538275274193813
2.69511434163805
9.320005915927611
-8.461185082656266
-2.527452877875704
5.045138591587962
-13.299901205100202
5.6559289673844235
-2.5787330342676236
-2.0876168821483456
-0.7471673514324365
-4.60994953690154
8.07475850186974
0.6739047450688362
-1.9806632862519953
8.487876918159305
-1.5199810204970885
-3.7766744130654866
-1.9304861035960381
-1.2904932409880674
-1.8944187092421554
2.1180096956792265
-1.879449427443423
-0.4639296327083644
0.0
0.0
0.0
0.0
0.0
0.0
0.0
0.0
0.0
0.0
0.0
0.0
0.0
0.0
0.0
0.0
0.0
0.0
0.0
0.0
0.0
0.0
0.0
0.0
0.0
0.0
0.0
0.0
0.0
0.0
0.0
0.0
0.0
0.0
0.0
0.0
0.0
0.0
0.0
0.0
0.0
0.0
0.0
0.0
0.0
0.0
0.0
0.0
0.0
0.0
0.0
0.0
0.0
0.0
0.0
0.0
0.0
0.0
0.0
0.0
0.0
0.0
0.0
0.0
0.0
0.0
0.0
0.0
0.0
0.0
0.0
0.0
0.0
0.0
0.0
0.0
0.0
0.0
0.0
0.0
0.0
0.0
0.0
0.0
0.0
0.0
0.0
0.0
0.0
0.0
0.0
0.0
0.0
0.0
0.0
0.0
0.0
0.0
0.0
0.0
0.0
0.0
0.0
0.0
0.0
0.0
0.0
0.0
0.0
0.0
0.0
0.0
0.0
0.0
0.0
0.0
0.0
0.0
0.0
0.0
0.0
0.0
0.0
0.0
0.0
0.0
0.0
</W>
<b>
0.7248153661761751
</b>
<info>
Training (X) File : /home/vibhatha/data/libsvm/webspam/webspam_isesvm_train_x_bin.64 
Training (Y) File : /home/vibhatha/data/libsvm/webspam/webspam_isesvm_train_y.64.bin 
Testing (X) File : /home/vibhatha/data/libsvm/webspam/webspam_isesvm_test_x_bin.64 
Testing (Y) File : /home/vibhatha/data/libsvm/webspam/webspam_isesvm_test_y.64.bin 
I/O Time : 170
Kernel Matrix Calculation : 0.289 s
</info>
