<model>
linear
</model>
<W>
0.0
0.0
0.0
-0.0121117
0.0
0.0
-0.0242233
0.0
0.0
-0.6754643153660161
0.2709435726299577
0.0
0.0
-1.2734841533291328
0.0
0.0
0.0
0.0
0.0
-0.0121117
0.0
0.0
-0.0242233
0.0
0.0
-5.82592E-5
0.15270531693244183
0.0
0.0
0.0
0.0
0.0
-0.513799857305973
0.07346567933847334
2.2213756789226675
0.2630627570592307
-0.03414382190218884
-0.36969371372968557
-1.5745596431233537
-0.5054023634096707
0.8465624773290491
0.8449776273290492
-0.02491062107172995
-0.1561972695515674
-0.07885773304074897
1.119100315617739
-0.4463540125097428
3.2053070451874555
0.4681795646113709
0.31169985806267964
-0.08590358232410915
-0.3614178107671923
0.0665940800467231
-0.338756431803115
0.46778632292827044
0.06786013695177659
0.28299238403962024
-0.03920293724240902
0.7172704911963825
0.18861224410308716
0.4822290379514726
-1.9476547527847128
0.487510640158173
-0.5129023118451722
0.06762010548185667
0.45871633232743636
-0.07602308810453684
-0.4040529015517018
-0.6768247327862987
-0.6321364172729568
-1.326207268692204
-0.0992574718720323
-0.6379136149306865
0.400496615971107
-0.06922747528433303
-0.27718210999225973
-0.138030173807899
-0.1361230661790751
-0.01519157210001865
-0.38694245910853114
-0.07537908010344077
-0.18017288326871617
-0.034004531394900867
0.6423488065416182
-1.1226062874875649
-0.2060629274063696
0.004571835545529856
-0.1131748038671406
-0.21021334181194684
-0.37639528276959977
-0.2057222083020719
0.057301336812284574
0.03887070971555913
0.055954188812284596
0.005177635499999999
-0.28583236124596456
5.5356E-4
1.6533675303459723
0.1323180429760387
0.14134588994731379
-1.503790598737512
0.44765569261193117
0.37553476601328684
-0.7485177916517645
-1.1377070983255992
4.1280406856377025
-0.5332006967946323
-0.5648890285255221
2.1315436366663083
-1.8762604793585551
1.4557679918090023
-0.34369828106125055
0.6442376215143368
-0.19246147583896708
-1.3010339433727816
3.2922344530711922
0.3589956891027073
-0.026076741909696645
1.1909614980191372
-0.8428381187348836
0.12493080617038663
-0.22278893639596992
-0.12016250386033425
-0.03961162635104128
0.22958125730318382
-0.03961162635104128
-0.0036950109999999998
0.0
0.0
0.0
0.0
0.0
0.0
0.0
0.0
0.0
0.0
0.0
0.0
0.0
0.0
0.0
0.0
0.0
0.0
0.0
0.0
0.0
0.0
0.0
0.0
0.0
0.0
0.0
0.0
0.0
0.0
0.0
0.0
0.0
0.0
0.0
0.0
0.0
0.0
0.0
0.0
0.0
0.0
0.0
0.0
0.0
0.0
0.0
0.0
0.0
0.0
0.0
0.0
0.0
0.0
0.0
0.0
0.0
0.0
0.0
0.0
0.0
0.0
0.0
0.0
0.0
0.0
0.0
0.0
0.0
0.0
0.0
0.0
0.0
0.0
0.0
0.0
0.0
0.0
0.0
0.0
0.0
0.0
0.0
0.0
0.0
0.0
0.0
0.0
0.0
0.0
0.0
0.0
0.0
0.0
0.0
0.0
0.0
0.0
0.0
0.0
0.0
0.0
0.0
0.0
0.0
0.0
0.0
0.0
0.0
0.0
0.0
0.0
0.0
0.0
0.0
0.0
0.0
0.0
0.0
0.0
0.0
0.0
0.0
0.0
0.0
0.0
0.0
</W>
<b>
-2.2302277313975356
</b>
<info>
Training (X) File : /home/vibhatha/data/libsvm/webspam/webspam_isesvm_train_x_bin.275 
Training (Y) File : /home/vibhatha/data/libsvm/webspam/webspam_isesvm_train_y.275.bin 
Testing (X) File : /home/vibhatha/data/libsvm/webspam/webspam_isesvm_test_x_bin.275 
Testing (Y) File : /home/vibhatha/data/libsvm/webspam/webspam_isesvm_test_y.275.bin 
I/O Time : 141
Kernel Matrix Calculation : 0.263 s
</info>
