87.05035971223022
90.28776978417267
86.6906474820144
86.33093525179856
85.97122302158273
88.12949640287769
87.05035971223022
88.48920863309353
87.05035971223022
83.09352517985612
87.76978417266187
87.05035971223022
84.89208633093526
88.12949640287769
87.41007194244604
84.89208633093526
86.33093525179856
85.61151079136691
85.97122302158273
83.09352517985612
88.48920863309353
90.28776978417267
89.92805755395683
84.89208633093526
88.12949640287769
86.33093525179856
86.33093525179856
87.41007194244604
85.61151079136691
89.568345323741
91.72661870503596
84.53237410071942
85.61151079136691
88.84892086330936
87.05035971223022
86.6906474820144
90.64748201438849
86.33093525179856
89.20863309352518
87.05035971223022
