<model>
linear
</model>
<W>
0.0
0.0
0.0
0.0
0.0
0.0
0.0
0.0
0.0
-2.034822972191163
2.793994287469233
0.0
0.0
-4.524497843626647
0.0
0.0
0.0
0.0
0.0
0.0
0.0
0.0
0.0
0.0
0.0
0.0
1.0321104109997676
0.0
0.0
0.0
0.0
0.0
-1.3606862493618674
-2.205052502294128
2.278768654843565
5.155361965748071
-0.6411669286035476
0.3684011358584975
-4.2172291630693515
-8.22546146104749
3.395791603252713
3.4761335892375116
2.336651810757619
-3.757865092660522
3.6927305559536325
1.3772721414090765
1.9925760829485792
8.502942978219632
-1.9613774323700501
0.5577142724309181
1.7256454484194172
1.0693616463618103
2.544352823367451
-2.122174128026227
6.2457316630839665
1.4271672023335087
5.057106602459893
1.1106181291550428
1.3759763111362628
0.44229377880249743
-4.464957546442778
-3.5000426159862865
-4.530075075889644
-2.119752190888856
0.6178726031023382
7.960638711491011
-2.4309423978490416
-3.7300557284187157
2.904321110510903
-7.707747624308031
-8.127739802093192
2.380648149693733
-3.4750074681834904
3.1541513493728917
0.3304693006742401
-0.6744751989418292
-4.330391318297466
-1.355414078452366
2.3769176805257826
-1.7019181274691406
-5.469224855249263
-0.09294401300723572
4.477487497015478
9.672208333099018
-0.875922453953958
1.8722900021918356
-1.3069344175451456
-3.093631688927334
-0.17983896988451076
-3.4977485410514775
-2.1536706322679935
0.732517817991799
-1.1186706857481368
0.7292407649917991
0.02943245608650693
5.759856251772653
0.00425167
1.104154954311518
-3.319359061096397
-3.4459468110068174
-2.51642867590132
-2.1782398962715224
6.778164732893156
-7.356074950438649
0.06350273429334584
4.034800961012497
-3.0925154386487175
-3.413853954091984
3.2178470683469436
-10.389256229091943
4.01313309776209
-1.0282826526946192
-0.7514805751127298
0.44661608206682923
-2.302126977754817
8.734722717422022
1.541303134340609
-3.888470008283041
8.514691181936454
-2.4605527259671103
-4.117170737262294
0.05735808928390185
-0.7732401909065093
-0.5692071486066047
1.014374670860643
-0.567071933441622
0.5405646809438805
0.0
0.0
0.0
0.0
0.0
0.0
0.0
0.0
0.0
0.0
0.0
0.0
0.0
0.0
0.0
0.0
0.0
0.0
0.0
0.0
0.0
0.0
0.0
0.0
0.0
0.0
0.0
0.0
0.0
0.0
0.0
0.0
0.0
0.0
0.0
0.0
0.0
0.0
0.0
0.0
0.0
0.0
0.0
0.0
0.0
0.0
0.0
0.0
0.0
0.0
0.0
0.0
0.0
0.0
0.0
0.0
0.0
0.0
0.0
0.0
0.0
0.0
0.0
0.0
0.0
0.0
0.0
0.0
0.0
0.0
0.0
0.0
0.0
0.0
0.0
0.0
0.0
0.0
0.0
0.0
0.0
0.0
0.0
0.0
0.0
0.0
0.0
0.0
0.0
0.0
0.0
0.0
0.0
0.0
0.0
0.0
0.0
0.0
0.0
0.0
0.0
0.0
0.0
0.0
0.0
0.0
0.0
0.0
0.0
0.0
0.0
0.0
0.0
0.0
0.0
0.0
0.0
0.0
0.0
0.0
0.0
0.0
0.0
0.0
0.0
0.0
0.0
</W>
<b>
-0.25310237143901293
</b>
<info>
Training (X) File : /home/vibhatha/data/libsvm/webspam/webspam_isesvm_train_x_bin.197 
Training (Y) File : /home/vibhatha/data/libsvm/webspam/webspam_isesvm_train_y.197.bin 
Testing (X) File : /home/vibhatha/data/libsvm/webspam/webspam_isesvm_test_x_bin.197 
Testing (Y) File : /home/vibhatha/data/libsvm/webspam/webspam_isesvm_test_y.197.bin 
I/O Time : 112
Kernel Matrix Calculation : 0.215 s
</info>
