92.35807860262008
93.77729257641921
97.59825327510917
97.27074235807859
88.75545851528385
84.71615720524017
76.9650655021834
80.13100436681223
74.78165938864629
51.637554585152834
80.13100436681223
91.92139737991266
95.52401746724891
95.74235807860262
91.70305676855895
60.91703056768559
55.45851528384279
73.7991266375546
95.96069868995633
96.2882096069869
96.06986899563319
94.65065502183407
80.78602620087337
54.14847161572053
73.36244541484717
97.16157205240175
95.3056768558952
97.48908296943232
97.48908296943232
95.85152838427948
97.70742358078603
96.83406113537117
94.21397379912663
82.53275109170306
57.96943231441048
95.08733624454149
91.26637554585153
96.94323144104804
95.96069868995633
96.17903930131004
