<model>
linear
</model>
<W>
0.0
0.0
0.0
0.0
0.0
0.0
0.0
0.0
0.0
-0.3891833591831926
-1.1877603170906688
0.0
0.0
-2.1384491941884027
0.0
0.0
0.0
0.0
0.0
0.0
0.0
0.0
0.0
0.0
0.0
0.0
2.945287115296319
0.0
0.0
0.0
0.0
0.0
0.9829021519211416
1.7142561539734238
3.1826037470870134
2.9425368381088113
-0.34618819487930147
3.0089711053971495
0.5818597969500946
-6.790840212474791
1.191414509746759
1.1976866178046224
-0.37812898216528057
0.13885516749838148
-1.0388827723458252
2.9315877453762424
-5.3240138581558885
9.540685050384177
1.51825150211379
3.6135387478410634
1.9381657041055564
2.806295929665338
-0.29090714671575774
0.084844214459931
6.069373622848928
0.5942173607747165
3.0385866637199794
-0.5698815560446839
1.2843493948350384
-0.9167447241952805
-1.6433616233516393
-6.274518440557335
-1.5839301941141972
-1.652371677801881
0.21131431445347285
1.137133652171236
-0.3197628728722208
-1.5925330190649807
3.3144657111389035
-2.112876332394977
-3.295183682548251
-0.31722122967008215
-0.4604308100778187
0.24814250627337095
-0.11359853186518405
-1.9245894119351519
-1.0274562983803528
-2.234694604691174
-2.6162462213377062
-0.4677725364332207
-1.0911009623224068
1.5110433824016885
1.288801432049077
2.9721915835910355
-1.7455721202303205
-1.1877932605907595
-0.8589009763038352
-0.6527085776242789
-0.43699644178476876
-1.279555322625605
-2.3149912168227784
-0.3557034507521701
-0.485075021279086
-0.3373090930001252
-0.0036151517428088973
6.534948299107514
-0.005359810999999999
1.2041370967962903
-1.4501222325386949
0.36863313668971043
-3.945316485744102
0.867068397646813
1.7125312376931914
-4.8252043192001235
0.67830039917286
6.6236912918825706
-1.5591967141228096
-3.1157534823619457
4.792610262166058
-6.688209610858358
4.81455485069665
-0.8773367627449953
0.8480403758167179
-1.5384490764612078
-4.119514300903548
9.07151821542455
-0.4578408781680041
-0.3942254444212873
5.133526327888275
0.10500827958102588
1.9863502419361962
-0.662309540961961
-0.41780767825702897
-1.0685778734818203
1.012211458316489
-1.0685778734818203
0.013482056687097534
0.0
0.0
0.0
0.0
0.0
0.0
0.0
0.0
0.0
0.0
0.0
0.0
0.0
0.0
0.0
0.0
0.0
0.0
0.0
0.0
0.0
0.0
0.0
0.0
0.0
0.0
0.0
0.0
0.0
0.0
0.0
0.0
0.0
0.0
0.0
0.0
0.0
0.0
0.0
0.0
0.0
0.0
0.0
0.0
0.0
0.0
0.0
0.0
0.0
0.0
0.0
0.0
0.0
0.0
0.0
0.0
0.0
0.0
0.0
0.0
0.0
0.0
0.0
0.0
0.0
0.0
0.0
0.0
0.0
0.0
0.0
0.0
0.0
0.0
0.0
0.0
0.0
0.0
0.0
0.0
0.0
0.0
0.0
0.0
0.0
0.0
0.0
0.0
0.0
0.0
0.0
0.0
0.0
0.0
0.0
0.0
0.0
0.0
0.0
0.0
0.0
0.0
0.0
0.0
0.0
0.0
0.0
0.0
0.0
0.0
0.0
0.0
0.0
0.0
0.0
0.0
0.0
0.0
0.0
0.0
0.0
0.0
0.0
0.0
0.0
0.0
0.0
</W>
<b>
-3.9013015646169644
</b>
<info>
Training (X) File : /home/vibhatha/data/libsvm/webspam/webspam_isesvm_train_x_bin.180 
Training (Y) File : /home/vibhatha/data/libsvm/webspam/webspam_isesvm_train_y.180.bin 
Testing (X) File : /home/vibhatha/data/libsvm/webspam/webspam_isesvm_test_x_bin.180 
Testing (Y) File : /home/vibhatha/data/libsvm/webspam/webspam_isesvm_test_y.180.bin 
I/O Time : 109
Kernel Matrix Calculation : 0.217 s
</info>
