<model>
linear
</model>
<W>
0.0
0.0
0.0
0.0
0.0
0.0
0.0
0.0
0.0
-2.267736414883749
2.4893441700149914
0.0
0.0
-1.1451357640775202
0.0
0.0
0.0
0.0
0.0
0.0
0.0
0.0
0.0
0.0
0.0
0.0
3.5519889322765033
0.0
0.0
0.0
0.0
0.0
0.1436927046716816
0.20024347417752175
3.1288848551995603
0.590217174593801
-0.5344388849539772
2.79504869673949
-0.5089422046425501
-1.991498919228323
4.415592787246473
4.414387521952381
1.2323195539213359
-0.41968002909327196
-2.0258211775383743
5.4164324234222825
-3.8488353049490787
10.274395211087256
-2.642322055796879
1.1339138038587038
2.582977499189252
-0.9100537166319702
0.8090799704571051
-0.1528484823131313
3.3986868796483307
1.457117817613157
3.7949183299297338
0.7729089099540609
2.405220330883644
1.011921034309233
-2.696650463027854
-3.8775630946047026
-2.5887467077717417
-2.1437469863191363
-0.15174792570731915
5.614768518297923
-0.5634301110319471
-2.7454145370050775
1.5289340841025605
-0.27742885372792564
-5.396995603631072
0.43330447133313915
-1.8342131015898204
-0.6361867367183266
1.1657726469992442
-1.2437784927992546
-0.07095556292453073
-1.8162234736620708
0.06366174741123554
-2.3553472070781925
-2.154848712630736
0.12109295258415315
1.1998948641562435
2.133115886887246
-1.111553577290104
-0.7456682553205031
0.2964493287044361
1.3133581365686882
0.05121186937708388
-1.136810997480907
-1.0544603426060501
0.9218115683314075
-0.04378061639739825
0.9728657935211343
-0.04361784660829383
0.907847431212781
-0.003706015169470618
6.695209893928345
-1.6924816343684868
-2.8585067815056777
-2.510621662172995
-0.40149395849179603
1.3898302294220135
-5.12661298472073
1.4846988941077917
7.2151514503510175
-0.9248950905872986
2.0815443262650244
6.137369420170094
-2.909177400209832
1.943764837824812
-0.5695394024687703
-0.11715668390268719
-1.1614964093591968
-7.0225191053274045
6.088539260385396
-0.7460587957316798
-1.4289409212933153
1.604326351346462
-3.4284455827351863
0.9290548299883423
1.501986750736189
-1.1558354175407621
-1.2099679450243037
0.4538345690847303
-1.2074835150243037
0.12785818266973542
0.0
0.0
0.0
0.0
0.0
0.0
0.0
0.0
0.0
0.0
0.0
0.0
0.0
0.0
0.0
0.0
0.0
0.0
0.0
0.0
0.0
0.0
0.0
0.0
0.0
0.0
0.0
0.0
0.0
0.0
0.0
0.0
0.0
0.0
0.0
0.0
0.0
0.0
0.0
0.0
0.0
0.0
0.0
0.0
0.0
0.0
0.0
0.0
0.0
0.0
0.0
0.0
0.0
0.0
0.0
0.0
0.0
0.0
0.0
0.0
0.0
0.0
0.0
0.0
0.0
0.0
0.0
0.0
0.0
0.0
0.0
0.0
0.0
0.0
0.0
0.0
0.0
0.0
0.0
0.0
0.0
0.0
0.0
0.0
0.0
0.0
0.0
0.0
0.0
0.0
0.0
0.0
0.0
0.0
0.0
0.0
0.0
0.0
0.0
0.0
0.0
0.0
0.0
0.0
0.0
0.0
0.0
0.0
0.0
0.0
0.0
0.0
0.0
0.0
0.0
0.0
0.0
0.0
0.0
0.0
0.0
0.0
0.0
0.0
0.0
0.0
0.0
</W>
<b>
-3.149531290050879
</b>
<info>
Training (X) File : /home/vibhatha/data/libsvm/webspam/webspam_isesvm_train_x_bin.109 
Training (Y) File : /home/vibhatha/data/libsvm/webspam/webspam_isesvm_train_y.109.bin 
Testing (X) File : /home/vibhatha/data/libsvm/webspam/webspam_isesvm_test_x_bin.109 
Testing (Y) File : /home/vibhatha/data/libsvm/webspam/webspam_isesvm_test_y.109.bin 
I/O Time : 143
Kernel Matrix Calculation : 0.225 s
</info>
