91.37554585152839
90.61135371179039
89.51965065502183
89.41048034934498
90.06550218340611
91.37554585152839
89.51965065502183
89.73799126637554
92.46724890829694
89.19213973799127
90.72052401746726
90.39301310043668
90.72052401746726
89.95633187772926
91.26637554585153
92.57641921397381
86.68122270742357
90.93886462882097
89.19213973799127
91.0480349344978
89.95633187772926
89.8471615720524
90.50218340611353
86.79039301310044
90.39301310043668
89.8471615720524
90.72052401746726
89.62882096069869
90.28384279475983
90.82969432314411
89.41048034934498
90.28384279475983
92.90393013100436
92.13973799126637
92.35807860262008
89.41048034934498
90.39301310043668
90.93886462882097
90.50218340611353
91.26637554585153
