<model>
linear
</model>
<W>
0.0
-0.0012198615
0.0
0.0
0.0
0.0
0.0
0.0
-0.005524645580459514
-0.8639408338635199
-0.5657097746355308
0.0
0.0
-1.7339579730200967
0.0
0.0
0.0
0.0
0.0
0.0
0.0
0.0
0.0
0.0
0.0
0.0
2.6467509780691345
0.0
0.0
0.0
0.0
0.0
-0.6948103996365518
-0.13273043142068552
3.6812645428848807
3.9607691681929325
-1.223213532624482
4.043153350544322
-2.7833765866644984
-8.245157915831138
8.799554130000818
8.686850247899198
-3.0997695525376807
6.566997416683761
0.42539518223509454
4.134364401800816
-4.3539951223681665
6.594960526898181
0.4326115912672299
-3.6162414307057444
5.429247984341078
-0.38989293650951495
-6.2165349658331035
-1.6134376283692404
5.182298512948361
-2.2166766476070427
5.242583527856355
-0.6721992672465414
-2.525266109439531
4.910032755334069
-0.8560132961739635
-8.300241655521448
-0.7054342501250632
-3.701982781792563
2.6228240221216153
7.576148679363423
3.2719832264364954
-2.747505389802109
-0.5195159829574021
-4.907862681561571
-7.996101305977568
1.4992881199763985
-2.475563879035779
7.312755022822128
2.322015093881695
-1.105539242876231
-2.4274401509827617
-8.540509335701724
2.891195315431606
1.5423955530691078
-4.48905788446775
2.5531457313999555
4.835305170175087
5.94395292381243
-2.1039868629068357
-2.3987692995023
-0.6568221146754409
0.35814178885231884
-2.320272214488671
-4.760977814678749
-3.094144812310486
1.7059089050978509
1.2214953542509255
1.7059089050978509
0.12273775618481376
5.398033656517742
0.011210953516283425
5.202955690501499
-5.065465499496767
-5.311082907066892
0.2135337705362348
-2.1828737289023294
-0.48703432775957456
-11.409999447066593
6.03896605979555
4.969617813237047
-6.659714554916026
0.21895410090598894
9.34099404029994
-2.6495464448072394
1.239042646250434
-1.2312968285287944
2.2167702665464653
-2.7353976445545904
-7.319397803106078
11.841336603035383
-1.2388350087711277
-1.2194413589450848
4.7492254256504856
0.4434213165727776
0.7010555675159562
-1.0990193974927052
0.022030322003283087
-2.982529487319328
1.0863873869355474
-2.982529487319328
-0.10235305077958541
0.0
0.0
0.0
0.0
0.0
0.0
0.0
0.0
0.0
0.0
0.0
0.0
0.0
0.0
0.0
0.0
0.0
0.0
0.0
0.0
0.0
0.0
0.0
0.0
0.0
0.0
0.0
0.0
0.0
0.0
0.0
0.0
0.0
0.0
0.0
0.0
0.0
0.0
0.0
0.0
0.0
0.0
0.0
0.0
0.0
0.0
0.0
0.0
0.0
0.0
0.0
0.0
0.0
0.0
0.0
0.0
0.0
0.0
0.0
0.0
0.0
0.0
0.0
0.0
0.0
0.0
0.0
0.0
0.0
0.0
0.0
0.0
0.0
0.0
0.0
0.0
0.0
0.0
0.0
0.0
0.0
0.0
0.0
0.0
0.0
0.0
0.0
0.0
0.0
0.0
0.0
0.0
0.0
0.0
0.0
0.0
0.0
0.0
0.0
0.0
0.0
0.0
0.0
0.0
0.0
0.0
0.0
0.0
0.0
0.0
0.0
0.0
0.0
0.0
0.0
0.0
0.0
0.0
0.0
0.0
0.0
0.0
0.0
0.0
0.0
0.0
0.0
</W>
<b>
-2.103718200027103
</b>
<info>
Training (X) File : /home/vibhatha/data/libsvm/webspam/webspam_isesvm_train_x_bin.375 
Training (Y) File : /home/vibhatha/data/libsvm/webspam/webspam_isesvm_train_y.375.bin 
Testing (X) File : /home/vibhatha/data/libsvm/webspam/webspam_isesvm_test_x_bin.375 
Testing (Y) File : /home/vibhatha/data/libsvm/webspam/webspam_isesvm_test_y.375.bin 
I/O Time : 144
Kernel Matrix Calculation : 0.247 s
</info>
