<model>
linear
</model>
<W>
0.0
0.0
0.0
0.0
0.0
0.0
0.0
0.0
0.0
0.16546255588106784
0.6338414135239834
0.0
0.0
-3.1168286399668297
0.0
0.0
0.0
0.0
0.0
0.0
0.0
0.0
0.0
0.0
0.0
0.0
3.0248494808460076
0.0
0.0
0.0
0.0
0.0
0.9947106654106264
0.18494773129402947
2.0913009140016317
-0.9966171708736845
-0.11297583890786031
0.30746323725432156
-1.498220938779214
-1.1813974829782312
2.1303154714905705
2.122943821490571
-0.4964362935419856
0.3272529801512827
-1.0928822947028034
2.1587276587178024
1.504082894651912
6.397732613065622
-0.6842593798653104
-0.23246821146445315
-0.7517400173436368
-0.833596722703456
0.4068875500388861
-1.254700501820684
1.1377734277183822
0.6734260042712927
0.3480395387484786
0.32952690945233787
-1.5956902334093441
-1.616607852163748
-0.1513690885735719
-5.043545313691077
-0.08942711808149596
-1.500450042066991
0.3198054669467194
1.010404406720469
1.1738494683884722
-0.5090885656111617
-0.7262677461889644
-0.8139267828012775
-2.758215713787308
0.37199346639574205
-1.2590276320325857
2.0176796450385934
-0.09713822277186256
-0.5090488667673287
1.2380652975984674
-0.3912529416665247
0.8980668332898813
0.019763683753550698
-0.41257079259356755
-0.49920962793221857
1.9422977358526912
1.0851411974829017
-0.5493415986863328
-0.9458334514411734
0.15554032645158622
0.011821703544630295
-0.4692672351485977
-1.1789204502569455
-0.5439107121595025
0.17983902767283902
0.044478520985224874
0.17901984267283913
-0.0010557976323918267
3.5190203630066392
0.0063760565
4.143919017730483
-0.6745040868493672
-0.15548358303555476
-2.4532225040954447
0.5539786631529844
1.6618959943278204
-2.357888551993136
-2.445069483895499
6.15303415760052
0.16674742062232742
0.8260120608804629
2.748901810480452
-3.465400452364897
4.000246008340822
-1.4965892028743855
-0.9760487208290762
-0.3509554589879074
-1.5063145890254859
5.345209385513613
-0.507905350980485
1.014690830807535
3.624235316484972
-0.7038537731712441
-0.719307681259384
-0.8824420824933054
-1.0734548404842676
-0.5261023461283643
0.5589439612811146
-0.5261023461283643
0.006004430717608176
0.0
0.0
0.0
0.0
0.0
0.0
0.0
0.0
0.0
0.0
0.0
0.0
0.0
0.0
0.0
0.0
0.0
0.0
0.0
0.0
0.0
0.0
0.0
0.0
0.0
0.0
0.0
0.0
0.0
0.0
0.0
0.0
0.0
0.0
0.0
0.0
0.0
0.0
0.0
0.0
0.0
0.0
0.0
0.0
0.0
0.0
0.0
0.0
0.0
0.0
0.0
0.0
0.0
0.0
0.0
0.0
0.0
0.0
0.0
0.0
0.0
0.0
0.0
0.0
0.0
0.0
0.0
0.0
0.0
0.0
0.0
0.0
0.0
0.0
0.0
0.0
0.0
0.0
0.0
0.0
0.0
0.0
0.0
0.0
0.0
0.0
0.0
0.0
0.0
0.0
0.0
0.0
0.0
0.0
0.0
0.0
0.0
0.0
0.0
0.0
0.0
0.0
0.0
0.0
0.0
0.0
0.0
0.0
0.0
0.0
0.0
0.0
0.0
0.0
0.0
0.0
0.0
0.0
0.0
0.0
0.0
0.0
0.0
0.0
0.0
0.0
0.0
</W>
<b>
-3.821505748939258
</b>
<info>
Training (X) File : /home/vibhatha/data/libsvm/webspam/webspam_isesvm_train_x_bin.92 
Training (Y) File : /home/vibhatha/data/libsvm/webspam/webspam_isesvm_train_y.92.bin 
Testing (X) File : /home/vibhatha/data/libsvm/webspam/webspam_isesvm_test_x_bin.92 
Testing (Y) File : /home/vibhatha/data/libsvm/webspam/webspam_isesvm_test_y.92.bin 
I/O Time : 117
Kernel Matrix Calculation : 0.228 s
</info>
