89.92805755395683
92.80575539568345
90.28776978417267
88.48920863309353
90.28776978417267
89.92805755395683
89.568345323741
91.00719424460432
92.08633093525181
91.36690647482014
92.80575539568345
88.84892086330936
88.12949640287769
90.28776978417267
91.36690647482014
87.76978417266187
92.44604316546763
87.41007194244604
91.00719424460432
84.53237410071942
91.00719424460432
90.64748201438849
92.08633093525181
93.16546762589928
91.00719424460432
91.00719424460432
88.12949640287769
89.20863309352518
88.48920863309353
93.5251798561151
91.00719424460432
88.48920863309353
92.08633093525181
87.41007194244604
89.568345323741
88.84892086330936
92.08633093525181
89.20863309352518
90.28776978417267
90.64748201438849
