<model>
linear
</model>
<W>
0.0
0.0
0.0
0.0
0.0
0.0
0.0
0.0
0.0
-1.1079832686638804
4.55913085129016
0.0
0.0
-3.307491660054417
0.0
0.0
0.0
0.0
0.0
0.0
0.0
0.0
0.0
0.0
0.0
0.0
0.008268278397981017
0.0
0.0
0.0
0.0
0.0
0.08979140674141242
-0.6237308577437393
2.6884943785368263
2.5634206460394897
-0.5003277541285188
4.561120476109189
-3.1077333816244344
-5.047356925589363
4.771431604773383
4.924364124773384
0.17437636064202525
-0.9218963104349456
-1.6807009373402815
1.792299656628981
-0.09844970744178669
9.717192841059328
-0.2351765070655449
0.4604215651651083
0.0879445375689515
-3.9736348064414884
-1.1302803929261427
0.5837961599845795
5.22168232655662
1.040675130628805
2.6030888716755087
2.873573583210298
3.367740331984908
-1.0223427557218492
-3.4010889564143234
-5.360727564666455
-3.2397478479834625
-6.213192451265072
0.74710254871571
3.1433272004786588
0.6279108480531661
-5.851275797390702
2.193711818053496
-4.957423489235012
-5.585717826039793
-1.0924861623094273
-0.49726359274895904
2.743686135550667
-1.099782071268813
-0.11126277482042184
-3.5559122236260285
-2.089437896161595
0.3759205751393291
-2.6442048733169212
-2.6238857043882278
1.948966721208159
0.4772684998914599
2.4176720550377047
-1.2991460945808084
-1.5823332644392547
0.9669459442748072
-1.6805697126732846
-1.2725569193590256
-1.4725880147120622
-1.1961875442083256
0.5905265974086781
-1.0564203682621918
0.5957480363162374
0.0842177122654268
1.369079734604126
-0.07314407571913546
3.6590717587889205
-1.6211194456058104
-3.2163891726614002
2.090196949185344
-2.73451850773804
1.2512115139745406
-7.88203266551595
2.509168066324175
3.8053108993479636
-1.378075837701425
-3.3598042143878533
5.225424965875835
-2.962962801555086
8.669573599149672
-4.042754277012978
0.47346092745947843
-2.7507238950797865
-6.218512294728678
9.09344959939954
-0.4551714064681256
-1.1338091712515501
4.188223984653768
-0.9484407496910197
2.188311158423503
-0.8847819591035154
1.635698384524606
-0.7629474794905038
1.6170227425520913
-0.749668721069926
-0.1778866542424403
0.0
0.0
0.0
0.0
0.0
0.0
0.0
0.0
0.0
0.0
0.0
0.0
0.0
0.0
0.0
0.0
0.0
0.0
0.0
0.0
0.0
0.0
0.0
0.0
0.0
0.0
0.0
0.0
0.0
0.0
0.0
0.0
0.0
0.0
0.0
0.0
0.0
0.0
0.0
0.0
0.0
0.0
0.0
0.0
0.0
0.0
0.0
0.0
0.0
0.0
0.0
0.0
0.0
0.0
0.0
0.0
0.0
0.0
0.0
0.0
0.0
0.0
0.0
0.0
0.0
0.0
0.0
0.0
0.0
0.0
0.0
0.0
0.0
0.0
0.0
0.0
0.0
0.0
0.0
0.0
0.0
0.0
0.0
0.0
0.0
0.0
0.0
0.0
0.0
0.0
0.0
0.0
0.0
0.0
0.0
0.0
0.0
0.0
0.0
0.0
0.0
0.0
0.0
0.0
0.0
0.0
0.0
0.0
0.0
0.0
0.0
0.0
0.0
0.0
0.0
0.0
0.0
0.0
0.0
0.0
0.0
0.0
0.0
0.0
0.0
0.0
0.0
</W>
<b>
-2.3030362250641625
</b>
<info>
Training (X) File : /home/vibhatha/data/libsvm/webspam/webspam_isesvm_train_x_bin.98 
Training (Y) File : /home/vibhatha/data/libsvm/webspam/webspam_isesvm_train_y.98.bin 
Testing (X) File : /home/vibhatha/data/libsvm/webspam/webspam_isesvm_test_x_bin.98 
Testing (Y) File : /home/vibhatha/data/libsvm/webspam/webspam_isesvm_test_y.98.bin 
I/O Time : 148
Kernel Matrix Calculation : 0.21 s
</info>
