<model>
linear
</model>
<W>
0.0
0.0
0.0
0.0
0.0
0.0
0.0
0.0
0.0
0.49910852580971676
-0.7922528572370894
0.0
0.0
-3.6736131583384486
0.0
0.0
0.0
0.0
0.0
0.0
0.0
0.0
0.0
0.0
0.0
0.0
1.7090282750914523
0.0
0.0
0.0
0.0
0.0
-0.12753999255962278
0.2190888999247785
1.7322316846457915
0.8159724707632771
-0.04115053007981595
0.5294900706236195
-0.6925826190644718
-2.64497586840246
0.662175108781734
0.6893511487817341
-0.6409487868443504
0.3739027022207324
0.33315520918154923
1.986083164292
0.17516824810798404
5.577589542842882
0.42678960100262614
-0.11932970770471717
0.41779719440580704
-0.5178644388131455
-0.2531750798050445
-0.15874525959590427
1.04888195840189
0.4793764215253961
0.45552464095906003
0.48549877277608117
1.8994938744075855
0.5754008774565197
-0.5460678784840756
-4.06051088638699
-0.50721183906002
-0.7999584482497274
0.18708439808347618
0.7572176832258014
-0.260932337805758
-1.705332165565132
-1.5207352105584104
-1.6262337823871014
-2.1184372652573087
-0.5406016071269832
-0.5831769000297498
-0.07421580677459802
-0.03066915363121025
-0.6555075585135054
0.6583456511237304
-1.0286565368008682
-0.17667578545306542
-0.7236858477343259
-0.37198274794694497
-0.4417831810608369
0.10120481528362582
1.2146298756849645
-2.471308160095954
-0.5576251986941035
-0.10304367356789268
-0.3754995195735208
-0.36886355115369746
-0.5445760205971294
-0.595606728401194
0.5320841177769947
-0.20624289862922074
0.5334265217769948
0.0101858739
1.2569715353521727
0.005627643
2.172512040886345
0.7439172407494378
0.0938562905870686
-3.6128156337957726
0.22814168573179155
-0.2714568459744101
-3.0917703502664637
-1.5657329797839838
3.7553728649175824
-0.7593741511879883
-1.5861773433922395
2.310044048243569
-3.993900541651479
2.746307077113337
-0.2436310769204291
1.3165756358486032
-0.289395670465414
-2.267166785949376
4.342066401718489
0.24335465786920493
-1.2128557158404039
3.4348367558052586
-0.4266494579938319
-0.4494821220580889
0.0595188516759156
-0.22781246565224272
-0.32048165578231025
0.4048514122327388
-0.3202680464823102
-0.0384067760632515
0.0
0.0
0.0
0.0
0.0
0.0
0.0
0.0
0.0
0.0
0.0
0.0
0.0
0.0
0.0
0.0
0.0
0.0
0.0
0.0
0.0
0.0
0.0
0.0
0.0
0.0
0.0
0.0
0.0
0.0
0.0
0.0
0.0
0.0
0.0
0.0
0.0
0.0
0.0
0.0
0.0
0.0
0.0
0.0
0.0
0.0
0.0
0.0
0.0
0.0
0.0
0.0
0.0
0.0
0.0
0.0
0.0
0.0
0.0
0.0
0.0
0.0
0.0
0.0
0.0
0.0
0.0
0.0
0.0
0.0
0.0
0.0
0.0
0.0
0.0
0.0
0.0
0.0
0.0
0.0
0.0
0.0
0.0
0.0
0.0
0.0
0.0
0.0
0.0
0.0
0.0
0.0
0.0
0.0
0.0
0.0
0.0
0.0
0.0
0.0
0.0
0.0
0.0
0.0
0.0
0.0
0.0
0.0
0.0
0.0
0.0
0.0
0.0
0.0
0.0
0.0
0.0
0.0
0.0
0.0
0.0
0.0
0.0
0.0
0.0
0.0
0.0
</W>
<b>
-1.552450919307182
</b>
<info>
Training (X) File : /home/vibhatha/data/libsvm/webspam/webspam_isesvm_train_x_bin.27 
Training (Y) File : /home/vibhatha/data/libsvm/webspam/webspam_isesvm_train_y.27.bin 
Testing (X) File : /home/vibhatha/data/libsvm/webspam/webspam_isesvm_test_x_bin.27 
Testing (Y) File : /home/vibhatha/data/libsvm/webspam/webspam_isesvm_test_y.27.bin 
I/O Time : 114
Kernel Matrix Calculation : 0.212 s
</info>
