84.53237410071942
84.89208633093526
85.61151079136691
83.45323741007195
83.45323741007195
83.09352517985612
82.73381294964028
85.61151079136691
82.01438848920863
84.17266187050359
85.97122302158273
82.73381294964028
84.53237410071942
85.97122302158273
82.37410071942446
82.37410071942446
85.97122302158273
83.45323741007195
82.37410071942446
75.53956834532374
83.81294964028777
87.41007194244604
86.33093525179856
81.65467625899281
83.09352517985612
80.57553956834532
82.37410071942446
80.57553956834532
82.37410071942446
84.89208633093526
89.568345323741
82.73381294964028
80.93525179856115
84.89208633093526
85.97122302158273
79.85611510791367
88.48920863309353
85.61151079136691
84.53237410071942
84.89208633093526
