89.92805755395683
91.36690647482014
89.20863309352518
89.568345323741
88.84892086330936
87.41007194244604
89.20863309352518
90.28776978417267
89.20863309352518
86.33093525179856
91.00719424460432
89.20863309352518
88.48920863309353
89.20863309352518
89.568345323741
90.28776978417267
88.48920863309353
88.12949640287769
90.28776978417267
84.89208633093526
89.20863309352518
91.36690647482014
89.92805755395683
89.92805755395683
88.48920863309353
87.41007194244604
88.48920863309353
87.41007194244604
87.41007194244604
90.28776978417267
91.00719424460432
89.20863309352518
89.92805755395683
91.36690647482014
89.20863309352518
89.568345323741
91.00719424460432
89.92805755395683
90.28776978417267
87.76978417266187
