90.64748201438849
91.36690647482014
89.568345323741
89.20863309352518
86.6906474820144
89.20863309352518
89.20863309352518
87.76978417266187
92.08633093525181
89.568345323741
91.72661870503596
89.20863309352518
89.92805755395683
89.92805755395683
88.48920863309353
89.20863309352518
88.12949640287769
89.20863309352518
87.41007194244604
85.25179856115108
89.92805755395683
91.36690647482014
90.28776978417267
90.28776978417267
88.84892086330936
89.92805755395683
88.48920863309353
88.12949640287769
86.33093525179856
92.44604316546763
90.64748201438849
88.48920863309353
88.12949640287769
88.84892086330936
91.36690647482014
88.84892086330936
92.08633093525181
89.568345323741
88.12949640287769
89.20863309352518
