<model>
linear
</model>
<W>
-0.28859245644974285
0.01681626705314665
-0.28235217452889494
0.10423490335901953
0.4498934605664564
0.19500018296948607
0.5575475555780294
0.7797962100875049
-0.5325000522445419
-0.6052347746356452
-0.39460912175483487
0.0
0.0
-0.3745385491823421
0.26212656151040425
-0.11497681222638478
-0.011437650755592
0.23882645065390506
-0.5279639781548067
0.37953942689101705
-0.274062838759945
-0.428900703753468
1.0850790071843905
-0.1808473127929533
0.1688382617630405
0.8014133959640483
-0.7469721513972757
1.3169921640509046
-1.166281277035421
0.0
-1.1457658117475245
1.440847092518965
-0.7219152747309788
0.0
-0.7703105166207713
-0.428900703753468
0.37953942689101705
-0.01200905102991369
0.8316808445131274
0.8947757883247207
0.48037997483905936
-1.1461310675857717
-0.18195018247201866
0.4854255391385438
-0.5325000522445419
0.0
1.26575151213867
0.24621370556354227
-1.6830078359490954
-0.4294284900318224
0.9409546165647495
-0.5293528994951656
0.58192625526481
0.21952125556636706
-0.44516939271361977
-1.9608238346293245
0.3389049683711033
1.97758476261356E-16
1.4545101393497768
0.0
0.4961208554632246
0.6917523291954611
0.39865493286149434
-0.25375219459988374
-0.4046216911329476
-0.9281542317873591
0.17030844191240035
0.33264365735056806
-0.7219152747309788
-0.3321781235611585
0.5511412990291685
-0.15063697457153857
0.15063697457153324
-0.6946257097356106
0.6946257097355995
-0.524950682022649
0.5249506820226361
0.009509413468570926
0.22486543256542224
0.4629780500905043
-0.8317994901681607
0.13444659404365833
0.7031585288313495
0.0
0.0
0.0
1.0391761653706757
3.0
0.0
0.0
0.0
0.0
0.0
0.0
0.0
0.0
0.0
0.3326772840251236
0.0
-3.469446951953614E-17
0.0
0.0
-1.214306433183765E-17
0.0
0.0
1.97758476261356E-16
0.0
0.0
0.0
0.0
0.0
0.0
0.0
0.0
0.0
0.0
0.0
0.0
0.0
0.0
0.0
0.0
0.0
</W>
<b>
-2.1183375777253914
</b>
<info>
Training (X) File : /home/vibhatha/data/libsvm/a9a/a9a_isesvm_train_x_bin.51 
Training (Y) File : /home/vibhatha/data/libsvm/a9a/a9a_isesvm_train_y.51.bin 
Testing (X) File : /home/vibhatha/data/libsvm/a9a/a9a_isesvm_test_x_bin.51 
Testing (Y) File : /home/vibhatha/data/libsvm/a9a/a9a_isesvm_test_y.51.bin 
I/O Time : 82
Kernel Matrix Calculation : 0.066 s
</info>
