<model>
linear
</model>
<W>
0.0
0.0
0.0
0.0
0.0
0.0
0.0
0.0
0.0
-0.37706835105278047
5.9289345864162035
0.0
0.0
-1.9389449529490304
0.0
0.0
0.0
0.0
0.0
0.0
0.0
0.0
0.0
0.0
0.0
0.0
1.4695477498980067
0.0
0.0
0.0
0.0
0.0
1.4110319912851743
-2.711428709434142
2.8340953625179726
7.779243449113166
0.22230419803679513
-2.5396981389538773
-2.09832044662742
-5.404132348746024
7.221666746277165
7.684609226277162
1.0808601093020502
3.650159020838011
-3.9332519888249973
2.059898544122111
0.4465564526845056
9.237259408903675
-2.453411757816759
0.9644239051682343
6.323337386270039
-2.6294994238813576
1.529479591927715
-4.320553998436747
2.972430522142025
1.9692921560708851
4.062148003061837
6.95786956791768
1.7364822103873219
-1.2510088450047734
-3.971388190797363
-6.855397469326278
-3.5083915890704134
-4.339438258981687
2.08014535094408
4.235424523128892
0.5437963394023619
-2.977856113601388
1.2156583327571122
-4.876475121083993
-13.793939326038604
2.4056656236002407
1.4368880252020246
8.022956746565562
-1.4666248508386002
-1.641940701539444
1.1149098835399969
-4.44224727322784
4.998372625412601
-0.8541746302845141
-2.7259107256583484
1.7043000420316654
-0.42306193137948744
-2.377131134957189
0.657660490898405
1.3312940357504288
4.049853385305655
0.8054738768462336
-2.563879597164873
-2.6740299374765497
-2.5643327002043375
1.7375197538543043
-3.1484863757142394
1.7218667138543042
0.12635348187551773
0.26012684764486876
0.004266795
5.287317370979546
0.8305133104566318
-1.1842486503080467
-6.823750748699387
-5.185358035037039
5.245291890808406
-5.6629837904078215
7.202350693209414
6.230056084296438
-3.494138838545504
-1.9443493299229728
9.469877099261712
-6.2628361728072885
6.7220090407166815
-3.660145783276195
-4.665285343033648
2.1616165534097505
-4.426856893283025
6.372939013064962
3.7637861189539166
-0.26893404320532976
10.127104782745327
-5.2411444538223
-4.314296520826171
-0.22502895688988
-3.0809399188321493
-3.2714856194870623
1.4063588868711165
-3.2714856194870623
-0.14324540191372237
0.0
0.0
0.0
0.0
0.0
0.0
0.0
0.0
0.0
0.0
0.0
0.0
0.0
0.0
0.0
0.0
0.0
0.0
0.0
0.0
0.0
0.0
0.0
0.0
0.0
0.0
0.0
0.0
0.0
0.0
0.0
0.0
0.0
0.0
0.0
0.0
0.0
0.0
0.0
0.0
0.0
0.0
0.0
0.0
0.0
0.0
0.0
0.0
0.0
0.0
0.0
0.0
0.0
0.0
0.0
0.0
0.0
0.0
0.0
0.0
0.0
0.0
0.0
0.0
0.0
0.0
0.0
0.0
0.0
0.0
0.0
0.0
0.0
0.0
0.0
0.0
0.0
0.0
0.0
0.0
0.0
0.0
0.0
0.0
0.0
0.0
0.0
0.0
0.0
0.0
0.0
0.0
0.0
0.0
0.0
0.0
0.0
0.0
0.0
0.0
0.0
0.0
0.0
0.0
0.0
0.0
0.0
0.0
0.0
0.0
0.0
0.0
0.0
0.0
0.0
0.0
0.0
0.0
0.0
0.0
0.0
0.0
0.0
0.0
0.0
0.0
0.0
</W>
<b>
-3.9726574283708125
</b>
<info>
Training (X) File : /home/vibhatha/data/libsvm/webspam/webspam_isesvm_train_x_bin.42 
Training (Y) File : /home/vibhatha/data/libsvm/webspam/webspam_isesvm_train_y.42.bin 
Testing (X) File : /home/vibhatha/data/libsvm/webspam/webspam_isesvm_test_x_bin.42 
Testing (Y) File : /home/vibhatha/data/libsvm/webspam/webspam_isesvm_test_y.42.bin 
I/O Time : 133
Kernel Matrix Calculation : 0.236 s
</info>
