92.08633093525181
92.08633093525181
89.568345323741
88.48920863309353
89.20863309352518
90.28776978417267
89.568345323741
91.00719424460432
91.00719424460432
91.00719424460432
92.08633093525181
91.00719424460432
89.568345323741
91.72661870503596
90.28776978417267
87.41007194244604
91.36690647482014
89.20863309352518
91.72661870503596
86.33093525179856
92.44604316546763
91.36690647482014
91.00719424460432
90.28776978417267
88.84892086330936
90.64748201438849
91.00719424460432
89.92805755395683
91.00719424460432
92.44604316546763
92.08633093525181
90.64748201438849
91.00719424460432
91.72661870503596
91.00719424460432
88.12949640287769
92.80575539568345
90.64748201438849
89.20863309352518
89.20863309352518
