<model>
linear
</model>
<W>
0.0
0.0
0.0
0.0
0.0
0.0
0.0
0.0
0.0
-0.17310162583022728
0.19172481920707762
0.0
0.0
-3.8908358365391917
0.0
0.0
0.0
0.0
0.0
0.0
0.0
0.0
0.0
0.0
0.0
0.0
1.3821478463876942
0.0
0.0
0.0
0.0
0.0
-0.48604367519440184
0.5774961202516196
3.710419714754159
1.9242758793661303
-0.5201748984474192
-3.384449395801849
-1.8157697468846083
-5.193238895254832
5.365229693523971
5.194523160013833
-0.8763874547700515
-0.7603154842528702
0.7009399678494872
-0.534652555555241
1.7188358452660693
7.849385198495131
-1.8767423844104905
3.5482357162686773
3.4307574311593676
-4.324531041142546
-1.5396160089726751
-1.7641908890912503
2.9691227633537824
-1.2323798456277064
1.3026673328393052
3.7955602309106244
3.681879503575315
2.9511986789280087
-4.156736724362826
-7.858378449169418
-3.9630048279348253
-5.587507815293057
0.806937551407934
4.836559597387494
2.8150813339065754
-4.229899847477085
2.0948155432785556
-0.03249760024967727
-5.293453694606768
-0.8285208734480796
0.5927521848722281
1.0538943517450656
-1.271848032426675
-2.6133152949032237
0.393613319697232
-2.6277404427443094
1.2237985200942658
1.7261247761626177
-0.41994416845717975
-2.4177221109627944
2.1912345730005223
4.315125790042577
-3.92427060565418
0.16678610820540218
0.20921403281752646
0.9554224838618534
-1.3985343488235789
-2.503482885137473
-1.916749425385193
1.2108668694600762
-0.40958019500926535
1.2098550994600759
0.1520098160868763
2.3653869177574727
-0.01580777628219915
3.8881283055099076
-0.7904447025185048
-3.176820486547557
0.17978835922985556
-1.216609438192293
4.882439480468477
-7.175932023188404
1.0132146235489512
7.683840130783169
-0.7996626325689009
-4.699770406726823
0.24286355258601106
-10.588962289988448
3.5745493318825186
-4.191960348227192
-1.1934644136023924
-0.24282808131814634
-1.769834329354548
10.505886974733812
1.0697930740520312
-4.212494974979765
3.988199378347175
-5.189697773927988
2.3154581038602196
1.374008846871788
-0.20392778436609862
1.9677901767167407
1.7539926761910172
1.9644222867167405
0.052527640426761224
0.0
0.0
0.0
0.0
0.0
0.0
0.0
0.0
0.0
0.0
0.0
0.0
0.0
0.0
0.0
0.0
0.0
0.0
0.0
0.0
0.0
0.0
0.0
0.0
0.0
0.0
0.0
0.0
0.0
0.0
0.0
0.0
0.0
0.0
0.0
0.0
0.0
0.0
0.0
0.0
0.0
0.0
0.0
0.0
0.0
0.0
0.0
0.0
0.0
0.0
0.0
0.0
0.0
0.0
0.0
0.0
0.0
0.0
0.0
0.0
0.0
0.0
0.0
0.0
0.0
0.0
0.0
0.0
0.0
0.0
0.0
0.0
0.0
0.0
0.0
0.0
0.0
0.0
0.0
0.0
0.0
0.0
0.0
0.0
0.0
0.0
0.0
0.0
0.0
0.0
0.0
0.0
0.0
0.0
0.0
0.0
0.0
0.0
0.0
0.0
0.0
0.0
0.0
0.0
0.0
0.0
0.0
0.0
0.0
0.0
0.0
0.0
0.0
0.0
0.0
0.0
0.0
0.0
0.0
0.0
0.0
0.0
0.0
0.0
0.0
0.0
0.0
</W>
<b>
-1.2990242011363375
</b>
<info>
Training (X) File : /home/vibhatha/data/libsvm/webspam/webspam_isesvm_train_x_bin.302 
Training (Y) File : /home/vibhatha/data/libsvm/webspam/webspam_isesvm_train_y.302.bin 
Testing (X) File : /home/vibhatha/data/libsvm/webspam/webspam_isesvm_test_x_bin.302 
Testing (Y) File : /home/vibhatha/data/libsvm/webspam/webspam_isesvm_test_y.302.bin 
I/O Time : 132
Kernel Matrix Calculation : 0.201 s
</info>
