92.44604316546763
91.00719424460432
89.20863309352518
88.12949640287769
87.05035971223022
90.28776978417267
88.48920863309353
91.72661870503596
91.72661870503596
89.92805755395683
91.36690647482014
90.64748201438849
89.20863309352518
91.36690647482014
90.28776978417267
88.48920863309353
91.36690647482014
90.28776978417267
89.568345323741
87.05035971223022
90.28776978417267
91.36690647482014
91.36690647482014
92.08633093525181
88.84892086330936
91.36690647482014
89.92805755395683
88.84892086330936
89.20863309352518
94.24460431654677
91.72661870503596
89.20863309352518
88.48920863309353
89.92805755395683
91.72661870503596
91.00719424460432
90.64748201438849
91.36690647482014
90.64748201438849
90.28776978417267
