<model>
linear
</model>
<W>
0.0
0.0
0.0
0.0
0.0
0.0
0.0
0.0
0.0
-1.0146559513651439
2.624263107991819
0.0
0.0
-6.446483794596901
0.0
0.0
0.0
0.0
0.0
0.0
0.0
0.0
0.0
0.0
0.0
0.0
5.890805436397107
0.0
0.0
0.0
0.0
0.0
-0.8997991290529743
-0.4383349325680295
6.4672914444999545
5.633168221031741
-0.5001904179821165
-3.763582886007227
-5.455217702564704
-3.7238152395286415
6.494214778155914
6.577212090473008
-7.84504377607527
3.391546011968248
-5.397180020009467
8.710692772139163
-3.5517908641088
10.155340907047137
-0.5412772058797908
-0.698390744072933
3.783843119139861
-2.2139631856524016
-3.911634858540018
1.5353372696244507
1.525656991750196
-1.6371458674598525
4.122954835531929
-2.2344668535532497
3.19202546074767
0.9516884541575669
-2.4197399126335815
-10.385270355780623
-2.745133898216477
-4.077254769376396
0.8388489479062785
3.6294068709561835
0.08088361065852734
-3.2293434562589254
-0.42422632346159217
-6.8217271915669055
-8.425082838942748
-0.4531917743483497
-0.5484808863678148
3.1428092738574778
1.835016008999254
-2.2036267134675858
-3.187089505317801
-0.2792886870075306
-0.45974912882401076
0.33935159658858605
-2.10046497178858
1.013412395919084
1.647731827237255
0.3906426163825003
0.569463417890367
-0.3534685702865279
2.841511754926113
1.7812737924628643
0.27809933632077116
-3.0152481147761936
-2.051339815018793
2.360163270598289
1.2035120672339845
2.327146916598289
0.03422979701861741
-1.2550499345173562
-0.01021153
-0.5876384591822932
-0.8038624922902926
-3.380557287020249
-1.4651760708295982
-2.21453918709539
8.341550467004456
-4.015121217301335
-1.7107242628540669
2.309689788781748
-0.33330598026392555
-2.5234139196125316
6.509504682116977
-5.2385650467973806
2.801901917096565
-0.3447281404250315
-0.5535255593710349
-1.50409224132988
-0.988336811175019
8.196004148140538
-3.460595072480901
-0.7469036248766043
10.166044675168314
-6.6333775587640496
0.14490554437446124
6.089976555384805
-1.876476478903292
0.9731641063370821
1.5312916995258368
0.9761212563370821
-0.1016381691035025
0.0
0.0
0.0
0.0
0.0
0.0
0.0
0.0
0.0
0.0
0.0
0.0
0.0
0.0
0.0
0.0
0.0
0.0
0.0
0.0
0.0
0.0
0.0
0.0
0.0
0.0
0.0
0.0
0.0
0.0
0.0
0.0
0.0
0.0
0.0
0.0
0.0
0.0
0.0
0.0
0.0
0.0
0.0
0.0
0.0
0.0
0.0
0.0
0.0
0.0
0.0
0.0
0.0
0.0
0.0
0.0
0.0
0.0
0.0
0.0
0.0
0.0
0.0
0.0
0.0
0.0
0.0
0.0
0.0
0.0
0.0
0.0
0.0
0.0
0.0
0.0
0.0
0.0
0.0
0.0
0.0
0.0
0.0
0.0
0.0
0.0
0.0
0.0
0.0
0.0
0.0
0.0
0.0
0.0
0.0
0.0
0.0
0.0
0.0
0.0
0.0
0.0
0.0
0.0
0.0
0.0
0.0
0.0
0.0
0.0
0.0
0.0
0.0
0.0
0.0
0.0
0.0
0.0
0.0
0.0
0.0
0.0
0.0
0.0
0.0
0.0
0.0
</W>
<b>
-0.5419612168100585
</b>
<info>
Training (X) File : /home/vibhatha/data/libsvm/webspam/webspam_isesvm_train_x_bin.128 
Training (Y) File : /home/vibhatha/data/libsvm/webspam/webspam_isesvm_train_y.128.bin 
Testing (X) File : /home/vibhatha/data/libsvm/webspam/webspam_isesvm_test_x_bin.128 
Testing (Y) File : /home/vibhatha/data/libsvm/webspam/webspam_isesvm_test_y.128.bin 
I/O Time : 57
Kernel Matrix Calculation : 0.222 s
</info>
