91.00719424460432
90.64748201438849
90.28776978417267
89.568345323741
89.20863309352518
87.41007194244604
89.20863309352518
91.00719424460432
91.72661870503596
88.84892086330936
93.5251798561151
88.84892086330936
89.568345323741
91.00719424460432
90.64748201438849
90.64748201438849
90.28776978417267
90.64748201438849
89.92805755395683
84.17266187050359
91.36690647482014
93.16546762589928
90.64748201438849
91.36690647482014
88.84892086330936
87.76978417266187
89.20863309352518
89.20863309352518
89.568345323741
91.72661870503596
92.44604316546763
87.41007194244604
89.20863309352518
91.36690647482014
90.28776978417267
88.84892086330936
92.08633093525181
92.44604316546763
89.20863309352518
89.20863309352518
