<model>
linear
</model>
<W>
0.0
0.0
0.0
0.0
0.0
0.0
0.0
0.0
0.0
0.08492225383712804
1.1229147730166988
0.0
0.0
0.46396456648004825
0.0
0.0
0.0
0.0
0.0
0.0
0.0
0.0
0.0
0.0
0.0
0.0
3.6040700047002088
0.0
0.0
0.0
0.0
0.0
0.2766707687232577
0.4548734078681287
3.756680185191396
-1.6654345455011113
-1.477717669871515
7.074932178391351
-0.7778355979975736
-6.561041114571157
9.222871639483165
9.12188109988628
-6.8759144285003755
3.4240482676118513
-10.169595607580828
11.564998550620642
1.2130488147834118
6.868833457896873
-0.5661844163401311
-10.555684163352781
-0.38895741144399887
-3.3552065317024544
-4.4645951152239585
3.5679356274824756
9.84345090095738
2.3192897174324365
5.664597161590895
4.378070204089528
-2.6749694555445287
-0.7429318013541045
-1.6656807999864105
-7.997112694316803
-2.0871947471569245
-6.450276455338912
1.7323861074281417
3.830469228244387
2.101544493978539
-2.656711688994668
6.829283490777282
-10.474676362834838
-14.827388040821967
-7.9354763116298805
-2.391934598167902
0.6136036641503513
3.0193783818114293
-0.31529210214555503
0.2846812248721994
1.1815085802044003
9.106479631902932
2.5462618236722117
-0.974422521453566
0.5699586276877412
0.4919658387065751
0.8008741029516413
-0.19376679084802417
3.8845379627709398
6.101612551981733
1.4916080764760282
0.06262266874622233
0.033066221616470604
-1.627523683695384
1.1392354502896587
-1.2602013645121501
1.1528388102896585
0.24144119013712734
-1.8156555136924302
0.05248457071156147
-0.6213228824800359
-1.1634473870570727
-2.29279558349133
2.4476487859041227
-2.1909559071421594
0.9230939086745502
-8.98858694588409
0.04192144447630719
7.008654130517369
4.038817889788621
-3.7533589528269493
13.530169717293948
-2.1819348448297116
8.329225830771959
-2.6988355278806133
0.613885980674372
1.5129145184166717
-1.2194362380802812
11.037259985905973
-3.7632777514498974
-11.606790036483295
12.848438744669588
0.25909400172833486
-1.3217520343652955
0.5150925628245071
4.285929129942251
-0.3550450341640699
3.57606983541601
-0.3550450341640699
0.019951570864379667
0.0
0.0
0.0
0.0
0.0
0.0
0.0
0.0
0.0
0.0
0.0
0.0
0.0
0.0
0.0
0.0
0.0
0.0
0.0
0.0
0.0
0.0
0.0
0.0
0.0
0.0
0.0
0.0
0.0
0.0
0.0
0.0
0.0
0.0
0.0
0.0
0.0
0.0
0.0
0.0
0.0
0.0
0.0
0.0
0.0
0.0
0.0
0.0
0.0
0.0
0.0
0.0
0.0
0.0
0.0
0.0
0.0
0.0
0.0
0.0
0.0
0.0
0.0
0.0
0.0
0.0
0.0
0.0
0.0
0.0
0.0
0.0
0.0
0.0
0.0
0.0
0.0
0.0
0.0
0.0
0.0
0.0
0.0
0.0
0.0
0.0
0.0
0.0
0.0
0.0
0.0
0.0
0.0
0.0
0.0
0.0
0.0
0.0
0.0
0.0
0.0
0.0
0.0
0.0
0.0
0.0
0.0
0.0
0.0
0.0
0.0
0.0
0.0
0.0
0.0
0.0
0.0
0.0
0.0
0.0
0.0
0.0
0.0
0.0
0.0
0.0
0.0
</W>
<b>
-3.6462464633483584
</b>
<info>
Training (X) File : /home/vibhatha/data/libsvm/webspam/webspam_isesvm_train_x_bin.30 
Training (Y) File : /home/vibhatha/data/libsvm/webspam/webspam_isesvm_train_y.30.bin 
Testing (X) File : /home/vibhatha/data/libsvm/webspam/webspam_isesvm_test_x_bin.30 
Testing (Y) File : /home/vibhatha/data/libsvm/webspam/webspam_isesvm_test_y.30.bin 
I/O Time : 77
Kernel Matrix Calculation : 0.256 s
</info>
