89.92805755395683
92.44604316546763
88.84892086330936
89.92805755395683
90.64748201438849
88.48920863309353
89.20863309352518
88.12949640287769
89.92805755395683
88.12949640287769
93.88489208633094
89.92805755395683
88.48920863309353
89.568345323741
90.64748201438849
88.84892086330936
92.08633093525181
90.64748201438849
89.20863309352518
83.81294964028777
92.44604316546763
93.16546762589928
90.64748201438849
89.92805755395683
89.20863309352518
90.64748201438849
89.20863309352518
89.20863309352518
90.28776978417267
90.64748201438849
93.16546762589928
87.76978417266187
91.00719424460432
87.76978417266187
90.28776978417267
88.48920863309353
92.08633093525181
92.08633093525181
88.12949640287769
91.72661870503596
