<model>
linear
</model>
<W>
0.11312540590399935
-0.25394622800670685
-0.43105855556095685
-0.05580183719413359
0.6276812148577962
-0.024450859229250645
-0.47043985392879295
0.7962479683675023
-0.10295566451600491
-0.370665986313122
0.5721011621939603
0.0
0.0
-0.36353633715551503
0.002316344089381306
0.666839250654624
-0.3755433699996607
0.06992411241116853
-0.4355057494839313
0.3546318150393156
9.299105898429817E-4
-0.2947565438852867
0.7949323039246312
0.012037411865197134
-0.8019597710290404
-0.5944981882344362
-0.5467437037959195
-2.7755575615628914E-17
0.61268026115693
0.0
0.670964983499543
0.22770035855364812
0.0
-4.1308820049559976E-4
-0.46976008614146536
-0.2947565438852867
0.3546318150393156
-0.7899223591638432
1.1998071741512777
1.5632436305106423
-0.13154799880504972
-1.1675097961778635
-0.5884466708145247
0.32426083528679217
-2.0816681711721685E-17
0.0
0.9471689963113339
-0.8289312206675457
-0.817564821832559
0.12597042607291775
0.42574837399843907
0.39137351119258357
0.0
0.4978779815751013
0.27510650813309334
-0.8006808914582513
-0.3897510514091687
0.0
0.5735189546583466
0.0
0.5481392352079825
1.734723475976807E-17
0.015104395302659057
-0.4442852820109884
0.33642003860508707
-0.45537838710474476
0.7213065846090984
-0.39252062844119695
0.0
0.0
-0.328785956167905
0.005528772222025663
-0.005528772222027002
-0.7075416664967366
0.707541666496732
-0.30790233980410525
0.3079023398041022
-0.9550260858069403
-0.8346583526690465
0.16831727935201302
0.5978025278466471
1.0235646312773259
-0.04665403375022468
0.0
0.0
0.0
-1.8648277366750676E-17
0.0
0.0
0.0
7.806255641895632E-18
0.0
-0.39983676657429434
0.8361549308187649
0.0
0.0
0.0
0.0
0.0
0.0
0.0
0.0
-4.130882004955512E-4
0.0
0.0
0.0
0.0
0.0
0.0
0.0
0.0
-2.7755575615628914E-17
0.0
0.0
0.0
0.0
0.0
0.0
0.0
0.0
0.0
0.0
0.0
</W>
<b>
-1.8176045123993672
</b>
<info>
Training (X) File : /home/vibhatha/data/libsvm/a9a/a9a_isesvm_train_x_bin.77 
Training (Y) File : /home/vibhatha/data/libsvm/a9a/a9a_isesvm_train_y.77.bin 
Testing (X) File : /home/vibhatha/data/libsvm/a9a/a9a_isesvm_test_x_bin.77 
Testing (Y) File : /home/vibhatha/data/libsvm/a9a/a9a_isesvm_test_y.77.bin 
I/O Time : 99
Kernel Matrix Calculation : 0.083 s
</info>
