<model>
linear
</model>
<W>
0.0
0.0
0.0
0.0
0.0
0.0
0.0
0.0
0.0
-1.4037414640880594
-0.8289331299912677
0.0
0.0
-1.4084061383993864
0.0
0.0
0.0
0.0
0.0
0.0
0.0
0.0
0.0
0.0
0.0
0.0
1.393325833439533
0.0
0.0
0.0
0.0
0.0
-1.5668512498941918
0.9480338862059444
3.230592432018045
3.163753082695105
-0.5335990629231763
-2.552023173758535
-4.840830309001209
-7.100684859558928
5.800942308601656
6.06196850860166
0.7403078231866485
1.5048572470279482
0.44526779181184045
-1.1005796006805304
-3.8018142080295947
7.8060613521987285
0.45263670071780626
-0.11320414429200182
3.2854655112426836
-1.5688703226582936
-5.9182308036323334
2.294462706950328
7.381931968961354
3.1835318480464196
3.187533339005788
-1.4884926046236147
0.5715791292611763
-1.2963439971644901
-3.4546660430218585
-9.204600832727756
-3.641221419287108
-2.1848909038308872
0.2405257861282924
1.3286750039487791
-1.9421496796134994
-3.781396581705156
2.1115177997383325
-3.140371175361767
-4.75064325859912
3.0306087506723323
-0.8239963932753971
6.681791203982706
-1.1267238770989305
-2.5266205443080163
-2.391277938936387
-3.463566048737444
4.279142888459514
-1.752829227130781
-2.494356010731751
2.348296235226699
-1.903884276502562
2.285175906623202
0.5214982250093325
-3.705856276006526
2.522590286389704
0.1869293455742102
-1.5670827120919935
-3.4121328207702195
-2.366119833588711
1.6391684151947161
-0.21914325809319743
1.6391684151947161
-0.9749080446817041
2.5185223157835313
-0.06003638113489519
3.16642531866166
0.896052344379746
3.0707375465988056
2.1652596937173074
1.428054699673508
6.463760496556026
-6.430753316024376
-5.819228153461608
2.1509071745486295
-2.0379622117663505
-7.3565795691802505
6.860992212130103
-9.289484265638865
2.156753614235697
-2.521904650578567
-4.506970649992905
-6.496170738057585
-5.634262975940026
12.30749245148597
-1.0564802088787315
-3.7572037883265517
6.958596653729215
-0.6406800532912289
-0.32810991245930465
3.6364902827877486
0.6676826495532269
0.6948935648663755
0.10937657477605996
0.6948935648663755
-0.17099740830807084
0.0
0.0
0.0
0.0
0.0
0.0
0.0
0.0
0.0
0.0
0.0
0.0
0.0
0.0
0.0
0.0
0.0
0.0
0.0
0.0
0.0
0.0
0.0
0.0
0.0
0.0
0.0
0.0
0.0
0.0
0.0
0.0
0.0
0.0
0.0
0.0
0.0
0.0
0.0
0.0
0.0
0.0
0.0
0.0
0.0
0.0
0.0
0.0
0.0
0.0
0.0
0.0
0.0
0.0
0.0
0.0
0.0
0.0
0.0
0.0
0.0
0.0
0.0
0.0
0.0
0.0
0.0
0.0
0.0
0.0
0.0
0.0
0.0
0.0
0.0
0.0
0.0
0.0
0.0
0.0
0.0
0.0
0.0
0.0
0.0
0.0
0.0
0.0
0.0
0.0
0.0
0.0
0.0
0.0
0.0
0.0
0.0
0.0
0.0
0.0
0.0
0.0
0.0
0.0
0.0
0.0
0.0
0.0
0.0
0.0
0.0
0.0
0.0
0.0
0.0
0.0
0.0
0.0
0.0
0.0
0.0
0.0
0.0
0.0
0.0
0.0
0.0
</W>
<b>
-0.36451256805602666
</b>
<info>
Training (X) File : /home/vibhatha/data/libsvm/webspam/webspam_isesvm_train_x_bin.111 
Training (Y) File : /home/vibhatha/data/libsvm/webspam/webspam_isesvm_train_y.111.bin 
Testing (X) File : /home/vibhatha/data/libsvm/webspam/webspam_isesvm_test_x_bin.111 
Testing (Y) File : /home/vibhatha/data/libsvm/webspam/webspam_isesvm_test_y.111.bin 
I/O Time : 139
Kernel Matrix Calculation : 0.209 s
</info>
