<model>
linear
</model>
<W>
0.0
0.0
0.0
0.0
0.0
0.0
0.0
0.0
0.0
2.0582625974426505
-1.415888940282339
0.0
0.0
-4.750693507925992
0.0
0.0
0.0
0.0
0.0
0.0
0.0
0.0
0.0
0.0
0.0
0.0
0.9617851950812915
0.0
0.0
0.0
0.0
0.0
1.663771899245271
-0.11489227696284549
4.107690813509675
3.5405783602441088
-0.11143076591468408
0.3391214636799496
-2.099030140658107
0.5458686510818439
1.9762849364320325
2.009038308858749
-0.04600473264290331
0.39186178281728884
0.5469679922550266
2.066992512628607
0.5880241894413355
6.590849834272098
1.1707193239502975
2.6933129319830265
0.19966582175470068
-2.4549770357195686
-0.8006385595937067
-1.376518255150137
2.415280685860964
-0.23393590872789505
-0.2921755656607907
1.6737470728112962
4.285848024704294
1.0403028306965731
-1.9010315480180564
-7.555551771594739
-1.4154738715810697
-2.976142954257169
0.36317512644976846
1.6631204374160762
1.4177096652768815
-1.2417175064162411
0.9308855953459394
-1.9804045695561976
-4.668519509477534
-0.7146193589579712
-0.03342549430437474
3.4942137035453698
-0.6510795876130633
-1.0246669692392394
-0.41541047683909754
-2.423237921158706
0.5247446759087158
-1.0743718787288314
0.08621745193203252
0.288656845884116
1.2592754658636631
1.6946486867617034
1.4198266456851023
-0.3318871752816174
0.24625333591546106
0.1147024584383141
-0.5890158505035602
-0.9576196895290053
-0.7621844079250839
-0.3775702879857472
-0.9727396715061313
-0.3787531879857472
0.11072001534455071
1.7757388379729548
0.027752565
4.196292037378263
1.234555260687697
-2.378834616616285
-0.9698505327250221
-0.512517172680797
1.4667868561509678
-5.783204399633471
-3.1730425977535686
7.154675289631252
-0.5386813606710004
1.0634398594719867
4.406322834812564
-5.435171451996072
4.118991169709408
-1.3234976832368543
-1.929307566961569
-1.2973788746667985
-5.364182394377342
7.806559647514967
3.8500553780984
-0.9939041208701548
5.912841175912475
-2.2263011239557975
0.9689650277089176
3.9665908612038505
1.278493805256851
0.21683533919335055
0.953071214229846
-0.01872575580664939
0.010430903514168602
0.0
0.0
0.0
0.0
0.0
0.0
0.0
0.0
0.0
0.0
0.0
0.0
0.0
0.0
0.0
0.0
0.0
0.0
0.0
0.0
0.0
0.0
0.0
0.0
0.0
0.0
0.0
0.0
0.0
0.0
0.0
0.0
0.0
0.0
0.0
0.0
0.0
0.0
0.0
0.0
0.0
0.0
0.0
0.0
0.0
0.0
0.0
0.0
0.0
0.0
0.0
0.0
0.0
0.0
0.0
0.0
0.0
0.0
0.0
0.0
0.0
0.0
0.0
0.0
0.0
0.0
0.0
0.0
0.0
0.0
0.0
0.0
0.0
0.0
0.0
0.0
0.0
0.0
0.0
0.0
0.0
0.0
0.0
0.0
0.0
0.0
0.0
0.0
0.0
0.0
0.0
0.0
0.0
0.0
0.0
0.0
0.0
0.0
0.0
0.0
0.0
0.0
0.0
0.0
0.0
0.0
0.0
0.0
0.0
0.0
0.0
0.0
0.0
0.0
0.0
0.0
0.0
0.0
0.0
0.0
0.0
0.0
0.0
0.0
0.0
0.0
0.0
</W>
<b>
-4.540784864531679
</b>
<info>
Training (X) File : /home/vibhatha/data/libsvm/webspam/webspam_isesvm_train_x_bin.361 
Training (Y) File : /home/vibhatha/data/libsvm/webspam/webspam_isesvm_train_y.361.bin 
Testing (X) File : /home/vibhatha/data/libsvm/webspam/webspam_isesvm_test_x_bin.361 
Testing (Y) File : /home/vibhatha/data/libsvm/webspam/webspam_isesvm_test_y.361.bin 
I/O Time : 129
Kernel Matrix Calculation : 0.212 s
</info>
