<model>
linear
</model>
<W>
0.0
0.0
0.0
0.0
0.0
0.0
0.0
0.0
-0.001312322664323783
-1.6846319923408806
2.11949352277058
0.0
0.0
-2.191718007467412
0.0
0.0
0.0
0.0
0.0
0.0
0.0
0.0
0.0
0.0
0.0
0.0
1.628508707343245
0.0
0.0
0.0
0.0
0.0
-1.704043230964417
-0.2633250171748885
2.716223096014433
-0.3254215608335733
-0.34583644450732853
0.9011034592122917
-3.563598927312057
-4.720435047764285
1.6144070083217845
1.6403640918896585
-1.6223865694107602
1.091948526420052
-2.662735943186707
1.1093943599189238
-4.039704357706774
8.25354772978719
-2.0709640499142674
2.711648013580299
2.474554173544526
-1.1586376049480573
-1.2813005114704494
-0.5997908988013139
3.5895844482674106
2.0946716926400386
2.4977194577791186
3.1824344752813767
3.1153833630698378
-0.05097534159202527
-2.9390092709628215
-6.124606907455677
-2.884397666332638
-0.9296080581013365
0.2898675370740255
-0.03649199330635544
-1.4933021848162487
-3.5027885012797007
0.9983266348068562
-3.4259320766262804
-5.034575451759928
-2.482570990882948
0.628499287788248
4.091112819808703
-2.9232681930936213
-0.1106527952563775
-1.49048607611044
-3.3333609923196414
0.38911113623401405
0.8048323518967653
-1.4513493742871029
0.42704619494739265
0.07055080905846078
3.2814445704705664
2.474646083879713
1.0000528868149345
0.03801278322515289
0.010865240748211935
0.1614504834948769
-1.5915290613654804
-2.3481404976888887
0.8152038290662373
-0.3310469912054369
0.8147798490662375
-5.104212520900789E-4
3.5260527223995712
0.011095554467251044
3.669060499265952
-3.6970041486356338
-6.775329992857806
-3.8702215423594244
-2.2234343518627835
4.862122814624648
-5.151573722508731
-1.3715726697939719
4.858330797158432
-1.7154332260945477
-0.6885327220033964
9.01901510763216
-5.609082773486847
4.967656586889167
-2.6321342838909008
1.3737212105935932
0.9554892312858855
-5.929251399795189
9.56914850199998
1.585554260233402
-3.7864946825937666
3.001566977645909
-0.12332537299276103
2.2163332506536495
1.1711774359460634
-1.2280626276837903
0.954129449232823
0.8232320980358798
0.9502286492328231
-0.06486085486493366
0.0
0.0
0.0
0.0
0.0
0.0
0.0
0.0
0.0
0.0
0.0
0.0
0.0
0.0
0.0
0.0
0.0
0.0
0.0
0.0
0.0
0.0
0.0
0.0
0.0
0.0
0.0
0.0
0.0
0.0
0.0
0.0
0.0
0.0
0.0
0.0
0.0
0.0
0.0
0.0
0.0
0.0
0.0
0.0
0.0
0.0
0.0
0.0
0.0
0.0
0.0
0.0
0.0
0.0
0.0
0.0
0.0
0.0
0.0
0.0
0.0
0.0
0.0
0.0
0.0
0.0
0.0
0.0
0.0
0.0
0.0
0.0
0.0
0.0
0.0
0.0
0.0
0.0
0.0
0.0
0.0
0.0
0.0
0.0
0.0
0.0
0.0
0.0
0.0
0.0
0.0
0.0
0.0
0.0
0.0
0.0
0.0
0.0
0.0
0.0
0.0
0.0
0.0
0.0
0.0
0.0
0.0
0.0
0.0
0.0
0.0
0.0
0.0
0.0
0.0
0.0
0.0
0.0
0.0
0.0
0.0
0.0
0.0
0.0
0.0
0.0
0.0
</W>
<b>
-0.6663748797762952
</b>
<info>
Training (X) File : /home/vibhatha/data/libsvm/webspam/webspam_isesvm_train_x_bin.116 
Training (Y) File : /home/vibhatha/data/libsvm/webspam/webspam_isesvm_train_y.116.bin 
Testing (X) File : /home/vibhatha/data/libsvm/webspam/webspam_isesvm_test_x_bin.116 
Testing (Y) File : /home/vibhatha/data/libsvm/webspam/webspam_isesvm_test_y.116.bin 
I/O Time : 65
Kernel Matrix Calculation : 0.227 s
</info>
