<model>
linear
</model>
<W>
0.0
0.0
0.0
0.0
0.0
0.0
0.0
0.0
0.0
-0.5922937595895698
1.8006267536064848
0.0
2.2942025900036844E-7
-2.7622797788788596
0.0
0.0
0.0
0.0
0.0
0.0
0.0
0.0
0.0
0.0
0.0
0.0
1.9657464463244263
0.0
0.0
0.0
0.0
0.0
0.8853927146564309
-1.1122343379993376
3.905929494656805
1.4418600910038264
-0.3703505303797105
-2.795141692696947
-1.8031571755436093
-0.6674127882458168
2.106111866401956
2.157554266079909
1.851029489380358
-0.09657070690772353
-0.8362839694386046
3.467962355792396
1.3147470321057515
4.8140468580401485
0.40978455725642654
2.534164057798881
2.270129749976649
-1.8295990748479156
-1.6462148353584924
-0.08361019864519537
2.727479506636543
-1.7309915367551507
2.756508601638621
1.283706168700323
0.6489408388184009
0.5219538936271382
-3.1956119503670295
-3.9769570962394827
-3.218551017169855
-2.1977478294575796
-0.4489570426110895
-0.4658670180941923
-0.15565610237638852
-1.0231257853586233
0.8187639789400523
-2.0583813740336505
-3.472701196136517
1.5300287749200812
0.09362257813147595
2.6563945652416376
0.13896344380781472
-0.09645809940616881
1.1011658762365413
-2.7805087224729044
-1.1366027046338663
0.022840851966263648
0.21470279648234109
-0.22589794574826566
1.1355459904406089
1.3710982505240314
0.7292583204985854
-0.7081199516806512
-0.39438890311282443
1.0660380809682517
-0.7353590392063236
-0.9685362792318806
-0.41715401146748854
0.5104825376480528
-0.44314790062766846
0.5093212176480528
-0.015336644318896416
2.379663089595104
0.041381615
4.749959053929484
-0.6757977538777067
-3.06821616796857
0.09308880584751766
-0.07475897015859889
4.330295454440389
-4.758904635858136
0.5226196542730039
5.005657374785227
-0.4293700168506139
-1.199749778964483
5.93642868125592
-7.847744781889308
5.244594849572673
0.270428862215937
0.7980997686326236
0.0734028821552822
-4.132979529221855
6.766088210227304
-0.33322040616832727
-1.441609969227419
4.158950335028983
-3.8124103889300898
0.5395632941163695
9.209114776593808E-4
-0.611555524155788
-0.011449586002814503
0.261900321541592
-0.008483286002814526
0.03972451968747456
0.0
0.0
0.0
0.0
0.0
0.0
0.0
0.0
0.0
0.0
0.0
0.0
0.0
0.0
0.0
0.0
0.0
0.0
0.0
0.0
0.0
0.0
0.0
0.0
0.0
0.0
0.0
0.0
0.0
0.0
0.0
0.0
0.0
0.0
0.0
0.0
0.0
0.0
0.0
0.0
0.0
0.0
0.0
0.0
0.0
0.0
0.0
0.0
0.0
0.0
0.0
0.0
0.0
0.0
0.0
0.0
0.0
0.0
0.0
0.0
0.0
0.0
0.0
0.0
0.0
0.0
0.0
0.0
0.0
0.0
0.0
0.0
0.0
0.0
0.0
0.0
0.0
0.0
0.0
0.0
0.0
0.0
0.0
0.0
0.0
0.0
0.0
0.0
0.0
0.0
0.0
0.0
0.0
0.0
0.0
0.0
0.0
0.0
0.0
0.0
0.0
0.0
0.0
0.0
0.0
0.0
0.0
0.0
0.0
0.0
0.0
0.0
0.0
0.0
0.0
0.0
0.0
0.0
0.0
0.0
0.0
0.0
0.0
0.0
0.0
0.0
0.0
</W>
<b>
-3.6720670970228206
</b>
<info>
Training (X) File : /home/vibhatha/data/libsvm/webspam/webspam_isesvm_train_x_bin.130 
Training (Y) File : /home/vibhatha/data/libsvm/webspam/webspam_isesvm_train_y.130.bin 
Testing (X) File : /home/vibhatha/data/libsvm/webspam/webspam_isesvm_test_x_bin.130 
Testing (Y) File : /home/vibhatha/data/libsvm/webspam/webspam_isesvm_test_y.130.bin 
I/O Time : 85
Kernel Matrix Calculation : 0.228 s
</info>
