<model>
linear
</model>
<W>
0.0
0.0
0.0
0.0
0.0
0.0
0.0
0.0
0.0
-0.9441253476536754
2.542464874588379
0.0
0.0
-4.032750306857804
0.0
0.0
0.0
0.0
0.0
0.0
0.0
0.0
0.0
0.0
0.0
0.0
4.82130566955387
0.0
0.0
0.0
0.0
0.0
1.917050296659285
1.7213215780346847
3.593487430203837
2.499211562380775
0.050592586637790614
3.790976149285758
2.9196702833399244
-3.0231239130713847
9.13549362070215
9.167179856936476
1.4419845197532255
2.588614206998653
-2.914602343976883
6.955024825684829
-0.4915775458542482
9.361914404833719
-0.47183917538572057
2.4352861741575964
5.7661853290003675
-1.8884814916647
-7.434512914076459
-4.2528840507106835
7.540932607522637
-1.0240303788330682
3.121153907962565
-2.1468954081869587
-3.9406672170300214
1.1612010086907227
-1.057331863694716
-6.737486379271191
-0.8216762981605847
-4.6102945695581905
0.8955712487669416
0.7826226038433493
1.4199004091517782
-7.2918786185429765
2.625157218841625
-4.752176572400962
-11.242859792636892
2.025373685312375
-4.770194609095754
-2.3344908348155373
1.5274698501530668
-1.2013702479064392
-0.7534129210814325
-0.9470813099015689
5.3686306762788485
4.847441230317952
-0.18683066757241976
1.3275970349283113
3.1249285375316083
4.834283629631982
-3.073492735266563
-1.3839930731352506
-0.39610746485537934
-1.5967551412021255
1.5593064003482582
-3.9504716434108906
-1.0837534193500364
0.19731635857030574
-0.19315161214997478
0.1927962585703056
0.24045566988140024
3.7125125669659016
-0.003949958999999999
5.154653122748842
-0.4078101734806473
1.2620063674816406
-0.2126605273552097
-1.4670526540352116
5.78536278825492
-6.31493060231664
-0.14967863474594487
4.914966926976768
-5.430159541160616
-1.9634115681490267
1.4259079655381257
-2.9349072674971532
6.13883107610123
-7.894633014797468
2.33584302627511
-2.5175884542411424
-2.900094341540849
7.968707975023644
0.15092307226132312
0.6424546649488205
4.0551977129407355
-1.4477795733977028
0.8251846132977889
-1.8684216952674029
-0.02542177686924514
0.6633155973446202
1.016453779624124
0.6633155973446202
-0.026890617771136195
0.0
0.0
0.0
0.0
0.0
0.0
0.0
0.0
0.0
0.0
0.0
0.0
0.0
0.0
0.0
0.0
0.0
0.0
0.0
0.0
0.0
0.0
0.0
0.0
0.0
0.0
0.0
0.0
0.0
0.0
0.0
0.0
0.0
0.0
0.0
0.0
0.0
0.0
0.0
0.0
0.0
0.0
0.0
0.0
0.0
0.0
0.0
0.0
0.0
0.0
0.0
0.0
0.0
0.0
0.0
0.0
0.0
0.0
0.0
0.0
0.0
0.0
0.0
0.0
0.0
0.0
0.0
0.0
0.0
0.0
0.0
0.0
0.0
0.0
0.0
0.0
0.0
0.0
0.0
0.0
0.0
0.0
0.0
0.0
0.0
0.0
0.0
0.0
0.0
0.0
0.0
0.0
0.0
0.0
0.0
0.0
0.0
0.0
0.0
0.0
0.0
0.0
0.0
0.0
0.0
0.0
0.0
0.0
0.0
0.0
0.0
0.0
0.0
0.0
0.0
0.0
0.0
0.0
0.0
0.0
0.0
0.0
0.0
0.0
0.0
0.0
0.0
</W>
<b>
-4.5700543809015315
</b>
<info>
Training (X) File : /home/vibhatha/data/libsvm/webspam/webspam_isesvm_train_x_bin.387 
Training (Y) File : /home/vibhatha/data/libsvm/webspam/webspam_isesvm_train_y.387.bin 
Testing (X) File : /home/vibhatha/data/libsvm/webspam/webspam_isesvm_test_x_bin.387 
Testing (Y) File : /home/vibhatha/data/libsvm/webspam/webspam_isesvm_test_y.387.bin 
I/O Time : 121
Kernel Matrix Calculation : 0.262 s
</info>
