87.76978417266187
87.41007194244604
85.61151079136691
85.97122302158273
85.61151079136691
84.17266187050359
86.33093525179856
85.61151079136691
85.25179856115108
84.53237410071942
88.48920863309353
84.17266187050359
83.09352517985612
88.48920863309353
82.73381294964028
85.97122302158273
86.6906474820144
82.73381294964028
85.97122302158273
76.2589928057554
86.6906474820144
90.28776978417267
88.12949640287769
85.25179856115108
84.89208633093526
83.09352517985612
85.97122302158273
82.37410071942446
85.25179856115108
86.6906474820144
87.05035971223022
84.89208633093526
86.33093525179856
85.97122302158273
86.33093525179856
84.89208633093526
88.12949640287769
88.84892086330936
85.61151079136691
86.6906474820144
