<model>
linear
</model>
<W>
0.0
8.70075088366118E-19
8.800757518578895E-19
1.0300883757086154E-18
7.500644549907065E-19
7.700671177113261E-19
8.800757518578895E-19
8.600744248743463E-19
6.900591383030008E-19
-0.36595442975689507
2.960799323731055
8.600744248743463E-19
7.900684446948692E-19
-1.3679162642114369
9.500817320373667E-19
1.3601142781483056E-18
7.40063791498935E-19
9.100790780702806E-19
9.800850582497578E-19
7.600651184824781E-19
7.600651184824781E-19
8.300710986619552E-19
8.90076415349661E-19
9.100790780702806E-19
9.20079741562052E-19
9.300804050538235E-19
0.9490314267146657
1.020087712216844E-18
1.1000956916251691E-18
1.070092365412778E-18
1.0900936923963211E-18
1.1000956916251691E-18
-0.6239400886512554
0.0531631029297325
3.288381872555198
3.596484180434396
-0.5296087055676253
0.3073668226193431
-2.4156797437959154
1.017090676803661
2.411736659526821
2.4081324250250287
1.4576442603203879
0.2129721357125603
-1.4277380643648945
5.3071363652152215
0.5523092415313429
5.631592236886415
0.22082051138080483
1.5066682115335441
0.39559477332550463
-2.5087774392736604
-2.184542648874082
-3.4611828648841483
1.2786250212094017
-2.036369535533518
-0.9416499598037665
-1.4955189374782039
-0.6936872917935316
-0.6086028434758117
-1.7256644192493902
-2.95565091608032
-1.7204766905158586
-3.617761518529363
-0.21758290380643677
3.367917810505568
-2.376133489082277
-3.4335948335156865
-0.9880406416556866
-0.35712249534665785
-6.068801909637171
0.17529015716307828
1.0404418004957923
1.1343785925428502
0.25315066351104454
0.03918284190533728
0.02806209736750266
-1.2215905475471407
-0.4260787231637742
-0.6572126790567281
-3.431416597189417
0.06420641556903882
2.1737406184463537
0.490804815136361
-0.15226496472823076
-1.0109591056105094
0.5904377747068245
0.25110138782127944
-0.4905000660702887
-1.1948200242318758
-0.7469614408352576
0.4377936877408606
-0.07508786577686527
0.4361495777408605
0.036345377197501604
3.851905586110574
0.006576466
2.884705485049222
2.5764460246039635
0.27729097328054086
-0.5617350328618793
-0.6159272376687719
2.3463044371514465
-7.0791716302983225
1.709133362165232
5.009818150484968
-0.4099822135374931
-3.1611547157741056
3.755768301410816
-8.230263129289964
1.9490322689508002
-3.986721848209477
-1.2299706285223775
-2.125691759254298
-1.5441187033795831
8.230649336255201
-0.6254475206740917
-1.680634047005356
6.068951811201842
-2.554792150580568
-0.7257605345940523
-0.04669424474155909
0.4197274421106925
-0.8539752724398568
0.8160194225363402
-0.8539752724398568
-2.2727010094420255E-4
1.180102335296418E-18
0.0
0.0
0.0
0.0
0.0
0.0
0.0
0.0
0.0
0.0
0.0
0.0
0.0
0.0
0.0
0.0
0.0
0.0
0.0
0.0
0.0
0.0
0.0
0.0
0.0
0.0
0.0
0.0
0.0
0.0
0.0
0.0
0.0
0.0
0.0
0.0
0.0
0.0
0.0
0.0
0.0
0.0
0.0
0.0
0.0
0.0
0.0
0.0
0.0
0.0
0.0
0.0
0.0
0.0
0.0
0.0
0.0
0.0
0.0
0.0
0.0
0.0
0.0
0.0
0.0
0.0
0.0
0.0
0.0
0.0
0.0
0.0
0.0
0.0
0.0
0.0
0.0
0.0
0.0
0.0
0.0
0.0
0.0
0.0
0.0
0.0
0.0
0.0
0.0
0.0
0.0
0.0
0.0
0.0
0.0
0.0
0.0
0.0
0.0
0.0
0.0
0.0
0.0
0.0
0.0
0.0
0.0
0.0
0.0
0.0
0.0
0.0
0.0
0.0
0.0
0.0
0.0
0.0
0.0
0.0
0.0
0.0
0.0
0.0
0.0
0.0
</W>
<b>
-2.0359939811622265
</b>
<info>
Training (X) File : /home/vibhatha/data/libsvm/webspam/webspam_isesvm_train_x_bin.247 
Training (Y) File : /home/vibhatha/data/libsvm/webspam/webspam_isesvm_train_y.247.bin 
Testing (X) File : /home/vibhatha/data/libsvm/webspam/webspam_isesvm_test_x_bin.247 
Testing (Y) File : /home/vibhatha/data/libsvm/webspam/webspam_isesvm_test_y.247.bin 
I/O Time : 110
Kernel Matrix Calculation : 0.219 s
</info>
