88.48920863309353
87.41007194244604
90.28776978417267
84.53237410071942
84.53237410071942
86.33093525179856
86.33093525179856
85.25179856115108
88.48920863309353
87.76978417266187
88.84892086330936
85.97122302158273
89.568345323741
90.28776978417267
87.76978417266187
85.25179856115108
84.17266187050359
84.89208633093526
88.84892086330936
84.17266187050359
89.92805755395683
89.568345323741
85.97122302158273
87.76978417266187
88.84892086330936
88.12949640287769
83.81294964028777
85.61151079136691
82.73381294964028
88.84892086330936
88.12949640287769
86.6906474820144
88.48920863309353
87.41007194244604
88.12949640287769
85.61151079136691
88.12949640287769
85.61151079136691
87.05035971223022
88.12949640287769
