<model>
linear
</model>
<W>
0.0
0.0
0.0
0.0
0.0
0.0
0.0
0.0
0.0
-1.1293002543254385
0.33880659315520095
0.0
0.0
-3.024841667084509
0.0
0.0
0.0
0.0
0.0
0.0
0.0
0.0
0.0
0.0
0.0
0.0
2.076299395625891
0.0
0.0
0.0
0.0
0.0
1.144309205066356
0.0703577599452052
4.265801417687302
0.3962524140020697
0.0017475550513667251
1.1080974999118411
-2.632090908937287
-2.89517314188951
1.125467110307423
1.1446560303074234
-1.317097165996223
-0.06413560383720249
-0.9723879314290493
3.844613943644589
-3.185546368688065
7.6986450293929725
-0.4188780237232512
1.0498741061001824
0.989891965915886
0.35233214543063757
-0.5075063020026434
-0.1918567298432803
1.986397351028792
0.8045674618953066
0.9304684450241045
0.6069387639825873
1.9244060629760869
-1.4600289408080827
-2.087794106627091
-4.853455577389023
-2.242066172072972
-0.8757353181741889
0.2957332805361898
2.9660164630501558
0.5271597204108281
-1.1416301646734417
1.7242790401960173
-0.8955817733227536
-2.3536394898901327
0.4144426722236278
-1.3995315798949473
0.1412191683599395
0.05150530926629471
-0.9521987477884913
-0.31806674499492893
-1.1177905890715703
0.277494485163547
-0.8027792892747373
-0.48965528606355196
0.14847041538852365
1.015401568283856
1.2512695570158752
0.24668739620301056
-0.3222184862329016
0.05198877929956061
0.6519542210387886
-0.015415281899140128
-0.9611771543956256
-0.5269592541234376
0.3068639954661743
0.03762879916365892
0.35742539546617424
-0.004087484000000003
-0.4539918356253439
0.010834775000000001
2.478456832000505
-2.788400604838611
-1.4332283472068958
-2.0327416160632734
-0.5528115085549724
0.8495388010695358
-2.8873049431793754
-0.540139554635583
5.429870062230245
-0.6258161070116439
-1.5635061170623568
3.4500458610743894
-3.7762605892552146
1.8382823421523424
0.7681765357809804
0.9319257924540258
-0.6338375771307143
-2.696372455881656
6.098218992961206
-0.8943034701461029
-2.046935614087549
1.4403206957905896
0.6154160518942658
1.8787649891838811
1.523375724895609
0.29730687905262493
-0.5924735149840852
0.556723483000966
-0.6399368649840853
-0.06274875817111022
0.0
0.0
0.0
0.0
0.0
0.0
0.0
0.0
0.0
0.0
0.0
0.0
0.0
0.0
0.0
0.0
0.0
0.0
0.0
0.0
0.0
0.0
0.0
0.0
0.0
0.0
0.0
0.0
0.0
0.0
0.0
0.0
0.0
0.0
0.0
0.0
0.0
0.0
0.0
0.0
0.0
0.0
0.0
0.0
0.0
0.0
0.0
0.0
0.0
0.0
0.0
0.0
0.0
0.0
0.0
0.0
0.0
0.0
0.0
0.0
0.0
0.0
0.0
0.0
0.0
0.0
0.0
0.0
0.0
0.0
0.0
0.0
0.0
0.0
0.0
0.0
0.0
0.0
0.0
0.0
0.0
0.0
0.0
0.0
0.0
0.0
0.0
0.0
0.0
0.0
0.0
0.0
0.0
0.0
0.0
0.0
0.0
0.0
0.0
0.0
0.0
0.0
0.0
0.0
0.0
0.0
0.0
0.0
0.0
0.0
0.0
0.0
0.0
0.0
0.0
0.0
0.0
0.0
0.0
0.0
0.0
0.0
0.0
0.0
0.0
0.0
0.0
</W>
<b>
-2.8147987809055905
</b>
<info>
Training (X) File : /home/vibhatha/data/libsvm/webspam/webspam_isesvm_train_x_bin.121 
Training (Y) File : /home/vibhatha/data/libsvm/webspam/webspam_isesvm_train_y.121.bin 
Testing (X) File : /home/vibhatha/data/libsvm/webspam/webspam_isesvm_test_x_bin.121 
Testing (Y) File : /home/vibhatha/data/libsvm/webspam/webspam_isesvm_test_y.121.bin 
I/O Time : 107
Kernel Matrix Calculation : 0.228 s
</info>
