96.72489082969432
96.39737991266377
98.58078602620087
98.58078602620087
89.08296943231441
83.51528384279476
70.19650655021834
79.47598253275109
71.61572052401746
52.838427947598255
77.9475982532751
93.12227074235808
96.61572052401746
97.59825327510917
93.44978165938865
59.93449781659389
53.38427947598253
75.21834061135371
94.43231441048034
94.65065502183407
95.85152838427948
99.67248908296943
75.54585152838428
54.366812227074234
70.96069868995633
97.59825327510917
95.74235807860262
97.37991266375546
97.70742358078603
95.19650655021834
96.17903930131004
96.2882096069869
94.10480349344978
80.67685589519651
56.659388646288214
92.35807860262008
91.26637554585153
96.2882096069869
95.85152838427948
97.92576419213974
