89.92805755395683
88.84892086330936
88.84892086330936
85.61151079136691
88.48920863309353
89.20863309352518
87.76978417266187
88.48920863309353
91.72661870503596
87.76978417266187
89.92805755395683
86.6906474820144
87.41007194244604
90.64748201438849
87.05035971223022
86.33093525179856
87.41007194244604
88.84892086330936
89.20863309352518
83.09352517985612
88.48920863309353
89.92805755395683
92.08633093525181
90.28776978417267
88.12949640287769
90.28776978417267
90.64748201438849
87.76978417266187
89.20863309352518
92.44604316546763
90.28776978417267
87.76978417266187
88.12949640287769
89.92805755395683
91.36690647482014
88.48920863309353
93.88489208633094
87.05035971223022
90.64748201438849
89.92805755395683
