<model>
linear
</model>
<W>
0.0
0.0
0.0
0.0
0.0
0.0
0.0
0.0
0.0
-2.153557820824044
4.594161886945397
0.0
0.0
0.5553142385420894
0.0
0.0
0.0
0.0
0.0
0.0
0.0
0.0
0.0
0.0
0.0
0.0
1.4920325939446935
0.0
0.0
0.0
0.0
0.0
-0.9960179513737124
-1.692875240499406
5.985167273770501
4.550699245720998
-0.4669154888980589
3.878811937396571
-3.921926437788396
0.7613733384028135
2.6937471322677253
1.8543066525656062
-2.5950120558964436
0.26623188503529516
-4.456944678266041
0.3881482058222493
3.7122643619118456
8.355519476442247
-1.1917453275426781
-1.0382280175424894
1.3006775029146247
-1.1347301721393093
1.7765731354499121
-4.215343524900717
4.13105652918032
2.780168642384568
6.330829522157914
2.247786723616983
-0.7820072280061949
2.111084890693654
-3.40893395250278
-12.518094279125275
-3.6171198305817374
-3.2261561451947864
0.4915668006714619
3.893295991528993
-3.1560105940740746
-3.834110079324751
1.218595296989096
-4.449493322871012
-8.105000057566146
1.43369465772555
1.911003674918816
4.1674511153899045
1.0774444506280292
-0.5632034143865876
2.1969333240070688
-0.4345750749164521
3.375665021541934
-2.3020016340108542
-1.2058473145405875
-2.2622709819069984
9.909375520629204E-4
0.5215379946358689
-2.8430999067191767
0.17660301996357616
1.1074056394560414
4.693829939376396
-1.5932831121805806
-1.9151955300411343
-3.665150139426198
1.14539515543572
-3.434519971553905
1.3396790254357196
-0.28970932220498397
3.6973858897450262
0.12545463320873365
2.6736156503832462
1.163901137882561
-2.0004852186442688
1.206980691026962
-3.8334775802800283
4.392837293300125
-2.1143666106789767
0.016383658644044063
5.8859705661062085
-2.2656114006850596
-2.6137895025229017
3.3583307915178695
-10.848115905375542
6.363574775037309
-4.792139843366723
1.3837445761568674
-2.531879306057995
-4.765871096510828
10.89249491370362
-1.978874548190978
-1.4642541914542804
6.547696672385812
-0.6501122394251311
-1.916150612458601
-1.5238318779364821
-5.162983591768629
-3.7891898149007317
0.5978329999190551
-3.8159290731252233
-0.0344924963394887
0.0
0.0
0.0
0.0
0.0
0.0
0.0
0.0
0.0
0.0
0.0
0.0
0.0
0.0
0.0
0.0
0.0
0.0
0.0
0.0
0.0
0.0
0.0
0.0
0.0
0.0
0.0
0.0
0.0
0.0
0.0
0.0
0.0
0.0
0.0
0.0
0.0
0.0
0.0
0.0
0.0
0.0
0.0
0.0
0.0
0.0
0.0
0.0
0.0
0.0
0.0
0.0
0.0
0.0
0.0
0.0
0.0
0.0
0.0
0.0
0.0
0.0
0.0
0.0
0.0
0.0
0.0
0.0
0.0
0.0
0.0
0.0
0.0
0.0
0.0
0.0
0.0
0.0
0.0
0.0
0.0
0.0
0.0
0.0
0.0
0.0
0.0
0.0
0.0
0.0
0.0
0.0
0.0
0.0
0.0
0.0
0.0
0.0
0.0
0.0
0.0
0.0
0.0
0.0
0.0
0.0
0.0
0.0
0.0
0.0
0.0
0.0
0.0
0.0
0.0
0.0
0.0
0.0
0.0
0.0
0.0
0.0
0.0
0.0
0.0
0.0
0.0
</W>
<b>
-0.7266478155843749
</b>
<info>
Training (X) File : /home/vibhatha/data/libsvm/webspam/webspam_isesvm_train_x_bin.212 
Training (Y) File : /home/vibhatha/data/libsvm/webspam/webspam_isesvm_train_y.212.bin 
Testing (X) File : /home/vibhatha/data/libsvm/webspam/webspam_isesvm_test_x_bin.212 
Testing (Y) File : /home/vibhatha/data/libsvm/webspam/webspam_isesvm_test_y.212.bin 
I/O Time : 114
Kernel Matrix Calculation : 0.211 s
</info>
