89.92805755395683
89.92805755395683
89.568345323741
88.84892086330936
88.12949640287769
89.20863309352518
89.568345323741
88.12949640287769
88.48920863309353
84.89208633093526
90.64748201438849
89.20863309352518
88.84892086330936
88.48920863309353
88.12949640287769
88.84892086330936
90.28776978417267
89.568345323741
87.76978417266187
83.45323741007195
89.568345323741
90.28776978417267
91.72661870503596
89.20863309352518
86.33093525179856
86.6906474820144
88.48920863309353
88.48920863309353
88.84892086330936
92.08633093525181
92.08633093525181
86.33093525179856
88.84892086330936
91.72661870503596
90.64748201438849
90.64748201438849
91.36690647482014
88.48920863309353
87.76978417266187
87.76978417266187
