<model>
linear
</model>
<W>
0.0
0.0
0.0
0.0
0.0
0.0
0.0
0.0
0.0
-1.3474010408946095
2.1752965041907686
0.0
0.0
-4.967738637120298
0.0
0.0
0.0
0.0
0.0
0.0
0.0
0.0
0.0
0.0
0.0
0.0
-0.4003023672739874
0.0
0.0
0.0
0.0
0.0
-2.628817758098816
0.45614951911078877
2.2085656565153395
2.0428391431520425
-2.127225127999425
-1.1145921160442351
-0.07941013267336854
-7.198369502569896
1.9070067294280906
1.950129527873856
-3.0962280280955197
-1.162104625746515
2.19659177458722
3.4784480575002927
-2.377500110302248
10.866631841550184
1.5774529052907469
-0.898235140106358
6.580080592707902
-1.7622173075581276
-2.5164618071885796
0.8047856491903905
7.417816619329463
-0.001930752364820209
6.92441122182164
1.0578764581505733
1.5662593202733706
-4.974447397231277
-4.8609716987172895
-9.8298002221124
-5.045863996156687
-2.2233069276003166
0.1753277452280728
7.909599398682465
0.07684867850106379
-9.992256601151206
-2.4835584470858336
-2.2530888914102714
-10.167559284812679
2.8687251595660066
0.9547269619971748
2.433964786282081
-0.25892531916861505
-2.039874043034487
-4.740632637755479
-7.7712802632554965
0.047502888153418285
-1.5562124541485622
-3.0000632437584267
-2.3914716847402024
1.2452796575405025
6.347530158124632
-0.8108754464691703
-1.6008965006895126
-2.0169000385196107
-0.9707991497607807
-2.88162545826832
-3.1797283715327014
-4.22145845613527
1.521187696544835
-0.11139651172473974
1.505723716299003
-0.05035355206926666
6.332479604948962
0.014521104
6.7674428312201
2.943220031795886
-6.337084740855813
-5.1819149510171965
-3.602072498682183
-2.2412390248765384
-4.8567816569290425
-0.3139062930286167
6.317798983227174
-1.783167295778805
-5.490406855242478
5.208034546124663
-8.451002029981066
6.096000326875183
-2.047214524835242
-0.9482497199443422
-3.3233213508326127
-5.105377823695383
6.784200261627172
-0.10329988181315675
-1.4655048814910059
1.7089399897188091
-2.4732457577207123
-0.783989139027538
0.7296162848836898
-3.5846245565068258
-0.911895008144263
-0.07830659201494215
-0.8492691981442629
-0.06920600442874161
0.0
0.0
0.0
0.0
0.0
0.0
0.0
0.0
0.0
0.0
0.0
0.0
0.0
0.0
0.0
0.0
0.0
0.0
0.0
0.0
0.0
0.0
0.0
0.0
0.0
0.0
0.0
0.0
0.0
0.0
0.0
0.0
0.0
0.0
0.0
0.0
0.0
0.0
0.0
0.0
0.0
0.0
0.0
0.0
0.0
0.0
0.0
0.0
0.0
0.0
0.0
0.0
0.0
0.0
0.0
0.0
0.0
0.0
0.0
0.0
0.0
0.0
0.0
0.0
0.0
0.0
0.0
0.0
0.0
0.0
0.0
0.0
0.0
0.0
0.0
0.0
0.0
0.0
0.0
0.0
0.0
0.0
0.0
0.0
0.0
0.0
0.0
0.0
0.0
0.0
0.0
0.0
0.0
0.0
0.0
0.0
0.0
0.0
0.0
0.0
0.0
0.0
0.0
0.0
0.0
0.0
0.0
0.0
0.0
0.0
0.0
0.0
0.0
0.0
0.0
0.0
0.0
0.0
0.0
0.0
0.0
0.0
0.0
0.0
0.0
0.0
0.0
</W>
<b>
1.59974405200925
</b>
<info>
Training (X) File : /home/vibhatha/data/libsvm/webspam/webspam_isesvm_train_x_bin.324 
Training (Y) File : /home/vibhatha/data/libsvm/webspam/webspam_isesvm_train_y.324.bin 
Testing (X) File : /home/vibhatha/data/libsvm/webspam/webspam_isesvm_test_x_bin.324 
Testing (Y) File : /home/vibhatha/data/libsvm/webspam/webspam_isesvm_test_y.324.bin 
I/O Time : 107
Kernel Matrix Calculation : 0.218 s
</info>
