<model>
linear
</model>
<W>
0.0
0.0
0.0
0.0
0.0
0.0
0.0
0.0
0.0
-0.206605566858786
0.20553288488793736
0.0
0.0
-1.5439836245977079
0.0
0.0
0.0
0.0
0.0
0.0
0.0
0.0
0.0
0.0
0.0
0.0
0.4100574055675543
0.0
0.0
0.0
0.0
0.0
-0.08310877129811817
0.015595989586455045
1.7529104630893402
0.20429091032074087
0.01232585463428164
-0.2863813955499511
-0.7859857347943443
-0.5880870459802107
1.0188712552093344
1.019059887923426
-0.32022287983030373
0.23687221052571492
0.4956888281604982
0.8015535255846068
0.05735239353692667
2.998851669774836
0.7823239167266778
0.05260024883820669
-0.20991480963261888
-0.012742453279777195
0.0047183719459507854
0.021232299564848692
0.35123082451140814
-0.008185066736843237
0.36358850589776054
0.15721383860578966
0.5679225443992134
0.3450825816502001
-0.11186654027450348
-1.3386636110900352
-0.08491560254876307
-0.28011703152516304
-3.2246020974227964E-4
0.49462268957727135
-0.015607005950550663
-0.16141041678928308
-0.12879206709592148
-0.5715501793161292
-1.2416115509643846
0.03149592281649318
-0.48009139562849734
0.4236272869862403
-0.025721140935513153
-0.2512292044578096
0.09998782188834968
-0.3812062576546714
-0.16915446067053436
-0.24125989159178834
-0.2535620916713001
-0.4277523906103748
0.39993476156616004
0.7234562265972996
-0.6476534724461597
-0.27344205477547195
-0.1388289856222598
-0.18286452933411648
-0.2585768867391943
-0.5517637675153938
-0.36734709084807843
0.11910212849521981
0.08114607204484839
0.11910212849521981
0.0012617237000000002
0.28002557252909405
0.00217658
2.025369158582302
0.6390940808890909
-0.42519118061949784
-0.8685286328822861
1.2576710790233976
-0.22070426575497248
-1.080249791427898
-0.5483032646836249
2.5883627012082853
-0.17379246008271243
-0.1905153336090292
1.9371849099223712
-1.5567983780926322
2.0828511929480618
-1.6944600015614937
0.07297848066952392
-0.460057986458368
-0.34770714154586013
3.85416101725505
0.05150212338048571
-0.40942991610142804
1.1355209359026446
-0.5136493469271917
0.1048208014714414
-0.06795273472469673
-0.15412998248646514
0.07369507666055616
0.18866215790919608
0.07316995666055615
-0.004593044266379577
0.0
0.0
0.0
0.0
0.0
0.0
0.0
0.0
0.0
0.0
0.0
0.0
0.0
0.0
0.0
0.0
0.0
0.0
0.0
0.0
0.0
0.0
0.0
0.0
0.0
0.0
0.0
0.0
0.0
0.0
0.0
0.0
0.0
0.0
0.0
0.0
0.0
0.0
0.0
0.0
0.0
0.0
0.0
0.0
0.0
0.0
0.0
0.0
0.0
0.0
0.0
0.0
0.0
0.0
0.0
0.0
0.0
0.0
0.0
0.0
0.0
0.0
0.0
0.0
0.0
0.0
0.0
0.0
0.0
0.0
0.0
0.0
0.0
0.0
0.0
0.0
0.0
0.0
0.0
0.0
0.0
0.0
0.0
0.0
0.0
0.0
0.0
0.0
0.0
0.0
0.0
0.0
0.0
0.0
0.0
0.0
0.0
0.0
0.0
0.0
0.0
0.0
0.0
0.0
0.0
0.0
0.0
0.0
0.0
0.0
0.0
0.0
0.0
0.0
0.0
0.0
0.0
0.0
0.0
0.0
0.0
0.0
0.0
0.0
0.0
0.0
0.0
</W>
<b>
-2.2606309767274095
</b>
<info>
Training (X) File : /home/vibhatha/data/libsvm/webspam/webspam_isesvm_train_x_bin.34 
Training (Y) File : /home/vibhatha/data/libsvm/webspam/webspam_isesvm_train_y.34.bin 
Testing (X) File : /home/vibhatha/data/libsvm/webspam/webspam_isesvm_test_x_bin.34 
Testing (Y) File : /home/vibhatha/data/libsvm/webspam/webspam_isesvm_test_y.34.bin 
I/O Time : 61
Kernel Matrix Calculation : 0.219 s
</info>
