<model>
linear
</model>
<W>
0.0
0.0
0.0
0.0
0.0
0.0
0.0
0.0
0.0
0.23498821704771167
0.4691653034407958
-9.58619E-5
0.0
-0.8639982102334993
0.0
0.0
0.0
0.0
0.0
0.0
0.0
0.0
0.0
0.0
0.0
0.0
0.6215508127758377
0.0
0.0
0.0
0.0
0.0
0.47416102644554836
0.20407558623761474
3.5324947487366494
0.23873355521732195
-0.013067256655956844
-0.4035360899655334
-0.9263496129344629
-0.47255053303548145
1.0167955648967164
1.0193823608704247
0.22915747128579045
0.2190477676798442
0.21658916438741127
1.5604087715857549
-0.5629461503861137
3.6218442006472813
0.6642277764451189
0.03503113354992937
0.44984015074571515
-0.2522486871489242
0.14121854933424202
0.2412107462324858
0.2358718545672562
0.5505023453815782
0.2776639752453166
0.1596190076411212
0.6162733340188202
0.18997432735290828
0.16814086949518953
-1.3201373949330373
0.19851621333169694
-0.3913936928187844
0.11972710667771164
-0.015197060348896296
-0.3169192552804764
-0.5960201156436118
-0.3629624462541954
-0.9825689098317102
-0.8313429862439728
-0.15067959467072128
-0.6305645084457847
0.15613075459733108
-0.0754893264445516
-0.2298403303945869
-0.6708165377837996
-0.6734479024166787
-0.2616340454422306
-0.6045675212010033
-0.30546540328520416
-0.1698440724778204
0.3541588173116393
0.5784650101847636
-0.5503142819677728
-0.1717063363273506
0.0207736723590147
-0.1326885444035924
-0.20251401883549397
-0.39030074813998106
-0.20458444043757706
-0.0233161899349941
0.018255358075017318
-0.0239085799349941
-7.865319147516614E-4
0.2131678904220545
2.0227700000000006E-4
1.9354826904975495
-0.032214569717939824
0.20089615552107093
-2.091630507046855
-0.021154055250504178
-0.1989469641624614
-0.7293207812983442
-0.3620018641505536
2.2433037331302286
-0.38674928730043556
-0.5032385709202557
2.363654135830219
-2.2053305116610287
2.3323575641606373
-0.25349314074365936
0.7662164544750678
-0.15123843022785588
-1.517389210050591
3.6077115115037968
0.2550892441001453
0.019093631883302126
1.8449416458117371
-0.5215703358298435
0.3653944947280587
0.3799931981887655
-0.2734443814718862
0.1305977203562432
0.24650920388421607
0.1306466803562432
-0.005926019202514913
0.0
0.0
0.0
0.0
0.0
0.0
0.0
0.0
0.0
0.0
0.0
0.0
0.0
0.0
0.0
0.0
0.0
0.0
0.0
0.0
0.0
0.0
0.0
0.0
0.0
0.0
0.0
0.0
0.0
0.0
0.0
0.0
0.0
0.0
0.0
0.0
0.0
0.0
0.0
0.0
0.0
0.0
0.0
0.0
0.0
0.0
0.0
0.0
0.0
0.0
0.0
0.0
0.0
0.0
0.0
0.0
0.0
0.0
0.0
0.0
0.0
0.0
0.0
0.0
0.0
0.0
0.0
0.0
0.0
0.0
0.0
0.0
0.0
0.0
0.0
0.0
0.0
0.0
0.0
0.0
0.0
0.0
0.0
0.0
0.0
0.0
0.0
0.0
0.0
0.0
0.0
0.0
0.0
0.0
0.0
0.0
0.0
0.0
0.0
0.0
0.0
0.0
0.0
0.0
0.0
0.0
0.0
0.0
0.0
0.0
0.0
0.0
0.0
0.0
0.0
0.0
0.0
0.0
0.0
0.0
0.0
0.0
0.0
0.0
0.0
0.0
0.0
</W>
<b>
-2.825880538079372
</b>
<info>
Training (X) File : /home/vibhatha/data/libsvm/webspam/webspam_isesvm_train_x_bin.75 
Training (Y) File : /home/vibhatha/data/libsvm/webspam/webspam_isesvm_train_y.75.bin 
Testing (X) File : /home/vibhatha/data/libsvm/webspam/webspam_isesvm_test_x_bin.75 
Testing (Y) File : /home/vibhatha/data/libsvm/webspam/webspam_isesvm_test_y.75.bin 
I/O Time : 61
Kernel Matrix Calculation : 0.219 s
</info>
