<model>
linear
</model>
<W>
0.0
0.0
0.0
0.0
0.0
0.0
0.0
0.0
0.0
-1.5623470465519715
1.2562487904684918
0.0
0.0
-1.4319594883955549
0.0
0.0
0.0
0.0
0.0
0.0
0.0
0.0
0.0
0.0
0.0
0.0
1.3846387453916005
0.0
0.0
0.0
0.0
0.0
-0.4123098011887313
0.17001564848524042
2.569173464747928
0.07841428465065818
-0.002275410711021844
-0.4783395125368161
-0.8448093879472073
-0.4338843369921219
0.7258602522943164
0.7315587222943166
0.09770621537873937
0.1799429763652108
-0.06994425808781422
0.6189772142437537
-0.14895967558640325
2.730015216848078
-0.0743964785457803
-0.4851112714618493
-0.019318622070140012
-0.19068348849692993
0.04081277535787455
-0.3847486884714427
0.22988588508076152
-0.014068977242802573
-0.2013689899745158
-0.027787505032341116
0.3721019337188845
0.4918922064528283
-0.28125924012860704
-1.5466396227394679
-0.2637342103418165
-0.3923828347257731
-0.011042816199999996
-0.20628939481065467
-0.28940765538468005
-0.5551028444211622
-0.21456578080520217
-0.6237802227775511
-1.25642606592561
-0.2428728673476568
-0.40393943610484134
-0.28937094777395733
-0.018433718060134517
-0.25782538262238686
-0.2022907805447587
-0.5380824708824367
-0.4001824780581923
-0.5301675788378978
-0.46070498465321524
-0.02593439882962658
-0.17686786526370218
0.7473307480769189
-0.7680062050019675
-0.0612802695464199
0.1704573056236055
-0.15779579740667385
-0.09207436617546814
-0.28700655565496724
-0.23273161153884797
0.03847563807244372
0.07287406216816453
0.04714417007244374
-8.380905877470346E-5
0.217791897637647
0.019147474999999997
2.334892330802198
-0.2874891241699795
-0.348995121368371
-0.3659792979389517
0.09131170179602521
-0.09284067465420415
-0.9761969342871444
-0.6692996153917836
3.6438389381346212
-0.24364586361624363
-0.5292150709684605
1.721013492679055
-1.2942739191676018
3.535303882667227
-1.4736765777511431
1.0832615968795254
-0.19399318519314915
-1.4589197909209364
3.411361754469258
0.045665979839843995
-0.23346175385637385
1.4204571996326074
-0.782685960723467
0.1263921804534762
-0.1250334036978298
-0.1434392354558827
0.055499236163937614
0.24272345018489105
0.05597345616393765
-0.028451915000000005
0.0
0.0
0.0
0.0
0.0
0.0
0.0
0.0
0.0
0.0
0.0
0.0
0.0
0.0
0.0
0.0
0.0
0.0
0.0
0.0
0.0
0.0
0.0
0.0
0.0
0.0
0.0
0.0
0.0
0.0
0.0
0.0
0.0
0.0
0.0
0.0
0.0
0.0
0.0
0.0
0.0
0.0
0.0
0.0
0.0
0.0
0.0
0.0
0.0
0.0
0.0
0.0
0.0
0.0
0.0
0.0
0.0
0.0
0.0
0.0
0.0
0.0
0.0
0.0
0.0
0.0
0.0
0.0
0.0
0.0
0.0
0.0
0.0
0.0
0.0
0.0
0.0
0.0
0.0
0.0
0.0
0.0
0.0
0.0
0.0
0.0
0.0
0.0
0.0
0.0
0.0
0.0
0.0
0.0
0.0
0.0
0.0
0.0
0.0
0.0
0.0
0.0
0.0
0.0
0.0
0.0
0.0
0.0
0.0
0.0
0.0
0.0
0.0
0.0
0.0
0.0
0.0
0.0
0.0
0.0
0.0
0.0
0.0
0.0
0.0
0.0
0.0
</W>
<b>
-2.2062676113934288
</b>
<info>
Training (X) File : /home/vibhatha/data/libsvm/webspam/webspam_isesvm_train_x_bin.104 
Training (Y) File : /home/vibhatha/data/libsvm/webspam/webspam_isesvm_train_y.104.bin 
Testing (X) File : /home/vibhatha/data/libsvm/webspam/webspam_isesvm_test_x_bin.104 
Testing (Y) File : /home/vibhatha/data/libsvm/webspam/webspam_isesvm_test_y.104.bin 
I/O Time : 55
Kernel Matrix Calculation : 0.214 s
</info>
