<model>
linear
</model>
<W>
0.0
0.0
0.0
0.0
0.0
0.0
0.0
0.0
0.0
0.37175416619870894
-0.6843446344918266
0.0
0.0
-2.479012194693606
0.0
0.0
0.0
0.0
0.0
0.0
0.0
0.0
0.0
0.0
0.0
0.0
1.519316862030801
0.0
0.0
0.0
0.0
0.0
-0.3267714510144246
-0.13417261377514914
2.046247972789863
0.35062013979578055
-0.013617496126010157
-0.038650356332827825
-0.7897874246107377
-0.44853539432471257
0.7709170479951927
0.7766475407290915
-0.20641496173880838
0.22260983543357574
0.24402482542762485
0.4276868417988697
-0.2169296830263931
3.6926185308038684
0.4293919970761065
-0.18820323636307495
-0.13211707419963425
-0.1835758675384589
-1.8786687209255276E-4
-0.3046117350452705
0.30718619452330503
0.2186401254045438
0.14795215781049137
0.40606826703148496
0.7204621324792669
0.3283922919515288
0.08470946230628035
-1.6573533518022996
0.10271000279669279
-0.49187540248766964
0.1160390649445231
0.2941711293943696
-0.11274251425480533
-0.7128447158870147
-0.6859071697741268
-0.9701951726165493
-0.7916366868699211
-0.19172380935186045
-0.41937034336152007
-0.12060216160397738
-0.03941532247109579
-0.2736040028934602
0.21581650101931782
-0.514881029053686
-0.29648584697176716
-0.5822947174036067
-0.2751241227623468
-0.26270752713080325
0.04651178689562806
0.5020415470316816
-1.439592364775929
-0.3852803120330305
-0.0726546706233764
-0.16954258506081926
-0.18948896417613156
-0.32807002077661357
-0.22625737944639357
0.23900248457779577
-0.05268756222404082
0.23944995257779578
0.003615044384993955
0.6737577996832175
0.002042333992960211
1.446762811414182
0.27619780882110123
-0.24035428468109005
-1.925711619032093
0.22246842673737716
-0.45576934343455744
-0.5871440926136064
-0.6964205614784797
2.85637627435448
-0.5952299396689782
-0.4904737758277307
2.00554298490576
-2.4411515523011253
2.2903248624620876
-0.14311995966478924
0.9416377483936023
-0.1445471403953258
-1.011752261621657
2.914273770627179
0.5115430723924659
-0.30441986467456283
1.635907313502709
-0.3105203825915533
-0.061628502058024615
-0.06413303601680968
-0.1681316018561906
-0.07663454960635198
0.21558736966190126
-0.07656334650635198
-0.012700731899999998
0.0
0.0
0.0
0.0
0.0
0.0
0.0
0.0
0.0
0.0
0.0
0.0
0.0
0.0
0.0
0.0
0.0
0.0
0.0
0.0
0.0
0.0
0.0
0.0
0.0
0.0
0.0
0.0
0.0
0.0
0.0
0.0
0.0
0.0
0.0
0.0
0.0
0.0
0.0
0.0
0.0
0.0
0.0
0.0
0.0
0.0
0.0
0.0
0.0
0.0
0.0
0.0
0.0
0.0
0.0
0.0
0.0
0.0
0.0
0.0
0.0
0.0
0.0
0.0
0.0
0.0
0.0
0.0
0.0
0.0
0.0
0.0
0.0
0.0
0.0
0.0
0.0
0.0
0.0
0.0
0.0
0.0
0.0
0.0
0.0
0.0
0.0
0.0
0.0
0.0
0.0
0.0
0.0
0.0
0.0
0.0
0.0
0.0
0.0
0.0
0.0
0.0
0.0
0.0
0.0
0.0
0.0
0.0
0.0
0.0
0.0
0.0
0.0
0.0
0.0
0.0
0.0
0.0
0.0
0.0
0.0
0.0
0.0
0.0
0.0
0.0
0.0
</W>
<b>
-1.838394051566693
</b>
<info>
Training (X) File : /home/vibhatha/data/libsvm/webspam/webspam_isesvm_train_x_bin.27 
Training (Y) File : /home/vibhatha/data/libsvm/webspam/webspam_isesvm_train_y.27.bin 
Testing (X) File : /home/vibhatha/data/libsvm/webspam/webspam_isesvm_test_x_bin.27 
Testing (Y) File : /home/vibhatha/data/libsvm/webspam/webspam_isesvm_test_y.27.bin 
I/O Time : 61
Kernel Matrix Calculation : 0.234 s
</info>
