<model>
linear
</model>
<W>
0.0
0.0
0.0
0.0
0.0
0.0
0.0
0.0
0.0
-0.8421681902330342
3.850967300452731
0.0
0.0
-1.5196318125876562
0.0
0.0
0.0
0.0
0.0
0.0
0.0
0.0
0.0
0.0
0.0
0.0
5.181409709726474
0.0
0.0
0.0
0.0
0.0
1.5123045993282815
-1.2139567929468424
3.2986954380951565
2.047256705996915
-0.15353126103729423
1.7003554073931815
6.5098869888325295
-1.4500716629131927
5.546850184352021
5.623103867143656
1.0849594276473533
-0.7554584525833716
-1.8920667313936266
4.1562250500876505
-1.2064366750042317
6.454869875720602
-0.19420723728792
1.7681913744448154
4.581899784514066
1.8907820043787946
-0.4142851829022962
-3.999091514913989
4.122407563849501
-3.666294175357886
4.188276079766451
-2.8597618747151037
-0.62497360033469
-0.7730901210382184
0.17673878639358165
-6.508359231134481
0.34432186006229504
-5.964197324787635
1.8736106824729506
6.3157156648923385
1.8807788472413436
-1.734929591667488
4.802617967261334
-3.947109418081885
-6.252625859652232
-2.2481029837052136
-3.494348818071074
3.035396257061329
0.2693695079321362
-4.069499856383423
0.23707848266454074
-0.6954087531716863
-1.0058604705553535
-2.3827878877686057
-3.32179659865437
1.046326518068003
0.6029836585756487
1.2221376825480568
0.3336581751955486
-1.3891046698273954
0.028723835357441788
-1.8002531747211932
-0.9987414431871842
-1.5142948127553548
-1.5886264667206793
-0.7727173303661651
-3.9808776848288256
-0.7769413159594517
0.0987895315118125
3.9689870396154006
-0.0013776360000000007
0.8377669972494335
-0.3493535915193249
-3.894841082317627
-6.576760326355541
-3.418329062070642
3.2059502730729275
-5.8003209734025045
2.3789437115768806
3.5704512597244236
-1.7788382917232923
-3.684102584070457
7.658897509167956
-10.154921669271378
10.114576717003159
-5.3668445355270356
-1.755346278167893
-1.2782641919601503
-3.696837229447535
11.861530647755586
6.156712397885988
0.11123075246325964
6.698927505179945
-0.9985206351799212
-1.2622275893361388
4.586062704130874
-2.7318531253775657
-0.39211662317909113
1.839828508195147
-0.39211662317909113
0.14414899838856227
0.0
0.0
0.0
0.0
0.0
0.0
0.0
0.0
0.0
0.0
0.0
0.0
0.0
0.0
0.0
0.0
0.0
0.0
0.0
0.0
0.0
0.0
0.0
0.0
0.0
0.0
0.0
0.0
0.0
0.0
0.0
0.0
0.0
0.0
0.0
0.0
0.0
0.0
0.0
0.0
0.0
0.0
0.0
0.0
0.0
0.0
0.0
0.0
0.0
0.0
0.0
0.0
0.0
0.0
0.0
0.0
0.0
0.0
0.0
0.0
0.0
0.0
0.0
0.0
0.0
0.0
0.0
0.0
0.0
0.0
0.0
0.0
0.0
0.0
0.0
0.0
0.0
0.0
0.0
0.0
0.0
0.0
0.0
0.0
0.0
0.0
0.0
0.0
0.0
0.0
0.0
0.0
0.0
0.0
0.0
0.0
0.0
0.0
0.0
0.0
0.0
0.0
0.0
0.0
0.0
0.0
0.0
0.0
0.0
0.0
0.0
0.0
0.0
0.0
0.0
0.0
0.0
0.0
0.0
0.0
0.0
0.0
0.0
0.0
0.0
0.0
0.0
</W>
<b>
-4.638923163263502
</b>
<info>
Training (X) File : /home/vibhatha/data/libsvm/webspam/webspam_isesvm_train_x_bin.350 
Training (Y) File : /home/vibhatha/data/libsvm/webspam/webspam_isesvm_train_y.350.bin 
Testing (X) File : /home/vibhatha/data/libsvm/webspam/webspam_isesvm_test_x_bin.350 
Testing (Y) File : /home/vibhatha/data/libsvm/webspam/webspam_isesvm_test_y.350.bin 
I/O Time : 147
Kernel Matrix Calculation : 0.248 s
</info>
