88.19875776397515
70.80745341614907
77.01863354037268
78.88198757763976
78.88198757763976
78.26086956521739
75.77639751552795
80.74534161490683
76.3975155279503
78.26086956521739
76.3975155279503
81.98757763975155
75.15527950310559
77.63975155279503
73.91304347826086
80.12422360248446
73.91304347826086
83.22981366459628
78.88198757763976
81.36645962732919
77.01863354037268
80.74534161490683
78.88198757763976
80.74534161490683
77.01863354037268
80.74534161490683
78.26086956521739
78.26086956521739
85.09316770186336
82.6086956521739
77.63975155279503
80.12422360248446
78.88198757763976
81.36645962732919
77.63975155279503
80.12422360248446
80.74534161490683
78.26086956521739
76.3975155279503
74.53416149068323
