85.71428571428571
78.88198757763976
78.88198757763976
78.88198757763976
72.04968944099379
78.88198757763976
72.04968944099379
75.77639751552795
75.77639751552795
83.85093167701864
75.77639751552795
85.09316770186336
80.74534161490683
78.26086956521739
75.15527950310559
81.36645962732919
80.12422360248446
81.98757763975155
83.85093167701864
82.6086956521739
78.88198757763976
81.98757763975155
82.6086956521739
80.74534161490683
79.5031055900621
82.6086956521739
82.6086956521739
82.6086956521739
82.6086956521739
81.36645962732919
81.98757763975155
80.12422360248446
76.3975155279503
81.98757763975155
78.26086956521739
77.63975155279503
78.26086956521739
86.33540372670807
81.36645962732919
82.6086956521739
