91.37554585152839
90.61135371179039
89.51965065502183
89.41048034934498
90.28384279475983
91.26637554585153
89.41048034934498
89.73799126637554
87.66375545851528
82.31441048034934
88.97379912663756
90.50218340611353
90.82969432314411
89.95633187772926
91.5938864628821
84.38864628820961
79.6943231441048
88.31877729257643
89.73799126637554
91.70305676855895
89.95633187772926
89.8471615720524
88.8646288209607
80.56768558951966
87.44541484716157
89.62882096069869
91.48471615720524
89.51965065502183
90.72052401746726
90.93886462882097
89.19213973799127
89.95633187772926
92.79475982532752
90.06550218340611
86.57205240174673
89.30131004366812
91.0480349344978
91.26637554585153
91.15720524017468
91.26637554585153
