89.92805755395683
90.28776978417267
87.05035971223022
88.12949640287769
87.76978417266187
87.05035971223022
91.72661870503596
88.84892086330936
87.76978417266187
85.97122302158273
91.00719424460432
88.48920863309353
87.41007194244604
91.36690647482014
85.25179856115108
85.61151079136691
88.84892086330936
88.12949640287769
87.41007194244604
81.29496402877699
88.84892086330936
87.76978417266187
91.00719424460432
89.568345323741
85.61151079136691
88.48920863309353
87.05035971223022
88.84892086330936
87.76978417266187
88.84892086330936
89.92805755395683
85.25179856115108
88.84892086330936
91.36690647482014
88.84892086330936
88.48920863309353
89.568345323741
92.44604316546763
87.05035971223022
87.76978417266187
