91.00719424460432
91.00719424460432
89.568345323741
87.76978417266187
89.568345323741
88.12949640287769
89.92805755395683
91.72661870503596
89.568345323741
90.28776978417267
92.44604316546763
89.20863309352518
90.28776978417267
92.08633093525181
89.92805755395683
89.92805755395683
91.36690647482014
89.92805755395683
89.568345323741
85.25179856115108
91.36690647482014
92.44604316546763
91.36690647482014
88.84892086330936
87.76978417266187
89.20863309352518
90.64748201438849
91.00719424460432
87.41007194244604
92.08633093525181
92.08633093525181
88.48920863309353
90.64748201438849
89.568345323741
91.36690647482014
88.12949640287769
91.72661870503596
89.568345323741
89.20863309352518
89.568345323741
