84.17266187050359
84.53237410071942
83.45323741007195
83.81294964028777
81.29496402877699
82.01438848920863
83.09352517985612
84.53237410071942
80.93525179856115
84.17266187050359
84.17266187050359
81.65467625899281
81.65467625899281
85.61151079136691
80.2158273381295
83.45323741007195
84.89208633093526
81.65467625899281
81.65467625899281
74.46043165467626
84.89208633093526
89.568345323741
85.25179856115108
81.65467625899281
83.09352517985612
80.2158273381295
82.73381294964028
78.77697841726618
80.57553956834532
84.17266187050359
87.76978417266187
82.37410071942446
80.57553956834532
83.09352517985612
86.6906474820144
80.57553956834532
86.6906474820144
85.61151079136691
82.37410071942446
84.89208633093526
