89.92805755395683
91.72661870503596
89.92805755395683
88.84892086330936
89.20863309352518
90.64748201438849
88.12949640287769
90.28776978417267
91.36690647482014
87.05035971223022
92.44604316546763
88.12949640287769
89.20863309352518
91.00719424460432
87.41007194244604
85.97122302158273
89.568345323741
89.20863309352518
87.41007194244604
86.33093525179856
93.16546762589928
90.28776978417267
92.08633093525181
88.12949640287769
89.20863309352518
89.20863309352518
90.28776978417267
90.28776978417267
88.84892086330936
91.00719424460432
91.72661870503596
89.20863309352518
89.92805755395683
89.20863309352518
88.84892086330936
89.92805755395683
92.80575539568345
89.92805755395683
88.84892086330936
90.64748201438849
