<model>
linear
</model>
<W>
0.0
0.0
0.0
0.0
0.0
0.0
0.0
0.0
0.0
-0.08326526567921343
2.673785442560671
0.0
0.0
-3.7582881229698546
0.0
0.0
0.0
0.0
0.0
0.0
0.0
0.0
0.0
0.0
0.0
0.0
4.851934749466569
0.0
0.0
0.0
0.0
0.0
1.457602522339391
0.6441125456252476
5.218277396352114
5.034155923555474
-0.1691593261049924
-3.410168375247409
2.5785967815390163
-7.110511573144004
7.349745634440951
7.3799788895422305
-1.0614262407397137
1.8140796230487233
-2.3663131888156856
9.721845775077286
1.4721917049136142
8.471455021760935
0.926249481131733
-0.604674501068903
5.311056082131014
2.45343532490604
-5.035010251349366
-2.454379649699194
1.1631009738270837
1.141245783545554
2.1448257939275797
4.100074903686208
-3.0293871848296283
-0.16515048847742764
-1.8316927208552096
-8.878431971884378
-1.9571891160294674
-5.757525035794686
1.4056722843438905
4.603409371041068
0.28126013263381583
-5.386658724943732
-4.098632632466001
-5.83537044021716
-7.460236372837925
-0.8559376705918753
-1.8778686238065583
8.08002401805448
1.2708534113939423
-4.083028664148129
-0.9019617249760536
-8.692188013942678
2.9591263310522455
4.072847825403318
-0.9431449311531475
2.8175289821026412
2.6028837196575947
-0.6060953207711196
2.89500240629849
3.809525736241981
5.557887735951533
4.3230382201363655
-4.279039464318014
-4.662236768987475
-2.19016255144647
1.7735166482743194
5.157985218461066
2.705413849745535
0.19188294553927393
4.5408580154483005
-0.210867715
1.1119930318906928
-2.0651666859781055
0.07199630029126958
-2.9785187110101257
-1.2401270211440156
3.172203164089702
-4.6292896698048045
4.216758561983377
3.8904567979738616
-3.2778106448866304
-4.876466639630951
5.670957386613922
-9.980620539920306
2.276159983638718
-0.8797232987141292
-0.5864447345530506
-3.716948825176785
0.387977508723802
9.680899257520627
3.090470802971204
1.5787248979700013
6.585842722640519
-6.319957990512421
-3.2751479100522762
-4.410503081795943
-1.8337510080347221
0.743002438142824
1.7106465642806339
0.743002438142824
-1.6119502108373458
0.0
0.0
0.0
0.0
0.0
0.0
0.0
0.0
0.0
0.0
0.0
0.0
0.0
0.0
0.0
0.0
0.0
0.0
0.0
0.0
0.0
0.0
0.0
0.0
0.0
0.0
0.0
0.0
0.0
0.0
0.0
0.0
0.0
0.0
0.0
0.0
0.0
0.0
0.0
0.0
0.0
0.0
0.0
0.0
0.0
0.0
0.0
0.0
0.0
0.0
0.0
0.0
0.0
0.0
0.0
0.0
0.0
0.0
0.0
0.0
0.0
0.0
0.0
0.0
0.0
0.0
0.0
0.0
0.0
0.0
0.0
0.0
0.0
0.0
0.0
0.0
0.0
0.0
0.0
0.0
0.0
0.0
0.0
0.0
0.0
0.0
0.0
0.0
0.0
0.0
0.0
0.0
0.0
0.0
0.0
0.0
0.0
0.0
0.0
0.0
0.0
0.0
0.0
0.0
0.0
0.0
0.0
0.0
0.0
0.0
0.0
0.0
0.0
0.0
0.0
0.0
0.0
0.0
0.0
0.0
0.0
0.0
0.0
0.0
0.0
0.0
0.0
</W>
<b>
-4.850186919238226
</b>
<info>
Training (X) File : /home/vibhatha/data/libsvm/webspam/webspam_isesvm_train_x_bin.237 
Training (Y) File : /home/vibhatha/data/libsvm/webspam/webspam_isesvm_train_y.237.bin 
Testing (X) File : /home/vibhatha/data/libsvm/webspam/webspam_isesvm_test_x_bin.237 
Testing (Y) File : /home/vibhatha/data/libsvm/webspam/webspam_isesvm_test_y.237.bin 
I/O Time : 220
Kernel Matrix Calculation : 0.473 s
</info>
