85.97122302158273
84.17266187050359
84.53237410071942
83.45323741007195
84.53237410071942
84.89208633093526
85.25179856115108
86.6906474820144
83.81294964028777
85.25179856115108
87.05035971223022
84.53237410071942
82.37410071942446
87.05035971223022
81.65467625899281
83.81294964028777
85.97122302158273
84.53237410071942
83.45323741007195
78.77697841726618
84.53237410071942
87.76978417266187
85.97122302158273
83.09352517985612
85.25179856115108
83.45323741007195
85.25179856115108
81.29496402877699
82.73381294964028
84.53237410071942
88.48920863309353
81.65467625899281
83.81294964028777
85.97122302158273
86.33093525179856
84.17266187050359
87.41007194244604
84.89208633093526
85.25179856115108
86.6906474820144
