82.73381294964028
84.89208633093526
83.45323741007195
80.57553956834532
82.01438848920863
83.09352517985612
84.53237410071942
84.17266187050359
79.13669064748201
81.29496402877699
85.25179856115108
82.37410071942446
77.6978417266187
84.89208633093526
80.57553956834532
79.85611510791367
83.09352517985612
82.37410071942446
82.37410071942446
75.89928057553958
84.53237410071942
84.53237410071942
83.09352517985612
85.25179856115108
82.73381294964028
80.93525179856115
79.49640287769785
80.2158273381295
81.65467625899281
86.33093525179856
86.6906474820144
83.09352517985612
80.93525179856115
79.85611510791367
84.89208633093526
82.73381294964028
84.17266187050359
84.53237410071942
84.17266187050359
83.81294964028777
