<model>
linear
</model>
<W>
0.0
-0.14536500324264004
-0.1470360602973253
-0.17209901497688435
-0.12531477339779526
-0.12865644117782424
-0.1470360602973253
-0.14369416935262552
-0.11528954689303747
-2.5944782110463267
4.040876940332846
-0.14369416935262552
-0.13199810895785327
-4.990614232360724
-0.15873212069209758
-0.22723742600604596
-0.12364393950778076
-0.1520485619673688
-0.16374462236214107
-0.12698560728780975
-0.12698560728780975
-0.13868166768258203
-0.1487068941873398
-0.1520485619673688
-0.1537193958573833
-0.15539022974739783
1.4118535048839718
-0.17042795792219909
-0.18379485220698585
-0.17878235053694236
-0.18212401831697136
-0.18379485220698585
0.049244906321697854
-1.29136387478186
7.268315776113621
-5.1164366214126895
-0.703195208623858
-1.0144475992599729
-0.3078769075576434
-10.679140607764444
5.511791788630309
5.126040915778499
-2.0363839104410175
1.5243718060329063
-1.3741961214363687
4.935147581157619
-1.1282290471181253
9.625769338696864
-2.1294970364015633
2.397722190273682
1.436322123968624
0.7221852526667483
-1.958001228938704
-1.1425833739555116
6.684481100016616
-1.8951071642083523
-0.12530330565431022
-3.569233720168029
3.4805885819361935
7.3274776013897736
-3.1556585940405903
-7.26215830306022
-3.0813392946512494
-6.174520027374601
1.0764528452368731
5.486211239664748
2.7307494218266304
-4.220508954233993
3.280142277220567
-3.2045019759217137
-6.678777566677427
2.526305061873833
0.8134147244298562
1.531605850683521
2.500270288386766
-2.1799471958089027
-4.495756430761657
-10.202372657804093
-2.32538233858235
4.079979875852367
-3.6349153721877014
2.2606455830761774
1.8182238108063986
6.135557356289005
-2.617794601200884
-1.1756097332917845
-0.9670434226725575
-0.04717189121020384
0.21170471882418723
-3.088271163777005
-1.3382074339733807
-1.1793458086436606
1.9705360134514631
-0.5517035334783749
-0.6828118501719894
2.701858976419021
-0.1419464252973253
2.1622919506074667
-2.2095530532926233
-0.7291121471014504
1.4528148320660141
0.04932052758423257
8.108532925269436
-7.756008218256352
2.5398374024356367
4.427012114535311
-0.7366230976698737
-4.370868458589806
7.131008156547876
-2.0281377138144125
4.737479217998824
-4.821665526086848
2.6872176445372267
-2.8024895668348027
-7.160514309590031
8.817016655474635
-5.702422463301917
3.8491389218414365
1.5775023864000979
-4.346502243876058
2.1844563532856265
2.842786964400083
0.9156745199243953
-0.6702317327865537
0.3694649642345357
-0.7075547499186451
-0.3251023846811544
-0.19716196965644342
0.0
0.0
0.0
0.0
0.0
0.0
0.0
0.0
0.0
0.0
0.0
0.0
0.0
0.0
0.0
0.0
0.0
0.0
0.0
0.0
0.0
0.0
0.0
0.0
0.0
0.0
0.0
0.0
0.0
0.0
0.0
0.0
0.0
0.0
0.0
0.0
0.0
0.0
0.0
0.0
0.0
0.0
0.0
0.0
0.0
0.0
0.0
0.0
0.0
0.0
0.0
0.0
0.0
0.0
0.0
0.0
0.0
0.0
0.0
0.0
0.0
0.0
0.0
0.0
0.0
0.0
0.0
0.0
0.0
0.0
0.0
0.0
0.0
0.0
0.0
0.0
0.0
0.0
0.0
0.0
0.0
0.0
0.0
0.0
0.0
0.0
0.0
0.0
0.0
0.0
0.0
0.0
0.0
0.0
0.0
0.0
0.0
0.0
0.0
0.0
0.0
0.0
0.0
0.0
0.0
0.0
0.0
0.0
0.0
0.0
0.0
0.0
0.0
0.0
0.0
0.0
0.0
0.0
0.0
0.0
0.0
0.0
0.0
0.0
0.0
0.0
</W>
<b>
-2.5935970190143594
</b>
<info>
Training (X) File : /home/vibhatha/data/libsvm/webspam/webspam_isesvm_train_x_bin.243 
Training (Y) File : /home/vibhatha/data/libsvm/webspam/webspam_isesvm_train_y.243.bin 
Testing (X) File : /home/vibhatha/data/libsvm/webspam/webspam_isesvm_test_x_bin.243 
Testing (Y) File : /home/vibhatha/data/libsvm/webspam/webspam_isesvm_test_y.243.bin 
I/O Time : 147
Kernel Matrix Calculation : 0.246 s
</info>
