93.16546762589928
89.568345323741
89.92805755395683
87.76978417266187
90.28776978417267
89.568345323741
90.28776978417267
90.64748201438849
90.64748201438849
89.92805755395683
90.64748201438849
88.48920863309353
87.41007194244604
89.568345323741
87.76978417266187
88.12949640287769
91.36690647482014
91.00719424460432
92.44604316546763
84.89208633093526
92.08633093525181
92.08633093525181
92.08633093525181
88.12949640287769
89.20863309352518
90.64748201438849
90.64748201438849
88.84892086330936
87.76978417266187
92.44604316546763
91.72661870503596
89.20863309352518
89.568345323741
90.28776978417267
89.92805755395683
88.48920863309353
90.28776978417267
90.64748201438849
89.20863309352518
92.80575539568345
