92.80575539568345
92.08633093525181
91.72661870503596
88.84892086330936
87.05035971223022
89.568345323741
91.72661870503596
91.00719424460432
89.20863309352518
87.41007194244604
92.08633093525181
89.92805755395683
89.92805755395683
91.00719424460432
91.72661870503596
89.92805755395683
92.44604316546763
87.76978417266187
90.64748201438849
83.81294964028777
91.72661870503596
91.36690647482014
91.36690647482014
91.72661870503596
88.48920863309353
89.20863309352518
89.568345323741
89.20863309352518
88.48920863309353
93.5251798561151
91.00719424460432
88.84892086330936
91.72661870503596
91.36690647482014
91.36690647482014
89.568345323741
90.28776978417267
91.00719424460432
88.84892086330936
90.28776978417267
