<model>
linear
</model>
<W>
0.0
0.0
0.0
0.0
0.0
0.0
0.0
0.0
-8.392850768583037E-4
-1.4205865071405437
2.1720051744360585
0.0
0.0
-1.9456327685361727
0.0
0.0
0.0
0.0
0.0
0.0
0.0
0.0
0.0
0.0
0.0
0.0
3.160057065178376
0.0
0.0
0.0
0.0
0.0
1.020804227115068
0.3280078774538048
4.864118237694041
-0.005828035451965002
0.12101419870767713
0.6041974857410514
-1.7766330063499578
-0.7974590870331133
1.063247529250487
1.079040658634826
0.017629971903910614
-0.7622277272951373
1.6824637671716178
2.0100019095919706
-0.5803294478063057
7.682487960486803
-0.2712161429356996
2.210819066468313
3.2939371838092995
-1.2779615195004945
0.28421444521572364
-1.566793179732244
1.0487800100270877
-0.04451595506924726
1.0810931858935975
-0.23440494005606857
3.1754339958345956
0.35996327548339524
-1.9155357385968017
-5.14588647057614
-1.757422830530711
-1.6709917187962013
0.2235838757424576
1.4181616098538825
-0.3074716409231366
-2.696357202656329
0.5455442764207494
-1.7717659753910249
-1.7534332258339727
0.33106969046921714
-1.3816179179208892
0.6187904560887594
-0.2917661898818342
-0.43006073041960086
-0.22872415103317328
-2.078287866794549
0.1845029208893901
-0.8401222717636155
-0.5731088021882762
-0.5610941151922797
0.8720080510475924
1.141493415854323
-0.1269149157844014
-1.1218637045308697
0.08106668067565675
0.6467600585468385
-0.8516755806710218
-2.216500586001231
-1.026867406180461
0.06565649703038376
0.0731945263289098
0.06565649703038376
0.029212911000450596
1.877903404278828
0.005421108000000001
4.331014434153272
-0.7662890410244303
-1.2677240738601452
-1.8254557472890833
-2.6357775405273327
0.5949690137974866
-7.606552916458817
-1.3123506926118056
3.7849281998997384
-0.7117339196890186
-0.26274859384438953
2.277951528633807
-3.2845044788944953
4.558885002648664
-1.058298732067966
2.747529238993023
-0.9130305364664825
-2.8591988747731696
7.2885028518368475
0.19527699417937439
-2.6403917165942676
3.493750105579315
-1.9551498022155707
1.959188549821682
-0.1790678077513773
-0.34267955635129876
-0.6038701988987364
0.3701844694022345
-0.6030231288987363
-0.003629158579516484
0.0
0.0
0.0
0.0
0.0
0.0
0.0
0.0
0.0
0.0
0.0
0.0
0.0
0.0
0.0
0.0
0.0
0.0
0.0
0.0
0.0
0.0
0.0
0.0
0.0
0.0
0.0
0.0
0.0
0.0
0.0
0.0
0.0
0.0
0.0
0.0
0.0
0.0
0.0
0.0
0.0
0.0
0.0
0.0
0.0
0.0
0.0
0.0
0.0
0.0
0.0
0.0
0.0
0.0
0.0
0.0
0.0
0.0
0.0
0.0
0.0
0.0
0.0
0.0
0.0
0.0
0.0
0.0
0.0
0.0
0.0
0.0
0.0
0.0
0.0
0.0
0.0
0.0
0.0
0.0
0.0
0.0
0.0
0.0
0.0
0.0
0.0
0.0
0.0
0.0
0.0
0.0
0.0
0.0
0.0
0.0
0.0
0.0
0.0
0.0
0.0
0.0
0.0
0.0
0.0
0.0
0.0
0.0
0.0
0.0
0.0
0.0
0.0
0.0
0.0
0.0
0.0
0.0
0.0
0.0
0.0
0.0
0.0
0.0
0.0
0.0
0.0
</W>
<b>
-2.9476141435355534
</b>
<info>
Training (X) File : /home/vibhatha/data/libsvm/webspam/webspam_isesvm_train_x_bin.187 
Training (Y) File : /home/vibhatha/data/libsvm/webspam/webspam_isesvm_train_y.187.bin 
Testing (X) File : /home/vibhatha/data/libsvm/webspam/webspam_isesvm_test_x_bin.187 
Testing (Y) File : /home/vibhatha/data/libsvm/webspam/webspam_isesvm_test_y.187.bin 
I/O Time : 110
Kernel Matrix Calculation : 0.207 s
</info>
