90.28776978417267
91.36690647482014
88.84892086330936
92.80575539568345
87.41007194244604
88.48920863309353
90.64748201438849
90.28776978417267
91.36690647482014
89.20863309352518
89.20863309352518
88.12949640287769
88.84892086330936
88.48920863309353
89.92805755395683
90.64748201438849
89.92805755395683
90.28776978417267
89.92805755395683
84.53237410071942
92.44604316546763
93.5251798561151
88.84892086330936
91.00719424460432
88.84892086330936
90.28776978417267
89.92805755395683
89.568345323741
88.12949640287769
92.08633093525181
93.88489208633094
88.84892086330936
90.64748201438849
89.568345323741
91.36690647482014
89.568345323741
91.72661870503596
91.72661870503596
88.48920863309353
91.72661870503596
