<model>
linear
</model>
<W>
0.0
0.0
0.0
0.0
0.0
0.0
0.0
0.0
0.0
-2.453144877429306
1.8575571586380342
0.0
0.0
-0.13669707703484502
0.0
0.0
0.0
0.0
0.0
0.0
0.0
0.0
0.0
0.0
0.0
0.0
0.606831818049717
0.0
0.0
0.0
0.0
0.0
-2.2756194325374626
0.07187675418819181
2.427320172888539
3.4367902553007177
0.07813168086425855
2.154083245166706
-4.088152337127218
-6.225077041195578
4.5079373581312385
4.500038418756763
1.0871884567504522
-1.1713849985197342
-6.399183359120475
2.4311817882886544
-0.7647158017982183
6.352310890333932
0.25361483387951633
4.426785516239875
1.6916709160487506
-4.802853303490126
-4.604408525668166
-1.126289334462823
6.539336155571594
-3.2547719368724395
1.050423222545732
-1.7248488832813
-1.6176360186265604
-3.819628357163136
-4.5833306817463075
-5.416458325845318
-4.382944082877771
-3.507996155637735
4.229236948059089
3.2515849781499524
0.4192536727788504
-3.8058346796524094
4.2666211082263334
-3.106458426860526
-11.326594196486205
-1.6684939575794442
-4.328276267453989
9.11956915435517
1.3931991163879225
-1.296739003675104
-5.247668464300676
-1.9908090826481508
0.09319213253833147
-1.2404960375748644
-6.986788593973759
-0.7374649822065862
-1.485833366546945
2.526394880488075
0.10429332970440275
-4.319210108729602
0.34358304460331224
2.1825333160433207
1.7885716638002447
-4.925897599657339
-2.1107776513543173
0.6821446664230305
0.8623502266233831
0.685709307290378
0.17846857776200614
11.271997283414324
0.019884935919013406
2.0025999016724665
0.39758385638641647
-5.53321452777098
-2.466012966398255
-6.954631945161004
6.024864205013447
-16.814061846955628
3.572492188402701
2.201236013501868
-1.3503725897755416
1.4048974344567835
6.610957194405065
-7.147751170501452
10.051788306857212
-5.697459139968235
2.049509062316476
0.9700792091479257
1.0249396466382255
9.837650221066099
2.4323502249362097
-5.342362170799115
11.40179947737315
0.06576988095437053
-4.025278353228811
-2.2712338094828333
0.138749559730122
0.5852840336270617
2.7743578763075964
0.601255462912921
-0.5321179982732253
0.0
0.0
0.0
0.0
0.0
0.0
0.0
0.0
0.0
0.0
0.0
0.0
0.0
0.0
0.0
0.0
0.0
0.0
0.0
0.0
0.0
0.0
0.0
0.0
0.0
0.0
0.0
0.0
0.0
0.0
0.0
0.0
0.0
0.0
0.0
0.0
0.0
0.0
0.0
0.0
0.0
0.0
0.0
0.0
0.0
0.0
0.0
0.0
0.0
0.0
0.0
0.0
0.0
0.0
0.0
0.0
0.0
0.0
0.0
0.0
0.0
0.0
0.0
0.0
0.0
0.0
0.0
0.0
0.0
0.0
0.0
0.0
0.0
0.0
0.0
0.0
0.0
0.0
0.0
0.0
0.0
0.0
0.0
0.0
0.0
0.0
0.0
0.0
0.0
0.0
0.0
0.0
0.0
0.0
0.0
0.0
0.0
0.0
0.0
0.0
0.0
0.0
0.0
0.0
0.0
0.0
0.0
0.0
0.0
0.0
0.0
0.0
0.0
0.0
0.0
0.0
0.0
0.0
0.0
0.0
0.0
0.0
0.0
0.0
0.0
0.0
0.0
</W>
<b>
0.621190613580815
</b>
<info>
Training (X) File : /home/vibhatha/data/libsvm/webspam/webspam_isesvm_train_x_bin.377 
Training (Y) File : /home/vibhatha/data/libsvm/webspam/webspam_isesvm_train_y.377.bin 
Testing (X) File : /home/vibhatha/data/libsvm/webspam/webspam_isesvm_test_x_bin.377 
Testing (Y) File : /home/vibhatha/data/libsvm/webspam/webspam_isesvm_test_y.377.bin 
I/O Time : 161
Kernel Matrix Calculation : 0.274 s
</info>
