<model>
linear
</model>
<W>
0.0
0.0
0.0
0.0
0.0
0.0
0.0
0.0
0.0
-1.9685645217790544
4.002476209021898
0.0
0.0
0.5061571060467029
0.0
0.0
0.0
0.0
0.0
0.0
0.0
0.0
0.0
0.0
0.0
0.0
1.7354745111734955
0.0
0.0
0.0
0.0
0.0
-0.7634938355661872
-1.521744229301646
6.0018379523905026
4.15445488684152
-0.39764946589111505
3.6129508356666165
-3.6775210996019623
0.4278440437560333
2.546897008429518
1.6007186231047337
-2.3326571493375523
0.3015711023952604
-4.106643601356711
0.6077586645411506
3.9340352498452806
8.3462727109635
-0.9146738765329179
-1.258791736326034
1.1294545759280397
-1.3024891262172638
1.7024190263422971
-4.212242990880908
3.964278663317302
2.3710552202049766
5.663731034050986
2.080204757482592
-0.4316588562933655
1.7055808220094988
-3.1794540318497813
-11.524555588945606
-3.3577465159564266
-2.9780441427455338
0.44689664731256445
3.6020492113512934
-2.669413025621132
-3.1811074814170626
0.9244459176563584
-4.348544035552251
-7.531366598059652
1.448227472470318
1.8253576948059576
3.930409865375633
1.0903890331505262
-0.7473703863635033
2.1578570312626852
-0.4783219945783307
2.7867398701901895
-2.298770854530093
-0.7840155474377757
-2.1277800314854143
-0.05279218766355065
0.7440399545553162
-2.8292660361622595
0.18655847556900415
1.081574229156078
4.015199105820133
-1.4073981148263965
-1.6857821795971026
-3.487588311176325
1.0716888501223452
-3.0286119161992886
1.2424231601223448
-0.2547966048374736
3.4574651963365826
0.11029018999999998
2.9179863070214336
0.8666098170005364
-1.8101613642756518
1.28436061570001
-3.310197199741251
4.179155386089637
-2.345562118895713
-0.24720632183247007
5.586371535182544
-2.195268261146281
-2.436077352934147
3.600455630377951
-10.687507809634432
6.077500451221921
-4.717204333408887
1.4435209396328232
-2.286613518968323
-4.277379173853255
10.433370853217832
-2.37957624275054
-1.0733229205409438
5.94682310035548
-0.5887047848143058
-1.7312540108022636
-1.8658157715670802
-4.698323820503754
-3.4061670467192107
0.6003356173432085
-3.4293209590462315
-0.03794147520358709
0.0
0.0
0.0
0.0
0.0
0.0
0.0
0.0
0.0
0.0
0.0
0.0
0.0
0.0
0.0
0.0
0.0
0.0
0.0
0.0
0.0
0.0
0.0
0.0
0.0
0.0
0.0
0.0
0.0
0.0
0.0
0.0
0.0
0.0
0.0
0.0
0.0
0.0
0.0
0.0
0.0
0.0
0.0
0.0
0.0
0.0
0.0
0.0
0.0
0.0
0.0
0.0
0.0
0.0
0.0
0.0
0.0
0.0
0.0
0.0
0.0
0.0
0.0
0.0
0.0
0.0
0.0
0.0
0.0
0.0
0.0
0.0
0.0
0.0
0.0
0.0
0.0
0.0
0.0
0.0
0.0
0.0
0.0
0.0
0.0
0.0
0.0
0.0
0.0
0.0
0.0
0.0
0.0
0.0
0.0
0.0
0.0
0.0
0.0
0.0
0.0
0.0
0.0
0.0
0.0
0.0
0.0
0.0
0.0
0.0
0.0
0.0
0.0
0.0
0.0
0.0
0.0
0.0
0.0
0.0
0.0
0.0
0.0
0.0
0.0
0.0
0.0
</W>
<b>
-1.0174494851571336
</b>
<info>
Training (X) File : /home/vibhatha/data/libsvm/webspam/webspam_isesvm_train_x_bin.212 
Training (Y) File : /home/vibhatha/data/libsvm/webspam/webspam_isesvm_train_y.212.bin 
Testing (X) File : /home/vibhatha/data/libsvm/webspam/webspam_isesvm_test_x_bin.212 
Testing (Y) File : /home/vibhatha/data/libsvm/webspam/webspam_isesvm_test_y.212.bin 
I/O Time : 136
Kernel Matrix Calculation : 0.248 s
</info>
