91.72661870503596
91.36690647482014
91.00719424460432
88.12949640287769
88.84892086330936
88.84892086330936
90.64748201438849
90.28776978417267
90.64748201438849
89.92805755395683
93.16546762589928
90.64748201438849
88.12949640287769
90.64748201438849
89.92805755395683
89.20863309352518
91.36690647482014
88.12949640287769
91.36690647482014
85.25179856115108
91.00719424460432
92.80575539568345
92.44604316546763
88.84892086330936
88.84892086330936
88.12949640287769
89.92805755395683
90.28776978417267
89.92805755395683
91.72661870503596
94.24460431654677
88.84892086330936
90.28776978417267
91.00719424460432
88.48920863309353
90.28776978417267
91.36690647482014
91.72661870503596
87.76978417266187
89.92805755395683
