<model>
linear
</model>
<W>
0.0
0.0
0.0
0.0
0.0
0.0
0.0
0.0
0.0
-2.139011637554358
0.9637397976555837
0.0
0.0
-0.5076463528751869
0.0
0.0
0.0
0.0
0.0
0.0
0.0
0.0
0.0
0.0
0.0
0.0
1.1205457675564094
0.0
0.0
0.0
0.0
0.0
-1.8022744240841098
-0.09160509389867444
2.7119571010629118
1.9703619560464776
-0.11291975349488041
1.0826319305442278
-2.1722246489689723
-4.739240743165969
3.4953140045975535
3.4997228249569416
0.6279750264270493
-0.4047045857180123
-3.803216755599865
2.6204240545928545
-1.4930701828174366
6.064929479602773
-0.44151887161399395
2.511208930702611
1.1703078392487276
-4.449421717092152
-3.2507733753383814
-0.8414519494024597
4.416879240750946
-1.358057680884502
0.6546270869183037
-0.46798793225503826
-0.3285978257154474
-1.6026483028484217
-2.9812680580463122
-6.416176377400042
-2.86446884062056
-2.7838698279838385
2.3388509094360033
2.8925304782868384
-1.166852134392516
-4.634027442571582
1.826423330301272
-2.530629612272102
-7.491804752549311
-1.4937297790255835
-2.1629659040377165
4.618998917653734
0.5598421709055343
-1.1630007995315819
-3.460764308218333
-1.721140292918876
-0.3928789717574259
-1.0502661732783043
-5.43941953593814
-0.4910432373167174
-0.26690186825823764
1.5755669340868907
0.1643985875412849
-3.605433075671683
-0.23957315616569125
1.7025182743623817
0.7281323297272086
-3.106422396579729
-1.0548918751356726
0.80645355012986
0.4927868106606064
0.8101994251298601
0.07295732213213345
7.664513660073832
-2.527924207657334E-4
1.821563532161604
1.373175429769149
-2.7216898050887126
-3.5982128033987464
-4.655147530667413
4.450797953667128
-11.040306044958184
1.94676057579388
2.3858636191504674
-0.7029003235080972
-1.0318099634440003
4.961716338597794
-6.0893338328000866
7.15853063529856
-4.615154570120482
2.4640882464017495
0.21136007210224156
-0.5189805936067655
9.706888225455618
1.759873740214645
-2.567804912562756
8.57351996807769
-0.6308965994134211
-0.8544178035470513
-0.595253218355906
-0.49105344522796096
-0.1674168047544956
1.655629737779372
-0.1573445143111012
-0.2548280952000001
0.0
0.0
0.0
0.0
0.0
0.0
0.0
0.0
0.0
0.0
0.0
0.0
0.0
0.0
0.0
0.0
0.0
0.0
0.0
0.0
0.0
0.0
0.0
0.0
0.0
0.0
0.0
0.0
0.0
0.0
0.0
0.0
0.0
0.0
0.0
0.0
0.0
0.0
0.0
0.0
0.0
0.0
0.0
0.0
0.0
0.0
0.0
0.0
0.0
0.0
0.0
0.0
0.0
0.0
0.0
0.0
0.0
0.0
0.0
0.0
0.0
0.0
0.0
0.0
0.0
0.0
0.0
0.0
0.0
0.0
0.0
0.0
0.0
0.0
0.0
0.0
0.0
0.0
0.0
0.0
0.0
0.0
0.0
0.0
0.0
0.0
0.0
0.0
0.0
0.0
0.0
0.0
0.0
0.0
0.0
0.0
0.0
0.0
0.0
0.0
0.0
0.0
0.0
0.0
0.0
0.0
0.0
0.0
0.0
0.0
0.0
0.0
0.0
0.0
0.0
0.0
0.0
0.0
0.0
0.0
0.0
0.0
0.0
0.0
0.0
0.0
0.0
</W>
<b>
-0.04578752898030962
</b>
<info>
Training (X) File : /home/vibhatha/data/libsvm/webspam/webspam_isesvm_train_x_bin.377 
Training (Y) File : /home/vibhatha/data/libsvm/webspam/webspam_isesvm_train_y.377.bin 
Testing (X) File : /home/vibhatha/data/libsvm/webspam/webspam_isesvm_test_x_bin.377 
Testing (Y) File : /home/vibhatha/data/libsvm/webspam/webspam_isesvm_test_y.377.bin 
I/O Time : 123
Kernel Matrix Calculation : 0.215 s
</info>
