76.2008733624454
78.05676855895196
81.22270742358079
81.76855895196506
84.27947598253274
85.1528384279476
91.70305676855895
85.1528384279476
84.38864628820961
67.24890829694323
76.09170305676855
77.62008733624454
79.91266375545851
75.54585152838428
82.64192139737992
79.14847161572052
63.427947598253276
80.13100436681223
77.62008733624454
81.00436681222706
74.0174672489083
75.21834061135371
83.1877729257642
69.75982532751091
74.78165938864629
79.80349344978166
80.45851528384279
78.93013100436681
78.16593886462883
79.6943231441048
78.7117903930131
79.58515283842796
81.00436681222706
78.60262008733623
80.56768558951966
80.56768558951966
79.03930131004367
81.22270742358079
80.67685589519651
76.09170305676855
