84.89208633093526
84.89208633093526
85.61151079136691
86.33093525179856
85.61151079136691
84.89208633093526
85.97122302158273
85.97122302158273
82.37410071942446
85.97122302158273
88.48920863309353
83.45323741007195
83.45323741007195
86.6906474820144
82.37410071942446
83.09352517985612
85.25179856115108
84.89208633093526
82.73381294964028
78.41726618705036
84.53237410071942
87.41007194244604
87.05035971223022
85.61151079136691
84.53237410071942
81.65467625899281
85.25179856115108
84.53237410071942
84.89208633093526
86.33093525179856
90.64748201438849
84.53237410071942
83.45323741007195
85.61151079136691
87.05035971223022
83.81294964028777
88.48920863309353
85.61151079136691
85.97122302158273
85.97122302158273
