<model>
linear
</model>
<W>
0.0
0.0
0.0
0.0
0.0
0.0
0.0
0.0
0.0
0.0036594442856042186
1.2103976442143223
0.0
0.0
0.8526145966734273
0.0
0.0
0.0
0.0
0.0
0.0
0.0
0.0
0.0
0.0
0.0
0.0
3.690905329274561
0.0
0.0
0.0
0.0
0.0
0.25464118726140095
0.4671273401261288
3.866152237873515
-1.9256674301227195
-1.6328255844272996
7.808825076638072
-0.5219548940571409
-6.379167536440277
9.803001017748297
9.688179830930457
-7.73344282070309
3.7302449177982298
-10.517074329190706
11.642607544869303
1.4753101864651148
7.062395679671909
-0.8527847951249969
-10.700603101691565
-0.2690517388096183
-3.3780076844965428
-4.056665595367919
3.963545362464024
10.505795487972483
1.9892649133930047
5.49361011997788
4.599608350193284
-3.6311312220315966
-1.093848112098652
-1.6819455580481502
-8.2086354254701
-2.145855864236152
-6.770867959430575
2.1130203707352844
3.7636060693231763
2.3145977155212205
-2.2367069624031948
7.090991998678476
-11.251945864486594
-16.292419897882002
-8.737811012804794
-2.945943283355361
0.4243649270526342
3.2589160209173085
-0.340151243860867
0.08297592453817765
1.3161565162816102
10.372795875858547
3.0984518008309068
-1.0025629796392077
0.553035429357901
1.006181757955696
1.3463999250328602
-0.2988786500664354
3.7130491336266433
6.395474226011842
1.4323200178360516
0.029545810229016027
0.1410220791622103
-1.8081234829855144
1.5524326781126156
-1.4753755289807013
1.567736458112616
0.27350298084249847
-1.9693564323142785
0.05393851396411446
-0.5608313618042216
-1.010120276405977
-2.3762532003144936
2.471349463213045
-2.105349579079587
0.9659396508147915
-8.764119864937843
0.29902057280795047
6.889660288439806
3.953861573517593
-4.241377307123321
13.848629042546818
-2.4110087963004165
8.603400410421898
-2.8485275881262124
0.49202118014750384
1.236499694664771
-1.0154109650714251
11.422411672940072
-4.1133357179427295
-11.947720860219366
12.813010101949077
0.049879232082429115
-1.0411977944479895
0.8777779590450121
4.1304478131689395
-0.5434618900563534
3.8613912603755063
-0.5434618900563534
0.023360949562068207
0.0
0.0
0.0
0.0
0.0
0.0
0.0
0.0
0.0
0.0
0.0
0.0
0.0
0.0
0.0
0.0
0.0
0.0
0.0
0.0
0.0
0.0
0.0
0.0
0.0
0.0
0.0
0.0
0.0
0.0
0.0
0.0
0.0
0.0
0.0
0.0
0.0
0.0
0.0
0.0
0.0
0.0
0.0
0.0
0.0
0.0
0.0
0.0
0.0
0.0
0.0
0.0
0.0
0.0
0.0
0.0
0.0
0.0
0.0
0.0
0.0
0.0
0.0
0.0
0.0
0.0
0.0
0.0
0.0
0.0
0.0
0.0
0.0
0.0
0.0
0.0
0.0
0.0
0.0
0.0
0.0
0.0
0.0
0.0
0.0
0.0
0.0
0.0
0.0
0.0
0.0
0.0
0.0
0.0
0.0
0.0
0.0
0.0
0.0
0.0
0.0
0.0
0.0
0.0
0.0
0.0
0.0
0.0
0.0
0.0
0.0
0.0
0.0
0.0
0.0
0.0
0.0
0.0
0.0
0.0
0.0
0.0
0.0
0.0
0.0
0.0
0.0
</W>
<b>
-3.759997274608129
</b>
<info>
Training (X) File : /home/vibhatha/data/libsvm/webspam/webspam_isesvm_train_x_bin.30 
Training (Y) File : /home/vibhatha/data/libsvm/webspam/webspam_isesvm_train_y.30.bin 
Testing (X) File : /home/vibhatha/data/libsvm/webspam/webspam_isesvm_test_x_bin.30 
Testing (Y) File : /home/vibhatha/data/libsvm/webspam/webspam_isesvm_test_y.30.bin 
I/O Time : 56
Kernel Matrix Calculation : 0.235 s
</info>
