92.08633093525181
88.12949640287769
89.568345323741
88.12949640287769
89.20863309352518
89.20863309352518
91.72661870503596
91.00719424460432
91.36690647482014
89.20863309352518
91.36690647482014
89.92805755395683
85.97122302158273
90.64748201438849
88.84892086330936
85.97122302158273
90.64748201438849
88.48920863309353
90.64748201438849
83.45323741007195
90.28776978417267
89.92805755395683
89.20863309352518
89.568345323741
86.6906474820144
88.84892086330936
89.92805755395683
91.36690647482014
87.41007194244604
92.80575539568345
90.28776978417267
87.76978417266187
88.84892086330936
88.84892086330936
88.84892086330936
87.05035971223022
92.08633093525181
88.84892086330936
89.20863309352518
91.00719424460432
