<model>
linear
</model>
<W>
0.0
0.0
0.0
0.0
0.0
0.0
0.0
0.0
0.0
-0.6014795354588891
1.1657345143194373
0.0
0.0
-0.3082312009041648
0.0
0.0
0.0
0.0
0.0
0.0
0.0
0.0
0.0
0.0
0.0
0.0
1.3153077915027205
0.0
0.0
0.0
0.0
0.0
-0.20054241320143795
2.8817983789685453
4.465882998801396
4.288896378882621
0.34414297497727375
-3.804852851530587
-4.277325573969258
-6.922401145592365
5.737194305317193
5.371225836565345
-4.011780166370637
1.1595061408456633
-1.0528942661476366
2.9746631456369195
-2.386891487630931
8.608113014652178
3.7926474090229085
0.3406092759056607
-0.3011029908309458
-0.48182403507809635
1.8448170323807604
3.7678792653823856
3.269175684319981
0.5989457471428186
6.201829608775976
0.6028816018499544
0.8888972682806459
-0.11628437484438314
-2.536965842747418
-9.192135580583368
-1.987683093412404
-4.040092354331932
-0.2561260508827614
-3.1479599016296103
0.9618968114760134
-2.864612385650692
3.615591272006443
-7.543186123454874
-11.68769142979863
-4.383011565597802
-4.003770622723766
0.9791340070025483
-0.15874204513429435
-0.6997481155214226
0.1893501628331125
-5.744683182721862
1.128385316982908
-4.363227827471635
-4.197707231560277
0.046933757111076835
-1.1664260991680004
7.911051810546087
0.32756688074096696
-1.643566632812053
2.667257093922309
1.7995899229107866
1.145253582446421
-2.7536327031808754
-1.1784010408959869
1.3839402827792255
0.03319232898411767
1.552445749242745
-0.23826166214501
2.093689085417386
-0.07638961816419212
5.169357877067526
-4.868903472219515
-1.4595023824225837
-3.6445849450131504
-0.1829672838037366
7.240406429631052
-4.214513962389402
1.1276645624466624
10.416582768551251
-1.10635437809393
-2.038772855088102
-2.347156387690361
-13.558585931573154
7.859417646856449
-3.8649935650996614
0.5003280397678539
-1.6095554728070642
-5.166301134531359
6.436930370119294
-0.24282289093897225
-5.813969040694935
2.0253528491430495
-8.932771736585636
1.1384733898289723
3.4708146222087577
-3.4857588989636303
1.2905092524326496
1.983496334727683
1.487072698041643
-0.46740970119804703
0.0
0.0
0.0
0.0
0.0
0.0
0.0
0.0
0.0
0.0
0.0
0.0
0.0
0.0
0.0
0.0
0.0
0.0
0.0
0.0
0.0
0.0
0.0
0.0
0.0
0.0
0.0
0.0
0.0
0.0
0.0
0.0
0.0
0.0
0.0
0.0
0.0
0.0
0.0
0.0
0.0
0.0
0.0
0.0
0.0
0.0
0.0
0.0
0.0
0.0
0.0
0.0
0.0
0.0
0.0
0.0
0.0
0.0
0.0
0.0
0.0
0.0
0.0
0.0
0.0
0.0
0.0
0.0
0.0
0.0
0.0
0.0
0.0
0.0
0.0
0.0
0.0
0.0
0.0
0.0
0.0
0.0
0.0
0.0
0.0
0.0
0.0
0.0
0.0
0.0
0.0
0.0
0.0
0.0
0.0
0.0
0.0
0.0
0.0
0.0
0.0
0.0
0.0
0.0
0.0
0.0
0.0
0.0
0.0
0.0
0.0
0.0
0.0
0.0
0.0
0.0
0.0
0.0
0.0
0.0
0.0
0.0
0.0
0.0
0.0
0.0
0.0
</W>
<b>
-1.2889450472173447
</b>
<info>
Training (X) File : /home/vibhatha/data/libsvm/webspam/webspam_isesvm_train_x_bin.61 
Training (Y) File : /home/vibhatha/data/libsvm/webspam/webspam_isesvm_train_y.61.bin 
Testing (X) File : /home/vibhatha/data/libsvm/webspam/webspam_isesvm_test_x_bin.61 
Testing (Y) File : /home/vibhatha/data/libsvm/webspam/webspam_isesvm_test_y.61.bin 
I/O Time : 122
Kernel Matrix Calculation : 0.267 s
</info>
