<model>
linear
</model>
<W>
0.0
0.0
0.0
0.0
0.0
0.0
0.0
0.0
0.0
-1.5071358999010236
-2.335273101498603
0.0
0.0
-1.7497915014717804
0.0
0.0
0.0
0.0
0.0
0.0
0.0
0.0
0.0
0.0
0.0
0.0
1.9235242813447553
0.0
0.0
0.0
0.0
0.0
-0.5456660619188263
-2.6296618280848567
3.693124570629501
-0.9699380555213337
-1.2185760005220967
-0.8841404698126041
-3.057020824220127
-3.3921059281794763
3.014374327334636
2.998614220688285
-2.8967382641116597
-1.005311248818001
-1.4900113275406714
5.9336689561734755
0.7205491640238348
11.226663864164218
-1.4843958781035012
-0.023498479361793168
1.7159305955087476
-0.3751346769510876
-1.9067724182937789
-4.330000929449244
4.040623365538444
0.2816046942775688
3.8358395547643855
-0.06280147145351314
3.9288661199895873
2.4483260883847646
-3.8417904565357066
-6.19883989308089
-3.67769052451351
-5.64562442606254
0.9667243325539386
4.462692413285449
-2.070996881918513
-5.605665123481247
5.041280262206759
-3.7924147349186796
-3.118291828631082
-0.8729511767867484
-4.094136036625752
1.7609950060652595
-1.4222194013972485
-3.304968383907075
-1.096606197624952
-2.8510359943091284
-0.2891626004040989
-3.616883105514888
-3.2638005321895136
-1.997511568559928
-2.5964494974381838
4.220403197096746
1.4956131882776729
-0.0017796344253270258
1.640879680792739
2.1722714129188176
-1.3447396941598373
-2.580681495485406
-1.073372058424818
1.8974792451813043
0.9617725869760914
2.0897160683071645
0.4659818639760462
3.7428031436345472
0.06759806819111693
2.6309991439793574
4.753389827758208
2.629583918083328
-1.2937949763477805
-1.2641767364444778
-4.550140543929579
-6.527348587283018
-2.60997718817801
4.173672933564737
-2.231632220632539
-8.82782148868135
2.8501907087187535
-6.5771548321000255
5.140994201853774
-1.9254605901533246
2.0620982356708484
-0.06796878431301578
-2.1733447811680655
9.065995361584353
-1.464949741201897
-3.5068070262318862
3.1380040355562047
-2.4590955359739475
4.124218834030266
-0.5039034852614587
0.7704412683293078
0.19336177154712997
1.8572398471274578
0.10326011192038675
0.22644497785720957
0.0
0.0
0.0
0.0
0.0
0.0
0.0
0.0
0.0
0.0
0.0
0.0
0.0
0.0
0.0
0.0
0.0
0.0
0.0
0.0
0.0
0.0
0.0
0.0
0.0
0.0
0.0
0.0
0.0
0.0
0.0
0.0
0.0
0.0
0.0
0.0
0.0
0.0
0.0
0.0
0.0
0.0
0.0
0.0
0.0
0.0
0.0
0.0
0.0
0.0
0.0
0.0
0.0
0.0
0.0
0.0
0.0
0.0
0.0
0.0
0.0
0.0
0.0
0.0
0.0
0.0
0.0
0.0
0.0
0.0
0.0
0.0
0.0
0.0
0.0
0.0
0.0
0.0
0.0
0.0
0.0
0.0
0.0
0.0
0.0
0.0
0.0
0.0
0.0
0.0
0.0
0.0
0.0
0.0
0.0
0.0
0.0
0.0
0.0
0.0
0.0
0.0
0.0
0.0
0.0
0.0
0.0
0.0
0.0
0.0
0.0
0.0
0.0
0.0
0.0
0.0
0.0
0.0
0.0
0.0
0.0
0.0
0.0
0.0
0.0
0.0
0.0
</W>
<b>
-1.4073988800618622
</b>
<info>
Training (X) File : /home/vibhatha/data/libsvm/webspam/webspam_isesvm_train_x_bin.161 
Training (Y) File : /home/vibhatha/data/libsvm/webspam/webspam_isesvm_train_y.161.bin 
Testing (X) File : /home/vibhatha/data/libsvm/webspam/webspam_isesvm_test_x_bin.161 
Testing (Y) File : /home/vibhatha/data/libsvm/webspam/webspam_isesvm_test_y.161.bin 
I/O Time : 141
Kernel Matrix Calculation : 0.224 s
</info>
