81.4410480349345
82.96943231441048
81.22270742358079
82.20524017467248
81.11353711790393
84.06113537117903
86.46288209606988
84.06113537117903
83.29694323144105
79.6943231441048
80.78602620087337
80.02183406113537
81.87772925764192
81.6593886462882
83.51528384279476
83.07860262008734
75.32751091703057
80.89519650655022
81.6593886462882
82.86026200873363
80.13100436681223
82.09606986899564
81.55021834061135
80.24017467248909
80.02183406113537
81.55021834061135
82.86026200873363
80.67685589519651
81.87772925764192
80.67685589519651
80.56768558951966
81.76855895196506
83.9519650655022
82.31441048034934
82.31441048034934
81.98689956331879
82.09606986899564
81.11353711790393
82.20524017467248
82.53275109170306
