91.72661870503596
91.72661870503596
89.568345323741
90.64748201438849
87.76978417266187
89.92805755395683
91.00719424460432
90.28776978417267
89.568345323741
89.20863309352518
90.64748201438849
90.64748201438849
87.76978417266187
89.20863309352518
89.568345323741
88.48920863309353
91.36690647482014
90.28776978417267
88.48920863309353
84.17266187050359
90.64748201438849
93.16546762589928
91.72661870503596
90.28776978417267
88.84892086330936
88.48920863309353
89.20863309352518
89.20863309352518
89.20863309352518
93.16546762589928
93.16546762589928
88.84892086330936
89.568345323741
88.84892086330936
92.08633093525181
89.20863309352518
91.36690647482014
92.08633093525181
89.568345323741
89.20863309352518
