90.64748201438849
89.92805755395683
89.568345323741
89.20863309352518
88.48920863309353
89.568345323741
88.84892086330936
89.92805755395683
89.92805755395683
88.84892086330936
92.80575539568345
89.92805755395683
88.12949640287769
89.20863309352518
87.76978417266187
88.48920863309353
91.00719424460432
89.20863309352518
91.36690647482014
85.25179856115108
91.36690647482014
93.88489208633094
91.00719424460432
89.20863309352518
87.05035971223022
88.12949640287769
90.28776978417267
87.76978417266187
88.12949640287769
90.28776978417267
92.08633093525181
89.568345323741
87.05035971223022
90.28776978417267
90.28776978417267
86.33093525179856
91.72661870503596
92.08633093525181
87.76978417266187
91.00719424460432
