<model>
linear
</model>
<W>
-1.7547809817472024
-0.28963307759484236
0.4883043836908936
0.923029354731697
0.6330803209194369
0.6749646981483775
0.14991209264422878
1.3266411376607405
1.3735683096624882
-1.8307350460348353
0.223225514844974
0.0
0.0
-0.22107494543624473
-0.3753155453977123
-0.024877997380968075
0.37340518324643923
0.24786330496847264
0.44249342810002545
0.057526577033137585
-7.28583859910259E-17
0.09724164646153532
-1.0610535418456868
0.3932690063595454
-0.6435060330503679
-0.49755544069413593
0.0
-0.3133932280979709
0.37083110799246305
1.734723475976807E-18
0.0
1.1541464777414352
0.0
0.0
-0.8109486687921069
0.09724164646153532
0.057526577033137585
-0.25023702669082226
0.9064174719882416
-0.25835274454479507
-1.4652987503408776
-0.5788625244214914
1.144871417937357
-0.6647862723191009
0.523110958575365
1.299317915113525
1.2979223251771586
-0.41437570481507624
-1.3049771445565312
0.8296375741086712
0.32824829373556286
0.6908612841644404
-0.3133932280979709
-0.20787168694609326
0.34447522308202916
-1.6402449217982025
-0.8619702610931693
0.0
3.1692649539651647
0.0
0.6499394590144325
-0.30713126882814945
0.6981569803824419
-0.08794142555027185
-4.649058915617843E-16
-0.9530237450184739
0.8300249394674903
-0.1943093658185393
0.0
-0.3133932280979709
-0.32232234555099915
0.31697313075985456
-0.3169731307598713
-0.7655942818694026
0.7655942818693853
-0.19817751192576338
0.1981775119257444
-1.3142856954700273
0.002605611278418407
0.057822737855202325
0.23125564145775002
1.0226017048786469
-1.3275466344387352
0.0
-2.0816681711721685E-17
-1.7755889556161901
-0.07446433239488563
-0.06978386396452674
0.0
0.0
0.0
0.0
0.9180148585933414
0.0
0.0
0.0
0.0
0.0
0.0
0.0
0.0
0.0
-0.7965671873989577
-8.673617379884035E-17
0.0
0.0
-0.3133932280979709
-1.1123242244118807
0.0
-1.3877787807814457E-17
0.0
0.0
0.5020705142809182
0.0
0.0
0.0
0.0
0.0
0.0
0.0
0.0
0.0
0.0
</W>
<b>
-0.7853991862699735
</b>
<info>
Training (X) File : /home/vibhatha/data/libsvm/a9a/a9a_isesvm_train_x_bin.48 
Training (Y) File : /home/vibhatha/data/libsvm/a9a/a9a_isesvm_train_y.48.bin 
Testing (X) File : /home/vibhatha/data/libsvm/a9a/a9a_isesvm_test_x_bin.48 
Testing (Y) File : /home/vibhatha/data/libsvm/a9a/a9a_isesvm_test_y.48.bin 
I/O Time : 82
Kernel Matrix Calculation : 0.07 s
</info>
