90.64748201438849
90.64748201438849
88.48920863309353
87.05035971223022
87.76978417266187
87.76978417266187
89.568345323741
89.20863309352518
91.72661870503596
84.53237410071942
94.24460431654677
88.48920863309353
87.76978417266187
90.64748201438849
88.12949640287769
84.89208633093526
89.568345323741
89.20863309352518
87.76978417266187
84.53237410071942
91.00719424460432
90.64748201438849
91.00719424460432
90.28776978417267
89.92805755395683
87.41007194244604
89.20863309352518
85.97122302158273
88.84892086330936
92.08633093525181
92.80575539568345
87.41007194244604
88.48920863309353
88.12949640287769
90.28776978417267
89.20863309352518
92.80575539568345
88.48920863309353
88.48920863309353
89.568345323741
