1.6684053114,0.701810026598,-2.25605201185,1.57067500333,-0.248721721617,2.47847879613,1.07806170222,-0.880922196967,-0.662456731314,-0.829259096869,0.700361423863,0.474463228297
-1.3749390687,0.701810026598,-1.20427895317,-1.14675553415,-0.229634104817,-0.403473292393,-0.937006900064,0.0711910014938,-0.662456731314,-0.917666052104,-0.909664837892,-0.655210479263
1.45102189302,0.701810026598,0.899265586534,1.57067500333,0.743880336153,-0.403473292393,1.07806170222,-1.87631565181,1.50953255168,0.408441017033,0.700361423863,2.73380894891
-0.288030585114,-1.4248870237,-0.152507472147,-0.05978447135,0.171222569498,-0.403473292393,1.07806170222,-0.101918685233,-0.662456731314,-0.475631275932,-0.909664837892,-0.655210479263
-0.50541322092,-1.4248870237,0.899265586534,-0.05978447135,0.419374129036,-0.403473292393,-0.937006900064,0.503970887719,-0.662456731314,-0.917666052104,-0.909664837892,-0.655210479263
-1.5923198785,-1.4248870237,-0.152507472147,-2.01633411267,-0.916821752651,-0.403473292393,-0.937006900064,1.19641813874,-0.662456731314,-0.917666052104,-0.909664837892,-0.655210479263
1.12494937403,0.701810026598,0.899265586534,-0.168482153725,0.304844247857,-0.403473292393,-0.937006900064,-2.00614791686,1.50953255168,-0.740852141635,0.700361423863,0.474463228297
0.472804336049,-1.4248870237,0.899265586534,-1.69024106555,0.0185174547202,-0.403473292393,1.07806170222,-1.27042324416,-0.662456731314,-0.0335937591388,0.700361423863,-0.655210479263
-0.179339919356,-1.4248870237,-0.152507472147,0.266308575776,-0.97408460305,-0.403473292393,1.07806170222,0.763638252513,-0.662456731314,-0.829259096869,0.700361423863,-0.655210479263
0.798876855039,0.701810026598,0.899265586534,0.375006258151,-1.5467423697,-0.403473292393,1.07806170222,-1.14059097911,1.50953255168,2.26498981758,0.700361423863,0.474463228297
-0.614102321529,0.701810026598,0.899265586534,-0.385874637999,0.514816393415,-0.403473292393,1.07806170222,0.633805987468,-0.662456731314,-0.475631275932,0.700361423863,-0.655210479263
0.25542352625,-1.4248870237,0.899265586534,0.157610893401,3.09176171203,-0.403473292393,1.07806170222,-0.0586412635514,1.50953255168,0.762068837971,0.700361423863,1.60413524135
-0.39672151173,0.701810026598,0.899265586534,1.02718889583,-0.0769248096589,-0.403473292393,1.07806170222,-1.01075587936,-0.662456731314,1.38092026523,0.700361423863,-0.655210479263
0.581496045239,0.701810026598,-0.152507472147,-0.277176955624,-0.554140311934,2.47847879613,-0.937006900064,-0.7510882311,-0.662456731314,1.02728970367,0.700361423863,0.474463228297
0.472804336049,-1.4248870237,-1.20427895317,0.266308575776,1.37380095321,2.47847879613,1.07806170222,0.0279135798121,-0.662456731314,-0.917666052104,-0.909664837892,1.60413524135
0.0380419338759,-1.4248870237,-0.152507472147,-1.14675553415,-0.630494959514,-0.403473292393,-0.937006900064,0.287580944606,-0.662456731314,0.496847972268,0.700361423863,-0.655210479263
-1.04886654971,0.701810026598,0.899265586534,-1.03805785177,0.820230803352,-0.403473292393,1.07806170222,0.0711910014938,-0.662456731314,-0.917666052104,-0.909664837892,0.474463228297
1.01626027342,-1.4248870237,0.899265586534,-1.25545321652,0.419374129036,-0.403473292393,-0.937006900064,0.763638252513,1.50953255168,0.673661882736,0.700361423863,1.60413524135
-0.39672151173,0.701810026598,-0.152507472147,0.483703940527,-0.267813518797,-0.403473292393,-0.937006900064,0.503970887719,-0.662456731314,-0.387224320697,0.700361423863,0.474463228297
-0.07064899274,-1.4248870237,0.899265586534,-0.05978447135,0.323931864657,-0.403473292393,1.07806170222,-0.361587183909,-0.662456731314,-0.564038231166,0.700361423863,-0.655210479263
-1.26624735951,0.701810026598,0.899265586534,0.483703940527,-0.401431016776,-0.403473292393,-0.937006900064,1.15314071706,-0.662456731314,-0.917666052104,-0.909664837892,-0.655210479263
0.907568564229,-1.4248870237,0.899265586534,0.483703940527,0.400286512236,-0.403473292393,1.07806170222,0.374138622673,-0.662456731314,2.26498981758,2.31038768562,1.60413524135
0.0380419338759,0.701810026598,-0.152507472147,1.02718889583,-0.286901135597,-0.403473292393,1.07806170222,0.590528565786,-0.662456731314,0.496847972268,-0.909664837892,-0.655210479263
-1.5923198785,0.701810026598,0.899265586534,-0.711967685125,-0.535048514754,-0.403473292393,-0.937006900064,-0.491420866306,-0.662456731314,0.14322015133,0.700361423863,-0.655210479263
1.8857861212,-1.4248870237,0.899265586534,-1.03805785177,-1.87124439644,-0.403473292393,-0.937006900064,-1.14059097911,-0.662456731314,0.496847972268,0.700361423863,-0.655210479263
0.146732599634,0.701810026598,0.899265586534,0.483703940527,-0.573227928734,-0.403473292393,-0.937006900064,-1.74648055207,1.50953255168,4.03313440351,2.31038768562,-0.655210479263
0.472804336049,0.701810026598,-1.20427895317,-0.603270002749,0.705700922173,-0.403473292393,1.07806170222,0.374138622673,-0.662456731314,0.673661882736,0.700361423863,-0.655210479263
-1.04886654971,0.701810026598,-1.20427895317,-0.603270002749,-0.515960897955,-0.403473292393,-0.937006900064,0.806915674194,-0.662456731314,-0.917666052104,-0.909664837892,-0.655210479263
-0.179339919356,0.701810026598,0.899265586534,-0.331525796811,-0.668670193113,-0.403473292393,-0.937006900064,0.720360830831,-0.662456731314,-0.0335937591388,-0.909664837892,1.60413524135
-0.614102321529,0.701810026598,-0.152507472147,-0.385874637999,0.152134952699,2.47847879613,-0.937006900064,1.02330561731,-0.662456731314,-0.917666052104,-0.909664837892,1.60413524135
0.690187754429,-1.4248870237,-2.25605201185,1.02718889583,-0.134191840438,-0.403473292393,-0.937006900064,0.85019593058,-0.662456731314,-0.122000714373,-0.909664837892,-0.655210479263
1.6684053114,-1.4248870237,-2.25605201185,0.483703940527,-0.153279457238,-0.403473292393,-0.937006900064,-0.0153638418697,-0.662456731314,0.673661882736,-0.909664837892,1.60413524135
0.25542352625,0.701810026598,-1.20427895317,-0.603270002749,-0.210546488018,-0.403473292393,-0.937006900064,1.15314071706,-0.662456731314,-0.210407669608,-0.909664837892,-0.655210479263
1.01626027342,-1.4248870237,0.899265586534,1.02718889583,3.05358647843,-0.403473292393,1.07806170222,0.114471257879,-0.662456731314,2.61862037914,0.700361423863,2.73380894891
-0.288030585114,0.701810026598,-0.152507472147,-1.69024106555,-0.477785664355,-0.403473292393,-0.937006900064,-0.361587183909,1.50953255168,0.14322015133,0.700361423863,-0.655210479263
1.23364108322,0.701810026598,0.899265586534,-0.603270002749,-1.33676604377,-0.403473292393,-0.937006900064,-0.491420866306,-0.662456731314,-0.564038231166,-0.909664837892,-0.655210479263
-0.07064899274,0.701810026598,-0.152507472147,-0.05978447135,-0.0196619592597,2.47847879613,1.07806170222,0.936750773943,-0.662456731314,-0.917666052104,-0.909664837892,2.73380894891
-0.831485739909,-1.4248870237,-1.20427895317,-1.41849974009,-0.821379488272,-0.403473292393,-0.937006900064,0.893473352262,-0.662456731314,-0.917666052104,-0.909664837892,-0.655210479263
0.472804336049,0.701810026598,-0.152507472147,-1.41849974009,-0.134191840438,-0.403473292393,1.07806170222,0.114471257879,1.50953255168,-0.387224320697,0.700361423863,-0.655210479263
0.0380419338759,0.701810026598,0.899265586534,-0.603270002749,-1.12679389821,-0.403473292393,-0.937006900064,-1.6599257087,-0.662456731314,0.320034061799,0.700361423863,0.474463228297
0.36411523544,0.701810026598,0.899265586534,-1.14675553415,-0.878642338671,-0.403473292393,-0.937006900064,-1.09731072273,1.50953255168,0.408441017033,0.700361423863,-0.655210479263
0.0380419338759,-1.4248870237,-0.152507472147,0.211959734588,1.08746997969,2.47847879613,-0.937006900064,0.806915674194,-0.662456731314,-0.917666052104,-0.909664837892,-0.655210479263
0.0380419338759,-1.4248870237,-1.20427895317,0.0489132110253,0.782055569752,2.47847879613,1.07806170222,0.330858366288,1.50953255168,-0.917666052104,-0.909664837892,0.474463228297
0.581496045239,0.701810026598,-2.25605201185,2.54895126423,0.438461745836,-0.403473292393,1.07806170222,-0.275031206664,-0.662456731314,2.7954342896,2.31038768562,-0.655210479263
1.45102189302,-1.4248870237,-0.152507472147,1.13588600211,0.572083424195,-0.403473292393,-0.937006900064,0.893473352262,-0.662456731314,-0.917666052104,-0.909664837892,0.474463228297
-2.13577581587,0.701810026598,-2.25605201185,-0.711967685125,-1.24132377939,-0.403473292393,1.07806170222,0.980028195625,-0.662456731314,-0.917666052104,-0.909664837892,-0.655210479263
0.472804336049,0.701810026598,0.899265586534,-1.69024106555,-0.248721721617,-0.403473292393,-0.937006900064,0.201026101243,-0.662456731314,-0.829259096869,-0.909664837892,0.474463228297
0.690187754429,-1.4248870237,0.899265586534,1.02718889583,0.209401983478,-0.403473292393,1.07806170222,0.244303522924,-0.662456731314,1.38092026523,0.700361423863,1.60413524135
1.12494937403,-1.4248870237,-0.152507472147,0.483703940527,1.25926689165,-0.403473292393,-0.937006900064,-0.794366219722,-0.662456731314,-0.740852141635,-0.909664837892,-0.655210479263
-1.3749390687,0.701810026598,-0.152507472147,-0.05978447135,-0.630494959514,-0.403473292393,1.07806170222,0.720360830831,-0.662456731314,0.850475793205,0.700361423863,-0.655210479263
-1.04886654971,-1.4248870237,-0.152507472147,-0.711967685125,-0.096016606839,-0.403473292393,-0.937006900064,-0.101918685233,-0.662456731314,-0.652445186401,0.700361423863,0.474463228297
-2.02708410668,0.701810026598,0.899265586534,-0.277176955624,0.667525688574,-0.403473292393,1.07806170222,0.201026101243,1.50953255168,-0.917666052104,-0.909664837892,-0.655210479263
2.42923944999,-1.4248870237,-0.152507472147,0.483703940527,-0.95499698625,-0.403473292393,0.0705274010801,-1.53009060895,-0.662456731314,0.0548131960956,0.700361423863,-0.655210479263
-1.04886654971,0.701810026598,0.899265586534,-1.14675553415,-0.95499698625,-0.403473292393,1.07806170222,1.10986329537,-0.662456731314,-0.917666052104,-0.909664837892,0.474463228297
-2.02708410668,-1.4248870237,0.899265586534,0.375006258151,-1.22223616259,-0.403473292393,-0.937006900064,1.32625040378,-0.662456731314,0.320034061799,-0.909664837892,-0.655210479263
-1.80970329688,0.701810026598,-0.152507472147,-0.05978447135,0.0566926883196,-0.403473292393,-0.937006900064,1.5426403469,-0.662456731314,2.17658286234,2.31038768562,-0.655210479263
0.690187754429,0.701810026598,0.899265586534,-0.05978447135,-0.783200074292,-0.403473292393,1.07806170222,-0.837644208345,1.50953255168,1.20410635476,0.700361423863,1.60413524135
0.0380419338759,-1.4248870237,-0.152507472147,1.57067500333,-0.878642338671,-0.403473292393,-0.937006900064,0.503970887719,-0.662456731314,-0.917666052104,-0.909664837892,0.474463228297
0.472804336049,0.701810026598,0.899265586534,-0.168482153725,0.228489600278,-0.403473292393,1.07806170222,-0.92419990212,1.50953255168,1.73454781211,0.700361423863,1.60413524135
-1.04886654971,0.701810026598,-0.152507472147,-0.05978447135,-0.267813518797,-0.403473292393,-0.937006900064,1.19641813874,1.50953255168,-0.564038231166,-0.909664837892,-0.655210479263
-0.50541322092,0.701810026598,-1.20427895317,-0.05978447135,0.362107098256,-0.403473292393,-0.937006900064,0.85019593058,-0.662456731314,-0.387224320697,-0.909664837892,-0.655210479263
-1.48363077789,0.701810026598,0.899265586534,1.13588600211,-0.458698047555,-0.403473292393,-0.937006900064,1.2829729821,-0.662456731314,-0.917666052104,-0.909664837892,-0.655210479263
1.45102189302,0.701810026598,0.899265586534,-0.603270002749,-0.344163985996,-0.403473292393,1.07806170222,-0.967478457683,1.50953255168,1.38092026523,0.700361423863,1.60413524135
-0.831485739909,-1.4248870237,-0.152507472147,0.592399894616,-1.33676604377,-0.403473292393,1.07806170222,0.374138622673,1.50953255168,0.320034061799,2.31038768562,-0.655210479263
1.45102189302,0.701810026598,0.899265586534,-0.603270002749,-0.191458871218,-0.403473292393,-0.937006900064,-3.47759726226,-0.662456731314,-0.0335937591388,0.700361423863,-0.655210479263
-0.831485739909,0.701810026598,-1.20427895317,-1.63589510484,-0.95499698625,2.47847879613,-0.937006900064,0.201026101243,-0.662456731314,-0.917666052104,-0.909664837892,-0.655210479263
0.36411523544,0.701810026598,-1.20427895317,-0.385874637999,0.266664833877,-0.403473292393,-0.937006900064,-0.448142877683,-0.662456731314,-0.652445186401,-0.909664837892,-0.655210479263
0.907568564229,-1.4248870237,-0.152507472147,-0.05978447135,0.304844247857,-0.403473292393,-0.937006900064,-2.35237012502,-0.662456731314,0.14322015133,0.700361423863,0.474463228297
-0.722794030719,0.701810026598,-0.152507472147,-1.25545321652,-0.0769248096589,-0.403473292393,-0.937006900064,0.0279135798121,-0.662456731314,-0.917666052104,-0.909664837892,-0.655210479263
-0.940174840519,0.701810026598,-1.20427895317,-0.168482153725,1.16382462727,-0.403473292393,1.07806170222,0.806915674194,-0.662456731314,-0.917666052104,-0.909664837892,-0.655210479263
-1.3749390687,-1.4248870237,-1.20427895317,-1.41849974009,-0.935909369451,-0.403473292393,-0.937006900064,0.720360830831,-0.662456731314,-0.917666052104,-0.909664837892,0.474463228297
1.23364108322,0.701810026598,0.899265586534,0.211959734588,0.133047335899,-0.403473292393,1.07806170222,-1.05403330105,-0.662456731314,1.55773362758,0.700361423863,0.474463228297
0.690187754429,0.701810026598,0.899265586534,-0.05978447135,0.113959719099,-0.403473292393,-0.937006900064,-0.318308628346,1.50953255168,0.320034061799,-0.909664837892,0.474463228297
0.25542352625,0.701810026598,0.899265586534,-0.331525796811,0.0376050715199,2.47847879613,1.07806170222,-0.318308628346,1.50953255168,0.14322015133,0.700361423863,0.474463228297
0.0380419338759,0.701810026598,0.899265586534,0.483703940527,-0.153279457238,-0.403473292393,-0.937006900064,0.374138622673,-0.662456731314,0.14322015133,-0.909664837892,-0.655210479263
-1.1575582589,-1.4248870237,-0.152507472147,-0.494572320374,-0.649582576313,-0.403473292393,-0.937006900064,0.590528565786,-0.662456731314,-0.740852141635,0.700361423863,-0.655210479263
0.472804336049,-1.4248870237,-2.25605201185,1.02718889583,0.686613305373,2.47847879613,1.07806170222,0.460693466037,-0.662456731314,-0.0335937591388,-0.909664837892,-0.655210479263
0.25542352625,0.701810026598,-2.25605201185,-0.603270002749,-1.03135163383,-0.403473292393,1.07806170222,0.460693466037,-0.662456731314,0.762068837971,0.700361423863,-0.655210479263
-1.26624735951,0.701810026598,-0.152507472147,-0.05978447135,-1.27950319337,-0.403473292393,-0.937006900064,-0.0586412635514,-0.662456731314,-0.917666052104,-0.909664837892,-0.655210479263
-1.26624735951,0.701810026598,-2.25605201185,0.918491501503,-0.0578371928591,-0.403473292393,1.07806170222,1.15314071706,-0.662456731314,-0.210407669608,-0.909664837892,1.60413524135
1.23364108322,-1.4248870237,-0.152507472147,1.57067500333,2.15642752111,-0.403473292393,1.07806170222,-0.0153638418697,-0.662456731314,-0.210407669608,-0.909664837892,-0.655210479263
-0.940174840519,-1.4248870237,-1.20427895317,-1.03805785177,-1.66127225088,-0.403473292393,-0.937006900064,-0.57797656008,-0.662456731314,-0.917666052104,0.700361423863,-0.655210479263
0.581496045239,0.701810026598,0.899265586534,2.11416053473,1.50741845119,-0.403473292393,1.07806170222,-0.491420866306,1.50953255168,2.08817645523,2.31038768562,-0.655210479263
-0.179339919356,0.701810026598,0.899265586534,-0.168482153725,0.152134952699,-0.403473292393,-0.937006900064,0.417416044355,1.50953255168,-0.917666052104,-0.909664837892,0.474463228297
0.36411523544,-1.4248870237,0.899265586534,-0.168482153725,1.06838236289,-0.403473292393,1.07806170222,0.330858366288,-0.662456731314,-0.917666052104,-0.909664837892,0.474463228297
0.472804336049,0.701810026598,0.899265586534,-0.168482153725,-0.592315545534,-0.403473292393,1.07806170222,-0.880922196967,1.50953255168,1.02728970367,0.700361423863,2.73380894891
0.146732599634,-1.4248870237,-1.20427895317,0.211959734588,0.0566926883196,-0.403473292393,1.07806170222,0.417416044355,-0.662456731314,0.320034061799,0.700361423863,-0.655210479263
-1.04886654971,0.701810026598,-0.152507472147,0.483703940527,-0.229634104817,-0.403473292393,1.07806170222,1.23969556042,-0.662456731314,-0.917666052104,-0.909664837892,-0.655210479263
-0.179339919356,0.701810026598,-2.25605201185,-0.711967685125,-1.16496913181,-0.403473292393,1.07806170222,1.67247544664,-0.662456731314,-0.917666052104,0.700361423863,-0.655210479263
0.36411523544,-1.4248870237,0.899265586534,-0.603270002749,2.04189638582,-0.403473292393,-0.937006900064,0.503970887719,1.50953255168,-0.387224320697,-0.909664837892,-0.655210479263
-1.48363077789,0.701810026598,0.899265586534,-1.14675553415,-1.52765057252,-0.403473292393,1.07806170222,-1.61664545232,1.50953255168,0.850475793205,0.700361423863,-0.655210479263
-0.722794030719,0.701810026598,0.899265586534,-1.14675553415,0.533904010215,-0.403473292393,1.07806170222,-1.44353576559,1.50953255168,-0.0335937591388,0.700361423863,0.474463228297
-1.26624735951,0.701810026598,-1.20427895317,-0.603270002749,0.915673067731,-0.403473292393,-0.937006900064,0.460693466037,-0.662456731314,-0.917666052104,-0.909664837892,-0.655210479263
-0.288030585114,0.701810026598,-0.152507472147,-1.14675553415,-1.37494545775,-0.403473292393,-0.937006900064,-1.22714582248,-0.662456731314,-0.387224320697,-0.909664837892,-0.655210479263
-1.1575582589,0.701810026598,0.899265586534,-1.14675553415,-0.687757809913,-0.403473292393,-0.937006900064,0.417416044355,-0.662456731314,-0.917666052104,-0.909664837892,-0.655210479263
0.798876855039,0.701810026598,-0.152507472147,1.02718889583,-0.0769248096589,2.47847879613,-0.937006900064,-0.62125457705,1.50953255168,-0.0335937591388,0.700361423863,-0.655210479263
0.472804336049,0.701810026598,0.899265586534,1.02718889583,0.438461745836,-0.403473292393,1.07806170222,-1.74648055207,1.50953255168,-0.210407669608,-0.909664837892,-0.655210479263
0.907568564229,-1.4248870237,0.899265586534,-0.385874637999,-0.725937223893,-0.403473292393,-0.937006900064,0.503970887719,-0.662456731314,-0.917666052104,-0.909664837892,-0.655210479263
-0.722794030719,0.701810026598,-0.152507472147,0.375006258151,0.190314366678,-0.403473292393,1.07806170222,0.201026101243,-0.662456731314,-0.917666052104,-0.909664837892,-0.655210479263
-0.179339919356,0.701810026598,-1.20427895317,0.157610893401,-0.878642338671,-0.403473292393,-0.937006900064,0.287580944606,-0.662456731314,-0.210407669608,-0.909664837892,0.474463228297
-1.1575582589,-1.4248870237,0.899265586534,0.0489132110253,1.7937460804,2.47847879613,1.07806170222,-0.664532508978,1.50953255168,1.73454781211,0.700361423863,-0.655210479263
0.472804336049,0.701810026598,-0.152507472147,-1.03805785177,-0.325076369196,-0.403473292393,1.07806170222,0.590528565786,-0.662456731314,1.29251331,0.700361423863,0.474463228297
1.12494937403,0.701810026598,-0.152507472147,-0.331525796811,1.18291224407,-0.403473292393,-0.937006900064,-0.880922196967,1.50953255168,0.673661882736,0.700361423863,-0.655210479263
-2.13577581587,-1.4248870237,-1.20427895317,-0.711967685125,-0.706845426713,-0.403473292393,-0.937006900064,1.75903029001,-0.662456731314,-0.298817365463,-0.909664837892,-0.655210479263
-1.04886654971,0.701810026598,-1.20427895317,-0.05978447135,-0.535048514754,-0.403473292393,1.07806170222,1.58592060328,-0.662456731314,-0.917666052104,-0.909664837892,-0.655210479263
-0.179339919356,0.701810026598,-0.152507472147,2.2228582171,-0.916821752651,2.47847879613,-0.937006900064,0.460693466037,-0.662456731314,-0.475631275932,-0.909664837892,-0.655210479263
1.34233279241,-1.4248870237,0.899265586534,2.54895126423,-0.363255783176,2.47847879613,-0.937006900064,0.590528565786,1.50953255168,-0.0335937591388,0.700361423863,1.60413524135
0.690187754429,-1.4248870237,-0.152507472147,-0.603270002749,-1.31767842697,2.47847879613,-0.937006900064,-2.3956503814,-0.662456731314,-0.917666052104,-0.909664837892,-0.655210479263
-0.614102321529,0.701810026598,-1.20427895317,-1.14675553415,-0.344163985996,-0.403473292393,-0.937006900064,0.720360830831,-0.662456731314,-0.0335937591388,2.31038768562,-0.655210479263
-0.07064899274,0.701810026598,0.899265586534,-0.440223479187,0.667525688574,-0.403473292393,-0.937006900064,-2.43892780308,1.50953255168,0.850475793205,0.700361423863,1.60413524135
0.0380419338759,0.701810026598,-1.20427895317,3.30983216038,0.686613305373,-0.403473292393,1.07806170222,1.88886538976,-0.662456731314,-0.917666052104,-0.909664837892,0.474463228297
0.907568564229,-1.4248870237,0.899265586534,1.02718889583,-0.0578371928591,-0.403473292393,-0.937006900064,0.114471257879,1.50953255168,0.320034061799,0.700361423863,-0.655210479263
2.53793115918,0.701810026598,0.899265586534,-0.331525796811,1.08746997969,-0.403473292393,1.07806170222,0.460693466037,1.50953255168,-0.917666052104,-0.909664837892,2.73380894891
0.146732599634,-1.4248870237,0.899265586534,2.6576489466,1.52650690406,-0.403473292393,0.0705274010801,-1.48681318727,1.50953255168,2.08817645523,0.700361423863,-0.655210479263
0.0380419338759,0.701810026598,0.899265586534,-0.385874637999,0.362107098256,-0.403473292393,1.07806170222,-1.83303539543,1.50953255168,1.02728970367,0.700361423863,0.474463228297
-0.288030585114,-1.4248870237,-0.152507472147,0.483703940527,1.16382462727,-0.403473292393,1.07806170222,-0.404864889061,-0.662456731314,0.408441017033,-0.909664837892,0.474463228297
1.77709441201,0.701810026598,0.899265586534,0.755445842083,-1.39403307455,-0.403473292393,-0.937006900064,-1.14059097911,1.50953255168,1.38092026523,2.31038768562,-0.655210479263
1.23364108322,-1.4248870237,-0.152507472147,1.29893079739,0.419374129036,-0.403473292393,-0.937006900064,-0.145196106915,-0.662456731314,-0.210407669608,-0.909664837892,-0.655210479263
-0.288030585114,-1.4248870237,-0.152507472147,-0.603270002749,0.915673067731,-0.403473292393,1.07806170222,0.244303522924,-0.662456731314,-0.387224320697,-0.909664837892,-0.655210479263
0.146732599634,0.701810026598,0.899265586534,1.57067500333,0.801143186552,-0.403473292393,1.07806170222,-0.275031206664,1.50953255168,-0.210407669608,0.700361423863,0.474463228297
-0.07064899274,0.701810026598,0.899265586534,0.483703940527,-0.840467105071,2.47847879613,1.07806170222,0.157748679561,1.50953255168,1.8229550414,2.31038768562,-0.655210479263
0.581496045239,0.701810026598,-0.152507472147,1.02718889583,-0.668670193113,2.47847879613,-0.937006900064,0.244303522924,-0.662456731314,0.496847972268,-0.909664837892,-0.655210479263
0.907568564229,0.701810026598,-0.152507472147,-0.05978447135,-0.305988752397,-0.403473292393,-0.937006900064,-0.231753784982,-0.662456731314,0.673661882736,0.700361423863,2.73380894891
1.55971360221,0.701810026598,-0.152507472147,2.6576489466,0.514816393415,2.47847879613,1.07806170222,-0.0586412635514,1.50953255168,0.496847972268,0.700361423863,-0.655210479263
-1.3749390687,0.701810026598,0.899265586534,-1.14675553415,-1.43220830815,-0.403473292393,1.07806170222,0.287580944606,-0.662456731314,-0.917666052104,-0.909664837892,-0.655210479263
0.36411523544,0.701810026598,-0.152507472147,-0.168482153725,-0.344163985996,-0.403473292393,1.07806170222,-0.0586412635514,-0.662456731314,-0.564038231166,0.700361423863,0.474463228297
-0.614102321529,0.701810026598,0.899265586534,-0.05978447135,0.171222569498,2.47847879613,1.07806170222,-0.0586412635514,1.50953255168,-0.917666052104,-0.909664837892,1.60413524135
-0.831485739909,0.701810026598,-0.152507472147,1.02718889583,-0.305988752397,-0.403473292393,-0.937006900064,-0.1884763633,-0.662456731314,2.26498981758,0.700361423863,-0.655210479263
0.581496045239,0.701810026598,0.899265586534,0.375006258151,0.457549362635,-0.403473292393,1.07806170222,1.32625040378,-0.662456731314,-0.917666052104,-0.909664837892,-0.655210479263
1.8857861212,-1.4248870237,-0.152507472147,-1.14675553415,0.343019481457,2.47847879613,1.07806170222,-0.92419990212,-0.662456731314,-0.917666052104,-0.909664837892,0.474463228297
0.907568564229,-1.4248870237,0.899265586534,0.375006258151,0.896585450931,2.47847879613,-0.937006900064,-1.96287049518,-0.662456731314,0.762068837971,0.700361423863,2.73380894891
-0.179339919356,0.701810026598,0.899265586534,-1.03805785177,-0.325076369196,-0.403473292393,-0.937006900064,0.374138622673,-0.662456731314,-0.917666052104,-0.909664837892,0.474463228297
-1.1575582589,0.701810026598,0.899265586534,-0.875014208688,1.06838236289,-0.403473292393,-0.937006900064,1.2829729821,-0.662456731314,0.14322015133,0.700361423863,-0.655210479263
1.77709441201,0.701810026598,0.899265586534,-0.05978447135,1.43106380361,-0.403473292393,1.07806170222,-1.83303539543,-0.662456731314,1.20410635476,0.700361423863,2.73380894891
-0.179339919356,0.701810026598,-1.20427895317,-0.168482153725,-0.802287691092,2.47847879613,-0.937006900064,1.41280808185,-0.662456731314,-0.917666052104,-0.909664837892,-0.655210479263
0.907568564229,0.701810026598,-1.20427895317,-0.168482153725,-0.745024840692,2.47847879613,1.07806170222,-0.491420866306,-0.662456731314,-0.917666052104,-0.909664837892,-0.655210479263
0.36411523544,0.701810026598,0.899265586534,0.483703940527,-1.05043925063,-0.403473292393,-0.937006900064,-0.145196106915,-0.662456731314,-0.564038231166,0.700361423863,-0.655210479263
0.0380419338759,0.701810026598,0.899265586534,-1.14675553415,-0.153279457238,-0.403473292393,-0.937006900064,-1.09731072273,1.50953255168,1.55773362758,0.700361423863,0.474463228297
-1.3749390687,0.701810026598,-1.20427895317,0.211959734588,-0.840467105071,-0.403473292393,-0.937006900064,-0.837644208345,-0.662456731314,-0.917666052104,0.700361423863,-0.655210479263
-0.07064899274,-1.4248870237,0.899265586534,0.375006258151,-0.248721721617,-0.403473292393,1.07806170222,0.374138622673,-0.662456731314,-0.917666052104,-0.909664837892,-0.655210479263
-0.179339919356,0.701810026598,-1.20427895317,-0.603270002749,1.48832999831,-0.403473292393,-0.937006900064,0.893473352262,-0.662456731314,-0.740852141635,-0.909664837892,-0.655210479263
-2.67922914466,0.701810026598,-1.20427895317,-0.05978447135,-0.821379488272,-0.403473292393,1.07806170222,2.19181017623,-0.662456731314,-0.917666052104,-0.909664837892,-0.655210479263
1.34233279241,0.701810026598,-1.20427895317,1.57067500333,-0.0196619592597,-0.403473292393,-0.937006900064,-1.35697808752,1.50953255168,-0.917666052104,0.700361423863,2.73380894891
-1.48363077789,0.701810026598,-2.25605201185,0.483703940527,-0.916821752651,-0.403473292393,-0.937006900064,1.15314071706,1.50953255168,0.320034061799,-0.909664837892,-0.655210479263
1.8857861212,-1.4248870237,-1.20427895317,1.57067500333,1.04929474609,-0.403473292393,-0.937006900064,0.460693466037,-0.662456731314,-0.564038231166,-0.909664837892,1.60413524135
0.798876855039,0.701810026598,-2.25605201185,0.157610893401,-0.248721721617,-0.403473292393,-0.937006900064,-0.275031206664,-0.662456731314,1.38092026523,0.700361423863,1.60413524135
0.690187754429,-1.4248870237,0.899265586534,1.46197732095,1.10656177687,-0.403473292393,1.07806170222,0.417416044355,-0.662456731314,-0.917666052104,-0.909664837892,-0.655210479263
0.146732599634,0.701810026598,-1.20427895317,-0.05978447135,0.285756631058,-0.403473292393,-0.937006900064,0.157748679561,-0.662456731314,-0.917666052104,-0.909664837892,-0.655210479263
-1.04886654971,-1.4248870237,-0.152507472147,-1.25545321652,-2.0239536916,-0.403473292393,-0.937006900064,1.02330561731,-0.662456731314,-0.387224320697,0.700361423863,-0.655210479263
-0.940174840519,0.701810026598,0.899265586534,-0.875014208688,0.247577217078,-0.403473292393,1.07806170222,1.45608550353,-0.662456731314,-0.917666052104,-0.909664837892,-0.655210479263
0.472804336049,0.701810026598,0.899265586534,0.809794395223,-0.554140311934,-0.403473292393,-0.937006900064,-2.00614791686,-0.662456731314,0.850475793205,0.700361423863,0.474463228297
0.581496045239,0.701810026598,0.899265586534,0.211959734588,-0.248721721617,-0.403473292393,-0.937006900064,0.417416044355,-0.662456731314,-0.475631275932,0.700361423863,-0.655210479263
1.34233279241,-1.4248870237,-2.25605201185,1.02718889583,-0.401431016776,-0.403473292393,-0.937006900064,-1.61664545232,-0.662456731314,1.38092026523,2.31038768562,-0.655210479263
1.12494937403,0.701810026598,0.899265586534,-0.603270002749,-0.0196619592597,-0.403473292393,1.07806170222,-2.3956503814,1.50953255168,1.02728970367,2.31038768562,0.474463228297
-0.288030585114,0.701810026598,-0.152507472147,-0.331525796811,-0.0387495760594,2.47847879613,1.07806170222,0.633805987468,-0.662456731314,1.20410635476,0.700361423863,-0.655210479263
1.12494937403,-1.4248870237,0.899265586534,2.6576489466,1.48832999831,-0.403473292393,-0.937006900064,0.114471257879,1.50953255168,-0.917666052104,-0.909664837892,-0.655210479263
-0.39672151173,-1.4248870237,-0.152507472147,-0.603270002749,-0.535048514754,-0.403473292393,-0.937006900064,0.287580944606,-0.662456731314,0.496847972268,0.700361423863,-0.655210479263
-1.26624735951,0.701810026598,-0.152507472147,-0.603270002749,-0.134191840438,2.47847879613,-0.937006900064,1.84558796807,-0.662456731314,-0.210407669608,2.31038768562,-0.655210479263
-0.50541322092,-1.4248870237,-1.20427895317,0.157610893401,0.457549362635,-0.403473292393,-0.937006900064,0.460693466037,-0.662456731314,-0.917666052104,0.700361423863,-0.655210479263
0.907568564229,-1.4248870237,0.899265586534,0.483703940527,2.80543491889,-0.403473292393,1.07806170222,0.244303522924,-0.662456731314,0.14322015133,0.700361423863,-0.655210479263
-1.80970329688,-1.4248870237,-0.152507472147,-0.603270002749,-0.611403162334,-0.403473292393,-0.937006900064,0.806915674194,-0.662456731314,-0.917666052104,-0.909664837892,-0.655210479263
0.25542352625,0.701810026598,0.899265586534,-0.05978447135,0.686613305373,2.47847879613,1.07806170222,-2.09270276022,1.50953255168,0.496847972268,2.31038768562,-0.655210479263
0.25542352625,-1.4248870237,0.899265586534,3.7446200094,0.782055569752,2.47847879613,1.07806170222,-0.794366219722,1.50953255168,2.61862037914,2.31038768562,1.60413524135
0.36411523544,0.701810026598,-0.152507472147,1.02718889583,-1.50856295572,-0.403473292393,-0.937006900064,0.980028195625,-0.662456731314,0.496847972268,-0.909664837892,-0.655210479263
0.0380419338759,0.701810026598,-0.152507472147,-0.603270002749,0.209401983478,-0.403473292393,1.07806170222,-0.1884763633,-0.662456731314,-0.564038231166,0.700361423863,-0.655210479263
0.690187754429,0.701810026598,0.899265586534,-0.331525796811,0.209401983478,-0.403473292393,1.07806170222,-0.448142877683,1.50953255168,1.55773362758,0.700361423863,0.474463228297
-1.26624735951,0.701810026598,0.899265586534,0.266308575776,1.29744630563,-0.403473292393,-0.937006900064,-1.14059097911,1.50953255168,0.673661882736,0.700361423863,-0.655210479263
-0.614102321529,0.701810026598,-1.20427895317,-0.05978447135,-0.0387495760594,-0.403473292393,1.07806170222,1.23969556042,-0.662456731314,-0.740852141635,0.700361423863,-0.655210479263
-0.288030585114,0.701810026598,0.899265586534,0.483703940527,0.266664833877,-0.403473292393,1.07806170222,1.49936292521,1.50953255168,-0.917666052104,-0.909664837892,-0.655210479263
-0.831485739909,0.701810026598,0.899265586534,-0.603270002749,0.0376050715199,-0.403473292393,1.07806170222,-0.318308628346,-0.662456731314,-0.210407669608,-0.909664837892,-0.655210479263
-0.288030585114,0.701810026598,0.899265586534,0.483703940527,0.99202771531,-0.403473292393,-0.937006900064,0.936750773943,1.50953255168,0.496847972268,-0.909664837892,-0.655210479263
1.45102189302,-1.4248870237,-0.152507472147,-0.875014208688,6.05048026854,-0.403473292393,1.07806170222,0.374138622673,-0.662456731314,0.496847972268,0.700361423863,-0.655210479263
0.798876855039,0.701810026598,0.899265586534,0.483703940527,-0.764112457492,-0.403473292393,1.07806170222,-0.57797656008,1.50953255168,0.762068837971,-0.909664837892,0.474463228297
-1.1575582589,0.701810026598,-0.152507472147,-0.05978447135,1.29744630563,-0.403473292393,-0.937006900064,0.460693466037,-0.662456731314,0.762068837971,-0.909664837892,0.474463228297
0.0380419338759,0.701810026598,0.899265586534,-1.14675553415,-0.783200074292,-0.403473292393,1.07806170222,-1.87631565181,1.50953255168,-0.917666052104,0.700361423863,0.474463228297
0.690187754429,0.701810026598,0.899265586534,-0.766316526312,-0.325076369196,2.47847879613,-0.937006900064,0.374138622673,1.50953255168,0.320034061799,-0.909664837892,1.60413524135
-1.26624735951,-1.4248870237,-0.152507472147,-0.603270002749,-0.725937223893,-0.403473292393,-0.937006900064,0.936750773943,-0.662456731314,-0.917666052104,0.700361423863,-0.655210479263
1.23364108322,-1.4248870237,0.899265586534,1.02718889583,-0.420518633576,-0.403473292393,1.07806170222,-1.61664545232,-0.662456731314,-0.0335937591388,0.700361423863,2.73380894891
-1.04886654971,0.701810026598,-0.152507472147,-0.603270002749,-0.401431016776,-0.403473292393,-0.937006900064,0.763638252513,-0.662456731314,-0.917666052104,-0.909664837892,-0.655210479263
-1.5923198785,0.701810026598,-0.152507472147,0.483703940527,1.41197618681,-0.403473292393,1.07806170222,1.32625040378,-0.662456731314,-0.917666052104,-0.909664837892,-0.655210479263
-1.70101158769,0.701810026598,-2.25605201185,-0.603270002749,-0.305988752397,-0.403473292393,-0.937006900064,1.32625040378,1.50953255168,2.44180372805,0.700361423863,-0.655210479263
0.581496045239,0.701810026598,0.899265586534,0.483703940527,-1.33676604377,-0.403473292393,-0.937006900064,0.460693466037,1.50953255168,-0.917666052104,-0.909664837892,0.474463228297
-1.3749390687,-1.4248870237,-1.20427895317,-0.05978447135,-0.821379488272,-0.403473292393,1.07806170222,0.893473352262,-0.662456731314,0.320034061799,-0.909664837892,-0.655210479263
-1.04886654971,0.701810026598,-1.20427895317,-0.603270002749,0.304844247857,-0.403473292393,-0.937006900064,0.936750773943,-0.662456731314,-0.917666052104,-0.909664837892,-0.655210479263
-0.288030585114,0.701810026598,-2.25605201185,-0.331525796811,-0.649582576313,-0.403473292393,1.07806170222,-1.14059097911,1.50953255168,0.320034061799,-0.909664837892,0.474463228297
0.581496045239,-1.4248870237,0.899265586534,2.33155589948,0.0376050715199,-0.403473292393,-0.937006900064,-0.361587183909,1.50953255168,-0.917666052104,0.700361423863,-0.655210479263
1.23364108322,0.701810026598,0.899265586534,-1.14675553415,0.0185174547202,-0.403473292393,1.07806170222,0.287580944606,-0.662456731314,-0.387224320697,-0.909664837892,1.60413524135
-0.39672151173,0.701810026598,-0.152507472147,-0.114133312538,-0.97408460305,-0.403473292393,-0.937006900064,0.503970887719,-0.662456731314,-0.917666052104,-0.909664837892,-0.655210479263
1.12494937403,0.701810026598,-0.152507472147,0.483703940527,1.67921494511,-0.403473292393,-0.937006900064,0.287580944606,-0.662456731314,-0.917666052104,-0.909664837892,-0.655210479263
-0.722794030719,0.701810026598,0.899265586534,-1.03805785177,-0.821379488272,-0.403473292393,-0.937006900064,-0.361587183909,-0.662456731314,-0.829259096869,-0.909664837892,-0.655210479263
-0.50541322092,0.701810026598,-0.152507472147,-0.711967685125,-1.87124439644,-0.403473292393,1.07806170222,-1.09731072273,-0.662456731314,-0.210407669608,-0.909664837892,2.73380894891
0.690187754429,0.701810026598,-0.152507472147,0.483703940527,-1.18406092899,-0.403473292393,1.07806170222,0.157748679561,-0.662456731314,1.73454781211,0.700361423863,-0.655210479263
0.0380419338759,0.701810026598,-1.20427895317,-1.25545321652,1.18291224407,-0.403473292393,-0.937006900064,0.201026101243,-0.662456731314,-0.917666052104,-0.909664837892,-0.655210479263
0.798876855039,0.701810026598,0.899265586534,-0.603270002749,0.247577217078,-0.403473292393,-0.937006900064,-0.491420866306,1.50953255168,2.26498981758,0.700361423863,0.474463228297
-0.831485739909,-1.4248870237,0.899265586534,0.375006258151,-0.0769248096589,-0.403473292393,1.07806170222,0.0279135798121,1.50953255168,-0.917666052104,0.700361423863,-0.655210479263
1.45102189302,0.701810026598,0.899265586534,-1.69024106555,0.99202771531,-0.403473292393,1.07806170222,-1.14059097911,1.50953255168,-0.122000714373,0.700361423863,1.60413524135
1.12494937403,0.701810026598,-2.25605201185,-1.14675553415,-0.687757809913,-0.403473292393,1.07806170222,-0.318308628346,1.50953255168,0.673661882736,0.700361423863,-0.655210479263
-1.1575582589,0.701810026598,0.899265586534,1.02718889583,-0.000574342459946,-0.403473292393,-0.937006900064,0.85019593058,-0.662456731314,0.408441017033,-0.909664837892,-0.655210479263
-0.39672151173,-1.4248870237,0.899265586534,-1.14675553415,0.133047335899,-0.403473292393,1.07806170222,0.330858366288,-0.662456731314,-0.917666052104,-0.909664837892,-0.655210479263
0.690187754429,-1.4248870237,-0.152507472147,-1.58154626365,1.35470915603,-0.403473292393,-0.937006900064,0.374138622673,-0.662456731314,-0.917666052104,-0.909664837892,0.474463228297
