86.33540372670807
77.01863354037268
79.5031055900621
76.3975155279503
81.98757763975155
80.12422360248446
80.12422360248446
83.22981366459628
77.01863354037268
78.88198757763976
75.15527950310559
87.5776397515528
77.63975155279503
85.71428571428571
80.74534161490683
83.85093167701864
82.6086956521739
85.71428571428571
83.85093167701864
83.85093167701864
78.88198757763976
84.472049689441
82.6086956521739
81.98757763975155
81.98757763975155
84.472049689441
86.33540372670807
86.33540372670807
83.22981366459628
86.95652173913044
77.63975155279503
80.12422360248446
80.74534161490683
80.74534161490683
81.98757763975155
84.472049689441
81.98757763975155
88.19875776397515
81.98757763975155
80.74534161490683
