84.472049689441
78.88198757763976
78.88198757763976
78.26086956521739
81.36645962732919
80.74534161490683
78.26086956521739
81.98757763975155
81.36645962732919
83.22981366459628
81.98757763975155
80.74534161490683
80.12422360248446
86.33540372670807
80.12422360248446
86.95652173913044
75.77639751552795
80.74534161490683
83.85093167701864
83.85093167701864
79.5031055900621
81.98757763975155
83.22981366459628
84.472049689441
80.74534161490683
84.472049689441
85.71428571428571
88.81987577639751
82.6086956521739
84.472049689441
79.5031055900621
80.74534161490683
75.77639751552795
81.36645962732919
83.22981366459628
81.36645962732919
83.85093167701864
86.95652173913044
78.26086956521739
81.36645962732919
