<model>
linear
</model>
<W>
0.0
-0.17587287000000001
-0.17789436
-0.20821752
-0.15161471999999998
-0.1556577
-0.17789436
-0.17385138
-0.13948550999999998
0.0038653138917535967
1.648862026264899
-0.17385138
-0.15970068
-0.8560092957759879
-0.19204506
-0.2749275
-0.14959296
-0.18395910000000001
-0.1981098
-0.15363621
-0.15363621
-0.16778690999999998
-0.17991611999999998
-0.18395910000000001
-0.18598059
-0.18800208000000002
3.8808481798094694
-0.20619576
-0.22236821999999998
-0.21630348
-0.22034646
-0.22236821999999998
0.5676134363822092
-1.2235816283068695
0.7067589691958451
0.985852115793973
-0.10133370669736316
0.5669589841504896
-1.9839428225322897
-4.396040271252365
-0.2670619441269149
-0.3155118066870591
1.3576472140453222
0.6747053943127448
-1.0250199279300105
7.314635802323206
0.29652358768006226
9.80044797730157
-0.6238157408127898
-0.07460475205953965
3.241044450294734
-1.3715463000904171
-1.1000726055585046
-0.2370300415004527
2.0983667566898525
-0.23152904747993175
-0.3369451708764015
0.6660508994519415
0.20993479485474636
-0.6697867904108936
-1.2433506580970102
-2.4281629554891238
-1.8157066655200849
-5.1204073011156135
0.14361260203148385
1.8778561618551062
2.4846406812705064
-2.5045865081895498
-0.7251804850615926
-1.5294646893791946
-10.49174013284645
0.29268634445891384
-1.5659059022701347
6.313123171671034
0.8434126488324385
-1.1132579075287925
1.216252572862735
-2.1116955264943735
-3.941102657742677
-1.073587467066077
-0.5824462486884279
-1.6987163012404642
6.1152992300719955
4.465661870251061
-1.4797054039594997
1.1631795425880036
-0.13506647148510043
1.1739036102827516
1.243394007694117
-1.394596856876432
-2.1080393021248875
0.6036583176938894
-0.6306588325634735
0.7836411766429736
-0.05828948985005444
6.045775394403298
-0.13413069163082822
1.0848820438955036
4.780436249141696
-2.1384777119076053
-6.093786193823926
-5.90725233794819
3.0922206235700056
-5.888870063486997
1.9851579015684688
10.818407971241829
-4.765766774354063
1.7148120282020984
8.03365561289492
-4.960365619506427
8.093521138789734
-5.044046061557825
2.4036174907961945
0.5160218595278809
-5.131102878855151
10.309918832559127
0.27775406088487564
-2.755125567989975
7.763538431753406
-3.1162432050537445
-1.8414040643162144
1.2376731600792752
1.3646561777575879
-1.0791497193585755
0.4917939415481871
-1.2625506960815578
-0.12192150340395808
-0.23854041
0.0
0.0
0.0
0.0
0.0
0.0
0.0
0.0
0.0
0.0
0.0
0.0
0.0
0.0
0.0
0.0
0.0
0.0
0.0
0.0
0.0
0.0
0.0
0.0
0.0
0.0
0.0
0.0
0.0
0.0
0.0
0.0
0.0
0.0
0.0
0.0
0.0
0.0
0.0
0.0
0.0
0.0
0.0
0.0
0.0
0.0
0.0
0.0
0.0
0.0
0.0
0.0
0.0
0.0
0.0
0.0
0.0
0.0
0.0
0.0
0.0
0.0
0.0
0.0
0.0
0.0
0.0
0.0
0.0
0.0
0.0
0.0
0.0
0.0
0.0
0.0
0.0
0.0
0.0
0.0
0.0
0.0
0.0
0.0
0.0
0.0
0.0
0.0
0.0
0.0
0.0
0.0
0.0
0.0
0.0
0.0
0.0
0.0
0.0
0.0
0.0
0.0
0.0
0.0
0.0
0.0
0.0
0.0
0.0
0.0
0.0
0.0
0.0
0.0
0.0
0.0
0.0
0.0
0.0
0.0
0.0
0.0
0.0
0.0
0.0
0.0
</W>
<b>
-3.7843676514291817
</b>
<info>
Training (X) File : /home/vibhatha/data/libsvm/webspam/webspam_isesvm_train_x_bin.156 
Training (Y) File : /home/vibhatha/data/libsvm/webspam/webspam_isesvm_train_y.156.bin 
Testing (X) File : /home/vibhatha/data/libsvm/webspam/webspam_isesvm_test_x_bin.156 
Testing (Y) File : /home/vibhatha/data/libsvm/webspam/webspam_isesvm_test_y.156.bin 
I/O Time : 110
Kernel Matrix Calculation : 0.232 s
</info>
