91.00719424460432
91.00719424460432
89.568345323741
86.6906474820144
86.33093525179856
88.48920863309353
91.72661870503596
90.64748201438849
89.20863309352518
87.41007194244604
90.64748201438849
92.80575539568345
89.20863309352518
86.33093525179856
89.20863309352518
89.20863309352518
90.28776978417267
89.92805755395683
89.568345323741
82.37410071942446
88.84892086330936
90.64748201438849
89.20863309352518
88.48920863309353
88.84892086330936
88.84892086330936
88.12949640287769
88.12949640287769
86.6906474820144
90.64748201438849
91.00719424460432
91.72661870503596
88.12949640287769
91.72661870503596
89.20863309352518
89.568345323741
89.568345323741
87.05035971223022
89.20863309352518
88.48920863309353
