86.33540372670807
77.01863354037268
80.74534161490683
78.88198757763976
73.91304347826086
81.98757763975155
77.63975155279503
82.6086956521739
73.91304347826086
83.22981366459628
79.5031055900621
83.85093167701864
80.12422360248446
86.95652173913044
80.12422360248446
84.472049689441
83.85093167701864
81.36645962732919
80.74534161490683
86.33540372670807
77.01863354037268
80.12422360248446
79.5031055900621
78.26086956521739
74.53416149068323
85.71428571428571
86.33540372670807
84.472049689441
88.81987577639751
79.5031055900621
82.6086956521739
84.472049689441
75.15527950310559
80.74534161490683
82.6086956521739
80.74534161490683
84.472049689441
81.36645962732919
76.3975155279503
81.98757763975155
