89.568345323741
87.76978417266187
88.48920863309353
88.84892086330936
85.61151079136691
86.6906474820144
88.84892086330936
87.76978417266187
87.05035971223022
85.97122302158273
87.76978417266187
86.6906474820144
85.61151079136691
88.48920863309353
87.05035971223022
86.6906474820144
87.76978417266187
88.12949640287769
90.64748201438849
79.85611510791367
88.12949640287769
89.92805755395683
88.48920863309353
87.05035971223022
87.41007194244604
87.41007194244604
88.48920863309353
84.53237410071942
87.76978417266187
88.48920863309353
89.92805755395683
87.41007194244604
87.41007194244604
88.48920863309353
89.92805755395683
87.76978417266187
90.64748201438849
87.76978417266187
87.41007194244604
88.48920863309353
