<model>
linear
</model>
<W>
0.0
0.0
0.0
0.0
0.0
0.0
0.0
0.0
0.0
-0.7194945149817439
4.468661054041331
0.0
0.0
-5.112247695162716
0.0
0.0
0.0
0.0
0.0
0.0
0.0
0.0
0.0
0.0
0.0
0.0
1.148003474034903
0.0
0.0
0.0
0.0
0.0
-0.7942020329308939
0.5709435009647387
4.550980412380724
6.747119399812648
-0.391197656529088
2.3724161378317907
-2.230671576797746
-5.378401654931279
8.209734127793938
8.346774786858846
3.2441570444196417
6.181747622207262
-1.3157700632560014
0.5964990224613029
-1.8704803910445362
6.690277928190181
0.3312642489754891
4.819489559283095
1.1930581953261394
-0.054564521978642255
-2.3935109012091416
-5.095258629124258
3.6065461423313794
-2.724565688058705
3.1893763130265107
8.636859411334733
-0.5080782787763914
3.999420591443452
-3.9929323220848247
-5.813230617543711
-3.7584835830974614
-2.5979054852362062
-1.7911797940441807
0.7291498672484116
-2.6354384905843364
-8.403765024495684
3.555595773901745
-4.253050531907643
-12.35223320996565
1.0118212580755446
-1.2364970949063805
3.2093403735220396
-0.31302856808296314
-2.759842240055321
-2.5583641663350667
-4.640371657152318
-0.7654075031408136
3.27733835535054
-0.1324938675772457
1.2245058569351208
4.937747896776491
1.0070181760438102
3.211021801548614
-2.432385847429541
0.5277791796317924
-0.9418438291623396
-2.2451874642146072
-2.0618146060495652
-4.005642889492245
1.7878489327138183
1.1090183419647848
1.6113626227138187
0.027308344264643437
5.276213272306198
-0.010495498964069124
0.30893039642811626
-0.4107335798137519
-4.360785258404703
-2.259370829797354
-0.584116299394088
2.455690692537954
-8.66634900199904
4.522644854427248
4.225328963697799
-3.482443280618825
0.17278278693389681
3.824311186301229
-8.563962155021265
5.111534275325291
-0.9995970100856919
0.5565092943295453
-2.374321398290871
-9.628155816247013
9.563412458853934
2.462097624680274
-3.206772329810894
3.872724692399769
-7.670794277788239
-0.07907093850367353
7.83659593158503
0.5730494789977436
1.0891449915627445
0.418023631565585
0.5432517101258066
2.798707169035715
0.0
0.0
0.0
0.0
0.0
0.0
0.0
0.0
0.0
0.0
0.0
0.0
0.0
0.0
0.0
0.0
0.0
0.0
0.0
0.0
0.0
0.0
0.0
0.0
0.0
0.0
0.0
0.0
0.0
0.0
0.0
0.0
0.0
0.0
0.0
0.0
0.0
0.0
0.0
0.0
0.0
0.0
0.0
0.0
0.0
0.0
0.0
0.0
0.0
0.0
0.0
0.0
0.0
0.0
0.0
0.0
0.0
0.0
0.0
0.0
0.0
0.0
0.0
0.0
0.0
0.0
0.0
0.0
0.0
0.0
0.0
0.0
0.0
0.0
0.0
0.0
0.0
0.0
0.0
0.0
0.0
0.0
0.0
0.0
0.0
0.0
0.0
0.0
0.0
0.0
0.0
0.0
0.0
0.0
0.0
0.0
0.0
0.0
0.0
0.0
0.0
0.0
0.0
0.0
0.0
0.0
0.0
0.0
0.0
0.0
0.0
0.0
0.0
0.0
0.0
0.0
0.0
0.0
0.0
0.0
0.0
0.0
0.0
0.0
0.0
0.0
0.0
</W>
<b>
-0.6688222771397179
</b>
<info>
Training (X) File : /home/vibhatha/data/libsvm/webspam/webspam_isesvm_train_x_bin.374 
Training (Y) File : /home/vibhatha/data/libsvm/webspam/webspam_isesvm_train_y.374.bin 
Testing (X) File : /home/vibhatha/data/libsvm/webspam/webspam_isesvm_test_x_bin.374 
Testing (Y) File : /home/vibhatha/data/libsvm/webspam/webspam_isesvm_test_y.374.bin 
I/O Time : 128
Kernel Matrix Calculation : 0.224 s
</info>
