75.43668122270742
78.16593886462883
78.49344978165938
79.36681222707423
79.14847161572052
82.96943231441048
82.96943231441048
82.31441048034934
93.23144104803494
84.38864628820961
83.62445414847161
78.16593886462883
79.58515283842796
75.87336244541486
84.93449781659389
93.23144104803494
83.07860262008734
84.71615720524017
79.91266375545851
82.42358078602619
75.764192139738
77.07423580786026
91.15720524017468
85.26200873362446
82.53275109170306
81.4410480349345
79.47598253275109
77.62008733624454
80.45851528384279
80.89519650655022
81.22270742358079
80.45851528384279
82.31441048034934
87.22707423580786
90.17467248908298
82.42358078602619
80.02183406113537
83.73362445414847
81.87772925764192
76.09170305676855
