<model>
linear
</model>
<W>
0.0
0.0
0.0
0.0
0.0
0.0
0.0
0.0
0.0
-1.6168998250840116
2.922137248107883
0.0
0.0
-2.5533717027108414
0.0
0.0
0.0
0.0
0.0
0.0
0.0
0.0
0.0
0.0
0.0
0.0
2.6584317786273064
0.0
0.0
0.0
0.0
0.0
2.170281369341147
-2.381106346150789
2.2735911641276703
0.2513992811219273
0.3587282433176917
-0.5037822664980683
-0.8776437913737006
-3.8654167365232865
3.127327712463243
2.6271592321133244
-0.09140039965474771
-0.10054326971536165
0.196552464341943
-0.01844884419025783
4.394865433700108
6.8763141301871435
-0.6029914790760706
8.753853796184128
4.613118800100869
0.1421117338633494
-2.6649515555784267
-0.41878950761614203
2.6487327740386064
-0.4347989485208663
1.6217927213598784
4.179559685055358
-2.3684879917441393
0.48482244177518735
-1.277457967470923
-7.870542454507621
-1.1879165946874828
-4.715931312495766
0.15419791081755144
5.101641632352725
2.575043893173183
-2.5392509348662617
-0.6677312065605955
-1.2859311722717663
-7.14453790715405
0.9745697833061638
-1.7338168270646
2.5286564029212037
-0.656802298366963
-0.9157873329453747
-2.0759428134556814
-6.527245940714831
-0.3254162003295026
3.928248317655348
-1.1132515369994445
-2.3531802989529957
4.029736266766887
3.4234830282188082
3.8850340287451735
-2.2474230722148425
-0.7943793327855585
1.5261919588016586
-1.1660080416277596
-4.1808045306405
-3.730780619872816
-3.702629466587006
0.5204130235778635
-3.6986339571681826
-0.05055366537237957
4.175156419237872
0.002534638770815677
4.90873663098149
-2.34910880659872
0.9671657923463539
1.0027694684119632
-3.635226959828535
7.430214888077399
-8.388236315975403
0.6873516493362246
10.60270261878807
0.8435347150794695
-1.5747913370916184
2.843274146808644
-7.444418575662359
4.705026017840169
-3.7350662483068757
-3.3425555050289644
-1.3213007118651492
-3.9400326716529173
11.258092018173265
3.8522264314810517
1.2407016097714334
8.176491633008354
1.1456660280895834
-0.280056079957692
-1.8591263003749439
-0.35065501089197343
-0.18890241851694545
2.0483430022392066
-0.1867148070473621
0.007528286098898555
0.0
0.0
0.0
0.0
0.0
0.0
0.0
0.0
0.0
0.0
0.0
0.0
0.0
0.0
0.0
0.0
0.0
0.0
0.0
0.0
0.0
0.0
0.0
0.0
0.0
0.0
0.0
0.0
0.0
0.0
0.0
0.0
0.0
0.0
0.0
0.0
0.0
0.0
0.0
0.0
0.0
0.0
0.0
0.0
0.0
0.0
0.0
0.0
0.0
0.0
0.0
0.0
0.0
0.0
0.0
0.0
0.0
0.0
0.0
0.0
0.0
0.0
0.0
0.0
0.0
0.0
0.0
0.0
0.0
0.0
0.0
0.0
0.0
0.0
0.0
0.0
0.0
0.0
0.0
0.0
0.0
0.0
0.0
0.0
0.0
0.0
0.0
0.0
0.0
0.0
0.0
0.0
0.0
0.0
0.0
0.0
0.0
0.0
0.0
0.0
0.0
0.0
0.0
0.0
0.0
0.0
0.0
0.0
0.0
0.0
0.0
0.0
0.0
0.0
0.0
0.0
0.0
0.0
0.0
0.0
0.0
0.0
0.0
0.0
0.0
0.0
0.0
</W>
<b>
-6.329728166352475
</b>
<info>
Training (X) File : /home/vibhatha/data/libsvm/webspam/webspam_isesvm_train_x_bin.390 
Training (Y) File : /home/vibhatha/data/libsvm/webspam/webspam_isesvm_train_y.390.bin 
Testing (X) File : /home/vibhatha/data/libsvm/webspam/webspam_isesvm_test_x_bin.390 
Testing (Y) File : /home/vibhatha/data/libsvm/webspam/webspam_isesvm_test_y.390.bin 
I/O Time : 107
Kernel Matrix Calculation : 0.227 s
</info>
