<model>
linear
</model>
<W>
0.0
0.0
0.0
0.0
0.0
0.0
0.0
0.0
0.0
-0.672706503518824
0.5475427196597384
0.0
0.0
-0.7469836601949397
0.0
0.0
0.0
0.0
0.0
0.0
0.0
0.0
0.0
0.0
0.0
0.0
2.319430858746898
0.0
0.0
0.0
0.0
0.0
1.2308350858639778
0.06256588668255267
2.1764268137293192
0.5878909761861859
-0.023300430640697825
-0.04255228700301666
-1.1678119992003453
-0.8295336410079643
2.345870960099463
2.3302100688789515
0.017714737261306398
1.4639957590826282
-0.02935650053358661
2.2054330403812945
0.46364603892450795
5.671783117337537
-0.11020874501583637
0.6908096739533999
0.8726196042148017
-1.2079864129566291
-0.1698744780544636
0.19496292614673913
1.8084713832132238
0.2731035183836788
0.605805357367464
0.6058798149971052
3.164862267929922
1.2911259610493684
-0.7819419628308906
-4.990786835717209
-0.8190171127183528
-1.4454161490725188
-0.042954287253123107
0.776117909176398
-0.5132741875004793
-2.3019419903092375
2.027622127324629
-2.4330087932400306
-2.2663454724221515
0.8587978657602122
-0.05918052818820306
1.5135927917028489
0.015096134223386518
-0.23656188240930334
-0.9250005703902314
-1.8833958859883282
0.2574240461458032
-1.187191674444919
-0.53432474944825
0.6740647193856757
2.021604315527573
1.1447453069128066
1.2524782581985734
0.05509420380857017
0.713414945995925
1.1547395769921398
-0.07339478641418923
-0.9159306013676127
0.03344072602210035
0.19651239077203514
0.060419786408745194
0.2047721857720351
0.01673224350000456
0.04380979840695991
8.534469451417989E-8
3.1279902207020784
-0.354309820220414
0.3178808394723852
-2.2655868658435345
-1.2808108446950865
1.0236154860033662
-3.343775461931116
-0.4035519370651416
3.264784723666115
-0.691066414614444
-1.0777581848405493
4.31880066609747
-4.583010625870551
4.524178987606906
-1.2131212614372282
1.9402681324983704
-0.5415374441937231
-2.562168990819096
7.243359961629538
0.2739544375279198
-0.3911736665473048
3.561722258102616
1.1041734945038915
1.2904416986710068
0.0016711549507804069
0.29087974530227306
0.3494641393648527
0.28980210323050043
0.26193694436485276
-0.03217393596332481
0.0
0.0
0.0
0.0
0.0
0.0
0.0
0.0
0.0
0.0
0.0
0.0
0.0
0.0
0.0
0.0
0.0
0.0
0.0
0.0
0.0
0.0
0.0
0.0
0.0
0.0
0.0
0.0
0.0
0.0
0.0
0.0
0.0
0.0
0.0
0.0
0.0
0.0
0.0
0.0
0.0
0.0
0.0
0.0
0.0
0.0
0.0
0.0
0.0
0.0
0.0
0.0
0.0
0.0
0.0
0.0
0.0
0.0
0.0
0.0
0.0
0.0
0.0
0.0
0.0
0.0
0.0
0.0
0.0
0.0
0.0
0.0
0.0
0.0
0.0
0.0
0.0
0.0
0.0
0.0
0.0
0.0
0.0
0.0
0.0
0.0
0.0
0.0
0.0
0.0
0.0
0.0
0.0
0.0
0.0
0.0
0.0
0.0
0.0
0.0
0.0
0.0
0.0
0.0
0.0
0.0
0.0
0.0
0.0
0.0
0.0
0.0
0.0
0.0
0.0
0.0
0.0
0.0
0.0
0.0
0.0
0.0
0.0
0.0
0.0
0.0
0.0
</W>
<b>
-3.6122449333452646
</b>
<info>
Training (X) File : /home/vibhatha/data/libsvm/webspam/webspam_isesvm_train_x_bin.283 
Training (Y) File : /home/vibhatha/data/libsvm/webspam/webspam_isesvm_train_y.283.bin 
Testing (X) File : /home/vibhatha/data/libsvm/webspam/webspam_isesvm_test_x_bin.283 
Testing (Y) File : /home/vibhatha/data/libsvm/webspam/webspam_isesvm_test_y.283.bin 
I/O Time : 106
Kernel Matrix Calculation : 0.213 s
</info>
