58.842794759825324
60.80786026200873
67.68558951965066
70.19650655021834
76.31004366812228
79.6943231441048
90.61135371179039
77.83842794759825
80.67685589519651
63.64628820960698
67.57641921397381
65.93886462882097
66.15720524017468
58.515283842794766
70.52401746724891
75.10917030567686
62.66375545851528
72.37991266375546
67.68558951965066
69.21397379912663
61.68122270742358
58.406113537117896
79.14847161572052
66.8122270742358
69.43231441048034
68.01310043668121
64.95633187772926
64.41048034934498
66.0480349344978
65.28384279475983
66.92139737991266
68.5589519650655
65.28384279475983
71.2882096069869
76.63755458515283
72.37991266375546
66.5938864628821
68.88646288209607
68.23144104803494
59.93449781659389
