<model>
linear
</model>
<W>
0.0
0.0
0.0
0.0
0.0
0.0
0.0
0.0
0.0
-1.13782627201942
1.701838990509998
0.0
0.0
-0.9080579877541354
0.0
0.0
0.0
0.0
0.0
0.0
0.0
0.0
0.0
0.0
0.0
0.0
2.019294863858499
0.0
0.0
0.0
0.0
0.0
1.2632129605865487
-0.2779232428514257
3.8837111288424504
0.6535141042440793
0.007808071745421304
-0.5144198919708901
-1.7586551098454497
-0.9494094360200868
1.1281634753210412
1.120808977134942
-1.1918593680234215
-0.20656822293925037
1.4970729104526301
2.0421586430914562
-1.4650339754067345
4.221834844432235
1.0391617889266462
1.3954754706462973
1.060277786215864
-0.5486337565475614
-0.1527855639874543
-0.41350799757551093
1.4847149455057984
-0.43128604924290487
0.9188383495383574
0.9770750990072773
0.9913237399064314
0.7789285203310912
0.1394841142887856
-3.108521593550877
0.19757101349320616
-0.9692415652710926
0.09703804646983862
1.5828864587562137
0.5271047744013174
0.1770241026283621
-0.38268601121757573
-1.520035802631789
-2.5897137907935797
0.41866815925066414
-0.6209336145588142
1.410748606189014
-0.27706743621606383
-0.6870869410454485
0.39385217830654734
-0.5454162855000546
-0.03575078739492524
0.23788708074199852
-0.2307577800426595
-0.2619978713616168
0.9284864999929362
1.086822610039548
-1.072751864640441
-0.4248694915452844
-0.2282964596254061
-0.39100033512364546
-0.5313239242379464
-1.6145217159066663
-0.8628501739354812
0.2778929484060718
-0.28297732427982475
0.27312606540607176
0.02100557002804157
-0.06205018594239603
-0.0027868482
4.296147614595079
0.08343303736848062
-0.5249536111717317
-1.2544530204760198
0.44878371425485875
1.2364902451856705
-2.403479327659826
-1.903448296571035
3.367089364497669
-0.5502723573421346
-1.9016353668632835
4.015999141979018
-2.7788837940562026
1.9686833475130265
-0.19560513354058623
1.418946876920351
0.05895313542789275
-2.98564319325962
4.811531963526436
0.7458057143673908
0.09587022187778932
2.7001921908560442
-1.7411820025572318
0.6732138752948297
0.6463956755865484
-0.7091216176784715
-0.5800071032531162
0.37128615509076796
-0.5851739732531163
-0.00959555458877522
0.0
0.0
0.0
0.0
0.0
0.0
0.0
0.0
0.0
0.0
0.0
0.0
0.0
0.0
0.0
0.0
0.0
0.0
0.0
0.0
0.0
0.0
0.0
0.0
0.0
0.0
0.0
0.0
0.0
0.0
0.0
0.0
0.0
0.0
0.0
0.0
0.0
0.0
0.0
0.0
0.0
0.0
0.0
0.0
0.0
0.0
0.0
0.0
0.0
0.0
0.0
0.0
0.0
0.0
0.0
0.0
0.0
0.0
0.0
0.0
0.0
0.0
0.0
0.0
0.0
0.0
0.0
0.0
0.0
0.0
0.0
0.0
0.0
0.0
0.0
0.0
0.0
0.0
0.0
0.0
0.0
0.0
0.0
0.0
0.0
0.0
0.0
0.0
0.0
0.0
0.0
0.0
0.0
0.0
0.0
0.0
0.0
0.0
0.0
0.0
0.0
0.0
0.0
0.0
0.0
0.0
0.0
0.0
0.0
0.0
0.0
0.0
0.0
0.0
0.0
0.0
0.0
0.0
0.0
0.0
0.0
0.0
0.0
0.0
0.0
0.0
0.0
</W>
<b>
-4.19694252037724
</b>
<info>
Training (X) File : /home/vibhatha/data/libsvm/webspam/webspam_isesvm_train_x_bin.93 
Training (Y) File : /home/vibhatha/data/libsvm/webspam/webspam_isesvm_train_y.93.bin 
Testing (X) File : /home/vibhatha/data/libsvm/webspam/webspam_isesvm_test_x_bin.93 
Testing (Y) File : /home/vibhatha/data/libsvm/webspam/webspam_isesvm_test_y.93.bin 
I/O Time : 107
Kernel Matrix Calculation : 0.204 s
</info>
