<model>
linear
</model>
<W>
0.0
0.0
0.0
0.0
0.0
0.0
0.0
0.0
0.0
-0.9524433936989389
2.317506555139086
0.0
0.0
-1.5649447022882739
0.0
0.0
0.0
0.0
0.0
0.0
0.0
0.0
0.0
0.0
0.0
0.0
2.772679406052844
0.0
0.0
0.0
0.0
0.0
-0.5665366835239338
-0.5974997526805393
4.076412900783925
0.24575385182549525
-0.8368871722697196
2.2032609247877124
-3.761030970053458
-6.5684761587625715
3.8509675950686613
3.7699745806393987
1.4160173584830853
0.8737759831508203
3.841866095245277
1.733215525060957
-3.8074083100501572
9.203733406647089
-0.8480587951609327
1.9310096303467363
3.525258992770833
0.09245399793747133
-1.1035909430148092
-1.5856801111989942
4.156116469141107
-0.093444059635554
1.3763679001080575
-0.3628898238655169
1.292957284087815
-0.7213668744419202
-2.9342426616069526
-5.069766378815828
-2.7953978540218696
-0.7389027930458737
0.3449420811083086
3.1330360993242308
0.26284911598141253
-3.522140766067414
3.231324437413682
-1.4058141552252177
-5.187415221183436
0.09739763058502338
0.09241610580339707
0.1862681256564847
-0.47054353046498487
-1.8458618964868296
-2.3463227586706714
-1.935517272614837
0.21902160153187866
0.536736260252955
-2.691296185422216
0.17572373271638228
3.5185834243010916
1.646249666338263
0.21051126675852405
-1.0259845679378485
1.0804768325069984
-1.8212550630613005
0.28737818675692944
-1.6223237003378712
-1.5867235637672592
0.3195577967099613
-0.6208268479607626
0.3195577967099613
0.019748168187596383
3.0033941272031193
-2.0494206331989062E-18
4.585326293788196
0.3331003530710136
-0.26105595273972626
-2.183230060531305
-2.9391967077097725
1.616365918430568
-8.514153402593868
0.13959087828490216
2.58876565134913
-3.095203988184986
-1.8463194007186141
2.5046467995343784
-4.8805445267517475
3.4958779105294333
-0.9272186590746753
-1.0068486728856407
-0.2744635925538063
-1.860218250992528
9.741346746942398
1.4605920311838982
0.4105012812602533
5.236370036597162
0.19238047744114684
-1.822060851004813
-2.6076134859885642
0.645150739471993
-0.3574449366121398
0.5093504920402354
-0.3574449366121398
-0.14059653
0.0
0.0
0.0
0.0
0.0
0.0
0.0
0.0
0.0
0.0
0.0
0.0
0.0
0.0
0.0
0.0
0.0
0.0
0.0
0.0
0.0
0.0
0.0
0.0
0.0
0.0
0.0
0.0
0.0
0.0
0.0
0.0
0.0
0.0
0.0
0.0
0.0
0.0
0.0
0.0
0.0
0.0
0.0
0.0
0.0
0.0
0.0
0.0
0.0
0.0
0.0
0.0
0.0
0.0
0.0
0.0
0.0
0.0
0.0
0.0
0.0
0.0
0.0
0.0
0.0
0.0
0.0
0.0
0.0
0.0
0.0
0.0
0.0
0.0
0.0
0.0
0.0
0.0
0.0
0.0
0.0
0.0
0.0
0.0
0.0
0.0
0.0
0.0
0.0
0.0
0.0
0.0
0.0
0.0
0.0
0.0
0.0
0.0
0.0
0.0
0.0
0.0
0.0
0.0
0.0
0.0
0.0
0.0
0.0
0.0
0.0
0.0
0.0
0.0
0.0
0.0
0.0
0.0
0.0
0.0
0.0
0.0
0.0
0.0
0.0
0.0
0.0
</W>
<b>
-2.381230708079742
</b>
<info>
Training (X) File : /home/vibhatha/data/libsvm/webspam/webspam_isesvm_train_x_bin.264 
Training (Y) File : /home/vibhatha/data/libsvm/webspam/webspam_isesvm_train_y.264.bin 
Testing (X) File : /home/vibhatha/data/libsvm/webspam/webspam_isesvm_test_x_bin.264 
Testing (Y) File : /home/vibhatha/data/libsvm/webspam/webspam_isesvm_test_y.264.bin 
I/O Time : 117
Kernel Matrix Calculation : 0.244 s
</info>
