89.92805755395683
90.64748201438849
90.64748201438849
88.12949640287769
88.84892086330936
88.84892086330936
88.84892086330936
89.20863309352518
88.48920863309353
87.05035971223022
90.28776978417267
88.12949640287769
85.25179856115108
88.12949640287769
87.76978417266187
87.76978417266187
89.92805755395683
88.48920863309353
89.92805755395683
84.53237410071942
89.92805755395683
91.36690647482014
89.20863309352518
88.48920863309353
88.48920863309353
88.84892086330936
87.41007194244604
88.84892086330936
88.48920863309353
92.08633093525181
88.84892086330936
84.89208633093526
90.64748201438849
90.28776978417267
88.12949640287769
91.72661870503596
88.84892086330936
89.92805755395683
88.84892086330936
91.00719424460432
