<model>
linear
</model>
<W>
0.0
0.0
0.0
0.0
0.0
0.0
0.0
0.0
0.0
-1.151525463361499
0.49941445242307736
0.0
0.0
-0.7912257640617425
0.0
0.0
0.0
0.0
0.0
0.0
0.0
0.0
0.0
0.0
0.0
0.0
1.379951565397226
0.0
0.0
0.0
0.0
0.0
2.793932765257745
1.2956933326919093
3.478338453429629
3.4053984468461254
-0.2566498182966213
0.883712963854073
-1.1463976232399729
-2.2137093716823144
4.214472218897095
4.243601611229488
0.8801154077945034
0.8708166471653506
-0.636354390343483
7.178481116967404
-0.17984519361526055
6.087001303030279
-0.8714267975904759
5.893127723881938
0.17112866784007644
-0.5294537270841768
-2.9514722017338944
2.7818035790665347
3.4767824815773554
1.055712912214805
1.124925859307978
-1.4471264305004403
0.04798542004430014
-1.5537769859003978
-0.10301650633847942
-2.1407595982894656
-0.048303823780600434
-3.0035386073137422
1.3535466590683645
4.175990756089602
1.2178800080254426
-0.7379148036779457
3.562442229314607
-2.920609226651929
-1.5494493050618305
-2.167984074436781
1.1600310917143182
3.193714776440433
0.2864725146567626
-2.9673319101594036
-0.059428650880734395
-3.461354652299753
0.19282310650919526
0.1286827279591114
-0.15664657817088512
-0.49919391537284874
3.5498499019273377
3.9086768120757425
0.23694893723314772
-2.275580256577033
-0.6948351971642127
1.577679260411711
-0.8131675731982676
-2.324403806890303
-2.4630996927177615
-0.540790610662938
0.7972425781483382
-0.540790610662938
0.020148814726519703
7.418178648933856
0.009857600000000001
5.076039015540888
-1.6480474751559375
1.6772315443433397
-0.7678546019779803
-1.5593381065565046
2.0129076316942838
-8.629586197052319
0.7484714916604291
8.758050608850994
-1.5055562480408706
1.6189675136645811
1.3024954665265582
-9.14156393102574
5.433382421164943
-2.2553765918649487
3.741826031565823
-1.7199833703046732
-0.020986881859556737
9.345007725010117
4.359356196779311
2.4909675501427806
7.155830360386807
-4.893135766461403
2.628476080868694
-6.466448553815161
-2.161576763199008
0.9026383895317636
1.3542672354076009
0.9049421395317638
-0.5045236263173645
0.0
0.0
0.0
0.0
0.0
0.0
0.0
0.0
0.0
0.0
0.0
0.0
0.0
0.0
0.0
0.0
0.0
0.0
0.0
0.0
0.0
0.0
0.0
0.0
0.0
0.0
0.0
0.0
0.0
0.0
0.0
0.0
0.0
0.0
0.0
0.0
0.0
0.0
0.0
0.0
0.0
0.0
0.0
0.0
0.0
0.0
0.0
0.0
0.0
0.0
0.0
0.0
0.0
0.0
0.0
0.0
0.0
0.0
0.0
0.0
0.0
0.0
0.0
0.0
0.0
0.0
0.0
0.0
0.0
0.0
0.0
0.0
0.0
0.0
0.0
0.0
0.0
0.0
0.0
0.0
0.0
0.0
0.0
0.0
0.0
0.0
0.0
0.0
0.0
0.0
0.0
0.0
0.0
0.0
0.0
0.0
0.0
0.0
0.0
0.0
0.0
0.0
0.0
0.0
0.0
0.0
0.0
0.0
0.0
0.0
0.0
0.0
0.0
0.0
0.0
0.0
0.0
0.0
0.0
0.0
0.0
0.0
0.0
0.0
0.0
0.0
0.0
</W>
<b>
-8.50812518908604
</b>
<info>
Training (X) File : /home/vibhatha/data/libsvm/webspam/webspam_isesvm_train_x_bin.108 
Training (Y) File : /home/vibhatha/data/libsvm/webspam/webspam_isesvm_train_y.108.bin 
Testing (X) File : /home/vibhatha/data/libsvm/webspam/webspam_isesvm_test_x_bin.108 
Testing (Y) File : /home/vibhatha/data/libsvm/webspam/webspam_isesvm_test_y.108.bin 
I/O Time : 140
Kernel Matrix Calculation : 0.209 s
</info>
