91.72661870503596
91.00719424460432
89.20863309352518
88.12949640287769
86.33093525179856
89.20863309352518
89.20863309352518
90.64748201438849
88.12949640287769
87.41007194244604
90.28776978417267
89.20863309352518
87.05035971223022
89.92805755395683
89.568345323741
89.20863309352518
90.28776978417267
88.48920863309353
89.568345323741
83.09352517985612
88.84892086330936
88.84892086330936
91.36690647482014
90.64748201438849
87.05035971223022
88.48920863309353
88.84892086330936
87.76978417266187
85.97122302158273
91.72661870503596
93.16546762589928
87.76978417266187
89.20863309352518
90.64748201438849
90.28776978417267
87.76978417266187
90.28776978417267
89.20863309352518
88.12949640287769
90.28776978417267
