<model>
gaussian
</model>
<W>
0.0
0.0
0.0
0.0
0.0
0.0
0.0
0.0
0.0
0.010023340031552586
0.0059085257344895226
0.0
0.0
0.004155611559214734
0.0
0.0
0.0
0.0
0.0
0.0
0.0
0.0
0.0
0.0
0.0
0.0
0.002334368508054574
0.0
0.0
0.0
0.0
0.0
0.10274630512958938
1.2305270238677224E-4
-0.03209587644210998
1.546022263481106E-4
5.378272573963727E-6
3.6175294420459636E-5
9.292182014253303E-4
0.0011270011008135405
-9.797403703275531E-4
-9.792366456531365E-4
1.1168103332792612E-5
8.435336067336152E-5
-3.931752506092234E-4
2.9726522164197355E-4
0.002444739735136592
-0.02142160796575232
-0.016568930303411333
9.91371767743221E-4
0.0030654955241709025
-1.9684874115832862E-4
4.361625380866485E-6
-4.3292273718686936E-4
2.3433476006617937E-4
-1.6541707631323455E-4
6.740093742019226E-5
-6.287367362740603E-4
-3.2721124656798217E-4
5.451258049085084E-4
0.005473849033926337
-0.0015376564920224212
0.005414463602793296
9.495695357952805E-5
-6.7523544859948714E-6
0.0018032931477147685
8.814837844459689E-4
6.366001257545051E-4
0.0047907743899653354
0.006422913510613526
0.0023972809322310162
1.4199677364068464E-4
0.005890444930426675
5.365704006172756E-4
7.042021998815429E-5
9.495389817537614E-5
8.851055517791195E-4
0.0015218194227957227
3.753921261928639E-4
9.669116309050096E-4
0.001322052351623526
2.466259615863109E-4
-8.966881974670216E-5
3.5974439800412483E-4
0.006304681381937627
3.821551995923933E-4
0.0010686095586631694
3.367104447065117E-4
1.7846384014186256E-4
8.690454197326503E-4
2.2104754602114696E-4
2.7589818927253873E-6
0.005883947937165068
5.561167149892299E-6
9.959653857194439E-8
-1.2116190320599074E-4
3.0271493756117707E-8
-0.02325496545448802
-0.002900305889347754
-0.0011808437471390043
0.005245858034935047
-0.009568052762451984
-5.521205276497465E-4
-3.603205056887937E-4
0.004428194590116563
-0.04134793906824452
4.3500178778721477E-4
-2.1351908825262278E-4
-0.013968161077084762
0.004972879637049621
-0.014334652270811876
0.0028616653866075925
4.5838954478538696E-4
1.167211027768289E-4
0.004562853820473167
-0.03240891788619327
-0.007010941480768196
0.0019521216338562741
-0.002139393121819211
0.002280277779169504
0.006343309348639803
4.7114545506610206E-4
-4.93111830912607E-5
-2.7610533392952163E-6
-9.872668142096863E-5
-3.1571120451268087E-6
5.06114119502854E-7
0.0
0.0
0.0
0.0
0.0
0.0
0.0
0.0
0.0
0.0
0.0
0.0
0.0
0.0
0.0
0.0
0.0
0.0
0.0
0.0
0.0
0.0
0.0
0.0
0.0
0.0
0.0
0.0
0.0
0.0
0.0
0.0
0.0
0.0
0.0
0.0
0.0
0.0
0.0
0.0
0.0
0.0
0.0
0.0
0.0
0.0
0.0
0.0
0.0
0.0
0.0
0.0
0.0
0.0
0.0
0.0
0.0
0.0
0.0
0.0
0.0
0.0
0.0
0.0
0.0
0.0
0.0
0.0
0.0
0.0
0.0
0.0
0.0
0.0
0.0
0.0
0.0
0.0
0.0
0.0
0.0
0.0
0.0
0.0
0.0
0.0
0.0
0.0
0.0
0.0
0.0
0.0
0.0
0.0
0.0
0.0
0.0
0.0
0.0
0.0
0.0
0.0
0.0
0.0
0.0
0.0
0.0
0.0
0.0
0.0
0.0
0.0
0.0
0.0
0.0
0.0
0.0
0.0
0.0
0.0
0.0
0.0
0.0
0.0
0.0
0.0
0.0
</W>
<b>
1.0003764194276528
</b>
<info>
Training (X) File : /home/vibhatha/data/libsvm/webspam/webspam_isesvm_train_x_bin.36 
Training (Y) File : /home/vibhatha/data/libsvm/webspam/webspam_isesvm_train_y.36.bin 
Testing (X) File : /home/vibhatha/data/libsvm/webspam/webspam_isesvm_test_x_bin.36 
Testing (Y) File : /home/vibhatha/data/libsvm/webspam/webspam_isesvm_test_y.36.bin 
I/O Time : 130
Kernel Matrix Calculation : 0.0 s
</info>
