<model>
linear
</model>
<W>
0.0
0.0
0.0
0.0
0.0
0.0
0.0
0.0
0.0
-0.3504660274447856
-0.044560175801374946
0.0
0.0
-0.17630831210708653
0.0
0.0
0.0
0.0
0.0
0.0
0.0
0.0
0.0
0.0
0.0
0.0
3.78393199788355
0.0
0.0
0.0
0.0
0.0
0.32838066237736996
-1.462466604374819
2.818755448979471
-0.9867593378193871
-0.019518014264418578
-0.8361574527191804
-0.12530779957518795
-6.8587644297370325
2.522678010001388
2.5030119711133247
0.5891502703317337
-2.5273236960634113
-5.8782590307884215
-2.8468760956146797
1.065468428208944
8.997140253200687
0.27654880642357593
13.004892385351399
4.9366658737233085
-4.15634144500104
-0.9586276216435068
2.7802101360646985
4.786176281193003
-1.5745396654663306
6.626068202978663
2.5744772673876963
3.2377919660497274
-2.1605112443224814
-2.056824479722823
-6.1383818846028495
-1.812594025075068
-4.27953896681984
-0.16676703823722458
4.541733244275331
-3.3617203262610293
-3.4341668524810025
-2.44945792381444
0.0405693927979609
-5.414636310724009
2.349379302561701
-1.0457047110729785
6.424936093027225
-0.31642444528773245
-1.816468481648964
-2.780918336240192
-3.6749252293409307
-1.5426346381824112
-1.3875147057681336
-1.1291683712843492
1.6819180409413372
2.906131167180834
1.1644652815913124
-1.7047530336949421
-5.609520577301032
-0.5796630093890838
0.6218680706966837
-0.26567068767672736
-4.37188255427068
-2.6748026111974825
0.29811303719895077
-3.2804920596980667
0.46556895714310165
-0.12719199933999714
3.6858225372206466
-0.112560771
2.181107878690664
6.68334295670498
-1.1532205598734864
-4.988937541803025
0.9517525375787432
-1.0451589657170963
-10.339047126492098
1.909334536978003
7.197640519010039
-1.3110415554385766
-6.482643675250761
1.8226068990778774
-10.677215293185633
10.553043915505597
-3.5904179869252113
3.8036355877570824
1.4211363001400665
-7.131763329194559
10.561066636412566
-0.10172183056567619
-2.5630289394953216
1.355644658333723
2.665775798600963
-4.744127253711062
7.2844269476830545
-4.908016798239387
-2.9694961482050646
1.4631497032226857
-2.875474708205064
-0.017539664999999992
0.0
0.0
0.0
0.0
0.0
0.0
0.0
0.0
0.0
0.0
0.0
0.0
0.0
0.0
0.0
0.0
0.0
0.0
0.0
0.0
0.0
0.0
0.0
0.0
0.0
0.0
0.0
0.0
0.0
0.0
0.0
0.0
0.0
0.0
0.0
0.0
0.0
0.0
0.0
0.0
0.0
0.0
0.0
0.0
0.0
0.0
0.0
0.0
0.0
0.0
0.0
0.0
0.0
0.0
0.0
0.0
0.0
0.0
0.0
0.0
0.0
0.0
0.0
0.0
0.0
0.0
0.0
0.0
0.0
0.0
0.0
0.0
0.0
0.0
0.0
0.0
0.0
0.0
0.0
0.0
0.0
0.0
0.0
0.0
0.0
0.0
0.0
0.0
0.0
0.0
0.0
0.0
0.0
0.0
0.0
0.0
0.0
0.0
0.0
0.0
0.0
0.0
0.0
0.0
0.0
0.0
0.0
0.0
0.0
0.0
0.0
0.0
0.0
0.0
0.0
0.0
0.0
0.0
0.0
0.0
0.0
0.0
0.0
0.0
0.0
0.0
0.0
</W>
<b>
-3.5041892587135455
</b>
<info>
Training (X) File : /home/vibhatha/data/libsvm/webspam/webspam_isesvm_train_x_bin.136 
Training (Y) File : /home/vibhatha/data/libsvm/webspam/webspam_isesvm_train_y.136.bin 
Testing (X) File : /home/vibhatha/data/libsvm/webspam/webspam_isesvm_test_x_bin.136 
Testing (Y) File : /home/vibhatha/data/libsvm/webspam/webspam_isesvm_test_y.136.bin 
I/O Time : 109
Kernel Matrix Calculation : 0.211 s
</info>
