<model>
gaussian
</model>
<W>
0.0
0.0
0.0
0.0
0.0
0.0
0.0
0.0
0.0
0.9303589988787904
-0.0715898814283028
0.0
0.0
0.12354270190866767
0.0
0.0
0.0
0.0
0.0
0.0
0.0
0.0
0.0
0.0
0.0
0.0
-0.032583078575070146
0.0
0.0
0.0
0.0
0.0
4.483325639903385
0.004969200038040356
-1.1024196692978894
-0.005982421307153429
-3.177291023734874E-4
0.008847155618723623
0.06109084005929333
0.09587978468179559
-0.03929250949586016
-0.03930388494717307
0.05469075151569014
-3.8758806930061507E-4
0.08826294228019638
-0.016023360287614863
0.0140694635614812
-1.5331763897966642
-0.6650788857287512
-0.04267369632892282
0.024114057599493033
-0.05986963398128198
-0.019629757480938093
-0.03025795369043993
-0.03872460811824052
-0.0365740707048029
-0.004649101688529167
-0.017490131072112503
-0.009978596936208617
-0.0022241075401613353
-0.12233831626412639
0.3574621598671003
-0.12776898988987173
0.0013456238190348024
-1.9989149748611545E-4
0.03212533671778883
0.015680155292356557
0.012547244138000346
0.05873048678937387
0.14180759201674575
0.05573949390141353
-0.0023898046140313767
0.10793536219699573
-0.004974987558450383
0.0017068795799469738
0.0038749419112801275
0.058812171804753954
0.051824989852332526
0.03467600571020946
0.04545350862098485
0.030987134842195285
0.005655491437205451
0.004198596954815836
-8.713209052084725E-4
0.13565916121264776
0.01804610030132947
0.04983931082570736
0.027002886019188765
0.0036018573465197434
0.019286571090637472
0.005416837471632685
-0.00161337267053141
2.459609632988746E-4
-0.001635318183976997
5.004521614893065E-6
0.003658368735655171
2.0216591962229913E-4
-0.9809764488916998
-0.09830893940733931
-0.04368552291034544
0.13464540844292927
-0.8227801830571393
0.009781340353143597
0.13845907584173
0.05470481624085832
-1.6483492893677978
0.008752597767945569
0.003996724228521709
-0.605990440031542
0.11102112911270756
-0.4942510742810141
-0.0616563135643885
-0.0095274376994946
0.004277159263270658
0.5392374841175601
-1.1893252920217643
0.16497374060987546
0.03678630139098327
-0.09216032888222558
0.1448768415790146
0.003104822775618188
-0.017905950416464145
0.004740560459447374
8.135125689390232E-5
-0.0016694340091701898
8.214036712173023E-5
0.001601253758927168
0.0
0.0
0.0
0.0
0.0
0.0
0.0
0.0
0.0
0.0
0.0
0.0
0.0
0.0
0.0
0.0
0.0
0.0
0.0
0.0
0.0
0.0
0.0
0.0
0.0
0.0
0.0
0.0
0.0
0.0
0.0
0.0
0.0
0.0
0.0
0.0
0.0
0.0
0.0
0.0
0.0
0.0
0.0
0.0
0.0
0.0
0.0
0.0
0.0
0.0
0.0
0.0
0.0
0.0
0.0
0.0
0.0
0.0
0.0
0.0
0.0
0.0
0.0
0.0
0.0
0.0
0.0
0.0
0.0
0.0
0.0
0.0
0.0
0.0
0.0
0.0
0.0
0.0
0.0
0.0
0.0
0.0
0.0
0.0
0.0
0.0
0.0
0.0
0.0
0.0
0.0
0.0
0.0
0.0
0.0
0.0
0.0
0.0
0.0
0.0
0.0
0.0
0.0
0.0
0.0
0.0
0.0
0.0
0.0
0.0
0.0
0.0
0.0
0.0
0.0
0.0
0.0
0.0
0.0
0.0
0.0
0.0
0.0
0.0
0.0
0.0
0.0
</W>
<b>
2.5869974649655774
</b>
<info>
Training (X) File : data/webspam/webspam_isesvm_train_x_bin.4 
Training (Y) File : data/webspam/webspam_isesvm_train_y.4.bin 
Testing (X) File : data/webspam/webspam_isesvm_test_x_bin.4 
Testing (Y) File : data/webspam/webspam_isesvm_test_y.4.bin 
I/O Time : 78
I/O Time : 114
Training (X) File : data/webspam/webspam_isesvm_train_x_bin.50 
Training (Y) File : data/webspam/webspam_isesvm_train_y.50.bin 
Testing (X) File : data/webspam/webspam_isesvm_test_x_bin.50 
Testing (Y) File : data/webspam/webspam_isesvm_test_y.50.bin 
I/O Time : 11817
I/O Time : 12
Training (X) File : data/webspam/webspam_isesvm_train_x_bin.177 
Training (Y) File : data/webspam/webspam_isesvm_train_y.177.bin 
Testing (X) File : data/webspam/webspam_isesvm_test_x_bin.177 
Testing (Y) File : data/webspam/webspam_isesvm_test_y.177.bin 
I/O Time : 22921
Kernel Matrix Calculation : 0.0 s
</info>
