<model>
gaussian
</model>
<W>
0.0
0.0
0.0
0.0
0.0
0.0
0.0
0.0
0.0
8.627478591094473E-6
2.5743088443164197E-6
0.0
-1.8829382497642655E-12
9.360784218870322E-7
0.0
0.0
0.0
0.0
0.0
0.0
0.0
0.0
0.0
0.0
0.0
0.0
1.1329077587163283E-7
0.0
0.0
0.0
0.0
0.0
8.317326892459675E-5
1.0588192367322335E-7
-7.43569992778248E-6
3.304493692013466E-7
-2.799025011768208E-9
1.266035098979046E-7
7.694798291879579E-7
3.237956835988598E-7
-4.0952733471044667E-7
-4.0932919098679577E-7
1.982166608627267E-8
8.517412553032955E-9
-1.0973866437780089E-7
9.82675919303233E-7
1.010968052383987E-6
-1.5694640911334545E-5
-1.3901742519806248E-5
-2.291071385940313E-7
2.542362409485577E-7
-8.577188292946403E-7
1.3536674003944427E-8
-3.415812255269657E-7
-5.024423881394569E-7
-1.1641420449848283E-7
2.2136112853843315E-7
2.3187133990631992E-8
6.740430436025235E-8
1.9117010552349711E-7
5.835268659382109E-7
2.004573065761406E-6
5.510979406153638E-7
6.004404440318467E-8
2.267882948103761E-8
4.2300447589127543E-7
4.386179082160879E-7
4.7351757537228423E-7
1.7844125093091634E-6
2.862280791049443E-6
9.951721278156356E-7
2.4368919149253543E-7
1.5176642538250462E-6
4.0308136739497513E-7
1.1550058687248566E-8
1.662834314686279E-8
9.339856674728253E-7
5.399700153674303E-7
5.573052881402418E-7
6.688812668187438E-7
3.2715827558149613E-7
1.0745787548671615E-7
8.258312629294551E-7
-1.1808014299674596E-7
4.472599883342809E-6
1.7523381146133943E-7
2.4288134703454034E-7
8.988578947821679E-8
3.967843120733505E-8
2.2760302798019438E-7
3.396373671193942E-8
1.1546177347554476E-9
-2.618349981275969E-10
5.881162223886349E-10
1.5099260508577572E-8
-1.2706253649241717E-7
7.844391802791506E-12
-1.835500193436701E-5
-8.82577491978509E-7
-1.7150330755555387E-6
4.187068132210925E-7
-7.730744204792472E-6
-3.335459535236396E-7
1.030860980577586E-6
8.91244047451778E-7
-1.89764286915306E-5
2.0860749927464894E-7
-2.611791511952788E-7
-7.036164269891287E-6
9.300608034834568E-7
-7.2147732907978934E-6
-4.6974179568337604E-7
-1.2475661943511795E-6
1.546626471338186E-8
-3.1960246005269255E-8
-1.859057955755361E-5
-1.9820672427783848E-6
4.909496666982704E-7
-1.1751265507342623E-6
7.134040060918778E-7
5.9201088475902E-8
-4.572290634996534E-8
4.509292494958572E-9
1.5230366301466347E-8
-1.351779843616896E-8
1.5221271354448618E-8
4.4295234147284646E-11
0.0
0.0
0.0
0.0
0.0
0.0
0.0
0.0
0.0
0.0
0.0
0.0
0.0
0.0
0.0
0.0
0.0
0.0
0.0
0.0
0.0
0.0
0.0
0.0
0.0
0.0
0.0
0.0
0.0
0.0
0.0
0.0
0.0
0.0
0.0
0.0
0.0
0.0
0.0
0.0
0.0
0.0
0.0
0.0
0.0
0.0
0.0
0.0
0.0
0.0
0.0
0.0
0.0
0.0
0.0
0.0
0.0
0.0
0.0
0.0
0.0
0.0
0.0
0.0
0.0
0.0
0.0
0.0
0.0
0.0
0.0
0.0
0.0
0.0
0.0
0.0
0.0
0.0
0.0
0.0
0.0
0.0
0.0
0.0
0.0
0.0
0.0
0.0
0.0
0.0
0.0
0.0
0.0
0.0
0.0
0.0
0.0
0.0
0.0
0.0
0.0
0.0
0.0
0.0
0.0
0.0
0.0
0.0
0.0
0.0
0.0
0.0
0.0
0.0
0.0
0.0
0.0
0.0
0.0
0.0
0.0
0.0
0.0
0.0
0.0
0.0
0.0
</W>
<b>
1.0000000000154614
</b>
<info>
Training (X) File : data/webspam/webspam_isesvm_train_x_bin.161 
Training (Y) File : data/webspam/webspam_isesvm_train_y.161.bin 
Testing (X) File : data/webspam/webspam_isesvm_test_x_bin.161 
Testing (Y) File : data/webspam/webspam_isesvm_test_y.161.bin 
I/O Time : 96
Training (X) File : data/webspam/webspam_isesvm_train_x_bin.162 
Training (Y) File : data/webspam/webspam_isesvm_train_y.162.bin 
Testing (X) File : data/webspam/webspam_isesvm_test_x_bin.162 
Testing (Y) File : data/webspam/webspam_isesvm_test_y.162.bin 
I/O Time : 3219
Kernel Matrix Calculation : 0.0 s
</info>
