<model>
gaussian
</model>
<W>
0.0
0.0
0.0
0.0
0.0
0.0
0.0
0.0
5.1446695792378705E-8
1.0670711097213008
0.04409617171043856
0.0
0.0
0.10856668695221872
0.0
0.0
0.0
0.0
0.0
0.0
0.0
0.0
0.0
0.0
0.0
0.0
-0.30626696718789104
0.0
0.0
0.0
0.0
0.0
3.573159913462578
0.0023109900452936705
-1.0004252773327398
-0.010415840758224215
-2.0606413128732015E-5
0.12836778593711895
0.024225275965313875
0.14713783755849774
-0.03836803754372409
-0.038430256081970926
5.495019260106648E-4
-0.009428145440343205
0.029994539807696063
-0.035788961569417355
0.10676561250646321
-0.7587013546579984
-0.6106383742593816
-1.2921303578294907E-4
0.14740862019645684
0.037472941995048026
0.0023270888129668377
-0.008029162511224541
0.00569647296336151
0.016516424748551417
0.007936035613870462
-0.007943479473259907
-0.010837220860429042
0.028693118563218545
0.5291414902769715
-0.030067183133639874
0.5260820765171234
0.00335008316871499
4.97204634348547E-4
0.10171090147409478
0.0538588223223182
0.031946381472972685
0.29280027421082666
0.3863182538183131
0.10375424289659141
0.024942497769126826
0.3222830461930798
0.06707807232197693
0.008733651485463345
0.007306742853892545
0.14474009422598055
0.11298748701880879
0.06744151714614521
0.06135015266859167
0.07682664158933339
0.029299048406752903
0.11161924714933635
0.01697815345584286
0.6285595071678721
0.060976462446673985
0.08812691458953281
0.03497130313562469
0.018443953446179995
0.04290580424213075
0.0237226022449204
-0.004497885833690596
-1.1942550944321617E-4
-0.004489974796768159
8.294565511768326E-6
0.008070606029107363
-9.436242534022199E-7
-1.4626051009216048
-0.09876068392284632
-0.18736192191897194
0.1519579984268602
-1.085689809437524
-0.01815215584280272
0.0025950793150956164
0.2553920463834308
-2.098060246268797
0.018018755090953298
-0.02900235924675698
-0.8145872466308064
0.2537438504218088
-0.7797221577527637
-0.1982307914813839
-0.02765161647943659
0.014691180567232953
-0.2872350841986645
-1.736287587170923
-0.19798080426933506
0.03614768174848115
-0.09735705868986244
0.12832918532320137
0.05504410953489347
0.016234469529866957
0.001616850095020217
1.9462148821780545E-4
-0.0011351663357795916
1.9658112054088406E-4
6.002285318196243E-5
0.0
0.0
0.0
0.0
0.0
0.0
0.0
0.0
0.0
0.0
0.0
0.0
0.0
0.0
0.0
0.0
0.0
0.0
0.0
0.0
0.0
0.0
0.0
0.0
0.0
0.0
0.0
0.0
0.0
0.0
0.0
0.0
0.0
0.0
0.0
0.0
0.0
0.0
0.0
0.0
0.0
0.0
0.0
0.0
0.0
0.0
0.0
0.0
0.0
0.0
0.0
0.0
0.0
0.0
0.0
0.0
0.0
0.0
0.0
0.0
0.0
0.0
0.0
0.0
0.0
0.0
0.0
0.0
0.0
0.0
0.0
0.0
0.0
0.0
0.0
0.0
0.0
0.0
0.0
0.0
0.0
0.0
0.0
0.0
0.0
0.0
0.0
0.0
0.0
0.0
0.0
0.0
0.0
0.0
0.0
0.0
0.0
0.0
0.0
0.0
0.0
0.0
0.0
0.0
0.0
0.0
0.0
0.0
0.0
0.0
0.0
0.0
0.0
0.0
0.0
0.0
0.0
0.0
0.0
0.0
0.0
0.0
0.0
0.0
0.0
0.0
0.0
</W>
<b>
2.5184788409238763
</b>
<info>
Training (X) File : data/webspam/webspam_isesvm_train_x_bin.4 
Training (Y) File : data/webspam/webspam_isesvm_train_y.4.bin 
Testing (X) File : data/webspam/webspam_isesvm_test_x_bin.4 
Testing (Y) File : data/webspam/webspam_isesvm_test_y.4.bin 
I/O Time : 78
I/O Time : 114
Training (X) File : data/webspam/webspam_isesvm_train_x_bin.50 
Training (Y) File : data/webspam/webspam_isesvm_train_y.50.bin 
Testing (X) File : data/webspam/webspam_isesvm_test_x_bin.50 
Testing (Y) File : data/webspam/webspam_isesvm_test_y.50.bin 
I/O Time : 11817
Kernel Matrix Calculation : 0.0 s
</info>
