<model>
linear
</model>
<W>
0.0
0.0
0.0
0.0
0.0
0.0
0.0
0.0
0.0
-2.32749729609392
0.9882682854684681
0.0
0.0
-1.1514675954736724
0.0
0.0
0.0
0.0
0.0
0.0
0.0
0.0
0.0
0.0
0.0
0.0
0.4861794171804895
0.0
0.0
0.0
0.0
0.0
-1.856399140511506
-3.211164555306238
2.353630975485672
3.3850963564011214
-0.5071951912918663
1.0058633657823728
0.5527774466655256
-3.4053121293646402
2.8896815683579047
2.983030455812797
3.946615162227375
-2.6590032157198924
1.718284671667683
1.309386780937092
0.0696417933131381
5.146623435424
-1.4461042293123572
4.069456080738582
0.23206779760778962
-0.5200512980479643
-0.8820363420084111
0.7882002603392664
4.228367328668161
2.2613566745440377
4.725291590841684
3.0059956015191704
1.3757081832653109
0.6598253001316556
-2.448620644619939
-6.953574330441929
-1.9963036328500916
-5.078887964031806
0.8744613207336416
8.947403668635346
1.4308487110463801
-2.0887626003574384
1.7730884433539174
-6.182154659290487
-5.335950176351499
1.035134717574619
-2.6654717982202594
4.532339596622238
-0.4193328945488275
-1.79189411290302
-3.837980188747413
-8.786845589290813
-1.496233226975113
1.1448024069654883
-1.428768353813046
-3.2393724574927023
2.7265446847291392
3.925530932169724
-1.1204026972396293
-1.4175191238984843
-1.6357594314322585
-2.488947447830177
-3.107418812443942
-5.085899440255633
-5.8164971958325005
0.5974443065876102
0.1542016727837849
0.5559675465876103
0.05216214685965351
2.8054749269381887
0.007488174
1.9765145506792676
0.2269886559594592
-3.157538892088927
-4.346679607647622
-5.5834682278317365
-0.1516733756236661
-8.787555916685736
6.013537003238892
5.249962120170035
-2.9831599493937544
-1.5445281516590454
4.424235494109805
-8.032048481332742
8.00859119885572
-4.587815708454899
1.742131822862644
0.3173369204837184
-5.8152111181264665
9.567654741782635
1.3291104978894663
0.6842200204785762
6.694913587710373
1.2294937905769205
-2.78736731205311
-1.930784803337155
-1.3188479047901382
-0.9703712371116391
1.8164817847466346
-0.9870554371116393
-0.1421870409386845
0.0
0.0
0.0
0.0
0.0
0.0
0.0
0.0
0.0
0.0
0.0
0.0
0.0
0.0
0.0
0.0
0.0
0.0
0.0
0.0
0.0
0.0
0.0
0.0
0.0
0.0
0.0
0.0
0.0
0.0
0.0
0.0
0.0
0.0
0.0
0.0
0.0
0.0
0.0
0.0
0.0
0.0
0.0
0.0
0.0
0.0
0.0
0.0
0.0
0.0
0.0
0.0
0.0
0.0
0.0
0.0
0.0
0.0
0.0
0.0
0.0
0.0
0.0
0.0
0.0
0.0
0.0
0.0
0.0
0.0
0.0
0.0
0.0
0.0
0.0
0.0
0.0
0.0
0.0
0.0
0.0
0.0
0.0
0.0
0.0
0.0
0.0
0.0
0.0
0.0
0.0
0.0
0.0
0.0
0.0
0.0
0.0
0.0
0.0
0.0
0.0
0.0
0.0
0.0
0.0
0.0
0.0
0.0
0.0
0.0
0.0
0.0
0.0
0.0
0.0
0.0
0.0
0.0
0.0
0.0
0.0
0.0
0.0
0.0
0.0
0.0
0.0
</W>
<b>
0.4858153255013421
</b>
<info>
Training (X) File : /home/vibhatha/data/libsvm/webspam/webspam_isesvm_train_x_bin.244 
Training (Y) File : /home/vibhatha/data/libsvm/webspam/webspam_isesvm_train_y.244.bin 
Testing (X) File : /home/vibhatha/data/libsvm/webspam/webspam_isesvm_test_x_bin.244 
Testing (Y) File : /home/vibhatha/data/libsvm/webspam/webspam_isesvm_test_y.244.bin 
I/O Time : 108
Kernel Matrix Calculation : 0.213 s
</info>
