<model>
linear
</model>
<W>
0.0
0.0
0.0
0.0
0.0
0.0
0.0
0.0
0.0
-2.0504104760678636
4.4629296082033285
0.0
0.0
-5.155386876032309
0.0
0.0
0.0
0.0
0.0
0.0
0.0
0.0
0.0
0.0
0.0
0.0
1.7540930194013313
0.0
0.0
0.0
0.0
0.0
0.49991184377678577
-0.18665972305274714
4.333378802289692
1.4853313041985232
-0.061622331019582643
3.4525741358941984
-7.72427670786004
-3.880288425742349
7.2585059496958895
7.5244329139971455
1.597661366890696
-0.46780113872025364
-5.173251217966918
0.14877553072384758
-1.4850538592329017
4.819989142062447
-2.7010738615618126
2.5339784644224856
-1.8546224691348563
-3.0371251060697726
-5.518568868963633
-4.410173405344054
6.559950911297787
-0.9897948808151934
5.23739584682022
4.945672929764965
4.519129635833658
3.823836615335595
-0.2539796762751885
-5.929166223538924
-0.28249549288792825
-5.345625803190675
0.7311648265293652
5.4948154036008825
5.155299433440321
-3.167048556840638
1.367076954723132
-5.003394825361154
-6.655987942027044
4.093677808303767
-1.1303022582416804
1.857195662028602
-0.7704198329059683
-1.458827317669832
-2.0620611534306357
-1.2771717578177595
-1.0001268506070482
2.3502202646521706
2.683082580793423
4.50681155850153
-2.2624396420240136
5.171228488848981
-0.6891318498462933
-2.364271218704679
1.6054704608423473
0.4936472529265457
1.676336455061951
-3.997926324917644
1.8089681278500198
0.6892258056915599
-3.675254777321791
0.6229217686915598
0.04873158637870913
5.012494851950457
0.004652713
-0.2255990333798475
-2.7824755880176264
-2.6453981967198863
-2.6840184287335345
0.36594411387729925
8.177051875887532
-5.103953048243042
-4.98069548555287
9.273027261188293
-4.201260230892738
-4.630642094781707
7.261112323848187
-5.302419140949741
1.6080890317163608
0.030758237406018803
-2.6346221623607837
0.3071486775959221
-5.590403474253051
10.13593295410986
0.9023131680828093
-5.523250938464082
5.122865678145898
-1.000529666805209
3.321743129893699
-0.03315413542978599
0.8562998643815238
-1.1391065099254891
0.3209566289228005
-1.196013989925489
-2.0049669578346694
0.0
0.0
0.0
0.0
0.0
0.0
0.0
0.0
0.0
0.0
0.0
0.0
0.0
0.0
0.0
0.0
0.0
0.0
0.0
0.0
0.0
0.0
0.0
0.0
0.0
0.0
0.0
0.0
0.0
0.0
0.0
0.0
0.0
0.0
0.0
0.0
0.0
0.0
0.0
0.0
0.0
0.0
0.0
0.0
0.0
0.0
0.0
0.0
0.0
0.0
0.0
0.0
0.0
0.0
0.0
0.0
0.0
0.0
0.0
0.0
0.0
0.0
0.0
0.0
0.0
0.0
0.0
0.0
0.0
0.0
0.0
0.0
0.0
0.0
0.0
0.0
0.0
0.0
0.0
0.0
0.0
0.0
0.0
0.0
0.0
0.0
0.0
0.0
0.0
0.0
0.0
0.0
0.0
0.0
0.0
0.0
0.0
0.0
0.0
0.0
0.0
0.0
0.0
0.0
0.0
0.0
0.0
0.0
0.0
0.0
0.0
0.0
0.0
0.0
0.0
0.0
0.0
0.0
0.0
0.0
0.0
0.0
0.0
0.0
0.0
0.0
0.0
</W>
<b>
-3.172530708584337
</b>
<info>
Training (X) File : /home/vibhatha/data/libsvm/webspam/webspam_isesvm_train_x_bin.382 
Training (Y) File : /home/vibhatha/data/libsvm/webspam/webspam_isesvm_train_y.382.bin 
Testing (X) File : /home/vibhatha/data/libsvm/webspam/webspam_isesvm_test_x_bin.382 
Testing (Y) File : /home/vibhatha/data/libsvm/webspam/webspam_isesvm_test_y.382.bin 
I/O Time : 111
Kernel Matrix Calculation : 0.214 s
</info>
