90.64748201438849
91.36690647482014
91.36690647482014
89.20863309352518
89.20863309352518
89.20863309352518
90.28776978417267
89.20863309352518
90.28776978417267
87.76978417266187
88.48920863309353
90.28776978417267
87.76978417266187
87.76978417266187
89.20863309352518
87.05035971223022
90.28776978417267
88.48920863309353
92.08633093525181
84.53237410071942
91.36690647482014
92.44604316546763
90.28776978417267
88.84892086330936
88.48920863309353
91.00719424460432
88.12949640287769
89.92805755395683
89.20863309352518
91.72661870503596
93.16546762589928
87.05035971223022
89.568345323741
92.80575539568345
87.76978417266187
90.28776978417267
91.36690647482014
90.64748201438849
88.12949640287769
91.36690647482014
