88.48920863309353
91.36690647482014
87.76978417266187
86.33093525179856
86.33093525179856
87.41007194244604
86.6906474820144
88.12949640287769
88.12949640287769
84.89208633093526
92.80575539568345
88.84892086330936
88.12949640287769
88.12949640287769
88.84892086330936
89.20863309352518
86.33093525179856
87.76978417266187
88.48920863309353
84.17266187050359
90.64748201438849
91.00719424460432
91.00719424460432
89.20863309352518
89.568345323741
88.84892086330936
86.33093525179856
86.33093525179856
89.568345323741
92.08633093525181
92.08633093525181
87.05035971223022
87.41007194244604
88.12949640287769
89.568345323741
89.568345323741
91.00719424460432
87.41007194244604
85.61151079136691
88.48920863309353
