<model>
linear
</model>
<W>
0.0
0.0
0.0
0.0
0.0
0.0
0.0
0.0
0.0
-0.18376723296237188
-0.3321118221853166
0.0
0.0
-0.6580971366093203
0.0
0.0
0.0
0.0
0.0
0.0
0.0
0.0
0.0
0.0
0.0
0.0
2.452518943843552
0.0
0.0
0.0
0.0
0.0
-0.20172010283600905
0.021659856374593
3.5046183474132206
0.20511194506330868
-0.03426625151065666
-0.44130947260553455
-1.0529212070232392
-0.06691785310599557
1.0530311546848408
1.0539687146848407
0.053013246235855904
0.05595459809737659
-0.09803668500642583
1.335110812206123
0.1855442268956046
3.864584917388979
0.4530948647662372
1.107572702810821
-0.0924896996269344
0.10755206519670173
0.21849636452912397
0.2791507450207789
0.5304547058795362
0.42066448538909496
0.40522814444942223
0.2628443637655883
0.7047406957987025
0.5021273654951497
-0.4624590931937662
-1.9743194393485948
-0.4508761039798214
-0.5320753316768094
0.0922569957132656
0.45020442290884766
-0.28428305486923855
-0.3764981203486791
-0.10191688819225267
-0.8057135912397979
-1.068315566717242
0.029435756372334122
-0.5936424745044044
0.4223124485299046
0.002740685799999436
-0.17398180637740543
-0.17194625827425855
-0.1658934996403274
0.024912044804384748
-0.10378979222135264
-0.34040028850230497
-0.3722187918666582
0.35890516634650893
0.7859492404786111
-0.6462897630708501
-0.23783454581501098
-0.2715651386054185
-0.1644734662147115
-0.2180296322848457
-0.5620004705785382
-0.16094578720312955
0.06876222804304088
0.013631875676916285
0.06876222804304088
-0.002995984598586769
0.6123304363441041
-0.0020636
1.2221629622696886
0.4733466047266991
0.035421707497141644
-1.3895017433809926
-1.0253187500853618
0.0939522189567268
-0.331628713575503
-0.35303847636663027
2.952626655752467
-0.1124977119587303
-0.23428860228646792
1.4193241147677285
-1.9623393844028418
1.8949506671075291
-0.17621789580962152
1.1328830320685792
-0.19135525297282074
-1.2473359747732076
3.4306262883086895
-0.1448805045215702
0.051901510034852605
1.421673856074326
-0.5249666682500089
0.45148775671126873
0.26118559573441685
-0.14605008997828942
-0.04504698293682674
0.24577101639770452
-0.04504698293682674
-0.004668468976704084
0.0
0.0
0.0
0.0
0.0
0.0
0.0
0.0
0.0
0.0
0.0
0.0
0.0
0.0
0.0
0.0
0.0
0.0
0.0
0.0
0.0
0.0
0.0
0.0
0.0
0.0
0.0
0.0
0.0
0.0
0.0
0.0
0.0
0.0
0.0
0.0
0.0
0.0
0.0
0.0
0.0
0.0
0.0
0.0
0.0
0.0
0.0
0.0
0.0
0.0
0.0
0.0
0.0
0.0
0.0
0.0
0.0
0.0
0.0
0.0
0.0
0.0
0.0
0.0
0.0
0.0
0.0
0.0
0.0
0.0
0.0
0.0
0.0
0.0
0.0
0.0
0.0
0.0
0.0
0.0
0.0
0.0
0.0
0.0
0.0
0.0
0.0
0.0
0.0
0.0
0.0
0.0
0.0
0.0
0.0
0.0
0.0
0.0
0.0
0.0
0.0
0.0
0.0
0.0
0.0
0.0
0.0
0.0
0.0
0.0
0.0
0.0
0.0
0.0
0.0
0.0
0.0
0.0
0.0
0.0
0.0
0.0
0.0
0.0
0.0
0.0
0.0
</W>
<b>
-2.0022908230569842
</b>
<info>
Training (X) File : /home/vibhatha/data/libsvm/webspam/webspam_isesvm_train_x_bin.325 
Training (Y) File : /home/vibhatha/data/libsvm/webspam/webspam_isesvm_train_y.325.bin 
Testing (X) File : /home/vibhatha/data/libsvm/webspam/webspam_isesvm_test_x_bin.325 
Testing (Y) File : /home/vibhatha/data/libsvm/webspam/webspam_isesvm_test_y.325.bin 
I/O Time : 143
Kernel Matrix Calculation : 0.238 s
</info>
