88.12949640287769
89.20863309352518
87.76978417266187
87.05035971223022
87.76978417266187
88.48920863309353
89.20863309352518
91.00719424460432
87.76978417266187
85.97122302158273
91.72661870503596
89.20863309352518
87.41007194244604
88.84892086330936
87.41007194244604
86.6906474820144
88.84892086330936
88.84892086330936
87.76978417266187
82.37410071942446
88.84892086330936
89.20863309352518
91.00719424460432
91.36690647482014
88.84892086330936
86.6906474820144
89.92805755395683
87.05035971223022
86.33093525179856
91.72661870503596
90.28776978417267
87.76978417266187
86.33093525179856
88.84892086330936
89.20863309352518
87.76978417266187
91.36690647482014
89.20863309352518
87.41007194244604
89.20863309352518
