<model>
linear
</model>
<W>
0.0
0.0
0.0
0.0
0.0
0.0
0.0
0.0
0.0
-1.2212489426787556
-0.6892710919312606
0.0
0.0
-1.73400646641449
0.0
0.0
0.0
0.0
0.0
0.0
0.0
0.0
0.0
0.0
0.0
0.0
6.274878870297542
0.0
0.0
0.0
0.0
0.0
1.2535049552913478
-0.8431829944858318
9.104480515922344
0.8358264803013008
0.6260410284130513
-6.5804291939022725
0.022121204618323204
-0.7709199134396467
5.961060714925837
5.94850353676966
1.882329125983007
2.628409558965358
-7.5888188349487224
-0.7470495406984867
2.7141713361657587
4.218522682722821
2.253737858558955
13.281355706921438
9.405393765000092
-4.109458475331532
1.0237440047668045
-5.661252616286727
-3.183876117198687
-4.371935413537834
0.5913488594197527
3.5443347363537625
3.9783502720306965
4.600351619813966
1.402006818987001
-11.585453277327568
1.4082116108042904
-7.3809511390454
0.905950867975463
7.958022202509297
6.279376939671188
-5.069017312361262
-3.6257483468811094
-3.164600612219423
-14.44249245938651
-1.698003974036403
1.640825673064496
2.2585786188831465
-1.2417400013749256
-3.1428040610073213
-3.3031805341665277
-9.294861660287873
-4.143173866318516
-3.4289874767878166
-2.876475036330466
-0.7997450315191091
4.096053492304731
7.2374750378009445
1.2248670285674466
4.892624842770676
-1.8727091141874297
5.181619621634543
-0.9211896580435394
-6.657767789259704
-4.7392266810403205
1.980360846075989
-1.6691752189187778
1.980360846075989
0.12336332631312184
-0.08872365052151587
0.005709299059637065
2.823444561632556
-7.543055806499836
0.34861850826886
-2.765672140161242
5.115815960882838
1.273941500074311
-1.5640318006556786
-0.5279799082910124
4.824733151755618
-0.6749756390652317
-1.731192141845594
9.383269199379829
-9.522399182328828
2.4785949693922316
2.1817811569902243
0.34589351829046144
-2.789936035551389
-5.850916328358219
11.365027796860543
-4.016812468725281
4.066490828090094
4.754322871628732
-3.146583371054676
2.18083559797718
1.1721398742006173
-1.699677986887043
0.8713461718442058
4.292272865567036
0.8866195515258187
-0.3677585488483329
0.0
0.0
0.0
0.0
0.0
0.0
0.0
0.0
0.0
0.0
0.0
0.0
0.0
0.0
0.0
0.0
0.0
0.0
0.0
0.0
0.0
0.0
0.0
0.0
0.0
0.0
0.0
0.0
0.0
0.0
0.0
0.0
0.0
0.0
0.0
0.0
0.0
0.0
0.0
0.0
0.0
0.0
0.0
0.0
0.0
0.0
0.0
0.0
0.0
0.0
0.0
0.0
0.0
0.0
0.0
0.0
0.0
0.0
0.0
0.0
0.0
0.0
0.0
0.0
0.0
0.0
0.0
0.0
0.0
0.0
0.0
0.0
0.0
0.0
0.0
0.0
0.0
0.0
0.0
0.0
0.0
0.0
0.0
0.0
0.0
0.0
0.0
0.0
0.0
0.0
0.0
0.0
0.0
0.0
0.0
0.0
0.0
0.0
0.0
0.0
0.0
0.0
0.0
0.0
0.0
0.0
0.0
0.0
0.0
0.0
0.0
0.0
0.0
0.0
0.0
0.0
0.0
0.0
0.0
0.0
0.0
0.0
0.0
0.0
0.0
0.0
0.0
</W>
<b>
-5.999703837827205
</b>
<info>
Training (X) File : /home/vibhatha/data/libsvm/webspam/webspam_isesvm_train_x_bin.45 
Training (Y) File : /home/vibhatha/data/libsvm/webspam/webspam_isesvm_train_y.45.bin 
Testing (X) File : /home/vibhatha/data/libsvm/webspam/webspam_isesvm_test_x_bin.45 
Testing (Y) File : /home/vibhatha/data/libsvm/webspam/webspam_isesvm_test_y.45.bin 
I/O Time : 97
Kernel Matrix Calculation : 0.231 s
</info>
