92.08633093525181
92.08633093525181
89.92805755395683
87.76978417266187
89.568345323741
87.76978417266187
90.28776978417267
90.28776978417267
90.64748201438849
88.12949640287769
91.36690647482014
88.84892086330936
87.05035971223022
89.92805755395683
90.28776978417267
88.12949640287769
91.00719424460432
87.41007194244604
90.28776978417267
85.25179856115108
88.48920863309353
92.80575539568345
91.72661870503596
86.6906474820144
88.12949640287769
87.76978417266187
87.41007194244604
87.76978417266187
86.33093525179856
90.28776978417267
91.72661870503596
85.97122302158273
89.20863309352518
91.00719424460432
89.20863309352518
87.41007194244604
91.36690647482014
91.36690647482014
87.41007194244604
89.20863309352518
