<model>
linear
</model>
<W>
0.0
0.0
0.0
0.0
0.0
0.0
0.0
0.0
0.0
0.04279783692597572
4.100870114207275
0.0
0.0
-4.239854942291567
0.0
0.0
0.0
0.0
0.0
0.0
0.0
0.0
0.0
0.0
0.0
0.0
3.0774544925864618
0.0
0.0
0.0
0.0
0.0
1.0811633156938436
-1.192737159810967
4.24616382978743
3.0357540920124015
-0.3510015694794201
2.2975225849667877
-0.9649316919097385
-6.5732524557922645
4.78990728306887
4.820812937730674
-0.09365956591739688
1.1877182818968013
0.7586853237837361
3.4275762209502707
0.5089370489981627
7.990091718032062
0.9593989441456179
-0.9397048866281614
0.8021503392410578
-1.2169946251543164
-1.4939214744983937
-0.045567522866106436
2.941201845609122
1.6465874536199028
3.9070985044157176
0.4072890664823594
-3.3762858551888506
4.527661889997107
-2.250586310941328
-9.095288367731266
-2.34198177245341
-2.140387438185322
0.6475219032435173
3.4208944903167753
0.8495975178777135
-1.2724140523055012
1.6945080284346412
-4.160663813439644
-3.975736450424127
0.8190553505187295
-3.620876907753874
3.53055787825904
0.7666159230136282
-0.9548027889552574
-0.4946330073233677
-3.670356093322138
3.4898603873569316
-2.263196527032374
-0.5667731609505631
0.16037472740433983
3.040036934041364
1.574886014078195
1.792530692188711
-1.368047511132737
-0.2152290674625194
-0.4298233995803463
-0.7660162565276215
-2.168296716736725
-1.247408234956672
0.10132317076767125
-0.07239094768082278
0.10132317076767125
-0.020034575237177513
-0.4428563313615507
4.346060000000006E-4
3.1618822415455736
-1.4428066824046704
3.4199557921468133
-1.1648607819855095
-0.19534661071000237
-1.5287058678270675
-4.296004122067252
0.019020679891893044
6.423547165793384
0.34253158558886176
-1.4724997487715243
3.662560142028969
-3.5427830667069684
3.235676377262895
-6.0627049033277824
0.36679524340810943
-0.5182913439719381
-5.428220472290466
9.449234610689045
-0.4698243132462103
-0.6869907538944378
5.245577464892524
-0.708385127047001
3.6187506236221103
3.4667395644697967
-2.067428644961088
-0.9891580635090772
-0.3497848405183014
-0.9816568635090771
0.002997858
0.0
0.0
0.0
0.0
0.0
0.0
0.0
0.0
0.0
0.0
0.0
0.0
0.0
0.0
0.0
0.0
0.0
0.0
0.0
0.0
0.0
0.0
0.0
0.0
0.0
0.0
0.0
0.0
0.0
0.0
0.0
0.0
0.0
0.0
0.0
0.0
0.0
0.0
0.0
0.0
0.0
0.0
0.0
0.0
0.0
0.0
0.0
0.0
0.0
0.0
0.0
0.0
0.0
0.0
0.0
0.0
0.0
0.0
0.0
0.0
0.0
0.0
0.0
0.0
0.0
0.0
0.0
0.0
0.0
0.0
0.0
0.0
0.0
0.0
0.0
0.0
0.0
0.0
0.0
0.0
0.0
0.0
0.0
0.0
0.0
0.0
0.0
0.0
0.0
0.0
0.0
0.0
0.0
0.0
0.0
0.0
0.0
0.0
0.0
0.0
0.0
0.0
0.0
0.0
0.0
0.0
0.0
0.0
0.0
0.0
0.0
0.0
0.0
0.0
0.0
0.0
0.0
0.0
0.0
0.0
0.0
0.0
0.0
0.0
0.0
0.0
0.0
</W>
<b>
-3.531667068284486
</b>
<info>
Training (X) File : /home/vibhatha/data/libsvm/webspam/webspam_isesvm_train_x_bin.25 
Training (Y) File : /home/vibhatha/data/libsvm/webspam/webspam_isesvm_train_y.25.bin 
Testing (X) File : /home/vibhatha/data/libsvm/webspam/webspam_isesvm_test_x_bin.25 
Testing (Y) File : /home/vibhatha/data/libsvm/webspam/webspam_isesvm_test_y.25.bin 
I/O Time : 118
Kernel Matrix Calculation : 0.211 s
</info>
