<model>
linear
</model>
<W>
0.0
0.0
0.0
0.0
0.0
0.0
0.0
0.0
0.0
-0.6215713063641879
0.8563072389647718
0.0
0.0
-0.8989935598442861
0.0
0.0
0.0
0.0
0.0
0.0
0.0
0.0
0.0
0.0
0.0
0.0
0.8614919412526435
0.0
0.0
0.0
0.0
0.0
0.5430525771258794
0.10059463067240379
2.5565143536334336
0.29999154683154
-0.06513158627338271
-0.639168635158389
-1.2014750622391976
-0.4160693217982382
0.6886747023173195
0.6896805926973052
0.09335620968285424
0.0219232746037473
0.2717665786795894
1.4477847013577654
-0.5158230672979336
3.450281358324289
0.8274114636043669
0.3831962415759226
-0.62917744722192
-0.38167574994135006
-0.4677569763964591
-0.20660164987791696
0.23503698488851615
0.0971329580379677
0.2705410221475866
0.2638801929604804
0.8318552406264811
0.20707331787944422
0.15963671400073162
-1.4320459945699433
0.16869738403123277
-0.4972569324854082
0.01726918887422964
0.46388081261440833
-0.3253246376951426
-0.1361358492348641
-0.25293444839644147
-0.6423343566668414
-1.0119958551578796
0.009516564168828038
-0.6165866387592096
0.1270499670747779
-0.002752651088141675
-0.26695149521930506
-0.46994449462688803
-0.6466781031897361
0.04022394364736244
-0.43236400894381666
-0.2244839374006112
-0.34456156762264145
0.5163504775614964
0.5284012634100451
-0.3280552894097832
-0.06113881287322499
0.04865771159389911
0.12307908197580353
-0.1277403107882567
-0.5536354898003792
-0.43321521896978693
0.16492551645336548
-0.0032479675278540027
0.16527715145336547
0.0027263660798871733
0.2669881529399765
-0.018286043900000003
2.0168079151780467
-0.09196036065725513
0.5620026366053441
-1.7843479376625893
0.13829021663988816
0.7739257651182833
-1.086535274193704
-1.0320634969155797
2.8531001199531736
-0.12423631049236455
-0.7699372382254176
2.24057441097686
-2.0528098930008474
2.2187909509922488
0.25708699614955954
1.2543315894844465
-0.2683107978634644
-1.814608225744068
3.289512742580828
0.4876232330838324
-0.19294912533851558
1.6852021905385
-1.3106781631986362
0.580200306559105
0.0743995166695267
-0.17626597221332208
-0.012421377909301494
0.1583626872237172
-0.011760937909301454
-0.0507411943695629
0.0
0.0
0.0
0.0
0.0
0.0
0.0
0.0
0.0
0.0
0.0
0.0
0.0
0.0
0.0
0.0
0.0
0.0
0.0
0.0
0.0
0.0
0.0
0.0
0.0
0.0
0.0
0.0
0.0
0.0
0.0
0.0
0.0
0.0
0.0
0.0
0.0
0.0
0.0
0.0
0.0
0.0
0.0
0.0
0.0
0.0
0.0
0.0
0.0
0.0
0.0
0.0
0.0
0.0
0.0
0.0
0.0
0.0
0.0
0.0
0.0
0.0
0.0
0.0
0.0
0.0
0.0
0.0
0.0
0.0
0.0
0.0
0.0
0.0
0.0
0.0
0.0
0.0
0.0
0.0
0.0
0.0
0.0
0.0
0.0
0.0
0.0
0.0
0.0
0.0
0.0
0.0
0.0
0.0
0.0
0.0
0.0
0.0
0.0
0.0
0.0
0.0
0.0
0.0
0.0
0.0
0.0
0.0
0.0
0.0
0.0
0.0
0.0
0.0
0.0
0.0
0.0
0.0
0.0
0.0
0.0
0.0
0.0
0.0
0.0
0.0
0.0
</W>
<b>
-2.759961547317559
</b>
<info>
Training (X) File : /home/vibhatha/data/libsvm/webspam/webspam_isesvm_train_x_bin.83 
Training (Y) File : /home/vibhatha/data/libsvm/webspam/webspam_isesvm_train_y.83.bin 
Testing (X) File : /home/vibhatha/data/libsvm/webspam/webspam_isesvm_test_x_bin.83 
Testing (Y) File : /home/vibhatha/data/libsvm/webspam/webspam_isesvm_test_y.83.bin 
I/O Time : 147
Kernel Matrix Calculation : 0.206 s
</info>
