90.64748201438849
88.12949640287769
87.76978417266187
88.84892086330936
85.61151079136691
88.84892086330936
88.84892086330936
87.76978417266187
91.00719424460432
87.05035971223022
88.48920863309353
89.568345323741
88.48920863309353
87.41007194244604
89.92805755395683
86.6906474820144
89.568345323741
85.61151079136691
88.48920863309353
82.37410071942446
89.568345323741
89.92805755395683
86.6906474820144
88.12949640287769
89.20863309352518
84.53237410071942
88.84892086330936
85.97122302158273
87.05035971223022
90.64748201438849
91.36690647482014
84.89208633093526
86.33093525179856
85.61151079136691
88.48920863309353
85.25179856115108
89.20863309352518
88.12949640287769
86.6906474820144
88.48920863309353
