92.08633093525181
89.20863309352518
87.41007194244604
86.33093525179856
85.61151079136691
89.20863309352518
89.568345323741
90.28776978417267
88.12949640287769
87.41007194244604
91.72661870503596
86.6906474820144
89.568345323741
87.05035971223022
88.48920863309353
86.6906474820144
89.92805755395683
88.48920863309353
88.12949640287769
83.81294964028777
93.5251798561151
91.72661870503596
88.12949640287769
88.84892086330936
86.6906474820144
88.48920863309353
88.48920863309353
89.568345323741
87.41007194244604
91.72661870503596
91.36690647482014
87.41007194244604
89.20863309352518
89.92805755395683
91.36690647482014
88.12949640287769
89.92805755395683
87.76978417266187
88.12949640287769
89.568345323741
