<model>
linear
</model>
<W>
0.0
0.0
0.0
0.0
0.0
0.0
0.0
0.0
0.0
-0.48232584902761744
2.0875065273595608
0.0
0.0
-2.7793270204202827
0.0
0.0
0.0
0.0
0.0
0.0
0.0
0.0
0.0
0.0
0.0
0.0
1.387318585657546
0.0
0.0
0.0
0.0
0.0
-1.3002655210631677
0.05591594744081998
3.7184809852691956
0.48986414651279314
0.004299472852539213
-0.828026436579633
-2.547792912793207
-1.3155507815889649
1.7536360438387624
1.7384286755350338
-0.17837648027811095
0.5592006194352612
1.6084947109081058
-0.5214971611860784
-1.339314486077967
4.321051858072088
-1.2061558383384492
0.8596909948766738
-0.15647761859569903
-0.8175220705555997
-1.3768025248555567
0.015794494890592453
2.325251370690253
0.07656379546125738
1.065400925642288
0.2555548211483214
1.3765285371304135
1.6815541309387896
-1.4664147746099572
-5.4615893290313435
-1.8311284860300174
-0.905565749461199
0.3332983748088951
2.5625440503550982
-0.4487180682473352
-0.2929939245933596
-0.5904423407517271
-0.4507209481290341
-3.1650826712561653
-0.2832623282641474
-0.9167867462665129
1.6251845014049302
-0.23512046557156935
-0.8575443595780101
-0.43064116085123033
-1.5872156987260464
-0.4481474265141154
-1.2399146314898137
-0.24844000398824986
-0.798491782208227
-0.09624138844138398
0.7415179212050206
-0.8433306674015859
-0.677796740359487
0.033137631602768995
-0.1059252901135517
-0.5736006561079634
-0.6678321312522341
-0.8616262972805971
0.3308232124984409
0.09113430878131303
0.3308232124984409
0.01760710800000001
1.4858564017832996
7.724249999999997E-4
1.972444734089854
1.0002407144923486
-2.7345025820947457
-2.782919947568306
-0.13511472479723352
0.6228784893123046
-3.2496613709998314
-0.37680785003678297
3.6787984181923505
-0.7082911133858694
-1.5325384371563024
2.9618616930991535
-4.374412222757341
6.079812470386413
-1.8435876338926103
0.6463296971699796
-0.5135501285292763
-2.454326142812893
5.6925779636471745
-1.0082890728143505
0.2637645736551229
2.497347958691243
-1.8905773165634152
0.8170862127276712
0.4388943180503432
-1.7305856862204523
-0.15934353684592883
0.606928179296919
-0.15959833684592883
-0.0017529569850129158
0.0
0.0
0.0
0.0
0.0
0.0
0.0
0.0
0.0
0.0
0.0
0.0
0.0
0.0
0.0
0.0
0.0
0.0
0.0
0.0
0.0
0.0
0.0
0.0
0.0
0.0
0.0
0.0
0.0
0.0
0.0
0.0
0.0
0.0
0.0
0.0
0.0
0.0
0.0
0.0
0.0
0.0
0.0
0.0
0.0
0.0
0.0
0.0
0.0
0.0
0.0
0.0
0.0
0.0
0.0
0.0
0.0
0.0
0.0
0.0
0.0
0.0
0.0
0.0
0.0
0.0
0.0
0.0
0.0
0.0
0.0
0.0
0.0
0.0
0.0
0.0
0.0
0.0
0.0
0.0
0.0
0.0
0.0
0.0
0.0
0.0
0.0
0.0
0.0
0.0
0.0
0.0
0.0
0.0
0.0
0.0
0.0
0.0
0.0
0.0
0.0
0.0
0.0
0.0
0.0
0.0
0.0
0.0
0.0
0.0
0.0
0.0
0.0
0.0
0.0
0.0
0.0
0.0
0.0
0.0
0.0
0.0
0.0
0.0
0.0
0.0
0.0
</W>
<b>
-0.7007521156358258
</b>
<info>
Training (X) File : /home/vibhatha/data/libsvm/webspam/webspam_isesvm_train_x_bin.137 
Training (Y) File : /home/vibhatha/data/libsvm/webspam/webspam_isesvm_train_y.137.bin 
Testing (X) File : /home/vibhatha/data/libsvm/webspam/webspam_isesvm_test_x_bin.137 
Testing (Y) File : /home/vibhatha/data/libsvm/webspam/webspam_isesvm_test_y.137.bin 
I/O Time : 144
Kernel Matrix Calculation : 0.224 s
</info>
