88.19875776397515
75.15527950310559
73.91304347826086
77.63975155279503
81.98757763975155
81.98757763975155
78.88198757763976
80.12422360248446
81.98757763975155
84.472049689441
84.472049689441
83.85093167701864
78.26086956521739
79.5031055900621
80.74534161490683
83.85093167701864
80.74534161490683
79.5031055900621
80.74534161490683
81.36645962732919
80.74534161490683
79.5031055900621
80.74534161490683
81.98757763975155
80.74534161490683
82.6086956521739
82.6086956521739
81.98757763975155
83.85093167701864
84.472049689441
79.5031055900621
79.5031055900621
80.12422360248446
78.26086956521739
83.85093167701864
84.472049689441
78.88198757763976
87.5776397515528
78.88198757763976
83.22981366459628
