0.521619,0.453827,0.184513,0.085073,-0.046657,0.052819,0.673908,-0.41488,-0.216902,0.172703,0.53927,-0.280121
0.518769,0.453827,0.085073,-0.046657,0.052819,0.673908,-0.41488,-0.216902,0.172703,0.53927,-0.280121,0.150179
0.52104,0.453827,-0.046657,0.052819,0.673908,-0.41488,-0.216902,0.172703,0.53927,-0.280121,0.150179,0.025592
0.528119,0.453827,0.052819,0.673908,-0.41488,-0.216902,0.172703,0.53927,-0.280121,0.150179,0.025592,-0.048141
0.524445,0.453827,0.673908,-0.41488,-0.216902,0.172703,0.53927,-0.280121,0.150179,0.025592,-0.048141,-0.135548
0.526413,0.453827,-0.41488,-0.216902,0.172703,0.53927,-0.280121,0.150179,0.025592,-0.048141,-0.135548,0.074405
0.526748,0.453827,-0.216902,0.172703,0.53927,-0.280121,0.150179,0.025592,-0.048141,-0.135548,0.074405,-0.331197
0.526118,0.453827,0.172703,0.53927,-0.280121,0.150179,0.025592,-0.048141,-0.135548,0.074405,-0.331197,-0.58192
0.524339,0.453827,0.53927,-0.280121,0.150179,0.025592,-0.048141,-0.135548,0.074405,-0.331197,-0.58192,0.367723
0.525316,0.453827,-0.280121,0.150179,0.025592,-0.048141,-0.135548,0.074405,-0.331197,-0.58192,0.367723,0.387481
0.520968,0.453827,0.150179,0.025592,-0.048141,-0.135548,0.074405,-0.331197,-0.58192,0.367723,0.387481,0.129446
0.513304,0.453827,0.025592,-0.048141,-0.135548,0.074405,-0.331197,-0.58192,0.367723,0.387481,0.129446,0.000348
0.518153,0.453827,-0.048141,-0.135548,0.074405,-0.331197,-0.58192,0.367723,0.387481,0.129446,0.000348,0.159047
0.523253,0.453827,-0.135548,0.074405,-0.331197,-0.58192,0.367723,0.387481,0.129446,0.000348,0.159047,-0.070422
0.524953,0.453827,0.074405,-0.331197,-0.58192,0.367723,0.387481,0.129446,0.000348,0.159047,-0.070422,0.008303
0.524958,0.453827,-0.331197,-0.58192,0.367723,0.387481,0.129446,0.000348,0.159047,-0.070422,0.008303,0.381674
0.52704,0.453827,-0.58192,0.367723,0.387481,0.129446,0.000348,0.159047,-0.070422,0.008303,0.381674,-0.562036
0.526118,0.453827,0.367723,0.387481,0.129446,0.000348,0.159047,-0.070422,0.008303,0.381674,-0.562036,-0.041092
0.526227,0.453827,0.387481,0.129446,0.000348,0.159047,-0.070422,0.008303,0.381674,-0.562036,-0.041092,0.135052
0.531225,0.453827,0.129446,0.000348,0.159047,-0.070422,0.008303,0.381674,-0.562036,-0.041092,0.135052,0.554326
0.523867,0.453827,0.000348,0.159047,-0.070422,0.008303,0.381674,-0.562036,-0.041092,0.135052,0.554326,-0.25425
0.523329,0.453827,0.159047,-0.070422,0.008303,0.381674,-0.562036,-0.041092,0.135052,0.554326,-0.25425,-0.038374
0.5251,0.453827,-0.070422,0.008303,0.381674,-0.562036,-0.041092,0.135052,0.554326,-0.25425,-0.038374,-0.102725
0.532357,0.453827,0.008303,0.381674,-0.562036,-0.041092,0.135052,0.554326,-0.25425,-0.038374,-0.102725,-0.236875
0.529031,0.453827,0.381674,-0.562036,-0.041092,0.135052,0.554326,-0.25425,-0.038374,-0.102725,-0.236875,0.130153
0.528529,0.453827,-0.562036,-0.041092,0.135052,0.554326,-0.25425,-0.038374,-0.102725,-0.236875,0.130153,0.690331
0.527186,0.453827,-0.041092,0.135052,0.554326,-0.25425,-0.038374,-0.102725,-0.236875,0.130153,0.690331,-0.308448
0.524083,0.453827,0.135052,0.554326,-0.25425,-0.038374,-0.102725,-0.236875,0.130153,0.690331,-0.308448,-0.309843
0.525791,0.453827,0.554326,-0.25425,-0.038374,-0.102725,-0.236875,0.130153,0.690331,-0.308448,-0.309843,-0.253232
0.534822,0.453827,-0.25425,-0.038374,-0.102725,-0.236875,0.130153,0.690331,-0.308448,-0.309843,-0.253232,0.008574
0.530798,0.453827,-0.038374,-0.102725,-0.236875,0.130153,0.690331,-0.308448,-0.309843,-0.253232,0.008574,-0.228609
0.526748,0.453827,-0.102725,-0.236875,0.130153,0.690331,-0.308448,-0.309843,-0.253232,0.008574,-0.228609,0.248114
0.52343,0.453827,-0.236875,0.130153,0.690331,-0.308448,-0.309843,-0.253232,0.008574,-0.228609,0.248114,0.064202
0.523542,0.453827,0.130153,0.690331,-0.308448,-0.309843,-0.253232,0.008574,-0.228609,0.248114,0.064202,-0.119645
0.520535,0.453827,0.690331,-0.308448,-0.309843,-0.253232,0.008574,-0.228609,0.248114,0.064202,-0.119645,-0.172794
0.523795,0.453827,-0.308448,-0.309843,-0.253232,0.008574,-0.228609,0.248114,0.064202,-0.119645,-0.172794,0.55494
0.524636,0.453827,-0.309843,-0.253232,0.008574,-0.228609,0.248114,0.064202,-0.119645,-0.172794,0.55494,-0.288446
0.523067,0.453827,-0.253232,0.008574,-0.228609,0.248114,0.064202,-0.119645,-0.172794,0.55494,-0.288446,-0.151743
0.520795,0.453827,0.008574,-0.228609,0.248114,0.064202,-0.119645,-0.172794,0.55494,-0.288446,-0.151743,0.301297
0.528083,0.453827,-0.228609,0.248114,0.064202,-0.119645,-0.172794,0.55494,-0.288446,-0.151743,0.301297,0.236257
0.524303,0.453827,0.248114,0.064202,-0.119645,-0.172794,0.55494,-0.288446,-0.151743,0.301297,0.236257,-0.075161
0.522313,0.453827,0.064202,-0.119645,-0.172794,0.55494,-0.288446,-0.151743,0.301297,0.236257,-0.075161,-0.355018
0.526264,0.453827,-0.119645,-0.172794,0.55494,-0.288446,-0.151743,0.301297,0.236257,-0.075161,-0.355018,0.264449
0.529359,0.453827,-0.172794,0.55494,-0.288446,-0.151743,0.301297,0.236257,-0.075161,-0.355018,0.264449,-0.148204
0.528374,0.453827,0.55494,-0.288446,-0.151743,0.301297,0.236257,-0.075161,-0.355018,0.264449,-0.148204,0.252606
0.523722,0.453827,-0.288446,-0.151743,0.301297,0.236257,-0.075161,-0.355018,0.264449,-0.148204,0.252606,0.547128
0.527186,0.453827,-0.151743,0.301297,0.236257,-0.075161,-0.355018,0.264449,-0.148204,0.252606,0.547128,-0.633472
0.525245,0.453827,0.301297,0.236257,-0.075161,-0.355018,0.264449,-0.148204,0.252606,0.547128,-0.633472,-0.085844
0.528556,0.453827,0.236257,-0.075161,-0.355018,0.264449,-0.148204,0.252606,0.547128,-0.633472,-0.085844,-0.153419
0.535705,0.453827,-0.075161,-0.355018,0.264449,-0.148204,0.252606,0.547128,-0.633472,-0.085844,-0.153419,0.660113
0.527434,0.453827,-0.355018,0.264449,-0.148204,0.252606,0.547128,-0.633472,-0.085844,-0.153419,0.660113,-0.310307
0.526311,0.453827,0.264449,-0.148204,0.252606,0.547128,-0.633472,-0.085844,-0.153419,0.660113,-0.310307,0.264328
0.5243,0.453827,-0.148204,0.252606,0.547128,-0.633472,-0.085844,-0.153419,0.660113,-0.310307,0.264328,-0.075317
0.532943,0.453827,0.252606,0.547128,-0.633472,-0.085844,-0.153419,0.660113,-0.310307,0.264328,-0.075317,0.102797
0.528885,0.453827,0.547128,-0.633472,-0.085844,-0.153419,0.660113,-0.310307,0.264328,-0.075317,0.102797,-0.132522
0.532339,0.453827,-0.633472,-0.085844,-0.153419,0.660113,-0.310307,0.264328,-0.075317,0.102797,-0.132522,0.806209
0.531356,0.453827,-0.085844,-0.153419,0.660113,-0.310307,0.264328,-0.075317,0.102797,-0.132522,0.806209,-0.41964
0.532697,0.453827,-0.153419,0.660113,-0.310307,0.264328,-0.075317,0.102797,-0.132522,0.806209,-0.41964,-0.177549
0.530966,0.453827,0.660113,-0.310307,0.264328,-0.075317,0.102797,-0.132522,0.806209,-0.41964,-0.177549,0.114393
0.541473,0.453155,-0.310307,0.264328,-0.075317,0.102797,-0.132522,0.806209,-0.41964,-0.177549,0.114393,0.558451
0.536019,0.453155,0.264328,-0.075317,0.102797,-0.132522,0.806209,-0.41964,-0.177549,0.114393,0.558451,-0.304031
0.533708,0.453155,-0.075317,0.102797,-0.132522,0.806209,-0.41964,-0.177549,0.114393,0.558451,-0.304031,0.150059
0.535198,0.453155,0.102797,-0.132522,0.806209,-0.41964,-0.177549,0.114393,0.558451,-0.304031,0.150059,-0.036271
0.542461,0.453155,-0.132522,0.806209,-0.41964,-0.177549,0.114393,0.558451,-0.304031,0.150059,-0.036271,-0.010496
0.53851,0.453155,0.806209,-0.41964,-0.177549,0.114393,0.558451,-0.304031,0.150059,-0.036271,-0.010496,-0.004558
0.540459,0.453155,-0.41964,-0.177549,0.114393,0.558451,-0.304031,0.150059,-0.036271,-0.010496,-0.004558,0.641132
0.539988,0.453155,-0.177549,0.114393,0.558451,-0.304031,0.150059,-0.036271,-0.010496,-0.004558,0.641132,-0.424412
0.539852,0.453155,0.114393,0.558451,-0.304031,0.150059,-0.036271,-0.010496,-0.004558,0.641132,-0.424412,-0.145335
0.539793,0.453155,0.558451,-0.304031,0.150059,-0.036271,-0.010496,-0.004558,0.641132,-0.424412,-0.145335,0.115419
0.548106,0.453155,-0.304031,0.150059,-0.036271,-0.010496,-0.004558,0.641132,-0.424412,-0.145335,0.115419,0.536295
0.542614,0.453155,0.150059,-0.036271,-0.010496,-0.004558,0.641132,-0.424412,-0.145335,0.115419,0.536295,-0.34202
0.540731,0.453155,-0.036271,-0.010496,-0.004558,0.641132,-0.424412,-0.145335,0.115419,0.536295,-0.34202,0.158321
0.542227,0.453155,-0.010496,-0.004558,0.641132,-0.424412,-0.145335,0.115419,0.536295,-0.34202,0.158321,-0.036559
0.549171,0.453155,-0.004558,0.641132,-0.424412,-0.145335,0.115419,0.536295,-0.34202,0.158321,-0.036559,-0.028454
0.544745,0.453155,0.641132,-0.424412,-0.145335,0.115419,0.536295,-0.34202,0.158321,-0.036559,-0.028454,-0.022653
0.546793,0.453155,-0.424412,-0.145335,0.115419,0.536295,-0.34202,0.158321,-0.036559,-0.028454,-0.022653,0.660662
0.546321,0.453155,-0.145335,0.115419,0.536295,-0.34202,0.158321,-0.036559,-0.028454,-0.022653,0.660662,-0.49267
0.545953,0.453155,0.115419,0.536295,-0.34202,0.158321,-0.036559,-0.028454,-0.022653,0.660662,-0.49267,-0.140866
0.54566,0.453155,0.536295,-0.34202,0.158321,-0.036559,-0.028454,-0.022653,0.660662,-0.49267,-0.140866,0.087225
0.554193,0.453155,-0.34202,0.158321,-0.036559,-0.028454,-0.022653,0.660662,-0.49267,-0.140866,0.087225,0.55255
0.547841,0.453155,0.158321,-0.036559,-0.028454,-0.022653,0.660662,-0.49267,-0.140866,0.087225,0.55255,-0.362451
0.546022,0.453155,-0.036559,-0.028454,-0.022653,0.660662,-0.49267,-0.140866,0.087225,0.55255,-0.362451,0.107745
0.547149,0.453155,-0.028454,-0.022653,0.660662,-0.49267,-0.140866,0.087225,0.55255,-0.362451,0.107745,0.027533
0.554281,0.453155,-0.022653,0.660662,-0.49267,-0.140866,0.087225,0.55255,-0.362451,0.107745,0.027533,-0.22701
0.549605,0.453155,0.660662,-0.49267,-0.140866,0.087225,0.55255,-0.362451,0.107745,0.027533,-0.22701,-0.259524
0.550995,0.453155,-0.49267,-0.140866,0.087225,0.55255,-0.362451,0.107745,0.027533,-0.22701,-0.259524,0.461443
0.551349,0.453155,-0.140866,0.087225,0.55255,-0.362451,0.107745,0.027533,-0.22701,-0.259524,0.461443,-0.374536
0.548422,0.453155,0.087225,0.55255,-0.362451,0.107745,0.027533,-0.22701,-0.259524,0.461443,-0.374536,-0.146251
0.545064,0.453155,0.55255,-0.362451,0.107745,0.027533,-0.22701,-0.259524,0.461443,-0.374536,-0.146251,0.121716
0.551031,0.453155,-0.362451,0.107745,0.027533,-0.22701,-0.259524,0.461443,-0.374536,-0.146251,0.121716,0.574706
0.546195,0.453155,0.107745,0.027533,-0.22701,-0.259524,0.461443,-0.374536,-0.146251,0.121716,0.574706,-0.344444
0.544304,0.453155,0.027533,-0.22701,-0.259524,0.461443,-0.374536,-0.146251,0.121716,0.574706,-0.344444,-0.072691
0.545878,0.453155,-0.22701,-0.259524,0.461443,-0.374536,-0.146251,0.121716,0.574706,-0.344444,-0.072691,-0.164043
0.553301,0.453155,-0.259524,0.461443,-0.374536,-0.146251,0.121716,0.574706,-0.344444,-0.072691,-0.164043,-0.224136
0.548855,0.453155,0.461443,-0.374536,-0.146251,0.121716,0.574706,-0.344444,-0.072691,-0.164043,-0.224136,0.098224
0.547917,0.453155,-0.374536,-0.146251,0.121716,0.574706,-0.344444,-0.072691,-0.164043,-0.224136,0.098224,0.559489
0.545798,0.453155,-0.146251,0.121716,0.574706,-0.344444,-0.072691,-0.164043,-0.224136,0.098224,0.559489,-0.316873
0.542897,0.453155,0.121716,0.574706,-0.344444,-0.072691,-0.164043,-0.224136,0.098224,0.559489,-0.316873,-0.233124
0.54417,0.453155,0.574706,-0.344444,-0.072691,-0.164043,-0.224136,0.098224,0.559489,-0.316873,-0.233124,0.14483
0.551407,0.453155,-0.344444,-0.072691,-0.164043,-0.224136,0.098224,0.559489,-0.316873,-0.233124,0.14483,0.487406
0.547317,0.453155,-0.072691,-0.164043,-0.224136,0.098224,0.559489,-0.316873,-0.233124,0.14483,0.487406,-0.580552
0.544304,0.453155,-0.164043,-0.224136,0.098224,0.559489,-0.316873,-0.233124,0.14483,0.487406,-0.580552,0.164199
0.546177,0.448212,-0.224136,0.098224,0.559489,-0.316873,-0.233124,0.14483,0.487406,-0.580552,0.164199,-0.365384
0.552473,0.448212,0.098224,0.559489,-0.316873,-0.233124,0.14483,0.487406,-0.580552,0.164199,-0.365384,0.132929
0.544969,0.448212,0.559489,-0.316873,-0.233124,0.14483,0.487406,-0.580552,0.164199,-0.365384,0.132929,-0.188358
0.547093,0.448212,-0.316873,-0.233124,0.14483,0.487406,-0.580552,0.164199,-0.365384,0.132929,-0.188358,0.812419
0.542366,0.448212,-0.233124,0.14483,0.487406,-0.580552,0.164199,-0.365384,0.132929,-0.188358,0.812419,-0.537131
0.544088,0.448212,0.14483,0.487406,-0.580552,0.164199,-0.365384,0.132929,-0.188358,0.812419,-0.537131,-0.111431
0.541645,0.448212,0.487406,-0.580552,0.164199,-0.365384,0.132929,-0.188358,0.812419,-0.537131,-0.111431,0.069727
0.552159,0.448212,-0.580552,0.164199,-0.365384,0.132929,-0.188358,0.812419,-0.537131,-0.111431,0.069727,0.573519
0.545223,0.448212,0.164199,-0.365384,0.132929,-0.188358,0.812419,-0.537131,-0.111431,0.069727,0.573519,-0.614624
0.543782,0.448212,-0.365384,0.132929,-0.188358,0.812419,-0.537131,-0.111431,0.069727,0.573519,-0.614624,0.146506
0.544684,0.448212,0.132929,-0.188358,0.812419,-0.537131,-0.111431,0.069727,0.573519,-0.614624,0.146506,-0.410514
0.552097,0.448212,-0.188358,0.812419,-0.537131,-0.111431,0.069727,0.573519,-0.614624,0.146506,-0.410514,0.121158
0.544149,0.448212,0.812419,-0.537131,-0.111431,0.069727,0.573519,-0.614624,0.146506,-0.410514,0.121158,-0.130522
0.546045,0.448212,-0.537131,-0.111431,0.069727,0.573519,-0.614624,0.146506,-0.410514,0.121158,-0.130522,0.799064
0.540731,0.448212,-0.111431,0.069727,0.573519,-0.614624,0.146506,-0.410514,0.121158,-0.130522,0.799064,-0.582046
0.542302,0.448212,0.069727,0.573519,-0.614624,0.146506,-0.410514,0.121158,-0.130522,0.799064,-0.582046,-0.047891
0.540607,0.448212,0.573519,-0.614624,0.146506,-0.410514,0.121158,-0.130522,0.799064,-0.582046,-0.047891,0.03517
0.550956,0.448212,-0.614624,0.146506,-0.410514,0.121158,-0.130522,0.799064,-0.582046,-0.047891,0.03517,0.601207
0.543433,0.448212,0.146506,-0.410514,0.121158,-0.130522,0.799064,-0.582046,-0.047891,0.03517,0.601207,-0.360426
0.542813,0.448212,-0.410514,0.121158,-0.130522,0.799064,-0.582046,-0.047891,0.03517,0.601207,-0.360426,0.089357
0.543269,0.448212,0.121158,-0.130522,0.799064,-0.582046,-0.047891,0.03517,0.601207,-0.360426,0.089357,-0.024982
0.551046,0.448212,-0.130522,0.799064,-0.582046,-0.047891,0.03517,0.601207,-0.360426,0.089357,-0.024982,-0.080632
0.546387,0.448212,0.799064,-0.582046,-0.047891,0.03517,0.601207,-0.360426,0.089357,-0.024982,-0.080632,-0.011165
0.547542,0.448212,-0.582046,-0.047891,0.03517,0.601207,-0.360426,0.089357,-0.024982,-0.080632,-0.011165,0.579194
0.547219,0.448212,-0.047891,0.03517,0.601207,-0.360426,0.089357,-0.024982,-0.080632,-0.011165,0.579194,-0.451534
0.546177,0.448212,0.03517,0.601207,-0.360426,0.089357,-0.024982,-0.080632,-0.011165,0.579194,-0.451534,-0.204401
0.546033,0.448212,0.601207,-0.360426,0.089357,-0.024982,-0.080632,-0.011165,0.579194,-0.451534,-0.204401,0.081341
0.553515,0.448212,-0.360426,0.089357,-0.024982,-0.080632,-0.011165,0.579194,-0.451534,-0.204401,0.081341,0.534052
0.547692,0.448212,0.089357,-0.024982,-0.080632,-0.011165,0.579194,-0.451534,-0.204401,0.081341,0.534052,-0.344276
0.54505,0.448212,-0.024982,-0.080632,-0.011165,0.579194,-0.451534,-0.204401,0.081341,0.534052,-0.344276,0.095777
0.546102,0.448212,-0.080632,-0.011165,0.579194,-0.451534,-0.204401,0.081341,0.534052,-0.344276,0.095777,-0.025019
0.553,0.448212,-0.011165,0.579194,-0.451534,-0.204401,0.081341,0.534052,-0.344276,0.095777,-0.025019,-0.040508
0.548556,0.448212,0.579194,-0.451534,-0.204401,0.081341,0.534052,-0.344276,0.095777,-0.025019,-0.040508,-0.005782
0.549792,0.448212,-0.451534,-0.204401,0.081341,0.534052,-0.344276,0.095777,-0.025019,-0.040508,-0.005782,0.564984
0.549469,0.448212,-0.204401,0.081341,0.534052,-0.344276,0.095777,-0.025019,-0.040508,-0.005782,0.564984,-0.406933
0.548947,0.448212,0.081341,0.534052,-0.344276,0.095777,-0.025019,-0.040508,-0.005782,0.564984,-0.406933,-0.292675
0.548872,0.448212,0.534052,-0.344276,0.095777,-0.025019,-0.040508,-0.005782,0.564984,-0.406933,-0.292675,-0.328342
0.556158,0.448212,-0.344276,0.095777,-0.025019,-0.040508,-0.005782,0.564984,-0.406933,-0.292675,-0.328342,0.029402
0.55092,0.448212,0.095777,-0.025019,-0.040508,-0.005782,0.564984,-0.406933,-0.292675,-0.328342,0.029402,-0.321524
0.547144,0.448212,-0.025019,-0.040508,-0.005782,0.564984,-0.406933,-0.292675,-0.328342,0.029402,-0.321524,0.161744
0.542897,0.448212,-0.040508,-0.005782,0.564984,-0.406933,-0.292675,-0.328342,0.029402,-0.321524,0.161744,-0.162077
0.543278,0.448212,-0.005782,0.564984,-0.406933,-0.292675,-0.328342,0.029402,-0.321524,0.161744,-0.162077,-0.095801
0.539101,0.448212,0.564984,-0.406933,-0.292675,-0.328342,0.029402,-0.321524,0.161744,-0.162077,-0.095801,-0.14581
0.541201,0.448212,-0.406933,-0.292675,-0.328342,0.029402,-0.321524,0.161744,-0.162077,-0.095801,-0.14581,0.710806
0.539099,0.448212,-0.292675,-0.328342,0.029402,-0.321524,0.161744,-0.162077,-0.095801,-0.14581,0.710806,-0.405189
0.537854,0.448212,-0.328342,0.029402,-0.321524,0.161744,-0.162077,-0.095801,-0.14581,0.710806,-0.405189,-0.053375
0.535955,0.448212,0.029402,-0.321524,0.161744,-0.162077,-0.095801,-0.14581,0.710806,-0.405189,-0.053375,0.143791
0.545193,0.448212,-0.321524,0.161744,-0.162077,-0.095801,-0.14581,0.710806,-0.405189,-0.053375,0.143791,0.62792
0.53994,0.448212,0.161744,-0.162077,-0.095801,-0.14581,0.710806,-0.405189,-0.053375,0.143791,0.62792,-0.353552
0.539247,0.448212,-0.162077,-0.095801,-0.14581,0.710806,-0.405189,-0.053375,0.143791,0.62792,-0.353552,0.088893
0.541113,0.448212,-0.095801,-0.14581,0.710806,-0.405189,-0.053375,0.143791,0.62792,-0.353552,0.088893,0.003967
0.549246,0.448212,-0.14581,0.710806,-0.405189,-0.053375,0.143791,0.62792,-0.353552,0.088893,0.003967,-0.028395
0.544671,0.448212,0.710806,-0.405189,-0.053375,0.143791,0.62792,-0.353552,0.088893,0.003967,-0.028395,-0.005329
0.545821,0.448212,-0.405189,-0.053375,0.143791,0.62792,-0.353552,0.088893,0.003967,-0.028395,-0.005329,0.560969
0.545872,0.448212,-0.053375,0.143791,0.62792,-0.353552,0.088893,0.003967,-0.028395,-0.005329,0.560969,-0.416149
0.545505,0.448212,0.143791,0.62792,-0.353552,0.088893,0.003967,-0.028395,-0.005329,0.560969,-0.416149,-0.192737
0.545436,0.448212,0.62792,-0.353552,0.088893,0.003967,-0.028395,-0.005329,0.560969,-0.416149,-0.192737,0.092899
0.552686,0.448212,-0.353552,0.088893,0.003967,-0.028395,-0.005329,0.560969,-0.416149,-0.192737,0.092899,0.359193
0.547317,0.448212,0.088893,0.003967,-0.028395,-0.005329,0.560969,-0.416149,-0.192737,0.092899,0.359193,-0.446592
0.544826,0.448212,0.003967,-0.028395,-0.005329,0.560969,-0.416149,-0.192737,0.092899,0.359193,-0.446592,-0.026465
0.546028,0.448212,-0.028395,-0.005329,0.560969,-0.416149,-0.192737,0.092899,0.359193,-0.446592,-0.026465,-0.443601
0.550671,0.448212,-0.005329,0.560969,-0.416149,-0.192737,0.092899,0.359193,-0.446592,-0.026465,-0.443601,0.012418
0.544894,0.448212,0.560969,-0.416149,-0.192737,0.092899,0.359193,-0.446592,-0.026465,-0.443601,0.012418,-0.248021
0.544552,0.448212,-0.416149,-0.192737,0.092899,0.359193,-0.446592,-0.026465,-0.443601,0.012418,-0.248021,0.79109
0.538802,0.448212,-0.192737,0.092899,0.359193,-0.446592,-0.026465,-0.443601,0.012418,-0.248021,0.79109,-0.673687
0.538964,0.448212,0.092899,0.359193,-0.446592,-0.026465,-0.443601,0.012418,-0.248021,0.79109,-0.673687,-0.109932
0.535735,0.448212,0.359193,-0.446592,-0.026465,-0.443601,0.012418,-0.248021,0.79109,-0.673687,-0.109932,-0.049715
0.546013,0.448212,-0.446592,-0.026465,-0.443601,0.012418,-0.248021,0.79109,-0.673687,-0.109932,-0.049715,0.262048
0.537274,0.448212,-0.026465,-0.443601,0.012418,-0.248021,0.79109,-0.673687,-0.109932,-0.049715,0.262048,-0.33023
0.535845,0.448212,-0.443601,0.012418,-0.248021,0.79109,-0.673687,-0.109932,-0.049715,0.262048,-0.33023,-0.026958
0.535198,0.448212,0.012418,-0.248021,0.79109,-0.673687,-0.109932,-0.049715,0.262048,-0.33023,-0.026958,-0.0247
0.53861,0.448212,-0.248021,0.79109,-0.673687,-0.109932,-0.049715,0.262048,-0.33023,-0.026958,-0.0247,-0.217958
0.534307,0.448212,0.79109,-0.673687,-0.109932,-0.049715,0.262048,-0.33023,-0.026958,-0.0247,-0.217958,0.035784
0.533956,0.448212,-0.673687,-0.109932,-0.049715,0.262048,-0.33023,-0.026958,-0.0247,-0.217958,0.035784,0.340611
0.533634,0.448212,-0.109932,-0.049715,0.262048,-0.33023,-0.026958,-0.0247,-0.217958,0.035784,0.340611,-0.409909
0.530791,0.448212,-0.049715,0.262048,-0.33023,-0.026958,-0.0247,-0.217958,0.035784,0.340611,-0.409909,-0.131031
0.531259,0.448212,0.262048,-0.33023,-0.026958,-0.0247,-0.217958,0.035784,0.340611,-0.409909,-0.131031,0.158493
0.535705,0.448212,-0.33023,-0.026958,-0.0247,-0.217958,0.035784,0.340611,-0.409909,-0.131031,0.158493,0.503106
0.530358,0.448212,-0.026958,-0.0247,-0.217958,0.035784,0.340611,-0.409909,-0.131031,0.158493,0.503106,-0.07008
0.528647,0.448212,-0.0247,-0.217958,0.035784,0.340611,-0.409909,-0.131031,0.158493,0.503106,-0.07008,0.041222
0.530718,0.448212,-0.217958,0.035784,0.340611,-0.409909,-0.131031,0.158493,0.503106,-0.07008,0.041222,0.032079
0.537282,0.448212,0.035784,0.340611,-0.409909,-0.131031,0.158493,0.503106,-0.07008,0.041222,0.032079,-0.061312
0.536369,0.448212,0.340611,-0.409909,-0.131031,0.158493,0.503106,-0.07008,0.041222,0.032079,-0.061312,0.007173
0.536905,0.448212,-0.409909,-0.131031,0.158493,0.503106,-0.07008,0.041222,0.032079,-0.061312,0.007173,0.631173
0.537322,0.448212,-0.131031,0.158493,0.503106,-0.07008,0.041222,0.032079,-0.061312,0.007173,0.631173,-0.382083
0.536525,0.448212,0.158493,0.503106,-0.07008,0.041222,0.032079,-0.061312,0.007173,0.631173,-0.382083,-0.247022
0.536618,0.434387,0.503106,-0.07008,0.041222,0.032079,-0.061312,0.007173,0.631173,-0.382083,-0.247022,0.166065
0.54482,0.434387,-0.07008,0.041222,0.032079,-0.061312,0.007173,0.631173,-0.382083,-0.247022,0.166065,0.515892
0.539866,0.434387,0.041222,0.032079,-0.061312,0.007173,0.631173,-0.382083,-0.247022,0.166065,0.515892,-0.39695
0.536657,0.434387,0.032079,-0.061312,0.007173,0.631173,-0.382083,-0.247022,0.166065,0.515892,-0.39695,0.213963
0.538816,0.434387,-0.061312,0.007173,0.631173,-0.382083,-0.247022,0.166065,0.515892,-0.39695,0.213963,-0.059378
0.545511,0.434387,0.007173,0.631173,-0.382083,-0.247022,0.166065,0.515892,-0.39695,0.213963,-0.059378,0.023702
0.54036,0.434387,0.631173,-0.382083,-0.247022,0.166065,0.515892,-0.39695,0.213963,-0.059378,0.023702,-0.090695
0.543135,0.434387,-0.382083,-0.247022,0.166065,0.515892,-0.39695,0.213963,-0.059378,0.023702,-0.090695,0.73061
0.542366,0.434387,-0.247022,0.166065,0.515892,-0.39695,0.213963,-0.059378,0.023702,-0.090695,0.73061,-0.461101
0.542674,0.434387,0.166065,0.515892,-0.39695,0.213963,-0.059378,0.023702,-0.090695,0.73061,-0.461101,-0.140179
0.541496,0.434387,0.515892,-0.39695,0.213963,-0.059378,0.023702,-0.090695,0.73061,-0.461101,-0.140179,0.075459
0.550956,0.434387,-0.39695,0.213963,-0.059378,0.023702,-0.090695,0.73061,-0.461101,-0.140179,0.075459,0.590474
0.545,0.434387,0.213963,-0.059378,0.023702,-0.090695,0.73061,-0.461101,-0.140179,0.075459,0.590474,-0.384006
0.543186,0.434387,-0.059378,0.023702,-0.090695,0.73061,-0.461101,-0.140179,0.075459,0.590474,-0.384006,0.194053
0.544163,0.434387,0.023702,-0.090695,0.73061,-0.461101,-0.140179,0.075459,0.590474,-0.384006,0.194053,-0.030841
0.551797,0.434387,-0.090695,0.73061,-0.461101,-0.140179,0.075459,0.590474,-0.384006,0.194053,-0.030841,-0.023004
0.546835,0.434387,0.73061,-0.461101,-0.140179,0.075459,0.590474,-0.384006,0.194053,-0.030841,-0.023004,-0.028888
0.549341,0.434387,-0.461101,-0.140179,0.075459,0.590474,-0.384006,0.194053,-0.030841,-0.023004,-0.028888,0.664232
0.548944,0.434387,-0.140179,0.075459,0.590474,-0.384006,0.194053,-0.030841,-0.023004,-0.028888,0.664232,-0.413236
0.548647,0.434387,0.075459,0.590474,-0.384006,0.194053,-0.030841,-0.023004,-0.028888,0.664232,-0.413236,-0.124297
0.548273,0.434387,0.590474,-0.384006,0.194053,-0.030841,-0.023004,-0.028888,0.664232,-0.413236,-0.124297,0.029272
0.556839,0.434387,-0.384006,0.194053,-0.030841,-0.023004,-0.028888,0.664232,-0.413236,-0.124297,0.029272,0.262121
0.551522,0.434387,0.194053,-0.030841,-0.023004,-0.028888,0.664232,-0.413236,-0.124297,0.029272,0.262121,-0.391057
0.54992,0.434387,-0.030841,-0.023004,-0.028888,0.664232,-0.413236,-0.124297,0.029272,0.262121,-0.391057,-0.315463
0.550297,0.434387,-0.023004,-0.028888,0.664232,-0.413236,-0.124297,0.029272,0.262121,-0.391057,-0.315463,-0.099793
0.553678,0.434387,-0.028888,0.664232,-0.413236,-0.124297,0.029272,0.262121,-0.391057,-0.315463,-0.099793,0.029423
0.548631,0.434387,0.664232,-0.413236,-0.124297,0.029272,0.262121,-0.391057,-0.315463,-0.099793,0.029423,-0.108162
0.544552,0.434387,-0.413236,-0.124297,0.029272,0.262121,-0.391057,-0.315463,-0.099793,0.029423,-0.108162,0.46449
0.54326,0.434387,-0.124297,0.029272,0.262121,-0.391057,-0.315463,-0.099793,0.029423,-0.108162,0.46449,-0.487634
0.543641,0.434387,0.029272,0.262121,-0.391057,-0.315463,-0.099793,0.029423,-0.108162,0.46449,-0.487634,-0.05927
0.542238,0.434387,0.262121,-0.391057,-0.315463,-0.099793,0.029423,-0.108162,0.46449,-0.487634,-0.05927,0.092528
0.548256,0.434387,-0.391057,-0.315463,-0.099793,0.029423,-0.108162,0.46449,-0.487634,-0.05927,0.092528,0.664198
0.541945,0.434387,-0.315463,-0.099793,0.029423,-0.108162,0.46449,-0.487634,-0.05927,0.092528,0.664198,-0.30844
0.541177,0.434387,-0.099793,0.029423,-0.108162,0.46449,-0.487634,-0.05927,0.092528,0.664198,-0.30844,0.176669
0.542376,0.434387,0.029423,-0.108162,0.46449,-0.487634,-0.05927,0.092528,0.664198,-0.30844,0.176669,0.009907
0.550971,0.434387,-0.108162,0.46449,-0.487634,-0.05927,0.092528,0.664198,-0.30844,0.176669,0.009907,-0.028876
0.546984,0.434387,0.46449,-0.487634,-0.05927,0.092528,0.664198,-0.30844,0.176669,0.009907,-0.028876,-0.046324
0.549266,0.434387,-0.487634,-0.05927,0.092528,0.664198,-0.30844,0.176669,0.009907,-0.028876,-0.046324,0.67622
0.549394,0.434387,-0.05927,0.092528,0.664198,-0.30844,0.176669,0.009907,-0.028876,-0.046324,0.67622,-0.495184
0.549022,0.434387,0.092528,0.664198,-0.30844,0.176669,0.009907,-0.028876,-0.046324,0.67622,-0.495184,-0.1125
0.548423,0.434387,0.664198,-0.30844,0.176669,0.009907,-0.028876,-0.046324,0.67622,-0.495184,-0.1125,0.035116
0.557142,0.423187,-0.30844,0.176669,0.009907,-0.028876,-0.046324,0.67622,-0.495184,-0.1125,0.035116,0.608028
0.550769,0.423187,0.176669,0.009907,-0.028876,-0.046324,0.67622,-0.495184,-0.1125,0.035116,0.608028,-0.417061
0.549319,0.423187,0.009907,-0.028876,-0.046324,0.67622,-0.495184,-0.1125,0.035116,0.608028,-0.417061,0.120295
0.549772,0.423187,-0.028876,-0.046324,0.67622,-0.495184,-0.1125,0.035116,0.608028,-0.417061,0.120295,0.00424
0.557604,0.423187,-0.046324,0.67622,-0.495184,-0.1125,0.035116,0.608028,-0.417061,0.120295,0.00424,-0.035335
0.552235,0.423187,0.67622,-0.495184,-0.1125,0.035116,0.608028,-0.417061,0.120295,0.00424,-0.035335,-0.000543
0.553784,0.423187,-0.495184,-0.1125,0.035116,0.608028,-0.417061,0.120295,0.00424,-0.035335,-0.000543,0.564365
0.553838,0.423187,-0.1125,0.035116,0.608028,-0.417061,0.120295,0.00424,-0.035335,-0.000543,0.564365,-0.380568
0.553383,0.423187,0.035116,0.608028,-0.417061,0.120295,0.00424,-0.035335,-0.000543,0.564365,-0.380568,-0.183932
0.553376,0.423187,0.608028,-0.417061,0.120295,0.00424,-0.035335,-0.000543,0.564365,-0.380568,-0.183932,0.087894
0.560633,0.423187,-0.417061,0.120295,0.00424,-0.035335,-0.000543,0.564365,-0.380568,-0.183932,0.087894,0.529892
0.555749,0.423187,0.120295,0.00424,-0.035335,-0.000543,0.564365,-0.380568,-0.183932,0.087894,0.529892,-0.402144
0.553385,0.423187,0.00424,-0.035335,-0.000543,0.564365,-0.380568,-0.183932,0.087894,0.529892,-0.402144,0.127522
0.554515,0.423187,-0.035335,-0.000543,0.564365,-0.380568,-0.183932,0.087894,0.529892,-0.402144,0.127522,-0.007461
0.561323,0.423187,-0.000543,0.564365,-0.380568,-0.183932,0.087894,0.529892,-0.402144,0.127522,-0.007461,-0.065421
0.556158,0.423187,0.564365,-0.380568,-0.183932,0.087894,0.529892,-0.402144,0.127522,-0.007461,-0.065421,-0.053886
0.557796,0.423187,-0.380568,-0.183932,0.087894,0.529892,-0.402144,0.127522,-0.007461,-0.065421,-0.053886,0.639245
0.5577,0.423187,-0.183932,0.087894,0.529892,-0.402144,0.127522,-0.007461,-0.065421,-0.053886,0.639245,-0.436275
0.55686,0.423187,0.087894,0.529892,-0.402144,0.127522,-0.007461,-0.065421,-0.053886,0.639245,-0.436275,-0.267481
0.556167,0.423187,0.529892,-0.402144,0.127522,-0.007461,-0.065421,-0.053886,0.639245,-0.436275,-0.267481,-0.246619
0.56437,0.423187,-0.402144,0.127522,-0.007461,-0.065421,-0.053886,0.639245,-0.436275,-0.267481,-0.246619,0.498268
0.558783,0.423187,0.127522,-0.007461,-0.065421,-0.053886,0.639245,-0.436275,-0.267481,-0.246619,0.498268,-0.388557
0.55535,0.423187,-0.007461,-0.065421,-0.053886,0.639245,-0.436275,-0.267481,-0.246619,0.498268,-0.388557,0.232673
0.552178,0.423187,-0.065421,-0.053886,0.639245,-0.436275,-0.267481,-0.246619,0.498268,-0.388557,0.232673,-0.019284
0.558589,0.423187,-0.053886,0.639245,-0.436275,-0.267481,-0.246619,0.498268,-0.388557,0.232673,-0.019284,0.052732
0.55359,0.423187,0.639245,-0.436275,-0.267481,-0.246619,0.498268,-0.388557,0.232673,-0.019284,0.052732,-0.12438
0.556582,0.423187,-0.436275,-0.267481,-0.246619,0.498268,-0.388557,0.232673,-0.019284,0.052732,-0.12438,0.703909
0.556335,0.423187,-0.267481,-0.246619,0.498268,-0.388557,0.232673,-0.019284,0.052732,-0.12438,0.703909,-0.436335
0.557012,0.423187,-0.246619,0.498268,-0.388557,0.232673,-0.019284,0.052732,-0.12438,0.703909,-0.436335,-0.090377
0.555412,0.423187,0.498268,-0.388557,0.232673,-0.019284,0.052732,-0.12438,0.703909,-0.436335,-0.090377,-0.006367
0.564446,0.423187,-0.388557,0.232673,-0.019284,0.052732,-0.12438,0.703909,-0.436335,-0.090377,-0.006367,0.520745
0.558859,0.423187,0.232673,-0.019284,0.052732,-0.12438,0.703909,-0.436335,-0.090377,-0.006367,0.520745,-0.196747
0.5577,0.423187,-0.019284,0.052732,-0.12438,0.703909,-0.436335,-0.090377,-0.006367,0.520745,-0.196747,-0.025624
0.557618,0.423187,0.052732,-0.12438,0.703909,-0.436335,-0.090377,-0.006367,0.520745,-0.196747,-0.025624,-0.00739
0.564295,0.423187,-0.12438,0.703909,-0.436335,-0.090377,-0.006367,0.520745,-0.196747,-0.025624,-0.00739,-0.072119
0.561775,0.423187,0.703909,-0.436335,-0.090377,-0.006367,0.520745,-0.196747,-0.025624,-0.00739,-0.072119,-0.036948
0.561447,0.423187,-0.436335,-0.090377,-0.006367,0.520745,-0.196747,-0.025624,-0.00739,-0.072119,-0.036948,0.572088
0.561352,0.423187,-0.090377,-0.006367,0.520745,-0.196747,-0.025624,-0.00739,-0.072119,-0.036948,0.572088,-0.420538
0.560429,0.423187,-0.006367,0.520745,-0.196747,-0.025624,-0.00739,-0.072119,-0.036948,0.572088,-0.420538,-0.18001
0.559955,0.423187,0.520745,-0.196747,-0.025624,-0.00739,-0.072119,-0.036948,0.572088,-0.420538,-0.18001,0.046846
0.56728,0.423187,-0.196747,-0.025624,-0.00739,-0.072119,-0.036948,0.572088,-0.420538,-0.18001,0.046846,0.218292
0.561905,0.423187,-0.025624,-0.00739,-0.072119,-0.036948,0.572088,-0.420538,-0.18001,0.046846,0.218292,-0.20228
0.5596,0.423187,-0.00739,-0.072119,-0.036948,0.572088,-0.420538,-0.18001,0.046846,0.218292,-0.20228,-0.339194
0.5602,0.423187,-0.072119,-0.036948,0.572088,-0.420538,-0.18001,0.046846,0.218292,-0.20228,-0.339194,0.21134
0.562998,0.423187,-0.036948,0.572088,-0.420538,-0.18001,0.046846,0.218292,-0.20228,-0.339194,0.21134,-0.28969
0.560405,0.423187,0.572088,-0.420538,-0.18001,0.046846,0.218292,-0.20228,-0.339194,0.21134,-0.28969,-0.100281
0.556052,0.423187,-0.420538,-0.18001,0.046846,0.218292,-0.20228,-0.339194,0.21134,-0.28969,-0.100281,0.304519
0.558763,0.423187,-0.18001,0.046846,0.218292,-0.20228,-0.339194,0.21134,-0.28969,-0.100281,0.304519,-0.161461
0.555044,0.423187,0.046846,0.218292,-0.20228,-0.339194,0.21134,-0.28969,-0.100281,0.304519,-0.161461,-0.236649
0.553753,0.423187,0.218292,-0.20228,-0.339194,0.21134,-0.28969,-0.100281,0.304519,-0.161461,-0.236649,0.152375
0.557672,0.423187,-0.20228,-0.339194,0.21134,-0.28969,-0.100281,0.304519,-0.161461,-0.236649,0.152375,0.488379
0.555598,0.423187,-0.339194,0.21134,-0.28969,-0.100281,0.304519,-0.161461,-0.236649,0.152375,0.488379,-0.177973
0.552555,0.423187,0.21134,-0.28969,-0.100281,0.304519,-0.161461,-0.236649,0.152375,0.488379,-0.177973,0.027491
0.554515,0.423187,-0.28969,-0.100281,0.304519,-0.161461,-0.236649,0.152375,0.488379,-0.177973,0.027491,-0.043001
0.560791,0.423187,-0.100281,0.304519,-0.161461,-0.236649,0.152375,0.488379,-0.177973,0.027491,-0.043001,0.011319
0.558506,0.423187,0.304519,-0.161461,-0.236649,0.152375,0.488379,-0.177973,0.027491,-0.043001,0.011319,-0.101362
0.558859,0.423187,-0.161461,-0.236649,0.152375,0.488379,-0.177973,0.027491,-0.043001,0.011319,-0.101362,0.676444
0.558307,0.423187,-0.236649,0.152375,0.488379,-0.177973,0.027491,-0.043001,0.011319,-0.101362,0.676444,-0.532266
0.558453,0.423187,0.152375,0.488379,-0.177973,0.027491,-0.043001,0.011319,-0.101362,0.676444,-0.532266,-0.10815
0.55715,0.423187,0.488379,-0.177973,0.027491,-0.043001,0.011319,-0.101362,0.676444,-0.532266,-0.10815,0.017264
0.565823,0.423187,-0.177973,0.027491,-0.043001,0.011319,-0.101362,0.676444,-0.532266,-0.10815,0.017264,0.532895
0.559011,0.423187,0.027491,-0.043001,0.011319,-0.101362,0.676444,-0.532266,-0.10815,0.017264,0.532895,-0.445881
0.557624,0.423187,-0.043001,0.011319,-0.101362,0.676444,-0.532266,-0.10815,0.017264,0.532895,-0.445881,0.164173
0.557846,0.423187,0.011319,-0.101362,0.676444,-0.532266,-0.10815,0.017264,0.532895,-0.445881,0.164173,-0.043125
0.564677,0.423187,-0.101362,0.676444,-0.532266,-0.10815,0.017264,0.532895,-0.445881,0.164173,-0.043125,-0.060065
0.558961,0.423187,0.676444,-0.532266,-0.10815,0.017264,0.532895,-0.445881,0.164173,-0.043125,-0.060065,-0.042726
0.561066,0.423187,-0.532266,-0.10815,0.017264,0.532895,-0.445881,0.164173,-0.043125,-0.060065,-0.042726,0.565188
0.560514,0.423187,-0.10815,0.017264,0.532895,-0.445881,0.164173,-0.043125,-0.060065,-0.042726,0.565188,-0.390195
0.559744,0.423187,0.017264,0.532895,-0.445881,0.164173,-0.043125,-0.060065,-0.042726,0.565188,-0.390195,-0.173925
0.559196,0.423187,0.532895,-0.445881,0.164173,-0.043125,-0.060065,-0.042726,0.565188,-0.390195,-0.173925,0.034997
0.566436,0.423187,-0.445881,0.164173,-0.043125,-0.060065,-0.042726,0.565188,-0.390195,-0.173925,0.034997,0.576507
0.561447,0.423187,0.164173,-0.043125,-0.060065,-0.042726,0.565188,-0.390195,-0.173925,0.034997,0.576507,-0.453666
0.55922,0.423187,-0.043125,-0.060065,-0.042726,0.565188,-0.390195,-0.173925,0.034997,0.576507,-0.453666,0.183055
0.559668,0.423187,-0.060065,-0.042726,0.565188,-0.390195,-0.173925,0.034997,0.576507,-0.453666,0.183055,-0.055213
0.567048,0.423187,-0.042726,0.565188,-0.390195,-0.173925,0.034997,0.576507,-0.453666,0.183055,-0.055213,-0.006847
0.561242,0.423187,0.565188,-0.390195,-0.173925,0.034997,0.576507,-0.453666,0.183055,-0.055213,-0.006847,-0.132434
0.563585,0.423187,-0.390195,-0.173925,0.034997,0.576507,-0.453666,0.183055,-0.055213,-0.006847,-0.132434,0.712116
0.562879,0.423187,-0.173925,0.034997,0.576507,-0.453666,0.183055,-0.055213,-0.006847,-0.132434,0.712116,-0.542282
0.562792,0.423187,0.034997,0.576507,-0.453666,0.183055,-0.055213,-0.006847,-0.132434,0.712116,-0.542282,-0.079078
0.561095,0.423187,0.576507,-0.453666,0.183055,-0.055213,-0.006847,-0.132434,0.712116,-0.542282,-0.079078,-0.012759
0.570201,0.423187,-0.453666,0.183055,-0.055213,-0.006847,-0.132434,0.712116,-0.542282,-0.079078,-0.012759,0.639247
0.563279,0.423187,0.183055,-0.055213,-0.006847,-0.132434,0.712116,-0.542282,-0.079078,-0.012759,0.639247,-0.462194
0.562268,0.423187,-0.055213,-0.006847,-0.132434,0.712116,-0.542282,-0.079078,-0.012759,0.639247,-0.462194,0.112352
0.562105,0.423187,-0.006847,-0.132434,0.712116,-0.542282,-0.079078,-0.012759,0.639247,-0.462194,0.112352,-0.019347
0.570273,0.423187,-0.132434,0.712116,-0.542282,-0.079078,-0.012759,0.639247,-0.462194,0.112352,-0.019347,-0.073039
0.56437,0.423187,0.712116,-0.542282,-0.079078,-0.012759,0.639247,-0.462194,0.112352,-0.019347,-0.073039,-0.156928
0.565805,0.423187,-0.542282,-0.079078,-0.012759,0.639247,-0.462194,0.112352,-0.019347,-0.073039,-0.156928,0.394519
0.565558,0.423187,-0.079078,-0.012759,0.639247,-0.462194,0.112352,-0.019347,-0.073039,-0.156928,0.394519,-0.930435
0.564626,0.423187,-0.012759,0.639247,-0.462194,0.112352,-0.019347,-0.073039,-0.156928,0.394519,-0.930435,0.098773
0.562617,0.423187,0.639247,-0.462194,0.112352,-0.019347,-0.073039,-0.156928,0.394519,-0.930435,0.098773,-0.329593
0.567663,0.423187,-0.462194,0.112352,-0.019347,-0.073039,-0.156928,0.394519,-0.930435,0.098773,-0.329593,0.292461
0.555749,0.423187,0.112352,-0.019347,-0.073039,-0.156928,0.394519,-0.930435,0.098773,-0.329593,0.292461,-0.457049
0.557017,0.423187,-0.019347,-0.073039,-0.156928,0.394519,-0.930435,0.098773,-0.329593,0.292461,-0.457049,0.143181
0.55278,0.409607,-0.073039,-0.156928,0.394519,-0.930435,0.098773,-0.329593,0.292461,-0.457049,0.143181,-0.136187
0.556545,0.409607,-0.156928,0.394519,-0.930435,0.098773,-0.329593,0.292461,-0.457049,0.143181,-0.136187,-0.162851
0.550656,0.409607,0.394519,-0.930435,0.098773,-0.329593,0.292461,-0.457049,0.143181,-0.136187,-0.162851,0.057998
0.552501,0.409607,-0.930435,0.098773,-0.329593,0.292461,-0.457049,0.143181,-0.136187,-0.162851,0.057998,0.689375
0.550747,0.409607,0.098773,-0.329593,0.292461,-0.457049,0.143181,-0.136187,-0.162851,0.057998,0.689375,-0.642013
0.548647,0.409607,-0.329593,0.292461,-0.457049,0.143181,-0.136187,-0.162851,0.057998,0.689375,-0.642013,-0.025022
0.549396,0.409607,0.292461,-0.457049,0.143181,-0.136187,-0.162851,0.057998,0.689375,-0.642013,-0.025022,-0.226163
0.558278,0.409607,-0.457049,0.143181,-0.136187,-0.162851,0.057998,0.689375,-0.642013,-0.025022,-0.226163,0.704596
0.550017,0.409607,0.143181,-0.136187,-0.162851,0.057998,0.689375,-0.642013,-0.025022,-0.226163,0.704596,-0.44489
0.549695,0.409607,-0.136187,-0.162851,0.057998,0.689375,-0.642013,-0.025022,-0.226163,0.704596,-0.44489,0.330491
0.546775,0.409607,-0.162851,0.057998,0.689375,-0.642013,-0.025022,-0.226163,0.704596,-0.44489,0.330491,-0.154196
0.555865,0.409607,0.057998,0.689375,-0.642013,-0.025022,-0.226163,0.704596,-0.44489,0.330491,-0.154196,-0.046814
0.55013,0.409607,0.689375,-0.642013,-0.025022,-0.226163,0.704596,-0.44489,0.330491,-0.154196,-0.046814,-0.371495
0.554388,0.409607,-0.642013,-0.025022,-0.226163,0.704596,-0.44489,0.330491,-0.154196,-0.046814,-0.371495,0.551087
0.552404,0.409607,-0.025022,-0.226163,0.704596,-0.44489,0.330491,-0.154196,-0.046814,-0.371495,0.551087,-0.370654
0.551801,0.409607,-0.226163,0.704596,-0.44489,0.330491,-0.154196,-0.046814,-0.371495,0.551087,-0.370654,-0.129631
0.547003,0.409607,0.704596,-0.44489,0.330491,-0.154196,-0.046814,-0.371495,0.551087,-0.370654,-0.129631,0.11643
0.554118,0.409607,-0.44489,0.330491,-0.154196,-0.046814,-0.371495,0.551087,-0.370654,-0.129631,0.11643,0.572105
0.549341,0.409607,0.330491,-0.154196,-0.046814,-0.371495,0.551087,-0.370654,-0.129631,0.11643,0.572105,-0.387176
0.547669,0.409607,-0.154196,-0.046814,-0.371495,0.551087,-0.370654,-0.129631,0.11643,0.572105,-0.387176,0.125931
0.549172,0.409607,-0.046814,-0.371495,0.551087,-0.370654,-0.129631,0.11643,0.572105,-0.387176,0.125931,-0.171411
0.556545,0.409607,-0.371495,0.551087,-0.370654,-0.129631,0.11643,0.572105,-0.387176,0.125931,-0.171411,-0.11061
0.551557,0.409607,0.551087,-0.370654,-0.129631,0.11643,0.572105,-0.387176,0.125931,-0.171411,-0.11061,-0.208361
0.55318,0.409607,-0.370654,-0.129631,0.11643,0.572105,-0.387176,0.125931,-0.171411,-0.11061,-0.208361,0.726942
0.550973,0.409607,-0.129631,0.11643,0.572105,-0.387176,0.125931,-0.171411,-0.11061,-0.208361,0.726942,-0.511872
0.549547,0.409607,0.11643,0.572105,-0.387176,0.125931,-0.171411,-0.11061,-0.208361,0.726942,-0.511872,-0.001729
0.546853,0.409607,0.572105,-0.387176,0.125931,-0.171411,-0.11061,-0.208361,0.726942,-0.511872,-0.001729,0.052568
0.556233,0.409607,-0.387176,0.125931,-0.171411,-0.11061,-0.208361,0.726942,-0.511872,-0.001729,0.052568,0.655798
0.549642,0.409607,0.125931,-0.171411,-0.11061,-0.208361,0.726942,-0.511872,-0.001729,0.052568,0.655798,-0.691787
0.54962,0.409607,-0.171411,-0.11061,-0.208361,0.726942,-0.511872,-0.001729,0.052568,0.655798,-0.691787,0.195477
0.550297,0.409607,-0.11061,-0.208361,0.726942,-0.511872,-0.001729,0.052568,0.655798,-0.691787,0.195477,-0.258541
0.558741,0.409607,-0.208361,0.726942,-0.511872,-0.001729,0.052568,0.655798,-0.691787,0.195477,-0.258541,0.139942
0.54983,0.409607,0.726942,-0.511872,-0.001729,0.052568,0.655798,-0.691787,0.195477,-0.258541,0.139942,-0.127955
0.55235,0.409607,-0.511872,-0.001729,0.052568,0.655798,-0.691787,0.195477,-0.258541,0.139942,-0.127955,0.465474
0.549019,0.409607,-0.001729,0.052568,0.655798,-0.691787,0.195477,-0.258541,0.139942,-0.127955,0.465474,-0.277959
0.550824,0.409607,0.052568,0.655798,-0.691787,0.195477,-0.258541,0.139942,-0.127955,0.465474,-0.277959,-0.559216
0.549171,0.409607,0.655798,-0.691787,0.195477,-0.258541,0.139942,-0.127955,0.465474,-0.277959,-0.559216,-0.12019
0.555175,0.409607,-0.691787,0.195477,-0.258541,0.139942,-0.127955,0.465474,-0.277959,-0.559216,-0.12019,0.363131
0.551597,0.409607,0.195477,-0.258541,0.139942,-0.127955,0.465474,-0.277959,-0.559216,-0.12019,0.363131,0.03332
0.544379,0.409607,-0.258541,0.139942,-0.127955,0.465474,-0.277959,-0.559216,-0.12019,0.363131,0.03332,0.020084
0.542822,0.409607,0.139942,-0.127955,0.465474,-0.277959,-0.559216,-0.12019,0.363131,0.03332,0.020084,0.114629
0.547526,0.409607,-0.127955,0.465474,-0.277959,-0.559216,-0.12019,0.363131,0.03332,0.020084,0.114629,-0.02892
0.547957,0.409607,0.465474,-0.277959,-0.559216,-0.12019,0.363131,0.03332,0.020084,0.114629,-0.02892,0.069608
0.548216,0.409607,-0.277959,-0.559216,-0.12019,0.363131,0.03332,0.020084,0.114629,-0.02892,0.069608,0.690539
0.549695,0.409607,-0.559216,-0.12019,0.363131,0.03332,0.020084,0.114629,-0.02892,0.069608,0.690539,-0.420682
0.549322,0.409607,-0.12019,0.363131,0.03332,0.020084,0.114629,-0.02892,0.069608,0.690539,-0.420682,-0.095478
0.550221,0.406616,0.363131,0.03332,0.020084,0.114629,-0.02892,0.069608,0.690539,-0.420682,-0.095478,0.117133
0.559113,0.406616,0.03332,0.020084,0.114629,-0.02892,0.069608,0.690539,-0.420682,-0.095478,0.117133,0.606554
0.553708,0.406616,0.020084,0.114629,-0.02892,0.069608,0.690539,-0.420682,-0.095478,0.117133,0.606554,-0.39658
0.55248,0.406616,0.114629,-0.02892,0.069608,0.690539,-0.420682,-0.095478,0.117133,0.606554,-0.39658,0.139526
0.553987,0.406616,-0.02892,0.069608,0.690539,-0.420682,-0.095478,0.117133,0.606554,-0.39658,0.139526,0.016276
0.561779,0.406616,0.069608,0.690539,-0.420682,-0.095478,0.117133,0.606554,-0.39658,0.139526,0.016276,-0.036054
0.556687,0.406616,0.690539,-0.420682,-0.095478,0.117133,0.606554,-0.39658,0.139526,0.016276,-0.036054,0.004752
0.558479,0.406616,-0.420682,-0.095478,0.117133,0.606554,-0.39658,0.139526,0.016276,-0.036054,0.004752,0.636025
0.558687,0.406616,-0.095478,0.117133,0.606554,-0.39658,0.139526,0.016276,-0.036054,0.004752,0.636025,-0.443725
0.558225,0.406616,0.117133,0.606554,-0.39658,0.139526,0.016276,-0.036054,0.004752,0.636025,-0.443725,-0.084706
0.558286,0.406616,0.606554,-0.39658,0.139526,0.016276,-0.036054,0.004752,0.636025,-0.443725,-0.084706,0.058729
0.566436,0.406616,-0.39658,0.139526,0.016276,-0.036054,0.004752,0.636025,-0.443725,-0.084706,0.058729,0.631382
0.560761,0.406616,0.139526,0.016276,-0.036054,0.004752,0.636025,-0.443725,-0.084706,0.058729,0.631382,-0.419083
0.559676,0.406616,0.016276,-0.036054,0.004752,0.636025,-0.443725,-0.084706,0.058729,0.631382,-0.419083,0.165913
0.560429,0.406616,-0.036054,0.004752,0.636025,-0.443725,-0.084706,0.058729,0.631382,-0.419083,0.165913,0.016678
0.568506,0.406616,0.004752,0.636025,-0.443725,-0.084706,0.058729,0.631382,-0.419083,0.165913,0.016678,-0.019095
0.563148,0.406616,0.636025,-0.443725,-0.084706,0.058729,0.631382,-0.419083,0.165913,0.016678,-0.019095,-0.067751
0.565269,0.406616,-0.443725,-0.084706,0.058729,0.631382,-0.419083,0.165913,0.016678,-0.019095,-0.067751,0.644
0.565482,0.406616,-0.084706,0.058729,0.631382,-0.419083,0.165913,0.016678,-0.019095,-0.067751,0.644,-0.382123
0.565238,0.406616,0.058729,0.631382,-0.419083,0.165913,0.016678,-0.019095,-0.067751,0.644,-0.382123,-0.163848
0.564371,0.406616,0.631382,-0.419083,0.165913,0.016678,-0.019095,-0.067751,0.644,-0.382123,-0.163848,0.070969
0.572591,0.406616,-0.419083,0.165913,0.016678,-0.019095,-0.067751,0.644,-0.382123,-0.163848,0.070969,0.449769
0.567725,0.406616,0.165913,0.016678,-0.019095,-0.067751,0.644,-0.382123,-0.163848,0.070969,0.449769,-0.108526
0.565635,0.406616,0.016678,-0.019095,-0.067751,0.644,-0.382123,-0.163848,0.070969,0.449769,-0.108526,-0.000908
0.566541,0.406616,-0.019095,-0.067751,0.644,-0.382123,-0.163848,0.070969,0.449769,-0.108526,-0.000908,0.023086
0.572276,0.406616,-0.067751,0.644,-0.382123,-0.163848,0.070969,0.449769,-0.108526,-0.000908,0.023086,-0.062177
0.570894,0.406616,0.644,-0.382123,-0.163848,0.070969,0.449769,-0.108526,-0.000908,0.023086,-0.062177,0.015416
0.570882,0.406616,-0.382123,-0.163848,0.070969,0.449769,-0.108526,-0.000908,0.023086,-0.062177,0.015416,0.603123
0.571176,0.406616,-0.163848,0.070969,0.449769,-0.108526,-0.000908,0.023086,-0.062177,0.015416,0.603123,-0.397881
0.570385,0.406616,0.070969,0.449769,-0.108526,-0.000908,0.023086,-0.062177,0.015416,0.603123,-0.397881,-0.147194
0.570581,0.406616,0.449769,-0.108526,-0.000908,0.023086,-0.062177,0.015416,0.603123,-0.397881,-0.147194,0.053048
0.57825,0.406616,-0.108526,-0.000908,0.023086,-0.062177,0.015416,0.603123,-0.397881,-0.147194,0.053048,0.502835
0.573201,0.406616,-0.000908,0.023086,-0.062177,0.015416,0.603123,-0.397881,-0.147194,0.053048,0.502835,-0.201007
0.57133,0.406616,0.023086,-0.062177,0.015416,0.603123,-0.397881,-0.147194,0.053048,0.502835,-0.201007,-0.006541
0.572005,0.406616,-0.062177,0.015416,0.603123,-0.397881,-0.147194,0.053048,0.502835,-0.201007,-0.006541,0.06024
0.578394,0.406616,0.015416,0.603123,-0.397881,-0.147194,0.053048,0.502835,-0.201007,-0.006541,0.06024,-0.069355
0.575842,0.406616,0.603123,-0.397881,-0.147194,0.053048,0.502835,-0.201007,-0.006541,0.06024,-0.069355,-0.039972
0.575759,0.406616,-0.397881,-0.147194,0.053048,0.502835,-0.201007,-0.006541,0.06024,-0.069355,-0.039972,0.596375
0.576523,0.406616,-0.147194,0.053048,0.502835,-0.201007,-0.006541,0.06024,-0.069355,-0.039972,0.596375,-0.431486
0.575643,0.406616,0.053048,0.502835,-0.201007,-0.006541,0.06024,-0.069355,-0.039972,0.596375,-0.431486,-0.111469
0.575136,0.406616,0.502835,-0.201007,-0.006541,0.06024,-0.069355,-0.039972,0.596375,-0.431486,-0.111469,-0.020299
0.582697,0.406616,-0.201007,-0.006541,0.06024,-0.069355,-0.039972,0.596375,-0.431486,-0.111469,-0.020299,0.641831
0.577236,0.406616,-0.006541,0.06024,-0.069355,-0.039972,0.596375,-0.431486,-0.111469,-0.020299,0.641831,-0.729624
0.575823,0.406616,0.06024,-0.069355,-0.039972,0.596375,-0.431486,-0.111469,-0.020299,0.641831,-0.729624,0.213623
0.575566,0.406616,-0.069355,-0.039972,0.596375,-0.431486,-0.111469,-0.020299,0.641831,-0.729624,0.213623,-0.331399
0.583698,0.406616,-0.039972,0.596375,-0.431486,-0.111469,-0.020299,0.641831,-0.729624,0.213623,-0.331399,0.095756
0.574447,0.406616,0.596375,-0.431486,-0.111469,-0.020299,0.641831,-0.729624,0.213623,-0.331399,0.095756,-0.136775
0.577158,0.406616,-0.431486,-0.111469,-0.020299,0.641831,-0.729624,0.213623,-0.331399,0.095756,-0.136775,0.734862
0.572954,0.406616,-0.111469,-0.020299,0.641831,-0.729624,0.213623,-0.331399,0.095756,-0.136775,0.734862,-0.48591
0.574171,0.406616,-0.020299,0.641831,-0.729624,0.213623,-0.331399,0.095756,-0.136775,0.734862,-0.48591,-0.086731
0.572431,0.406616,0.641831,-0.729624,0.213623,-0.331399,0.095756,-0.136775,0.734862,-0.48591,-0.086731,0.059223
0.581759,0.406616,-0.729624,0.213623,-0.331399,0.095756,-0.136775,0.734862,-0.48591,-0.086731,0.059223,0.48089
0.575604,0.406616,0.213623,-0.331399,0.095756,-0.136775,0.734862,-0.48591,-0.086731,0.059223,0.48089,-0.208046
0.574504,0.406616,-0.331399,0.095756,-0.136775,0.734862,-0.48591,-0.086731,0.059223,0.48089,-0.208046,0.024493
0.575256,0.406616,0.095756,-0.136775,0.734862,-0.48591,-0.086731,0.059223,0.48089,-0.208046,0.024493,-0.007164
0.581354,0.406616,-0.136775,0.734862,-0.48591,-0.086731,0.059223,0.48089,-0.208046,0.024493,-0.007164,-0.063718
0.578717,0.406616,0.734862,-0.48591,-0.086731,0.059223,0.48089,-0.208046,0.024493,-0.007164,-0.063718,-0.211516
0.579028,0.406616,-0.48591,-0.086731,0.059223,0.48089,-0.208046,0.024493,-0.007164,-0.063718,-0.211516,0.38069
0.578937,0.406616,-0.086731,0.059223,0.48089,-0.208046,0.024493,-0.007164,-0.063718,-0.211516,0.38069,-0.551724
0.57813,0.406616,0.059223,0.48089,-0.208046,0.024493,-0.007164,-0.063718,-0.211516,0.38069,-0.551724,-0.092494
0.575445,0.406616,0.48089,-0.208046,0.024493,-0.007164,-0.063718,-0.211516,0.38069,-0.551724,-0.092494,0.010498
0.580276,0.406616,-0.208046,0.024493,-0.007164,-0.063718,-0.211516,0.38069,-0.551724,-0.092494,0.010498,0.490765
0.573278,0.406616,0.024493,-0.007164,-0.063718,-0.211516,0.38069,-0.551724,-0.092494,0.010498,0.490765,-0.20103
0.572103,0.406616,-0.007164,-0.063718,-0.211516,0.38069,-0.551724,-0.092494,0.010498,0.490765,-0.20103,0.03633
0.572237,0.406616,-0.063718,-0.211516,0.38069,-0.551724,-0.092494,0.010498,0.490765,-0.20103,0.03633,0.005072
0.578472,0.406616,-0.211516,0.38069,-0.551724,-0.092494,0.010498,0.490765,-0.20103,0.03633,0.005072,-0.075446
0.57592,0.406616,0.38069,-0.551724,-0.092494,0.010498,0.490765,-0.20103,0.03633,0.005072,-0.075446,-0.204075
0.576381,0.406616,-0.551724,-0.092494,0.010498,0.490765,-0.20103,0.03633,0.005072,-0.075446,-0.204075,0.366415
0.576445,0.406616,-0.092494,0.010498,0.490765,-0.20103,0.03633,0.005072,-0.075446,-0.204075,0.366415,-0.524933
0.575488,0.406616,0.010498,0.490765,-0.20103,0.03633,0.005072,-0.075446,-0.204075,0.366415,-0.524933,-0.140561
0.572894,0.406616,0.490765,-0.20103,0.03633,0.005072,-0.075446,-0.204075,0.366415,-0.524933,-0.140561,0.004651
0.577551,0.406616,-0.20103,0.03633,0.005072,-0.075446,-0.204075,0.366415,-0.524933,-0.140561,0.004651,0.518749
0.570882,0.406616,0.03633,0.005072,-0.075446,-0.204075,0.366415,-0.524933,-0.140561,0.004651,0.518749,-0.266981
0.569093,0.406616,0.005072,-0.075446,-0.204075,0.366415,-0.524933,-0.140561,0.004651,0.518749,-0.266981,0.090537
0.569153,0.406616,-0.075446,-0.204075,0.366415,-0.524933,-0.140561,0.004651,0.518749,-0.266981,0.090537,-0.049901
0.575755,0.406616,-0.204075,0.366415,-0.524933,-0.140561,0.004651,0.518749,-0.266981,0.090537,-0.049901,-0.177762
0.57236,0.406616,0.366415,-0.524933,-0.140561,0.004651,0.518749,-0.266981,0.090537,-0.049901,-0.177762,-0.237639
0.573511,0.406616,-0.524933,-0.140561,0.004651,0.518749,-0.266981,0.090537,-0.049901,-0.177762,-0.237639,0.465495
0.572877,0.406616,-0.140561,0.004651,0.518749,-0.266981,0.090537,-0.049901,-0.177762,-0.237639,0.465495,-0.340452
0.570616,0.406616,0.004651,0.518749,-0.266981,0.090537,-0.049901,-0.177762,-0.237639,0.465495,-0.340452,-0.134114
0.567585,0.406616,0.518749,-0.266981,0.090537,-0.049901,-0.177762,-0.237639,0.465495,-0.340452,-0.134114,0.065037
0.573519,0.406616,-0.266981,0.090537,-0.049901,-0.177762,-0.237639,0.465495,-0.340452,-0.134114,0.065037,0.384254
0.569186,0.406616,0.090537,-0.049901,-0.177762,-0.237639,0.465495,-0.340452,-0.134114,0.065037,0.384254,-0.302074
0.567478,0.406616,-0.049901,-0.177762,-0.237639,0.465495,-0.340452,-0.134114,0.065037,0.384254,-0.302074,-0.00106
0.568307,0.406616,-0.177762,-0.237639,0.465495,-0.340452,-0.134114,0.065037,0.384254,-0.302074,-0.00106,-0.302697
0.573203,0.406616,-0.237639,0.465495,-0.340452,-0.134114,0.065037,0.384254,-0.302074,-0.00106,-0.302697,0.119058
0.569354,0.406616,0.465495,-0.340452,-0.134114,0.065037,0.384254,-0.302074,-0.00106,-0.302697,0.119058,-0.110105
0.56934,0.406616,-0.340452,-0.134114,0.065037,0.384254,-0.302074,-0.00106,-0.302697,0.119058,-0.110105,0.706481
0.565482,0.406616,-0.134114,0.065037,0.384254,-0.302074,-0.00106,-0.302697,0.119058,-0.110105,0.706481,-0.540373
0.567001,0.406616,0.065037,0.384254,-0.302074,-0.00106,-0.302697,0.119058,-0.110105,0.706481,-0.540373,-0.013357
0.565594,0.406616,0.384254,-0.302074,-0.00106,-0.302697,0.119058,-0.110105,0.706481,-0.540373,-0.013357,-0.019324
0.574602,0.406616,-0.302074,-0.00106,-0.302697,0.119058,-0.110105,0.706481,-0.540373,-0.013357,-0.019324,0.505009
0.567725,0.406616,-0.00106,-0.302697,0.119058,-0.110105,0.706481,-0.540373,-0.013357,-0.019324,0.505009,-0.513083
0.567554,0.406616,-0.302697,0.119058,-0.110105,0.706481,-0.540373,-0.013357,-0.019324,0.505009,-0.513083,0.08913
0.567308,0.406616,0.119058,-0.110105,0.706481,-0.540373,-0.013357,-0.019324,0.505009,-0.513083,0.08913,-0.30216
0.573743,0.406616,-0.110105,0.706481,-0.540373,-0.013357,-0.019324,0.505009,-0.513083,0.08913,-0.30216,0.064913
0.567203,0.406616,0.706481,-0.540373,-0.013357,-0.019324,0.505009,-0.513083,0.08913,-0.30216,0.064913,-0.127422
0.56834,0.384308,-0.540373,-0.013357,-0.019324,0.505009,-0.513083,0.08913,-0.30216,0.064913,-0.127422,0.655219
0.564485,0.384308,-0.013357,-0.019324,0.505009,-0.513083,0.08913,-0.30216,0.064913,-0.127422,0.655219,-0.399861
0.565314,0.384308,-0.019324,0.505009,-0.513083,0.08913,-0.30216,0.064913,-0.127422,0.655219,-0.399861,-0.115588
0.563684,0.384308,0.505009,-0.513083,0.08913,-0.30216,0.064913,-0.127422,0.655219,-0.399861,-0.115588,-0.007088
0.572051,0.384308,-0.513083,0.08913,-0.30216,0.064913,-0.127422,0.655219,-0.399861,-0.115588,-0.007088,0.195758
0.566956,0.384308,0.08913,-0.30216,0.064913,-0.127422,0.655219,-0.399861,-0.115588,-0.007088,0.195758,-0.418639
0.565482,0.384308,-0.30216,0.064913,-0.127422,0.655219,-0.399861,-0.115588,-0.007088,0.195758,-0.418639,0.165657
0.565391,0.384308,0.064913,-0.127422,0.655219,-0.399861,-0.115588,-0.007088,0.195758,-0.418639,0.165657,0.040651
0.567892,0.384308,-0.127422,0.655219,-0.399861,-0.115588,-0.007088,0.195758,-0.418639,0.165657,0.040651,-0.108847
0.562537,0.384308,0.655219,-0.399861,-0.115588,-0.007088,0.195758,-0.418639,0.165657,0.040651,-0.108847,0.099617
0.564656,0.384308,-0.399861,-0.115588,-0.007088,0.195758,-0.418639,0.165657,0.040651,-0.108847,0.099617,0.457007
0.565175,0.384308,-0.115588,-0.007088,0.195758,-0.418639,0.165657,0.040651,-0.108847,0.099617,0.457007,-0.314954
0.563784,0.384308,-0.007088,0.195758,-0.418639,0.165657,0.040651,-0.108847,0.099617,0.457007,-0.314954,-0.145595
0.565059,0.384308,0.195758,-0.418639,0.165657,0.040651,-0.108847,0.099617,0.457007,-0.314954,-0.145595,0.076934
0.570894,0.384308,-0.418639,0.165657,0.040651,-0.108847,0.099617,0.457007,-0.314954,-0.145595,0.076934,0.35868
0.566879,0.384308,0.165657,0.040651,-0.108847,0.099617,0.457007,-0.314954,-0.145595,0.076934,0.35868,-0.102273
0.565022,0.384308,0.040651,-0.108847,0.099617,0.457007,-0.314954,-0.145595,0.076934,0.35868,-0.102273,-0.037315
0.566004,0.384308,-0.108847,0.099617,0.457007,-0.314954,-0.145595,0.076934,0.35868,-0.102273,-0.037315,0.022928
0.570581,0.384308,0.099617,0.457007,-0.314954,-0.145595,0.076934,0.35868,-0.102273,-0.037315,0.022928,-0.097924
0.569277,0.384308,0.457007,-0.314954,-0.145595,0.076934,0.35868,-0.102273,-0.037315,0.022928,-0.097924,-0.080415
0.568801,0.384308,-0.314954,-0.145595,0.076934,0.35868,-0.102273,-0.037315,0.022928,-0.097924,-0.080415,0.56806
0.569093,0.384308,-0.145595,0.076934,0.35868,-0.102273,-0.037315,0.022928,-0.097924,-0.080415,0.56806,-0.413257
0.567846,0.384308,0.076934,0.35868,-0.102273,-0.037315,0.022928,-0.097924,-0.080415,0.56806,-0.413257,-0.109927
0.566819,0.384308,0.35868,-0.102273,-0.037315,0.022928,-0.097924,-0.080415,0.56806,-0.413257,-0.109927,-0.031343
0.57406,0.384308,-0.102273,-0.037315,0.022928,-0.097924,-0.080415,0.56806,-0.413257,-0.109927,-0.031343,0.25046
0.568801,0.384308,-0.037315,0.022928,-0.097924,-0.080415,0.56806,-0.413257,-0.109927,-0.031343,0.25046,-0.168466
0.567401,0.384308,0.022928,-0.097924,-0.080415,0.56806,-0.413257,-0.109927,-0.031343,0.25046,-0.168466,-0.319513
0.567001,0.384308,-0.097924,-0.080415,0.56806,-0.413257,-0.109927,-0.031343,0.25046,-0.168466,-0.319513,0.154655
0.570197,0.384308,-0.080415,0.56806,-0.413257,-0.109927,-0.031343,0.25046,-0.168466,-0.319513,0.154655,-0.115054
0.568047,0.384308,0.56806,-0.413257,-0.109927,-0.031343,0.25046,-0.168466,-0.319513,0.154655,-0.115054,0.081721
0.563967,0.384308,-0.413257,-0.109927,-0.031343,0.25046,-0.168466,-0.319513,0.154655,-0.115054,0.081721,0.131851
0.565942,0.384308,-0.109927,-0.031343,0.25046,-0.168466,-0.319513,0.154655,-0.115054,0.081721,0.131851,-0.336985
0.564472,0.384308,-0.031343,0.25046,-0.168466,-0.319513,0.154655,-0.115054,0.081721,0.131851,-0.336985,-0.447231
0.565518,0.384308,0.25046,-0.168466,-0.319513,0.154655,-0.115054,0.081721,0.131851,-0.336985,-0.447231,-0.018131
0.567203,0.384308,-0.168466,-0.319513,0.154655,-0.115054,0.081721,0.131851,-0.336985,-0.447231,-0.018131,0.520148
0.562897,0.384308,-0.319513,0.154655,-0.115054,0.081721,0.131851,-0.336985,-0.447231,-0.018131,0.520148,-0.338734
0.557169,0.384308,0.154655,-0.115054,0.081721,0.131851,-0.336985,-0.447231,-0.018131,0.520148,-0.338734,0.211958
0.556936,0.384308,-0.115054,0.081721,0.131851,-0.336985,-0.447231,-0.018131,0.520148,-0.338734,0.211958,0.016465
0.563608,0.384308,0.081721,0.131851,-0.336985,-0.447231,-0.018131,0.520148,-0.338734,0.211958,0.016465,-0.006793
0.559265,0.384308,0.131851,-0.336985,-0.447231,-0.018131,0.520148,-0.338734,0.211958,0.016465,-0.006793,-0.191344
0.561981,0.384308,-0.336985,-0.447231,-0.018131,0.520148,-0.338734,0.211958,0.016465,-0.006793,-0.191344,0.439867
0.562192,0.370758,-0.447231,-0.018131,0.520148,-0.338734,0.211958,0.016465,-0.006793,-0.191344,0.439867,-0.820801
0.562105,0.370758,-0.018131,0.520148,-0.338734,0.211958,0.016465,-0.006793,-0.191344,0.439867,-0.820801,0.139874
0.559651,0.370758,0.520148,-0.338734,0.211958,0.016465,-0.006793,-0.191344,0.439867,-0.820801,0.139874,-0.311723
0.565287,0.370758,-0.338734,0.211958,0.016465,-0.006793,-0.191344,0.439867,-0.820801,0.139874,-0.311723,0.693989
0.554766,0.370758,0.211958,0.016465,-0.006793,-0.191344,0.439867,-0.820801,0.139874,-0.311723,0.693989,-0.472751
0.556562,0.370758,0.016465,-0.006793,-0.191344,0.439867,-0.820801,0.139874,-0.311723,0.693989,-0.472751,0.31661
0.552554,0.370758,-0.006793,-0.191344,0.439867,-0.820801,0.139874,-0.311723,0.693989,-0.472751,0.31661,-0.07269
0.561475,0.370758,-0.191344,0.439867,-0.820801,0.139874,-0.311723,0.693989,-0.472751,0.31661,-0.07269,0.088363
0.555402,0.370758,0.439867,-0.820801,0.139874,-0.311723,0.693989,-0.472751,0.31661,-0.07269,0.088363,-0.095852
0.559467,0.370758,-0.820801,0.139874,-0.311723,0.693989,-0.472751,0.31661,-0.07269,0.088363,-0.095852,0.702255
0.558535,0.370758,0.139874,-0.311723,0.693989,-0.472751,0.31661,-0.07269,0.088363,-0.095852,0.702255,-0.408729
0.559668,0.370758,-0.311723,0.693989,-0.472751,0.31661,-0.07269,0.088363,-0.095852,0.702255,-0.408729,-0.061066
0.558438,0.370758,0.693989,-0.472751,0.31661,-0.07269,0.088363,-0.095852,0.702255,-0.408729,-0.061066,0.034958
0.567433,0.370758,-0.472751,0.31661,-0.07269,0.088363,-0.095852,0.702255,-0.408729,-0.061066,0.034958,0.416336
0.56221,0.370758,0.31661,-0.07269,0.088363,-0.095852,0.702255,-0.408729,-0.061066,0.034958,0.416336,-0.155764
0.561429,0.370758,-0.07269,0.088363,-0.095852,0.702255,-0.408729,-0.061066,0.034958,0.416336,-0.155764,0.028527
0.561876,0.370758,0.088363,-0.095852,0.702255,-0.408729,-0.061066,0.034958,0.416336,-0.155764,0.028527,-0.019344
0.567202,0.370758,-0.095852,0.702255,-0.408729,-0.061066,0.034958,0.416336,-0.155764,0.028527,-0.019344,-0.049039
0.565211,0.370758,0.702255,-0.408729,-0.061066,0.034958,0.416336,-0.155764,0.028527,-0.019344,-0.049039,0.015958
0.565575,0.370758,-0.408729,-0.061066,0.034958,0.416336,-0.155764,0.028527,-0.019344,-0.049039,0.015958,0.221724
0.565328,0.370758,-0.061066,0.034958,0.416336,-0.155764,0.028527,-0.019344,-0.049039,0.015958,0.221724,-0.157599
0.564702,0.370758,0.034958,0.416336,-0.155764,0.028527,-0.019344,-0.049039,0.015958,0.221724,-0.157599,-0.568282
0.564906,0.370758,0.416336,-0.155764,0.028527,-0.019344,-0.049039,0.015958,0.221724,-0.157599,-0.568282,-0.148224
0.56774,0.370758,-0.155764,0.028527,-0.019344,-0.049039,0.015958,0.221724,-0.157599,-0.568282,-0.148224,-0.04207
0.565729,0.370758,0.028527,-0.019344,-0.049039,0.015958,0.221724,-0.157599,-0.568282,-0.148224,-0.04207,-0.006641
0.558459,0.370758,-0.019344,-0.049039,0.015958,0.221724,-0.157599,-0.568282,-0.148224,-0.04207,-0.006641,-0.014145
0.556557,0.370758,-0.049039,0.015958,0.221724,-0.157599,-0.568282,-0.148224,-0.04207,-0.006641,-0.014145,0.110595
0.556016,0.370758,0.015958,0.221724,-0.157599,-0.568282,-0.148224,-0.04207,-0.006641,-0.014145,0.110595,0.052735
0.555931,0.370758,0.221724,-0.157599,-0.568282,-0.148224,-0.04207,-0.006641,-0.014145,0.110595,0.052735,0.046099
0.555749,0.370758,-0.157599,-0.568282,-0.148224,-0.04207,-0.006641,-0.014145,0.110595,0.052735,0.046099,0.612235
0.557169,0.370758,-0.568282,-0.148224,-0.04207,-0.006641,-0.014145,0.110595,0.052735,0.046099,0.612235,-0.318606
0.557846,0.370758,-0.148224,-0.04207,-0.006641,-0.014145,0.110595,0.052735,0.046099,0.612235,-0.318606,-0.043182
0.558438,0.370758,-0.04207,-0.006641,-0.014145,0.110595,0.052735,0.046099,0.612235,-0.318606,-0.043182,0.028997
0.566283,0.370758,-0.006641,-0.014145,0.110595,0.052735,0.046099,0.612235,-0.318606,-0.043182,0.028997,0.428448
0.56221,0.370758,-0.014145,0.110595,0.052735,0.046099,0.612235,-0.318606,-0.043182,0.028997,0.428448,-0.071942
0.561657,0.370758,0.110595,0.052735,0.046099,0.612235,-0.318606,-0.043182,0.028997,0.428448,-0.071942,-0.037379
0.562028,0.370758,0.052735,0.046099,0.612235,-0.318606,-0.043182,0.028997,0.428448,-0.071942,-0.037379,0.05885
0.567508,0.370758,0.046099,0.612235,-0.318606,-0.043182,0.028997,0.428448,-0.071942,-0.037379,0.05885,-0.049291
0.566589,0.370758,0.612235,-0.318606,-0.043182,0.028997,0.428448,-0.071942,-0.037379,0.05885,-0.049291,0.021795
0.566112,0.370758,-0.318606,-0.043182,0.028997,0.428448,-0.071942,-0.037379,0.05885,-0.049291,0.021795,0.561616
0.566863,0.370758,-0.043182,0.028997,0.428448,-0.071942,-0.037379,0.05885,-0.049291,0.021795,0.561616,-0.629643
0.566234,0.370758,0.028997,0.428448,-0.071942,-0.037379,0.05885,-0.049291,0.021795,0.561616,-0.629643,-0.06737
0.566512,0.370758,0.428448,-0.071942,-0.037379,0.05885,-0.049291,0.021795,0.561616,-0.629643,-0.06737,-0.477506
0.573673,0.370758,-0.071942,-0.037379,0.05885,-0.049291,0.021795,0.561616,-0.629643,-0.06737,-0.477506,0.563561
0.565652,0.370758,-0.037379,0.05885,-0.049291,0.021795,0.561616,-0.629643,-0.06737,-0.477506,0.563561,-0.641887
0.564792,0.370758,0.05885,-0.049291,0.021795,0.561616,-0.629643,-0.06737,-0.477506,0.563561,-0.641887,0.353989
0.55868,0.370758,-0.049291,0.021795,0.561616,-0.629643,-0.06737,-0.477506,0.563561,-0.641887,0.353989,-0.322491
0.5659,0.370758,0.021795,0.561616,-0.629643,-0.06737,-0.477506,0.563561,-0.641887,0.353989,-0.322491,0.230814
0.557672,0.370758,0.561616,-0.629643,-0.06737,-0.477506,0.563561,-0.641887,0.353989,-0.322491,0.230814,-0.149493
0.56221,0.370758,-0.629643,-0.06737,-0.477506,0.563561,-0.641887,0.353989,-0.322491,0.230814,-0.149493,0.817693
0.55808,0.370758,-0.06737,-0.477506,0.563561,-0.641887,0.353989,-0.322491,0.230814,-0.149493,0.817693,-0.45209
0.561038,0.370758,-0.477506,0.563561,-0.641887,0.353989,-0.322491,0.230814,-0.149493,0.817693,-0.45209,0.06455
0.55912,0.370758,0.563561,-0.641887,0.353989,-0.322491,0.230814,-0.149493,0.817693,-0.45209,0.06455,0.034915
0.569585,0.370758,-0.641887,0.353989,-0.322491,0.230814,-0.149493,0.817693,-0.45209,0.06455,0.034915,0.575806
0.563814,0.370758,0.353989,-0.322491,0.230814,-0.149493,0.817693,-0.45209,0.06455,0.034915,0.575806,-0.193163
0.564639,0.370758,-0.322491,0.230814,-0.149493,0.817693,-0.45209,0.06455,0.034915,0.575806,-0.193163,-0.10374
0.565085,0.370758,0.230814,-0.149493,0.817693,-0.45209,0.06455,0.034915,0.575806,-0.193163,-0.10374,-0.06165
0.572431,0.370758,-0.149493,0.817693,-0.45209,0.06455,0.034915,0.575806,-0.193163,-0.10374,-0.06165,-0.199669
0.569969,0.370758,0.817693,-0.45209,0.06455,0.034915,0.575806,-0.193163,-0.10374,-0.06165,-0.199669,0.04581
0.568647,0.370758,-0.45209,0.06455,0.034915,0.575806,-0.193163,-0.10374,-0.06165,-0.199669,0.04581,0.597364
0.567862,0.370758,0.06455,0.034915,0.575806,-0.193163,-0.10374,-0.06165,-0.199669,0.04581,0.597364,-0.623477
0.565314,0.370758,0.034915,0.575806,-0.193163,-0.10374,-0.06165,-0.199669,0.04581,0.597364,-0.623477,0.070837
0.5659,0.370758,0.575806,-0.193163,-0.10374,-0.06165,-0.199669,0.04581,0.597364,-0.623477,0.070837,-0.20502
0.573519,0.370758,-0.193163,-0.10374,-0.06165,-0.199669,0.04581,0.597364,-0.623477,0.070837,-0.20502,0.653286
0.565575,0.370758,-0.10374,-0.06165,-0.199669,0.04581,0.597364,-0.623477,0.070837,-0.20502,0.653286,-0.397752
0.566479,0.370758,-0.06165,-0.199669,0.04581,0.597364,-0.623477,0.070837,-0.20502,0.653286,-0.397752,0.2644
0.563861,0.370758,-0.199669,0.04581,0.597364,-0.623477,0.070837,-0.20502,0.653286,-0.397752,0.2644,0.053422
0.572199,0.370758,0.04581,0.597364,-0.623477,0.070837,-0.20502,0.653286,-0.397752,0.2644,0.053422,-0.043991
0.567126,0.370758,0.597364,-0.623477,0.070837,-0.20502,0.653286,-0.397752,0.2644,0.053422,-0.043991,0.051652
0.570496,0.370758,-0.623477,0.070837,-0.20502,0.653286,-0.397752,0.2644,0.053422,-0.043991,0.051652,0.58556
0.571176,0.370758,0.070837,-0.20502,0.653286,-0.397752,0.2644,0.053422,-0.043991,0.051652,0.58556,-0.373815
0.570616,0.370758,-0.20502,0.653286,-0.397752,0.2644,0.053422,-0.043991,0.051652,0.58556,-0.373815,-0.056016
0.571274,0.370758,0.653286,-0.397752,0.2644,0.053422,-0.043991,0.051652,0.58556,-0.373815,-0.056016,0.0348
0.578717,0.370758,-0.397752,0.2644,0.053422,-0.043991,0.051652,0.58556,-0.373815,-0.056016,0.0348,0.491955
0.573975,0.370758,0.2644,0.053422,-0.043991,0.051652,0.58556,-0.373815,-0.056016,0.0348,0.491955,-0.213734
0.573264,0.370758,0.053422,-0.043991,0.051652,0.58556,-0.373815,-0.056016,0.0348,0.491955,-0.213734,0.042704
0.573706,0.370758,-0.043991,0.051652,0.58556,-0.373815,-0.056016,0.0348,0.491955,-0.213734,0.042704,0.060523
0.57995,0.370758,0.051652,0.58556,-0.373815,-0.056016,0.0348,0.491955,-0.213734,0.042704,0.060523,-0.032928
0.57724,0.370758,0.58556,-0.373815,-0.056016,0.0348,0.491955,-0.213734,0.042704,0.060523,-0.032928,-0.009843
0.577781,0.370758,-0.373815,-0.056016,0.0348,0.491955,-0.213734,0.042704,0.060523,-0.032928,-0.009843,0.512889
0.578547,0.370758,-0.056016,0.0348,0.491955,-0.213734,0.042704,0.060523,-0.032928,-0.009843,0.512889,-0.297102
0.57813,0.370758,0.0348,0.491955,-0.213734,0.042704,0.060523,-0.032928,-0.009843,0.512889,-0.297102,-0.130614
0.578005,0.370758,0.491955,-0.213734,0.042704,0.060523,-0.032928,-0.009843,0.512889,-0.297102,-0.130614,0.071707
0.584499,0.370758,-0.213734,0.042704,0.060523,-0.032928,-0.009843,0.512889,-0.297102,-0.130614,0.071707,0.422487
0.580745,0.370758,0.042704,0.060523,-0.032928,-0.009843,0.512889,-0.297102,-0.130614,0.071707,0.422487,-0.128833
0.579093,0.370758,0.060523,-0.032928,-0.009843,0.512889,-0.297102,-0.130614,0.071707,0.422487,-0.128833,-0.173199
0.58,0.370758,-0.032928,-0.009843,0.512889,-0.297102,-0.130614,0.071707,0.422487,-0.128833,-0.173199,-0.081367
0.585343,0.370758,-0.009843,0.512889,-0.297102,-0.130614,0.071707,0.422487,-0.128833,-0.173199,-0.081367,-0.162533
0.583715,0.370758,0.512889,-0.297102,-0.130614,0.071707,0.422487,-0.128833,-0.173199,-0.081367,-0.162533,-0.016032
0.581527,0.370758,-0.297102,-0.130614,0.071707,0.422487,-0.128833,-0.173199,-0.081367,-0.162533,-0.016032,0.581497
0.580499,0.370758,-0.130614,0.071707,0.422487,-0.128833,-0.173199,-0.081367,-0.162533,-0.016032,0.581497,-0.630548
0.578442,0.367493,0.071707,0.422487,-0.128833,-0.173199,-0.081367,-0.162533,-0.016032,0.581497,-0.630548,0.035885
0.578238,0.367493,0.422487,-0.128833,-0.173199,-0.081367,-0.162533,-0.016032,0.581497,-0.630548,0.035885,-0.228872
0.585598,0.367493,-0.128833,-0.173199,-0.081367,-0.162533,-0.016032,0.581497,-0.630548,0.035885,-0.228872,0.62903
0.577625,0.367493,-0.173199,-0.081367,-0.162533,-0.016032,0.581497,-0.630548,0.035885,-0.228872,0.62903,-0.655852
0.57808,0.367493,-0.081367,-0.162533,-0.016032,0.581497,-0.630548,0.035885,-0.228872,0.62903,-0.655852,0.287564
0.575178,0.367493,-0.162533,-0.016032,0.581497,-0.630548,0.035885,-0.228872,0.62903,-0.655852,0.287564,-0.240468
0.58315,0.367493,-0.016032,0.581497,-0.630548,0.035885,-0.228872,0.62903,-0.655852,0.287564,-0.240468,0.096022
0.574835,0.367493,0.581497,-0.630548,0.035885,-0.228872,0.62903,-0.655852,0.287564,-0.240468,0.096022,-0.088978
0.578482,0.367493,-0.630548,0.035885,-0.228872,0.62903,-0.655852,0.287564,-0.240468,0.096022,-0.088978,0.689786
0.575435,0.367493,0.035885,-0.228872,0.62903,-0.655852,0.287564,-0.240468,0.096022,-0.088978,0.689786,-0.377187
0.576653,0.367493,-0.228872,0.62903,-0.655852,0.287564,-0.240468,0.096022,-0.088978,0.689786,-0.377187,-0.06263
0.575523,0.367493,0.62903,-0.655852,0.287564,-0.240468,0.096022,-0.088978,0.689786,-0.377187,-0.06263,0.028581
0.584264,0.367493,-0.655852,0.287564,-0.240468,0.096022,-0.088978,0.689786,-0.377187,-0.06263,0.028581,0.521181
0.579496,0.367493,0.287564,-0.240468,0.096022,-0.088978,0.689786,-0.377187,-0.06263,0.028581,0.521181,-0.234182
0.578703,0.367493,-0.240468,0.096022,-0.088978,0.689786,-0.377187,-0.06263,0.028581,0.521181,-0.234182,0.068549
0.579065,0.367493,0.096022,-0.088978,0.689786,-0.377187,-0.06263,0.028581,0.521181,-0.234182,0.068549,-0.03196
0.585657,0.367493,-0.088978,0.689786,-0.377187,-0.06263,0.028581,0.521181,-0.234182,0.068549,-0.03196,-0.107909
0.582697,0.367493,0.689786,-0.377187,-0.06263,0.028581,0.521181,-0.234182,0.068549,-0.03196,-0.107909,-0.293181
0.583563,0.367493,-0.377187,-0.06263,0.028581,0.521181,-0.234182,0.068549,-0.03196,-0.107909,-0.293181,0.148335
0.58316,0.367493,-0.06263,0.028581,0.521181,-0.234182,0.068549,-0.03196,-0.107909,-0.293181,0.148335,-0.129325
0.581797,0.367493,0.028581,0.521181,-0.234182,0.068549,-0.03196,-0.107909,-0.293181,0.148335,-0.129325,-0.502755
0.578083,0.367493,0.521181,-0.234182,0.068549,-0.03196,-0.107909,-0.293181,0.148335,-0.129325,-0.502755,0.187079
0.579964,0.367493,-0.234182,0.068549,-0.03196,-0.107909,-0.293181,0.148335,-0.129325,-0.502755,0.187079,0.387935
0.578326,0.367493,0.068549,-0.03196,-0.107909,-0.293181,0.148335,-0.129325,-0.502755,0.187079,0.387935,0.037907
0.571949,0.367493,-0.03196,-0.107909,-0.293181,0.148335,-0.129325,-0.502755,0.187079,0.387935,0.037907,-0.110847
0.574326,0.367493,-0.107909,-0.293181,0.148335,-0.129325,-0.502755,0.187079,0.387935,0.037907,-0.110847,0.134643
0.57925,0.367493,-0.293181,0.148335,-0.129325,-0.502755,0.187079,0.387935,0.037907,-0.110847,0.134643,-0.168498
0.57973,0.367493,0.148335,-0.129325,-0.502755,0.187079,0.387935,0.037907,-0.110847,0.134643,-0.168498,-0.22359
0.578326,0.367493,-0.129325,-0.502755,0.187079,0.387935,0.037907,-0.110847,0.134643,-0.168498,-0.22359,0.417323
0.58003,0.367493,-0.502755,0.187079,0.387935,0.037907,-0.110847,0.134643,-0.168498,-0.22359,0.417323,-0.276805
0.577897,0.367493,0.187079,0.387935,0.037907,-0.110847,0.134643,-0.168498,-0.22359,0.417323,-0.276805,-0.105281
0.575058,0.367493,0.387935,0.037907,-0.110847,0.134643,-0.168498,-0.22359,0.417323,-0.276805,-0.105281,-0.008031
0.580354,0.367493,0.037907,-0.110847,0.134643,-0.168498,-0.22359,0.417323,-0.276805,-0.105281,-0.008031,0.511847
0.576847,0.367493,-0.110847,0.134643,-0.168498,-0.22359,0.417323,-0.276805,-0.105281,-0.008031,0.511847,-0.140565
0.575513,0.367493,0.134643,-0.168498,-0.22359,0.417323,-0.276805,-0.105281,-0.008031,0.511847,-0.140565,-0.00616
0.575411,0.367493,-0.168498,-0.22359,0.417323,-0.276805,-0.105281,-0.008031,0.511847,-0.140565,-0.00616,0.036107
0.5819,0.367493,-0.22359,0.417323,-0.276805,-0.105281,-0.008031,0.511847,-0.140565,-0.00616,0.036107,-0.057863
0.58012,0.367493,0.417323,-0.276805,-0.105281,-0.008031,0.511847,-0.140565,-0.00616,0.036107,-0.057863,0.06987
0.580042,0.367493,-0.276805,-0.105281,-0.008031,0.511847,-0.140565,-0.00616,0.036107,-0.057863,0.06987,0.490743
0.580499,0.367493,-0.105281,-0.008031,0.511847,-0.140565,-0.00616,0.036107,-0.057863,0.06987,0.490743,-0.366382
0.579767,0.367493,-0.008031,0.511847,-0.140565,-0.00616,0.036107,-0.057863,0.06987,0.490743,-0.366382,-0.100013
0.580652,0.367493,0.511847,-0.140565,-0.00616,0.036107,-0.057863,0.06987,0.490743,-0.366382,-0.100013,-0.057958
0.586855,0.367493,-0.140565,-0.00616,0.036107,-0.057863,0.06987,0.490743,-0.366382,-0.100013,-0.057958,-0.108454
0.582231,0.367493,-0.00616,0.036107,-0.057863,0.06987,0.490743,-0.366382,-0.100013,-0.057958,-0.108454,-0.21948
0.580968,0.365387,0.036107,-0.057863,0.06987,0.490743,-0.366382,-0.100013,-0.057958,-0.108454,-0.21948,-0.274992
0.580235,0.365387,-0.057863,0.06987,0.490743,-0.366382,-0.100013,-0.057958,-0.108454,-0.21948,-0.274992,0.224747
0.578861,0.365387,0.06987,0.490743,-0.366382,-0.100013,-0.057958,-0.108454,-0.21948,-0.274992,0.224747,-0.099627
0.576075,0.365387,0.490743,-0.366382,-0.100013,-0.057958,-0.108454,-0.21948,-0.274992,0.224747,-0.099627,-0.009281
0.572582,0.365387,-0.366382,-0.100013,-0.057958,-0.108454,-0.21948,-0.274992,0.224747,-0.099627,-0.009281,0.226352
0.575435,0.365387,-0.100013,-0.057958,-0.108454,-0.21948,-0.274992,0.224747,-0.099627,-0.009281,0.226352,-0.287524
0.574171,0.365387,-0.057958,-0.108454,-0.21948,-0.274992,0.224747,-0.099627,-0.009281,0.226352,-0.287524,-0.122917
0.574053,0.365387,-0.108454,-0.21948,-0.274992,0.224747,-0.099627,-0.009281,0.226352,-0.287524,-0.122917,0.077391
0.576929,0.365387,-0.21948,-0.274992,0.224747,-0.099627,-0.009281,0.226352,-0.287524,-0.122917,0.077391,0.503417
0.573278,0.365387,-0.274992,0.224747,-0.099627,-0.009281,0.226352,-0.287524,-0.122917,0.077391,0.503417,-0.078774
0.571717,0.365387,0.224747,-0.099627,-0.009281,0.226352,-0.287524,-0.122917,0.077391,0.503417,-0.078774,-0.000193
0.572701,0.365387,-0.099627,-0.009281,0.226352,-0.287524,-0.122917,0.077391,0.503417,-0.078774,-0.000193,0.042081
0.579094,0.365387,-0.009281,0.226352,-0.287524,-0.122917,0.077391,0.503417,-0.078774,-0.000193,0.042081,-0.002198
0.578095,0.365387,0.226352,-0.287524,-0.122917,0.077391,0.503417,-0.078774,-0.000193,0.042081,-0.002198,-0.065058
0.578092,0.365387,-0.287524,-0.122917,0.077391,0.503417,-0.078774,-0.000193,0.042081,-0.002198,-0.065058,0.612026
0.578625,0.365387,-0.122917,0.077391,0.503417,-0.078774,-0.000193,0.042081,-0.002198,-0.065058,0.612026,-0.408836
0.578597,0.365387,0.077391,0.503417,-0.078774,-0.000193,0.042081,-0.002198,-0.065058,0.612026,-0.408836,-0.075054
0.577772,0.365387,0.503417,-0.078774,-0.000193,0.042081,-0.002198,-0.065058,0.612026,-0.408836,-0.075054,-0.026877
0.585519,0.365387,-0.078774,-0.000193,0.042081,-0.002198,-0.065058,0.612026,-0.408836,-0.075054,-0.026877,0.514966
0.580354,0.365387,-0.000193,0.042081,-0.002198,-0.065058,0.612026,-0.408836,-0.075054,-0.026877,0.514966,-0.265059
0.579405,0.365387,0.042081,-0.002198,-0.065058,0.612026,-0.408836,-0.075054,-0.026877,0.514966,-0.265059,0.068426
0.579065,0.365387,-0.002198,-0.065058,0.612026,-0.408836,-0.075054,-0.026877,0.514966,-0.265059,0.068426,0.030192
0.585578,0.365387,-0.065058,0.612026,-0.408836,-0.075054,-0.026877,0.514966,-0.265059,0.068426,0.030192,-0.077033
0.582228,0.365387,0.612026,-0.408836,-0.075054,-0.026877,0.514966,-0.265059,0.068426,0.030192,-0.077033,0.038962
0.583093,0.365387,-0.408836,-0.075054,-0.026877,0.514966,-0.265059,0.068426,0.030192,-0.077033,0.038962,0.511909
0.583474,0.365387,-0.075054,-0.026877,0.514966,-0.265059,0.068426,0.030192,-0.077033,0.038962,0.511909,-0.349246
0.582501,0.365387,-0.026877,0.514966,-0.265059,0.068426,0.030192,-0.077033,0.038962,0.511909,-0.349246,-0.131563
0.582994,0.365387,0.514966,-0.265059,0.068426,0.030192,-0.077033,0.038962,0.511909,-0.349246,-0.131563,0.009812
0.589455,0.365387,-0.265059,0.068426,0.030192,-0.077033,0.038962,0.511909,-0.349246,-0.131563,0.009812,0.456147
0.585055,0.365387,0.068426,0.030192,-0.077033,0.038962,0.511909,-0.349246,-0.131563,0.009812,0.456147,-0.179404
0.583395,0.365387,0.030192,-0.077033,0.038962,0.511909,-0.349246,-0.131563,0.009812,0.456147,-0.179404,0.025733
0.583519,0.365387,-0.077033,0.038962,0.511909,-0.349246,-0.131563,0.009812,0.456147,-0.179404,0.025733,0.011754
0.589274,0.365387,0.038962,0.511909,-0.349246,-0.131563,0.009812,0.456147,-0.179404,0.025733,0.011754,-0.059204
0.587012,0.365387,0.511909,-0.349246,-0.131563,0.009812,0.456147,-0.179404,0.025733,0.011754,-0.059204,-0.004878
0.587337,0.365387,-0.349246,-0.131563,0.009812,0.456147,-0.179404,0.025733,0.011754,-0.059204,-0.004878,0.541038
0.587485,0.365387,-0.131563,0.009812,0.456147,-0.179404,0.025733,0.011754,-0.059204,-0.004878,0.541038,-0.376593
0.586739,0.365387,0.009812,0.456147,-0.179404,0.025733,0.011754,-0.059204,-0.004878,0.541038,-0.376593,-0.107344
0.586677,0.365387,0.456147,-0.179404,0.025733,0.011754,-0.059204,-0.004878,0.541038,-0.376593,-0.107344,0.015836
0.593489,0.365387,-0.179404,0.025733,0.011754,-0.059204,-0.004878,0.541038,-0.376593,-0.107344,0.015836,0.484393
0.588756,0.365387,0.025733,0.011754,-0.059204,-0.004878,0.541038,-0.376593,-0.107344,0.015836,0.484393,-0.180564
0.587406,0.365387,0.011754,-0.059204,-0.004878,0.541038,-0.376593,-0.107344,0.015836,0.484393,-0.180564,-0.011424
0.587605,0.365387,-0.059204,-0.004878,0.541038,-0.376593,-0.107344,0.015836,0.484393,-0.180564,-0.011424,0.056152
0.5937,0.365387,-0.004878,0.541038,-0.376593,-0.107344,0.015836,0.484393,-0.180564,-0.011424,0.056152,-0.072679
0.59143,0.365387,0.541038,-0.376593,-0.107344,0.015836,0.484393,-0.180564,-0.011424,0.056152,-0.072679,-0.030572
0.591286,0.365387,-0.376593,-0.107344,0.015836,0.484393,-0.180564,-0.011424,0.056152,-0.072679,-0.030572,0.532743
0.591991,0.365387,-0.107344,0.015836,0.484393,-0.180564,-0.011424,0.056152,-0.072679,-0.030572,0.532743,-0.334706
0.591079,0.365387,0.015836,0.484393,-0.180564,-0.011424,0.056152,-0.072679,-0.030572,0.532743,-0.334706,-0.152306
0.590694,0.365387,0.484393,-0.180564,-0.011424,0.056152,-0.072679,-0.030572,0.532743,-0.334706,-0.152306,0.03455
0.597385,0.365387,-0.180564,-0.011424,0.056152,-0.072679,-0.030572,0.532743,-0.334706,-0.152306,0.03455,0.417743
0.593189,0.365387,-0.011424,0.056152,-0.072679,-0.030572,0.532743,-0.334706,-0.152306,0.03455,0.417743,-0.168772
0.591278,0.365387,0.056152,-0.072679,-0.030572,0.532743,-0.334706,-0.152306,0.03455,0.417743,-0.168772,0.001545
0.591712,0.365387,-0.072679,-0.030572,0.532743,-0.334706,-0.152306,0.03455,0.417743,-0.168772,0.001545,-0.006924
0.596956,0.365387,-0.030572,0.532743,-0.334706,-0.152306,0.03455,0.417743,-0.168772,0.001545,-0.006924,-0.079607
0.594839,0.365387,0.532743,-0.334706,-0.152306,0.03455,0.417743,-0.168772,0.001545,-0.006924,-0.079607,0.000467
0.594858,0.365387,-0.334706,-0.152306,0.03455,0.417743,-0.168772,0.001545,-0.006924,-0.079607,0.000467,0.192106
0.594771,0.365387,-0.152306,0.03455,0.417743,-0.168772,0.001545,-0.006924,-0.079607,0.000467,0.192106,-0.163367
0.593773,0.365387,0.03455,0.417743,-0.168772,0.001545,-0.006924,-0.079607,0.000467,0.192106,-0.163367,-0.530073
0.593779,0.365387,0.417743,-0.168772,0.001545,-0.006924,-0.079607,0.000467,0.192106,-0.163367,-0.530073,0.103536
0.59619,0.365387,-0.168772,0.001545,-0.006924,-0.079607,0.000467,0.192106,-0.163367,-0.530073,0.103536,0.057407
0.594142,0.365387,0.001545,-0.006924,-0.079607,0.000467,0.192106,-0.163367,-0.530073,0.103536,0.057407,-0.110801
0.587485,0.365387,-0.006924,-0.079607,0.000467,0.192106,-0.163367,-0.530073,0.103536,0.057407,-0.110801,-0.030462
0.588788,0.365387,-0.079607,0.000467,0.192106,-0.163367,-0.530073,0.103536,0.057407,-0.110801,-0.030462,0.074505
0.589511,0.365387,0.000467,0.192106,-0.163367,-0.530073,0.103536,0.057407,-0.110801,-0.030462,0.074505,0.022033
0.588114,0.365387,0.192106,-0.163367,-0.530073,0.103536,0.057407,-0.110801,-0.030462,0.074505,0.022033,-0.005182
0.587731,0.365387,-0.163367,-0.530073,0.103536,0.057407,-0.110801,-0.030462,0.074505,0.022033,-0.005182,0.543461
0.588668,0.365387,-0.530073,0.103536,0.057407,-0.110801,-0.030462,0.074505,0.022033,-0.005182,0.543461,-0.340132
0.588945,0.365387,0.103536,0.057407,-0.110801,-0.030462,0.074505,0.022033,-0.005182,0.543461,-0.340132,-0.082628
0.58888,0.365387,0.057407,-0.110801,-0.030462,0.074505,0.022033,-0.005182,0.543461,-0.340132,-0.082628,-0.022053
0.595713,0.365387,-0.110801,-0.030462,0.074505,0.022033,-0.005182,0.543461,-0.340132,-0.082628,-0.022053,0.467366
0.591445,0.365387,-0.030462,0.074505,0.022033,-0.005182,0.543461,-0.340132,-0.082628,-0.022053,0.467366,-0.168528
0.590407,0.365387,0.074505,0.022033,-0.005182,0.543461,-0.340132,-0.082628,-0.022053,0.467366,-0.168528,-0.049196
0.59013,0.365387,0.022033,-0.005182,0.543461,-0.340132,-0.082628,-0.022053,0.467366,-0.168528,-0.049196,0.024726
0.596001,0.365387,-0.005182,0.543461,-0.340132,-0.082628,-0.022053,0.467366,-0.168528,-0.049196,0.024726,-0.07934
0.593886,0.365387,0.543461,-0.340132,-0.082628,-0.022053,0.467366,-0.168528,-0.049196,0.024726,-0.07934,-0.03086
0.593269,0.365387,-0.340132,-0.082628,-0.022053,0.467366,-0.168528,-0.049196,0.024726,-0.07934,-0.03086,0.508888
0.593579,0.365387,-0.082628,-0.022053,0.467366,-0.168528,-0.049196,0.024726,-0.07934,-0.03086,0.508888,-0.663659
0.592583,0.365387,-0.022053,0.467366,-0.168528,-0.049196,0.024726,-0.07934,-0.03086,0.508888,-0.663659,-0.101323
0.592195,0.365387,0.467366,-0.168528,-0.049196,0.024726,-0.07934,-0.03086,0.508888,-0.663659,-0.101323,-0.532906
0.598581,0.365387,-0.168528,-0.049196,0.024726,-0.07934,-0.03086,0.508888,-0.663659,-0.101323,-0.532906,0.542717
0.590258,0.365387,-0.049196,0.024726,-0.07934,-0.03086,0.508888,-0.663659,-0.101323,-0.532906,0.542717,-0.693616
0.588984,0.365387,0.024726,-0.07934,-0.03086,0.508888,-0.663659,-0.101323,-0.532906,0.542717,-0.693616,0.334707
0.582266,0.365387,-0.07934,-0.03086,0.508888,-0.663659,-0.101323,-0.532906,0.542717,-0.693616,0.334707,-0.298803
0.589116,0.365387,-0.03086,0.508888,-0.663659,-0.101323,-0.532906,0.542717,-0.693616,0.334707,-0.298803,-0.027081
0.580354,0.365387,0.508888,-0.663659,-0.101323,-0.532906,0.542717,-0.693616,0.334707,-0.298803,-0.027081,-0.225007
0.584584,0.365387,-0.663659,-0.101323,-0.532906,0.542717,-0.693616,0.334707,-0.298803,-0.027081,-0.225007,0.506285
0.580811,0.365387,-0.101323,-0.532906,0.542717,-0.693616,0.334707,-0.298803,-0.027081,-0.225007,0.506285,-0.340055
0.580469,0.365387,-0.532906,0.542717,-0.693616,0.334707,-0.298803,-0.027081,-0.225007,0.506285,-0.340055,-0.013331
0.577617,0.365387,0.542717,-0.693616,0.334707,-0.298803,-0.027081,-0.225007,0.506285,-0.340055,-0.013331,0.096454
0.584029,0.365387,-0.693616,0.334707,-0.298803,-0.027081,-0.225007,0.506285,-0.340055,-0.013331,0.096454,0.447902
0.57973,0.365387,0.334707,-0.298803,-0.027081,-0.225007,0.506285,-0.340055,-0.013331,0.096454,0.447902,-0.370515
0.579561,0.365387,-0.298803,-0.027081,-0.225007,0.506285,-0.340055,-0.013331,0.096454,0.447902,-0.370515,0.068316
0.580781,0.365387,-0.027081,-0.225007,0.506285,-0.340055,-0.013331,0.096454,0.447902,-0.370515,0.068316,-0.297751
0.586442,0.365387,-0.225007,0.506285,-0.340055,-0.013331,0.096454,0.447902,-0.370515,0.068316,-0.297751,0.077872
0.581759,0.362915,0.506285,-0.340055,-0.013331,0.096454,0.447902,-0.370515,0.068316,-0.297751,0.077872,-0.200202
0.582623,0.362915,-0.340055,-0.013331,0.096454,0.447902,-0.370515,0.068316,-0.297751,0.077872,-0.200202,0.47498
0.578859,0.362915,-0.013331,0.096454,0.447902,-0.370515,0.068316,-0.297751,0.077872,-0.200202,0.47498,-0.554612
0.579845,0.362915,0.096454,0.447902,-0.370515,0.068316,-0.297751,0.077872,-0.200202,0.47498,-0.554612,-0.001066
0.577306,0.362915,0.447902,-0.370515,0.068316,-0.297751,0.077872,-0.200202,0.47498,-0.554612,-0.001066,-0.03872
0.583324,0.362915,-0.370515,0.068316,-0.297751,0.077872,-0.200202,0.47498,-0.554612,-0.001066,-0.03872,0.131013
0.576303,0.362915,0.068316,-0.297751,0.077872,-0.200202,0.47498,-0.554612,-0.001066,-0.03872,0.131013,-0.121428
0.57629,0.362915,-0.297751,0.077872,-0.200202,0.47498,-0.554612,-0.001066,-0.03872,0.131013,-0.121428,-0.030998
0.575799,0.362915,0.077872,-0.200202,0.47498,-0.554612,-0.001066,-0.03872,0.131013,-0.121428,-0.030998,0.164574
0.577462,0.362915,-0.200202,0.47498,-0.554612,-0.001066,-0.03872,0.131013,-0.121428,-0.030998,0.164574,-0.136946
0.57592,0.362915,0.47498,-0.554612,-0.001066,-0.03872,0.131013,-0.121428,-0.030998,0.164574,-0.136946,0.106531
0.575527,0.362915,-0.554612,-0.001066,-0.03872,0.131013,-0.121428,-0.030998,0.164574,-0.136946,0.106531,0.50589
0.577612,0.362915,-0.001066,-0.03872,0.131013,-0.121428,-0.030998,0.164574,-0.136946,0.106531,0.50589,-0.253521
0.575876,0.362915,-0.03872,0.131013,-0.121428,-0.030998,0.164574,-0.136946,0.106531,0.50589,-0.253521,-0.192109
0.577229,0.362915,0.131013,-0.121428,-0.030998,0.164574,-0.136946,0.106531,0.50589,-0.253521,-0.192109,0.059341
0.583637,0.362915,-0.121428,-0.030998,0.164574,-0.136946,0.106531,0.50589,-0.253521,-0.192109,0.059341,0.471245
0.580432,0.362915,-0.030998,0.164574,-0.136946,0.106531,0.50589,-0.253521,-0.192109,0.059341,0.471245,-0.147301
0.578002,0.362915,0.164574,-0.136946,0.106531,0.50589,-0.253521,-0.192109,0.059341,0.471245,-0.147301,0.018901
0.578753,0.362915,-0.136946,0.106531,0.50589,-0.253521,-0.192109,0.059341,0.471245,-0.147301,0.018901,-0.174457
0.584716,0.362915,0.106531,0.50589,-0.253521,-0.192109,0.059341,0.471245,-0.147301,0.018901,-0.174457,-0.131907
0.582854,0.362915,0.50589,-0.253521,-0.192109,0.059341,0.471245,-0.147301,0.018901,-0.174457,-0.131907,-0.181542
0.583093,0.362915,-0.253521,-0.192109,0.059341,0.471245,-0.147301,0.018901,-0.174457,-0.131907,-0.181542,0.617171
0.580889,0.362915,-0.192109,0.059341,0.471245,-0.147301,0.018901,-0.174457,-0.131907,-0.181542,0.617171,-0.41447
0.579221,0.362915,0.059341,0.471245,-0.147301,0.018901,-0.174457,-0.131907,-0.181542,0.617171,-0.41447,-0.013316
0.576918,0.362915,0.471245,-0.147301,0.018901,-0.174457,-0.131907,-0.181542,0.617171,-0.41447,-0.013316,0.047053
0.584734,0.362915,-0.147301,0.018901,-0.174457,-0.131907,-0.181542,0.617171,-0.41447,-0.013316,0.047053,0.472148
0.579496,0.362915,0.018901,-0.174457,-0.131907,-0.181542,0.617171,-0.41447,-0.013316,0.047053,0.472148,-0.153734
0.579327,0.362915,-0.174457,-0.131907,-0.181542,0.617171,-0.41447,-0.013316,0.047053,0.472148,-0.153734,0.056376
0.579922,0.362915,-0.131907,-0.181542,0.617171,-0.41447,-0.013316,0.047053,0.472148,-0.153734,0.056376,0.055272
0.585892,0.362915,-0.181542,0.617171,-0.41447,-0.013316,0.047053,0.472148,-0.153734,0.056376,0.055272,-0.033909
0.58395,0.362915,0.617171,-0.41447,-0.013316,0.047053,0.472148,-0.153734,0.056376,0.055272,-0.033909,-0.029449
0.584662,0.362915,-0.41447,-0.013316,0.047053,0.472148,-0.153734,0.056376,0.055272,-0.033909,-0.029449,0.306714
0.585359,0.362915,-0.013316,0.047053,0.472148,-0.153734,0.056376,0.055272,-0.033909,-0.029449,0.306714,-0.199223
0.584931,0.362915,0.047053,0.472148,-0.153734,0.056376,0.055272,-0.033909,-0.029449,0.306714,-0.199223,-0.50366
0.584559,0.362915,0.472148,-0.153734,0.056376,0.055272,-0.033909,-0.029449,0.306714,-0.199223,-0.50366,0.158269
0.58843,0.362915,-0.153734,0.056376,0.055272,-0.033909,-0.029449,0.306714,-0.199223,-0.50366,0.158269,0.367488
0.58592,0.362915,0.056376,0.055272,-0.033909,-0.029449,0.306714,-0.199223,-0.50366,0.158269,0.367488,0.051413
0.579561,0.362915,0.055272,-0.033909,-0.029449,0.306714,-0.199223,-0.50366,0.158269,0.367488,0.051413,-0.124083
0.581563,0.362915,-0.033909,-0.029449,0.306714,-0.199223,-0.50366,0.158269,0.367488,0.051413,-0.124083,0.155418
0.586206,0.362915,-0.029449,0.306714,-0.199223,-0.50366,0.158269,0.367488,0.051413,-0.124083,0.155418,-0.177632
0.586855,0.362915,0.306714,-0.199223,-0.50366,0.158269,0.367488,0.051413,-0.124083,0.155418,-0.177632,-0.097655
0.585291,0.362915,-0.199223,-0.50366,0.158269,0.367488,0.051413,-0.124083,0.155418,-0.177632,-0.097655,0.362425
0.587248,0.362915,-0.50366,0.158269,0.367488,0.051413,-0.124083,0.155418,-0.177632,-0.097655,0.362425,-0.255309
0.58501,0.362915,0.158269,0.367488,0.051413,-0.124083,0.155418,-0.177632,-0.097655,0.362425,-0.255309,-0.044461
0.583776,0.360321,0.367488,0.051413,-0.124083,0.155418,-0.177632,-0.097655,0.362425,-0.255309,-0.044461,0.047106
0.588351,0.360321,0.051413,-0.124083,0.155418,-0.177632,-0.097655,0.362425,-0.255309,-0.044461,0.047106,0.495052
0.585133,0.360321,-0.124083,0.155418,-0.177632,-0.097655,0.362425,-0.255309,-0.044461,0.047106,0.495052,-0.167461
0.584573,0.360321,0.155418,-0.177632,-0.097655,0.362425,-0.255309,-0.044461,0.047106,0.495052,-0.167461,0.070091
0.585167,0.360321,-0.177632,-0.097655,0.362425,-0.255309,-0.044461,0.047106,0.495052,-0.167461,0.070091,0.011905
0.591405,0.360321,-0.097655,0.362425,-0.255309,-0.044461,0.047106,0.495052,-0.167461,0.070091,0.011905,0.009376
0.589297,0.360321,0.362425,-0.255309,-0.044461,0.047106,0.495052,-0.167461,0.070091,0.011905,0.009376,0.00088
0.590179,0.360321,-0.255309,-0.044461,0.047106,0.495052,-0.167461,0.070091,0.011905,0.009376,0.00088,0.564298
0.590328,0.360321,-0.044461,0.047106,0.495052,-0.167461,0.070091,0.011905,0.009376,0.00088,0.564298,-0.366417
0.590446,0.360321,0.047106,0.495052,-0.167461,0.070091,0.011905,0.009376,0.00088,0.564298,-0.366417,-0.202662
0.590457,0.360321,0.495052,-0.167461,0.070091,0.011905,0.009376,0.00088,0.564298,-0.366417,-0.202662,-0.241533
0.597544,0.360321,-0.167461,0.070091,0.011905,0.009376,0.00088,0.564298,-0.366417,-0.202662,-0.241533,0.31425
0.592951,0.360321,0.070091,0.011905,0.009376,0.00088,0.564298,-0.366417,-0.202662,-0.241533,0.31425,-0.085939
0.590407,0.360321,0.011905,0.009376,0.00088,0.564298,-0.366417,-0.202662,-0.241533,0.31425,-0.085939,0.01363
0.587369,0.360321,0.009376,0.00088,0.564298,-0.366417,-0.202662,-0.241533,0.31425,-0.085939,0.01363,0.068655
0.591326,0.360321,0.00088,0.564298,-0.366417,-0.202662,-0.241533,0.31425,-0.085939,0.01363,0.068655,0.00933
0.590244,0.360321,0.564298,-0.366417,-0.202662,-0.241533,0.31425,-0.085939,0.01363,0.068655,0.00933,-0.030643
0.590416,0.360321,-0.366417,-0.202662,-0.241533,0.31425,-0.085939,0.01363,0.068655,0.00933,-0.030643,0.361652
0.591278,0.360321,-0.202662,-0.241533,0.31425,-0.085939,0.01363,0.068655,0.00933,-0.030643,0.361652,-0.245412
0.591395,0.360321,-0.241533,0.31425,-0.085939,0.01363,0.068655,0.00933,-0.030643,0.361652,-0.245412,-0.265386
0.59101,0.360321,0.31425,-0.085939,0.01363,0.068655,0.00933,-0.030643,0.361652,-0.245412,-0.265386,-0.090835
0.595554,0.360321,-0.085939,0.01363,0.068655,0.00933,-0.030643,0.361652,-0.245412,-0.265386,-0.090835,0.013677
0.592475,0.360321,0.01363,0.068655,0.00933,-0.030643,0.361652,-0.245412,-0.265386,-0.090835,0.013677,0.00173
0.589142,0.360321,0.068655,0.00933,-0.030643,0.361652,-0.245412,-0.265386,-0.090835,0.013677,0.00173,-0.217867
0.587999,0.360321,0.00933,-0.030643,0.361652,-0.245412,-0.265386,-0.090835,0.013677,0.00173,-0.217867,0.356366
0.588171,0.360321,-0.030643,0.361652,-0.245412,-0.265386,-0.090835,0.013677,0.00173,-0.217867,0.356366,-0.24128
0.588193,0.360321,0.361652,-0.245412,-0.265386,-0.090835,0.013677,0.00173,-0.217867,0.356366,-0.24128,0.251296
0.585448,0.360321,-0.245412,-0.265386,-0.090835,0.013677,0.00173,-0.217867,0.356366,-0.24128,0.251296,0.354605
0.589932,0.360321,-0.265386,-0.090835,0.013677,0.00173,-0.217867,0.356366,-0.24128,0.251296,0.354605,-0.16934
0.586896,0.360321,-0.090835,0.013677,0.00173,-0.217867,0.356366,-0.24128,0.251296,0.354605,-0.16934,-0.183579
0.590062,0.360321,0.013677,0.00173,-0.217867,0.356366,-0.24128,0.251296,0.354605,-0.16934,-0.183579,0.097524
0.594521,0.360321,0.00173,-0.217867,0.356366,-0.24128,0.251296,0.354605,-0.16934,-0.183579,0.097524,0.411134
0.592396,0.360321,-0.217867,0.356366,-0.24128,0.251296,0.354605,-0.16934,-0.183579,0.097524,0.411134,-0.124371
0.590091,0.360321,0.356366,-0.24128,0.251296,0.354605,-0.16934,-0.183579,0.097524,0.411134,-0.124371,0.026939
0.591316,0.360321,-0.24128,0.251296,0.354605,-0.16934,-0.183579,0.097524,0.411134,-0.124371,0.026939,-0.01962
0.596479,0.360321,0.251296,0.354605,-0.16934,-0.183579,0.097524,0.411134,-0.124371,0.026939,-0.01962,-0.016286
0.594918,0.360321,0.354605,-0.16934,-0.183579,0.097524,0.411134,-0.124371,0.026939,-0.01962,-0.016286,-0.050234
0.595256,0.360321,-0.16934,-0.183579,0.097524,0.411134,-0.124371,0.026939,-0.01962,-0.016286,-0.050234,0.55576
0.59501,0.360321,-0.183579,0.097524,0.411134,-0.124371,0.026939,-0.01962,-0.016286,-0.050234,0.55576,-0.343058
0.594806,0.360321,0.097524,0.411134,-0.124371,0.026939,-0.01962,-0.016286,-0.050234,0.55576,-0.343058,-0.159606
0.594175,0.360321,0.411134,-0.124371,0.026939,-0.01962,-0.016286,-0.050234,0.55576,-0.343058,-0.159606,0.066225
0.60114,0.360321,-0.124371,0.026939,-0.01962,-0.016286,-0.050234,0.55576,-0.343058,-0.159606,0.066225,0.420384
0.596849,0.360321,0.026939,-0.01962,-0.016286,-0.050234,0.55576,-0.343058,-0.159606,0.066225,0.420384,-0.137838
0.594851,0.360321,-0.01962,-0.016286,-0.050234,0.55576,-0.343058,-0.159606,0.066225,0.420384,-0.137838,-0.036349
0.595681,0.360321,-0.016286,-0.050234,0.55576,-0.343058,-0.159606,0.066225,0.420384,-0.137838,-0.036349,0.089213
0.600945,0.360321,-0.050234,0.55576,-0.343058,-0.159606,0.066225,0.420384,-0.137838,-0.036349,0.089213,-0.176562
0.59922,0.360321,0.55576,-0.343058,-0.159606,0.066225,0.420384,-0.137838,-0.036349,0.089213,-0.176562,-0.23463
0.598765,0.360321,-0.343058,-0.159606,0.066225,0.420384,-0.137838,-0.036349,0.089213,-0.176562,-0.23463,0.402796
0.59988,0.360321,-0.159606,0.066225,0.420384,-0.137838,-0.036349,0.089213,-0.176562,-0.23463,0.402796,-0.310557
0.597673,0.360321,0.066225,0.420384,-0.137838,-0.036349,0.089213,-0.176562,-0.23463,0.402796,-0.310557,-0.070478
0.594731,0.360321,0.420384,-0.137838,-0.036349,0.089213,-0.176562,-0.23463,0.402796,-0.310557,-0.070478,0.047182
0.599779,0.360321,-0.137838,-0.036349,0.089213,-0.176562,-0.23463,0.402796,-0.310557,-0.070478,0.047182,0.465117
0.595893,0.360321,-0.036349,0.089213,-0.176562,-0.23463,0.402796,-0.310557,-0.070478,0.047182,0.465117,-0.367217
0.59501,0.360321,0.089213,-0.176562,-0.23463,0.402796,-0.310557,-0.070478,0.047182,0.465117,-0.367217,-0.112723
0.595601,0.360321,-0.176562,-0.23463,0.402796,-0.310557,-0.070478,0.047182,0.465117,-0.367217,-0.112723,-0.48733
0.601425,0.360321,-0.23463,0.402796,-0.310557,-0.070478,0.047182,0.465117,-0.367217,-0.112723,-0.48733,-0.253416
0.596827,0.360321,0.402796,-0.310557,-0.070478,0.047182,0.465117,-0.367217,-0.112723,-0.48733,-0.253416,-0.116603
0.595415,0.360321,-0.310557,-0.070478,0.047182,0.465117,-0.367217,-0.112723,-0.48733,-0.253416,-0.116603,0.689958
0.5893,0.360321,-0.070478,0.047182,0.465117,-0.367217,-0.112723,-0.48733,-0.253416,-0.116603,0.689958,-0.407829
0.58611,0.360321,0.047182,0.465117,-0.367217,-0.112723,-0.48733,-0.253416,-0.116603,0.689958,-0.407829,-0.057169
0.584638,0.360321,0.465117,-0.367217,-0.112723,-0.48733,-0.253416,-0.116603,0.689958,-0.407829,-0.057169,-0.233734
0.593331,0.360321,-0.367217,-0.112723,-0.48733,-0.253416,-0.116603,0.689958,-0.407829,-0.057169,-0.233734,0.500794
0.588204,0.360321,-0.112723,-0.48733,-0.253416,-0.116603,0.689958,-0.407829,-0.057169,-0.233734,0.500794,-0.204829
0.587485,0.360321,-0.48733,-0.253416,-0.116603,0.689958,-0.407829,-0.057169,-0.233734,0.500794,-0.204829,0.151518
0.584539,0.360321,-0.253416,-0.116603,0.689958,-0.407829,-0.057169,-0.233734,0.500794,-0.204829,0.151518,0.018188
0.590852,0.360321,-0.116603,0.689958,-0.407829,-0.057169,-0.233734,0.500794,-0.204829,0.151518,0.018188,0.084946
0.588272,0.360321,0.689958,-0.407829,-0.057169,-0.233734,0.500794,-0.204829,0.151518,0.018188,0.084946,-0.074591
0.590179,0.360321,-0.407829,-0.057169,-0.233734,0.500794,-0.204829,0.151518,0.018188,0.084946,-0.074591,0.570755
0.590407,0.360321,-0.057169,-0.233734,0.500794,-0.204829,0.151518,0.018188,0.084946,-0.074591,0.570755,-0.385487
0.591474,0.360321,-0.233734,0.500794,-0.204829,0.151518,0.018188,0.084946,-0.074591,0.570755,-0.385487,-0.070163
0.590536,0.360321,0.500794,-0.204829,0.151518,0.018188,0.084946,-0.074591,0.570755,-0.385487,-0.070163,0.009269
0.597704,0.360321,-0.204829,0.151518,0.018188,0.084946,-0.074591,0.570755,-0.385487,-0.070163,0.009269,0.449793
0.592872,0.360321,0.151518,0.018188,0.084946,-0.074591,0.570755,-0.385487,-0.070163,0.009269,0.449793,-0.181633
0.591991,0.360321,0.018188,0.084946,-0.074591,0.570755,-0.385487,-0.070163,0.009269,0.449793,-0.181633,-0.011089
0.592108,0.360321,0.084946,-0.074591,0.570755,-0.385487,-0.070163,0.009269,0.449793,-0.181633,-0.011089,0.037614
0.597752,0.360321,-0.074591,0.570755,-0.385487,-0.070163,0.009269,0.449793,-0.181633,-0.011089,0.037614,-0.181212
0.595474,0.360321,0.570755,-0.385487,-0.070163,0.009269,0.449793,-0.181633,-0.011089,0.037614,-0.181212,-0.232301
0.595335,0.360321,-0.385487,-0.070163,0.009269,0.449793,-0.181633,-0.011089,0.037614,-0.181212,-0.232301,0.424734
0.595806,0.360321,-0.070163,0.009269,0.449793,-0.181633,-0.011089,0.037614,-0.181212,-0.232301,0.424734,-0.327655
0.593535,0.360321,0.009269,0.449793,-0.181633,-0.011089,0.037614,-0.181212,-0.232301,0.424734,-0.327655,-0.070066
0.590615,0.360321,0.449793,-0.181633,-0.011089,0.037614,-0.181212,-0.232301,0.424734,-0.327655,-0.070066,0.028246
0.595952,0.360321,-0.181633,-0.011089,0.037614,-0.181212,-0.232301,0.424734,-0.327655,-0.070066,0.028246,0.468273
0.591841,0.360321,-0.011089,0.037614,-0.181212,-0.232301,0.424734,-0.327655,-0.070066,0.028246,0.468273,-0.162494
0.590961,0.360321,0.037614,-0.181212,-0.232301,0.424734,-0.327655,-0.070066,0.028246,0.468273,-0.162494,-0.15683
0.591316,0.360321,-0.181212,-0.232301,0.424734,-0.327655,-0.070066,0.028246,0.468273,-0.162494,-0.15683,-0.057556
0.597195,0.360321,-0.232301,0.424734,-0.327655,-0.070066,0.028246,0.468273,-0.162494,-0.15683,-0.057556,-0.211233
0.595157,0.360321,0.424734,-0.327655,-0.070066,0.028246,0.468273,-0.162494,-0.15683,-0.057556,-0.211233,0.03856
0.593189,0.360321,-0.327655,-0.070066,0.028246,0.468273,-0.162494,-0.15683,-0.057556,-0.211233,0.03856,0.513268
0.592467,0.360321,-0.070066,0.028246,0.468273,-0.162494,-0.15683,-0.057556,-0.211233,0.03856,0.513268,-0.245843
0.589814,0.360321,0.028246,0.468273,-0.162494,-0.15683,-0.057556,-0.211233,0.03856,0.513268,-0.245843,-0.152429
0.590299,0.360321,0.468273,-0.162494,-0.15683,-0.057556,-0.211233,0.03856,0.513268,-0.245843,-0.152429,0.072425
0.596748,0.360321,-0.162494,-0.15683,-0.057556,-0.211233,0.03856,0.513268,-0.245843,-0.152429,0.072425,0.386588
0.593666,0.360321,-0.15683,-0.057556,-0.211233,0.03856,0.513268,-0.245843,-0.152429,0.072425,0.386588,-0.080121
0.591753,0.360321,-0.057556,-0.211233,0.03856,0.513268,-0.245843,-0.152429,0.072425,0.386588,-0.080121,0.008083
0.592663,0.360321,-0.211233,0.03856,0.513268,-0.245843,-0.152429,0.072425,0.386588,-0.080121,0.008083,0.03136
0.597513,0.360321,0.03856,0.513268,-0.245843,-0.152429,0.072425,0.386588,-0.080121,0.008083,0.03136,0.01532
