-0.397238,0.182312,-0.036754,-0.113943,-0.056731,-0.108449,0.010325,-0.030227,-0.11808,0.000478,0.05191,0.013481
-0.401165,0.182312,-0.113943,-0.056731,-0.108449,0.010325,-0.030227,-0.11808,0.000478,0.05191,0.013481,0.015181
-0.401149,0.182312,-0.056731,-0.108449,0.010325,-0.030227,-0.11808,0.000478,0.05191,0.013481,0.015181,0.029451
-0.399417,0.182312,-0.108449,0.010325,-0.030227,-0.11808,0.000478,0.05191,0.013481,0.015181,0.029451,0.014069
-0.398968,0.182312,0.010325,-0.030227,-0.11808,0.000478,0.05191,0.013481,0.015181,0.029451,0.014069,0.040735
-0.398463,0.182312,-0.030227,-0.11808,0.000478,0.05191,0.013481,0.015181,0.029451,0.014069,0.040735,-0.019881
-0.397485,0.182312,-0.11808,0.000478,0.05191,0.013481,0.015181,0.029451,0.014069,0.040735,-0.019881,-0.110133
-0.397019,0.182312,0.000478,0.05191,0.013481,0.015181,0.029451,0.014069,0.040735,-0.019881,-0.110133,-0.019194
-0.395668,0.183075,0.05191,0.013481,0.015181,0.029451,0.014069,0.040735,-0.019881,-0.110133,-0.019194,0.044394
-0.396327,0.183075,0.013481,0.015181,0.029451,0.014069,0.040735,-0.019881,-0.110133,-0.019194,0.044394,0.049608
-0.399987,0.183075,0.015181,0.029451,0.014069,0.040735,-0.019881,-0.110133,-0.019194,0.044394,0.049608,-0.00409
-0.400626,0.183075,0.029451,0.014069,0.040735,-0.019881,-0.110133,-0.019194,0.044394,0.049608,-0.00409,0.012593
-0.399148,0.182312,0.014069,0.040735,-0.019881,-0.110133,-0.019194,0.044394,0.049608,-0.00409,0.012593,0.037924
-0.397497,0.182312,0.040735,-0.019881,-0.110133,-0.019194,0.044394,0.049608,-0.00409,0.012593,0.037924,0.02035
-0.397633,0.182312,-0.019881,-0.110133,-0.019194,0.044394,0.049608,-0.00409,0.012593,0.037924,0.02035,0.002598
-0.397215,0.182312,-0.110133,-0.019194,0.044394,0.049608,-0.00409,0.012593,0.037924,0.02035,0.002598,-0.142168
-0.39596,0.182312,-0.019194,0.044394,0.049608,-0.00409,0.012593,0.037924,0.02035,0.002598,-0.142168,-0.124886
-0.395287,0.182312,0.044394,0.049608,-0.00409,0.012593,0.037924,0.02035,0.002598,-0.142168,-0.124886,0.001665
-0.395201,0.182312,0.049608,-0.00409,0.012593,0.037924,0.02035,0.002598,-0.142168,-0.124886,0.001665,0.059433
-0.399925,0.182312,-0.00409,0.012593,0.037924,0.02035,0.002598,-0.142168,-0.124886,0.001665,0.059433,0.05912
-0.404102,0.182312,0.012593,0.037924,0.02035,0.002598,-0.142168,-0.124886,0.001665,0.059433,0.05912,0.02254
-0.404046,0.182312,0.037924,0.02035,0.002598,-0.142168,-0.124886,0.001665,0.059433,0.05912,0.02254,0.037608
-0.402056,0.183594,0.02035,0.002598,-0.142168,-0.124886,0.001665,0.059433,0.05912,0.02254,0.037608,0.037065
-0.40008,0.183594,0.002598,-0.142168,-0.124886,0.001665,0.059433,0.05912,0.02254,0.037608,0.037065,0.021664
-0.399329,0.183594,-0.142168,-0.124886,0.001665,0.059433,0.05912,0.02254,0.037608,0.037065,0.021664,0.006064
-0.398078,0.183594,-0.124886,0.001665,0.059433,0.05912,0.02254,0.037608,0.037065,0.021664,0.006064,-0.143356
-0.396849,0.183594,0.001665,0.059433,0.05912,0.02254,0.037608,0.037065,0.021664,0.006064,-0.143356,-0.122457
-0.396131,0.184265,0.059433,0.05912,0.02254,0.037608,0.037065,0.021664,0.006064,-0.143356,-0.122457,0.004295
-0.39593,0.184265,0.05912,0.02254,0.037608,0.037065,0.021664,0.006064,-0.143356,-0.122457,0.004295,0.047617
-0.4007,0.184265,0.02254,0.037608,0.037065,0.021664,0.006064,-0.143356,-0.122457,0.004295,0.047617,0.019146
-0.404801,0.184265,0.037608,0.037065,0.021664,0.006064,-0.143356,-0.122457,0.004295,0.047617,0.019146,-0.088369
-0.404656,0.184265,0.037065,0.021664,0.006064,-0.143356,-0.122457,0.004295,0.047617,0.019146,-0.088369,0.010832
-0.40306,0.184265,0.021664,0.006064,-0.143356,-0.122457,0.004295,0.047617,0.019146,-0.088369,0.010832,0.061658
-0.402418,0.184265,0.006064,-0.143356,-0.122457,0.004295,0.047617,0.019146,-0.088369,0.010832,0.061658,0.039258
-0.405386,0.184265,-0.143356,-0.122457,0.004295,0.047617,0.019146,-0.088369,0.010832,0.061658,0.039258,0.057536
-0.405022,0.184265,-0.122457,0.004295,0.047617,0.019146,-0.088369,0.010832,0.061658,0.039258,0.057536,0.07464
-0.402955,0.184265,0.004295,0.047617,0.019146,-0.088369,0.010832,0.061658,0.039258,0.057536,0.07464,0.04947
-0.401642,0.185944,0.047617,0.019146,-0.088369,0.010832,0.061658,0.039258,0.057536,0.07464,0.04947,0.015678
-0.399721,0.185944,0.019146,-0.088369,0.010832,0.061658,0.039258,0.057536,0.07464,0.04947,0.015678,0.031882
-0.397236,0.185944,-0.088369,0.010832,0.061658,0.039258,0.057536,0.07464,0.04947,0.015678,0.031882,0.062891
-0.395597,0.185944,0.010832,0.061658,0.039258,0.057536,0.07464,0.04947,0.015678,0.031882,0.062891,0.032171
-0.395079,0.185944,0.061658,0.039258,0.057536,0.07464,0.04947,0.015678,0.031882,0.062891,0.032171,0.016478
-0.394027,0.185944,0.039258,0.057536,0.07464,0.04947,0.015678,0.031882,0.062891,0.032171,0.016478,0.022909
-0.391953,0.185944,0.057536,0.07464,0.04947,0.015678,0.031882,0.062891,0.032171,0.016478,0.022909,0.017945
-0.390895,0.185944,0.07464,0.04947,0.015678,0.031882,0.062891,0.032171,0.016478,0.022909,0.017945,0.038404
-0.390354,0.185944,0.04947,0.015678,0.031882,0.062891,0.032171,0.016478,0.022909,0.017945,0.038404,-0.018291
-0.389604,0.185944,0.015678,0.031882,0.062891,0.032171,0.016478,0.022909,0.017945,0.038404,-0.018291,-0.104736
-0.389017,0.185944,0.031882,0.062891,0.032171,0.016478,0.022909,0.017945,0.038404,-0.018291,-0.104736,-0.056313
-0.38776,0.185944,0.062891,0.032171,0.016478,0.022909,0.017945,0.038404,-0.018291,-0.104736,-0.056313,-0.094174
-0.388358,0.185944,0.032171,0.016478,0.022909,0.017945,0.038404,-0.018291,-0.104736,-0.056313,-0.094174,0.037675
-0.391792,0.185944,0.016478,0.022909,0.017945,0.038404,-0.018291,-0.104736,-0.056313,-0.094174,0.037675,0.025964
-0.393645,0.183472,0.022909,0.017945,0.038404,-0.018291,-0.104736,-0.056313,-0.094174,0.037675,0.025964,0.031005
-0.396757,0.183472,0.017945,0.038404,-0.018291,-0.104736,-0.056313,-0.094174,0.037675,0.025964,0.031005,0.044619
-0.395509,0.183472,0.038404,-0.018291,-0.104736,-0.056313,-0.094174,0.037675,0.025964,0.031005,0.044619,0.026257
-0.394649,0.183472,-0.018291,-0.104736,-0.056313,-0.094174,0.037675,0.025964,0.031005,0.044619,0.026257,0.047293
-0.393626,0.183472,-0.104736,-0.056313,-0.094174,0.037675,0.025964,0.031005,0.044619,0.026257,0.047293,0.041865
-0.392158,0.184509,-0.056313,-0.094174,0.037675,0.025964,0.031005,0.044619,0.026257,0.047293,0.041865,-0.019351
-0.391295,0.184509,-0.094174,0.037675,0.025964,0.031005,0.044619,0.026257,0.047293,0.041865,-0.019351,-0.122532
-0.389742,0.184509,0.037675,0.025964,0.031005,0.044619,0.026257,0.047293,0.041865,-0.019351,-0.122532,-0.029061
-0.38837,0.184509,0.025964,0.031005,0.044619,0.026257,0.047293,0.041865,-0.019351,-0.122532,-0.029061,-0.092173
-0.389003,0.184509,0.031005,0.044619,0.026257,0.047293,0.041865,-0.019351,-0.122532,-0.029061,-0.092173,-0.008528
-0.393023,0.184509,0.044619,0.026257,0.047293,0.041865,-0.019351,-0.122532,-0.029061,-0.092173,-0.008528,0.029117
-0.393981,0.184509,0.026257,0.047293,0.041865,-0.019351,-0.122532,-0.029061,-0.092173,-0.008528,0.029117,0.032209
-0.397033,0.184509,0.047293,0.041865,-0.019351,-0.122532,-0.029061,-0.092173,-0.008528,0.029117,0.032209,0.025602
-0.397316,0.184509,0.041865,-0.019351,-0.122532,-0.029061,-0.092173,-0.008528,0.029117,0.032209,0.025602,0.037652
-0.396351,0.184509,-0.019351,-0.122532,-0.029061,-0.092173,-0.008528,0.029117,0.032209,0.025602,0.037652,0.027733
-0.395285,0.183746,-0.122532,-0.029061,-0.092173,-0.008528,0.029117,0.032209,0.025602,0.037652,0.027733,0.01807
-0.39444,0.183746,-0.029061,-0.092173,-0.008528,0.029117,0.032209,0.025602,0.037652,0.027733,0.01807,0.009669
-0.393197,0.183746,-0.092173,-0.008528,0.029117,0.032209,0.025602,0.037652,0.027733,0.01807,0.009669,0.027396
-0.392282,0.183746,-0.008528,0.029117,0.032209,0.025602,0.037652,0.027733,0.01807,0.009669,0.027396,0.042466
-0.391688,0.183746,0.029117,0.032209,0.025602,0.037652,0.027733,0.01807,0.009669,0.027396,0.042466,0.000616
-0.391371,0.182831,0.032209,0.025602,0.037652,0.027733,0.01807,0.009669,0.027396,0.042466,0.000616,0.006337
-0.390471,0.182831,0.025602,0.037652,0.027733,0.01807,0.009669,0.027396,0.042466,0.000616,0.006337,0.016284
-0.389079,0.182831,0.037652,0.027733,0.01807,0.009669,0.027396,0.042466,0.000616,0.006337,0.016284,-0.033094
-0.389059,0.182831,0.027733,0.01807,0.009669,0.027396,0.042466,0.000616,0.006337,0.016284,-0.033094,-0.11543
-0.388851,0.182831,0.01807,0.009669,0.027396,0.042466,0.000616,0.006337,0.016284,-0.033094,-0.11543,0.008504
-0.388319,0.182831,0.009669,0.027396,0.042466,0.000616,0.006337,0.016284,-0.033094,-0.11543,0.008504,0.026065
-0.389401,0.182831,0.027396,0.042466,0.000616,0.006337,0.016284,-0.033094,-0.11543,0.008504,0.026065,0.011761
-0.393197,0.182831,0.042466,0.000616,0.006337,0.016284,-0.033094,-0.11543,0.008504,0.026065,0.011761,0.027012
-0.392916,0.182831,0.000616,0.006337,0.016284,-0.033094,-0.11543,0.008504,0.026065,0.011761,0.027012,0.050231
-0.392058,0.182831,0.006337,0.016284,-0.033094,-0.11543,0.008504,0.026065,0.011761,0.027012,0.050231,0.011647
-0.391672,0.182159,0.016284,-0.033094,-0.11543,0.008504,0.026065,0.011761,0.027012,0.050231,0.011647,-0.024668
-0.390785,0.182159,-0.033094,-0.11543,0.008504,0.026065,0.011761,0.027012,0.050231,0.011647,-0.024668,-0.118009
-0.389137,0.182159,-0.11543,0.008504,0.026065,0.011761,0.027012,0.050231,0.011647,-0.024668,-0.118009,-0.011252
-0.388755,0.182159,0.008504,0.026065,0.011761,0.027012,0.050231,0.011647,-0.024668,-0.118009,-0.011252,0.056989
-0.389563,0.182159,0.026065,0.011761,0.027012,0.050231,0.011647,-0.024668,-0.118009,-0.011252,0.056989,0.036407
-0.393438,0.182159,0.011761,0.027012,0.050231,0.011647,-0.024668,-0.118009,-0.011252,0.056989,0.036407,0.005159
-0.393809,0.182556,0.027012,0.050231,0.011647,-0.024668,-0.118009,-0.011252,0.056989,0.036407,0.005159,0.002639
-0.39193,0.182556,0.050231,0.011647,-0.024668,-0.118009,-0.011252,0.056989,0.036407,0.005159,0.002639,0.021448
-0.390733,0.182556,0.011647,-0.024668,-0.118009,-0.011252,0.056989,0.036407,0.005159,0.002639,0.021448,-0.007517
-0.390563,0.182556,-0.024668,-0.118009,-0.011252,0.056989,0.036407,0.005159,0.002639,0.021448,-0.007517,-0.117961
-0.390477,0.182556,-0.118009,-0.011252,0.056989,0.036407,0.005159,0.002639,0.021448,-0.007517,-0.117961,-0.013487
-0.389774,0.182556,-0.011252,0.056989,0.036407,0.005159,0.002639,0.021448,-0.007517,-0.117961,-0.013487,0.044103
-0.390021,0.182556,0.056989,0.036407,0.005159,0.002639,0.021448,-0.007517,-0.117961,-0.013487,0.044103,0.015652
-0.393905,0.182556,0.036407,0.005159,0.002639,0.021448,-0.007517,-0.117961,-0.013487,0.044103,0.015652,0.030199
-0.39435,0.182556,0.005159,0.002639,0.021448,-0.007517,-0.117961,-0.013487,0.044103,0.015652,0.030199,0.031571
-0.392896,0.182556,0.002639,0.021448,-0.007517,-0.117961,-0.013487,0.044103,0.015652,0.030199,0.031571,-0.006157
-0.392381,0.182831,0.021448,-0.007517,-0.117961,-0.013487,0.044103,0.015652,0.030199,0.031571,-0.006157,0.007961
-0.391387,0.182831,-0.007517,-0.117961,-0.013487,0.044103,0.015652,0.030199,0.031571,-0.006157,0.007961,0.020394
-0.39035,0.182831,-0.117961,-0.013487,0.044103,0.015652,0.030199,0.031571,-0.006157,0.007961,0.020394,0.045101
-0.390552,0.182831,-0.013487,0.044103,0.015652,0.030199,0.031571,-0.006157,0.007961,0.020394,0.045101,0.003149
-0.390291,0.183746,0.044103,0.015652,0.030199,0.031571,-0.006157,0.007961,0.020394,0.045101,0.003149,0.006766
-0.389623,0.183746,0.015652,0.030199,0.031571,-0.006157,0.007961,0.020394,0.045101,0.003149,0.006766,0.023945
-0.388146,0.183746,0.030199,0.031571,-0.006157,0.007961,0.020394,0.045101,0.003149,0.006766,0.023945,-0.03513
-0.388043,0.183746,0.031571,-0.006157,0.007961,0.020394,0.045101,0.003149,0.006766,0.023945,-0.03513,-0.115827
-0.387821,0.183746,-0.006157,0.007961,0.020394,0.045101,0.003149,0.006766,0.023945,-0.03513,-0.115827,0.008239
-0.38704,0.183746,0.007961,0.020394,0.045101,0.003149,0.006766,0.023945,-0.03513,-0.115827,0.008239,0.008972
-0.388187,0.183746,0.020394,0.045101,0.003149,0.006766,0.023945,-0.03513,-0.115827,0.008239,0.008972,-0.024858
-0.391988,0.183746,0.045101,0.003149,0.006766,0.023945,-0.03513,-0.115827,0.008239,0.008972,-0.024858,-0.122805
-0.391717,0.183746,0.003149,0.006766,0.023945,-0.03513,-0.115827,0.008239,0.008972,-0.024858,-0.122805,0.032565
-0.391422,0.183746,0.006766,0.023945,-0.03513,-0.115827,0.008239,0.008972,-0.024858,-0.122805,0.032565,-0.01475
-0.392238,0.183746,0.023945,-0.03513,-0.115827,0.008239,0.008972,-0.024858,-0.122805,0.032565,-0.01475,-0.137837
-0.396291,0.182953,-0.03513,-0.115827,0.008239,0.008972,-0.024858,-0.122805,0.032565,-0.01475,-0.137837,-0.12825
-0.395212,0.182953,-0.115827,0.008239,0.008972,-0.024858,-0.122805,0.032565,-0.01475,-0.137837,-0.12825,0.018425
-0.395701,0.182953,0.008239,0.008972,-0.024858,-0.122805,0.032565,-0.01475,-0.137837,-0.12825,0.018425,0.07033
-0.400279,0.182953,0.008972,-0.024858,-0.122805,0.032565,-0.01475,-0.137837,-0.12825,0.018425,0.07033,0.036773
-0.404568,0.183472,-0.024858,-0.122805,0.032565,-0.01475,-0.137837,-0.12825,0.018425,0.07033,0.036773,0.002189
-0.403949,0.183472,-0.122805,0.032565,-0.01475,-0.137837,-0.12825,0.018425,0.07033,0.036773,0.002189,0.024076
-0.401593,0.183472,0.032565,-0.01475,-0.137837,-0.12825,0.018425,0.07033,0.036773,0.002189,0.024076,0.049732
-0.400364,0.183472,-0.01475,-0.137837,-0.12825,0.018425,0.07033,0.036773,0.002189,0.024076,0.049732,0.048154
-0.400291,0.183472,-0.137837,-0.12825,0.018425,0.07033,0.036773,0.002189,0.024076,0.049732,0.048154,0.004163
-0.399489,0.183472,-0.12825,0.018425,0.07033,0.036773,0.002189,0.024076,0.049732,0.048154,0.004163,0.02761
-0.397836,0.183472,0.018425,0.07033,0.036773,0.002189,0.024076,0.049732,0.048154,0.004163,0.02761,0.040074
-0.396238,0.183472,0.07033,0.036773,0.002189,0.024076,0.049732,0.048154,0.004163,0.02761,0.040074,0.011768
-0.3961,0.183472,0.036773,0.002189,0.024076,0.049732,0.048154,0.004163,0.02761,0.040074,0.011768,0.013332
-0.395186,0.183472,0.002189,0.024076,0.049732,0.048154,0.004163,0.02761,0.040074,0.011768,0.013332,0.037229
-0.393863,0.184784,0.024076,0.049732,0.048154,0.004163,0.02761,0.040074,0.011768,0.013332,0.037229,-0.021965
-0.393476,0.184784,0.049732,0.048154,0.004163,0.02761,0.040074,0.011768,0.013332,0.037229,-0.021965,-0.105993
-0.393036,0.184784,0.048154,0.004163,0.02761,0.040074,0.011768,0.013332,0.037229,-0.021965,-0.105993,-0.005523
-0.391809,0.184784,0.004163,0.02761,0.040074,0.011768,0.013332,0.037229,-0.021965,-0.105993,-0.005523,0.057121
-0.392532,0.18399,0.02761,0.040074,0.011768,0.013332,0.037229,-0.021965,-0.105993,-0.005523,0.057121,0.024762
-0.396028,0.18399,0.040074,0.011768,0.013332,0.037229,-0.021965,-0.105993,-0.005523,0.057121,0.024762,0.023865
-0.396211,0.18399,0.011768,0.013332,0.037229,-0.021965,-0.105993,-0.005523,0.057121,0.024762,0.023865,0.034947
-0.394321,0.18399,0.013332,0.037229,-0.021965,-0.105993,-0.005523,0.057121,0.024762,0.023865,0.034947,0.025255
-0.393503,0.18399,0.037229,-0.021965,-0.105993,-0.005523,0.057121,0.024762,0.023865,0.034947,0.025255,0.033554
-0.392716,0.18399,-0.021965,-0.105993,-0.005523,0.057121,0.024762,0.023865,0.034947,0.025255,0.033554,0.040461
-0.391567,0.18399,-0.105993,-0.005523,0.057121,0.024762,0.023865,0.034947,0.025255,0.033554,0.040461,0.0046
-0.390738,0.18399,-0.005523,0.057121,0.024762,0.023865,0.034947,0.025255,0.033554,0.040461,0.0046,0.02102
-0.389637,0.18399,0.057121,0.024762,0.023865,0.034947,0.025255,0.033554,0.040461,0.0046,0.02102,0.033944
-0.388311,0.18399,0.024762,0.023865,0.034947,0.025255,0.033554,0.040461,0.0046,0.02102,0.033944,0.051475
-0.388161,0.18399,0.023865,0.034947,0.025255,0.033554,0.040461,0.0046,0.02102,0.033944,0.051475,-0.004325
-0.387475,0.185699,0.034947,0.025255,0.033554,0.040461,0.0046,0.02102,0.033944,0.051475,-0.004325,0.01612
-0.386368,0.185699,0.025255,0.033554,0.040461,0.0046,0.02102,0.033944,0.051475,-0.004325,0.01612,0.022565
-0.384692,0.185699,0.033554,0.040461,0.0046,0.02102,0.033944,0.051475,-0.004325,0.01612,0.022565,0.015352
-0.384833,0.185699,0.040461,0.0046,0.02102,0.033944,0.051475,-0.004325,0.01612,0.022565,0.015352,0.024523
-0.384309,0.185699,0.0046,0.02102,0.033944,0.051475,-0.004325,0.01612,0.022565,0.015352,0.024523,0.024793
-0.383577,0.184113,0.02102,0.033944,0.051475,-0.004325,0.01612,0.022565,0.015352,0.024523,0.024793,-0.000522
-0.383079,0.184113,0.033944,0.051475,-0.004325,0.01612,0.022565,0.015352,0.024523,0.024793,-0.000522,-0.003808
-0.382284,0.184113,0.051475,-0.004325,0.01612,0.022565,0.015352,0.024523,0.024793,-0.000522,-0.003808,0.015067
-0.381481,0.184113,-0.004325,0.01612,0.022565,0.015352,0.024523,0.024793,-0.000522,-0.003808,0.015067,0.03394
-0.381498,0.184113,0.01612,0.022565,0.015352,0.024523,0.024793,-0.000522,-0.003808,0.015067,0.03394,-0.060503
-0.381621,0.184113,0.022565,0.015352,0.024523,0.024793,-0.000522,-0.003808,0.015067,0.03394,-0.060503,-0.111769
-0.381134,0.184113,0.015352,0.024523,0.024793,-0.000522,-0.003808,0.015067,0.03394,-0.060503,-0.111769,-0.015015
-0.380038,0.184113,0.024523,0.024793,-0.000522,-0.003808,0.015067,0.03394,-0.060503,-0.111769,-0.015015,0.005458
-0.381995,0.184113,0.024793,-0.000522,-0.003808,0.015067,0.03394,-0.060503,-0.111769,-0.015015,0.005458,0.022151
-0.385622,0.184113,-0.000522,-0.003808,0.015067,0.03394,-0.060503,-0.111769,-0.015015,0.005458,0.022151,0.017444
-0.38611,0.181793,-0.003808,0.015067,0.03394,-0.060503,-0.111769,-0.015015,0.005458,0.022151,0.017444,-0.017016
-0.385933,0.181793,0.015067,0.03394,-0.060503,-0.111769,-0.015015,0.005458,0.022151,0.017444,-0.017016,-0.007051
-0.385211,0.181793,0.03394,-0.060503,-0.111769,-0.015015,0.005458,0.022151,0.017444,-0.017016,-0.007051,-0.019197
-0.384643,0.181793,-0.060503,-0.111769,-0.015015,0.005458,0.022151,0.017444,-0.017016,-0.007051,-0.019197,-0.112185
-0.385197,0.181793,-0.111769,-0.015015,0.005458,0.022151,0.017444,-0.017016,-0.007051,-0.019197,-0.112185,-0.025241
-0.385426,0.18335,-0.015015,0.005458,0.022151,0.017444,-0.017016,-0.007051,-0.019197,-0.112185,-0.025241,0.02149
-0.38605,0.18335,0.005458,0.022151,0.017444,-0.017016,-0.007051,-0.019197,-0.112185,-0.025241,0.02149,0.012272
-0.389719,0.18335,0.022151,0.017444,-0.017016,-0.007051,-0.019197,-0.112185,-0.025241,0.02149,0.012272,-0.004135
-0.390547,0.18335,0.017444,-0.017016,-0.007051,-0.019197,-0.112185,-0.025241,0.02149,0.012272,-0.004135,0.023001
-0.389842,0.18335,-0.017016,-0.007051,-0.019197,-0.112185,-0.025241,0.02149,0.012272,-0.004135,0.023001,0.023822
-0.389441,0.18335,-0.007051,-0.019197,-0.112185,-0.025241,0.02149,0.012272,-0.004135,0.023001,0.023822,-0.050732
-0.389576,0.18335,-0.019197,-0.112185,-0.025241,0.02149,0.012272,-0.004135,0.023001,0.023822,-0.050732,-0.12526
-0.388822,0.18335,-0.112185,-0.025241,0.02149,0.012272,-0.004135,0.023001,0.023822,-0.050732,-0.12526,-0.038967
-0.388043,0.18335,-0.025241,0.02149,0.012272,-0.004135,0.023001,0.023822,-0.050732,-0.12526,-0.038967,-0.098064
-0.389703,0.18335,0.02149,0.012272,-0.004135,0.023001,0.023822,-0.050732,-0.12526,-0.038967,-0.098064,-0.01224
-0.393818,0.183868,0.012272,-0.004135,0.023001,0.023822,-0.050732,-0.12526,-0.038967,-0.098064,-0.01224,0.025094
-0.395104,0.183868,-0.004135,0.023001,0.023822,-0.050732,-0.12526,-0.038967,-0.098064,-0.01224,0.025094,0.032283
-0.398357,0.183868,0.023001,0.023822,-0.050732,-0.12526,-0.038967,-0.098064,-0.01224,0.025094,0.032283,0.023729
-0.398765,0.183868,0.023822,-0.050732,-0.12526,-0.038967,-0.098064,-0.01224,0.025094,0.032283,0.023729,0.030863
-0.397931,0.183594,-0.050732,-0.12526,-0.038967,-0.098064,-0.01224,0.025094,0.032283,0.023729,0.030863,0.032979
-0.39686,0.183594,-0.12526,-0.038967,-0.098064,-0.01224,0.025094,0.032283,0.023729,0.030863,0.032979,0.011574
-0.396074,0.183594,-0.038967,-0.098064,-0.01224,0.025094,0.032283,0.023729,0.030863,0.032979,0.011574,0.009909
-0.395052,0.183594,-0.098064,-0.01224,0.025094,0.032283,0.023729,0.030863,0.032979,0.011574,0.009909,0.028604
-0.393962,0.183594,-0.01224,0.025094,0.032283,0.023729,0.030863,0.032979,0.011574,0.009909,0.028604,0.052043
-0.39358,0.183594,0.025094,0.032283,0.023729,0.030863,0.032979,0.011574,0.009909,0.028604,0.052043,-0.043065
-0.393254,0.183594,0.032283,0.023729,0.030863,0.032979,0.011574,0.009909,0.028604,0.052043,-0.043065,-0.099556
-0.392312,0.183594,0.023729,0.030863,0.032979,0.011574,0.009909,0.028604,0.052043,-0.043065,-0.099556,-0.007162
-0.390601,0.183594,0.030863,0.032979,0.011574,0.009909,0.028604,0.052043,-0.043065,-0.099556,-0.007162,-0.004862
-0.392017,0.183594,0.032979,0.011574,0.009909,0.028604,0.052043,-0.043065,-0.099556,-0.007162,-0.004862,-0.08521
-0.3953,0.184906,0.011574,0.009909,0.028604,0.052043,-0.043065,-0.099556,-0.007162,-0.004862,-0.08521,0.021741
-0.395537,0.184906,0.009909,0.028604,0.052043,-0.043065,-0.099556,-0.007162,-0.004862,-0.08521,0.021741,0.030398
-0.395698,0.184906,0.028604,0.052043,-0.043065,-0.099556,-0.007162,-0.004862,-0.08521,0.021741,0.030398,0.023846
-0.398527,0.184906,0.052043,-0.043065,-0.099556,-0.007162,-0.004862,-0.08521,0.021741,0.030398,0.023846,0.04494
-0.397803,0.184906,-0.043065,-0.099556,-0.007162,-0.004862,-0.08521,0.021741,0.030398,0.023846,0.04494,0.056821
-0.396795,0.185547,-0.099556,-0.007162,-0.004862,-0.08521,0.021741,0.030398,0.023846,0.04494,0.056821,0.020106
-0.396005,0.185547,-0.007162,-0.004862,-0.08521,0.021741,0.030398,0.023846,0.04494,0.056821,0.020106,0.032933
-0.39452,0.185547,-0.004862,-0.08521,0.021741,0.030398,0.023846,0.04494,0.056821,0.020106,0.032933,0.02746
-0.392645,0.185547,-0.08521,0.021741,0.030398,0.023846,0.04494,0.056821,0.020106,0.032933,0.02746,0.018279
-0.391982,0.185547,0.021741,0.030398,0.023846,0.04494,0.056821,0.020106,0.032933,0.02746,0.018279,0.050863
-0.3909,0.185547,0.030398,0.023846,0.04494,0.056821,0.020106,0.032933,0.02746,0.018279,0.050863,-0.016507
-0.39,0.185547,0.023846,0.04494,0.056821,0.020106,0.032933,0.02746,0.018279,0.050863,-0.016507,-0.106886
-0.389401,0.185547,0.04494,0.056821,0.020106,0.032933,0.02746,0.018279,0.050863,-0.016507,-0.106886,-0.018849
-0.387736,0.185547,0.056821,0.020106,0.032933,0.02746,0.018279,0.050863,-0.016507,-0.106886,-0.018849,0.050585
-0.388276,0.185547,0.020106,0.032933,0.02746,0.018279,0.050863,-0.016507,-0.106886,-0.018849,0.050585,0.050594
-0.391781,0.185425,0.032933,0.02746,0.018279,0.050863,-0.016507,-0.106886,-0.018849,0.050585,0.050594,-0.001875
-0.3924,0.185425,0.02746,0.018279,0.050863,-0.016507,-0.106886,-0.018849,0.050585,0.050594,-0.001875,-0.011485
-0.390738,0.185425,0.018279,0.050863,-0.016507,-0.106886,-0.018849,0.050585,0.050594,-0.001875,-0.011485,-0.139318
-0.389079,0.185425,0.050863,-0.016507,-0.106886,-0.018849,0.050585,0.050594,-0.001875,-0.011485,-0.139318,-0.138653
-0.38914,0.185425,-0.016507,-0.106886,-0.018849,0.050585,0.050594,-0.001875,-0.011485,-0.139318,-0.138653,0.03025
-0.389516,0.186096,-0.106886,-0.018849,0.050585,0.050594,-0.001875,-0.011485,-0.139318,-0.138653,0.03025,0.075123
-0.394093,0.186096,-0.018849,0.050585,0.050594,-0.001875,-0.011485,-0.139318,-0.138653,0.03025,0.075123,0.031247
-0.398685,0.186096,0.050585,0.050594,-0.001875,-0.011485,-0.139318,-0.138653,0.03025,0.075123,0.031247,0.010921
-0.397679,0.186096,0.050594,-0.001875,-0.011485,-0.139318,-0.138653,0.03025,0.075123,0.031247,0.010921,0.028196
-0.395187,0.186096,-0.001875,-0.011485,-0.139318,-0.138653,0.03025,0.075123,0.031247,0.010921,0.028196,0.00321
-0.394155,0.186096,-0.011485,-0.139318,-0.138653,0.03025,0.075123,0.031247,0.010921,0.028196,0.00321,-0.113378
-0.393795,0.186096,-0.139318,-0.138653,0.03025,0.075123,0.031247,0.010921,0.028196,0.00321,-0.113378,-0.015472
-0.392866,0.186096,-0.138653,0.03025,0.075123,0.031247,0.010921,0.028196,0.00321,-0.113378,-0.015472,0.05318
-0.39276,0.186096,0.03025,0.075123,0.031247,0.010921,0.028196,0.00321,-0.113378,-0.015472,0.05318,0.034988
-0.396509,0.186096,0.075123,0.031247,0.010921,0.028196,0.00321,-0.113378,-0.015472,0.05318,0.034988,0.038744
-0.397022,0.185944,0.031247,0.010921,0.028196,0.00321,-0.113378,-0.015472,0.05318,0.034988,0.038744,0.027795
-0.395263,0.185944,0.010921,0.028196,0.00321,-0.113378,-0.015472,0.05318,0.034988,0.038744,0.027795,0.002618
-0.394107,0.185944,0.028196,0.00321,-0.113378,-0.015472,0.05318,0.034988,0.038744,0.027795,0.002618,0.005429
-0.392829,0.185944,0.00321,-0.113378,-0.015472,0.05318,0.034988,0.038744,0.027795,0.002618,0.005429,0.02843
-0.391913,0.185944,-0.113378,-0.015472,0.05318,0.034988,0.038744,0.027795,0.002618,0.005429,0.02843,0.046333
-0.391827,0.185028,-0.015472,0.05318,0.034988,0.038744,0.027795,0.002618,0.005429,0.02843,0.046333,0.008796
-0.391649,0.185028,0.05318,0.034988,0.038744,0.027795,0.002618,0.005429,0.02843,0.046333,0.008796,-0.017898
-0.390715,0.185028,0.034988,0.038744,0.027795,0.002618,0.005429,0.02843,0.046333,0.008796,-0.017898,-0.103352
-0.389195,0.185028,0.038744,0.027795,0.002618,0.005429,0.02843,0.046333,0.008796,-0.017898,-0.103352,-0.011998
-0.388907,0.185028,0.027795,0.002618,0.005429,0.02843,0.046333,0.008796,-0.017898,-0.103352,-0.011998,0.046927
-0.389493,0.185028,0.002618,0.005429,0.02843,0.046333,0.008796,-0.017898,-0.103352,-0.011998,0.046927,0.038922
-0.392885,0.185028,0.005429,0.02843,0.046333,0.008796,-0.017898,-0.103352,-0.011998,0.046927,0.038922,0.000924
-0.39328,0.185028,0.02843,0.046333,0.008796,-0.017898,-0.103352,-0.011998,0.046927,0.038922,0.000924,-0.020729
-0.391734,0.185028,0.046333,0.008796,-0.017898,-0.103352,-0.011998,0.046927,0.038922,0.000924,-0.020729,-0.108978
-0.390454,0.185028,0.008796,-0.017898,-0.103352,-0.011998,0.046927,0.038922,0.000924,-0.020729,-0.108978,0.020938
-0.390424,0.185547,-0.017898,-0.103352,-0.011998,0.046927,0.038922,0.000924,-0.020729,-0.108978,0.020938,0.028297
-0.391104,0.185547,-0.103352,-0.011998,0.046927,0.038922,0.000924,-0.020729,-0.108978,0.020938,0.028297,0.021476
-0.394692,0.185547,-0.011998,0.046927,0.038922,0.000924,-0.020729,-0.108978,0.020938,0.028297,0.021476,0.029012
-0.394,0.185547,0.046927,0.038922,0.000924,-0.020729,-0.108978,0.020938,0.028297,0.021476,0.029012,-0.022675
-0.393066,0.185547,0.038922,0.000924,-0.020729,-0.108978,0.020938,0.028297,0.021476,0.029012,-0.022675,-0.098611
-0.392359,0.185181,0.000924,-0.020729,-0.108978,0.020938,0.028297,0.021476,0.029012,-0.022675,-0.098611,0.014218
-0.391405,0.185181,-0.020729,-0.108978,0.020938,0.028297,0.021476,0.029012,-0.022675,-0.098611,0.014218,0.022251
-0.39215,0.185181,-0.108978,0.020938,0.028297,0.021476,0.029012,-0.022675,-0.098611,0.014218,0.022251,0.021388
-0.395406,0.185181,0.020938,0.028297,0.021476,0.029012,-0.022675,-0.098611,0.014218,0.022251,0.021388,0.040507
-0.394935,0.185181,0.028297,0.021476,0.029012,-0.022675,-0.098611,0.014218,0.022251,0.021388,0.040507,0.048191
-0.3942,0.185181,0.021476,0.029012,-0.022675,-0.098611,0.014218,0.022251,0.021388,0.040507,0.048191,0.001272
-0.393495,0.185181,0.029012,-0.022675,-0.098611,0.014218,0.022251,0.021388,0.040507,0.048191,0.001272,0.014745
-0.392162,0.185181,-0.022675,-0.098611,0.014218,0.022251,0.021388,0.040507,0.048191,0.001272,0.014745,0.025444
-0.390577,0.185181,-0.098611,0.014218,0.022251,0.021388,0.040507,0.048191,0.001272,0.014745,0.025444,0.024759
-0.390536,0.185181,0.014218,0.022251,0.021388,0.040507,0.048191,0.001272,0.014745,0.025444,0.024759,0.044954
-0.390052,0.185181,0.022251,0.021388,0.040507,0.048191,0.001272,0.014745,0.025444,0.024759,0.044954,0.027345
-0.389219,0.187653,0.021388,0.040507,0.048191,0.001272,0.014745,0.025444,0.024759,0.044954,0.027345,0.003653
-0.388409,0.187653,0.040507,0.048191,0.001272,0.014745,0.025444,0.024759,0.044954,0.027345,0.003653,0.000214
-0.38694,0.187653,0.048191,0.001272,0.014745,0.025444,0.024759,0.044954,0.027345,0.003653,0.000214,0.023967
-0.386048,0.187653,0.001272,0.014745,0.025444,0.024759,0.044954,0.027345,0.003653,0.000214,0.023967,0.037854
-0.385929,0.187378,0.014745,0.025444,0.024759,0.044954,0.027345,0.003653,0.000214,0.023967,0.037854,-0.049726
-0.385922,0.187378,0.025444,0.024759,0.044954,0.027345,0.003653,0.000214,0.023967,0.037854,-0.049726,-0.105724
-0.385142,0.187378,0.024759,0.044954,0.027345,0.003653,0.000214,0.023967,0.037854,-0.049726,-0.105724,-0.003037
-0.383911,0.187378,0.044954,0.027345,0.003653,0.000214,0.023967,0.037854,-0.049726,-0.105724,-0.003037,0.027994
-0.385529,0.187378,0.027345,0.003653,0.000214,0.023967,0.037854,-0.049726,-0.105724,-0.003037,0.027994,0.037805
-0.38898,0.187378,0.003653,0.000214,0.023967,0.037854,-0.049726,-0.105724,-0.003037,0.027994,0.037805,0.034575
-0.389079,0.187378,0.000214,0.023967,0.037854,-0.049726,-0.105724,-0.003037,0.027994,0.037805,0.034575,0.002217
-0.388164,0.187378,0.023967,0.037854,-0.049726,-0.105724,-0.003037,0.027994,0.037805,0.034575,0.002217,-0.03128
-0.386928,0.187378,0.037854,-0.049726,-0.105724,-0.003037,0.027994,0.037805,0.034575,0.002217,-0.03128,-0.126321
-0.3858,0.187378,-0.049726,-0.105724,-0.003037,0.027994,0.037805,0.034575,0.002217,-0.03128,-0.126321,0.021504
-0.385728,0.185547,-0.105724,-0.003037,0.027994,0.037805,0.034575,0.002217,-0.03128,-0.126321,0.021504,0.019007
-0.386746,0.185547,-0.003037,0.027994,0.037805,0.034575,0.002217,-0.03128,-0.126321,0.021504,0.019007,0.020565
-0.390878,0.185547,0.027994,0.037805,0.034575,0.002217,-0.03128,-0.126321,0.021504,0.019007,0.020565,0.022734
-0.390171,0.185547,0.037805,0.034575,0.002217,-0.03128,-0.126321,0.021504,0.019007,0.020565,0.022734,0.008338
-0.389548,0.185547,0.034575,0.002217,-0.03128,-0.126321,0.021504,0.019007,0.020565,0.022734,0.008338,0.020599
-0.388874,0.184509,0.002217,-0.03128,-0.126321,0.021504,0.019007,0.020565,0.022734,0.008338,0.020599,0.020459
-0.388132,0.184509,-0.03128,-0.126321,0.021504,0.019007,0.020565,0.022734,0.008338,0.020599,0.020459,0.002544
-0.387859,0.184509,-0.126321,0.021504,0.019007,0.020565,0.022734,0.008338,0.020599,0.020459,0.002544,-0.00341
-0.387186,0.184509,0.021504,0.019007,0.020565,0.022734,0.008338,0.020599,0.020459,0.002544,-0.00341,0.026814
-0.386518,0.184509,0.019007,0.020565,0.022734,0.008338,0.020599,0.020459,0.002544,-0.00341,0.026814,0.030151
-0.386435,0.184509,0.020565,0.022734,0.008338,0.020599,0.020459,0.002544,-0.00341,0.026814,0.030151,-0.014488
-0.386546,0.184509,0.022734,0.008338,0.020599,0.020459,0.002544,-0.00341,0.026814,0.030151,-0.014488,-0.037982
-0.385673,0.184509,0.008338,0.020599,0.020459,0.002544,-0.00341,0.026814,0.030151,-0.014488,-0.037982,-0.15308
-0.384692,0.184509,0.020599,0.020459,0.002544,-0.00341,0.026814,0.030151,-0.014488,-0.037982,-0.15308,-0.139892
-0.385163,0.184509,0.020459,0.002544,-0.00341,0.026814,0.030151,-0.014488,-0.037982,-0.15308,-0.139892,0.014665
-0.3864,0.183227,0.002544,-0.00341,0.026814,0.030151,-0.014488,-0.037982,-0.15308,-0.139892,0.014665,0.054749
-0.391405,0.183227,-0.00341,0.026814,0.030151,-0.014488,-0.037982,-0.15308,-0.139892,0.014665,0.054749,0.019286
-0.396017,0.183227,0.026814,0.030151,-0.014488,-0.037982,-0.15308,-0.139892,0.014665,0.054749,0.019286,0.008536
-0.395532,0.183227,0.030151,-0.014488,-0.037982,-0.15308,-0.139892,0.014665,0.054749,0.019286,0.008536,0.026896
-0.393721,0.183227,-0.014488,-0.037982,-0.15308,-0.139892,0.014665,0.054749,0.019286,0.008536,0.026896,0.043645
-0.393085,0.184113,-0.037982,-0.15308,-0.139892,0.014665,0.054749,0.019286,0.008536,0.026896,0.043645,-0.011078
-0.392804,0.184113,-0.15308,-0.139892,0.014665,0.054749,0.019286,0.008536,0.026896,0.043645,-0.011078,0.015773
-0.391919,0.184113,-0.139892,0.014665,0.054749,0.019286,0.008536,0.026896,0.043645,-0.011078,0.015773,0.034318
-0.390485,0.184113,0.014665,0.054749,0.019286,0.008536,0.026896,0.043645,-0.011078,0.015773,0.034318,0.012252
-0.390849,0.184113,0.054749,0.019286,0.008536,0.026896,0.043645,-0.011078,0.015773,0.034318,0.012252,0.027341
-0.390331,0.184113,0.019286,0.008536,0.026896,0.043645,-0.011078,0.015773,0.034318,0.012252,0.027341,-0.018994
-0.389207,0.184113,0.008536,0.026896,0.043645,-0.011078,0.015773,0.034318,0.012252,0.027341,-0.018994,-0.116243
-0.388807,0.184113,0.026896,0.043645,-0.011078,0.015773,0.034318,0.012252,0.027341,-0.018994,-0.116243,-0.04083
-0.387912,0.184113,0.043645,-0.011078,0.015773,0.034318,0.012252,0.027341,-0.018994,-0.116243,-0.04083,0.036966
-0.388533,0.184113,-0.011078,0.015773,0.034318,0.012252,0.027341,-0.018994,-0.116243,-0.04083,0.036966,0.055536
-0.392347,0.184113,0.015773,0.034318,0.012252,0.027341,-0.018994,-0.116243,-0.04083,0.036966,0.055536,-0.000848
-0.393691,0.184265,0.034318,0.012252,0.027341,-0.018994,-0.116243,-0.04083,0.036966,0.055536,-0.000848,0.014375
-0.392474,0.184265,0.012252,0.027341,-0.018994,-0.116243,-0.04083,0.036966,0.055536,-0.000848,0.014375,0.032556
-0.390647,0.184265,0.027341,-0.018994,-0.116243,-0.04083,0.036966,0.055536,-0.000848,0.014375,0.032556,0.008685
-0.390675,0.184265,-0.018994,-0.116243,-0.04083,0.036966,0.055536,-0.000848,0.014375,0.032556,0.008685,0.029839
-0.390203,0.184906,-0.116243,-0.04083,0.036966,0.055536,-0.000848,0.014375,0.032556,0.008685,0.029839,0.037264
-0.389137,0.184906,-0.04083,0.036966,0.055536,-0.000848,0.014375,0.032556,0.008685,0.029839,0.037264,-0.018726
-0.388853,0.184906,0.036966,0.055536,-0.000848,0.014375,0.032556,0.008685,0.029839,0.037264,-0.018726,-0.12779
-0.387877,0.184906,0.055536,-0.000848,0.014375,0.032556,0.008685,0.029839,0.037264,-0.018726,-0.12779,-0.008962
-0.386659,0.184906,-0.000848,0.014375,0.032556,0.008685,0.029839,0.037264,-0.018726,-0.12779,-0.008962,0.059242
-0.38727,0.184906,0.014375,0.032556,0.008685,0.029839,0.037264,-0.018726,-0.12779,-0.008962,0.059242,0.008751
-0.391452,0.184906,0.032556,0.008685,0.029839,0.037264,-0.018726,-0.12779,-0.008962,0.059242,0.008751,0.022356
-0.391746,0.184906,0.008685,0.029839,0.037264,-0.018726,-0.12779,-0.008962,0.059242,0.008751,0.022356,0.022386
-0.3898,0.184906,0.029839,0.037264,-0.018726,-0.12779,-0.008962,0.059242,0.008751,0.022356,0.022386,0.012286
-0.389513,0.184906,0.037264,-0.018726,-0.12779,-0.008962,0.059242,0.008751,0.022356,0.022386,0.012286,0.035354
-0.388781,0.184906,-0.018726,-0.12779,-0.008962,0.059242,0.008751,0.022356,0.022386,0.012286,0.035354,0.027059
-0.38805,0.185181,-0.12779,-0.008962,0.059242,0.008751,0.022356,0.022386,0.012286,0.035354,0.027059,0.001138
-0.387648,0.185181,-0.008962,0.059242,0.008751,0.022356,0.022386,0.012286,0.035354,0.027059,0.001138,0.004941
-0.386494,0.185181,0.059242,0.008751,0.022356,0.022386,0.012286,0.035354,0.027059,0.001138,0.004941,0.02037
-0.385612,0.185181,0.008751,0.022356,0.022386,0.012286,0.035354,0.027059,0.001138,0.004941,0.02037,0.037177
-0.385575,0.185699,0.022356,0.022386,0.012286,0.035354,0.027059,0.001138,0.004941,0.02037,0.037177,-0.010157
-0.385414,0.185699,0.022386,0.012286,0.035354,0.027059,0.001138,0.004941,0.02037,0.037177,-0.010157,0.006708
-0.384752,0.185699,0.012286,0.035354,0.027059,0.001138,0.004941,0.02037,0.037177,-0.010157,0.006708,0.020068
-0.383544,0.185699,0.035354,0.027059,0.001138,0.004941,0.02037,0.037177,-0.010157,0.006708,0.020068,0.000668
-0.383874,0.185699,0.027059,0.001138,0.004941,0.02037,0.037177,-0.010157,0.006708,0.020068,0.000668,0.022692
-0.383656,0.185699,0.001138,0.004941,0.02037,0.037177,-0.010157,0.006708,0.020068,0.000668,0.022692,0.032188
-0.383006,0.185699,0.004941,0.02037,0.037177,-0.010157,0.006708,0.020068,0.000668,0.022692,0.032188,-0.007919
-0.382984,0.185699,0.02037,0.037177,-0.010157,0.006708,0.020068,0.000668,0.022692,0.032188,-0.007919,-0.033363
-0.382249,0.185699,0.037177,-0.010157,0.006708,0.020068,0.000668,0.022692,0.032188,-0.007919,-0.033363,-0.156408
-0.381206,0.185699,-0.010157,0.006708,0.020068,0.000668,0.022692,0.032188,-0.007919,-0.033363,-0.156408,-0.171092
-0.381462,0.185425,0.006708,0.020068,0.000668,0.022692,0.032188,-0.007919,-0.033363,-0.156408,-0.171092,-0.122352
-0.382541,0.185425,0.020068,0.000668,0.022692,0.032188,-0.007919,-0.033363,-0.156408,-0.171092,-0.122352,0.009541
-0.387625,0.185425,0.000668,0.022692,0.032188,-0.007919,-0.033363,-0.156408,-0.171092,-0.122352,0.009541,0.050075
-0.393243,0.185425,0.022692,0.032188,-0.007919,-0.033363,-0.156408,-0.171092,-0.122352,0.009541,0.050075,0.020743
-0.397293,0.185425,0.032188,-0.007919,-0.033363,-0.156408,-0.171092,-0.122352,0.009541,0.050075,0.020743,0.040409
-0.396977,0.185944,-0.007919,-0.033363,-0.156408,-0.171092,-0.122352,0.009541,0.050075,0.020743,0.040409,0.040678
-0.39532,0.185944,-0.033363,-0.156408,-0.171092,-0.122352,0.009541,0.050075,0.020743,0.040409,0.040678,0.002968
-0.394635,0.185944,-0.156408,-0.171092,-0.122352,0.009541,0.050075,0.020743,0.040409,0.040678,0.002968,0.001906
-0.3933,0.185944,-0.171092,-0.122352,0.009541,0.050075,0.020743,0.040409,0.040678,0.002968,0.001906,0.035485
-0.391959,0.185944,-0.122352,0.009541,0.050075,0.020743,0.040409,0.040678,0.002968,0.001906,0.035485,0.048481
-0.391862,0.185944,0.009541,0.050075,0.020743,0.040409,0.040678,0.002968,0.001906,0.035485,0.048481,-0.000807
-0.391799,0.185944,0.050075,0.020743,0.040409,0.040678,0.002968,0.001906,0.035485,0.048481,-0.000807,-0.029612
-0.390634,0.185944,0.020743,0.040409,0.040678,0.002968,0.001906,0.035485,0.048481,-0.000807,-0.029612,-0.111113
-0.389044,0.185944,0.040409,0.040678,0.002968,0.001906,0.035485,0.048481,-0.000807,-0.029612,-0.111113,-0.016792
-0.38907,0.185944,0.040678,0.002968,0.001906,0.035485,0.048481,-0.000807,-0.029612,-0.111113,-0.016792,0.041863
-0.39004,0.186737,0.002968,0.001906,0.035485,0.048481,-0.000807,-0.029612,-0.111113,-0.016792,0.041863,0.037969
-0.393691,0.186737,0.001906,0.035485,0.048481,-0.000807,-0.029612,-0.111113,-0.016792,0.041863,0.037969,0.008627
-0.394245,0.186737,0.035485,0.048481,-0.000807,-0.029612,-0.111113,-0.016792,0.041863,0.037969,0.008627,0.013935
-0.392863,0.186737,0.048481,-0.000807,-0.029612,-0.111113,-0.016792,0.041863,0.037969,0.008627,0.013935,0.041665
-0.391613,0.186737,-0.000807,-0.029612,-0.111113,-0.016792,0.041863,0.037969,0.008627,0.013935,0.041665,0.053346
-0.391329,0.186462,-0.029612,-0.111113,-0.016792,0.041863,0.037969,0.008627,0.013935,0.041665,0.053346,0.00639
-0.390872,0.186462,-0.111113,-0.016792,0.041863,0.037969,0.008627,0.013935,0.041665,0.053346,0.00639,0.020127
-0.389506,0.186462,-0.016792,0.041863,0.037969,0.008627,0.013935,0.041665,0.053346,0.00639,0.020127,0.037843
-0.38776,0.186462,0.041863,0.037969,0.008627,0.013935,0.041665,0.053346,0.00639,0.020127,0.037843,0.017443
-0.387551,0.186462,0.037969,0.008627,0.013935,0.041665,0.053346,0.00639,0.020127,0.037843,0.017443,0.029478
-0.386894,0.186462,0.008627,0.013935,0.041665,0.053346,0.00639,0.020127,0.037843,0.017443,0.029478,0.030006
-0.385662,0.186462,0.013935,0.041665,0.053346,0.00639,0.020127,0.037843,0.017443,0.029478,0.030006,-0.010486
-0.385095,0.186462,0.041665,0.053346,0.00639,0.020127,0.037843,0.017443,0.029478,0.030006,-0.010486,-0.026486
-0.384136,0.186462,0.053346,0.00639,0.020127,0.037843,0.017443,0.029478,0.030006,-0.010486,-0.026486,-0.120359
-0.383161,0.186462,0.00639,0.020127,0.037843,0.017443,0.029478,0.030006,-0.010486,-0.026486,-0.120359,0.02416
-0.383501,0.186462,0.020127,0.037843,0.017443,0.029478,0.030006,-0.010486,-0.026486,-0.120359,0.02416,-0.032588
-0.384361,0.183746,0.037843,0.017443,0.029478,0.030006,-0.010486,-0.026486,-0.120359,0.02416,-0.032588,-0.094791
-0.388281,0.183746,0.017443,0.029478,0.030006,-0.010486,-0.026486,-0.120359,0.02416,-0.032588,-0.094791,0.002613
-0.387491,0.183746,0.029478,0.030006,-0.010486,-0.026486,-0.120359,0.02416,-0.032588,-0.094791,0.002613,-0.010006
-0.388557,0.183746,0.030006,-0.010486,-0.026486,-0.120359,0.02416,-0.032588,-0.094791,0.002613,-0.010006,-0.090111
-0.391665,0.184906,-0.010486,-0.026486,-0.120359,0.02416,-0.032588,-0.094791,0.002613,-0.010006,-0.090111,-0.025446
-0.391579,0.184906,-0.026486,-0.120359,0.02416,-0.032588,-0.094791,0.002613,-0.010006,-0.090111,-0.025446,-0.080209
-0.391908,0.184906,-0.120359,0.02416,-0.032588,-0.094791,0.002613,-0.010006,-0.090111,-0.025446,-0.080209,-0.009468
-0.394881,0.184906,0.02416,-0.032588,-0.094791,0.002613,-0.010006,-0.090111,-0.025446,-0.080209,-0.009468,0.026983
-0.395723,0.184906,-0.032588,-0.094791,0.002613,-0.010006,-0.090111,-0.025446,-0.080209,-0.009468,0.026983,-0.087582
-0.398384,0.184906,-0.094791,0.002613,-0.010006,-0.090111,-0.025446,-0.080209,-0.009468,0.026983,-0.087582,0.001253
-0.398698,0.184906,0.002613,-0.010006,-0.090111,-0.025446,-0.080209,-0.009468,0.026983,-0.087582,0.001253,0.048492
-0.397802,0.184906,-0.010006,-0.090111,-0.025446,-0.080209,-0.009468,0.026983,-0.087582,0.001253,0.048492,0.034822
-0.40072,0.184906,-0.090111,-0.025446,-0.080209,-0.009468,0.026983,-0.087582,0.001253,0.048492,0.034822,0.028437
-0.400678,0.184906,-0.025446,-0.080209,-0.009468,0.026983,-0.087582,0.001253,0.048492,0.034822,0.028437,0.053837
-0.399062,0.184906,-0.080209,-0.009468,0.026983,-0.087582,0.001253,0.048492,0.034822,0.028437,0.053837,0.039553
-0.397905,0.184509,-0.009468,0.026983,-0.087582,0.001253,0.048492,0.034822,0.028437,0.053837,0.039553,0.021012
-0.396962,0.184509,0.026983,-0.087582,0.001253,0.048492,0.034822,0.028437,0.053837,0.039553,0.021012,0.003978
-0.395178,0.184509,-0.087582,0.001253,0.048492,0.034822,0.028437,0.053837,0.039553,0.021012,0.003978,0.028978
-0.39387,0.184509,0.001253,0.048492,0.034822,0.028437,0.053837,0.039553,0.021012,0.003978,0.028978,0.063755
-0.393177,0.185425,0.048492,0.034822,0.028437,0.053837,0.039553,0.021012,0.003978,0.028978,0.063755,0.010156
-0.393046,0.185425,0.034822,0.028437,0.053837,0.039553,0.021012,0.003978,0.028978,0.063755,0.010156,0.020192
-0.392093,0.185425,0.028437,0.053837,0.039553,0.021012,0.003978,0.028978,0.063755,0.010156,0.020192,0.028813
-0.389997,0.185425,0.053837,0.039553,0.021012,0.003978,0.028978,0.063755,0.010156,0.020192,0.028813,0.015519
-0.389664,0.185425,0.039553,0.021012,0.003978,0.028978,0.063755,0.010156,0.020192,0.028813,0.015519,0.034286
-0.389003,0.185425,0.021012,0.003978,0.028978,0.063755,0.010156,0.020192,0.028813,0.015519,0.034286,0.025983
-0.388061,0.185425,0.003978,0.028978,0.063755,0.010156,0.020192,0.028813,0.015519,0.034286,0.025983,0.000051
-0.387555,0.185425,0.028978,0.063755,0.010156,0.020192,0.028813,0.015519,0.034286,0.025983,0.000051,0.011849
-0.386435,0.185425,0.063755,0.010156,0.020192,0.028813,0.015519,0.034286,0.025983,0.000051,0.011849,0.030964
-0.385588,0.185425,0.010156,0.020192,0.028813,0.015519,0.034286,0.025983,0.000051,0.011849,0.030964,0.041647
-0.385586,0.185425,0.020192,0.028813,0.015519,0.034286,0.025983,0.000051,0.011849,0.030964,0.041647,-0.001742
-0.385201,0.185425,0.028813,0.015519,0.034286,0.025983,0.000051,0.011849,0.030964,0.041647,-0.001742,0.02188
-0.384195,0.185425,0.015519,0.034286,0.025983,0.000051,0.011849,0.030964,0.041647,-0.001742,0.02188,0.026527
-0.382843,0.185425,0.034286,0.025983,0.000051,0.011849,0.030964,0.041647,-0.001742,0.02188,0.026527,0.012852
-0.3829,0.185425,0.025983,0.000051,0.011849,0.030964,0.041647,-0.001742,0.02188,0.026527,0.012852,0.030247
-0.382191,0.185944,0.000051,0.011849,0.030964,0.041647,-0.001742,0.02188,0.026527,0.012852,0.030247,0.039354
-0.381334,0.185944,0.011849,0.030964,0.041647,-0.001742,0.02188,0.026527,0.012852,0.030247,0.039354,0.00446
-0.380919,0.185944,0.030964,0.041647,-0.001742,0.02188,0.026527,0.012852,0.030247,0.039354,0.00446,-0.000447
-0.379942,0.185944,0.041647,-0.001742,0.02188,0.026527,0.012852,0.030247,0.039354,0.00446,-0.000447,0.021214
-0.378672,0.185944,-0.001742,0.02188,0.026527,0.012852,0.030247,0.039354,0.00446,-0.000447,0.021214,-0.007441
-0.378529,0.185944,0.02188,0.026527,0.012852,0.030247,0.039354,0.00446,-0.000447,0.021214,-0.007441,-0.131614
-0.378543,0.185944,0.026527,0.012852,0.030247,0.039354,0.00446,-0.000447,0.021214,-0.007441,-0.131614,-0.028131
-0.377861,0.185944,0.012852,0.030247,0.039354,0.00446,-0.000447,0.021214,-0.007441,-0.131614,-0.028131,0.027853
-0.378101,0.185944,0.030247,0.039354,0.00446,-0.000447,0.021214,-0.007441,-0.131614,-0.028131,0.027853,-0.001562
-0.382352,0.185944,0.039354,0.00446,-0.000447,0.021214,-0.007441,-0.131614,-0.028131,0.027853,-0.001562,0.022359
-0.383264,0.185944,0.00446,-0.000447,0.021214,-0.007441,-0.131614,-0.028131,0.027853,-0.001562,0.022359,-0.023065
-0.382362,0.184906,-0.000447,0.021214,-0.007441,-0.131614,-0.028131,0.027853,-0.001562,0.022359,-0.023065,-0.118421
-0.382413,0.184906,0.021214,-0.007441,-0.131614,-0.028131,0.027853,-0.001562,0.022359,-0.023065,-0.118421,-0.045591
-0.381688,0.184906,-0.007441,-0.131614,-0.028131,0.027853,-0.001562,0.022359,-0.023065,-0.118421,-0.045591,0.023811
-0.382436,0.184906,-0.131614,-0.028131,0.027853,-0.001562,0.022359,-0.023065,-0.118421,-0.045591,0.023811,0.043749
-0.386282,0.184906,-0.028131,0.027853,-0.001562,0.022359,-0.023065,-0.118421,-0.045591,0.023811,0.043749,-0.007586
-0.387768,0.183594,0.027853,-0.001562,0.022359,-0.023065,-0.118421,-0.045591,0.023811,0.043749,-0.007586,0.002941
-0.386992,0.183594,-0.001562,0.022359,-0.023065,-0.118421,-0.045591,0.023811,0.043749,-0.007586,0.002941,0.014386
-0.385565,0.183594,0.022359,-0.023065,-0.118421,-0.045591,0.023811,0.043749,-0.007586,0.002941,0.014386,-0.000359
-0.385812,0.183594,-0.023065,-0.118421,-0.045591,0.023811,0.043749,-0.007586,0.002941,0.014386,-0.000359,0.012746
-0.385716,0.183594,-0.118421,-0.045591,0.023811,0.043749,-0.007586,0.002941,0.014386,-0.000359,0.012746,0.025139
-0.385249,0.183594,-0.045591,0.023811,0.043749,-0.007586,0.002941,0.014386,-0.000359,0.012746,0.025139,0.001576
-0.38526,0.183594,0.023811,0.043749,-0.007586,0.002941,0.014386,-0.000359,0.012746,0.025139,0.001576,-0.044263
-0.384845,0.183594,0.043749,-0.007586,0.002941,0.014386,-0.000359,0.012746,0.025139,0.001576,-0.044263,-0.133583
-0.384028,0.183594,-0.007586,0.002941,0.014386,-0.000359,0.012746,0.025139,0.001576,-0.044263,-0.133583,0.018368
-0.383977,0.183594,0.002941,0.014386,-0.000359,0.012746,0.025139,0.001576,-0.044263,-0.133583,0.018368,0.013427
-0.385414,0.182556,0.014386,-0.000359,0.012746,0.025139,0.001576,-0.044263,-0.133583,0.018368,0.013427,0.009937
-0.389774,0.182556,-0.000359,0.012746,0.025139,0.001576,-0.044263,-0.133583,0.018368,0.013427,0.009937,0.013092
-0.389172,0.182556,0.012746,0.025139,0.001576,-0.044263,-0.133583,0.018368,0.013427,0.009937,0.013092,0.007263
-0.388732,0.182556,0.025139,0.001576,-0.044263,-0.133583,0.018368,0.013427,0.009937,0.013092,0.007263,0.036423
-0.388407,0.182556,0.001576,-0.044263,-0.133583,0.018368,0.013427,0.009937,0.013092,0.007263,0.036423,0.021625
-0.387979,0.182831,-0.044263,-0.133583,0.018368,0.013427,0.009937,0.013092,0.007263,0.036423,0.021625,-0.01624
-0.387742,0.182831,-0.133583,0.018368,0.013427,0.009937,0.013092,0.007263,0.036423,0.021625,-0.01624,0.003827
-0.386553,0.182831,0.018368,0.013427,0.009937,0.013092,0.007263,0.036423,0.021625,-0.01624,0.003827,0.006185
-0.385847,0.182831,0.013427,0.009937,0.013092,0.007263,0.036423,0.021625,-0.01624,0.003827,0.006185,-0.104029
-0.386376,0.182831,0.009937,0.013092,0.007263,0.036423,0.021625,-0.01624,0.003827,0.006185,-0.104029,-0.028802
-0.386252,0.182831,0.013092,0.007263,0.036423,0.021625,-0.01624,0.003827,0.006185,-0.104029,-0.028802,0.019734
-0.38605,0.182831,0.007263,0.036423,0.021625,-0.01624,0.003827,0.006185,-0.104029,-0.028802,0.019734,0.023698
-0.389451,0.182831,0.036423,0.021625,-0.01624,0.003827,0.006185,-0.104029,-0.028802,0.019734,0.023698,0.00976
-0.390396,0.182831,0.021625,-0.01624,0.003827,0.006185,-0.104029,-0.028802,0.019734,0.023698,0.00976,0.028426
-0.389749,0.182831,-0.01624,0.003827,0.006185,-0.104029,-0.028802,0.019734,0.023698,0.00976,0.028426,0.031896
-0.388974,0.182831,0.003827,0.006185,-0.104029,-0.028802,0.019734,0.023698,0.00976,0.028426,0.031896,-0.005761
-0.388655,0.184265,0.006185,-0.104029,-0.028802,0.019734,0.023698,0.00976,0.028426,0.031896,-0.005761,0.005978
-0.387725,0.184265,-0.104029,-0.028802,0.019734,0.023698,0.00976,0.028426,0.031896,-0.005761,0.005978,0.0297
-0.386683,0.184265,-0.028802,0.019734,0.023698,0.00976,0.028426,0.031896,-0.005761,0.005978,0.0297,0.054889
-0.386871,0.184265,0.019734,0.023698,0.00976,0.028426,0.031896,-0.005761,0.005978,0.0297,0.054889,-0.016701
-0.386676,0.184265,0.023698,0.00976,0.028426,0.031896,-0.005761,0.005978,0.0297,0.054889,-0.016701,0.005569
-0.385709,0.184265,0.00976,0.028426,0.031896,-0.005761,0.005978,0.0297,0.054889,-0.016701,0.005569,0.020366
-0.383923,0.184265,0.028426,0.031896,-0.005761,0.005978,0.0297,0.054889,-0.016701,0.005569,0.020366,0.005449
-0.384466,0.184265,0.031896,-0.005761,0.005978,0.0297,0.054889,-0.016701,0.005569,0.020366,0.005449,-0.008798
-0.384285,0.184265,-0.005761,0.005978,0.0297,0.054889,-0.016701,0.005569,0.020366,0.005449,-0.008798,-0.102794
-0.383624,0.184265,0.005978,0.0297,0.054889,-0.016701,0.005569,0.020366,0.005449,-0.008798,-0.102794,-0.029824
-0.383448,0.184265,0.0297,0.054889,-0.016701,0.005569,0.020366,0.005449,-0.008798,-0.102794,-0.029824,-0.016655
-0.383733,0.184265,0.054889,-0.016701,0.005569,0.020366,0.005449,-0.008798,-0.102794,-0.029824,-0.016655,-0.109347
-0.387082,0.184265,-0.016701,0.005569,0.020366,0.005449,-0.008798,-0.102794,-0.029824,-0.016655,-0.109347,0.029162
-0.388056,0.184265,0.005569,0.020366,0.005449,-0.008798,-0.102794,-0.029824,-0.016655,-0.109347,0.029162,0.019936
-0.3886,0.184265,0.020366,0.005449,-0.008798,-0.102794,-0.029824,-0.016655,-0.109347,0.029162,0.019936,0.022553
-0.392185,0.183594,0.005449,-0.008798,-0.102794,-0.029824,-0.016655,-0.109347,0.029162,0.019936,0.022553,-0.001967
-0.391226,0.183594,-0.008798,-0.102794,-0.029824,-0.016655,-0.109347,0.029162,0.019936,0.022553,-0.001967,-0.101284
-0.39057,0.183594,-0.102794,-0.029824,-0.016655,-0.109347,0.029162,0.019936,0.022553,-0.001967,-0.101284,0.014731
-0.389831,0.183594,-0.029824,-0.016655,-0.109347,0.029162,0.019936,0.022553,-0.001967,-0.101284,0.014731,0.055247
-0.389895,0.183594,-0.016655,-0.109347,0.029162,0.019936,0.022553,-0.001967,-0.101284,0.014731,0.055247,0.009392
-0.393222,0.183594,-0.109347,0.029162,0.019936,0.022553,-0.001967,-0.101284,0.014731,0.055247,0.009392,0.011506
-0.392737,0.183594,0.029162,0.019936,0.022553,-0.001967,-0.101284,0.014731,0.055247,0.009392,0.011506,0.037138
-0.390918,0.183594,0.019936,0.022553,-0.001967,-0.101284,0.014731,0.055247,0.009392,0.011506,0.037138,0.044131
-0.39061,0.183594,0.022553,-0.001967,-0.101284,0.014731,0.055247,0.009392,0.011506,0.037138,0.044131,-0.000768
-0.390233,0.183594,-0.001967,-0.101284,0.014731,0.055247,0.009392,0.011506,0.037138,0.044131,-0.000768,0.013996
-0.389017,0.183594,-0.101284,0.014731,0.055247,0.009392,0.011506,0.037138,0.044131,-0.000768,0.013996,0.031271
-0.387573,0.183594,0.014731,0.055247,0.009392,0.011506,0.037138,0.044131,-0.000768,0.013996,0.031271,0.016693
-0.387598,0.183594,0.055247,0.009392,0.011506,0.037138,0.044131,-0.000768,0.013996,0.031271,0.016693,0.027617
-0.387141,0.183594,0.009392,0.011506,0.037138,0.044131,-0.000768,0.013996,0.031271,0.016693,0.027617,0.034659
-0.386122,0.183594,0.011506,0.037138,0.044131,-0.000768,0.013996,0.031271,0.016693,0.027617,0.034659,0.010766
-0.385579,0.185303,0.037138,0.044131,-0.000768,0.013996,0.031271,0.016693,0.027617,0.034659,0.010766,0.004289
-0.38468,0.185303,0.044131,-0.000768,0.013996,0.031271,0.016693,0.027617,0.034659,0.010766,0.004289,0.024213
-0.383553,0.185303,-0.000768,0.013996,0.031271,0.016693,0.027617,0.034659,0.010766,0.004289,0.024213,0.047122
-0.383204,0.185303,0.013996,0.031271,0.016693,0.027617,0.034659,0.010766,0.004289,0.024213,0.047122,0.000155
-0.383065,0.184906,0.031271,0.016693,0.027617,0.034659,0.010766,0.004289,0.024213,0.047122,0.000155,0.00582
-0.382281,0.184906,0.016693,0.027617,0.034659,0.010766,0.004289,0.024213,0.047122,0.000155,0.00582,0.018167
-0.380756,0.184906,0.027617,0.034659,0.010766,0.004289,0.024213,0.047122,0.000155,0.00582,0.018167,0.010652
-0.380751,0.184906,0.034659,0.010766,0.004289,0.024213,0.047122,0.000155,0.00582,0.018167,0.010652,0.024018
-0.380564,0.184906,0.010766,0.004289,0.024213,0.047122,0.000155,0.00582,0.018167,0.010652,0.024018,0.026815
-0.379978,0.184906,0.004289,0.024213,0.047122,0.000155,0.00582,0.018167,0.010652,0.024018,0.026815,-0.007915
-0.379635,0.184906,0.024213,0.047122,0.000155,0.00582,0.018167,0.010652,0.024018,0.026815,-0.007915,0.000684
-0.37886,0.184906,0.047122,0.000155,0.00582,0.018167,0.010652,0.024018,0.026815,-0.007915,0.000684,0.014829
-0.377996,0.184906,0.000155,0.00582,0.018167,0.010652,0.024018,0.026815,-0.007915,0.000684,0.014829,0.030557
-0.378251,0.184906,0.00582,0.018167,0.010652,0.024018,0.026815,-0.007915,0.000684,0.014829,0.030557,-0.021213
-0.378229,0.184906,0.018167,0.010652,0.024018,0.026815,-0.007915,0.000684,0.014829,0.030557,-0.021213,0.001516
-0.377752,0.183075,0.010652,0.024018,0.026815,-0.007915,0.000684,0.014829,0.030557,-0.021213,0.001516,0.007123
-0.37677,0.183075,0.024018,0.026815,-0.007915,0.000684,0.014829,0.030557,-0.021213,0.001516,0.007123,-0.008184
-0.377452,0.183075,0.026815,-0.007915,0.000684,0.014829,0.030557,-0.021213,0.001516,0.007123,-0.008184,0.011338
-0.377404,0.183075,-0.007915,0.000684,0.014829,0.030557,-0.021213,0.001516,0.007123,-0.008184,0.011338,0.021425
-0.377175,0.183075,0.000684,0.014829,0.030557,-0.021213,0.001516,0.007123,-0.008184,0.011338,0.021425,-0.009049
-0.377438,0.182312,0.014829,0.030557,-0.021213,0.001516,0.007123,-0.008184,0.011338,0.021425,-0.009049,-0.028807
-0.377073,0.182312,0.030557,-0.021213,0.001516,0.007123,-0.008184,0.011338,0.021425,-0.009049,-0.028807,-0.011541
-0.376385,0.182312,-0.021213,0.001516,0.007123,-0.008184,0.011338,0.021425,-0.009049,-0.028807,-0.011541,0.028273
-0.376675,0.182312,0.001516,0.007123,-0.008184,0.011338,0.021425,-0.009049,-0.028807,-0.011541,0.028273,-0.020439
-0.377599,0.182312,0.007123,-0.008184,0.011338,0.021425,-0.009049,-0.028807,-0.011541,0.028273,-0.020439,-0.003773
-0.37797,0.182312,-0.008184,0.011338,0.021425,-0.009049,-0.028807,-0.011541,0.028273,-0.020439,-0.003773,0.002198
-0.377061,0.182312,0.011338,0.021425,-0.009049,-0.028807,-0.011541,0.028273,-0.020439,-0.003773,0.002198,-0.008894
-0.377718,0.182312,0.021425,-0.009049,-0.028807,-0.011541,0.028273,-0.020439,-0.003773,0.002198,-0.008894,0.012462
-0.37784,0.182312,-0.009049,-0.028807,-0.011541,0.028273,-0.020439,-0.003773,0.002198,-0.008894,0.012462,0.013051
-0.377769,0.182312,-0.028807,-0.011541,0.028273,-0.020439,-0.003773,0.002198,-0.008894,0.012462,0.013051,-0.04553
-0.378055,0.182312,-0.011541,0.028273,-0.020439,-0.003773,0.002198,-0.008894,0.012462,0.013051,-0.04553,-0.020695
-0.377654,0.182556,0.028273,-0.020439,-0.003773,0.002198,-0.008894,0.012462,0.013051,-0.04553,-0.020695,0.01104
-0.377234,0.182556,-0.020439,-0.003773,0.002198,-0.008894,0.012462,0.013051,-0.04553,-0.020695,0.01104,0.035687
-0.378698,0.182556,-0.003773,0.002198,-0.008894,0.012462,0.013051,-0.04553,-0.020695,0.01104,0.035687,-0.033478
-0.379364,0.182556,0.002198,-0.008894,0.012462,0.013051,-0.04553,-0.020695,0.01104,0.035687,-0.033478,-0.006045
-0.379008,0.182556,-0.008894,0.012462,0.013051,-0.04553,-0.020695,0.01104,0.035687,-0.033478,-0.006045,0.001794
-0.377859,0.181641,0.012462,0.013051,-0.04553,-0.020695,0.01104,0.035687,-0.033478,-0.006045,0.001794,-0.019256
-0.378938,0.181641,0.013051,-0.04553,-0.020695,0.01104,0.035687,-0.033478,-0.006045,0.001794,-0.019256,0.006111
-0.379132,0.181641,-0.04553,-0.020695,0.01104,0.035687,-0.033478,-0.006045,0.001794,-0.019256,0.006111,0.012505
-0.379075,0.181641,-0.020695,0.01104,0.035687,-0.033478,-0.006045,0.001794,-0.019256,0.006111,0.012505,-0.022854
-0.379695,0.181641,0.01104,0.035687,-0.033478,-0.006045,0.001794,-0.019256,0.006111,0.012505,-0.022854,-0.017243
-0.379498,0.181641,0.035687,-0.033478,-0.006045,0.001794,-0.019256,0.006111,0.012505,-0.022854,-0.017243,0.000593
-0.379094,0.181641,-0.033478,-0.006045,0.001794,-0.019256,0.006111,0.012505,-0.022854,-0.017243,0.000593,0.027692
-0.379831,0.181641,-0.006045,0.001794,-0.019256,0.006111,0.012505,-0.022854,-0.017243,0.000593,0.027692,-0.025104
-0.380386,0.181641,0.001794,-0.019256,0.006111,0.012505,-0.022854,-0.017243,0.000593,0.027692,-0.025104,0.003245
-0.380367,0.181641,-0.019256,0.006111,0.012505,-0.022854,-0.017243,0.000593,0.027692,-0.025104,0.003245,0.010358
-0.379474,0.183227,0.006111,0.012505,-0.022854,-0.017243,0.000593,0.027692,-0.025104,0.003245,0.010358,-0.008367
-0.380284,0.183227,0.012505,-0.022854,-0.017243,0.000593,0.027692,-0.025104,0.003245,0.010358,-0.008367,0.007233
-0.380179,0.183227,-0.022854,-0.017243,0.000593,0.027692,-0.025104,0.003245,0.010358,-0.008367,0.007233,0.025157
-0.379845,0.183227,-0.017243,0.000593,0.027692,-0.025104,0.003245,0.010358,-0.008367,0.007233,0.025157,-0.020617
-0.380115,0.183227,0.000593,0.027692,-0.025104,0.003245,0.010358,-0.008367,0.007233,0.025157,-0.020617,-0.039198
-0.379882,0.183472,0.027692,-0.025104,0.003245,0.010358,-0.008367,0.007233,0.025157,-0.020617,-0.039198,-0.125349
-0.37907,0.183472,-0.025104,0.003245,0.010358,-0.008367,0.007233,0.025157,-0.020617,-0.039198,-0.125349,0.018201
-0.379734,0.183472,0.003245,0.010358,-0.008367,0.007233,0.025157,-0.020617,-0.039198,-0.125349,0.018201,-0.048167
-0.380998,0.183472,0.010358,-0.008367,0.007233,0.025157,-0.020617,-0.039198,-0.125349,0.018201,-0.048167,-0.105126
-0.385059,0.183472,-0.008367,0.007233,0.025157,-0.020617,-0.039198,-0.125349,0.018201,-0.048167,-0.105126,-0.007308
-0.384467,0.183472,0.007233,0.025157,-0.020617,-0.039198,-0.125349,0.018201,-0.048167,-0.105126,-0.007308,0.020435
-0.386036,0.183472,0.025157,-0.020617,-0.039198,-0.125349,0.018201,-0.048167,-0.105126,-0.007308,0.020435,0.050218
-0.38947,0.183472,-0.020617,-0.039198,-0.125349,0.018201,-0.048167,-0.105126,-0.007308,0.020435,0.050218,0.026552
-0.389709,0.183472,-0.039198,-0.125349,0.018201,-0.048167,-0.105126,-0.007308,0.020435,0.050218,0.026552,0.003627
-0.38904,0.183472,-0.125349,0.018201,-0.048167,-0.105126,-0.007308,0.020435,0.050218,0.026552,0.003627,0.008169
-0.387397,0.182953,0.018201,-0.048167,-0.105126,-0.007308,0.020435,0.050218,0.026552,0.003627,0.008169,0.034123
-0.38653,0.182953,-0.048167,-0.105126,-0.007308,0.020435,0.050218,0.026552,0.003627,0.008169,0.034123,0.031307
-0.386412,0.182953,-0.105126,-0.007308,0.020435,0.050218,0.026552,0.003627,0.008169,0.034123,0.031307,-0.017062
-0.386146,0.182953,-0.007308,0.020435,0.050218,0.026552,0.003627,0.008169,0.034123,0.031307,-0.017062,0.019808
-0.385036,0.182953,0.020435,0.050218,0.026552,0.003627,0.008169,0.034123,0.031307,-0.017062,0.019808,0.020774
-0.384018,0.181915,0.050218,0.026552,0.003627,0.008169,0.034123,0.031307,-0.017062,0.019808,0.020774,0.004345
-0.384572,0.181915,0.026552,0.003627,0.008169,0.034123,0.031307,-0.017062,0.019808,0.020774,0.004345,0.015341
-0.383929,0.181915,0.003627,0.008169,0.034123,0.031307,-0.017062,0.019808,0.020774,0.004345,0.015341,0.029169
-0.383256,0.181915,0.008169,0.034123,0.031307,-0.017062,0.019808,0.020774,0.004345,0.015341,0.029169,-0.010874
-0.383115,0.181915,0.034123,0.031307,-0.017062,0.019808,0.020774,0.004345,0.015341,0.029169,-0.010874,0.003216
-0.382617,0.181915,0.031307,-0.017062,0.019808,0.020774,0.004345,0.015341,0.029169,-0.010874,0.003216,0.020239
-0.381672,0.181915,-0.017062,0.019808,0.020774,0.004345,0.015341,0.029169,-0.010874,0.003216,0.020239,0.045446
-0.382024,0.181915,0.019808,0.020774,0.004345,0.015341,0.029169,-0.010874,0.003216,0.020239,0.045446,-0.000561
-0.38192,0.181915,0.020774,0.004345,0.015341,0.029169,-0.010874,0.003216,0.020239,0.045446,-0.000561,0.013356
-0.381266,0.181915,0.004345,0.015341,0.029169,-0.010874,0.003216,0.020239,0.045446,-0.000561,0.013356,0.009281
-0.379798,0.181915,0.015341,0.029169,-0.010874,0.003216,0.020239,0.045446,-0.000561,0.013356,0.009281,0.007673
-0.379816,0.182556,0.029169,-0.010874,0.003216,0.020239,0.045446,-0.000561,0.013356,0.009281,0.007673,0.02557
-0.379385,0.182556,-0.010874,0.003216,0.020239,0.045446,-0.000561,0.013356,0.009281,0.007673,0.02557,0.024691
-0.379087,0.182556,0.003216,0.020239,0.045446,-0.000561,0.013356,0.009281,0.007673,0.02557,0.024691,-0.015079
-0.37884,0.182556,0.020239,0.045446,-0.000561,0.013356,0.009281,0.007673,0.02557,0.024691,-0.015079,-0.003082
-0.378016,0.181915,0.045446,-0.000561,0.013356,0.009281,0.007673,0.02557,0.024691,-0.015079,-0.003082,0.021268
-0.377222,0.181915,-0.000561,0.013356,0.009281,0.007673,0.02557,0.024691,-0.015079,-0.003082,0.021268,0.038951
-0.377706,0.181915,0.013356,0.009281,0.007673,0.02557,0.024691,-0.015079,-0.003082,0.021268,0.038951,-0.068736
-0.377805,0.181915,0.009281,0.007673,0.02557,0.024691,-0.015079,-0.003082,0.021268,0.038951,-0.068736,-0.110789
-0.377123,0.181915,0.007673,0.02557,0.024691,-0.015079,-0.003082,0.021268,0.038951,-0.068736,-0.110789,-0.020433
-0.375872,0.181915,0.02557,0.024691,-0.015079,-0.003082,0.021268,0.038951,-0.068736,-0.110789,-0.020433,0.011714
-0.378081,0.181915,0.024691,-0.015079,-0.003082,0.021268,0.038951,-0.068736,-0.110789,-0.020433,0.011714,0.031999
-0.381654,0.181915,-0.015079,-0.003082,0.021268,0.038951,-0.068736,-0.110789,-0.020433,0.011714,0.031999,0.026116
-0.382314,0.181915,-0.003082,0.021268,0.038951,-0.068736,-0.110789,-0.020433,0.011714,0.031999,0.026116,-0.061285
-0.381935,0.181915,0.021268,0.038951,-0.068736,-0.110789,-0.020433,0.011714,0.031999,0.026116,-0.061285,-0.110724
-0.3809,0.181915,0.038951,-0.068736,-0.110789,-0.020433,0.011714,0.031999,0.026116,-0.061285,-0.110724,-0.007595
-0.380056,0.181244,-0.068736,-0.110789,-0.020433,0.011714,0.031999,0.026116,-0.061285,-0.110724,-0.007595,0.03703
-0.382036,0.181244,-0.110789,-0.020433,0.011714,0.031999,0.026116,-0.061285,-0.110724,-0.007595,0.03703,-0.006505
-0.385627,0.181244,-0.020433,0.011714,0.031999,0.026116,-0.061285,-0.110724,-0.007595,0.03703,-0.006505,0.024149
-0.385874,0.181244,0.011714,0.031999,0.026116,-0.061285,-0.110724,-0.007595,0.03703,-0.006505,0.024149,0.020754
-0.384668,0.181244,0.031999,0.026116,-0.061285,-0.110724,-0.007595,0.03703,-0.006505,0.024149,0.020754,0.008382
-0.38488,0.181915,0.026116,-0.061285,-0.110724,-0.007595,0.03703,-0.006505,0.024149,0.020754,0.008382,0.016441
-0.384095,0.181915,-0.061285,-0.110724,-0.007595,0.03703,-0.006505,0.024149,0.020754,0.008382,0.016441,0.023639
-0.383422,0.181915,-0.110724,-0.007595,0.03703,-0.006505,0.024149,0.020754,0.008382,0.016441,0.023639,0.004266
-0.383151,0.181915,-0.007595,0.03703,-0.006505,0.024149,0.020754,0.008382,0.016441,0.023639,0.004266,0.002114
-0.382617,0.181915,0.03703,-0.006505,0.024149,0.020754,0.008382,0.016441,0.023639,0.004266,0.002114,0.019514
-0.381851,0.181915,-0.006505,0.024149,0.020754,0.008382,0.016441,0.023639,0.004266,0.002114,0.019514,0.032468
-0.381713,0.181915,0.024149,0.020754,0.008382,0.016441,0.023639,0.004266,0.002114,0.019514,0.032468,-0.054994
-0.381645,0.181915,0.020754,0.008382,0.016441,0.023639,0.004266,0.002114,0.019514,0.032468,-0.054994,-0.110441
-0.381015,0.181915,0.008382,0.016441,0.023639,0.004266,0.002114,0.019514,0.032468,-0.054994,-0.110441,-0.019024
-0.379966,0.181915,0.016441,0.023639,0.004266,0.002114,0.019514,0.032468,-0.054994,-0.110441,-0.019024,0.017429
-0.381744,0.181915,0.023639,0.004266,0.002114,0.019514,0.032468,-0.054994,-0.110441,-0.019024,0.017429,0.0411
-0.385327,0.183075,0.004266,0.002114,0.019514,0.032468,-0.054994,-0.110441,-0.019024,0.017429,0.0411,0.03222
-0.385945,0.183075,0.002114,0.019514,0.032468,-0.054994,-0.110441,-0.019024,0.017429,0.0411,0.03222,0.005668
-0.385378,0.183075,0.019514,0.032468,-0.054994,-0.110441,-0.019024,0.017429,0.0411,0.03222,0.005668,0.004301
-0.384041,0.183075,0.032468,-0.054994,-0.110441,-0.019024,0.017429,0.0411,0.03222,0.005668,0.004301,0.022401
-0.382995,0.183075,-0.054994,-0.110441,-0.019024,0.017429,0.0411,0.03222,0.005668,0.004301,0.022401,0.037919
-0.382811,0.181915,-0.110441,-0.019024,0.017429,0.0411,0.03222,0.005668,0.004301,0.022401,0.037919,-0.009101
-0.382672,0.181915,-0.019024,0.017429,0.0411,0.03222,0.005668,0.004301,0.022401,0.037919,-0.009101,0.028115
-0.381947,0.181915,0.017429,0.0411,0.03222,0.005668,0.004301,0.022401,0.037919,-0.009101,0.028115,0.019334
-0.380721,0.181915,0.0411,0.03222,0.005668,0.004301,0.022401,0.037919,-0.009101,0.028115,0.019334,-0.006901
-0.381015,0.181915,0.03222,0.005668,0.004301,0.022401,0.037919,-0.009101,0.028115,0.019334,-0.006901,0.016547
-0.380107,0.181915,0.005668,0.004301,0.022401,0.037919,-0.009101,0.028115,0.019334,-0.006901,0.016547,0.019272
-0.379484,0.181915,0.004301,0.022401,0.037919,-0.009101,0.028115,0.019334,-0.006901,0.016547,0.019272,-0.020648
-0.379707,0.181915,0.022401,0.037919,-0.009101,0.028115,0.019334,-0.006901,0.016547,0.019272,-0.020648,0.004791
-0.379173,0.181915,0.037919,-0.009101,0.028115,0.019334,-0.006901,0.016547,0.019272,-0.020648,0.004791,0.016675
-0.378552,0.181915,-0.009101,0.028115,0.019334,-0.006901,0.016547,0.019272,-0.020648,0.004791,0.016675,0.029727
-0.379217,0.181915,0.028115,0.019334,-0.006901,0.016547,0.019272,-0.020648,0.004791,0.016675,0.029727,-0.015151
-0.379062,0.181915,0.019334,-0.006901,0.016547,0.019272,-0.020648,0.004791,0.016675,0.029727,-0.015151,0.004874
-0.378526,0.181915,-0.006901,0.016547,0.019272,-0.020648,0.004791,0.016675,0.029727,-0.015151,0.004874,0.015407
-0.377569,0.181915,0.016547,0.019272,-0.020648,0.004791,0.016675,0.029727,-0.015151,0.004874,0.015407,-0.001757
-0.378057,0.181915,0.019272,-0.020648,0.004791,0.016675,0.029727,-0.015151,0.004874,0.015407,-0.001757,0.023784
-0.3779,0.182159,-0.020648,0.004791,0.016675,0.029727,-0.015151,0.004874,0.015407,-0.001757,0.023784,0.02337
-0.377405,0.182159,0.004791,0.016675,0.029727,-0.015151,0.004874,0.015407,-0.001757,0.023784,0.02337,-0.02232
-0.377462,0.182159,0.016675,0.029727,-0.015151,0.004874,0.015407,-0.001757,0.023784,0.02337,-0.02232,-0.009526
-0.376698,0.182159,0.029727,-0.015151,0.004874,0.015407,-0.001757,0.023784,0.02337,-0.02232,-0.009526,0.013745
-0.375948,0.182159,-0.015151,0.004874,0.015407,-0.001757,0.023784,0.02337,-0.02232,-0.009526,0.013745,0.033333
-0.376663,0.182159,0.004874,0.015407,-0.001757,0.023784,0.02337,-0.02232,-0.009526,0.013745,0.033333,-0.026228
-0.376969,0.182159,0.015407,-0.001757,0.023784,0.02337,-0.02232,-0.009526,0.013745,0.033333,-0.026228,-0.003742
-0.376528,0.182159,-0.001757,0.023784,0.02337,-0.02232,-0.009526,0.013745,0.033333,-0.026228,-0.003742,0.007927
-0.375459,0.182159,0.023784,0.02337,-0.02232,-0.009526,0.013745,0.033333,-0.026228,-0.003742,0.007927,0.000091
-0.3763,0.182159,0.02337,-0.02232,-0.009526,0.013745,0.033333,-0.026228,-0.003742,0.007927,0.000091,0.018552
-0.37642,0.182159,-0.02232,-0.009526,0.013745,0.033333,-0.026228,-0.003742,0.007927,0.000091,0.018552,0.012486
-0.376166,0.183746,-0.009526,0.013745,0.033333,-0.026228,-0.003742,0.007927,0.000091,0.018552,0.012486,-0.033768
-0.376163,0.183746,0.013745,0.033333,-0.026228,-0.003742,0.007927,0.000091,0.018552,0.012486,-0.033768,-0.009919
-0.375568,0.183746,0.033333,-0.026228,-0.003742,0.007927,0.000091,0.018552,0.012486,-0.033768,-0.009919,0.013757
-0.375168,0.183746,-0.026228,-0.003742,0.007927,0.000091,0.018552,0.012486,-0.033768,-0.009919,0.013757,0.035661
-0.37625,0.184509,-0.003742,0.007927,0.000091,0.018552,0.012486,-0.033768,-0.009919,0.013757,0.035661,-0.07616
-0.376568,0.184509,0.007927,0.000091,0.018552,0.012486,-0.033768,-0.009919,0.013757,0.035661,-0.07616,-0.102202
-0.376127,0.184509,0.000091,0.018552,0.012486,-0.033768,-0.009919,0.013757,0.035661,-0.07616,-0.102202,-0.004185
-0.374984,0.184509,0.018552,0.012486,-0.033768,-0.009919,0.013757,0.035661,-0.07616,-0.102202,-0.004185,-0.00199
-0.377428,0.184509,0.012486,-0.033768,-0.009919,0.013757,0.035661,-0.07616,-0.102202,-0.004185,-0.00199,0.007984
-0.38072,0.184509,-0.033768,-0.009919,0.013757,0.035661,-0.07616,-0.102202,-0.004185,-0.00199,0.007984,0.028017
-0.380855,0.184509,-0.009919,0.013757,0.035661,-0.07616,-0.102202,-0.004185,-0.00199,0.007984,0.028017,-0.012015
-0.380919,0.184509,0.013757,0.035661,-0.07616,-0.102202,-0.004185,-0.00199,0.007984,0.028017,-0.012015,-0.004936
-0.380661,0.184509,0.035661,-0.07616,-0.102202,-0.004185,-0.00199,0.007984,0.028017,-0.012015,-0.004936,0.013257
-0.379756,0.184509,-0.07616,-0.102202,-0.004185,-0.00199,0.007984,0.028017,-0.012015,-0.004936,0.013257,0.032217
-0.380143,0.184509,-0.102202,-0.004185,-0.00199,0.007984,0.028017,-0.012015,-0.004936,0.013257,0.032217,-0.108421
-0.380302,0.184509,-0.004185,-0.00199,0.007984,0.028017,-0.012015,-0.004936,0.013257,0.032217,-0.108421,-0.221414
-0.379875,0.186096,-0.00199,0.007984,0.028017,-0.012015,-0.004936,0.013257,0.032217,-0.108421,-0.221414,-0.190958
-0.378836,0.186096,0.007984,0.028017,-0.012015,-0.004936,0.013257,0.032217,-0.108421,-0.221414,-0.190958,-0.007947
-0.38234,0.186096,0.028017,-0.012015,-0.004936,0.013257,0.032217,-0.108421,-0.221414,-0.190958,-0.007947,0.019483
-0.389551,0.186096,-0.012015,-0.004936,0.013257,0.032217,-0.108421,-0.221414,-0.190958,-0.007947,0.019483,-0.0923
-0.395834,0.186615,-0.004936,0.013257,0.032217,-0.108421,-0.221414,-0.190958,-0.007947,0.019483,-0.0923,-0.035051
-0.396097,0.186615,0.013257,0.032217,-0.108421,-0.221414,-0.190958,-0.007947,0.019483,-0.0923,-0.035051,0.012263
-0.395452,0.186615,0.032217,-0.108421,-0.221414,-0.190958,-0.007947,0.019483,-0.0923,-0.035051,0.012263,0.022498
-0.398516,0.186615,-0.108421,-0.221414,-0.190958,-0.007947,0.019483,-0.0923,-0.035051,0.012263,0.022498,0.034359
-0.399683,0.186615,-0.221414,-0.190958,-0.007947,0.019483,-0.0923,-0.035051,0.012263,0.022498,0.034359,0.000007
-0.399274,0.186615,-0.190958,-0.007947,0.019483,-0.0923,-0.035051,0.012263,0.022498,0.034359,0.000007,0.025665
-0.398526,0.186615,-0.007947,0.019483,-0.0923,-0.035051,0.012263,0.022498,0.034359,0.000007,0.025665,0.02319
-0.397384,0.186615,0.019483,-0.0923,-0.035051,0.012263,0.022498,0.034359,0.000007,0.025665,0.02319,0.003427
-0.397384,0.186615,-0.0923,-0.035051,0.012263,0.022498,0.034359,0.000007,0.025665,0.02319,0.003427,0.030908
-0.396533,0.186615,-0.035051,0.012263,0.022498,0.034359,0.000007,0.025665,0.02319,0.003427,0.030908,0.034802
-0.395766,0.188965,0.012263,0.022498,0.034359,0.000007,0.025665,0.02319,0.003427,0.030908,0.034802,-0.012107
-0.395652,0.188965,0.022498,0.034359,0.000007,0.025665,0.02319,0.003427,0.030908,0.034802,-0.012107,0.00012
-0.394629,0.188965,0.034359,0.000007,0.025665,0.02319,0.003427,0.030908,0.034802,-0.012107,0.00012,-0.02059
-0.39348,0.188965,0.000007,0.025665,0.02319,0.003427,0.030908,0.034802,-0.012107,0.00012,-0.02059,-0.112638
-0.393879,0.188965,0.025665,0.02319,0.003427,0.030908,0.034802,-0.012107,0.00012,-0.02059,-0.112638,-0.013599
-0.393875,0.187897,0.02319,0.003427,0.030908,0.034802,-0.012107,0.00012,-0.02059,-0.112638,-0.013599,0.031588
-0.394554,0.187897,0.003427,0.030908,0.034802,-0.012107,0.00012,-0.02059,-0.112638,-0.013599,0.031588,0.027509
-0.398289,0.187897,0.030908,0.034802,-0.012107,0.00012,-0.02059,-0.112638,-0.013599,0.031588,0.027509,-0.028411
-0.398742,0.187897,0.034802,-0.012107,0.00012,-0.02059,-0.112638,-0.013599,0.031588,0.027509,-0.028411,-0.105385
-0.397692,0.187897,-0.012107,0.00012,-0.02059,-0.112638,-0.013599,0.031588,0.027509,-0.028411,-0.105385,-0.028171
-0.39678,0.187897,0.00012,-0.02059,-0.112638,-0.013599,0.031588,0.027509,-0.028411,-0.105385,-0.028171,-0.087468
-0.397723,0.187897,-0.02059,-0.112638,-0.013599,0.031588,0.027509,-0.028411,-0.105385,-0.028171,-0.087468,-0.032218
-0.401235,0.187897,-0.112638,-0.013599,0.031588,0.027509,-0.028411,-0.105385,-0.028171,-0.087468,-0.032218,0.049606
-0.402177,0.187897,-0.013599,0.031588,0.027509,-0.028411,-0.105385,-0.028171,-0.087468,-0.032218,0.049606,0.074485
-0.405111,0.187897,0.031588,0.027509,-0.028411,-0.105385,-0.028171,-0.087468,-0.032218,0.049606,0.074485,0.021595
-0.406194,0.189331,0.027509,-0.028411,-0.105385,-0.028171,-0.087468,-0.032218,0.049606,0.074485,0.021595,-0.02198
-0.404526,0.189331,-0.028411,-0.105385,-0.028171,-0.087468,-0.032218,0.049606,0.074485,0.021595,-0.02198,-0.109097
-0.402028,0.189331,-0.105385,-0.028171,-0.087468,-0.032218,0.049606,0.074485,0.021595,-0.02198,-0.109097,-0.002678
-0.401305,0.189331,-0.028171,-0.087468,-0.032218,0.049606,0.074485,0.021595,-0.02198,-0.109097,-0.002678,0.069436
-0.40204,0.189331,-0.087468,-0.032218,0.049606,0.074485,0.021595,-0.02198,-0.109097,-0.002678,0.069436,0.038043
-0.405697,0.189331,-0.032218,0.049606,0.074485,0.021595,-0.02198,-0.109097,-0.002678,0.069436,0.038043,0.02085
-0.405787,0.189331,0.049606,0.074485,0.021595,-0.02198,-0.109097,-0.002678,0.069436,0.038043,0.02085,0.010452
-0.403453,0.189331,0.074485,0.021595,-0.02198,-0.109097,-0.002678,0.069436,0.038043,0.02085,0.010452,0.002156
-0.402177,0.189331,0.021595,-0.02198,-0.109097,-0.002678,0.069436,0.038043,0.02085,0.010452,0.002156,-0.104809
-0.40148,0.189331,-0.02198,-0.109097,-0.002678,0.069436,0.038043,0.02085,0.010452,0.002156,-0.104809,-0.054943
-0.401132,0.189331,-0.109097,-0.002678,0.069436,0.038043,0.02085,0.010452,0.002156,-0.104809,-0.054943,-0.130729
-0.40106,0.189331,-0.002678,0.069436,0.038043,0.02085,0.010452,0.002156,-0.104809,-0.054943,-0.130729,-0.109794
-0.404572,0.189331,0.069436,0.038043,0.02085,0.010452,0.002156,-0.104809,-0.054943,-0.130729,-0.109794,0.028514
-0.406422,0.189331,0.038043,0.02085,0.010452,0.002156,-0.104809,-0.054943,-0.130729,-0.109794,0.028514,0.055018
-0.410843,0.19104,0.02085,0.010452,0.002156,-0.104809,-0.054943,-0.130729,-0.109794,0.028514,0.055018,0.010414
-0.414579,0.19104,0.010452,0.002156,-0.104809,-0.054943,-0.130729,-0.109794,0.028514,0.055018,0.010414,-0.085098
-0.413606,0.19104,0.002156,-0.104809,-0.054943,-0.130729,-0.109794,0.028514,0.055018,0.010414,-0.085098,-0.014551
-0.411731,0.19104,-0.104809,-0.054943,-0.130729,-0.109794,0.028514,0.055018,0.010414,-0.085098,-0.014551,0.054695
-0.411377,0.19104,-0.054943,-0.130729,-0.109794,0.028514,0.055018,0.010414,-0.085098,-0.014551,0.054695,0.073367
-0.414275,0.191956,-0.130729,-0.109794,0.028514,0.055018,0.010414,-0.085098,-0.014551,0.054695,0.073367,0.024633
-0.414772,0.191956,-0.109794,0.028514,0.055018,0.010414,-0.085098,-0.014551,0.054695,0.073367,0.024633,0.044729
-0.412907,0.191956,0.028514,0.055018,0.010414,-0.085098,-0.014551,0.054695,0.073367,0.024633,0.044729,0.05478
-0.410411,0.191956,0.055018,0.010414,-0.085098,-0.014551,0.054695,0.073367,0.024633,0.044729,0.05478,0.030486
-0.409575,0.191956,0.010414,-0.085098,-0.014551,0.054695,0.073367,0.024633,0.044729,0.05478,0.030486,0.051716
-0.408062,0.191956,-0.085098,-0.014551,0.054695,0.073367,0.024633,0.044729,0.05478,0.030486,0.051716,0.056404
-0.406216,0.191956,-0.014551,0.054695,0.073367,0.024633,0.044729,0.05478,0.030486,0.051716,0.056404,0.039129
-0.40519,0.191956,0.054695,0.073367,0.024633,0.044729,0.05478,0.030486,0.051716,0.056404,0.039129,0.011883
-0.403453,0.191956,0.073367,0.024633,0.044729,0.05478,0.030486,0.051716,0.056404,0.039129,0.011883,0.0442
-0.401563,0.191956,0.024633,0.044729,0.05478,0.030486,0.051716,0.056404,0.039129,0.011883,0.0442,0.071362
-0.400257,0.192749,0.044729,0.05478,0.030486,0.051716,0.056404,0.039129,0.011883,0.0442,0.071362,0.022778
-0.399861,0.192749,0.05478,0.030486,0.051716,0.056404,0.039129,0.011883,0.0442,0.071362,0.022778,0.032621
-0.398391,0.192749,0.030486,0.051716,0.056404,0.039129,0.011883,0.0442,0.071362,0.022778,0.032621,0.04905
-0.396021,0.192749,0.051716,0.056404,0.039129,0.011883,0.0442,0.071362,0.022778,0.032621,0.04905,0.034669
-0.395267,0.192078,0.056404,0.039129,0.011883,0.0442,0.071362,0.022778,0.032621,0.04905,0.034669,0.050099
-0.394189,0.192078,0.039129,0.011883,0.0442,0.071362,0.022778,0.032621,0.04905,0.034669,0.050099,0.036502
-0.392573,0.192078,0.011883,0.0442,0.071362,0.022778,0.032621,0.04905,0.034669,0.050099,0.036502,0.019983
-0.391434,0.192078,0.0442,0.071362,0.022778,0.032621,0.04905,0.034669,0.050099,0.036502,0.019983,0.002343
-0.389788,0.192078,0.071362,0.022778,0.032621,0.04905,0.034669,0.050099,0.036502,0.019983,0.002343,0.032809
-0.388592,0.192078,0.022778,0.032621,0.04905,0.034669,0.050099,0.036502,0.019983,0.002343,0.032809,0.014888
-0.387939,0.192078,0.032621,0.04905,0.034669,0.050099,0.036502,0.019983,0.002343,0.032809,0.014888,-0.10762
-0.387862,0.192078,0.04905,0.034669,0.050099,0.036502,0.019983,0.002343,0.032809,0.014888,-0.10762,0.005217
-0.386792,0.192078,0.034669,0.050099,0.036502,0.019983,0.002343,0.032809,0.014888,-0.10762,0.005217,0.04447
-0.386306,0.192078,0.050099,0.036502,0.019983,0.002343,0.032809,0.014888,-0.10762,0.005217,0.04447,0.017667
-0.389827,0.190521,0.036502,0.019983,0.002343,0.032809,0.014888,-0.10762,0.005217,0.04447,0.017667,-0.002693
-0.389656,0.190521,0.019983,0.002343,0.032809,0.014888,-0.10762,0.005217,0.04447,0.017667,-0.002693,-0.09424
-0.388202,0.190521,0.002343,0.032809,0.014888,-0.10762,0.005217,0.04447,0.017667,-0.002693,-0.09424,-0.006161
-0.387625,0.190521,0.032809,0.014888,-0.10762,0.005217,0.04447,0.017667,-0.002693,-0.09424,-0.006161,0.02141
-0.387713,0.190521,0.014888,-0.10762,0.005217,0.04447,0.017667,-0.002693,-0.09424,-0.006161,0.02141,0.039978
-0.390802,0.19104,-0.10762,0.005217,0.04447,0.017667,-0.002693,-0.09424,-0.006161,0.02141,0.039978,0.063506
-0.391005,0.19104,0.005217,0.04447,0.017667,-0.002693,-0.09424,-0.006161,0.02141,0.039978,0.063506,0.021937
-0.390302,0.19104,0.04447,0.017667,-0.002693,-0.09424,-0.006161,0.02141,0.039978,0.063506,0.021937,0.013422
-0.388993,0.19104,0.017667,-0.002693,-0.09424,-0.006161,0.02141,0.039978,0.063506,0.021937,0.013422,0.023482
-0.386917,0.19104,-0.002693,-0.09424,-0.006161,0.02141,0.039978,0.063506,0.021937,0.013422,0.023482,0.01602
-0.386201,0.19104,-0.09424,-0.006161,0.02141,0.039978,0.063506,0.021937,0.013422,0.023482,0.01602,0.045995
-0.385763,0.19104,-0.006161,0.02141,0.039978,0.063506,0.021937,0.013422,0.023482,0.01602,0.045995,0.039422
-0.385,0.19104,0.02141,0.039978,0.063506,0.021937,0.013422,0.023482,0.01602,0.045995,0.039422,0.012047
-0.38448,0.19104,0.039978,0.063506,0.021937,0.013422,0.023482,0.01602,0.045995,0.039422,0.012047,-0.004919
-0.382986,0.19104,0.063506,0.021937,0.013422,0.023482,0.01602,0.045995,0.039422,0.012047,-0.004919,0.016926
-0.381708,0.19104,0.021937,0.013422,0.023482,0.01602,0.045995,0.039422,0.012047,-0.004919,0.016926,0.036196
-0.381319,0.188294,0.013422,0.023482,0.01602,0.045995,0.039422,0.012047,-0.004919,0.016926,0.036196,-0.006511
-0.381478,0.188294,0.023482,0.01602,0.045995,0.039422,0.012047,-0.004919,0.016926,0.036196,-0.006511,0.007739
-0.380931,0.188294,0.01602,0.045995,0.039422,0.012047,-0.004919,0.016926,0.036196,-0.006511,0.007739,0.019748
-0.379762,0.188294,0.045995,0.039422,0.012047,-0.004919,0.016926,0.036196,-0.006511,0.007739,0.019748,0.002428
-0.379972,0.188294,0.039422,0.012047,-0.004919,0.016926,0.036196,-0.006511,0.007739,0.019748,0.002428,0.032309
-0.379722,0.188812,0.012047,-0.004919,0.016926,0.036196,-0.006511,0.007739,0.019748,0.002428,0.032309,0.030729
-0.379087,0.188812,-0.004919,0.016926,0.036196,-0.006511,0.007739,0.019748,0.002428,0.032309,0.030729,0.003809
-0.379008,0.188812,0.016926,0.036196,-0.006511,0.007739,0.019748,0.002428,0.032309,0.030729,0.003809,-0.020859
-0.377968,0.188812,0.036196,-0.006511,0.007739,0.019748,0.002428,0.032309,0.030729,0.003809,-0.020859,0.01637
-0.37698,0.188812,-0.006511,0.007739,0.019748,0.002428,0.032309,0.030729,0.003809,-0.020859,0.01637,0.038589
-0.376858,0.188812,0.007739,0.019748,0.002428,0.032309,0.030729,0.003809,-0.020859,0.01637,0.038589,-0.016365
-0.377527,0.188812,0.019748,0.002428,0.032309,0.030729,0.003809,-0.020859,0.01637,0.038589,-0.016365,-0.005257
-0.377001,0.188812,0.002428,0.032309,0.030729,0.003809,-0.020859,0.01637,0.038589,-0.016365,-0.005257,0.005645
-0.375763,0.188812,0.032309,0.030729,0.003809,-0.020859,0.01637,0.038589,-0.016365,-0.005257,0.005645,-0.002562
-0.376288,0.188812,0.030729,0.003809,-0.020859,0.01637,0.038589,-0.016365,-0.005257,0.005645,-0.002562,0.01665
-0.376456,0.188049,0.003809,-0.020859,0.01637,0.038589,-0.016365,-0.005257,0.005645,-0.002562,0.01665,0.003347
-0.376276,0.188049,-0.020859,0.01637,0.038589,-0.016365,-0.005257,0.005645,-0.002562,0.01665,0.003347,-0.024611
-0.376358,0.188049,0.01637,0.038589,-0.016365,-0.005257,0.005645,-0.002562,0.01665,0.003347,-0.024611,-0.035626
-0.375824,0.188049,0.038589,-0.016365,-0.005257,0.005645,-0.002562,0.01665,0.003347,-0.024611,-0.035626,-0.000618
-0.375716,0.188049,-0.016365,-0.005257,0.005645,-0.002562,0.01665,0.003347,-0.024611,-0.035626,-0.000618,0.019248
-0.376505,0.188415,-0.005257,0.005645,-0.002562,0.01665,0.003347,-0.024611,-0.035626,-0.000618,0.019248,-0.04221
-0.377648,0.188415,0.005645,-0.002562,0.01665,0.003347,-0.024611,-0.035626,-0.000618,0.019248,-0.04221,-0.020283
-0.377668,0.188415,-0.002562,0.01665,0.003347,-0.024611,-0.035626,-0.000618,0.019248,-0.04221,-0.020283,-0.050485
-0.377049,0.188415,0.01665,0.003347,-0.024611,-0.035626,-0.000618,0.019248,-0.04221,-0.020283,-0.050485,-0.154249
-0.378407,0.188415,0.003347,-0.024611,-0.035626,-0.000618,0.019248,-0.04221,-0.020283,-0.050485,-0.154249,-0.029132
-0.37906,0.188415,-0.024611,-0.035626,-0.000618,0.019248,-0.04221,-0.020283,-0.050485,-0.154249,-0.029132,0.015114
-0.380687,0.188415,-0.035626,-0.000618,0.019248,-0.04221,-0.020283,-0.050485,-0.154249,-0.029132,0.015114,-0.015507
-0.385685,0.188415,-0.000618,0.019248,-0.04221,-0.020283,-0.050485,-0.154249,-0.029132,0.015114,-0.015507,-0.021077
-0.386635,0.188415,0.019248,-0.04221,-0.020283,-0.050485,-0.154249,-0.029132,0.015114,-0.015507,-0.021077,-0.0064
-0.386142,0.188415,-0.04221,-0.020283,-0.050485,-0.154249,-0.029132,0.015114,-0.015507,-0.021077,-0.0064,0.01882
-0.386647,0.188415,-0.020283,-0.050485,-0.154249,-0.029132,0.015114,-0.015507,-0.021077,-0.0064,0.01882,-0.025863
-0.387334,0.188171,-0.050485,-0.154249,-0.029132,0.015114,-0.015507,-0.021077,-0.0064,0.01882,-0.025863,-0.014016
-0.387543,0.188171,-0.154249,-0.029132,0.015114,-0.015507,-0.021077,-0.0064,0.01882,-0.025863,-0.014016,-0.006979
-0.386928,0.188171,-0.029132,0.015114,-0.015507,-0.021077,-0.0064,0.01882,-0.025863,-0.014016,-0.006979,-0.008118
-0.387773,0.188171,0.015114,-0.015507,-0.021077,-0.0064,0.01882,-0.025863,-0.014016,-0.006979,-0.008118,0.014485
-0.388231,0.188171,-0.015507,-0.021077,-0.0064,0.01882,-0.025863,-0.014016,-0.006979,-0.008118,0.014485,0.004215
-0.388459,0.187897,-0.021077,-0.0064,0.01882,-0.025863,-0.014016,-0.006979,-0.008118,0.014485,0.004215,-0.025791
-0.388725,0.187897,-0.0064,0.01882,-0.025863,-0.014016,-0.006979,-0.008118,0.014485,0.004215,-0.025791,-0.02478
-0.388251,0.187897,0.01882,-0.025863,-0.014016,-0.006979,-0.008118,0.014485,0.004215,-0.025791,-0.02478,-0.012281
-0.388113,0.187897,-0.025863,-0.014016,-0.006979,-0.008118,0.014485,0.004215,-0.025791,-0.02478,-0.012281,0.012327
-0.388956,0.187897,-0.014016,-0.006979,-0.008118,0.014485,0.004215,-0.025791,-0.02478,-0.012281,0.012327,-0.013574
-0.389767,0.187897,-0.006979,-0.008118,0.014485,0.004215,-0.025791,-0.02478,-0.012281,0.012327,-0.013574,-0.003675
-0.390169,0.187897,-0.008118,0.014485,0.004215,-0.025791,-0.02478,-0.012281,0.012327,-0.013574,-0.003675,0.006196
-0.389765,0.187897,0.014485,0.004215,-0.025791,-0.02478,-0.012281,0.012327,-0.013574,-0.003675,0.006196,0.006898
-0.39021,0.187897,0.004215,-0.025791,-0.02478,-0.012281,0.012327,-0.013574,-0.003675,0.006196,0.006898,0.022625
-0.390331,0.187897,-0.025791,-0.02478,-0.012281,0.012327,-0.013574,-0.003675,0.006196,0.006898,0.022625,0.013072
-0.390128,0.18869,-0.02478,-0.012281,0.012327,-0.013574,-0.003675,0.006196,0.006898,0.022625,0.013072,-0.006855
-0.389902,0.18869,-0.012281,0.012327,-0.013574,-0.003675,0.006196,0.006898,0.022625,0.013072,-0.006855,-0.013383
-0.38916,0.18869,0.012327,-0.013574,-0.003675,0.006196,0.006898,0.022625,0.013072,-0.006855,-0.013383,0.001912
-0.388732,0.18869,-0.013574,-0.003675,0.006196,0.006898,0.022625,0.013072,-0.006855,-0.013383,0.001912,0.029792
-0.388956,0.188415,-0.003675,0.006196,0.006898,0.022625,0.013072,-0.006855,-0.013383,0.001912,0.029792,-0.013625
-0.389394,0.188415,0.006196,0.006898,0.022625,0.013072,-0.006855,-0.013383,0.001912,0.029792,-0.013625,-0.028221
-0.389331,0.188415,0.006898,0.022625,0.013072,-0.006855,-0.013383,0.001912,0.029792,-0.013625,-0.028221,-0.117917
-0.388356,0.188415,0.022625,0.013072,-0.006855,-0.013383,0.001912,0.029792,-0.013625,-0.028221,-0.117917,-0.02028
-0.388802,0.188415,0.013072,-0.006855,-0.013383,0.001912,0.029792,-0.013625,-0.028221,-0.117917,-0.02028,0.038721
-0.389726,0.188415,-0.006855,-0.013383,0.001912,0.029792,-0.013625,-0.028221,-0.117917,-0.02028,0.038721,0.026716
-0.393599,0.188415,-0.013383,0.001912,0.029792,-0.013625,-0.028221,-0.117917,-0.02028,0.038721,0.026716,-0.007576
-0.394268,0.188415,0.001912,0.029792,-0.013625,-0.028221,-0.117917,-0.02028,0.038721,0.026716,-0.007576,-0.009339
-0.39299,0.188415,0.029792,-0.013625,-0.028221,-0.117917,-0.02028,0.038721,0.026716,-0.007576,-0.009339,0.041353
-0.392109,0.188415,-0.013625,-0.028221,-0.117917,-0.02028,0.038721,0.026716,-0.007576,-0.009339,0.041353,0.069651
-0.392359,0.188415,-0.028221,-0.117917,-0.02028,0.038721,0.026716,-0.007576,-0.009339,0.041353,0.069651,0.009521
-0.392666,0.187134,-0.117917,-0.02028,0.038721,0.026716,-0.007576,-0.009339,0.041353,0.069651,0.009521,-0.027517
-0.391306,0.187134,-0.02028,0.038721,0.026716,-0.007576,-0.009339,0.041353,0.069651,0.009521,-0.027517,-0.099442
-0.38902,0.187134,0.038721,0.026716,-0.007576,-0.009339,0.041353,0.069651,0.009521,-0.027517,-0.099442,-0.012696
-0.388709,0.187134,0.026716,-0.007576,-0.009339,0.041353,0.069651,0.009521,-0.027517,-0.099442,-0.012696,0.059568
-0.389609,0.186615,-0.007576,-0.009339,0.041353,0.069651,0.009521,-0.027517,-0.099442,-0.012696,0.059568,0.052125
-0.392873,0.186615,-0.009339,0.041353,0.069651,0.009521,-0.027517,-0.099442,-0.012696,0.059568,0.052125,0.018771
-0.393292,0.186615,0.041353,0.069651,0.009521,-0.027517,-0.099442,-0.012696,0.059568,0.052125,0.018771,0.014121
-0.39133,0.186615,0.069651,0.009521,-0.027517,-0.099442,-0.012696,0.059568,0.052125,0.018771,0.014121,0.034158
-0.389618,0.186615,0.009521,-0.027517,-0.099442,-0.012696,0.059568,0.052125,0.018771,0.014121,0.034158,0.053429
-0.389003,0.186615,-0.027517,-0.099442,-0.012696,0.059568,0.052125,0.018771,0.014121,0.034158,0.053429,0.005433
-0.388541,0.186615,-0.099442,-0.012696,0.059568,0.052125,0.018771,0.014121,0.034158,0.053429,0.005433,-0.025296
-0.387426,0.186615,-0.012696,0.059568,0.052125,0.018771,0.014121,0.034158,0.053429,0.005433,-0.025296,-0.104217
-0.385683,0.186615,0.059568,0.052125,0.018771,0.014121,0.034158,0.053429,0.005433,-0.025296,-0.104217,-0.046239
-0.385506,0.186615,0.052125,0.018771,0.014121,0.034158,0.053429,0.005433,-0.025296,-0.104217,-0.046239,-0.07482
-0.386329,0.186615,0.018771,0.014121,0.034158,0.053429,0.005433,-0.025296,-0.104217,-0.046239,-0.07482,0.026948
-0.389732,0.18399,0.014121,0.034158,0.053429,0.005433,-0.025296,-0.104217,-0.046239,-0.07482,0.026948,0.016596
-0.391248,0.18399,0.034158,0.053429,0.005433,-0.025296,-0.104217,-0.046239,-0.07482,0.026948,0.016596,0.028319
-0.393713,0.18399,0.053429,0.005433,-0.025296,-0.104217,-0.046239,-0.07482,0.026948,0.016596,0.028319,0.035196
-0.392824,0.18399,0.005433,-0.025296,-0.104217,-0.046239,-0.07482,0.026948,0.016596,0.028319,0.035196,0.048207
-0.392278,0.185425,-0.025296,-0.104217,-0.046239,-0.07482,0.026948,0.016596,0.028319,0.035196,0.048207,0.00741
-0.391347,0.185425,-0.104217,-0.046239,-0.07482,0.026948,0.016596,0.028319,0.035196,0.048207,0.00741,-0.022918
-0.390193,0.185425,-0.046239,-0.07482,0.026948,0.016596,0.028319,0.035196,0.048207,0.00741,-0.022918,-0.14098
-0.388613,0.185425,-0.07482,0.026948,0.016596,0.028319,0.035196,0.048207,0.00741,-0.022918,-0.14098,-0.12219
-0.38837,0.185425,0.026948,0.016596,0.028319,0.035196,0.048207,0.00741,-0.022918,-0.14098,-0.12219,0.041301
-0.38912,0.185425,0.016596,0.028319,0.035196,0.048207,0.00741,-0.022918,-0.14098,-0.12219,0.041301,0.06037
-0.393749,0.185425,0.028319,0.035196,0.048207,0.00741,-0.022918,-0.14098,-0.12219,0.041301,0.06037,0.00249
-0.397791,0.185425,0.035196,0.048207,0.00741,-0.022918,-0.14098,-0.12219,0.041301,0.06037,0.00249,0.01021
-0.39642,0.185425,0.048207,0.00741,-0.022918,-0.14098,-0.12219,0.041301,0.06037,0.00249,0.01021,0.03237
-0.39442,0.185425,0.00741,-0.022918,-0.14098,-0.12219,0.041301,0.06037,0.00249,0.01021,0.03237,0.054729
-0.394338,0.185425,-0.022918,-0.14098,-0.12219,0.041301,0.06037,0.00249,0.01021,0.03237,0.054729,0.018535
-0.394001,0.185699,-0.14098,-0.12219,0.041301,0.06037,0.00249,0.01021,0.03237,0.054729,0.018535,0.022204
-0.392935,0.185699,-0.12219,0.041301,0.06037,0.00249,0.01021,0.03237,0.054729,0.018535,0.022204,0.053761
-0.391133,0.185699,0.041301,0.06037,0.00249,0.01021,0.03237,0.054729,0.018535,0.022204,0.053761,0.035309
-0.390524,0.185699,0.06037,0.00249,0.01021,0.03237,0.054729,0.018535,0.022204,0.053761,0.035309,0.039425
-0.389796,0.184509,0.00249,0.01021,0.03237,0.054729,0.018535,0.022204,0.053761,0.035309,0.039425,0.029386
-0.388038,0.184509,0.01021,0.03237,0.054729,0.018535,0.022204,0.053761,0.035309,0.039425,0.029386,-0.001004
-0.386886,0.184509,0.03237,0.054729,0.018535,0.022204,0.053761,0.035309,0.039425,0.029386,-0.001004,0.003145
-0.3856,0.184509,0.054729,0.018535,0.022204,0.053761,0.035309,0.039425,0.029386,-0.001004,0.003145,0.028843
-0.384643,0.184509,0.018535,0.022204,0.053761,0.035309,0.039425,0.029386,-0.001004,0.003145,0.028843,0.009476
-0.384676,0.184509,0.022204,0.053761,0.035309,0.039425,0.029386,-0.001004,0.003145,0.028843,0.009476,-0.116288
-0.384574,0.184509,0.053761,0.035309,0.039425,0.029386,-0.001004,0.003145,0.028843,0.009476,-0.116288,-0.014034
-0.383638,0.184509,0.035309,0.039425,0.029386,-0.001004,0.003145,0.028843,0.009476,-0.116288,-0.014034,0.052924
-0.38333,0.184509,0.039425,0.029386,-0.001004,0.003145,0.028843,0.009476,-0.116288,-0.014034,0.052924,0.022521
-0.387117,0.184509,0.029386,-0.001004,0.003145,0.028843,0.009476,-0.116288,-0.014034,0.052924,0.022521,0.032391
-0.387575,0.184509,-0.001004,0.003145,0.028843,0.009476,-0.116288,-0.014034,0.052924,0.022521,0.032391,0.037347
-0.385851,0.183746,0.003145,0.028843,0.009476,-0.116288,-0.014034,0.052924,0.022521,0.032391,0.037347,0.010463
-0.385118,0.183746,0.028843,0.009476,-0.116288,-0.014034,0.052924,0.022521,0.032391,0.037347,0.010463,-0.01999
-0.384065,0.183746,0.009476,-0.116288,-0.014034,0.052924,0.022521,0.032391,0.037347,0.010463,-0.01999,-0.115336
-0.382852,0.183746,-0.116288,-0.014034,0.052924,0.022521,0.032391,0.037347,0.010463,-0.01999,-0.115336,-0.02246
-0.382513,0.183746,-0.014034,0.052924,0.022521,0.032391,0.037347,0.010463,-0.01999,-0.115336,-0.02246,-0.098853
-0.383161,0.182678,0.052924,0.022521,0.032391,0.037347,0.010463,-0.01999,-0.115336,-0.02246,-0.098853,-0.006163
-0.386909,0.182678,0.022521,0.032391,0.037347,0.010463,-0.01999,-0.115336,-0.02246,-0.098853,-0.006163,0.040941
-0.387643,0.182678,0.032391,0.037347,0.010463,-0.01999,-0.115336,-0.02246,-0.098853,-0.006163,0.040941,0.020431
-0.390883,0.182678,0.037347,0.010463,-0.01999,-0.115336,-0.02246,-0.098853,-0.006163,0.040941,0.020431,0.043763
-0.391086,0.182678,0.010463,-0.01999,-0.115336,-0.02246,-0.098853,-0.006163,0.040941,0.020431,0.043763,0.038758
-0.389744,0.182678,-0.01999,-0.115336,-0.02246,-0.098853,-0.006163,0.040941,0.020431,0.043763,0.038758,-0.032059
-0.389075,0.182678,-0.115336,-0.02246,-0.098853,-0.006163,0.040941,0.020431,0.043763,0.038758,-0.032059,-0.110395
-0.387643,0.182678,-0.02246,-0.098853,-0.006163,0.040941,0.020431,0.043763,0.038758,-0.032059,-0.110395,0.006188
-0.386377,0.182678,-0.098853,-0.006163,0.040941,0.020431,0.043763,0.038758,-0.032059,-0.110395,0.006188,0.01267
-0.387423,0.182678,-0.006163,0.040941,0.020431,0.043763,0.038758,-0.032059,-0.110395,0.006188,0.01267,-0.109418
-0.391034,0.183868,0.040941,0.020431,0.043763,0.038758,-0.032059,-0.110395,0.006188,0.01267,-0.109418,-0.010705
-0.390831,0.183868,0.020431,0.043763,0.038758,-0.032059,-0.110395,0.006188,0.01267,-0.109418,-0.010705,0.051458
-0.390415,0.183868,0.043763,0.038758,-0.032059,-0.110395,0.006188,0.01267,-0.109418,-0.010705,0.051458,0.036768
-0.394019,0.183868,0.038758,-0.032059,-0.110395,0.006188,0.01267,-0.109418,-0.010705,0.051458,0.036768,0.035588
-0.394373,0.18399,-0.032059,-0.110395,0.006188,0.01267,-0.109418,-0.010705,0.051458,0.036768,0.035588,0.034618
-0.392677,0.18399,-0.110395,0.006188,0.01267,-0.109418,-0.010705,0.051458,0.036768,0.035588,0.034618,0.021691
-0.391468,0.18399,0.006188,0.01267,-0.109418,-0.010705,0.051458,0.036768,0.035588,0.034618,0.021691,0.024222
-0.390299,0.18399,0.01267,-0.109418,-0.010705,0.051458,0.036768,0.035588,0.034618,0.021691,0.024222,0.020937
-0.389163,0.18399,-0.109418,-0.010705,0.051458,0.036768,0.035588,0.034618,0.021691,0.024222,0.020937,-0.004169
-0.388454,0.18399,-0.010705,0.051458,0.036768,0.035588,0.034618,0.021691,0.024222,0.020937,-0.004169,-0.116038
-0.387663,0.18399,0.051458,0.036768,0.035588,0.034618,0.021691,0.024222,0.020937,-0.004169,-0.116038,-0.010749
-0.38698,0.18399,0.036768,0.035588,0.034618,0.021691,0.024222,0.020937,-0.004169,-0.116038,-0.010749,0.051576
-0.387116,0.18399,0.035588,0.034618,0.021691,0.024222,0.020937,-0.004169,-0.116038,-0.010749,0.051576,0.01759
-0.390918,0.18399,0.034618,0.021691,0.024222,0.020937,-0.004169,-0.116038,-0.010749,0.051576,0.01759,0.038764
-0.391271,0.18399,0.021691,0.024222,0.020937,-0.004169,-0.116038,-0.010749,0.051576,0.01759,0.038764,0.045224
-0.389581,0.186218,0.024222,0.020937,-0.004169,-0.116038,-0.010749,0.051576,0.01759,0.038764,0.045224,0.015228
-0.389005,0.186218,0.020937,-0.004169,-0.116038,-0.010749,0.051576,0.01759,0.038764,0.045224,0.015228,0.011474
-0.387736,0.186218,-0.004169,-0.116038,-0.010749,0.051576,0.01759,0.038764,0.045224,0.015228,0.011474,0.03532
-0.386259,0.186218,-0.116038,-0.010749,0.051576,0.01759,0.038764,0.045224,0.015228,0.011474,0.03532,0.053376
-0.385763,0.185303,-0.010749,0.051576,0.01759,0.038764,0.045224,0.015228,0.011474,0.03532,0.053376,-0.029584
-0.38539,0.185303,0.051576,0.01759,0.038764,0.045224,0.015228,0.011474,0.03532,0.053376,-0.029584,-0.108149
-0.384243,0.185303,0.01759,0.038764,0.045224,0.015228,0.011474,0.03532,0.053376,-0.029584,-0.108149,-0.01025
-0.38251,0.185303,0.038764,0.045224,0.015228,0.011474,0.03532,0.053376,-0.029584,-0.108149,-0.01025,0.023126
-0.38347,0.185303,0.045224,0.015228,0.011474,0.03532,0.053376,-0.029584,-0.108149,-0.01025,0.023126,0.045994
-0.386988,0.185303,0.015228,0.011474,0.03532,0.053376,-0.029584,-0.108149,-0.01025,0.023126,0.045994,0.034946
-0.387322,0.185303,0.011474,0.03532,0.053376,-0.029584,-0.108149,-0.01025,0.023126,0.045994,0.034946,0.005604
-0.386568,0.185303,0.03532,0.053376,-0.029584,-0.108149,-0.01025,0.023126,0.045994,0.034946,0.005604,0.016015
-0.38507,0.185303,0.053376,-0.029584,-0.108149,-0.01025,0.023126,0.045994,0.034946,0.005604,0.016015,0.02862
-0.383933,0.185303,-0.029584,-0.108149,-0.01025,0.023126,0.045994,0.034946,0.005604,0.016015,0.02862,0.040829
-0.383751,0.185303,-0.108149,-0.01025,0.023126,0.045994,0.034946,0.005604,0.016015,0.02862,0.040829,-0.008728
-0.383232,0.184387,-0.01025,0.023126,0.045994,0.034946,0.005604,0.016015,0.02862,0.040829,-0.008728,0.019519
-0.382305,0.184387,0.023126,0.045994,0.034946,0.005604,0.016015,0.02862,0.040829,-0.008728,0.019519,0.020771
-0.380984,0.184387,0.045994,0.034946,0.005604,0.016015,0.02862,0.040829,-0.008728,0.019519,0.020771,0.00021
-0.381266,0.184387,0.034946,0.005604,0.016015,0.02862,0.040829,-0.008728,0.019519,0.020771,0.00021,0.018775
-0.380636,0.184387,0.005604,0.016015,0.02862,0.040829,-0.008728,0.019519,0.020771,0.00021,0.018775,0.024489
-0.379966,0.184509,0.016015,0.02862,0.040829,-0.008728,0.019519,0.020771,0.00021,0.018775,0.024489,0.001839
-0.379959,0.184509,0.02862,0.040829,-0.008728,0.019519,0.020771,0.00021,0.018775,0.024489,0.001839,-0.009462
-0.379353,0.184509,0.040829,-0.008728,0.019519,0.020771,0.00021,0.018775,0.024489,0.001839,-0.009462,0.01556
-0.378564,0.184509,-0.008728,0.019519,0.020771,0.00021,0.018775,0.024489,0.001839,-0.009462,0.01556,0.030877
-0.378505,0.184509,0.019519,0.020771,0.00021,0.018775,0.024489,0.001839,-0.009462,0.01556,0.030877,-0.006137
-0.378809,0.184509,0.020771,0.00021,0.018775,0.024489,0.001839,-0.009462,0.01556,0.030877,-0.006137,-0.030479
-0.378309,0.184509,0.00021,0.018775,0.024489,0.001839,-0.009462,0.01556,0.030877,-0.006137,-0.030479,-0.112598
-0.377315,0.184509,0.018775,0.024489,0.001839,-0.009462,0.01556,0.030877,-0.006137,-0.030479,-0.112598,-0.022186
-0.377513,0.184509,0.024489,0.001839,-0.009462,0.01556,0.030877,-0.006137,-0.030479,-0.112598,-0.022186,0.039273
-0.378493,0.184509,0.001839,-0.009462,0.01556,0.030877,-0.006137,-0.030479,-0.112598,-0.022186,0.039273,0.037881
-0.382123,0.184509,-0.009462,0.01556,0.030877,-0.006137,-0.030479,-0.112598,-0.022186,0.039273,0.037881,-0.017575
-0.382841,0.183075,0.01556,0.030877,-0.006137,-0.030479,-0.112598,-0.022186,0.039273,0.037881,-0.017575,-0.012345
-0.381569,0.183075,0.030877,-0.006137,-0.030479,-0.112598,-0.022186,0.039273,0.037881,-0.017575,-0.012345,0.02102
-0.380344,0.183075,-0.006137,-0.030479,-0.112598,-0.022186,0.039273,0.037881,-0.017575,-0.012345,0.02102,0.003904
-0.380911,0.183075,-0.030479,-0.112598,-0.022186,0.039273,0.037881,-0.017575,-0.012345,0.02102,0.003904,-0.135618
-0.38131,0.183075,-0.112598,-0.022186,0.039273,0.037881,-0.017575,-0.012345,0.02102,0.003904,-0.135618,-0.014463
-0.380631,0.182831,-0.022186,0.039273,0.037881,-0.017575,-0.012345,0.02102,0.003904,-0.135618,-0.014463,0.043631
-0.380505,0.182831,0.039273,0.037881,-0.017575,-0.012345,0.02102,0.003904,-0.135618,-0.014463,0.043631,0.004351
