-0.097553,0.164825,0.051056,0.000293,-0.010954,0.014286,0.004751,0.031689,0.030184,0.008656,-0.090313,0.001328
-0.096883,0.168335,0.000293,-0.010954,0.014286,0.004751,0.031689,0.030184,0.008656,-0.090313,0.001328,0.077527
-0.096692,0.168335,-0.010954,0.014286,0.004751,0.031689,0.030184,0.008656,-0.090313,0.001328,0.077527,-0.023747
-0.098692,0.168335,0.014286,0.004751,0.031689,0.030184,0.008656,-0.090313,0.001328,0.077527,-0.023747,-0.020122
-0.098662,0.168335,0.004751,0.031689,0.030184,0.008656,-0.090313,0.001328,0.077527,-0.023747,-0.020122,-0.00176
-0.096942,0.168335,0.031689,0.030184,0.008656,-0.090313,0.001328,0.077527,-0.023747,-0.020122,-0.00176,-0.009038
-0.097469,0.168335,0.030184,0.008656,-0.090313,0.001328,0.077527,-0.023747,-0.020122,-0.00176,-0.009038,0.016802
-0.097915,0.168335,0.008656,-0.090313,0.001328,0.077527,-0.023747,-0.020122,-0.00176,-0.009038,0.016802,0.03015
-0.097954,0.168335,-0.090313,0.001328,0.077527,-0.023747,-0.020122,-0.00176,-0.009038,0.016802,0.03015,-0.048832
-0.098154,0.168335,0.001328,0.077527,-0.023747,-0.020122,-0.00176,-0.009038,0.016802,0.03015,-0.048832,-0.127478
-0.097781,0.16861,0.077527,-0.023747,-0.020122,-0.00176,-0.009038,0.016802,0.03015,-0.048832,-0.127478,-0.005395
-0.097113,0.16861,-0.023747,-0.020122,-0.00176,-0.009038,0.016802,0.03015,-0.048832,-0.127478,-0.005395,0.085044
-0.098195,0.16861,-0.020122,-0.00176,-0.009038,0.016802,0.03015,-0.048832,-0.127478,-0.005395,0.085044,0.009382
-0.101024,0.16861,-0.00176,-0.009038,0.016802,0.03015,-0.048832,-0.127478,-0.005395,0.085044,0.009382,-0.071404
-0.101144,0.16861,-0.009038,0.016802,0.03015,-0.048832,-0.127478,-0.005395,0.085044,0.009382,-0.071404,-0.095985
-0.099252,0.16861,0.016802,0.03015,-0.048832,-0.127478,-0.005395,0.085044,0.009382,-0.071404,-0.095985,-0.02108
-0.099044,0.16861,0.03015,-0.048832,-0.127478,-0.005395,0.085044,0.009382,-0.071404,-0.095985,-0.02108,0.027018
-0.10063,0.16861,-0.048832,-0.127478,-0.005395,0.085044,0.009382,-0.071404,-0.095985,-0.02108,0.027018,0.041883
-0.102765,0.16861,-0.127478,-0.005395,0.085044,0.009382,-0.071404,-0.095985,-0.02108,0.027018,0.041883,0.019592
-0.103235,0.16861,-0.005395,0.085044,0.009382,-0.071404,-0.095985,-0.02108,0.027018,0.041883,0.019592,-0.044911
-0.102632,0.16861,0.085044,0.009382,-0.071404,-0.095985,-0.02108,0.027018,0.041883,0.019592,-0.044911,-0.000793
-0.101698,0.16861,0.009382,-0.071404,-0.095985,-0.02108,0.027018,0.041883,0.019592,-0.044911,-0.000793,0.073456
-0.101262,0.16861,-0.071404,-0.095985,-0.02108,0.027018,0.041883,0.019592,-0.044911,-0.000793,0.073456,-0.012285
-0.102261,0.16861,-0.095985,-0.02108,0.027018,0.041883,0.019592,-0.044911,-0.000793,0.073456,-0.012285,-0.025765
-0.102278,0.16861,-0.02108,0.027018,0.041883,0.019592,-0.044911,-0.000793,0.073456,-0.012285,-0.025765,0.012975
-0.100642,0.16861,0.027018,0.041883,0.019592,-0.044911,-0.000793,0.073456,-0.012285,-0.025765,0.012975,-0.007651
-0.100916,0.16861,0.041883,0.019592,-0.044911,-0.000793,0.073456,-0.012285,-0.025765,0.012975,-0.007651,0.007791
-0.101489,0.16861,0.019592,-0.044911,-0.000793,0.073456,-0.012285,-0.025765,0.012975,-0.007651,0.007791,0.037606
-0.101201,0.16861,-0.044911,-0.000793,0.073456,-0.012285,-0.025765,0.012975,-0.007651,0.007791,0.037606,-0.04282
-0.101371,0.16861,-0.000793,0.073456,-0.012285,-0.025765,0.012975,-0.007651,0.007791,0.037606,-0.04282,-0.146454
-0.101197,0.16861,0.073456,-0.012285,-0.025765,0.012975,-0.007651,0.007791,0.037606,-0.04282,-0.146454,-0.007415
-0.10036,0.17096,-0.012285,-0.025765,0.012975,-0.007651,0.007791,0.037606,-0.04282,-0.146454,-0.007415,0.092162
-0.101312,0.17096,-0.025765,0.012975,-0.007651,0.007791,0.037606,-0.04282,-0.146454,-0.007415,0.092162,-0.007783
-0.104574,0.17096,0.012975,-0.007651,0.007791,0.037606,-0.04282,-0.146454,-0.007415,0.092162,-0.007783,-0.020072
-0.10474,0.17096,-0.007651,0.007791,0.037606,-0.04282,-0.146454,-0.007415,0.092162,-0.007783,-0.020072,0.007214
-0.102682,0.17096,0.007791,0.037606,-0.04282,-0.146454,-0.007415,0.092162,-0.007783,-0.020072,0.007214,0.00264
-0.102856,0.17096,0.037606,-0.04282,-0.146454,-0.007415,0.092162,-0.007783,-0.020072,0.007214,0.00264,0.01462
-0.103303,0.17096,-0.04282,-0.146454,-0.007415,0.092162,-0.007783,-0.020072,0.007214,0.00264,0.01462,0.032824
-0.103142,0.17096,-0.146454,-0.007415,0.092162,-0.007783,-0.020072,0.007214,0.00264,0.01462,0.032824,0.013889
-0.103084,0.17096,-0.007415,0.092162,-0.007783,-0.020072,0.007214,0.00264,0.01462,0.032824,0.013889,-0.081004
-0.102757,0.170837,0.092162,-0.007783,-0.020072,0.007214,0.00264,0.01462,0.032824,0.013889,-0.081004,-0.143037
-0.102025,0.170837,-0.007783,-0.020072,0.007214,0.00264,0.01462,0.032824,0.013889,-0.081004,-0.143037,-0.061839
-0.101716,0.170837,-0.020072,0.007214,0.00264,0.01462,0.032824,0.013889,-0.081004,-0.143037,-0.061839,0.004296
-0.10352,0.170837,0.007214,0.00264,0.01462,0.032824,0.013889,-0.081004,-0.143037,-0.061839,0.004296,0.028836
-0.106715,0.170837,0.00264,0.01462,0.032824,0.013889,-0.081004,-0.143037,-0.061839,0.004296,0.028836,0.005937
-0.108101,0.170837,0.01462,0.032824,0.013889,-0.081004,-0.143037,-0.061839,0.004296,0.028836,0.005937,-0.042764
-0.108005,0.170837,0.032824,0.013889,-0.081004,-0.143037,-0.061839,0.004296,0.028836,0.005937,-0.042764,-0.100998
-0.107358,0.170837,0.013889,-0.081004,-0.143037,-0.061839,0.004296,0.028836,0.005937,-0.042764,-0.100998,0.037157
-0.107226,0.170837,-0.081004,-0.143037,-0.061839,0.004296,0.028836,0.005937,-0.042764,-0.100998,0.037157,-0.034328
-0.108184,0.170837,-0.143037,-0.061839,0.004296,0.028836,0.005937,-0.042764,-0.100998,0.037157,-0.034328,-0.125846
-0.110453,0.170837,-0.061839,0.004296,0.028836,0.005937,-0.042764,-0.100998,0.037157,-0.034328,-0.125846,0.019368
-0.109617,0.170837,0.004296,0.028836,0.005937,-0.042764,-0.100998,0.037157,-0.034328,-0.125846,0.019368,0.092456
-0.110388,0.170837,0.028836,0.005937,-0.042764,-0.100998,0.037157,-0.034328,-0.125846,0.019368,0.092456,0.001956
-0.113219,0.170837,0.005937,-0.042764,-0.100998,0.037157,-0.034328,-0.125846,0.019368,0.092456,0.001956,-0.033171
-0.112783,0.170837,-0.042764,-0.100998,0.037157,-0.034328,-0.125846,0.019368,0.092456,0.001956,-0.033171,-0.050137
-0.1107,0.170837,-0.100998,0.037157,-0.034328,-0.125846,0.019368,0.092456,0.001956,-0.033171,-0.050137,-0.098301
-0.110656,0.170837,0.037157,-0.034328,-0.125846,0.019368,0.092456,0.001956,-0.033171,-0.050137,-0.098301,-0.000274
-0.111402,0.170837,-0.034328,-0.125846,0.019368,0.092456,0.001956,-0.033171,-0.050137,-0.098301,-0.000274,0.072299
-0.11253,0.170837,-0.125846,0.019368,0.092456,0.001956,-0.033171,-0.050137,-0.098301,-0.000274,0.072299,0.020397
-0.114747,0.170837,0.019368,0.092456,0.001956,-0.033171,-0.050137,-0.098301,-0.000274,0.072299,0.020397,-0.032495
-0.114753,0.170837,0.092456,0.001956,-0.033171,-0.050137,-0.098301,-0.000274,0.072299,0.020397,-0.032495,0.021549
-0.113119,0.172913,0.001956,-0.033171,-0.050137,-0.098301,-0.000274,0.072299,0.020397,-0.032495,0.021549,0.07271
-0.11266,0.172913,-0.033171,-0.050137,-0.098301,-0.000274,0.072299,0.020397,-0.032495,0.021549,0.07271,-0.025428
-0.113392,0.172913,-0.050137,-0.098301,-0.000274,0.072299,0.020397,-0.032495,0.021549,0.07271,-0.025428,-0.062581
-0.112906,0.172913,-0.098301,-0.000274,0.072299,0.020397,-0.032495,0.021549,0.07271,-0.025428,-0.062581,-0.096535
-0.111267,0.172913,-0.000274,0.072299,0.020397,-0.032495,0.021549,0.07271,-0.025428,-0.062581,-0.096535,0.008486
-0.11184,0.172913,0.072299,0.020397,-0.032495,0.021549,0.07271,-0.025428,-0.062581,-0.096535,0.008486,0.017049
-0.11325,0.172913,0.020397,-0.032495,0.021549,0.07271,-0.025428,-0.062581,-0.096535,0.008486,0.017049,0.063572
-0.115428,0.172913,-0.032495,0.021549,0.07271,-0.025428,-0.062581,-0.096535,0.008486,0.017049,0.063572,0.015994
-0.115236,0.172913,0.021549,0.07271,-0.025428,-0.062581,-0.096535,0.008486,0.017049,0.063572,0.015994,-0.059675
-0.114851,0.174469,0.07271,-0.025428,-0.062581,-0.096535,0.008486,0.017049,0.063572,0.015994,-0.059675,0.005211
-0.113414,0.174469,-0.025428,-0.062581,-0.096535,0.008486,0.017049,0.063572,0.015994,-0.059675,0.005211,0.070296
-0.113053,0.174469,-0.062581,-0.096535,0.008486,0.017049,0.063572,0.015994,-0.059675,0.005211,0.070296,-0.006863
-0.114399,0.174469,-0.096535,0.008486,0.017049,0.063572,0.015994,-0.059675,0.005211,0.070296,-0.006863,-0.000332
-0.114281,0.174469,0.008486,0.017049,0.063572,0.015994,-0.059675,0.005211,0.070296,-0.006863,-0.000332,0.019972
-0.112694,0.174469,0.017049,0.063572,0.015994,-0.059675,0.005211,0.070296,-0.006863,-0.000332,0.019972,0.01063
-0.112849,0.174469,0.063572,0.015994,-0.059675,0.005211,0.070296,-0.006863,-0.000332,0.019972,0.01063,-0.01464
-0.112857,0.174469,0.015994,-0.059675,0.005211,0.070296,-0.006863,-0.000332,0.019972,0.01063,-0.01464,-0.053649
-0.112407,0.174469,-0.059675,0.005211,0.070296,-0.006863,-0.000332,0.019972,0.01063,-0.01464,-0.053649,0.017053
-0.112168,0.174469,0.005211,0.070296,-0.006863,-0.000332,0.019972,0.01063,-0.01464,-0.053649,0.017053,-0.033524
-0.112498,0.174469,0.070296,-0.006863,-0.000332,0.019972,0.01063,-0.01464,-0.053649,0.017053,-0.033524,-0.085844
-0.113709,0.174469,-0.006863,-0.000332,0.019972,0.01063,-0.01464,-0.053649,0.017053,-0.033524,-0.085844,0.090598
-0.113324,0.174469,-0.000332,0.019972,0.01063,-0.01464,-0.053649,0.017053,-0.033524,-0.085844,0.090598,0.025685
-0.11408,0.174469,0.019972,0.01063,-0.01464,-0.053649,0.017053,-0.033524,-0.085844,0.090598,0.025685,0.013818
-0.116019,0.174469,0.01063,-0.01464,-0.053649,0.017053,-0.033524,-0.085844,0.090598,0.025685,0.013818,0.018857
-0.11397,0.174469,-0.01464,-0.053649,0.017053,-0.033524,-0.085844,0.090598,0.025685,0.013818,0.018857,0.01938
-0.11339,0.174469,-0.053649,0.017053,-0.033524,-0.085844,0.090598,0.025685,0.013818,0.018857,0.01938,-0.013542
-0.113078,0.174469,0.017053,-0.033524,-0.085844,0.090598,0.025685,0.013818,0.018857,0.01938,-0.013542,-0.068844
-0.112653,0.174469,-0.033524,-0.085844,0.090598,0.025685,0.013818,0.018857,0.01938,-0.013542,-0.068844,0.033356
-0.112217,0.174469,-0.085844,0.090598,0.025685,0.013818,0.018857,0.01938,-0.013542,-0.068844,0.033356,-0.044409
-0.112522,0.177856,0.090598,0.025685,0.013818,0.018857,0.01938,-0.013542,-0.068844,0.033356,-0.044409,-0.087914
-0.114077,0.177856,0.025685,0.013818,0.018857,0.01938,-0.013542,-0.068844,0.033356,-0.044409,-0.087914,0.090522
-0.113324,0.177856,0.013818,0.018857,0.01938,-0.013542,-0.068844,0.033356,-0.044409,-0.087914,0.090522,0.039784
-0.114325,0.177856,0.018857,0.01938,-0.013542,-0.068844,0.033356,-0.044409,-0.087914,0.090522,0.039784,0.001819
-0.116312,0.177856,0.01938,-0.013542,-0.068844,0.033356,-0.044409,-0.087914,0.090522,0.039784,0.001819,0.015557
-0.114264,0.177856,-0.013542,-0.068844,0.033356,-0.044409,-0.087914,0.090522,0.039784,0.001819,0.015557,0.020472
-0.113365,0.177856,-0.068844,0.033356,-0.044409,-0.087914,0.090522,0.039784,0.001819,0.015557,0.020472,0.026833
-0.113324,0.177856,0.033356,-0.044409,-0.087914,0.090522,0.039784,0.001819,0.015557,0.020472,0.026833,0.08742
-0.112973,0.177856,-0.044409,-0.087914,0.090522,0.039784,0.001819,0.015557,0.020472,0.026833,0.08742,0.025218
-0.112512,0.178528,-0.087914,0.090522,0.039784,0.001819,0.015557,0.020472,0.026833,0.08742,0.025218,-0.028389
-0.111907,0.178528,0.090522,0.039784,0.001819,0.015557,0.020472,0.026833,0.08742,0.025218,-0.028389,0.06366
-0.109939,0.178528,0.039784,0.001819,0.015557,0.020472,0.026833,0.08742,0.025218,-0.028389,0.06366,0.099041
-0.109372,0.178528,0.001819,0.015557,0.020472,0.026833,0.08742,0.025218,-0.028389,0.06366,0.099041,-0.001173
-0.11001,0.178528,0.015557,0.020472,0.026833,0.08742,0.025218,-0.028389,0.06366,0.099041,-0.001173,-0.00108
-0.108581,0.178528,0.020472,0.026833,0.08742,0.025218,-0.028389,0.06366,0.099041,-0.001173,-0.00108,0.024989
-0.10636,0.178528,0.026833,0.08742,0.025218,-0.028389,0.06366,0.099041,-0.001173,-0.00108,0.024989,0.026239
-0.106386,0.178528,0.08742,0.025218,-0.028389,0.06366,0.099041,-0.001173,-0.00108,0.024989,0.026239,0.022501
-0.106411,0.178528,0.025218,-0.028389,0.06366,0.099041,-0.001173,-0.00108,0.024989,0.026239,0.022501,0.069596
-0.105852,0.178528,-0.028389,0.06366,0.099041,-0.001173,-0.00108,0.024989,0.026239,0.022501,0.069596,0.038627
-0.105266,0.178528,0.06366,0.099041,-0.001173,-0.00108,0.024989,0.026239,0.022501,0.069596,0.038627,-0.02896
-0.104763,0.178528,0.099041,-0.001173,-0.00108,0.024989,0.026239,0.022501,0.069596,0.038627,-0.02896,0.020702
-0.103208,0.178528,-0.001173,-0.00108,0.024989,0.026239,0.022501,0.069596,0.038627,-0.02896,0.020702,0.10404
-0.102347,0.178528,-0.00108,0.024989,0.026239,0.022501,0.069596,0.038627,-0.02896,0.020702,0.10404,0.014999
-0.102991,0.178528,0.024989,0.026239,0.022501,0.069596,0.038627,-0.02896,0.020702,0.10404,0.014999,0.010683
-0.10253,0.178528,0.026239,0.022501,0.069596,0.038627,-0.02896,0.020702,0.10404,0.014999,0.010683,0.024529
-0.100213,0.178528,0.022501,0.069596,0.038627,-0.02896,0.020702,0.10404,0.014999,0.010683,0.024529,0.021941
-0.099879,0.178528,0.069596,0.038627,-0.02896,0.020702,0.10404,0.014999,0.010683,0.024529,0.021941,0.028243
-0.099642,0.178528,0.038627,-0.02896,0.020702,0.10404,0.014999,0.010683,0.024529,0.021941,0.028243,0.070339
-0.099098,0.178528,-0.02896,0.020702,0.10404,0.014999,0.010683,0.024529,0.021941,0.028243,0.070339,-0.032794
-0.098611,0.178528,0.020702,0.10404,0.014999,0.010683,0.024529,0.021941,0.028243,0.070339,-0.032794,-0.131332
-0.097984,0.177856,0.10404,0.014999,0.010683,0.024529,0.021941,0.028243,0.070339,-0.032794,-0.131332,0.004808
-0.096425,0.177856,0.014999,0.010683,0.024529,0.021941,0.028243,0.070339,-0.032794,-0.131332,0.004808,0.131125
-0.097151,0.177856,0.010683,0.024529,0.021941,0.028243,0.070339,-0.032794,-0.131332,0.004808,0.131125,-0.058095
-0.100062,0.177856,0.024529,0.021941,0.028243,0.070339,-0.032794,-0.131332,0.004808,0.131125,-0.058095,-0.057839
-0.099955,0.177856,0.021941,0.028243,0.070339,-0.032794,-0.131332,0.004808,0.131125,-0.058095,-0.057839,0.00622
-0.097044,0.177856,0.028243,0.070339,-0.032794,-0.131332,0.004808,0.131125,-0.058095,-0.057839,0.00622,0.035661
-0.098333,0.177856,0.070339,-0.032794,-0.131332,0.004808,0.131125,-0.058095,-0.057839,0.00622,0.035661,0.029389
-0.099617,0.177856,-0.032794,-0.131332,0.004808,0.131125,-0.058095,-0.057839,0.00622,0.035661,0.029389,0.063427
-0.099479,0.177856,-0.131332,0.004808,0.131125,-0.058095,-0.057839,0.00622,0.035661,0.029389,0.063427,0.053746
-0.098688,0.177856,0.004808,0.131125,-0.058095,-0.057839,0.00622,0.035661,0.029389,0.063427,0.053746,-0.031826
-0.098035,0.178528,0.131125,-0.058095,-0.057839,0.00622,0.035661,0.029389,0.063427,0.053746,-0.031826,0.04053
-0.096629,0.178528,-0.058095,-0.057839,0.00622,0.035661,0.029389,0.063427,0.053746,-0.031826,0.04053,0.05728
-0.09544,0.178528,-0.057839,0.00622,0.035661,0.029389,0.063427,0.053746,-0.031826,0.04053,0.05728,-0.106992
-0.096143,0.178528,0.00622,0.035661,0.029389,0.063427,0.053746,-0.031826,0.04053,0.05728,-0.106992,0.021416
-0.095247,0.178528,0.035661,0.029389,0.063427,0.053746,-0.031826,0.04053,0.05728,-0.106992,0.021416,0.028375
-0.093981,0.178528,0.029389,0.063427,0.053746,-0.031826,0.04053,0.05728,-0.106992,0.021416,0.028375,0.010445
-0.096348,0.178528,0.063427,0.053746,-0.031826,0.04053,0.05728,-0.106992,0.021416,0.028375,0.010445,-0.004059
-0.095874,0.178528,0.053746,-0.031826,0.04053,0.05728,-0.106992,0.021416,0.028375,0.010445,-0.004059,-0.056082
-0.095247,0.178528,-0.031826,0.04053,0.05728,-0.106992,0.021416,0.028375,0.010445,-0.004059,-0.056082,0.035293
-0.095017,0.178528,0.04053,0.05728,-0.106992,0.021416,0.028375,0.010445,-0.004059,-0.056082,0.035293,-0.074515
-0.095106,0.178528,0.05728,-0.106992,0.021416,0.028375,0.010445,-0.004059,-0.056082,0.035293,-0.074515,-0.084762
-0.096348,0.178528,-0.106992,0.021416,0.028375,0.010445,-0.004059,-0.056082,0.035293,-0.074515,-0.084762,0.11649
-0.095567,0.178528,0.021416,0.028375,0.010445,-0.004059,-0.056082,0.035293,-0.074515,-0.084762,0.11649,0.045331
-0.097215,0.178528,0.028375,0.010445,-0.004059,-0.056082,0.035293,-0.074515,-0.084762,0.11649,0.045331,-0.000479
-0.099094,0.178528,0.010445,-0.004059,-0.056082,0.035293,-0.074515,-0.084762,0.11649,0.045331,-0.000479,0.008687
-0.09651,0.178528,-0.004059,-0.056082,0.035293,-0.074515,-0.084762,0.11649,0.045331,-0.000479,0.008687,0.03016
-0.095506,0.178528,-0.056082,0.035293,-0.074515,-0.084762,0.11649,0.045331,-0.000479,0.008687,0.03016,0.041093
-0.095516,0.178528,0.035293,-0.074515,-0.084762,0.11649,0.045331,-0.000479,0.008687,0.03016,0.041093,0.069193
-0.095324,0.178528,-0.074515,-0.084762,0.11649,0.045331,-0.000479,0.008687,0.03016,0.041093,0.069193,0.04306
-0.094658,0.178528,-0.084762,0.11649,0.045331,-0.000479,0.008687,0.03016,0.041093,0.069193,0.04306,-0.064989
-0.09375,0.178528,0.11649,0.045331,-0.000479,0.008687,0.03016,0.041093,0.069193,0.04306,-0.064989,0.061937
-0.092223,0.176941,0.045331,-0.000479,0.008687,0.03016,0.041093,0.069193,0.04306,-0.064989,0.061937,0.090666
-0.091275,0.176941,-0.000479,0.008687,0.03016,0.041093,0.069193,0.04306,-0.064989,0.061937,0.090666,0.020757
-0.092705,0.176941,0.008687,0.03016,0.041093,0.069193,0.04306,-0.064989,0.061937,0.090666,0.020757,-0.056757
-0.091342,0.176941,0.03016,0.041093,0.069193,0.04306,-0.064989,0.061937,0.090666,0.020757,-0.056757,-0.083983
-0.089347,0.176941,0.041093,0.069193,0.04306,-0.064989,0.061937,0.090666,0.020757,-0.056757,-0.083983,0.003383
-0.088891,0.176941,0.069193,0.04306,-0.064989,0.061937,0.090666,0.020757,-0.056757,-0.083983,0.003383,0.030733
-0.090137,0.176941,0.04306,-0.064989,0.061937,0.090666,0.020757,-0.056757,-0.083983,0.003383,0.030733,0.068704
-0.091983,0.176941,-0.064989,0.061937,0.090666,0.020757,-0.056757,-0.083983,0.003383,0.030733,0.068704,0.041199
-0.091909,0.176941,0.061937,0.090666,0.020757,-0.056757,-0.083983,0.003383,0.030733,0.068704,0.041199,-0.054863
-0.091232,0.176941,0.090666,0.020757,-0.056757,-0.083983,0.003383,0.030733,0.068704,0.041199,-0.054863,0.016287
-0.089719,0.176422,0.020757,-0.056757,-0.083983,0.003383,0.030733,0.068704,0.041199,-0.054863,0.016287,-0.040927
-0.088815,0.176422,-0.056757,-0.083983,0.003383,0.030733,0.068704,0.041199,-0.054863,0.016287,-0.040927,0.01827
-0.090019,0.176422,-0.083983,0.003383,0.030733,0.068704,0.041199,-0.054863,0.016287,-0.040927,0.01827,0.034026
-0.089661,0.176422,0.003383,0.030733,0.068704,0.041199,-0.054863,0.016287,-0.040927,0.01827,0.034026,0.027906
-0.090561,0.176422,0.030733,0.068704,0.041199,-0.054863,0.016287,-0.040927,0.01827,0.034026,0.027906,0.01511
-0.090159,0.176422,0.068704,0.041199,-0.054863,0.016287,-0.040927,0.01827,0.034026,0.027906,0.01511,0.039118
-0.089412,0.176422,0.041199,-0.054863,0.016287,-0.040927,0.01827,0.034026,0.027906,0.01511,0.039118,0.039952
-0.088799,0.176422,-0.054863,0.016287,-0.040927,0.01827,0.034026,0.027906,0.01511,0.039118,0.039952,0.032228
-0.088468,0.176422,0.016287,-0.040927,0.01827,0.034026,0.027906,0.01511,0.039118,0.039952,0.032228,-0.058897
-0.08761,0.176422,-0.040927,0.01827,0.034026,0.027906,0.01511,0.039118,0.039952,0.032228,-0.058897,0.012737
-0.086733,0.176422,0.01827,0.034026,0.027906,0.01511,0.039118,0.039952,0.032228,-0.058897,0.012737,-0.037926
-0.086028,0.176422,0.034026,0.027906,0.01511,0.039118,0.039952,0.032228,-0.058897,0.012737,-0.037926,-0.060648
-0.087316,0.176422,0.027906,0.01511,0.039118,0.039952,0.032228,-0.058897,0.012737,-0.037926,-0.060648,-0.055546
-0.087038,0.176422,0.01511,0.039118,0.039952,0.032228,-0.058897,0.012737,-0.037926,-0.060648,-0.055546,0.005383
-0.087869,0.176422,0.039118,0.039952,0.032228,-0.058897,0.012737,-0.037926,-0.060648,-0.055546,0.005383,0.033971
-0.089201,0.176422,0.039952,0.032228,-0.058897,0.012737,-0.037926,-0.060648,-0.055546,0.005383,0.033971,0.035518
-0.090422,0.176422,0.032228,-0.058897,0.012737,-0.037926,-0.060648,-0.055546,0.005383,0.033971,0.035518,0.05989
-0.090304,0.176422,-0.058897,0.012737,-0.037926,-0.060648,-0.055546,0.005383,0.033971,0.035518,0.05989,0.040446
-0.089558,0.176422,0.012737,-0.037926,-0.060648,-0.055546,0.005383,0.033971,0.035518,0.05989,0.040446,-0.05642
-0.088777,0.176422,-0.037926,-0.060648,-0.055546,0.005383,0.033971,0.035518,0.05989,0.040446,-0.05642,0.046034
-0.087462,0.176422,-0.060648,-0.055546,0.005383,0.033971,0.035518,0.05989,0.040446,-0.05642,0.046034,0.112034
-0.086576,0.176056,-0.055546,0.005383,0.033971,0.035518,0.05989,0.040446,-0.05642,0.046034,0.112034,0.014131
-0.087811,0.176056,0.005383,0.033971,0.035518,0.05989,0.040446,-0.05642,0.046034,0.112034,0.014131,0.004991
-0.086803,0.176056,0.033971,0.035518,0.05989,0.040446,-0.05642,0.046034,0.112034,0.014131,0.004991,0.00922
-0.084351,0.176056,0.035518,0.05989,0.040446,-0.05642,0.046034,0.112034,0.014131,0.004991,0.00922,0.009104
-0.084042,0.176056,0.05989,0.040446,-0.05642,0.046034,0.112034,0.014131,0.004991,0.00922,0.009104,0.044209
-0.083933,0.176056,0.040446,-0.05642,0.046034,0.112034,0.014131,0.004991,0.00922,0.009104,0.044209,0.044477
-0.083732,0.176056,-0.05642,0.046034,0.112034,0.014131,0.004991,0.00922,0.009104,0.044209,0.044477,0.033075
-0.083534,0.176056,0.046034,0.112034,0.014131,0.004991,0.00922,0.009104,0.044209,0.044477,0.033075,-0.073121
-0.082569,0.176056,0.112034,0.014131,0.004991,0.00922,0.009104,0.044209,0.044477,0.033075,-0.073121,0.032065
-0.081599,0.176056,0.014131,0.004991,0.00922,0.009104,0.044209,0.044477,0.033075,-0.073121,0.032065,0.101361
-0.080879,0.176056,0.004991,0.00922,0.009104,0.044209,0.044477,0.033075,-0.073121,0.032065,0.101361,0.009699
-0.08247,0.176941,0.00922,0.009104,0.044209,0.044477,0.033075,-0.073121,0.032065,0.101361,0.009699,-0.059207
-0.081771,0.176941,0.009104,0.044209,0.044477,0.033075,-0.073121,0.032065,0.101361,0.009699,-0.059207,-0.071967
-0.079565,0.176941,0.044209,0.044477,0.033075,-0.073121,0.032065,0.101361,0.009699,-0.059207,-0.071967,-0.047655
-0.079354,0.176941,0.044477,0.033075,-0.073121,0.032065,0.101361,0.009699,-0.059207,-0.071967,-0.047655,-0.067395
-0.080641,0.176941,0.033075,-0.073121,0.032065,0.101361,0.009699,-0.059207,-0.071967,-0.047655,-0.067395,0.056069
-0.082206,0.176941,-0.073121,0.032065,0.101361,0.009699,-0.059207,-0.071967,-0.047655,-0.067395,0.056069,0.062964
-0.083245,0.176941,0.032065,0.101361,0.009699,-0.059207,-0.071967,-0.047655,-0.067395,0.056069,0.062964,-0.052354
-0.084717,0.176941,0.101361,0.009699,-0.059207,-0.071967,-0.047655,-0.067395,0.056069,0.062964,-0.052354,0.044097
-0.083492,0.176941,0.009699,-0.059207,-0.071967,-0.047655,-0.067395,0.056069,0.062964,-0.052354,0.044097,0.104868
-0.082119,0.176941,-0.059207,-0.071967,-0.047655,-0.067395,0.056069,0.062964,-0.052354,0.044097,0.104868,0.023046
-0.083259,0.176941,-0.071967,-0.047655,-0.067395,0.056069,0.062964,-0.052354,0.044097,0.104868,0.023046,0.004113
-0.082298,0.176941,-0.047655,-0.067395,0.056069,0.062964,-0.052354,0.044097,0.104868,0.023046,0.004113,0.019212
-0.080014,0.176941,-0.067395,0.056069,0.062964,-0.052354,0.044097,0.104868,0.023046,0.004113,0.019212,0.010246
-0.079513,0.176941,0.056069,0.062964,-0.052354,0.044097,0.104868,0.023046,0.004113,0.019212,0.010246,0.051885
-0.079423,0.176941,0.062964,-0.052354,0.044097,0.104868,0.023046,0.004113,0.019212,0.010246,0.051885,0.039273
-0.079006,0.176941,-0.052354,0.044097,0.104868,0.023046,0.004113,0.019212,0.010246,0.051885,0.039273,0.040057
-0.078784,0.176941,0.044097,0.104868,0.023046,0.004113,0.019212,0.010246,0.051885,0.039273,0.040057,-0.050853
-0.077658,0.176941,0.104868,0.023046,0.004113,0.019212,0.010246,0.051885,0.039273,0.040057,-0.050853,0.031149
-0.076806,0.176941,0.023046,0.004113,0.019212,0.010246,0.051885,0.039273,0.040057,-0.050853,0.031149,0.092866
-0.075938,0.176941,0.004113,0.019212,0.010246,0.051885,0.039273,0.040057,-0.050853,0.031149,0.092866,0.022484
-0.077038,0.176941,0.019212,0.010246,0.051885,0.039273,0.040057,-0.050853,0.031149,0.092866,0.022484,-0.015341
-0.076364,0.176941,0.010246,0.051885,0.039273,0.040057,-0.050853,0.031149,0.092866,0.022484,-0.015341,0.00098
-0.074354,0.175507,0.051885,0.039273,0.040057,-0.050853,0.031149,0.092866,0.022484,-0.015341,0.00098,0.002733
-0.073868,0.175507,0.039273,0.040057,-0.050853,0.031149,0.092866,0.022484,-0.015341,0.00098,0.002733,0.051085
-0.074199,0.175507,0.040057,-0.050853,0.031149,0.092866,0.022484,-0.015341,0.00098,0.002733,0.051085,0.038841
-0.074178,0.175507,-0.050853,0.031149,0.092866,0.022484,-0.015341,0.00098,0.002733,0.051085,0.038841,0.04344
-0.074119,0.175507,0.031149,0.092866,0.022484,-0.015341,0.00098,0.002733,0.051085,0.038841,0.04344,-0.093985
-0.073015,0.175507,0.092866,0.022484,-0.015341,0.00098,0.002733,0.051085,0.038841,0.04344,-0.093985,-0.102723
-0.072177,0.175507,0.022484,-0.015341,0.00098,0.002733,0.051085,0.038841,0.04344,-0.093985,-0.102723,0.047258
-0.071241,0.175507,-0.015341,0.00098,0.002733,0.051085,0.038841,0.04344,-0.093985,-0.102723,0.047258,-0.091047
-0.073265,0.175507,0.00098,0.002733,0.051085,0.038841,0.04344,-0.093985,-0.102723,0.047258,-0.091047,0.021602
-0.075484,0.175507,0.002733,0.051085,0.038841,0.04344,-0.093985,-0.102723,0.047258,-0.091047,0.021602,0.026914
-0.074461,0.175903,0.051085,0.038841,0.04344,-0.093985,-0.102723,0.047258,-0.091047,0.021602,0.026914,0.020096
-0.076433,0.175903,0.038841,0.04344,-0.093985,-0.102723,0.047258,-0.091047,0.021602,0.026914,0.020096,0.039867
-0.075965,0.175903,0.04344,-0.093985,-0.102723,0.047258,-0.091047,0.021602,0.026914,0.020096,0.039867,-0.031954
-0.075383,0.175903,-0.093985,-0.102723,0.047258,-0.091047,0.021602,0.026914,0.020096,0.039867,-0.031954,-0.014106
-0.074949,0.175903,-0.102723,0.047258,-0.091047,0.021602,0.026914,0.020096,0.039867,-0.031954,-0.014106,-0.087968
-0.074087,0.175903,0.047258,-0.091047,0.021602,0.026914,0.020096,0.039867,-0.031954,-0.014106,-0.087968,0.054583
-0.074778,0.175903,-0.091047,0.021602,0.026914,0.020096,0.039867,-0.031954,-0.014106,-0.087968,0.054583,0.106626
-0.075083,0.175903,0.021602,0.026914,0.020096,0.039867,-0.031954,-0.014106,-0.087968,0.054583,0.106626,-0.043124
-0.076985,0.175903,0.026914,0.020096,0.039867,-0.031954,-0.014106,-0.087968,0.054583,0.106626,-0.043124,-0.064809
-0.075804,0.175903,0.020096,0.039867,-0.031954,-0.014106,-0.087968,0.054583,0.106626,-0.043124,-0.064809,-0.02005
-0.073498,0.175903,0.039867,-0.031954,-0.014106,-0.087968,0.054583,0.106626,-0.043124,-0.064809,-0.02005,0.007741
-0.07443,0.175903,-0.031954,-0.014106,-0.087968,0.054583,0.106626,-0.043124,-0.064809,-0.02005,0.007741,0.048437
-0.075831,0.175903,-0.014106,-0.087968,0.054583,0.106626,-0.043124,-0.064809,-0.02005,0.007741,0.048437,0.047163
-0.076265,0.175903,-0.087968,0.054583,0.106626,-0.043124,-0.064809,-0.02005,0.007741,0.048437,0.047163,0.054286
-0.076097,0.175903,0.054583,0.106626,-0.043124,-0.064809,-0.02005,0.007741,0.048437,0.047163,0.054286,-0.071197
-0.075049,0.175903,0.106626,-0.043124,-0.064809,-0.02005,0.007741,0.048437,0.047163,0.054286,-0.071197,0.032536
-0.074029,0.175903,-0.043124,-0.064809,-0.02005,0.007741,0.048437,0.047163,0.054286,-0.071197,0.032536,0.088485
-0.072857,0.175903,-0.064809,-0.02005,0.007741,0.048437,0.047163,0.054286,-0.071197,0.032536,0.088485,0.034051
-0.074393,0.175903,-0.02005,0.007741,0.048437,0.047163,0.054286,-0.071197,0.032536,0.088485,0.034051,-0.009053
-0.07369,0.175903,0.007741,0.048437,0.047163,0.054286,-0.071197,0.032536,0.088485,0.034051,-0.009053,0.016098
-0.07178,0.175903,0.048437,0.047163,0.054286,-0.071197,0.032536,0.088485,0.034051,-0.009053,0.016098,-0.004917
-0.071046,0.175903,0.047163,0.054286,-0.071197,0.032536,0.088485,0.034051,-0.009053,0.016098,-0.004917,0.046356
-0.071241,0.175903,0.054286,-0.071197,0.032536,0.088485,0.034051,-0.009053,0.016098,-0.004917,0.046356,0.0381
-0.070895,0.176056,-0.071197,0.032536,0.088485,0.034051,-0.009053,0.016098,-0.004917,0.046356,0.0381,0.047842
-0.071001,0.176056,0.032536,0.088485,0.034051,-0.009053,0.016098,-0.004917,0.046356,0.0381,0.047842,-0.065904
-0.070003,0.176056,0.088485,0.034051,-0.009053,0.016098,-0.004917,0.046356,0.0381,0.047842,-0.065904,0.036606
-0.069183,0.176056,0.034051,-0.009053,0.016098,-0.004917,0.046356,0.0381,0.047842,-0.065904,0.036606,0.064217
-0.068156,0.176056,-0.009053,0.016098,-0.004917,0.046356,0.0381,0.047842,-0.065904,0.036606,0.064217,-0.131747
-0.06957,0.176056,0.016098,-0.004917,0.046356,0.0381,0.047842,-0.065904,0.036606,0.064217,-0.131747,0.007318
-0.068784,0.176056,-0.004917,0.046356,0.0381,0.047842,-0.065904,0.036606,0.064217,-0.131747,0.007318,0.027525
-0.067405,0.176056,0.046356,0.0381,0.047842,-0.065904,0.036606,0.064217,-0.131747,0.007318,0.027525,0.000027
-0.070237,0.176056,0.0381,0.047842,-0.065904,0.036606,0.064217,-0.131747,0.007318,0.027525,0.000027,0.051515
-0.07008,0.176056,0.047842,-0.065904,0.036606,0.064217,-0.131747,0.007318,0.027525,0.000027,0.051515,0.048497
-0.069488,0.174469,-0.065904,0.036606,0.064217,-0.131747,0.007318,0.027525,0.000027,0.051515,0.048497,-0.016541
-0.069488,0.174469,0.036606,0.064217,-0.131747,0.007318,0.027525,0.000027,0.051515,0.048497,-0.016541,-0.14283
-0.068381,0.174469,0.064217,-0.131747,0.007318,0.027525,0.000027,0.051515,0.048497,-0.016541,-0.14283,0.00762
-0.067339,0.174469,-0.131747,0.007318,0.027525,0.000027,0.051515,0.048497,-0.016541,-0.14283,0.00762,0.120662
-0.067694,0.174469,0.007318,0.027525,0.000027,0.051515,0.048497,-0.016541,-0.14283,0.00762,0.120662,0.016927
-0.07076,0.174469,0.027525,0.000027,0.051515,0.048497,-0.016541,-0.14283,0.00762,0.120662,0.016927,-0.025407
-0.070596,0.174469,0.000027,0.051515,0.048497,-0.016541,-0.14283,0.00762,0.120662,0.016927,-0.025407,0.025188
-0.068001,0.174469,0.051515,0.048497,-0.016541,-0.14283,0.00762,0.120662,0.016927,-0.025407,0.025188,0.006279
-0.067638,0.174469,0.048497,-0.016541,-0.14283,0.00762,0.120662,0.016927,-0.025407,0.025188,0.006279,0.045353
-0.068183,0.174469,-0.016541,-0.14283,0.00762,0.120662,0.016927,-0.025407,0.025188,0.006279,0.045353,0.033598
-0.067643,0.174469,-0.14283,0.00762,0.120662,0.016927,-0.025407,0.025188,0.006279,0.045353,0.033598,0.037059
-0.067508,0.174469,0.00762,0.120662,0.016927,-0.025407,0.025188,0.006279,0.045353,0.033598,0.037059,-0.060145
-0.066535,0.174469,0.120662,0.016927,-0.025407,0.025188,0.006279,0.045353,0.033598,0.037059,-0.060145,0.035559
-0.065815,0.174469,0.016927,-0.025407,0.025188,0.006279,0.045353,0.033598,0.037059,-0.060145,0.035559,0.099189
-0.065022,0.174469,-0.025407,0.025188,0.006279,0.045353,0.033598,0.037059,-0.060145,0.035559,0.099189,0.01097
-0.066308,0.174469,0.025188,0.006279,0.045353,0.033598,0.037059,-0.060145,0.035559,0.099189,0.01097,-0.002379
-0.065547,0.174469,0.006279,0.045353,0.033598,0.037059,-0.060145,0.035559,0.099189,0.01097,-0.002379,0.003773
-0.063425,0.174469,0.045353,0.033598,0.037059,-0.060145,0.035559,0.099189,0.01097,-0.002379,0.003773,-0.005416
-0.063191,0.174469,0.033598,0.037059,-0.060145,0.035559,0.099189,0.01097,-0.002379,0.003773,-0.005416,0.014834
-0.063242,0.174469,0.037059,-0.060145,0.035559,0.099189,0.01097,-0.002379,0.003773,-0.005416,0.014834,-0.100325
-0.063161,0.174469,-0.060145,0.035559,0.099189,0.01097,-0.002379,0.003773,-0.005416,0.014834,-0.100325,0.046155
-0.063277,0.174469,0.035559,0.099189,0.01097,-0.002379,0.003773,-0.005416,0.014834,-0.100325,0.046155,-0.05391
-0.06296,0.174469,0.099189,0.01097,-0.002379,0.003773,-0.005416,0.014834,-0.100325,0.046155,-0.05391,0.045876
-0.065106,0.176422,0.01097,-0.002379,0.003773,-0.005416,0.014834,-0.100325,0.046155,-0.05391,0.045876,0.108502
-0.064119,0.176422,-0.002379,0.003773,-0.005416,0.014834,-0.100325,0.046155,-0.05391,0.045876,0.108502,-0.049359
-0.065271,0.176422,0.003773,-0.005416,0.014834,-0.100325,0.046155,-0.05391,0.045876,0.108502,-0.049359,-0.075498
-0.06429,0.176422,-0.005416,0.014834,-0.100325,0.046155,-0.05391,0.045876,0.108502,-0.049359,-0.075498,-0.030832
-0.061972,0.176422,0.014834,-0.100325,0.046155,-0.05391,0.045876,0.108502,-0.049359,-0.075498,-0.030832,0.011319
-0.063026,0.176422,-0.100325,0.046155,-0.05391,0.045876,0.108502,-0.049359,-0.075498,-0.030832,0.011319,0.048087
-0.064639,0.176422,0.046155,-0.05391,0.045876,0.108502,-0.049359,-0.075498,-0.030832,0.011319,0.048087,0.059652
-0.065298,0.176422,-0.05391,0.045876,0.108502,-0.049359,-0.075498,-0.030832,0.011319,0.048087,0.059652,0.045355
-0.065056,0.176422,0.045876,0.108502,-0.049359,-0.075498,-0.030832,0.011319,0.048087,0.059652,0.045355,-0.07616
-0.064027,0.176422,0.108502,-0.049359,-0.075498,-0.030832,0.011319,0.048087,0.059652,0.045355,-0.07616,0.037039
-0.062752,0.173035,-0.049359,-0.075498,-0.030832,0.011319,0.048087,0.059652,0.045355,-0.07616,0.037039,0.103782
-0.061785,0.173035,-0.075498,-0.030832,0.011319,0.048087,0.059652,0.045355,-0.07616,0.037039,0.103782,0.004748
-0.063408,0.173035,-0.030832,0.011319,0.048087,0.059652,0.045355,-0.07616,0.037039,0.103782,0.004748,-0.01001
-0.062618,0.173035,0.011319,0.048087,0.059652,0.045355,-0.07616,0.037039,0.103782,0.004748,-0.01001,0.01424
-0.060405,0.173035,0.048087,0.059652,0.045355,-0.07616,0.037039,0.103782,0.004748,-0.01001,0.01424,-0.003011
-0.060304,0.173035,0.059652,0.045355,-0.07616,0.037039,0.103782,0.004748,-0.01001,0.01424,-0.003011,0.056256
-0.060517,0.173035,0.045355,-0.07616,0.037039,0.103782,0.004748,-0.01001,0.01424,-0.003011,0.056256,0.029545
-0.060214,0.173035,-0.07616,0.037039,0.103782,0.004748,-0.01001,0.01424,-0.003011,0.056256,0.029545,-0.016477
-0.060278,0.173035,0.037039,0.103782,0.004748,-0.01001,0.01424,-0.003011,0.056256,0.029545,-0.016477,-0.144214
-0.059081,0.173035,0.103782,0.004748,-0.01001,0.01424,-0.003011,0.056256,0.029545,-0.016477,-0.144214,-0.005504
-0.058452,0.173035,0.004748,-0.01001,0.01424,-0.003011,0.056256,0.029545,-0.016477,-0.144214,-0.005504,0.058663
-0.058802,0.173035,-0.01001,0.01424,-0.003011,0.056256,0.029545,-0.016477,-0.144214,-0.005504,0.058663,-0.100936
-0.061869,0.173035,0.01424,-0.003011,0.056256,0.029545,-0.016477,-0.144214,-0.005504,0.058663,-0.100936,0.001495
-0.061986,0.173035,-0.003011,0.056256,0.029545,-0.016477,-0.144214,-0.005504,0.058663,-0.100936,0.001495,0.045093
-0.060735,0.173035,0.056256,0.029545,-0.016477,-0.144214,-0.005504,0.058663,-0.100936,0.001495,0.045093,-0.010663
-0.062889,0.173035,0.029545,-0.016477,-0.144214,-0.005504,0.058663,-0.100936,0.001495,0.045093,-0.010663,0.056065
-0.062857,0.173035,-0.016477,-0.144214,-0.005504,0.058663,-0.100936,0.001495,0.045093,-0.010663,0.056065,0.031874
-0.061896,0.173035,-0.144214,-0.005504,0.058663,-0.100936,0.001495,0.045093,-0.010663,0.056065,0.031874,0.051085
-0.062124,0.173035,-0.005504,0.058663,-0.100936,0.001495,0.045093,-0.010663,0.056065,0.031874,0.051085,-0.074166
-0.060928,0.173035,0.058663,-0.100936,0.001495,0.045093,-0.010663,0.056065,0.031874,0.051085,-0.074166,0.004788
-0.060249,0.173035,-0.100936,0.001495,0.045093,-0.010663,0.056065,0.031874,0.051085,-0.074166,0.004788,-0.029149
-0.059162,0.173035,0.001495,0.045093,-0.010663,0.056065,0.031874,0.051085,-0.074166,0.004788,-0.029149,0.013728
-0.060739,0.173035,0.045093,-0.010663,0.056065,0.031874,0.051085,-0.074166,0.004788,-0.029149,0.013728,0.014581
-0.060637,0.173035,-0.010663,0.056065,0.031874,0.051085,-0.074166,0.004788,-0.029149,0.013728,0.014581,-0.00005
-0.061258,0.171478,0.056065,0.031874,0.051085,-0.074166,0.004788,-0.029149,0.013728,0.014581,-0.00005,-0.037931
-0.060965,0.171478,0.031874,0.051085,-0.074166,0.004788,-0.029149,0.013728,0.014581,-0.00005,-0.037931,-0.073966
-0.060655,0.171478,0.051085,-0.074166,0.004788,-0.029149,0.013728,0.014581,-0.00005,-0.037931,-0.073966,0.032847
-0.060656,0.171478,-0.074166,0.004788,-0.029149,0.013728,0.014581,-0.00005,-0.037931,-0.073966,0.032847,0.062261
-0.061463,0.171478,0.004788,-0.029149,0.013728,0.014581,-0.00005,-0.037931,-0.073966,0.032847,0.062261,-0.072466
-0.063042,0.171478,-0.029149,0.013728,0.014581,-0.00005,-0.037931,-0.073966,0.032847,0.062261,-0.072466,0.052608
-0.06234,0.171478,0.013728,0.014581,-0.00005,-0.037931,-0.073966,0.032847,0.062261,-0.072466,0.052608,0.113179
-0.061014,0.171478,0.014581,-0.00005,-0.037931,-0.073966,0.032847,0.062261,-0.072466,0.052608,0.113179,0.006128
-0.062557,0.171478,-0.00005,-0.037931,-0.073966,0.032847,0.062261,-0.072466,0.052608,0.113179,0.006128,-0.019088
-0.061436,0.171478,-0.037931,-0.073966,0.032847,0.062261,-0.072466,0.052608,0.113179,0.006128,-0.019088,-0.003935
-0.059025,0.171478,-0.073966,0.032847,0.062261,-0.072466,0.052608,0.113179,0.006128,-0.019088,-0.003935,0.004749
-0.058895,0.171356,0.032847,0.062261,-0.072466,0.052608,0.113179,0.006128,-0.019088,-0.003935,0.004749,0.025123
-0.059301,0.171356,0.062261,-0.072466,0.052608,0.113179,0.006128,-0.019088,-0.003935,0.004749,0.025123,-0.087268
-0.059384,0.171356,-0.072466,0.052608,0.113179,0.006128,-0.019088,-0.003935,0.004749,0.025123,-0.087268,0.032797
-0.059283,0.171356,0.052608,0.113179,0.006128,-0.019088,-0.003935,0.004749,0.025123,-0.087268,0.032797,-0.048087
-0.058749,0.171356,0.113179,0.006128,-0.019088,-0.003935,0.004749,0.025123,-0.087268,0.032797,-0.048087,0.025533
-0.060607,0.171356,0.006128,-0.019088,-0.003935,0.004749,0.025123,-0.087268,0.032797,-0.048087,0.025533,0.108268
-0.059909,0.171356,-0.019088,-0.003935,0.004749,0.025123,-0.087268,0.032797,-0.048087,0.025533,0.108268,0.011408
-0.060932,0.171356,-0.003935,0.004749,0.025123,-0.087268,0.032797,-0.048087,0.025533,0.108268,0.011408,-0.021696
-0.060389,0.171356,0.004749,0.025123,-0.087268,0.032797,-0.048087,0.025533,0.108268,0.011408,-0.021696,-0.005235
-0.058085,0.171356,0.025123,-0.087268,0.032797,-0.048087,0.025533,0.108268,0.011408,-0.021696,-0.005235,-0.031804
-0.057843,0.171356,-0.087268,0.032797,-0.048087,0.025533,0.108268,0.011408,-0.021696,-0.005235,-0.031804,-0.05402
-0.058303,0.171356,0.032797,-0.048087,0.025533,0.108268,0.011408,-0.021696,-0.005235,-0.031804,-0.05402,0.033278
-0.058414,0.171356,-0.048087,0.025533,0.108268,0.011408,-0.021696,-0.005235,-0.031804,-0.05402,0.033278,0.057768
-0.05909,0.171356,0.025533,0.108268,0.011408,-0.021696,-0.005235,-0.031804,-0.05402,0.033278,0.057768,-0.07565
-0.06024,0.171356,0.108268,0.011408,-0.021696,-0.005235,-0.031804,-0.05402,0.033278,0.057768,-0.07565,0.035983
-0.059531,0.171356,0.011408,-0.021696,-0.005235,-0.031804,-0.05402,0.033278,0.057768,-0.07565,0.035983,0.065502
-0.058303,0.171356,-0.021696,-0.005235,-0.031804,-0.05402,0.033278,0.057768,-0.07565,0.035983,0.065502,-0.119898
-0.05991,0.171356,-0.005235,-0.031804,-0.05402,0.033278,0.057768,-0.07565,0.035983,0.065502,-0.119898,-0.004822
-0.059145,0.171356,-0.031804,-0.05402,0.033278,0.057768,-0.07565,0.035983,0.065502,-0.119898,-0.004822,0.02075
-0.057753,0.171356,-0.05402,0.033278,0.057768,-0.07565,0.035983,0.065502,-0.119898,-0.004822,0.02075,0.015163
-0.060304,0.171356,0.033278,0.057768,-0.07565,0.035983,0.065502,-0.119898,-0.004822,0.02075,0.015163,0.061531
-0.060406,0.171356,0.057768,-0.07565,0.035983,0.065502,-0.119898,-0.004822,0.02075,0.015163,0.061531,0.02704
-0.059965,0.171356,-0.07565,0.035983,0.065502,-0.119898,-0.004822,0.02075,0.015163,0.061531,0.02704,0.034581
-0.059643,0.171356,0.035983,0.065502,-0.119898,-0.004822,0.02075,0.015163,0.061531,0.02704,0.034581,-0.116371
-0.058334,0.17096,0.065502,-0.119898,-0.004822,0.02075,0.015163,0.061531,0.02704,0.034581,-0.116371,-0.093817
-0.05776,0.17096,-0.119898,-0.004822,0.02075,0.015163,0.061531,0.02704,0.034581,-0.116371,-0.093817,0.10927
-0.057026,0.17096,-0.004822,0.02075,0.015163,0.061531,0.02704,0.034581,-0.116371,-0.093817,0.10927,0.033438
-0.059495,0.17096,0.02075,0.015163,0.061531,0.02704,0.034581,-0.116371,-0.093817,0.10927,0.033438,-0.004736
-0.061491,0.17096,0.015163,0.061531,0.02704,0.034581,-0.116371,-0.093817,0.10927,0.033438,-0.004736,-0.000015
-0.059164,0.17096,0.061531,0.02704,0.034581,-0.116371,-0.093817,0.10927,0.033438,-0.004736,-0.000015,-0.007022
-0.058452,0.17096,0.02704,0.034581,-0.116371,-0.093817,0.10927,0.033438,-0.004736,-0.000015,-0.007022,0.061643
-0.058553,0.17096,0.034581,-0.116371,-0.093817,0.10927,0.033438,-0.004736,-0.000015,-0.007022,0.061643,0.012773
-0.058553,0.17096,-0.116371,-0.093817,0.10927,0.033438,-0.004736,-0.000015,-0.007022,0.061643,0.012773,0.041264
-0.058702,0.17096,-0.093817,0.10927,0.033438,-0.004736,-0.000015,-0.007022,0.061643,0.012773,0.041264,-0.085277
-0.057393,0.17096,0.10927,0.033438,-0.004736,-0.000015,-0.007022,0.061643,0.012773,0.041264,-0.085277,0.06233
-0.057121,0.170563,0.033438,-0.004736,-0.000015,-0.007022,0.061643,0.012773,0.041264,-0.085277,0.06233,0.105306
-0.056247,0.170563,-0.004736,-0.000015,-0.007022,0.061643,0.012773,0.041264,-0.085277,0.06233,0.105306,-0.056762
-0.058054,0.170563,-0.000015,-0.007022,0.061643,0.012773,0.041264,-0.085277,0.06233,0.105306,-0.056762,-0.089936
-0.056732,0.170563,-0.007022,0.061643,0.012773,0.041264,-0.085277,0.06233,0.105306,-0.056762,-0.089936,-0.019636
-0.0545,0.170563,0.061643,0.012773,0.041264,-0.085277,0.06233,0.105306,-0.056762,-0.089936,-0.019636,0.012543
-0.055703,0.170563,0.012773,0.041264,-0.085277,0.06233,0.105306,-0.056762,-0.089936,-0.019636,0.012543,0.051281
-0.05761,0.170563,0.041264,-0.085277,0.06233,0.105306,-0.056762,-0.089936,-0.019636,0.012543,0.051281,0.045643
-0.058026,0.170563,-0.085277,0.06233,0.105306,-0.056762,-0.089936,-0.019636,0.012543,0.051281,0.045643,0.041537
-0.05776,0.170563,0.06233,0.105306,-0.056762,-0.089936,-0.019636,0.012543,0.051281,0.045643,0.041537,-0.07249
-0.056671,0.170563,0.105306,-0.056762,-0.089936,-0.019636,0.012543,0.051281,0.045643,0.041537,-0.07249,0.03886
-0.055703,0.170563,-0.056762,-0.089936,-0.019636,0.012543,0.051281,0.045643,0.041537,-0.07249,0.03886,0.089752
-0.054824,0.170563,-0.089936,-0.019636,0.012543,0.051281,0.045643,0.041537,-0.07249,0.03886,0.089752,-0.071365
-0.056358,0.170563,-0.019636,0.012543,0.051281,0.045643,0.041537,-0.07249,0.03886,0.089752,-0.071365,-0.063814
-0.055535,0.170563,0.012543,0.051281,0.045643,0.041537,-0.07249,0.03886,0.089752,-0.071365,-0.063814,-0.022317
-0.053635,0.170563,0.051281,0.045643,0.041537,-0.07249,0.03886,0.089752,-0.071365,-0.063814,-0.022317,0.021726
-0.055146,0.170563,0.045643,0.041537,-0.07249,0.03886,0.089752,-0.071365,-0.063814,-0.022317,0.021726,0.047455
-0.056497,0.170563,0.041537,-0.07249,0.03886,0.089752,-0.071365,-0.063814,-0.022317,0.021726,0.047455,0.027413
-0.05697,0.170563,-0.07249,0.03886,0.089752,-0.071365,-0.063814,-0.022317,0.021726,0.047455,0.027413,0.05626
-0.05651,0.170563,0.03886,0.089752,-0.071365,-0.063814,-0.022317,0.021726,0.047455,0.027413,0.05626,-0.130699
-0.055503,0.170563,0.089752,-0.071365,-0.063814,-0.022317,0.021726,0.047455,0.027413,0.05626,-0.130699,-0.10138
-0.054923,0.170563,-0.071365,-0.063814,-0.022317,0.021726,0.047455,0.027413,0.05626,-0.130699,-0.10138,0.081249
-0.053733,0.170563,-0.063814,-0.022317,0.021726,0.047455,0.027413,0.05626,-0.130699,-0.10138,0.081249,0.052159
-0.056497,0.170563,-0.022317,0.021726,0.047455,0.027413,0.05626,-0.130699,-0.10138,0.081249,0.052159,0.0046
-0.058647,0.170563,0.021726,0.047455,0.027413,0.05626,-0.130699,-0.10138,0.081249,0.052159,0.0046,0.007943
-0.056921,0.170166,0.047455,0.027413,0.05626,-0.130699,-0.10138,0.081249,0.052159,0.0046,0.007943,-0.003284
-0.055814,0.170166,0.027413,0.05626,-0.130699,-0.10138,0.081249,0.052159,0.0046,0.007943,-0.003284,0.062018
-0.055717,0.170166,0.05626,-0.130699,-0.10138,0.081249,0.052159,0.0046,0.007943,-0.003284,0.062018,0.007758
-0.055549,0.170166,-0.130699,-0.10138,0.081249,0.052159,0.0046,0.007943,-0.003284,0.062018,0.007758,0.043167
-0.055618,0.170166,-0.10138,0.081249,0.052159,0.0046,0.007943,-0.003284,0.062018,0.007758,0.043167,-0.079438
-0.054305,0.170166,0.081249,0.052159,0.0046,0.007943,-0.003284,0.062018,0.007758,0.043167,-0.079438,0.03632
-0.054141,0.170166,0.052159,0.0046,0.007943,-0.003284,0.062018,0.007758,0.043167,-0.079438,0.03632,0.120605
-0.053229,0.170166,0.0046,0.007943,-0.003284,0.062018,0.007758,0.043167,-0.079438,0.03632,0.120605,0.003956
-0.054907,0.170166,0.007943,-0.003284,0.062018,0.007758,0.043167,-0.079438,0.03632,0.120605,0.003956,-0.021745
-0.054139,0.170166,-0.003284,0.062018,0.007758,0.043167,-0.079438,0.03632,0.120605,0.003956,-0.021745,0.005433
-0.05159,0.170166,0.062018,0.007758,0.043167,-0.079438,0.03632,0.120605,0.003956,-0.021745,0.005433,-0.003501
-0.051507,0.168854,0.007758,0.043167,-0.079438,0.03632,0.120605,0.003956,-0.021745,0.005433,-0.003501,0.047797
-0.051965,0.168854,0.043167,-0.079438,0.03632,0.120605,0.003956,-0.021745,0.005433,-0.003501,0.047797,0.024022
-0.051851,0.168854,-0.079438,0.03632,0.120605,0.003956,-0.021745,0.005433,-0.003501,0.047797,0.024022,-0.023095
-0.051925,0.168854,0.03632,0.120605,0.003956,-0.021745,0.005433,-0.003501,0.047797,0.024022,-0.023095,-0.123864
-0.050916,0.168854,0.120605,0.003956,-0.021745,0.005433,-0.003501,0.047797,0.024022,-0.023095,-0.123864,0.005877
-0.05041,0.168854,0.003956,-0.021745,0.005433,-0.003501,0.047797,0.024022,-0.023095,-0.123864,0.005877,0.095529
-0.050896,0.168854,-0.021745,0.005433,-0.003501,0.047797,0.024022,-0.023095,-0.123864,0.005877,0.095529,0.022634
-0.053507,0.168854,0.005433,-0.003501,0.047797,0.024022,-0.023095,-0.123864,0.005877,0.095529,0.022634,-0.07773
-0.053383,0.168854,-0.003501,0.047797,0.024022,-0.023095,-0.123864,0.005877,0.095529,0.022634,-0.07773,-0.076951
-0.051366,0.168854,0.047797,0.024022,-0.023095,-0.123864,0.005877,0.095529,0.022634,-0.07773,-0.076951,-0.029805
-0.050888,0.168854,0.024022,-0.023095,-0.123864,0.005877,0.095529,0.022634,-0.07773,-0.076951,-0.029805,0.063446
-0.052527,0.168854,-0.023095,-0.123864,0.005877,0.095529,0.022634,-0.07773,-0.076951,-0.029805,0.063446,0.038301
-0.054152,0.168854,-0.123864,0.005877,0.095529,0.022634,-0.07773,-0.076951,-0.029805,0.063446,0.038301,-0.019088
-0.054782,0.168854,0.005877,0.095529,0.022634,-0.07773,-0.076951,-0.029805,0.063446,0.038301,-0.019088,-0.133607
-0.053439,0.168854,0.095529,0.022634,-0.07773,-0.076951,-0.029805,0.063446,0.038301,-0.019088,-0.133607,-0.004586
-0.052629,0.168854,0.022634,-0.07773,-0.076951,-0.029805,0.063446,0.038301,-0.019088,-0.133607,-0.004586,0.101545
-0.053032,0.168854,-0.07773,-0.076951,-0.029805,0.063446,0.038301,-0.019088,-0.133607,-0.004586,0.101545,0.01044
-0.055856,0.168854,-0.076951,-0.029805,0.063446,0.038301,-0.019088,-0.133607,-0.004586,0.101545,0.01044,-0.005835
-0.055953,0.168854,-0.029805,0.063446,0.038301,-0.019088,-0.133607,-0.004586,0.101545,0.01044,-0.005835,0.013341
-0.053802,0.168854,0.063446,0.038301,-0.019088,-0.133607,-0.004586,0.101545,0.01044,-0.005835,0.013341,0.001892
-0.053582,0.168854,0.038301,-0.019088,-0.133607,-0.004586,0.101545,0.01044,-0.005835,0.013341,0.001892,0.058306
-0.053705,0.168854,-0.019088,-0.133607,-0.004586,0.101545,0.01044,-0.005835,0.013341,0.001892,0.058306,0.025201
-0.053423,0.168854,-0.133607,-0.004586,0.101545,0.01044,-0.005835,0.013341,0.001892,0.058306,0.025201,0.035645
-0.053383,0.168854,-0.004586,0.101545,0.01044,-0.005835,0.013341,0.001892,0.058306,0.025201,0.035645,-0.078668
-0.052151,0.170044,0.101545,0.01044,-0.005835,0.013341,0.001892,0.058306,0.025201,0.035645,-0.078668,0.040485
-0.051619,0.170044,0.01044,-0.005835,0.013341,0.001892,0.058306,0.025201,0.035645,-0.078668,0.040485,0.093236
-0.050868,0.170044,-0.005835,0.013341,0.001892,0.058306,0.025201,0.035645,-0.078668,0.040485,0.093236,-0.001282
-0.052525,0.170044,0.013341,0.001892,0.058306,0.025201,0.035645,-0.078668,0.040485,0.093236,-0.001282,-0.068597
-0.051672,0.170044,0.001892,0.058306,0.025201,0.035645,-0.078668,0.040485,0.093236,-0.001282,-0.068597,-0.079919
-0.049706,0.170044,0.058306,0.025201,0.035645,-0.078668,0.040485,0.093236,-0.001282,-0.068597,-0.079919,-0.022029
-0.049733,0.170044,0.025201,0.035645,-0.078668,0.040485,0.093236,-0.001282,-0.068597,-0.079919,-0.022029,0.026476
-0.051178,0.170044,0.035645,-0.078668,0.040485,0.093236,-0.001282,-0.068597,-0.079919,-0.022029,0.026476,-0.096569
-0.052862,0.170044,-0.078668,0.040485,0.093236,-0.001282,-0.068597,-0.079919,-0.022029,0.026476,-0.096569,0.045681
-0.053327,0.170044,0.040485,0.093236,-0.001282,-0.068597,-0.079919,-0.022029,0.026476,-0.096569,0.045681,-0.064774
-0.052768,0.170044,0.093236,-0.001282,-0.068597,-0.079919,-0.022029,0.026476,-0.096569,0.045681,-0.064774,0.036297
-0.054811,0.170044,-0.001282,-0.068597,-0.079919,-0.022029,0.026476,-0.096569,0.045681,-0.064774,0.036297,0.101919
-0.053845,0.169525,-0.068597,-0.079919,-0.022029,0.026476,-0.096569,0.045681,-0.064774,0.036297,0.101919,0.006573
-0.055214,0.169525,-0.079919,-0.022029,0.026476,-0.096569,0.045681,-0.064774,0.036297,0.101919,0.006573,-0.085439
-0.054446,0.169525,-0.022029,0.026476,-0.096569,0.045681,-0.064774,0.036297,0.101919,0.006573,-0.085439,-0.087176
-0.052292,0.169525,0.026476,-0.096569,0.045681,-0.064774,0.036297,0.101919,0.006573,-0.085439,-0.087176,-0.058438
-0.052153,0.169525,-0.096569,0.045681,-0.064774,0.036297,0.101919,0.006573,-0.085439,-0.087176,-0.058438,-0.053226
-0.053957,0.169525,0.045681,-0.064774,0.036297,0.101919,0.006573,-0.085439,-0.087176,-0.058438,-0.053226,0.051895
-0.0558,0.169525,-0.064774,0.036297,0.101919,0.006573,-0.085439,-0.087176,-0.058438,-0.053226,0.051895,0.074179
-0.057038,0.169525,0.036297,0.101919,0.006573,-0.085439,-0.087176,-0.058438,-0.053226,0.051895,0.074179,-0.095956
-0.058168,0.169525,0.101919,0.006573,-0.085439,-0.087176,-0.058438,-0.053226,0.051895,0.074179,-0.095956,0.007303
-0.057066,0.169525,0.006573,-0.085439,-0.087176,-0.058438,-0.053226,0.051895,0.074179,-0.095956,0.007303,-0.027102
-0.055494,0.169525,-0.085439,-0.087176,-0.058438,-0.053226,0.051895,0.074179,-0.095956,0.007303,-0.027102,0.0062
-0.057526,0.169525,-0.087176,-0.058438,-0.053226,0.051895,0.074179,-0.095956,0.007303,-0.027102,0.0062,0.00314
-0.057371,0.169525,-0.058438,-0.053226,0.051895,0.074179,-0.095956,0.007303,-0.027102,0.0062,0.00314,0.019665
-0.057947,0.169525,-0.053226,0.051895,0.074179,-0.095956,0.007303,-0.027102,0.0062,0.00314,0.019665,0.007297
-0.057815,0.169525,0.051895,0.074179,-0.095956,0.007303,-0.027102,0.0062,0.00314,0.019665,0.007297,0.078895
-0.057748,0.169525,0.074179,-0.095956,0.007303,-0.027102,0.0062,0.00314,0.019665,0.007297,0.078895,0.023464
-0.057331,0.169525,-0.095956,0.007303,-0.027102,0.0062,0.00314,0.019665,0.007297,0.078895,0.023464,0.03638
-0.057177,0.169525,0.007303,-0.027102,0.0062,0.00314,0.019665,0.007297,0.078895,0.023464,0.03638,-0.109474
-0.055503,0.169525,-0.027102,0.0062,0.00314,0.019665,0.007297,0.078895,0.023464,0.03638,-0.109474,-0.098753
-0.055006,0.169525,0.0062,0.00314,0.019665,0.007297,0.078895,0.023464,0.03638,-0.109474,-0.098753,0.098263
-0.054237,0.169525,0.00314,0.019665,0.007297,0.078895,0.023464,0.03638,-0.109474,-0.098753,0.098263,-0.046046
-0.056552,0.169525,0.019665,0.007297,0.078895,0.023464,0.03638,-0.109474,-0.098753,0.098263,-0.046046,-0.067379
-0.058647,0.169525,0.007297,0.078895,0.023464,0.03638,-0.109474,-0.098753,0.098263,-0.046046,-0.067379,-0.016976
-0.05656,0.169525,0.078895,0.023464,0.03638,-0.109474,-0.098753,0.098263,-0.046046,-0.067379,-0.016976,0.025592
-0.057538,0.169647,0.023464,0.03638,-0.109474,-0.098753,0.098263,-0.046046,-0.067379,-0.016976,0.025592,0.039453
-0.058968,0.169647,0.03638,-0.109474,-0.098753,0.098263,-0.046046,-0.067379,-0.016976,0.025592,0.039453,0.02317
-0.059329,0.169647,-0.109474,-0.098753,0.098263,-0.046046,-0.067379,-0.016976,0.025592,0.039453,0.02317,-0.01516
-0.058785,0.169647,-0.098753,0.098263,-0.046046,-0.067379,-0.016976,0.025592,0.039453,0.02317,-0.01516,-0.131689
-0.057947,0.169647,0.098263,-0.046046,-0.067379,-0.016976,0.025592,0.039453,0.02317,-0.01516,-0.131689,-0.01077
-0.057455,0.169647,-0.046046,-0.067379,-0.016976,0.025592,0.039453,0.02317,-0.01516,-0.131689,-0.01077,-0.045872
-0.057776,0.169647,-0.067379,-0.016976,0.025592,0.039453,0.02317,-0.01516,-0.131689,-0.01077,-0.045872,0.043373
-0.060573,0.169647,-0.016976,0.025592,0.039453,0.02317,-0.01516,-0.131689,-0.01077,-0.045872,0.043373,0.013295
-0.060802,0.169647,0.025592,0.039453,0.02317,-0.01516,-0.131689,-0.01077,-0.045872,0.043373,0.013295,0.019441
-0.06178,0.169647,0.039453,0.02317,-0.01516,-0.131689,-0.01077,-0.045872,0.043373,0.013295,0.019441,-0.014695
-0.060855,0.169769,0.02317,-0.01516,-0.131689,-0.01077,-0.045872,0.043373,0.013295,0.019441,-0.014695,0.057537
-0.060572,0.169769,-0.01516,-0.131689,-0.01077,-0.045872,0.043373,0.013295,0.019441,-0.014695,0.057537,0.026915
-0.060159,0.169769,-0.131689,-0.01077,-0.045872,0.043373,0.013295,0.019441,-0.014695,0.057537,0.026915,0.037047
-0.060471,0.169769,-0.01077,-0.045872,0.043373,0.013295,0.019441,-0.014695,0.057537,0.026915,0.037047,-0.071838
-0.059246,0.169769,-0.045872,0.043373,0.013295,0.019441,-0.014695,0.057537,0.026915,0.037047,-0.071838,0.041237
-0.058674,0.169769,0.043373,0.013295,0.019441,-0.014695,0.057537,0.026915,0.037047,-0.071838,0.041237,0.091741
-0.057887,0.169769,0.013295,0.019441,-0.014695,0.057537,0.026915,0.037047,-0.071838,0.041237,0.091741,-0.134581
-0.059412,0.169769,0.019441,-0.014695,0.057537,0.026915,0.037047,-0.071838,0.041237,0.091741,-0.134581,0.000421
-0.058536,0.169769,-0.014695,0.057537,0.026915,0.037047,-0.071838,0.041237,0.091741,-0.134581,0.000421,0.007793
-0.056588,0.169769,0.057537,0.026915,0.037047,-0.071838,0.041237,0.091741,-0.134581,0.000421,0.007793,-0.003068
-0.059448,0.169769,0.026915,0.037047,-0.071838,0.041237,0.091741,-0.134581,0.000421,0.007793,-0.003068,0.04724
-0.059439,0.169769,0.037047,-0.071838,0.041237,0.091741,-0.134581,0.000421,0.007793,-0.003068,0.04724,0.023122
-0.059274,0.169769,-0.071838,0.041237,0.091741,-0.134581,0.000421,0.007793,-0.003068,0.04724,0.023122,0.052935
-0.059339,0.169769,0.041237,0.091741,-0.134581,0.000421,0.007793,-0.003068,0.04724,0.023122,0.052935,-0.0747
-0.058334,0.169769,0.091741,-0.134581,0.000421,0.007793,-0.003068,0.04724,0.023122,0.052935,-0.0747,0.026931
-0.057843,0.169769,-0.134581,0.000421,0.007793,-0.003068,0.04724,0.023122,0.052935,-0.0747,0.026931,0.11293
-0.05672,0.169769,0.000421,0.007793,-0.003068,0.04724,0.023122,0.052935,-0.0747,0.026931,0.11293,0.009006
-0.058304,0.169769,0.007793,-0.003068,0.04724,0.023122,0.052935,-0.0747,0.026931,0.11293,0.009006,-0.020401
-0.057732,0.169769,-0.003068,0.04724,0.023122,0.052935,-0.0747,0.026931,0.11293,0.009006,-0.020401,0.01323
-0.055337,0.169769,0.04724,0.023122,0.052935,-0.0747,0.026931,0.11293,0.009006,-0.020401,0.01323,-0.016475
-0.055146,0.169769,0.023122,0.052935,-0.0747,0.026931,0.11293,0.009006,-0.020401,0.01323,-0.016475,0.065969
-0.055578,0.169769,0.052935,-0.0747,0.026931,0.11293,0.009006,-0.020401,0.01323,-0.016475,0.065969,0.030231
-0.055298,0.169769,-0.0747,0.026931,0.11293,0.009006,-0.020401,0.01323,-0.016475,0.065969,0.030231,0.045924
-0.055646,0.170563,0.026931,0.11293,0.009006,-0.020401,0.01323,-0.016475,0.065969,0.030231,0.045924,-0.102068
-0.054249,0.170563,0.11293,0.009006,-0.020401,0.01323,-0.016475,0.065969,0.030231,0.045924,-0.102068,0.008556
-0.05361,0.170563,0.009006,-0.020401,0.01323,-0.016475,0.065969,0.030231,0.045924,-0.102068,0.008556,-0.034119
-0.05264,0.170563,-0.020401,0.01323,-0.016475,0.065969,0.030231,0.045924,-0.102068,0.008556,-0.034119,0.009006
-0.054795,0.170563,0.01323,-0.016475,0.065969,0.030231,0.045924,-0.102068,0.008556,-0.034119,0.009006,0.00333
-0.054614,0.170563,-0.016475,0.065969,0.030231,0.045924,-0.102068,0.008556,-0.034119,0.009006,0.00333,0.01855
-0.055337,0.170563,0.065969,0.030231,0.045924,-0.102068,0.008556,-0.034119,0.009006,0.00333,0.01855,0.008553
-0.055146,0.170563,0.030231,0.045924,-0.102068,0.008556,-0.034119,0.009006,0.00333,0.01855,0.008553,0.059508
-0.055075,0.170563,0.045924,-0.102068,0.008556,-0.034119,0.009006,0.00333,0.01855,0.008553,0.059508,0.021087
-0.054683,0.170563,-0.102068,0.008556,-0.034119,0.009006,0.00333,0.01855,0.008553,0.059508,0.021087,0.032773
-0.054502,0.170563,0.008556,-0.034119,0.009006,0.00333,0.01855,0.008553,0.059508,0.021087,0.032773,-0.087663
-0.053243,0.171081,-0.034119,0.009006,0.00333,0.01855,0.008553,0.059508,0.021087,0.032773,-0.087663,0.037714
-0.052798,0.171081,0.009006,0.00333,0.01855,0.008553,0.059508,0.021087,0.032773,-0.087663,0.037714,0.115569
-0.052106,0.171081,0.00333,0.01855,0.008553,0.059508,0.021087,0.032773,-0.087663,0.037714,0.115569,0.009347
-0.053956,0.171081,0.01855,0.008553,0.059508,0.021087,0.032773,-0.087663,0.037714,0.115569,0.009347,-0.016403
-0.053159,0.171081,0.008553,0.059508,0.021087,0.032773,-0.087663,0.037714,0.115569,0.009347,-0.016403,0.006808
-0.050719,0.171081,0.059508,0.021087,0.032773,-0.087663,0.037714,0.115569,0.009347,-0.016403,0.006808,-0.0156
-0.050522,0.171081,0.021087,0.032773,-0.087663,0.037714,0.115569,0.009347,-0.016403,0.006808,-0.0156,0.051878
-0.050868,0.171081,0.032773,-0.087663,0.037714,0.115569,0.009347,-0.016403,0.006808,-0.0156,0.051878,0.020121
-0.050725,0.171081,-0.087663,0.037714,0.115569,0.009347,-0.016403,0.006808,-0.0156,0.051878,0.020121,-0.016401
-0.051053,0.171081,0.037714,0.115569,0.009347,-0.016403,0.006808,-0.0156,0.051878,0.020121,-0.016401,-0.134897
-0.04996,0.171081,0.115569,0.009347,-0.016403,0.006808,-0.0156,0.051878,0.020121,-0.016401,-0.134897,0.005851
-0.049536,0.171081,0.009347,-0.016403,0.006808,-0.0156,0.051878,0.020121,-0.016401,-0.134897,0.005851,0.06372
-0.049881,0.171081,-0.016403,0.006808,-0.0156,0.051878,0.020121,-0.016401,-0.134897,0.005851,0.06372,-0.176177
-0.052722,0.171081,0.006808,-0.0156,0.051878,0.020121,-0.016401,-0.134897,0.005851,0.06372,-0.176177,-0.100589
-0.052599,0.171081,-0.0156,0.051878,0.020121,-0.016401,-0.134897,0.005851,0.06372,-0.176177,-0.100589,-0.109834
-0.051253,0.171081,0.051878,0.020121,-0.016401,-0.134897,0.005851,0.06372,-0.176177,-0.100589,-0.109834,0.006047
-0.054978,0.171081,0.020121,-0.016401,-0.134897,0.005851,0.06372,-0.176177,-0.100589,-0.109834,0.006047,0.051151
-0.057109,0.171081,-0.016401,-0.134897,0.005851,0.06372,-0.176177,-0.100589,-0.109834,0.006047,0.051151,0.063656
-0.05944,0.171081,-0.134897,0.005851,0.06372,-0.176177,-0.100589,-0.109834,0.006047,0.051151,0.063656,0.046573
-0.059311,0.171081,0.005851,0.06372,-0.176177,-0.100589,-0.109834,0.006047,0.051151,0.063656,0.046573,-0.049953
-0.058224,0.171081,0.06372,-0.176177,-0.100589,-0.109834,0.006047,0.051151,0.063656,0.046573,-0.049953,0.030924
-0.056871,0.171081,-0.176177,-0.100589,-0.109834,0.006047,0.051151,0.063656,0.046573,-0.049953,0.030924,0.106744
-0.055884,0.171081,-0.100589,-0.109834,0.006047,0.051151,0.063656,0.046573,-0.049953,0.030924,0.106744,0.01703
-0.056942,0.171081,-0.109834,0.006047,0.051151,0.063656,0.046573,-0.049953,0.030924,0.106744,0.01703,-0.008491
-0.056287,0.171081,0.006047,0.051151,0.063656,0.046573,-0.049953,0.030924,0.106744,0.01703,-0.008491,0.002721
-0.054026,0.17096,0.051151,0.063656,0.046573,-0.049953,0.030924,0.106744,0.01703,-0.008491,0.002721,-0.00604
-0.053666,0.17096,0.063656,0.046573,-0.049953,0.030924,0.106744,0.01703,-0.008491,0.002721,-0.00604,0.05295
-0.053845,0.17096,0.046573,-0.049953,0.030924,0.106744,0.01703,-0.008491,0.002721,-0.00604,0.05295,0.022465
-0.053788,0.17096,-0.049953,0.030924,0.106744,0.01703,-0.008491,0.002721,-0.00604,0.05295,0.022465,0.035518
-0.053915,0.17096,0.030924,0.106744,0.01703,-0.008491,0.002721,-0.00604,0.05295,0.022465,0.035518,-0.082488
-0.052796,0.17096,0.106744,0.01703,-0.008491,0.002721,-0.00604,0.05295,0.022465,0.035518,-0.082488,0.023137
-0.052321,0.17096,0.01703,-0.008491,0.002721,-0.00604,0.05295,0.022465,0.035518,-0.082488,0.023137,0.062359
-0.051572,0.17096,-0.008491,0.002721,-0.00604,0.05295,0.022465,0.035518,-0.082488,0.023137,0.062359,-0.125969
-0.053311,0.17096,0.002721,-0.00604,0.05295,0.022465,0.035518,-0.082488,0.023137,0.062359,-0.125969,0.008696
-0.052823,0.17096,-0.00604,0.05295,0.022465,0.035518,-0.082488,0.023137,0.062359,-0.125969,0.008696,0.021285
-0.051506,0.17096,0.05295,0.022465,0.035518,-0.082488,0.023137,0.062359,-0.125969,0.008696,0.021285,0.001896
-0.054169,0.170166,0.022465,0.035518,-0.082488,0.023137,0.062359,-0.125969,0.008696,0.021285,0.001896,0.050334
-0.053985,0.170166,0.035518,-0.082488,0.023137,0.062359,-0.125969,0.008696,0.021285,0.001896,0.050334,0.026501
-0.053535,0.170166,-0.082488,0.023137,0.062359,-0.125969,0.008696,0.021285,0.001896,0.050334,0.026501,-0.02707
-0.053495,0.170166,0.023137,0.062359,-0.125969,0.008696,0.021285,0.001896,0.050334,0.026501,-0.02707,-0.148367
-0.052432,0.170166,0.062359,-0.125969,0.008696,0.021285,0.001896,0.050334,0.026501,-0.02707,-0.148367,0.001988
-0.051872,0.170166,-0.125969,0.008696,0.021285,0.001896,0.050334,0.026501,-0.02707,-0.148367,0.001988,0.073896
-0.052443,0.170166,0.008696,0.021285,0.001896,0.050334,0.026501,-0.02707,-0.148367,0.001988,0.073896,-0.104131
-0.055577,0.170166,0.021285,0.001896,0.050334,0.026501,-0.02707,-0.148367,0.001988,0.073896,-0.104131,0.004575
-0.055535,0.170166,0.001896,0.050334,0.026501,-0.02707,-0.148367,0.001988,0.073896,-0.104131,0.004575,0.013204
-0.05397,0.170166,0.050334,0.026501,-0.02707,-0.148367,0.001988,0.073896,-0.104131,0.004575,0.013204,-0.012481
-0.056176,0.170166,0.026501,-0.02707,-0.148367,0.001988,0.073896,-0.104131,0.004575,0.013204,-0.012481,0.065917
-0.056079,0.170166,-0.02707,-0.148367,0.001988,0.073896,-0.104131,0.004575,0.013204,-0.012481,0.065917,0.019606
-0.0558,0.170166,-0.148367,0.001988,0.073896,-0.104131,0.004575,0.013204,-0.012481,0.065917,0.019606,0.044467
-0.056064,0.170166,0.001988,0.073896,-0.104131,0.004575,0.013204,-0.012481,0.065917,0.019606,0.044467,-0.074131
-0.054668,0.170166,0.073896,-0.104131,0.004575,0.013204,-0.012481,0.065917,0.019606,0.044467,-0.074131,0.036321
-0.054253,0.170166,-0.104131,0.004575,0.013204,-0.012481,0.065917,0.019606,0.044467,-0.074131,0.036321,0.117952
-0.053313,0.170166,0.004575,0.013204,-0.012481,0.065917,0.019606,0.044467,-0.074131,0.036321,0.117952,0.00795
-0.054879,0.170166,0.013204,-0.012481,0.065917,0.019606,0.044467,-0.074131,0.036321,0.117952,0.00795,-0.031075
-0.054111,0.170166,-0.012481,0.065917,0.019606,0.044467,-0.074131,0.036321,0.117952,0.00795,-0.031075,-0.005239
-0.051618,0.170166,0.065917,0.019606,0.044467,-0.074131,0.036321,0.117952,0.00795,-0.031075,-0.005239,0.001845
-0.051451,0.170166,0.019606,0.044467,-0.074131,0.036321,0.117952,0.00795,-0.031075,-0.005239,0.001845,0.051774
-0.052106,0.170166,0.044467,-0.074131,0.036321,0.117952,0.00795,-0.031075,-0.005239,0.001845,0.051774,0.022667
-0.052216,0.170166,-0.074131,0.036321,0.117952,0.00795,-0.031075,-0.005239,0.001845,0.051774,0.022667,0.041181
-0.052177,0.170166,0.036321,0.117952,0.00795,-0.031075,-0.005239,0.001845,0.051774,0.022667,0.041181,-0.081593
-0.051085,0.169251,0.117952,0.00795,-0.031075,-0.005239,0.001845,0.051774,0.022667,0.041181,-0.081593,0.0312
-0.050607,0.169251,0.00795,-0.031075,-0.005239,0.001845,0.051774,0.022667,0.041181,-0.081593,0.0312,0.088062
-0.04974,0.169251,-0.031075,-0.005239,0.001845,0.051774,0.022667,0.041181,-0.081593,0.0312,0.088062,0.009488
-0.051457,0.169251,-0.005239,0.001845,0.051774,0.022667,0.041181,-0.081593,0.0312,0.088062,0.009488,-0.027144
-0.0508,0.169251,0.001845,0.051774,0.022667,0.041181,-0.081593,0.0312,0.088062,0.009488,-0.027144,0.002831
-0.048945,0.169251,0.051774,0.022667,0.041181,-0.081593,0.0312,0.088062,0.009488,-0.027144,0.002831,-0.003658
-0.048745,0.169251,0.022667,0.041181,-0.081593,0.0312,0.088062,0.009488,-0.027144,0.002831,-0.003658,0.058753
-0.049316,0.169251,0.041181,-0.081593,0.0312,0.088062,0.009488,-0.027144,0.002831,-0.003658,0.058753,0.029758
-0.049256,0.169251,-0.081593,0.0312,0.088062,0.009488,-0.027144,0.002831,-0.003658,0.058753,0.029758,-0.028525
-0.049333,0.169251,0.0312,0.088062,0.009488,-0.027144,0.002831,-0.003658,0.058753,0.029758,-0.028525,-0.153025
-0.048097,0.169251,0.088062,0.009488,-0.027144,0.002831,-0.003658,0.058753,0.029758,-0.028525,-0.153025,0.0018
-0.047472,0.169128,0.009488,-0.027144,0.002831,-0.003658,0.058753,0.029758,-0.028525,-0.153025,0.0018,0.113442
-0.048071,0.169128,-0.027144,0.002831,-0.003658,0.058753,0.029758,-0.028525,-0.153025,0.0018,0.113442,0.012181
-0.051288,0.169128,0.002831,-0.003658,0.058753,0.029758,-0.028525,-0.153025,0.0018,0.113442,0.012181,-0.021773
-0.05125,0.169128,-0.003658,0.058753,0.029758,-0.028525,-0.153025,0.0018,0.113442,0.012181,-0.021773,0.020361
-0.04886,0.169128,0.058753,0.029758,-0.028525,-0.153025,0.0018,0.113442,0.012181,-0.021773,0.020361,0.001685
-0.048604,0.169128,0.029758,-0.028525,-0.153025,0.0018,0.113442,0.012181,-0.021773,0.020361,0.001685,0.044011
-0.049061,0.169128,-0.028525,-0.153025,0.0018,0.113442,0.012181,-0.021773,0.020361,0.001685,0.044011,0.025774
-0.048634,0.169128,-0.153025,0.0018,0.113442,0.012181,-0.021773,0.020361,0.001685,0.044011,0.025774,0.03371
-0.048598,0.169128,0.0018,0.113442,0.012181,-0.021773,0.020361,0.001685,0.044011,0.025774,0.03371,-0.062129
-0.047673,0.169128,0.113442,0.012181,-0.021773,0.020361,0.001685,0.044011,0.025774,0.03371,-0.062129,0.032743
-0.047131,0.169128,0.012181,-0.021773,0.020361,0.001685,0.044011,0.025774,0.03371,-0.062129,0.032743,0.09154
-0.046424,0.169128,-0.021773,0.020361,0.001685,0.044011,0.025774,0.03371,-0.062129,0.032743,0.09154,0.007065
-0.047727,0.169128,0.020361,0.001685,0.044011,0.025774,0.03371,-0.062129,0.032743,0.09154,0.007065,-0.021798
-0.04704,0.169128,0.001685,0.044011,0.025774,0.03371,-0.062129,0.032743,0.09154,0.007065,-0.021798,0.005657
-0.045119,0.169128,0.044011,0.025774,0.03371,-0.062129,0.032743,0.09154,0.007065,-0.021798,0.005657,-0.060916
-0.044971,0.169128,0.025774,0.03371,-0.062129,0.032743,0.09154,0.007065,-0.021798,0.005657,-0.060916,-0.063891
-0.045428,0.169128,0.03371,-0.062129,0.032743,0.09154,0.007065,-0.021798,0.005657,-0.060916,-0.063891,0.005523
-0.045309,0.169128,-0.062129,0.032743,0.09154,0.007065,-0.021798,0.005657,-0.060916,-0.063891,0.005523,0.082394
-0.046585,0.169128,0.032743,0.09154,0.007065,-0.021798,0.005657,-0.060916,-0.063891,0.005523,0.082394,-0.08924
-0.047928,0.169128,0.09154,0.007065,-0.021798,0.005657,-0.060916,-0.063891,0.005523,0.082394,-0.08924,0.030028
-0.047811,0.169128,0.007065,-0.021798,0.005657,-0.060916,-0.063891,0.005523,0.082394,-0.08924,0.030028,0.106409
-0.046083,0.169128,-0.021798,0.005657,-0.060916,-0.063891,0.005523,0.082394,-0.08924,0.030028,0.106409,0.002985
-0.047954,0.169128,0.005657,-0.060916,-0.063891,0.005523,0.082394,-0.08924,0.030028,0.106409,0.002985,-0.081528
-0.047323,0.169128,-0.060916,-0.063891,0.005523,0.082394,-0.08924,0.030028,0.106409,0.002985,-0.081528,-0.094456
-0.045091,0.169403,-0.063891,0.005523,0.082394,-0.08924,0.030028,0.106409,0.002985,-0.081528,-0.094456,-0.019826
-0.045028,0.169403,0.005523,0.082394,-0.08924,0.030028,0.106409,0.002985,-0.081528,-0.094456,-0.019826,0.081662
-0.046737,0.169403,0.082394,-0.08924,0.030028,0.106409,0.002985,-0.081528,-0.094456,-0.019826,0.081662,0.035262
-0.048719,0.169403,-0.08924,0.030028,0.106409,0.002985,-0.081528,-0.094456,-0.019826,0.081662,0.035262,0.037865
-0.049135,0.169403,0.030028,0.106409,0.002985,-0.081528,-0.094456,-0.019826,0.081662,0.035262,0.037865,-0.08929
-0.047418,0.169403,0.106409,0.002985,-0.081528,-0.094456,-0.019826,0.081662,0.035262,0.037865,-0.08929,0.034092
-0.046677,0.169403,0.002985,-0.081528,-0.094456,-0.019826,0.081662,0.035262,0.037865,-0.08929,0.034092,0.058999
-0.045883,0.169403,-0.081528,-0.094456,-0.019826,0.081662,0.035262,0.037865,-0.08929,0.034092,0.058999,-0.136049
-0.047755,0.169403,-0.094456,-0.019826,0.081662,0.035262,0.037865,-0.08929,0.034092,0.058999,-0.136049,0.009188
-0.04704,0.169403,-0.019826,0.081662,0.035262,0.037865,-0.08929,0.034092,0.058999,-0.136049,0.009188,0.035269
-0.045802,0.169403,0.081662,0.035262,0.037865,-0.08929,0.034092,0.058999,-0.136049,0.009188,0.035269,-0.001051
-0.04866,0.169403,0.035262,0.037865,-0.08929,0.034092,0.058999,-0.136049,0.009188,0.035269,-0.001051,0.049465
-0.048467,0.169403,0.037865,-0.08929,0.034092,0.058999,-0.136049,0.009188,0.035269,-0.001051,0.049465,0.009658
-0.047727,0.169647,-0.08929,0.034092,0.058999,-0.136049,0.009188,0.035269,-0.001051,0.049465,0.009658,0.048774
-0.047749,0.169647,0.034092,0.058999,-0.136049,0.009188,0.035269,-0.001051,0.049465,0.009658,0.048774,-0.104282
-0.04671,0.169647,0.058999,-0.136049,0.009188,0.035269,-0.001051,0.049465,0.009658,0.048774,-0.104282,0.02869
-0.046507,0.169647,-0.136049,0.009188,0.035269,-0.001051,0.049465,0.009658,0.048774,-0.104282,0.02869,0.099676
-0.045485,0.169647,0.009188,0.035269,-0.001051,0.049465,0.009658,0.048774,-0.104282,0.02869,0.099676,0.020677
-0.04767,0.169647,0.035269,-0.001051,0.049465,0.009658,0.048774,-0.104282,0.02869,0.099676,0.020677,-0.017715
-0.047068,0.169647,-0.001051,0.049465,0.009658,0.048774,-0.104282,0.02869,0.099676,0.020677,-0.017715,-0.018866
-0.044977,0.169647,0.049465,0.009658,0.048774,-0.104282,0.02869,0.099676,0.020677,-0.017715,-0.018866,-0.013416
-0.044544,0.169647,0.009658,0.048774,-0.104282,0.02869,0.099676,0.020677,-0.017715,-0.018866,-0.013416,0.060519
-0.044914,0.169647,0.048774,-0.104282,0.02869,0.099676,0.020677,-0.017715,-0.018866,-0.013416,0.060519,0.016661
-0.045309,0.169647,-0.104282,0.02869,0.099676,0.020677,-0.017715,-0.018866,-0.013416,0.060519,0.016661,0.028768
-0.04559,0.169647,0.02869,0.099676,0.020677,-0.017715,-0.018866,-0.013416,0.060519,0.016661,0.028768,-0.089957
-0.044322,0.169647,0.099676,0.020677,-0.017715,-0.018866,-0.013416,0.060519,0.016661,0.028768,-0.089957,0.03424
-0.043973,0.169647,0.020677,-0.017715,-0.018866,-0.013416,0.060519,0.016661,0.028768,-0.089957,0.03424,0.105766
-0.043371,0.169647,-0.017715,-0.018866,-0.013416,0.060519,0.016661,0.028768,-0.089957,0.03424,0.105766,0.005883
-0.045252,0.169647,-0.018866,-0.013416,0.060519,0.016661,0.028768,-0.089957,0.03424,0.105766,0.005883,-0.03005
-0.044536,0.169647,-0.013416,0.060519,0.016661,0.028768,-0.089957,0.03424,0.105766,0.005883,-0.03005,-0.003859
-0.042323,0.169647,0.060519,0.016661,0.028768,-0.089957,0.03424,0.105766,0.005883,-0.03005,-0.003859,-0.012266
-0.0422,0.169647,0.016661,0.028768,-0.089957,0.03424,0.105766,0.005883,-0.03005,-0.003859,-0.012266,0.055316
-0.042827,0.169647,0.028768,-0.089957,0.03424,0.105766,0.005883,-0.03005,-0.003859,-0.012266,0.055316,-0.044785
-0.042908,0.169647,-0.089957,0.03424,0.105766,0.005883,-0.03005,-0.003859,-0.012266,0.055316,-0.044785,0.000105
-0.043164,0.169647,0.03424,0.105766,0.005883,-0.03005,-0.003859,-0.012266,0.055316,-0.044785,0.000105,-0.117334
-0.042008,0.169647,0.105766,0.005883,-0.03005,-0.003859,-0.012266,0.055316,-0.044785,0.000105,-0.117334,0.058793
-0.042944,0.169647,0.005883,-0.03005,-0.003859,-0.012266,0.055316,-0.044785,0.000105,-0.117334,0.058793,0.089413
-0.042942,0.169647,-0.03005,-0.003859,-0.012266,0.055316,-0.044785,0.000105,-0.117334,0.058793,0.089413,-0.062506
-0.045395,0.168854,-0.003859,-0.012266,0.055316,-0.044785,0.000105,-0.117334,0.058793,0.089413,-0.062506,-0.068185
-0.044165,0.168854,-0.012266,0.055316,-0.044785,0.000105,-0.117334,0.058793,0.089413,-0.062506,-0.068185,-0.024311
-0.042294,0.168854,0.055316,-0.044785,0.000105,-0.117334,0.058793,0.089413,-0.062506,-0.068185,-0.024311,0.002915
-0.043602,0.168854,-0.044785,0.000105,-0.117334,0.058793,0.089413,-0.062506,-0.068185,-0.024311,0.002915,0.051005
-0.045028,0.168854,0.000105,-0.117334,0.058793,0.089413,-0.062506,-0.068185,-0.024311,0.002915,0.051005,0.043931
-0.045537,0.168854,-0.117334,0.058793,0.089413,-0.062506,-0.068185,-0.024311,0.002915,0.051005,0.043931,-0.021809
-0.045476,0.168854,0.058793,0.089413,-0.062506,-0.068185,-0.024311,0.002915,0.051005,0.043931,-0.021809,-0.142756
-0.044407,0.168854,0.089413,-0.062506,-0.068185,-0.024311,0.002915,0.051005,0.043931,-0.021809,-0.142756,-0.020034
-0.043487,0.168854,-0.062506,-0.068185,-0.024311,0.002915,0.051005,0.043931,-0.021809,-0.142756,-0.020034,0.114553
-0.043944,0.168854,-0.068185,-0.024311,0.002915,0.051005,0.043931,-0.021809,-0.142756,-0.020034,0.114553,0.008433
-0.046932,0.168854,-0.024311,0.002915,0.051005,0.043931,-0.021809,-0.142756,-0.020034,0.114553,0.008433,-0.019079
-0.047352,0.169251,0.002915,0.051005,0.043931,-0.021809,-0.142756,-0.020034,0.114553,0.008433,-0.019079,0.011124
-0.044948,0.169251,0.051005,0.043931,-0.021809,-0.142756,-0.020034,0.114553,0.008433,-0.019079,0.011124,-0.008002
-0.044772,0.169251,0.043931,-0.021809,-0.142756,-0.020034,0.114553,0.008433,-0.019079,0.011124,-0.008002,0.057847
-0.045171,0.169251,-0.021809,-0.142756,-0.020034,0.114553,0.008433,-0.019079,0.011124,-0.008002,0.057847,0.015335
-0.044938,0.169251,-0.142756,-0.020034,0.114553,0.008433,-0.019079,0.011124,-0.008002,0.057847,0.015335,0.059021
-0.045106,0.169251,-0.020034,0.114553,0.008433,-0.019079,0.011124,-0.008002,0.057847,0.015335,0.059021,-0.105265
-0.043894,0.169251,0.114553,0.008433,-0.019079,0.011124,-0.008002,0.057847,0.015335,0.059021,-0.105265,0.052065
-0.043573,0.169251,0.008433,-0.019079,0.011124,-0.008002,0.057847,0.015335,0.059021,-0.105265,0.052065,0.103298
-0.04234,0.169251,-0.019079,0.011124,-0.008002,0.057847,0.015335,0.059021,-0.105265,0.052065,0.103298,0.007323
-0.044539,0.169251,0.011124,-0.008002,0.057847,0.015335,0.059021,-0.105265,0.052065,0.103298,0.007323,-0.025954
-0.04345,0.169251,-0.008002,0.057847,0.015335,0.059021,-0.105265,0.052065,0.103298,0.007323,-0.025954,0.011305
-0.041291,0.169251,0.057847,0.015335,0.059021,-0.105265,0.052065,0.103298,0.007323,-0.025954,0.011305,-0.006888
-0.041138,0.169251,0.015335,0.059021,-0.105265,0.052065,0.103298,0.007323,-0.025954,0.011305,-0.006888,0.052711
-0.04168,0.169251,0.059021,-0.105265,0.052065,0.103298,0.007323,-0.025954,0.011305,-0.006888,0.052711,0.014278
-0.041444,0.169251,-0.105265,0.052065,0.103298,0.007323,-0.025954,0.011305,-0.006888,0.052711,0.014278,-0.017683
-0.041588,0.169251,0.052065,0.103298,0.007323,-0.025954,0.011305,-0.006888,0.052711,0.014278,-0.017683,-0.137376
-0.040488,0.169251,0.103298,0.007323,-0.025954,0.011305,-0.006888,0.052711,0.014278,-0.017683,-0.137376,-0.001274
-0.04019,0.169251,0.007323,-0.025954,0.011305,-0.006888,0.052711,0.014278,-0.017683,-0.137376,-0.001274,0.115661
-0.040558,0.169251,-0.025954,0.011305,-0.006888,0.052711,0.014278,-0.017683,-0.137376,-0.001274,0.115661,0.022498
-0.043424,0.169251,0.011305,-0.006888,0.052711,0.014278,-0.017683,-0.137376,-0.001274,0.115661,0.022498,-0.031479
-0.04345,0.169251,-0.006888,0.052711,0.014278,-0.017683,-0.137376,-0.001274,0.115661,0.022498,-0.031479,0.007186
-0.041033,0.169251,0.052711,0.014278,-0.017683,-0.137376,-0.001274,0.115661,0.022498,-0.031479,0.007186,-0.00554
-0.040564,0.169251,0.014278,-0.017683,-0.137376,-0.001274,0.115661,0.022498,-0.031479,0.007186,-0.00554,0.055508
-0.04122,0.169251,-0.017683,-0.137376,-0.001274,0.115661,0.022498,-0.031479,0.007186,-0.00554,0.055508,0.029522
-0.04107,0.169251,-0.137376,-0.001274,0.115661,0.022498,-0.031479,0.007186,-0.00554,0.055508,0.029522,-0.028755
-0.041186,0.172119,-0.001274,0.115661,0.022498,-0.031479,0.007186,-0.00554,0.055508,0.029522,-0.028755,-0.166397
-0.040028,0.172119,0.115661,0.022498,-0.031479,0.007186,-0.00554,0.055508,0.029522,-0.028755,-0.166397,-0.129351
-0.039412,0.172119,0.022498,-0.031479,0.007186,-0.00554,0.055508,0.029522,-0.028755,-0.166397,-0.129351,0.114883
-0.040011,0.172119,-0.031479,0.007186,-0.00554,0.055508,0.029522,-0.028755,-0.166397,-0.129351,0.114883,0.027637
-0.043481,0.172119,0.007186,-0.00554,0.055508,0.029522,-0.028755,-0.166397,-0.129351,0.114883,0.027637,-0.010866
-0.046188,0.172119,-0.00554,0.055508,0.029522,-0.028755,-0.166397,-0.129351,0.114883,0.027637,-0.010866,0.022189
-0.04378,0.172119,0.055508,0.029522,-0.028755,-0.166397,-0.129351,0.114883,0.027637,-0.010866,0.022189,0.011044
-0.043202,0.172119,0.029522,-0.028755,-0.166397,-0.129351,0.114883,0.027637,-0.010866,0.022189,0.011044,0.064964
-0.043429,0.172119,-0.028755,-0.166397,-0.129351,0.114883,0.027637,-0.010866,0.022189,0.011044,0.064964,-0.046212
-0.042965,0.172119,-0.166397,-0.129351,0.114883,0.027637,-0.010866,0.022189,0.011044,0.064964,-0.046212,-0.002599
-0.042735,0.172119,-0.129351,0.114883,0.027637,-0.010866,0.022189,0.011044,0.064964,-0.046212,-0.002599,-0.101145
-0.041377,0.177216,0.114883,0.027637,-0.010866,0.022189,0.011044,0.064964,-0.046212,-0.002599,-0.101145,0.064387
-0.042343,0.177216,0.027637,-0.010866,0.022189,0.011044,0.064964,-0.046212,-0.002599,-0.101145,0.064387,0.107489
-0.042397,0.177216,-0.010866,0.022189,0.011044,0.064964,-0.046212,-0.002599,-0.101145,0.064387,0.107489,-0.065454
-0.04451,0.177216,0.022189,0.011044,0.064964,-0.046212,-0.002599,-0.101145,0.064387,0.107489,-0.065454,-0.056073
-0.043164,0.177216,0.011044,0.064964,-0.046212,-0.002599,-0.101145,0.064387,0.107489,-0.065454,-0.056073,-0.013454
-0.040918,0.177216,0.064964,-0.046212,-0.002599,-0.101145,0.064387,0.107489,-0.065454,-0.056073,-0.013454,0.002846
-0.042286,0.177216,-0.046212,-0.002599,-0.101145,0.064387,0.107489,-0.065454,-0.056073,-0.013454,0.002846,0.077176
-0.043457,0.177216,-0.002599,-0.101145,0.064387,0.107489,-0.065454,-0.056073,-0.013454,0.002846,0.077176,0.051238
-0.043738,0.177216,-0.101145,0.064387,0.107489,-0.065454,-0.056073,-0.013454,0.002846,0.077176,0.051238,0.067969
-0.043679,0.177216,0.064387,0.107489,-0.065454,-0.056073,-0.013454,0.002846,0.077176,0.051238,0.067969,-0.099234
-0.042065,0.177216,0.107489,-0.065454,-0.056073,-0.013454,0.002846,0.077176,0.051238,0.067969,-0.099234,0.05516
-0.040995,0.177216,-0.065454,-0.056073,-0.013454,0.002846,0.077176,0.051238,0.067969,-0.099234,0.05516,0.137339
-0.039579,0.177216,-0.056073,-0.013454,0.002846,0.077176,0.051238,0.067969,-0.099234,0.05516,0.137339,-0.068748
-0.041645,0.177216,-0.013454,0.002846,0.077176,0.051238,0.067969,-0.099234,0.05516,0.137339,-0.068748,-0.086826
-0.040496,0.177216,0.002846,0.077176,0.051238,0.067969,-0.099234,0.05516,0.137339,-0.068748,-0.086826,-0.012136
-0.037635,0.177216,0.077176,0.051238,0.067969,-0.099234,0.05516,0.137339,-0.068748,-0.086826,-0.012136,0.033103
-0.039066,0.177216,0.051238,0.067969,-0.099234,0.05516,0.137339,-0.068748,-0.086826,-0.012136,0.033103,0.09572
-0.040875,0.177216,0.067969,-0.099234,0.05516,0.137339,-0.068748,-0.086826,-0.012136,0.033103,0.09572,0.05617
-0.041128,0.177216,-0.099234,0.05516,0.137339,-0.068748,-0.086826,-0.012136,0.033103,0.09572,0.05617,0.070398
-0.040438,0.177216,0.05516,0.137339,-0.068748,-0.086826,-0.012136,0.033103,0.09572,0.05617,0.070398,-0.073824
-0.038444,0.177216,0.137339,-0.068748,-0.086826,-0.012136,0.033103,0.09572,0.05617,0.070398,-0.073824,0.073898
-0.037275,0.177216,-0.068748,-0.086826,-0.012136,0.033103,0.09572,0.05617,0.070398,-0.073824,0.073898,0.162993
-0.035814,0.177216,-0.086826,-0.012136,0.033103,0.09572,0.05617,0.070398,-0.073824,0.073898,0.162993,0.033424
-0.037345,0.177216,-0.012136,0.033103,0.09572,0.05617,0.070398,-0.073824,0.073898,0.162993,0.033424,-0.051622
-0.035812,0.177216,0.033103,0.09572,0.05617,0.070398,-0.073824,0.073898,0.162993,0.033424,-0.051622,-0.092783
-0.032434,0.177216,0.09572,0.05617,0.070398,-0.073824,0.073898,0.162993,0.033424,-0.051622,-0.092783,-0.015796
-0.031743,0.212158,0.05617,0.070398,-0.073824,0.073898,0.162993,0.033424,-0.051622,-0.092783,-0.015796,0.118079
-0.03281,0.212158,0.070398,-0.073824,0.073898,0.162993,0.033424,-0.051622,-0.092783,-0.015796,0.118079,0.084441
-0.034728,0.212158,-0.073824,0.073898,0.162993,0.033424,-0.051622,-0.092783,-0.015796,0.118079,0.084441,0.080798
-0.035056,0.212158,0.073898,0.162993,0.033424,-0.051622,-0.092783,-0.015796,0.118079,0.084441,0.080798,-0.066684
-0.03261,0.212158,0.162993,0.033424,-0.051622,-0.092783,-0.015796,0.118079,0.084441,0.080798,-0.066684,0.083728
-0.030864,0.212158,0.033424,-0.051622,-0.092783,-0.015796,0.118079,0.084441,0.080798,-0.066684,0.083728,0.186225
-0.029198,0.212158,-0.051622,-0.092783,-0.015796,0.118079,0.084441,0.080798,-0.066684,0.083728,0.186225,-0.070877
-0.030571,0.212158,-0.092783,-0.015796,0.118079,0.084441,0.080798,-0.066684,0.083728,0.186225,-0.070877,-0.092359
-0.028847,0.212158,-0.015796,0.118079,0.084441,0.080798,-0.066684,0.083728,0.186225,-0.070877,-0.092359,0.007702
-0.025016,0.212158,0.118079,0.084441,0.080798,-0.066684,0.083728,0.186225,-0.070877,-0.092359,0.007702,0.053956
-0.026473,0.212158,0.084441,0.080798,-0.066684,0.083728,0.186225,-0.070877,-0.092359,0.007702,0.053956,0.12619
-0.028372,0.212158,0.080798,-0.066684,0.083728,0.186225,-0.070877,-0.092359,0.007702,0.053956,0.12619,0.076782
-0.028213,0.212158,-0.066684,0.083728,0.186225,-0.070877,-0.092359,0.007702,0.053956,0.12619,0.076782,0.081836
-0.027104,0.225738,0.083728,0.186225,-0.070877,-0.092359,0.007702,0.053956,0.12619,0.076782,0.081836,-0.063806
-0.024512,0.225738,0.186225,-0.070877,-0.092359,0.007702,0.053956,0.12619,0.076782,0.081836,-0.063806,0.078072
-0.022937,0.225738,-0.070877,-0.092359,0.007702,0.053956,0.12619,0.076782,0.081836,-0.063806,0.078072,0.191653
-0.021264,0.225738,-0.092359,0.007702,0.053956,0.12619,0.076782,0.081836,-0.063806,0.078072,0.191653,0.049171
-0.022567,0.225738,0.007702,0.053956,0.12619,0.076782,0.081836,-0.063806,0.078072,0.191653,0.049171,0.016768
-0.020972,0.225738,0.053956,0.12619,0.076782,0.081836,-0.063806,0.078072,0.191653,0.049171,0.016768,-0.023109
-0.017062,0.225738,0.12619,0.076782,0.081836,-0.063806,0.078072,0.191653,0.049171,0.016768,-0.023109,-0.090382
-0.016061,0.225738,0.076782,0.081836,-0.063806,0.078072,0.191653,0.049171,0.016768,-0.023109,-0.090382,0.084452
-0.01572,0.225738,0.081836,-0.063806,0.078072,0.191653,0.049171,0.016768,-0.023109,-0.090382,0.084452,0.104529
-0.01619,0.225738,-0.063806,0.078072,0.191653,0.049171,0.016768,-0.023109,-0.090382,0.084452,0.104529,0.063545
-0.018028,0.225738,0.078072,0.191653,0.049171,0.016768,-0.023109,-0.090382,0.084452,0.104529,0.063545,-0.080297
-0.016308,0.225738,0.191653,0.049171,0.016768,-0.023109,-0.090382,0.084452,0.104529,0.063545,-0.080297,0.145916
-0.014183,0.225738,0.049171,0.016768,-0.023109,-0.090382,0.084452,0.104529,0.063545,-0.080297,0.145916,0.211728
-0.012895,0.225738,0.016768,-0.023109,-0.090382,0.084452,0.104529,0.063545,-0.080297,0.145916,0.211728,0.012899
-0.014521,0.225738,-0.023109,-0.090382,0.084452,0.104529,0.063545,-0.080297,0.145916,0.211728,0.012899,-0.006687
-0.011566,0.225738,-0.090382,0.084452,0.104529,0.063545,-0.080297,0.145916,0.211728,0.012899,-0.006687,0.003999
-0.007288,0.225738,0.084452,0.104529,0.063545,-0.080297,0.145916,0.211728,0.012899,-0.006687,0.003999,-0.08881
-0.007028,0.225738,0.104529,0.063545,-0.080297,0.145916,0.211728,0.012899,-0.006687,0.003999,-0.08881,0.064758
-0.007163,0.225738,0.063545,-0.080297,0.145916,0.211728,0.012899,-0.006687,0.003999,-0.08881,0.064758,0.110847
-0.007082,0.225738,-0.080297,0.145916,0.211728,0.012899,-0.006687,0.003999,-0.08881,0.064758,0.110847,0.07512
-0.008872,0.225738,0.145916,0.211728,0.012899,-0.006687,0.003999,-0.08881,0.064758,0.110847,0.07512,-0.07775
-0.007565,0.225738,0.211728,0.012899,-0.006687,0.003999,-0.08881,0.064758,0.110847,0.07512,-0.07775,0.146443
-0.005331,0.225738,0.012899,-0.006687,0.003999,-0.08881,0.064758,0.110847,0.07512,-0.07775,0.146443,0.213775
-0.003822,0.225738,-0.006687,0.003999,-0.08881,0.064758,0.110847,0.07512,-0.07775,0.146443,0.213775,0.010573
-0.005383,0.225738,0.003999,-0.08881,0.064758,0.110847,0.07512,-0.07775,0.146443,0.213775,0.010573,-0.014148
-0.002444,0.225738,-0.08881,0.064758,0.110847,0.07512,-0.07775,0.146443,0.213775,0.010573,-0.014148,0.091092
0.001835,0.225738,0.064758,0.110847,0.07512,-0.07775,0.146443,0.213775,0.010573,-0.014148,0.091092,0.051401
0.002047,0.225738,0.110847,0.07512,-0.07775,0.146443,0.213775,0.010573,-0.014148,0.091092,0.051401,0.141085
0.001764,0.225738,0.07512,-0.07775,0.146443,0.213775,0.010573,-0.014148,0.091092,0.051401,0.141085,0.087812
0.003579,0.237732,-0.07775,0.146443,0.213775,0.010573,-0.014148,0.091092,0.051401,0.141085,0.087812,0.069723
0.004603,0.237732,0.146443,0.213775,0.010573,-0.014148,0.091092,0.051401,0.141085,0.087812,0.069723,-0.108212
0.007409,0.237732,0.213775,0.010573,-0.014148,0.091092,0.051401,0.141085,0.087812,0.069723,-0.108212,0.140579
0.009153,0.237732,0.010573,-0.014148,0.091092,0.051401,0.141085,0.087812,0.069723,-0.108212,0.140579,0.231348
0.010534,0.237732,-0.014148,0.091092,0.051401,0.141085,0.087812,0.069723,-0.108212,0.140579,0.231348,-0.022609
0.008392,0.237732,0.091092,0.051401,0.141085,0.087812,0.069723,-0.108212,0.140579,0.231348,-0.022609,-0.031821
0.011174,0.237732,0.051401,0.141085,0.087812,0.069723,-0.108212,0.140579,0.231348,-0.022609,-0.031821,0.025955
0.015743,0.237732,0.141085,0.087812,0.069723,-0.108212,0.140579,0.231348,-0.022609,-0.031821,0.025955,-0.079806
0.015297,0.237732,0.087812,0.069723,-0.108212,0.140579,0.231348,-0.022609,-0.031821,0.025955,-0.079806,-0.007414
0.01467,0.237732,0.069723,-0.108212,0.140579,0.231348,-0.022609,-0.031821,0.025955,-0.079806,-0.007414,-0.045263
0.015181,0.237732,-0.108212,0.140579,0.231348,-0.022609,-0.031821,0.025955,-0.079806,-0.007414,-0.045263,0.042968
0.013609,0.237732,0.140579,0.231348,-0.022609,-0.031821,0.025955,-0.079806,-0.007414,-0.045263,0.042968,-0.04257
0.013462,0.237732,0.231348,-0.022609,-0.031821,0.025955,-0.079806,-0.007414,-0.045263,0.042968,-0.04257,0.137214
0.012568,0.237732,-0.022609,-0.031821,0.025955,-0.079806,-0.007414,-0.045263,0.042968,-0.04257,0.137214,0.233845
0.013416,0.234863,-0.031821,0.025955,-0.079806,-0.007414,-0.045263,0.042968,-0.04257,0.137214,0.233845,-0.014417
0.012576,0.234863,0.025955,-0.079806,-0.007414,-0.045263,0.042968,-0.04257,0.137214,0.233845,-0.014417,-0.076556
0.015281,0.234863,-0.079806,-0.007414,-0.045263,0.042968,-0.04257,0.137214,0.233845,-0.014417,-0.076556,-0.034844
0.019881,0.234863,-0.007414,-0.045263,0.042968,-0.04257,0.137214,0.233845,-0.014417,-0.076556,-0.034844,0.021475
0.019598,0.234863,-0.045263,0.042968,-0.04257,0.137214,0.233845,-0.014417,-0.076556,-0.034844,0.021475,0.072855
0.018095,0.234863,0.042968,-0.04257,0.137214,0.233845,-0.014417,-0.076556,-0.034844,0.021475,0.072855,-0.060572
0.017411,0.234863,-0.04257,0.137214,0.233845,-0.014417,-0.076556,-0.034844,0.021475,0.072855,-0.060572,0.055622
0.017833,0.234863,0.137214,0.233845,-0.014417,-0.076556,-0.034844,0.021475,0.072855,-0.060572,0.055622,-0.061373
0.019264,0.234863,0.233845,-0.014417,-0.076556,-0.034844,0.021475,0.072855,-0.060572,0.055622,-0.061373,0.152435
0.018074,0.234863,-0.014417,-0.076556,-0.034844,0.021475,0.072855,-0.060572,0.055622,-0.061373,0.152435,0.247417
0.019166,0.234863,-0.076556,-0.034844,0.021475,0.072855,-0.060572,0.055622,-0.061373,0.152435,0.247417,-0.007634
0.017962,0.234863,-0.034844,0.021475,0.072855,-0.060572,0.055622,-0.061373,0.152435,0.247417,-0.007634,-0.001774
0.020951,0.234863,0.021475,0.072855,-0.060572,0.055622,-0.061373,0.152435,0.247417,-0.007634,-0.001774,0.113498
0.025789,0.234863,0.072855,-0.060572,0.055622,-0.061373,0.152435,0.247417,-0.007634,-0.001774,0.113498,0.048804
0.02564,0.234863,-0.060572,0.055622,-0.061373,0.152435,0.247417,-0.007634,-0.001774,0.113498,0.048804,0.098203
0.025606,0.234863,0.055622,-0.061373,0.152435,0.247417,-0.007634,-0.001774,0.113498,0.048804,0.098203,0.112426
0.027815,0.234863,-0.061373,0.152435,0.247417,-0.007634,-0.001774,0.113498,0.048804,0.098203,0.112426,0.05735
0.028763,0.234863,0.152435,0.247417,-0.007634,-0.001774,0.113498,0.048804,0.098203,0.112426,0.05735,-0.075882
0.030672,0.234863,0.247417,-0.007634,-0.001774,0.113498,0.048804,0.098203,0.112426,0.05735,-0.075882,0.095887
0.032853,0.234863,-0.007634,-0.001774,0.113498,0.048804,0.098203,0.112426,0.05735,-0.075882,0.095887,0.002452
0.033963,0.234863,-0.001774,0.113498,0.048804,0.098203,0.112426,0.05735,-0.075882,0.095887,0.002452,-0.153496
0.032496,0.234863,0.113498,0.048804,0.098203,0.112426,0.05735,-0.075882,0.095887,0.002452,-0.153496,-0.047691
0.03435,0.234863,0.048804,0.098203,0.112426,0.05735,-0.075882,0.095887,0.002452,-0.153496,-0.047691,0.037783
0.034398,0.234863,0.098203,0.112426,0.05735,-0.075882,0.095887,0.002452,-0.153496,-0.047691,0.037783,0.043957
0.031423,0.234863,0.112426,0.05735,-0.075882,0.095887,0.002452,-0.153496,-0.047691,0.037783,0.043957,0.048968
0.030498,0.234863,0.05735,-0.075882,0.095887,0.002452,-0.153496,-0.047691,0.037783,0.043957,0.048968,0.247096
0.03123,0.234863,-0.075882,0.095887,0.002452,-0.153496,-0.047691,0.037783,0.043957,0.048968,0.247096,-0.00451
0.032082,0.234863,0.095887,0.002452,-0.153496,-0.047691,0.037783,0.043957,0.048968,0.247096,-0.00451,-0.080126
0.033031,0.234863,0.002452,-0.153496,-0.047691,0.037783,0.043957,0.048968,0.247096,-0.00451,-0.080126,0.122971
0.037808,0.234863,-0.153496,-0.047691,0.037783,0.043957,0.048968,0.247096,-0.00451,-0.080126,0.122971,0.250106
0.037721,0.234863,-0.047691,0.037783,0.043957,0.048968,0.247096,-0.00451,-0.080126,0.122971,0.250106,-0.040747
0.036177,0.234863,0.037783,0.043957,0.048968,0.247096,-0.00451,-0.080126,0.122971,0.250106,-0.040747,0.004608
0.038547,0.229767,0.043957,0.048968,0.247096,-0.00451,-0.080126,0.122971,0.250106,-0.040747,0.004608,0.123155
0.043356,0.229767,0.048968,0.247096,-0.00451,-0.080126,0.122971,0.250106,-0.040747,0.004608,0.123155,0.036054
0.042573,0.229767,0.247096,-0.00451,-0.080126,0.122971,0.250106,-0.040747,0.004608,0.123155,0.036054,0.074828
0.042662,0.229767,-0.00451,-0.080126,0.122971,0.250106,-0.040747,0.004608,0.123155,0.036054,0.074828,0.080943
0.045019,0.229767,-0.080126,0.122971,0.250106,-0.040747,0.004608,0.123155,0.036054,0.074828,0.080943,0.082846
0.045709,0.229767,0.122971,0.250106,-0.040747,0.004608,0.123155,0.036054,0.074828,0.080943,0.082846,-0.108091
0.04714,0.229767,0.250106,-0.040747,0.004608,0.123155,0.036054,0.074828,0.080943,0.082846,-0.108091,0.112156
0.048686,0.229767,-0.040747,0.004608,0.123155,0.036054,0.074828,0.080943,0.082846,-0.108091,0.112156,0.119021
0.050265,0.229767,0.004608,0.123155,0.036054,0.074828,0.080943,0.082846,-0.108091,0.112156,0.119021,-0.137332
0.048206,0.229767,0.123155,0.036054,0.074828,0.080943,0.082846,-0.108091,0.112156,0.119021,-0.137332,-0.056255
0.050343,0.229767,0.036054,0.074828,0.080943,0.082846,-0.108091,0.112156,0.119021,-0.137332,-0.056255,0.105503
0.052608,0.229767,0.074828,0.080943,0.082846,-0.108091,0.112156,0.119021,-0.137332,-0.056255,0.105503,0.050908
0.049993,0.229767,0.080943,0.082846,-0.108091,0.112156,0.119021,-0.137332,-0.056255,0.105503,0.050908,0.108465
0.048921,0.229767,0.082846,-0.108091,0.112156,0.119021,-0.137332,-0.056255,0.105503,0.050908,0.108465,0.071885
0.050929,0.229767,-0.108091,0.112156,0.119021,-0.137332,-0.056255,0.105503,0.050908,0.108465,0.071885,0.042465
0.051897,0.229767,0.112156,0.119021,-0.137332,-0.056255,0.105503,0.050908,0.108465,0.071885,0.042465,-0.063905
0.053958,0.226501,0.119021,-0.137332,-0.056255,0.105503,0.050908,0.108465,0.071885,0.042465,-0.063905,0.104732
0.055323,0.226501,-0.137332,-0.056255,0.105503,0.050908,0.108465,0.071885,0.042465,-0.063905,0.104732,0.224744
0.056127,0.226501,-0.056255,0.105503,0.050908,0.108465,0.071885,0.042465,-0.063905,0.104732,0.224744,-0.053091
0.054918,0.226501,0.105503,0.050908,0.108465,0.071885,0.042465,-0.063905,0.104732,0.224744,-0.053091,-0.072063
0.0569,0.226501,0.050908,0.108465,0.071885,0.042465,-0.063905,0.104732,0.224744,-0.053091,-0.072063,0.000595
0.061147,0.226501,0.108465,0.071885,0.042465,-0.063905,0.104732,0.224744,-0.053091,-0.072063,0.000595,-0.043045
0.060145,0.226501,0.071885,0.042465,-0.063905,0.104732,0.224744,-0.053091,-0.072063,0.000595,-0.043045,0.069025
0.058785,0.226501,0.042465,-0.063905,0.104732,0.224744,-0.053091,-0.072063,0.000595,-0.043045,0.069025,0.095622
0.058796,0.226501,-0.063905,0.104732,0.224744,-0.053091,-0.072063,0.000595,-0.043045,0.069025,0.095622,0.088557
0.057983,0.226501,0.104732,0.224744,-0.053091,-0.072063,0.000595,-0.043045,0.069025,0.095622,0.088557,-0.12483
0.059288,0.226501,0.224744,-0.053091,-0.072063,0.000595,-0.043045,0.069025,0.095622,0.088557,-0.12483,-0.060067
0.061094,0.226501,-0.053091,-0.072063,0.000595,-0.043045,0.069025,0.095622,0.088557,-0.12483,-0.060067,0.179234
0.062762,0.226501,-0.072063,0.000595,-0.043045,0.069025,0.095622,0.088557,-0.12483,-0.060067,0.179234,-0.025212
0.060412,0.226501,0.000595,-0.043045,0.069025,0.095622,0.088557,-0.12483,-0.060067,0.179234,-0.025212,0.030625
0.059279,0.226501,-0.043045,0.069025,0.095622,0.088557,-0.12483,-0.060067,0.179234,-0.025212,0.030625,0.113789
0.06266,0.226501,0.069025,0.095622,0.088557,-0.12483,-0.060067,0.179234,-0.025212,0.030625,0.113789,0.02003
0.062185,0.226501,0.095622,0.088557,-0.12483,-0.060067,0.179234,-0.025212,0.030625,0.113789,0.02003,0.015054
0.062762,0.226501,0.088557,-0.12483,-0.060067,0.179234,-0.025212,0.030625,0.113789,0.02003,0.015054,0.223293
0.064899,0.226501,-0.12483,-0.060067,0.179234,-0.025212,0.030625,0.113789,0.02003,0.015054,0.223293,-0.008423
0.065275,0.226501,-0.060067,0.179234,-0.025212,0.030625,0.113789,0.02003,0.015054,0.223293,-0.008423,-0.102355
0.065558,0.226501,0.179234,-0.025212,0.030625,0.113789,0.02003,0.015054,0.223293,-0.008423,-0.102355,0.163452
0.069745,0.226501,-0.025212,0.030625,0.113789,0.02003,0.015054,0.223293,-0.008423,-0.102355,0.163452,0.191852
0.069587,0.226501,0.030625,0.113789,0.02003,0.015054,0.223293,-0.008423,-0.102355,0.163452,0.191852,-0.091006
0.067673,0.226501,0.113789,0.02003,0.015054,0.223293,-0.008423,-0.102355,0.163452,0.191852,-0.091006,-0.010222
0.070729,0.226501,0.02003,0.015054,0.223293,-0.008423,-0.102355,0.163452,0.191852,-0.091006,-0.010222,0.130716
0.074309,0.226501,0.015054,0.223293,-0.008423,-0.102355,0.163452,0.191852,-0.091006,-0.010222,0.130716,-0.011032
0.072612,0.226501,0.223293,-0.008423,-0.102355,0.163452,0.191852,-0.091006,-0.010222,0.130716,-0.011032,-0.074216
0.072421,0.226501,-0.008423,-0.102355,0.163452,0.191852,-0.091006,-0.010222,0.130716,-0.011032,-0.074216,-0.044666
0.074854,0.226501,-0.102355,0.163452,0.191852,-0.091006,-0.010222,0.130716,-0.011032,-0.074216,-0.044666,-0.046827
0.074649,0.226501,0.163452,0.191852,-0.091006,-0.010222,0.130716,-0.011032,-0.074216,-0.044666,-0.046827,-0.18129
0.073266,0.226501,0.191852,-0.091006,-0.010222,0.130716,-0.011032,-0.074216,-0.044666,-0.046827,-0.18129,0.142527
0.072432,0.226501,-0.091006,-0.010222,0.130716,-0.011032,-0.074216,-0.044666,-0.046827,-0.18129,0.142527,0.149401
0.071559,0.226501,-0.010222,0.130716,-0.011032,-0.074216,-0.044666,-0.046827,-0.18129,0.142527,0.149401,-0.146508
0.068173,0.226501,0.130716,-0.011032,-0.074216,-0.044666,-0.046827,-0.18129,0.142527,0.149401,-0.146508,-0.023725
0.070836,0.226501,-0.011032,-0.074216,-0.044666,-0.046827,-0.18129,0.142527,0.149401,-0.146508,-0.023725,0.033519
0.073625,0.226501,-0.074216,-0.044666,-0.046827,-0.18129,0.142527,0.149401,-0.146508,-0.023725,0.033519,-0.072053
0.07089,0.219605,-0.044666,-0.046827,-0.18129,0.142527,0.149401,-0.146508,-0.023725,0.033519,-0.072053,0.039714
0.070447,0.219605,-0.046827,-0.18129,0.142527,0.149401,-0.146508,-0.023725,0.033519,-0.072053,0.039714,0.110819
0.071072,0.219605,-0.18129,0.142527,0.149401,-0.146508,-0.023725,0.033519,-0.072053,0.039714,0.110819,0.101959
0.069727,0.219605,0.142527,0.149401,-0.146508,-0.023725,0.033519,-0.072053,0.039714,0.110819,0.101959,-0.107533
0.070469,0.219605,0.149401,-0.146508,-0.023725,0.033519,-0.072053,0.039714,0.110819,0.101959,-0.107533,0.111001
0.07254,0.219605,-0.146508,-0.023725,0.033519,-0.072053,0.039714,0.110819,0.101959,-0.107533,0.111001,0.008853
0.074439,0.219605,-0.023725,0.033519,-0.072053,0.039714,0.110819,0.101959,-0.107533,0.111001,0.008853,-0.071795
0.072438,0.219605,0.033519,-0.072053,0.039714,0.110819,0.101959,-0.107533,0.111001,0.008853,-0.071795,0.032371
0.074504,0.219605,-0.072053,0.039714,0.110819,0.101959,-0.107533,0.111001,0.008853,-0.071795,0.032371,0.137156
0.074669,0.219605,0.039714,0.110819,0.101959,-0.107533,0.111001,0.008853,-0.071795,0.032371,0.137156,0.020051
0.073331,0.219605,0.110819,0.101959,-0.107533,0.111001,0.008853,-0.071795,0.032371,0.137156,0.020051,-0.020489
0.073934,0.219605,0.101959,-0.107533,0.111001,0.008853,-0.071795,0.032371,0.137156,0.020051,-0.020489,0.211139
0.076483,0.219605,-0.107533,0.111001,0.008853,-0.071795,0.032371,0.137156,0.020051,-0.020489,0.211139,-0.098403
0.076855,0.219605,0.111001,0.008853,-0.071795,0.032371,0.137156,0.020051,-0.020489,0.211139,-0.098403,-0.153574
0.076474,0.219605,0.008853,-0.071795,0.032371,0.137156,0.020051,-0.020489,0.211139,-0.098403,-0.153574,0.047343
0.080394,0.219605,-0.071795,0.032371,0.137156,0.020051,-0.020489,0.211139,-0.098403,-0.153574,0.047343,0.192555
0.078571,0.219605,0.032371,0.137156,0.020051,-0.020489,0.211139,-0.098403,-0.153574,0.047343,0.192555,-0.035358
0.075722,0.219605,0.137156,0.020051,-0.020489,0.211139,-0.098403,-0.153574,0.047343,0.192555,-0.035358,0.02549
0.076601,0.219605,0.020051,-0.020489,0.211139,-0.098403,-0.153574,0.047343,0.192555,-0.035358,0.02549,0.115786
0.080175,0.218689,-0.020489,0.211139,-0.098403,-0.153574,0.047343,0.192555,-0.035358,0.02549,0.115786,-0.023536
0.079519,0.218689,0.211139,-0.098403,-0.153574,0.047343,0.192555,-0.035358,0.02549,0.115786,-0.023536,0.004456
0.079992,0.218689,-0.098403,-0.153574,0.047343,0.192555,-0.035358,0.02549,0.115786,-0.023536,0.004456,0.112994
0.082132,0.218689,-0.153574,0.047343,0.192555,-0.035358,0.02549,0.115786,-0.023536,0.004456,0.112994,-0.009752
0.081697,0.218689,0.047343,0.192555,-0.035358,0.02549,0.115786,-0.023536,0.004456,0.112994,-0.009752,-0.206999
0.081779,0.218689,0.192555,-0.035358,0.02549,0.115786,-0.023536,0.004456,0.112994,-0.009752,-0.206999,0.106968
0.083868,0.218689,-0.035358,0.02549,0.115786,-0.023536,0.004456,0.112994,-0.009752,-0.206999,0.106968,0.244834
0.083688,0.218689,0.02549,0.115786,-0.023536,0.004456,0.112994,-0.009752,-0.206999,0.106968,0.244834,-0.075527
0.079865,0.218689,0.115786,-0.023536,0.004456,0.112994,-0.009752,-0.206999,0.106968,0.244834,-0.075527,-0.071498
