-0.444677,0.226379,-0.105068,0.007608,0.053368,0.058064,0.045591,0.061684,0.07037,-0.01806,-0.15483,-0.136945
-0.442145,0.226379,0.007608,0.053368,0.058064,0.045591,0.061684,0.07037,-0.01806,-0.15483,-0.136945,0.104615
-0.442793,0.226379,0.053368,0.058064,0.045591,0.061684,0.07037,-0.01806,-0.15483,-0.136945,0.104615,0.081607
-0.448373,0.226379,0.058064,0.045591,0.061684,0.07037,-0.01806,-0.15483,-0.136945,0.104615,0.081607,0.058859
-0.453358,0.226379,0.045591,0.061684,0.07037,-0.01806,-0.15483,-0.136945,0.104615,0.081607,0.058859,0.066914
-0.449541,0.226379,0.061684,0.07037,-0.01806,-0.15483,-0.136945,0.104615,0.081607,0.058859,0.066914,0.062405
-0.446581,0.226654,0.07037,-0.01806,-0.15483,-0.136945,0.104615,0.081607,0.058859,0.066914,0.062405,0.058217
-0.444458,0.226654,-0.01806,-0.15483,-0.136945,0.104615,0.081607,0.058859,0.066914,0.062405,0.058217,0.06453
-0.442057,0.226654,-0.15483,-0.136945,0.104615,0.081607,0.058859,0.066914,0.062405,0.058217,0.06453,0.041309
-0.439826,0.226654,-0.136945,0.104615,0.081607,0.058859,0.066914,0.062405,0.058217,0.06453,0.041309,-0.004534
-0.43775,0.225861,0.104615,0.081607,0.058859,0.066914,0.062405,0.058217,0.06453,0.041309,-0.004534,-0.125253
-0.435457,0.225861,0.081607,0.058859,0.066914,0.062405,0.058217,0.06453,0.041309,-0.004534,-0.125253,0.046287
-0.433995,0.225861,0.058859,0.066914,0.062405,0.058217,0.06453,0.041309,-0.004534,-0.125253,0.046287,0.049627
-0.434155,0.225861,0.066914,0.062405,0.058217,0.06453,0.041309,-0.004534,-0.125253,0.046287,0.049627,0.035134
-0.438597,0.225861,0.062405,0.058217,0.06453,0.041309,-0.004534,-0.125253,0.046287,0.049627,0.035134,0.041059
-0.436949,0.225861,0.058217,0.06453,0.041309,-0.004534,-0.125253,0.046287,0.049627,0.035134,0.041059,0.000121
-0.435188,0.225861,0.06453,0.041309,-0.004534,-0.125253,0.046287,0.049627,0.035134,0.041059,0.000121,-0.118338
-0.433945,0.225861,0.041309,-0.004534,-0.125253,0.046287,0.049627,0.035134,0.041059,0.000121,-0.118338,0.035648
-0.432498,0.225861,-0.004534,-0.125253,0.046287,0.049627,0.035134,0.041059,0.000121,-0.118338,0.035648,0.04444
-0.432493,0.224152,-0.125253,0.046287,0.049627,0.035134,0.041059,0.000121,-0.118338,0.035648,0.04444,0.03965
-0.436682,0.224152,0.046287,0.049627,0.035134,0.041059,0.000121,-0.118338,0.035648,0.04444,0.03965,0.0602
-0.435417,0.224152,0.049627,0.035134,0.041059,0.000121,-0.118338,0.035648,0.04444,0.03965,0.0602,0.071002
-0.433845,0.224152,0.035134,0.041059,0.000121,-0.118338,0.035648,0.04444,0.03965,0.0602,0.071002,0.019102
-0.432447,0.224152,0.041059,0.000121,-0.118338,0.035648,0.04444,0.03965,0.0602,0.071002,0.019102,0.010973
-0.430331,0.224945,0.000121,-0.118338,0.035648,0.04444,0.03965,0.0602,0.071002,0.019102,0.010973,0.036176
-0.427842,0.224945,-0.118338,0.035648,0.04444,0.03965,0.0602,0.071002,0.019102,0.010973,0.036176,0.031134
-0.427174,0.224945,0.035648,0.04444,0.03965,0.0602,0.071002,0.019102,0.010973,0.036176,0.031134,0.040819
-0.426791,0.224945,0.04444,0.03965,0.0602,0.071002,0.019102,0.010973,0.036176,0.031134,0.040819,0.034782
-0.425532,0.224945,0.03965,0.0602,0.071002,0.019102,0.010973,0.036176,0.031134,0.040819,0.034782,0.003916
-0.424449,0.224945,0.0602,0.071002,0.019102,0.010973,0.036176,0.031134,0.040819,0.034782,0.003916,-0.001378
-0.423032,0.224945,0.071002,0.019102,0.010973,0.036176,0.031134,0.040819,0.034782,0.003916,-0.001378,0.012821
-0.421826,0.224945,0.019102,0.010973,0.036176,0.031134,0.040819,0.034782,0.003916,-0.001378,0.012821,-0.02342
-0.421691,0.224945,0.010973,0.036176,0.031134,0.040819,0.034782,0.003916,-0.001378,0.012821,-0.02342,-0.152107
-0.421738,0.223389,0.036176,0.031134,0.040819,0.034782,0.003916,-0.001378,0.012821,-0.02342,-0.152107,-0.02424
-0.421295,0.223389,0.031134,0.040819,0.034782,0.003916,-0.001378,0.012821,-0.02342,-0.152107,-0.02424,0.040896
-0.422106,0.223389,0.040819,0.034782,0.003916,-0.001378,0.012821,-0.02342,-0.152107,-0.02424,0.040896,-0.040817
-0.427399,0.223389,0.034782,0.003916,-0.001378,0.012821,-0.02342,-0.152107,-0.02424,0.040896,-0.040817,-0.144511
-0.428247,0.223389,0.003916,-0.001378,0.012821,-0.02342,-0.152107,-0.02424,0.040896,-0.040817,-0.144511,0.005887
-0.426819,0.223236,-0.001378,0.012821,-0.02342,-0.152107,-0.02424,0.040896,-0.040817,-0.144511,0.005887,0.023853
-0.428244,0.223236,0.012821,-0.02342,-0.152107,-0.02424,0.040896,-0.040817,-0.144511,0.005887,0.023853,0.006618
-0.433325,0.223236,-0.02342,-0.152107,-0.02424,0.040896,-0.040817,-0.144511,0.005887,0.023853,0.006618,0.012441
-0.433118,0.223236,-0.152107,-0.02424,0.040896,-0.040817,-0.144511,0.005887,0.023853,0.006618,0.012441,0.045119
-0.432277,0.223236,-0.02424,0.040896,-0.040817,-0.144511,0.005887,0.023853,0.006618,0.012441,0.045119,0.015926
-0.432044,0.223236,0.040896,-0.040817,-0.144511,0.005887,0.023853,0.006618,0.012441,0.045119,0.015926,-0.01682
-0.431606,0.223236,-0.040817,-0.144511,0.005887,0.023853,0.006618,0.012441,0.045119,0.015926,-0.01682,-0.001402
-0.43002,0.223236,-0.144511,0.005887,0.023853,0.006618,0.012441,0.045119,0.015926,-0.01682,-0.001402,-0.001104
-0.429461,0.223236,0.005887,0.023853,0.006618,0.012441,0.045119,0.015926,-0.01682,-0.001402,-0.001104,0.027393
-0.43005,0.223633,0.023853,0.006618,0.012441,0.045119,0.015926,-0.01682,-0.001402,-0.001104,0.027393,0.019805
-0.4301,0.223633,0.006618,0.012441,0.045119,0.015926,-0.01682,-0.001402,-0.001104,0.027393,0.019805,-0.002591
-0.430138,0.223633,0.012441,0.045119,0.015926,-0.01682,-0.001402,-0.001104,0.027393,0.019805,-0.002591,-0.051693
-0.429177,0.223633,0.045119,0.015926,-0.01682,-0.001402,-0.001104,0.027393,0.019805,-0.002591,-0.051693,-0.161904
-0.428483,0.222473,0.015926,-0.01682,-0.001402,-0.001104,0.027393,0.019805,-0.002591,-0.051693,-0.161904,-0.031039
-0.428574,0.222473,-0.01682,-0.001402,-0.001104,0.027393,0.019805,-0.002591,-0.051693,-0.161904,-0.031039,-0.182732
-0.430384,0.222473,-0.001402,-0.001104,0.027393,0.019805,-0.002591,-0.051693,-0.161904,-0.031039,-0.182732,-0.157672
-0.436094,0.222473,-0.001104,0.027393,0.019805,-0.002591,-0.051693,-0.161904,-0.031039,-0.182732,-0.157672,0.029736
-0.437197,0.222473,0.027393,0.019805,-0.002591,-0.051693,-0.161904,-0.031039,-0.182732,-0.157672,0.029736,0.039811
-0.443735,0.222473,0.019805,-0.002591,-0.051693,-0.161904,-0.031039,-0.182732,-0.157672,0.029736,0.039811,0.041165
-0.449432,0.222473,-0.002591,-0.051693,-0.161904,-0.031039,-0.182732,-0.157672,0.029736,0.039811,0.041165,0.054712
-0.448354,0.222473,-0.051693,-0.161904,-0.031039,-0.182732,-0.157672,0.029736,0.039811,0.041165,0.054712,0.024914
-0.446914,0.222473,-0.161904,-0.031039,-0.182732,-0.157672,0.029736,0.039811,0.041165,0.054712,0.024914,0.024389
-0.445426,0.22467,-0.031039,-0.182732,-0.157672,0.029736,0.039811,0.041165,0.054712,0.024914,0.024389,0.036695
-0.443455,0.22467,-0.182732,-0.157672,0.029736,0.039811,0.041165,0.054712,0.024914,0.024389,0.036695,0.060559
-0.44256,0.22467,-0.157672,0.029736,0.039811,0.041165,0.054712,0.024914,0.024389,0.036695,0.060559,0.039775
-0.441687,0.22467,0.029736,0.039811,0.041165,0.054712,0.024914,0.024389,0.036695,0.060559,0.039775,0.027188
-0.440374,0.223785,0.039811,0.041165,0.054712,0.024914,0.024389,0.036695,0.060559,0.039775,0.027188,0.038363
-0.438213,0.223785,0.041165,0.054712,0.024914,0.024389,0.036695,0.060559,0.039775,0.027188,0.038363,0.025975
-0.436797,0.223785,0.054712,0.024914,0.024389,0.036695,0.060559,0.039775,0.027188,0.038363,0.025975,0.029336
-0.435833,0.223785,0.024914,0.024389,0.036695,0.060559,0.039775,0.027188,0.038363,0.025975,0.029336,0.042881
-0.434476,0.223785,0.024389,0.036695,0.060559,0.039775,0.027188,0.038363,0.025975,0.029336,0.042881,0.017835
-0.433558,0.223785,0.036695,0.060559,0.039775,0.027188,0.038363,0.025975,0.029336,0.042881,0.017835,0.013081
-0.432523,0.223785,0.060559,0.039775,0.027188,0.038363,0.025975,0.029336,0.042881,0.017835,0.013081,0.041631
-0.431012,0.223785,0.039775,0.027188,0.038363,0.025975,0.029336,0.042881,0.017835,0.013081,0.041631,0.060423
-0.430386,0.223785,0.027188,0.038363,0.025975,0.029336,0.042881,0.017835,0.013081,0.041631,0.060423,0.019294
-0.429927,0.223633,0.038363,0.025975,0.029336,0.042881,0.017835,0.013081,0.041631,0.060423,0.019294,0.024189
-0.428469,0.223633,0.025975,0.029336,0.042881,0.017835,0.013081,0.041631,0.060423,0.019294,0.024189,0.043469
-0.426357,0.223633,0.029336,0.042881,0.017835,0.013081,0.041631,0.060423,0.019294,0.024189,0.043469,0.025098
-0.425684,0.223633,0.042881,0.017835,0.013081,0.041631,0.060423,0.019294,0.024189,0.043469,0.025098,-0.020232
-0.424842,0.224548,0.017835,0.013081,0.041631,0.060423,0.019294,0.024189,0.043469,0.025098,-0.020232,-0.117703
-0.423334,0.224548,0.013081,0.041631,0.060423,0.019294,0.024189,0.043469,0.025098,-0.020232,-0.117703,-0.008726
-0.422465,0.224548,0.041631,0.060423,0.019294,0.024189,0.043469,0.025098,-0.020232,-0.117703,-0.008726,0.038091
-0.423167,0.224548,0.060423,0.019294,0.024189,0.043469,0.025098,-0.020232,-0.117703,-0.008726,0.038091,-0.009796
-0.427266,0.224548,0.019294,0.024189,0.043469,0.025098,-0.020232,-0.117703,-0.008726,0.038091,-0.009796,-0.126061
-0.427571,0.224548,0.024189,0.043469,0.025098,-0.020232,-0.117703,-0.008726,0.038091,-0.009796,-0.126061,0.001999
-0.426243,0.224548,0.043469,0.025098,-0.020232,-0.117703,-0.008726,0.038091,-0.009796,-0.126061,0.001999,0.041898
-0.426584,0.224548,0.025098,-0.020232,-0.117703,-0.008726,0.038091,-0.009796,-0.126061,0.001999,0.041898,0.028333
-0.431001,0.224548,-0.020232,-0.117703,-0.008726,0.038091,-0.009796,-0.126061,0.001999,0.041898,0.028333,0.012281
-0.430931,0.224548,-0.117703,-0.008726,0.038091,-0.009796,-0.126061,0.001999,0.041898,0.028333,0.012281,0.039047
-0.429461,0.222717,-0.008726,0.038091,-0.009796,-0.126061,0.001999,0.041898,0.028333,0.012281,0.039047,0.0622
-0.428469,0.222717,0.038091,-0.009796,-0.126061,0.001999,0.041898,0.028333,0.012281,0.039047,0.0622,0.009434
-0.42804,0.222717,-0.009796,-0.126061,0.001999,0.041898,0.028333,0.012281,0.039047,0.0622,0.009434,-0.004672
-0.426675,0.222717,-0.126061,0.001999,0.041898,0.028333,0.012281,0.039047,0.0622,0.009434,-0.004672,0.020503
-0.424507,0.222473,0.001999,0.041898,0.028333,0.012281,0.039047,0.0622,0.009434,-0.004672,0.020503,0.057823
-0.42418,0.222473,0.041898,0.028333,0.012281,0.039047,0.0622,0.009434,-0.004672,0.020503,0.057823,-0.000951
-0.424342,0.222473,0.028333,0.012281,0.039047,0.0622,0.009434,-0.004672,0.020503,0.057823,-0.000951,-0.006359
-0.42363,0.222473,0.012281,0.039047,0.0622,0.009434,-0.004672,0.020503,0.057823,-0.000951,-0.006359,0.014373
-0.421626,0.222473,0.039047,0.0622,0.009434,-0.004672,0.020503,0.057823,-0.000951,-0.006359,0.014373,0.010103
-0.421659,0.222473,0.0622,0.009434,-0.004672,0.020503,0.057823,-0.000951,-0.006359,0.014373,0.010103,0.016451
-0.421879,0.222473,0.009434,-0.004672,0.020503,0.057823,-0.000951,-0.006359,0.014373,0.010103,0.016451,0.027382
-0.421382,0.222473,-0.004672,0.020503,0.057823,-0.000951,-0.006359,0.014373,0.010103,0.016451,0.027382,-0.006653
-0.421033,0.222473,0.020503,0.057823,-0.000951,-0.006359,0.014373,0.010103,0.016451,0.027382,-0.006653,0.005972
-0.420465,0.222473,0.057823,-0.000951,-0.006359,0.014373,0.010103,0.016451,0.027382,-0.006653,0.005972,0.014436
-0.41952,0.221283,-0.000951,-0.006359,0.014373,0.010103,0.016451,0.027382,-0.006653,0.005972,0.014436,0.022665
-0.419749,0.221283,-0.006359,0.014373,0.010103,0.016451,0.027382,-0.006653,0.005972,0.014436,0.022665,-0.007012
-0.419543,0.221283,0.014373,0.010103,0.016451,0.027382,-0.006653,0.005972,0.014436,0.022665,-0.007012,0.007187
-0.419047,0.221283,0.010103,0.016451,0.027382,-0.006653,0.005972,0.014436,0.022665,-0.007012,0.007187,0.017153
-0.418266,0.220245,0.016451,0.027382,-0.006653,0.005972,0.014436,0.022665,-0.007012,0.007187,0.017153,-0.042154
-0.418508,0.220245,0.027382,-0.006653,0.005972,0.014436,0.022665,-0.007012,0.007187,0.017153,-0.042154,-0.148059
-0.418261,0.220245,-0.006653,0.005972,0.014436,0.022665,-0.007012,0.007187,0.017153,-0.042154,-0.148059,-0.001609
-0.417672,0.220245,0.005972,0.014436,0.022665,-0.007012,0.007187,0.017153,-0.042154,-0.148059,-0.001609,0.008555
-0.41912,0.220245,0.014436,0.022665,-0.007012,0.007187,0.017153,-0.042154,-0.148059,-0.001609,0.008555,0.001009
-0.424244,0.220245,0.022665,-0.007012,0.007187,0.017153,-0.042154,-0.148059,-0.001609,0.008555,0.001009,0.009743
-0.4243,0.220245,-0.007012,0.007187,0.017153,-0.042154,-0.148059,-0.001609,0.008555,0.001009,0.009743,0.035546
-0.424003,0.220245,0.007187,0.017153,-0.042154,-0.148059,-0.001609,0.008555,0.001009,0.009743,0.035546,0.001435
-0.423968,0.220245,0.017153,-0.042154,-0.148059,-0.001609,0.008555,0.001009,0.009743,0.035546,0.001435,0.00087
-0.42363,0.220764,-0.042154,-0.148059,-0.001609,0.008555,0.001009,0.009743,0.035546,0.001435,0.00087,0.003148
-0.422397,0.220764,-0.148059,-0.001609,0.008555,0.001009,0.009743,0.035546,0.001435,0.00087,0.003148,0.010688
-0.422348,0.220764,-0.001609,0.008555,0.001009,0.009743,0.035546,0.001435,0.00087,0.003148,0.010688,0.033067
-0.422317,0.220764,0.008555,0.001009,0.009743,0.035546,0.001435,0.00087,0.003148,0.010688,0.033067,0.013341
-0.422209,0.221283,0.001009,0.009743,0.035546,0.001435,0.00087,0.003148,0.010688,0.033067,0.013341,-0.023069
-0.421839,0.221283,0.009743,0.035546,0.001435,0.00087,0.003148,0.010688,0.033067,0.013341,-0.023069,-0.005629
-0.420695,0.221283,0.035546,0.001435,0.00087,0.003148,0.010688,0.033067,0.013341,-0.023069,-0.005629,0.01041
-0.420235,0.221283,0.001435,0.00087,0.003148,0.010688,0.033067,0.013341,-0.023069,-0.005629,0.01041,0.031058
-0.421031,0.221283,0.00087,0.003148,0.010688,0.033067,0.013341,-0.023069,-0.005629,0.01041,0.031058,-0.011563
-0.421225,0.221283,0.003148,0.010688,0.033067,0.013341,-0.023069,-0.005629,0.01041,0.031058,-0.011563,-0.005438
-0.420866,0.221283,0.010688,0.033067,0.013341,-0.023069,-0.005629,0.01041,0.031058,-0.011563,-0.005438,0.011137
-0.419793,0.221283,0.033067,0.013341,-0.023069,-0.005629,0.01041,0.031058,-0.011563,-0.005438,0.011137,0.001278
-0.420193,0.221283,0.013341,-0.023069,-0.005629,0.01041,0.031058,-0.011563,-0.005438,0.011137,0.001278,0.009481
-0.42038,0.221283,-0.023069,-0.005629,0.01041,0.031058,-0.011563,-0.005438,0.011137,0.001278,0.009481,0.022317
-0.419996,0.222473,-0.005629,0.01041,0.031058,-0.011563,-0.005438,0.011137,0.001278,0.009481,0.022317,-0.004812
-0.419952,0.222473,0.01041,0.031058,-0.011563,-0.005438,0.011137,0.001278,0.009481,0.022317,-0.004812,0.000779
-0.419625,0.222473,0.031058,-0.011563,-0.005438,0.011137,0.001278,0.009481,0.022317,-0.004812,0.000779,0.005552
-0.418856,0.222473,-0.011563,-0.005438,0.011137,0.001278,0.009481,0.022317,-0.004812,0.000779,0.005552,0.033448
-0.419022,0.222473,-0.005438,0.011137,0.001278,0.009481,0.022317,-0.004812,0.000779,0.005552,0.033448,-0.00055
-0.418995,0.222076,0.011137,0.001278,0.009481,0.022317,-0.004812,0.000779,0.005552,0.033448,-0.00055,-0.044157
-0.418804,0.222076,0.001278,0.009481,0.022317,-0.004812,0.000779,0.005552,0.033448,-0.00055,-0.044157,-0.147279
-0.417653,0.222076,0.009481,0.022317,-0.004812,0.000779,0.005552,0.033448,-0.00055,-0.044157,-0.147279,-0.057995
-0.417672,0.222076,0.022317,-0.004812,0.000779,0.005552,0.033448,-0.00055,-0.044157,-0.147279,-0.057995,-0.11042
-0.41919,0.222076,-0.004812,0.000779,0.005552,0.033448,-0.00055,-0.044157,-0.147279,-0.057995,-0.11042,0.018806
-0.42428,0.222076,0.000779,0.005552,0.033448,-0.00055,-0.044157,-0.147279,-0.057995,-0.11042,0.018806,0.020073
-0.426297,0.222076,0.005552,0.033448,-0.00055,-0.044157,-0.147279,-0.057995,-0.11042,0.018806,0.020073,0.00736
-0.430162,0.222076,0.033448,-0.00055,-0.044157,-0.147279,-0.057995,-0.11042,0.018806,0.020073,0.00736,-0.005825
-0.429501,0.222076,-0.00055,-0.044157,-0.147279,-0.057995,-0.11042,0.018806,0.020073,0.00736,-0.005825,-0.066873
-0.428798,0.222199,-0.044157,-0.147279,-0.057995,-0.11042,0.018806,0.020073,0.00736,-0.005825,-0.066873,-0.182439
-0.428541,0.222199,-0.147279,-0.057995,-0.11042,0.018806,0.020073,0.00736,-0.005825,-0.066873,-0.182439,-0.010853
-0.428744,0.222199,-0.057995,-0.11042,0.018806,0.020073,0.00736,-0.005825,-0.066873,-0.182439,-0.010853,0.080086
-0.431092,0.222199,-0.11042,0.018806,0.020073,0.00736,-0.005825,-0.066873,-0.182439,-0.010853,0.080086,0.026758
-0.437549,0.222199,0.018806,0.020073,0.00736,-0.005825,-0.066873,-0.182439,-0.010853,0.080086,0.026758,0.038936
-0.437935,0.221954,0.020073,0.00736,-0.005825,-0.066873,-0.182439,-0.010853,0.080086,0.026758,0.038936,-0.033273
-0.435095,0.221954,0.00736,-0.005825,-0.066873,-0.182439,-0.010853,0.080086,0.026758,0.038936,-0.033273,-0.145362
-0.434149,0.221954,-0.005825,-0.066873,-0.182439,-0.010853,0.080086,0.026758,0.038936,-0.033273,-0.145362,-0.017147
-0.432774,0.221954,-0.066873,-0.182439,-0.010853,0.080086,0.026758,0.038936,-0.033273,-0.145362,-0.017147,0.036474
-0.433949,0.221954,-0.182439,-0.010853,0.080086,0.026758,0.038936,-0.033273,-0.145362,-0.017147,0.036474,0.051619
-0.439108,0.221954,-0.010853,0.080086,0.026758,0.038936,-0.033273,-0.145362,-0.017147,0.036474,0.051619,0.043822
-0.43972,0.221954,0.080086,0.026758,0.038936,-0.033273,-0.145362,-0.017147,0.036474,0.051619,0.043822,0.022693
-0.43842,0.221954,0.026758,0.038936,-0.033273,-0.145362,-0.017147,0.036474,0.051619,0.043822,0.022693,0.045283
-0.436583,0.221954,0.038936,-0.033273,-0.145362,-0.017147,0.036474,0.051619,0.043822,0.022693,0.045283,0.024167
-0.435028,0.223908,-0.033273,-0.145362,-0.017147,0.036474,0.051619,0.043822,0.022693,0.045283,0.024167,0.037016
-0.434226,0.223908,-0.145362,-0.017147,0.036474,0.051619,0.043822,0.022693,0.045283,0.024167,0.037016,0.05999
-0.432629,0.223908,-0.017147,0.036474,0.051619,0.043822,0.022693,0.045283,0.024167,0.037016,0.05999,0.047864
-0.431778,0.223908,0.036474,0.051619,0.043822,0.022693,0.045283,0.024167,0.037016,0.05999,0.047864,0.020181
-0.430476,0.223908,0.051619,0.043822,0.022693,0.045283,0.024167,0.037016,0.05999,0.047864,0.020181,0.030775
-0.428371,0.223908,0.043822,0.022693,0.045283,0.024167,0.037016,0.05999,0.047864,0.020181,0.030775,0.064388
-0.426699,0.223908,0.022693,0.045283,0.024167,0.037016,0.05999,0.047864,0.020181,0.030775,0.064388,0.018565
-0.425996,0.223908,0.045283,0.024167,0.037016,0.05999,0.047864,0.020181,0.030775,0.064388,0.018565,0.011463
-0.424925,0.223908,0.024167,0.037016,0.05999,0.047864,0.020181,0.030775,0.064388,0.018565,0.011463,0.032338
-0.422689,0.223908,0.037016,0.05999,0.047864,0.020181,0.030775,0.064388,0.018565,0.011463,0.032338,0.027215
-0.422045,0.223908,0.05999,0.047864,0.020181,0.030775,0.064388,0.018565,0.011463,0.032338,0.027215,0.037337
-0.421649,0.223908,0.047864,0.020181,0.030775,0.064388,0.018565,0.011463,0.032338,0.027215,0.037337,-0.011915
-0.420533,0.223908,0.020181,0.030775,0.064388,0.018565,0.011463,0.032338,0.027215,0.037337,-0.011915,-0.127747
-0.419595,0.223908,0.030775,0.064388,0.018565,0.011463,0.032338,0.027215,0.037337,-0.011915,-0.127747,-0.012789
-0.418309,0.223236,0.064388,0.018565,0.011463,0.032338,0.027215,0.037337,-0.011915,-0.127747,-0.012789,0.041644
-0.418719,0.223236,0.018565,0.011463,0.032338,0.027215,0.037337,-0.011915,-0.127747,-0.012789,0.041644,0.059422
-0.42313,0.223236,0.011463,0.032338,0.027215,0.037337,-0.011915,-0.127747,-0.012789,0.041644,0.059422,0.034487
-0.423573,0.223236,0.032338,0.027215,0.037337,-0.011915,-0.127747,-0.012789,0.041644,0.059422,0.034487,0.03056
-0.422131,0.223389,0.027215,0.037337,-0.011915,-0.127747,-0.012789,0.041644,0.059422,0.034487,0.03056,-0.003836
-0.420077,0.223389,0.037337,-0.011915,-0.127747,-0.012789,0.041644,0.059422,0.034487,0.03056,-0.003836,-0.126209
-0.418888,0.223389,-0.011915,-0.127747,-0.012789,0.041644,0.059422,0.034487,0.03056,-0.003836,-0.126209,0.004055
-0.417837,0.223389,-0.127747,-0.012789,0.041644,0.059422,0.034487,0.03056,-0.003836,-0.126209,0.004055,0.079052
-0.417969,0.223389,-0.012789,0.041644,0.059422,0.034487,0.03056,-0.003836,-0.126209,0.004055,0.079052,0.043697
-0.422319,0.223389,0.041644,0.059422,0.034487,0.03056,-0.003836,-0.126209,0.004055,0.079052,0.043697,0.008212
-0.422179,0.223389,0.059422,0.034487,0.03056,-0.003836,-0.126209,0.004055,0.079052,0.043697,0.008212,0.027848
-0.419446,0.223389,0.034487,0.03056,-0.003836,-0.126209,0.004055,0.079052,0.043697,0.008212,0.027848,0.052419
-0.417943,0.223389,0.03056,-0.003836,-0.126209,0.004055,0.079052,0.043697,0.008212,0.027848,0.052419,0.015166
-0.417661,0.223389,-0.003836,-0.126209,0.004055,0.079052,0.043697,0.008212,0.027848,0.052419,0.015166,0.008753
-0.416706,0.221558,-0.126209,0.004055,0.079052,0.043697,0.008212,0.027848,0.052419,0.015166,0.008753,0.028004
-0.41491,0.221558,0.004055,0.079052,0.043697,0.008212,0.027848,0.052419,0.015166,0.008753,0.028004,0.032177
-0.414391,0.221558,0.079052,0.043697,0.008212,0.027848,0.052419,0.015166,0.008753,0.028004,0.032177,0.026026
-0.414093,0.221558,0.043697,0.008212,0.027848,0.052419,0.015166,0.008753,0.028004,0.032177,0.026026,0.029638
-0.413138,0.221436,0.008212,0.027848,0.052419,0.015166,0.008753,0.028004,0.032177,0.026026,0.029638,0.006859
-0.412044,0.221436,0.027848,0.052419,0.015166,0.008753,0.028004,0.032177,0.026026,0.029638,0.006859,-0.007768
-0.411158,0.221436,0.052419,0.015166,0.008753,0.028004,0.032177,0.026026,0.029638,0.006859,-0.007768,0.015824
-0.410151,0.221436,0.015166,0.008753,0.028004,0.032177,0.026026,0.029638,0.006859,-0.007768,0.015824,0.043335
-0.409919,0.221436,0.008753,0.028004,0.032177,0.026026,0.029638,0.006859,-0.007768,0.015824,0.043335,0.005849
-0.410182,0.221436,0.028004,0.032177,0.026026,0.029638,0.006859,-0.007768,0.015824,0.043335,0.005849,-0.006613
-0.409646,0.221436,0.032177,0.026026,0.029638,0.006859,-0.007768,0.015824,0.043335,0.005849,-0.006613,0.013286
-0.408179,0.221436,0.026026,0.029638,0.006859,-0.007768,0.015824,0.043335,0.005849,-0.006613,0.013286,0.005858
-0.407981,0.221436,0.029638,0.006859,-0.007768,0.015824,0.043335,0.005849,-0.006613,0.013286,0.005858,0.017301
-0.408204,0.221436,0.006859,-0.007768,0.015824,0.043335,0.005849,-0.006613,0.013286,0.005858,0.017301,0.016349
-0.407756,0.219208,-0.007768,0.015824,0.043335,0.005849,-0.006613,0.013286,0.005858,0.017301,0.016349,-0.055082
-0.407558,0.219208,0.015824,0.043335,0.005849,-0.006613,0.013286,0.005858,0.017301,0.016349,-0.055082,-0.156529
-0.406974,0.219208,0.043335,0.005849,-0.006613,0.013286,0.005858,0.017301,0.016349,-0.055082,-0.156529,-0.0275
-0.406422,0.219208,0.005849,-0.006613,0.013286,0.005858,0.017301,0.016349,-0.055082,-0.156529,-0.0275,-0.000842
-0.408281,0.219208,-0.006613,0.013286,0.005858,0.017301,0.016349,-0.055082,-0.156529,-0.0275,-0.000842,-0.141748
-0.413591,0.218933,0.013286,0.005858,0.017301,0.016349,-0.055082,-0.156529,-0.0275,-0.000842,-0.141748,-0.02466
-0.414529,0.218933,0.005858,0.017301,0.016349,-0.055082,-0.156529,-0.0275,-0.000842,-0.141748,-0.02466,0.03289
-0.414557,0.218933,0.017301,0.016349,-0.055082,-0.156529,-0.0275,-0.000842,-0.141748,-0.02466,0.03289,0.011075
-0.419425,0.218933,0.016349,-0.055082,-0.156529,-0.0275,-0.000842,-0.141748,-0.02466,0.03289,0.011075,0.015926
-0.420275,0.218933,-0.055082,-0.156529,-0.0275,-0.000842,-0.141748,-0.02466,0.03289,0.011075,0.015926,0.026533
-0.419143,0.218933,-0.156529,-0.0275,-0.000842,-0.141748,-0.02466,0.03289,0.011075,0.015926,0.026533,0.007277
-0.418762,0.218933,-0.0275,-0.000842,-0.141748,-0.02466,0.03289,0.011075,0.015926,0.026533,0.007277,-0.000432
-0.418213,0.218933,-0.000842,-0.141748,-0.02466,0.03289,0.011075,0.015926,0.026533,0.007277,-0.000432,-0.033384
-0.417301,0.218933,-0.141748,-0.02466,0.03289,0.011075,0.015926,0.026533,0.007277,-0.000432,-0.033384,-0.13742
-0.417051,0.218933,-0.02466,0.03289,0.011075,0.015926,0.026533,0.007277,-0.000432,-0.033384,-0.13742,-0.008173
-0.417066,0.218048,0.03289,0.011075,0.015926,0.026533,0.007277,-0.000432,-0.033384,-0.13742,-0.008173,0.012851
-0.418212,0.218048,0.011075,0.015926,0.026533,0.007277,-0.000432,-0.033384,-0.13742,-0.008173,0.012851,0.016407
-0.422959,0.218048,0.015926,0.026533,0.007277,-0.000432,-0.033384,-0.13742,-0.008173,0.012851,0.016407,0.017037
-0.423242,0.218048,0.026533,0.007277,-0.000432,-0.033384,-0.13742,-0.008173,0.012851,0.016407,0.017037,0.015824
-0.422797,0.218933,0.007277,-0.000432,-0.033384,-0.13742,-0.008173,0.012851,0.016407,0.017037,0.015824,0.029405
-0.422229,0.218933,-0.000432,-0.033384,-0.13742,-0.008173,0.012851,0.016407,0.017037,0.015824,0.029405,0.007681
-0.42164,0.218933,-0.033384,-0.13742,-0.008173,0.012851,0.016407,0.017037,0.015824,0.029405,0.007681,-0.009621
-0.421093,0.218933,-0.13742,-0.008173,0.012851,0.016407,0.017037,0.015824,0.029405,0.007681,-0.009621,0.023279
-0.420077,0.218933,-0.008173,0.012851,0.016407,0.017037,0.015824,0.029405,0.007681,-0.009621,0.023279,0.055531
-0.419812,0.218933,0.012851,0.016407,0.017037,0.015824,0.029405,0.007681,-0.009621,0.023279,0.055531,0.003158
-0.420144,0.218933,0.016407,0.017037,0.015824,0.029405,0.007681,-0.009621,0.023279,0.055531,0.003158,0.004796
-0.419342,0.218933,0.017037,0.015824,0.029405,0.007681,-0.009621,0.023279,0.055531,0.003158,0.004796,0.018507
-0.417431,0.218933,0.015824,0.029405,0.007681,-0.009621,0.023279,0.055531,0.003158,0.004796,0.018507,0.006792
-0.417322,0.218933,0.029405,0.007681,-0.009621,0.023279,0.055531,0.003158,0.004796,0.018507,0.006792,0.021926
-0.417158,0.220001,0.007681,-0.009621,0.023279,0.055531,0.003158,0.004796,0.018507,0.006792,0.021926,0.026978
-0.416524,0.220001,-0.009621,0.023279,0.055531,0.003158,0.004796,0.018507,0.006792,0.021926,0.026978,0.006222
-0.416291,0.220001,0.023279,0.055531,0.003158,0.004796,0.018507,0.006792,0.021926,0.026978,0.006222,-0.005754
-0.41554,0.219605,0.055531,0.003158,0.004796,0.018507,0.006792,0.021926,0.026978,0.006222,-0.005754,0.009944
-0.414616,0.219605,0.003158,0.004796,0.018507,0.006792,0.021926,0.026978,0.006222,-0.005754,0.009944,0.040647
-0.414404,0.219605,0.004796,0.018507,0.006792,0.021926,0.026978,0.006222,-0.005754,0.009944,0.040647,0.007157
-0.4146,0.219605,0.018507,0.006792,0.021926,0.026978,0.006222,-0.005754,0.009944,0.040647,0.007157,0.00002
-0.414261,0.219605,0.006792,0.021926,0.026978,0.006222,-0.005754,0.009944,0.040647,0.007157,0.00002,0.007223
-0.412874,0.219605,0.021926,0.026978,0.006222,-0.005754,0.009944,0.040647,0.007157,0.00002,0.007223,-0.004612
-0.41263,0.219605,0.026978,0.006222,-0.005754,0.009944,0.040647,0.007157,0.00002,0.007223,-0.004612,0.015198
-0.412629,0.219605,0.006222,-0.005754,0.009944,0.040647,0.007157,0.00002,0.007223,-0.004612,0.015198,-0.029503
-0.412383,0.219605,-0.005754,0.009944,0.040647,0.007157,0.00002,0.007223,-0.004612,0.015198,-0.029503,-0.147049
-0.41254,0.219605,0.009944,0.040647,0.007157,0.00002,0.007223,-0.004612,0.015198,-0.029503,-0.147049,-0.048063
-0.412023,0.219605,0.040647,0.007157,0.00002,0.007223,-0.004612,0.015198,-0.029503,-0.147049,-0.048063,0.034373
-0.413028,0.219605,0.007157,0.00002,0.007223,-0.004612,0.015198,-0.029503,-0.147049,-0.048063,0.034373,-0.006459
-0.418059,0.219605,0.00002,0.007223,-0.004612,0.015198,-0.029503,-0.147049,-0.048063,0.034373,-0.006459,-0.145122
-0.419712,0.219605,0.007223,-0.004612,0.015198,-0.029503,-0.147049,-0.048063,0.034373,-0.006459,-0.145122,-0.061975
-0.418529,0.219605,-0.004612,0.015198,-0.029503,-0.147049,-0.048063,0.034373,-0.006459,-0.145122,-0.061975,-0.10785
-0.418752,0.219086,0.015198,-0.029503,-0.147049,-0.048063,0.034373,-0.006459,-0.145122,-0.061975,-0.10785,-0.004308
-0.423772,0.219086,-0.029503,-0.147049,-0.048063,0.034373,-0.006459,-0.145122,-0.061975,-0.10785,-0.004308,0.0475
-0.425927,0.219086,-0.147049,-0.048063,0.034373,-0.006459,-0.145122,-0.061975,-0.10785,-0.004308,0.0475,0.049587
-0.429693,0.219086,-0.048063,0.034373,-0.006459,-0.145122,-0.061975,-0.10785,-0.004308,0.0475,0.049587,0.038905
-0.429844,0.219086,0.034373,-0.006459,-0.145122,-0.061975,-0.10785,-0.004308,0.0475,0.049587,0.038905,0.002776
-0.428179,0.219086,-0.006459,-0.145122,-0.061975,-0.10785,-0.004308,0.0475,0.049587,0.038905,0.002776,0.01598
-0.426445,0.219086,-0.145122,-0.061975,-0.10785,-0.004308,0.0475,0.049587,0.038905,0.002776,0.01598,0.047114
-0.425091,0.219086,-0.061975,-0.10785,-0.004308,0.0475,0.049587,0.038905,0.002776,0.01598,0.047114,-0.022833
-0.424994,0.219086,-0.10785,-0.004308,0.0475,0.049587,0.038905,0.002776,0.01598,0.047114,-0.022833,-0.127671
-0.424439,0.219605,-0.004308,0.0475,0.049587,0.038905,0.002776,0.01598,0.047114,-0.022833,-0.127671,0.027382
-0.422803,0.219605,0.0475,0.049587,0.038905,0.002776,0.01598,0.047114,-0.022833,-0.127671,0.027382,0.046028
-0.423595,0.219605,0.049587,0.038905,0.002776,0.01598,0.047114,-0.022833,-0.127671,0.027382,0.046028,-0.013885
-0.428042,0.219605,0.038905,0.002776,0.01598,0.047114,-0.022833,-0.127671,0.027382,0.046028,-0.013885,-0.105959
-0.427086,0.219605,0.002776,0.01598,0.047114,-0.022833,-0.127671,0.027382,0.046028,-0.013885,-0.105959,0.001152
-0.425483,0.219208,0.01598,0.047114,-0.022833,-0.127671,0.027382,0.046028,-0.013885,-0.105959,0.001152,0.035611
-0.425967,0.219208,0.047114,-0.022833,-0.127671,0.027382,0.046028,-0.013885,-0.105959,0.001152,0.035611,0.039278
-0.429674,0.219208,-0.022833,-0.127671,0.027382,0.046028,-0.013885,-0.105959,0.001152,0.035611,0.039278,0.068534
-0.429634,0.219208,-0.127671,0.027382,0.046028,-0.013885,-0.105959,0.001152,0.035611,0.039278,0.068534,0.039534
-0.428387,0.219208,0.027382,0.046028,-0.013885,-0.105959,0.001152,0.035611,0.039278,0.068534,0.039534,0.055717
-0.427016,0.219208,0.046028,-0.013885,-0.105959,0.001152,0.035611,0.039278,0.068534,0.039534,0.055717,0.047062
-0.424627,0.219208,-0.013885,-0.105959,0.001152,0.035611,0.039278,0.068534,0.039534,0.055717,0.047062,0.029767
-0.423253,0.219208,-0.105959,0.001152,0.035611,0.039278,0.068534,0.039534,0.055717,0.047062,0.029767,0.053527
-0.421324,0.219208,0.001152,0.035611,0.039278,0.068534,0.039534,0.055717,0.047062,0.029767,0.053527,0.066379
-0.419701,0.220001,0.035611,0.039278,0.068534,0.039534,0.055717,0.047062,0.029767,0.053527,0.066379,0.021955
-0.418677,0.220001,0.039278,0.068534,0.039534,0.055717,0.047062,0.029767,0.053527,0.066379,0.021955,0.010642
-0.416837,0.220001,0.068534,0.039534,0.055717,0.047062,0.029767,0.053527,0.066379,0.021955,0.010642,0.033087
-0.414563,0.220001,0.039534,0.055717,0.047062,0.029767,0.053527,0.066379,0.021955,0.010642,0.033087,0.058515
-0.413813,0.219086,0.055717,0.047062,0.029767,0.053527,0.066379,0.021955,0.010642,0.033087,0.058515,0.015336
-0.413451,0.219086,0.047062,0.029767,0.053527,0.066379,0.021955,0.010642,0.033087,0.058515,0.015336,0.024614
-0.412324,0.219086,0.029767,0.053527,0.066379,0.021955,0.010642,0.033087,0.058515,0.015336,0.024614,0.02977
-0.410335,0.219086,0.053527,0.066379,0.021955,0.010642,0.033087,0.058515,0.015336,0.024614,0.02977,0.018539
-0.409814,0.219086,0.066379,0.021955,0.010642,0.033087,0.058515,0.015336,0.024614,0.02977,0.018539,0.036219
-0.408981,0.219086,0.021955,0.010642,0.033087,0.058515,0.015336,0.024614,0.02977,0.018539,0.036219,0.041402
-0.407975,0.219086,0.010642,0.033087,0.058515,0.015336,0.024614,0.02977,0.018539,0.036219,0.041402,-0.034538
-0.40735,0.219086,0.033087,0.058515,0.015336,0.024614,0.02977,0.018539,0.036219,0.041402,-0.034538,-0.135346
-0.406128,0.219086,0.058515,0.015336,0.024614,0.02977,0.018539,0.036219,0.041402,-0.034538,-0.135346,-0.011112
-0.404734,0.219086,0.015336,0.024614,0.02977,0.018539,0.036219,0.041402,-0.034538,-0.135346,-0.011112,0.072109
-0.405895,0.219086,0.024614,0.02977,0.018539,0.036219,0.041402,-0.034538,-0.135346,-0.011112,0.072109,0.025594
-0.410465,0.21698,0.02977,0.018539,0.036219,0.041402,-0.034538,-0.135346,-0.011112,0.072109,0.025594,0.00705
-0.410842,0.21698,0.018539,0.036219,0.041402,-0.034538,-0.135346,-0.011112,0.072109,0.025594,0.00705,0.026115
-0.408397,0.21698,0.036219,0.041402,-0.034538,-0.135346,-0.011112,0.072109,0.025594,0.00705,0.026115,0.016998
-0.407532,0.21698,0.041402,-0.034538,-0.135346,-0.011112,0.072109,0.025594,0.00705,0.026115,0.016998,0.035435
-0.407294,0.21698,-0.034538,-0.135346,-0.011112,0.072109,0.025594,0.00705,0.026115,0.016998,0.035435,0.030496
-0.406414,0.217377,-0.135346,-0.011112,0.072109,0.025594,0.00705,0.026115,0.016998,0.035435,0.030496,0.010664
-0.405842,0.217377,-0.011112,0.072109,0.025594,0.00705,0.026115,0.016998,0.035435,0.030496,0.010664,-0.001645
-0.40465,0.217377,0.072109,0.025594,0.00705,0.026115,0.016998,0.035435,0.030496,0.010664,-0.001645,0.014504
-0.403625,0.217377,0.025594,0.00705,0.026115,0.016998,0.035435,0.030496,0.010664,-0.001645,0.014504,0.027822
-0.403268,0.217377,0.00705,0.026115,0.016998,0.035435,0.030496,0.010664,-0.001645,0.014504,0.027822,-0.011795
-0.403323,0.217377,0.026115,0.016998,0.035435,0.030496,0.010664,-0.001645,0.014504,0.027822,-0.011795,-0.008584
-0.402837,0.217377,0.016998,0.035435,0.030496,0.010664,-0.001645,0.014504,0.027822,-0.011795,-0.008584,-0.043549
-0.401905,0.217377,0.035435,0.030496,0.010664,-0.001645,0.014504,0.027822,-0.011795,-0.008584,-0.043549,-0.148469
-0.4023,0.217377,0.030496,0.010664,-0.001645,0.014504,0.027822,-0.011795,-0.008584,-0.043549,-0.148469,-0.007877
-0.402587,0.217377,0.010664,-0.001645,0.014504,0.027822,-0.011795,-0.008584,-0.043549,-0.148469,-0.007877,-0.008363
-0.404046,0.214508,-0.001645,0.014504,0.027822,-0.011795,-0.008584,-0.043549,-0.148469,-0.007877,-0.008363,-0.127823
-0.409046,0.214508,0.014504,0.027822,-0.011795,-0.008584,-0.043549,-0.148469,-0.007877,-0.008363,-0.127823,-0.024309
-0.409313,0.214508,0.027822,-0.011795,-0.008584,-0.043549,-0.148469,-0.007877,-0.008363,-0.127823,-0.024309,0.045842
-0.409597,0.214508,-0.011795,-0.008584,-0.043549,-0.148469,-0.007877,-0.008363,-0.127823,-0.024309,0.045842,0.048754
-0.413942,0.21582,-0.008584,-0.043549,-0.148469,-0.007877,-0.008363,-0.127823,-0.024309,0.045842,0.048754,0.007562
-0.414772,0.21582,-0.043549,-0.148469,-0.007877,-0.008363,-0.127823,-0.024309,0.045842,0.048754,0.007562,0.011251
-0.413208,0.21582,-0.148469,-0.007877,-0.008363,-0.127823,-0.024309,0.045842,0.048754,0.007562,0.011251,0.033001
-0.411548,0.21582,-0.007877,-0.008363,-0.127823,-0.024309,0.045842,0.048754,0.007562,0.011251,0.033001,0.017133
-0.41129,0.21582,-0.008363,-0.127823,-0.024309,0.045842,0.048754,0.007562,0.011251,0.033001,0.017133,0.014655
-0.410908,0.21582,-0.127823,-0.024309,0.045842,0.048754,0.007562,0.011251,0.033001,0.017133,0.014655,0.037865
-0.40979,0.21582,-0.024309,0.045842,0.048754,0.007562,0.011251,0.033001,0.017133,0.014655,0.037865,0.029581
-0.40921,0.21582,0.045842,0.048754,0.007562,0.011251,0.033001,0.017133,0.014655,0.037865,0.029581,0.014408
-0.408714,0.21582,0.048754,0.007562,0.011251,0.033001,0.017133,0.014655,0.037865,0.029581,0.014408,0.035793
-0.407433,0.21582,0.007562,0.011251,0.033001,0.017133,0.014655,0.037865,0.029581,0.014408,0.035793,0.050819
-0.406436,0.21463,0.011251,0.033001,0.017133,0.014655,0.037865,0.029581,0.014408,0.035793,0.050819,0.01014
-0.405951,0.21463,0.033001,0.017133,0.014655,0.037865,0.029581,0.014408,0.035793,0.050819,0.01014,0.012085
-0.404748,0.21463,0.017133,0.014655,0.037865,0.029581,0.014408,0.035793,0.050819,0.01014,0.012085,-0.024994
-0.403042,0.21463,0.014655,0.037865,0.029581,0.014408,0.035793,0.050819,0.01014,0.012085,-0.024994,-0.122535
-0.402702,0.21463,0.037865,0.029581,0.014408,0.035793,0.050819,0.01014,0.012085,-0.024994,-0.122535,0.012755
-0.402297,0.212952,0.029581,0.014408,0.035793,0.050819,0.01014,0.012085,-0.024994,-0.122535,0.012755,0.056998
-0.403133,0.212952,0.014408,0.035793,0.050819,0.01014,0.012085,-0.024994,-0.122535,0.012755,0.056998,-0.046299
-0.407251,0.212952,0.035793,0.050819,0.01014,0.012085,-0.024994,-0.122535,0.012755,0.056998,-0.046299,-0.117349
-0.40682,0.212952,0.050819,0.01014,0.012085,-0.024994,-0.122535,0.012755,0.056998,-0.046299,-0.117349,0.021599
-0.4049,0.212952,0.01014,0.012085,-0.024994,-0.122535,0.012755,0.056998,-0.046299,-0.117349,0.021599,0.070857
-0.406458,0.212952,0.012085,-0.024994,-0.122535,0.012755,0.056998,-0.046299,-0.117349,0.021599,0.070857,0.008177
-0.410421,0.212952,-0.024994,-0.122535,0.012755,0.056998,-0.046299,-0.117349,0.021599,0.070857,0.008177,0.017218
-0.40969,0.212952,-0.122535,0.012755,0.056998,-0.046299,-0.117349,0.021599,0.070857,0.008177,0.017218,0.034466
-0.407292,0.212952,0.012755,0.056998,-0.046299,-0.117349,0.021599,0.070857,0.008177,0.017218,0.034466,0.039204
-0.407016,0.214111,0.056998,-0.046299,-0.117349,0.021599,0.070857,0.008177,0.017218,0.034466,0.039204,0.031699
-0.406436,0.214111,-0.046299,-0.117349,0.021599,0.070857,0.008177,0.017218,0.034466,0.039204,0.031699,0.01781
-0.405277,0.214111,-0.117349,0.021599,0.070857,0.008177,0.017218,0.034466,0.039204,0.031699,0.01781,-0.060046
-0.40396,0.214111,0.021599,0.070857,0.008177,0.017218,0.034466,0.039204,0.031699,0.01781,-0.060046,-0.135117
-0.402897,0.214111,0.070857,0.008177,0.017218,0.034466,0.039204,0.031699,0.01781,-0.060046,-0.135117,-0.008027
-0.4023,0.212952,0.008177,0.017218,0.034466,0.039204,0.031699,0.01781,-0.060046,-0.135117,-0.008027,0.050232
-0.404313,0.212952,0.017218,0.034466,0.039204,0.031699,0.01781,-0.060046,-0.135117,-0.008027,0.050232,-0.046512
-0.408862,0.212952,0.034466,0.039204,0.031699,0.01781,-0.060046,-0.135117,-0.008027,0.050232,-0.046512,-0.113009
-0.409134,0.212952,0.039204,0.031699,0.01781,-0.060046,-0.135117,-0.008027,0.050232,-0.046512,-0.113009,0.007213
-0.407435,0.212952,0.031699,0.01781,-0.060046,-0.135117,-0.008027,0.050232,-0.046512,-0.113009,0.007213,0.040861
-0.409008,0.212952,0.01781,-0.060046,-0.135117,-0.008027,0.050232,-0.046512,-0.113009,0.007213,0.040861,0.038257
-0.412845,0.212952,-0.060046,-0.135117,-0.008027,0.050232,-0.046512,-0.113009,0.007213,0.040861,0.038257,0.039539
-0.412599,0.212952,-0.135117,-0.008027,0.050232,-0.046512,-0.113009,0.007213,0.040861,0.038257,0.039539,0.018322
-0.41121,0.212952,-0.008027,0.050232,-0.046512,-0.113009,0.007213,0.040861,0.038257,0.039539,0.018322,0.013958
-0.409911,0.212952,0.050232,-0.046512,-0.113009,0.007213,0.040861,0.038257,0.039539,0.018322,0.013958,0.02902
-0.408572,0.213471,-0.046512,-0.113009,0.007213,0.040861,0.038257,0.039539,0.018322,0.013958,0.02902,0.042567
-0.407952,0.213471,-0.113009,0.007213,0.040861,0.038257,0.039539,0.018322,0.013958,0.02902,0.042567,0.007676
-0.407481,0.213471,0.007213,0.040861,0.038257,0.039539,0.018322,0.013958,0.02902,0.042567,0.007676,0.029083
-0.406503,0.213471,0.040861,0.038257,0.039539,0.018322,0.013958,0.02902,0.042567,0.007676,0.029083,0.026944
-0.40507,0.213471,0.038257,0.039539,0.018322,0.013958,0.02902,0.042567,0.007676,0.029083,0.026944,0.004854
-0.404811,0.213471,0.039539,0.018322,0.013958,0.02902,0.042567,0.007676,0.029083,0.026944,0.004854,0.025494
-0.403835,0.213471,0.018322,0.013958,0.02902,0.042567,0.007676,0.029083,0.026944,0.004854,0.025494,-0.028758
-0.402933,0.213471,0.013958,0.02902,0.042567,0.007676,0.029083,0.026944,0.004854,0.025494,-0.028758,-0.128383
-0.40277,0.213471,0.02902,0.042567,0.007676,0.029083,0.026944,0.004854,0.025494,-0.028758,-0.128383,-0.045512
-0.401916,0.213471,0.042567,0.007676,0.029083,0.026944,0.004854,0.025494,-0.028758,-0.128383,-0.045512,0.045464
-0.40288,0.213471,0.007676,0.029083,0.026944,0.004854,0.025494,-0.028758,-0.128383,-0.045512,0.045464,0.003974
-0.407195,0.213471,0.029083,0.026944,0.004854,0.025494,-0.028758,-0.128383,-0.045512,0.045464,0.003974,-0.128603
-0.408731,0.213471,0.026944,0.004854,0.025494,-0.028758,-0.128383,-0.045512,0.045464,0.003974,-0.128603,-0.007583
-0.407196,0.213471,0.004854,0.025494,-0.028758,-0.128383,-0.045512,0.045464,0.003974,-0.128603,-0.007583,-0.001663
-0.407062,0.213471,0.025494,-0.028758,-0.128383,-0.045512,0.045464,0.003974,-0.128603,-0.007583,-0.001663,-0.133898
-0.41142,0.211121,-0.028758,-0.128383,-0.045512,0.045464,0.003974,-0.128603,-0.007583,-0.001663,-0.133898,0.012595
-0.411678,0.211121,-0.128383,-0.045512,0.045464,0.003974,-0.128603,-0.007583,-0.001663,-0.133898,0.012595,0.074295
-0.411734,0.211121,-0.045512,0.045464,0.003974,-0.128603,-0.007583,-0.001663,-0.133898,0.012595,0.074295,0.040239
-0.416302,0.211121,0.045464,0.003974,-0.128603,-0.007583,-0.001663,-0.133898,0.012595,0.074295,0.040239,0.008531
-0.41587,0.210999,0.003974,-0.128603,-0.007583,-0.001663,-0.133898,0.012595,0.074295,0.040239,0.008531,0.023735
-0.413329,0.210999,-0.128603,-0.007583,-0.001663,-0.133898,0.012595,0.074295,0.040239,0.008531,0.023735,0.055342
-0.411959,0.210999,-0.007583,-0.001663,-0.133898,0.012595,0.074295,0.040239,0.008531,0.023735,0.055342,0.028089
-0.411669,0.210999,-0.001663,-0.133898,0.012595,0.074295,0.040239,0.008531,0.023735,0.055342,0.028089,0.00052
-0.410864,0.210999,-0.133898,0.012595,0.074295,0.040239,0.008531,0.023735,0.055342,0.028089,0.00052,0.006468
-0.408986,0.210999,0.012595,0.074295,0.040239,0.008531,0.023735,0.055342,0.028089,0.00052,0.006468,0.030943
-0.408036,0.210999,0.074295,0.040239,0.008531,0.023735,0.055342,0.028089,0.00052,0.006468,0.030943,-0.006777
-0.408018,0.210999,0.040239,0.008531,0.023735,0.055342,0.028089,0.00052,0.006468,0.030943,-0.006777,-0.126424
-0.4078,0.210999,0.008531,0.023735,0.055342,0.028089,0.00052,0.006468,0.030943,-0.006777,-0.126424,-0.024448
-0.406756,0.210999,0.023735,0.055342,0.028089,0.00052,0.006468,0.030943,-0.006777,-0.126424,-0.024448,0.027991
-0.406985,0.20929,0.055342,0.028089,0.00052,0.006468,0.030943,-0.006777,-0.126424,-0.024448,0.027991,0.035015
-0.411269,0.20929,0.028089,0.00052,0.006468,0.030943,-0.006777,-0.126424,-0.024448,0.027991,0.035015,0.056847
-0.4121,0.20929,0.00052,0.006468,0.030943,-0.006777,-0.126424,-0.024448,0.027991,0.035015,0.056847,0.017206
-0.411149,0.20929,0.006468,0.030943,-0.006777,-0.126424,-0.024448,0.027991,0.035015,0.056847,0.017206,0.02925
-0.409962,0.207977,0.030943,-0.006777,-0.126424,-0.024448,0.027991,0.035015,0.056847,0.017206,0.02925,0.038082
-0.408037,0.207977,-0.006777,-0.126424,-0.024448,0.027991,0.035015,0.056847,0.017206,0.02925,0.038082,0.02268
-0.407455,0.207977,-0.126424,-0.024448,0.027991,0.035015,0.056847,0.017206,0.02925,0.038082,0.02268,0.030985
-0.406469,0.207977,-0.024448,0.027991,0.035015,0.056847,0.017206,0.02925,0.038082,0.02268,0.030985,0.042393
-0.405188,0.207977,0.027991,0.035015,0.056847,0.017206,0.02925,0.038082,0.02268,0.030985,0.042393,0.012159
-0.404426,0.207977,0.035015,0.056847,0.017206,0.02925,0.038082,0.02268,0.030985,0.042393,0.012159,-0.002983
-0.403386,0.207977,0.056847,0.017206,0.02925,0.038082,0.02268,0.030985,0.042393,0.012159,-0.002983,0.012226
-0.401965,0.207977,0.017206,0.02925,0.038082,0.02268,0.030985,0.042393,0.012159,-0.002983,0.012226,-0.011578
-0.401559,0.207977,0.02925,0.038082,0.02268,0.030985,0.042393,0.012159,-0.002983,0.012226,-0.011578,-0.120216
-0.401658,0.207977,0.038082,0.02268,0.030985,0.042393,0.012159,-0.002983,0.012226,-0.011578,-0.120216,-0.01414
-0.40125,0.207977,0.02268,0.030985,0.042393,0.012159,-0.002983,0.012226,-0.011578,-0.120216,-0.01414,0.0332
-0.401637,0.202789,0.030985,0.042393,0.012159,-0.002983,0.012226,-0.011578,-0.120216,-0.01414,0.0332,0.015754
-0.405673,0.202789,0.042393,0.012159,-0.002983,0.012226,-0.011578,-0.120216,-0.01414,0.0332,0.015754,0.037601
-0.406149,0.202789,0.012159,-0.002983,0.012226,-0.011578,-0.120216,-0.01414,0.0332,0.015754,0.037601,0.031086
-0.405033,0.202789,-0.002983,0.012226,-0.011578,-0.120216,-0.01414,0.0332,0.015754,0.037601,0.031086,-0.007585
-0.404504,0.200561,0.012226,-0.011578,-0.120216,-0.01414,0.0332,0.015754,0.037601,0.031086,-0.007585,-0.002311
-0.403242,0.200561,-0.011578,-0.120216,-0.01414,0.0332,0.015754,0.037601,0.031086,-0.007585,-0.002311,0.02692
-0.4022,0.200561,-0.120216,-0.01414,0.0332,0.015754,0.037601,0.031086,-0.007585,-0.002311,0.02692,0.039691
-0.402454,0.200561,-0.01414,0.0332,0.015754,0.037601,0.031086,-0.007585,-0.002311,0.02692,0.039691,-0.001424
-0.402531,0.200561,0.0332,0.015754,0.037601,0.031086,-0.007585,-0.002311,0.02692,0.039691,-0.001424,-0.005226
-0.401631,0.200561,0.015754,0.037601,0.031086,-0.007585,-0.002311,0.02692,0.039691,-0.001424,-0.005226,-0.005011
-0.400305,0.200561,0.037601,0.031086,-0.007585,-0.002311,0.02692,0.039691,-0.001424,-0.005226,-0.005011,0.003495
-0.400352,0.200561,0.031086,-0.007585,-0.002311,0.02692,0.039691,-0.001424,-0.005226,-0.005011,0.003495,0.018591
-0.400527,0.200561,-0.007585,-0.002311,0.02692,0.039691,-0.001424,-0.005226,-0.005011,0.003495,0.018591,0.007015
-0.400694,0.200561,-0.002311,0.02692,0.039691,-0.001424,-0.005226,-0.005011,0.003495,0.018591,0.007015,-0.00961
-0.400577,0.197693,0.02692,0.039691,-0.001424,-0.005226,-0.005011,0.003495,0.018591,0.007015,-0.00961,-0.000286
-0.399957,0.197693,0.039691,-0.001424,-0.005226,-0.005011,0.003495,0.018591,0.007015,-0.00961,-0.000286,0.006188
-0.399723,0.197693,-0.001424,-0.005226,-0.005011,0.003495,0.018591,0.007015,-0.00961,-0.000286,0.006188,0.023698
-0.400043,0.197693,-0.005226,-0.005011,0.003495,0.018591,0.007015,-0.00961,-0.000286,0.006188,0.023698,-0.05632
-0.400052,0.197693,-0.005011,0.003495,0.018591,0.007015,-0.00961,-0.000286,0.006188,0.023698,-0.05632,-0.121004
-0.399846,0.196259,0.003495,0.018591,0.007015,-0.00961,-0.000286,0.006188,0.023698,-0.05632,-0.121004,-0.009558
-0.399057,0.196259,0.018591,0.007015,-0.00961,-0.000286,0.006188,0.023698,-0.05632,-0.121004,-0.009558,0.022009
-0.400936,0.196259,0.007015,-0.00961,-0.000286,0.006188,0.023698,-0.05632,-0.121004,-0.009558,0.022009,0.023035
-0.404989,0.196259,-0.00961,-0.000286,0.006188,0.023698,-0.05632,-0.121004,-0.009558,0.022009,0.023035,0.024339
-0.40531,0.196259,-0.000286,0.006188,0.023698,-0.05632,-0.121004,-0.009558,0.022009,0.023035,0.024339,-0.000268
-0.404571,0.196259,0.006188,0.023698,-0.05632,-0.121004,-0.009558,0.022009,0.023035,0.024339,-0.000268,-0.009965
-0.403797,0.196259,0.023698,-0.05632,-0.121004,-0.009558,0.022009,0.023035,0.024339,-0.000268,-0.009965,0.012507
-0.40298,0.196259,-0.05632,-0.121004,-0.009558,0.022009,0.023035,0.024339,-0.000268,-0.009965,0.012507,0.029483
-0.402989,0.196259,-0.121004,-0.009558,0.022009,0.023035,0.024339,-0.000268,-0.009965,0.012507,0.029483,-0.006462
-0.403323,0.196259,-0.009558,0.022009,0.023035,0.024339,-0.000268,-0.009965,0.012507,0.029483,-0.006462,0.005447
-0.402904,0.194946,0.022009,0.023035,0.024339,-0.000268,-0.009965,0.012507,0.029483,-0.006462,0.005447,0.008075
-0.401916,0.194946,0.023035,0.024339,-0.000268,-0.009965,0.012507,0.029483,-0.006462,0.005447,0.008075,0.004176
-0.402133,0.194946,0.024339,-0.000268,-0.009965,0.012507,0.029483,-0.006462,0.005447,0.008075,0.004176,0.018214
-0.401951,0.194946,-0.000268,-0.009965,0.012507,0.029483,-0.006462,0.005447,0.008075,0.004176,0.018214,0.005944
-0.401681,0.194946,-0.009965,0.012507,0.029483,-0.006462,0.005447,0.008075,0.004176,0.018214,0.005944,-0.01296
-0.401541,0.194946,0.012507,0.029483,-0.006462,0.005447,0.008075,0.004176,0.018214,0.005944,-0.01296,-0.02278
-0.400933,0.194946,0.029483,-0.006462,0.005447,0.008075,0.004176,0.018214,0.005944,-0.01296,-0.02278,-0.034524
-0.400734,0.194946,-0.006462,0.005447,0.008075,0.004176,0.018214,0.005944,-0.01296,-0.02278,-0.034524,-0.10203
-0.401167,0.194946,0.005447,0.008075,0.004176,0.018214,0.005944,-0.01296,-0.02278,-0.034524,-0.10203,-0.012632
-0.401927,0.194946,0.008075,0.004176,0.018214,0.005944,-0.01296,-0.02278,-0.034524,-0.10203,-0.012632,0.018209
-0.403082,0.194946,0.004176,0.018214,0.005944,-0.01296,-0.02278,-0.034524,-0.10203,-0.012632,0.018209,0.025596
-0.406513,0.194946,0.018214,0.005944,-0.01296,-0.02278,-0.034524,-0.10203,-0.012632,0.018209,0.025596,0.015732
-0.406939,0.194946,0.005944,-0.01296,-0.02278,-0.034524,-0.10203,-0.012632,0.018209,0.025596,0.015732,0.024
-0.406325,0.194946,-0.01296,-0.02278,-0.034524,-0.10203,-0.012632,0.018209,0.025596,0.015732,0.024,-0.017655
-0.405465,0.194946,-0.02278,-0.034524,-0.10203,-0.012632,0.018209,0.025596,0.015732,0.024,-0.017655,-0.105279
-0.404936,0.194305,-0.034524,-0.10203,-0.012632,0.018209,0.025596,0.015732,0.024,-0.017655,-0.105279,-0.023345
-0.404129,0.194305,-0.10203,-0.012632,0.018209,0.025596,0.015732,0.024,-0.017655,-0.105279,-0.023345,0.034676
-0.404723,0.194305,-0.012632,0.018209,0.025596,0.015732,0.024,-0.017655,-0.105279,-0.023345,0.034676,0.061929
-0.40827,0.194305,0.018209,0.025596,0.015732,0.024,-0.017655,-0.105279,-0.023345,0.034676,0.061929,0.007627
-0.409059,0.194183,0.025596,0.015732,0.024,-0.017655,-0.105279,-0.023345,0.034676,0.061929,0.007627,0.008515
-0.407887,0.194183,0.015732,0.024,-0.017655,-0.105279,-0.023345,0.034676,0.061929,0.007627,0.008515,0.020454
-0.405798,0.194183,0.024,-0.017655,-0.105279,-0.023345,0.034676,0.061929,0.007627,0.008515,0.020454,0.012468
-0.405541,0.194183,-0.017655,-0.105279,-0.023345,0.034676,0.061929,0.007627,0.008515,0.020454,0.012468,0.027039
-0.405254,0.194183,-0.105279,-0.023345,0.034676,0.061929,0.007627,0.008515,0.020454,0.012468,0.027039,0.03642
-0.404568,0.194183,-0.023345,0.034676,0.061929,0.007627,0.008515,0.020454,0.012468,0.027039,0.03642,0.014165
-0.404149,0.194183,0.034676,0.061929,0.007627,0.008515,0.020454,0.012468,0.027039,0.03642,0.014165,-0.025082
-0.403242,0.194183,0.061929,0.007627,0.008515,0.020454,0.012468,0.027039,0.03642,0.014165,-0.025082,-0.119748
-0.402021,0.194183,0.007627,0.008515,0.020454,0.012468,0.027039,0.03642,0.014165,-0.025082,-0.119748,0.023892
-0.401548,0.194824,0.008515,0.020454,0.012468,0.027039,0.03642,0.014165,-0.025082,-0.119748,0.023892,0.025382
-0.402386,0.194824,0.020454,0.012468,0.027039,0.03642,0.014165,-0.025082,-0.119748,0.023892,0.025382,0.024124
-0.406404,0.194824,0.012468,0.027039,0.03642,0.014165,-0.025082,-0.119748,0.023892,0.025382,0.024124,0.033597
-0.405599,0.194824,0.027039,0.03642,0.014165,-0.025082,-0.119748,0.023892,0.025382,0.024124,0.033597,0.030238
-0.404745,0.194824,0.03642,0.014165,-0.025082,-0.119748,0.023892,0.025382,0.024124,0.033597,0.030238,0.039665
-0.403935,0.194183,0.014165,-0.025082,-0.119748,0.023892,0.025382,0.024124,0.033597,0.030238,0.039665,0.028225
-0.40281,0.194183,-0.025082,-0.119748,0.023892,0.025382,0.024124,0.033597,0.030238,0.039665,0.028225,0.009008
-0.401799,0.194183,-0.119748,0.023892,0.025382,0.024124,0.033597,0.030238,0.039665,0.028225,0.009008,0.003458
-0.400473,0.194183,0.023892,0.025382,0.024124,0.033597,0.030238,0.039665,0.028225,0.009008,0.003458,0.025917
-0.399531,0.194183,0.025382,0.024124,0.033597,0.030238,0.039665,0.028225,0.009008,0.003458,0.025917,0.035759
-0.399231,0.194183,0.024124,0.033597,0.030238,0.039665,0.028225,0.009008,0.003458,0.025917,0.035759,0.004122
-0.399116,0.194183,0.033597,0.030238,0.039665,0.028225,0.009008,0.003458,0.025917,0.035759,0.004122,-0.02537
-0.398255,0.194183,0.030238,0.039665,0.028225,0.009008,0.003458,0.025917,0.035759,0.004122,-0.02537,-0.107367
-0.397067,0.194183,0.039665,0.028225,0.009008,0.003458,0.025917,0.035759,0.004122,-0.02537,-0.107367,-0.012589
-0.39693,0.194183,0.028225,0.009008,0.003458,0.025917,0.035759,0.004122,-0.02537,-0.107367,-0.012589,0.038998
-0.397772,0.193634,0.009008,0.003458,0.025917,0.035759,0.004122,-0.02537,-0.107367,-0.012589,0.038998,0.044124
-0.401345,0.193634,0.003458,0.025917,0.035759,0.004122,-0.02537,-0.107367,-0.012589,0.038998,0.044124,0.013135
-0.401765,0.193634,0.025917,0.035759,0.004122,-0.02537,-0.107367,-0.012589,0.038998,0.044124,0.013135,0.00041
-0.400462,0.193634,0.035759,0.004122,-0.02537,-0.107367,-0.012589,0.038998,0.044124,0.013135,0.00041,0.032469
-0.39899,0.193634,0.004122,-0.02537,-0.107367,-0.012589,0.038998,0.044124,0.013135,0.00041,0.032469,0.046851
-0.398553,0.193634,-0.02537,-0.107367,-0.012589,0.038998,0.044124,0.013135,0.00041,0.032469,0.046851,0.000052
-0.39854,0.193634,-0.107367,-0.012589,0.038998,0.044124,0.013135,0.00041,0.032469,0.046851,0.000052,0.001723
-0.397462,0.193634,-0.012589,0.038998,0.044124,0.013135,0.00041,0.032469,0.046851,0.000052,0.001723,0.028477
-0.395908,0.193634,0.038998,0.044124,0.013135,0.00041,0.032469,0.046851,0.000052,0.001723,0.028477,0.003416
-0.395906,0.193634,0.044124,0.013135,0.00041,0.032469,0.046851,0.000052,0.001723,0.028477,0.003416,0.008807
-0.395849,0.193634,0.013135,0.00041,0.032469,0.046851,0.000052,0.001723,0.028477,0.003416,0.008807,0.019867
-0.394908,0.193634,0.00041,0.032469,0.046851,0.000052,0.001723,0.028477,0.003416,0.008807,0.019867,-0.005142
-0.394795,0.193634,0.032469,0.046851,0.000052,0.001723,0.028477,0.003416,0.008807,0.019867,-0.005142,-0.00232
-0.394504,0.193634,0.046851,0.000052,0.001723,0.028477,0.003416,0.008807,0.019867,-0.005142,-0.00232,0.019084
-0.393847,0.193634,0.000052,0.001723,0.028477,0.003416,0.008807,0.019867,-0.005142,-0.00232,0.019084,0.030441
-0.394017,0.191681,0.001723,0.028477,0.003416,0.008807,0.019867,-0.005142,-0.00232,0.019084,0.030441,-0.016965
-0.394093,0.191681,0.028477,0.003416,0.008807,0.019867,-0.005142,-0.00232,0.019084,0.030441,-0.016965,-0.001636
-0.393464,0.191681,0.003416,0.008807,0.019867,-0.005142,-0.00232,0.019084,0.030441,-0.016965,-0.001636,0.011693
-0.39246,0.191681,0.008807,0.019867,-0.005142,-0.00232,0.019084,0.030441,-0.016965,-0.001636,0.011693,-0.003621
-0.39302,0.191681,0.019867,-0.005142,-0.00232,0.019084,0.030441,-0.016965,-0.001636,0.011693,-0.003621,0.008799
-0.393074,0.191681,-0.005142,-0.00232,0.019084,0.030441,-0.016965,-0.001636,0.011693,-0.003621,0.008799,-0.023585
-0.392689,0.191681,-0.00232,0.019084,0.030441,-0.016965,-0.001636,0.011693,-0.003621,0.008799,-0.023585,-0.125039
-0.392808,0.191681,0.019084,0.030441,-0.016965,-0.001636,0.011693,-0.003621,0.008799,-0.023585,-0.125039,-0.047009
-0.392518,0.191681,0.030441,-0.016965,-0.001636,0.011693,-0.003621,0.008799,-0.023585,-0.125039,-0.047009,0.014349
-0.393296,0.191681,-0.016965,-0.001636,0.011693,-0.003621,0.008799,-0.023585,-0.125039,-0.047009,0.014349,0.034019
-0.397431,0.191681,-0.001636,0.011693,-0.003621,0.008799,-0.023585,-0.125039,-0.047009,0.014349,0.034019,-0.022484
-0.398992,0.191681,0.011693,-0.003621,0.008799,-0.023585,-0.125039,-0.047009,0.014349,0.034019,-0.022484,-0.013368
-0.398515,0.191681,-0.003621,0.008799,-0.023585,-0.125039,-0.047009,0.014349,0.034019,-0.022484,-0.013368,0.013708
-0.397384,0.191681,0.008799,-0.023585,-0.125039,-0.047009,0.014349,0.034019,-0.022484,-0.013368,0.013708,0.00005
-0.398132,0.191681,-0.023585,-0.125039,-0.047009,0.014349,0.034019,-0.022484,-0.013368,0.013708,0.00005,0.005758
-0.398576,0.191559,-0.125039,-0.047009,0.014349,0.034019,-0.022484,-0.013368,0.013708,0.00005,0.005758,0.009192
-0.398121,0.191559,-0.047009,0.014349,0.034019,-0.022484,-0.013368,0.013708,0.00005,0.005758,0.009192,-0.002117
-0.398119,0.191559,0.014349,0.034019,-0.022484,-0.013368,0.013708,0.00005,0.005758,0.009192,-0.002117,-0.021097
-0.397928,0.191559,0.034019,-0.022484,-0.013368,0.013708,0.00005,0.005758,0.009192,-0.002117,-0.021097,-0.004707
-0.397622,0.191681,-0.022484,-0.013368,0.013708,0.00005,0.005758,0.009192,-0.002117,-0.021097,-0.004707,0.022767
-0.397692,0.191681,-0.013368,0.013708,0.00005,0.005758,0.009192,-0.002117,-0.021097,-0.004707,0.022767,-0.013278
-0.398393,0.191681,0.013708,0.00005,0.005758,0.009192,-0.002117,-0.021097,-0.004707,0.022767,-0.013278,-0.014387
-0.398549,0.191681,0.00005,0.005758,0.009192,-0.002117,-0.021097,-0.004707,0.022767,-0.013278,-0.014387,0.003472
-0.397792,0.191681,0.005758,0.009192,-0.002117,-0.021097,-0.004707,0.022767,-0.013278,-0.014387,0.003472,-0.001637
-0.398233,0.191681,0.009192,-0.002117,-0.021097,-0.004707,0.022767,-0.013278,-0.014387,0.003472,-0.001637,0.007467
-0.398712,0.191681,-0.002117,-0.021097,-0.004707,0.022767,-0.013278,-0.014387,0.003472,-0.001637,0.007467,-0.039973
-0.398596,0.191681,-0.021097,-0.004707,0.022767,-0.013278,-0.014387,0.003472,-0.001637,0.007467,-0.039973,-0.165928
-0.398651,0.191681,-0.004707,0.022767,-0.013278,-0.014387,0.003472,-0.001637,0.007467,-0.039973,-0.165928,-0.156631
-0.398402,0.191681,0.022767,-0.013278,-0.014387,0.003472,-0.001637,0.007467,-0.039973,-0.165928,-0.156631,0.009064
-0.399734,0.192596,-0.013278,-0.014387,0.003472,-0.001637,0.007467,-0.039973,-0.165928,-0.156631,0.009064,0.052902
-0.405288,0.192596,-0.014387,0.003472,-0.001637,0.007467,-0.039973,-0.165928,-0.156631,0.009064,0.052902,-0.00289
-0.410574,0.192596,0.003472,-0.001637,0.007467,-0.039973,-0.165928,-0.156631,0.009064,0.052902,-0.00289,0.001793
-0.410266,0.192596,-0.001637,0.007467,-0.039973,-0.165928,-0.156631,0.009064,0.052902,-0.00289,0.001793,0.015536
-0.408474,0.192596,0.007467,-0.039973,-0.165928,-0.156631,0.009064,0.052902,-0.00289,0.001793,0.015536,0.009106
-0.408572,0.193268,-0.039973,-0.165928,-0.156631,0.009064,0.052902,-0.00289,0.001793,0.015536,0.009106,0.024124
-0.408511,0.193268,-0.165928,-0.156631,0.009064,0.052902,-0.00289,0.001793,0.015536,0.009106,0.024124,0.029436
-0.407986,0.193268,-0.156631,0.009064,0.052902,-0.00289,0.001793,0.015536,0.009106,0.024124,0.029436,0.01835
-0.407679,0.193268,0.009064,0.052902,-0.00289,0.001793,0.015536,0.009106,0.024124,0.029436,0.01835,0.017809
-0.406864,0.193268,0.052902,-0.00289,0.001793,0.015536,0.009106,0.024124,0.029436,0.01835,0.017809,0.010152
-0.405872,0.193268,-0.00289,0.001793,0.015536,0.009106,0.024124,0.029436,0.01835,0.017809,0.010152,0.033979
-0.405254,0.193268,0.001793,0.015536,0.009106,0.024124,0.029436,0.01835,0.017809,0.010152,0.033979,0.001499
-0.404656,0.193268,0.015536,0.009106,0.024124,0.029436,0.01835,0.017809,0.010152,0.033979,0.001499,0.007713
-0.404316,0.193268,0.009106,0.024124,0.029436,0.01835,0.017809,0.010152,0.033979,0.001499,0.007713,0.021062
-0.403175,0.193268,0.024124,0.029436,0.01835,0.017809,0.010152,0.033979,0.001499,0.007713,0.021062,0.013215
-0.403125,0.193787,0.029436,0.01835,0.017809,0.010152,0.033979,0.001499,0.007713,0.021062,0.013215,0.033631
-0.402866,0.193787,0.01835,0.017809,0.010152,0.033979,0.001499,0.007713,0.021062,0.013215,0.033631,0.030229
-0.402162,0.193787,0.017809,0.010152,0.033979,0.001499,0.007713,0.021062,0.013215,0.033631,0.030229,0.003922
-0.40172,0.193787,0.010152,0.033979,0.001499,0.007713,0.021062,0.013215,0.033631,0.030229,0.003922,0.002433
-0.400596,0.194183,0.033979,0.001499,0.007713,0.021062,0.013215,0.033631,0.030229,0.003922,0.002433,-0.007362
-0.399588,0.194183,0.001499,0.007713,0.021062,0.013215,0.033631,0.030229,0.003922,0.002433,-0.007362,-0.1106
-0.399457,0.194183,0.007713,0.021062,0.013215,0.033631,0.030229,0.003922,0.002433,-0.007362,-0.1106,-0.018695
-0.399376,0.194183,0.021062,0.013215,0.033631,0.030229,0.003922,0.002433,-0.007362,-0.1106,-0.018695,0.037904
-0.399621,0.194183,0.013215,0.033631,0.030229,0.003922,0.002433,-0.007362,-0.1106,-0.018695,0.037904,0.042891
-0.403319,0.194183,0.033631,0.030229,0.003922,0.002433,-0.007362,-0.1106,-0.018695,0.037904,0.042891,0.023011
-0.403947,0.194183,0.030229,0.003922,0.002433,-0.007362,-0.1106,-0.018695,0.037904,0.042891,0.023011,-0.007632
-0.402677,0.194183,0.003922,0.002433,-0.007362,-0.1106,-0.018695,0.037904,0.042891,0.023011,-0.007632,-0.106573
-0.401244,0.194183,0.002433,-0.007362,-0.1106,-0.018695,0.037904,0.042891,0.023011,-0.007632,-0.106573,-0.0244
-0.400476,0.194183,-0.007362,-0.1106,-0.018695,0.037904,0.042891,0.023011,-0.007632,-0.106573,-0.0244,0.028744
-0.400731,0.193634,-0.1106,-0.018695,0.037904,0.042891,0.023011,-0.007632,-0.106573,-0.0244,0.028744,0.034066
-0.404302,0.193634,-0.018695,0.037904,0.042891,0.023011,-0.007632,-0.106573,-0.0244,0.028744,0.034066,0.01183
-0.405122,0.193634,0.037904,0.042891,0.023011,-0.007632,-0.106573,-0.0244,0.028744,0.034066,0.01183,-0.112483
-0.404157,0.193634,0.042891,0.023011,-0.007632,-0.106573,-0.0244,0.028744,0.034066,0.01183,-0.112483,-0.005297
-0.403015,0.193634,0.023011,-0.007632,-0.106573,-0.0244,0.028744,0.034066,0.01183,-0.112483,-0.005297,0.039047
-0.402619,0.19455,-0.007632,-0.106573,-0.0244,0.028744,0.034066,0.01183,-0.112483,-0.005297,0.039047,-0.017145
-0.4064,0.19455,-0.106573,-0.0244,0.028744,0.034066,0.01183,-0.112483,-0.005297,0.039047,-0.017145,-0.099533
-0.406579,0.19455,-0.0244,0.028744,0.034066,0.01183,-0.112483,-0.005297,0.039047,-0.017145,-0.099533,0.032902
-0.405266,0.19455,0.028744,0.034066,0.01183,-0.112483,-0.005297,0.039047,-0.017145,-0.099533,0.032902,0.022942
-0.405842,0.19455,0.034066,0.01183,-0.112483,-0.005297,0.039047,-0.017145,-0.099533,0.032902,0.022942,-0.012074
-0.409204,0.19455,0.01183,-0.112483,-0.005297,0.039047,-0.017145,-0.099533,0.032902,0.022942,-0.012074,-0.10399
-0.40809,0.19455,-0.112483,-0.005297,0.039047,-0.017145,-0.099533,0.032902,0.022942,-0.012074,-0.10399,0.037292
-0.407316,0.19455,-0.005297,0.039047,-0.017145,-0.099533,0.032902,0.022942,-0.012074,-0.10399,0.037292,0.053413
-0.407723,0.19455,0.039047,-0.017145,-0.099533,0.032902,0.022942,-0.012074,-0.10399,0.037292,0.053413,0.022605
-0.411243,0.195343,-0.017145,-0.099533,0.032902,0.022942,-0.012074,-0.10399,0.037292,0.053413,0.022605,0.027408
-0.409977,0.195343,-0.099533,0.032902,0.022942,-0.012074,-0.10399,0.037292,0.053413,0.022605,0.027408,0.039989
-0.408167,0.195343,0.032902,0.022942,-0.012074,-0.10399,0.037292,0.053413,0.022605,0.027408,0.039989,0.015752
-0.407404,0.195343,0.022942,-0.012074,-0.10399,0.037292,0.053413,0.022605,0.027408,0.039989,0.015752,-0.102694
-0.40648,0.195343,-0.012074,-0.10399,0.037292,0.053413,0.022605,0.027408,0.039989,0.015752,-0.102694,-0.016325
-0.405135,0.195465,-0.10399,0.037292,0.053413,0.022605,0.027408,0.039989,0.015752,-0.102694,-0.016325,0.047433
-0.404605,0.195465,0.037292,0.053413,0.022605,0.027408,0.039989,0.015752,-0.102694,-0.016325,0.047433,0.059625
-0.408069,0.195465,0.053413,0.022605,0.027408,0.039989,0.015752,-0.102694,-0.016325,0.047433,0.059625,0.0501
-0.40862,0.195465,0.022605,0.027408,0.039989,0.015752,-0.102694,-0.016325,0.047433,0.059625,0.0501,0.017427
-0.40702,0.195465,0.027408,0.039989,0.015752,-0.102694,-0.016325,0.047433,0.059625,0.0501,0.017427,-0.012242
-0.405013,0.195465,0.039989,0.015752,-0.102694,-0.016325,0.047433,0.059625,0.0501,0.017427,-0.012242,-0.10196
-0.403331,0.195465,0.015752,-0.102694,-0.016325,0.047433,0.059625,0.0501,0.017427,-0.012242,-0.10196,0.004221
-0.402746,0.195465,-0.102694,-0.016325,0.047433,0.059625,0.0501,0.017427,-0.012242,-0.10196,0.004221,0.064624
-0.403156,0.195465,-0.016325,0.047433,0.059625,0.0501,0.017427,-0.012242,-0.10196,0.004221,0.064624,0.061815
-0.406579,0.195465,0.047433,0.059625,0.0501,0.017427,-0.012242,-0.10196,0.004221,0.064624,0.061815,0.020176
-0.406437,0.193787,0.059625,0.0501,0.017427,-0.012242,-0.10196,0.004221,0.064624,0.061815,0.020176,0.014823
-0.404262,0.193787,0.0501,0.017427,-0.012242,-0.10196,0.004221,0.064624,0.061815,0.020176,0.014823,0.028093
-0.402189,0.193787,0.017427,-0.012242,-0.10196,0.004221,0.064624,0.061815,0.020176,0.014823,0.028093,0.051456
-0.401514,0.193787,-0.012242,-0.10196,0.004221,0.064624,0.061815,0.020176,0.014823,0.028093,0.051456,-0.027816
-0.401019,0.193512,-0.10196,0.004221,0.064624,0.061815,0.020176,0.014823,0.028093,0.051456,-0.027816,-0.103972
-0.400083,0.193512,0.004221,0.064624,0.061815,0.020176,0.014823,0.028093,0.051456,-0.027816,-0.103972,-0.023612
-0.398368,0.193512,0.064624,0.061815,0.020176,0.014823,0.028093,0.051456,-0.027816,-0.103972,-0.023612,-0.093925
-0.399295,0.193512,0.061815,0.020176,0.014823,0.028093,0.051456,-0.027816,-0.103972,-0.023612,-0.093925,0.020275
-0.402766,0.193512,0.020176,0.014823,0.028093,0.051456,-0.027816,-0.103972,-0.023612,-0.093925,0.020275,0.061543
-0.403557,0.193512,0.014823,0.028093,0.051456,-0.027816,-0.103972,-0.023612,-0.093925,0.020275,0.061543,0.024252
-0.406712,0.193512,0.028093,0.051456,-0.027816,-0.103972,-0.023612,-0.093925,0.020275,0.061543,0.024252,0.01769
-0.406029,0.193512,0.051456,-0.027816,-0.103972,-0.023612,-0.093925,0.020275,0.061543,0.024252,0.01769,0.04134
-0.403958,0.193512,-0.027816,-0.103972,-0.023612,-0.093925,0.020275,0.061543,0.024252,0.01769,0.04134,0.053593
-0.403145,0.193512,-0.103972,-0.023612,-0.093925,0.020275,0.061543,0.024252,0.01769,0.04134,0.053593,0.013824
-0.402553,0.191437,-0.023612,-0.093925,0.020275,0.061543,0.024252,0.01769,0.04134,0.053593,0.013824,0.024727
-0.401172,0.191437,-0.093925,0.020275,0.061543,0.024252,0.01769,0.04134,0.053593,0.013824,0.024727,0.034314
-0.399383,0.191437,0.020275,0.061543,0.024252,0.01769,0.04134,0.053593,0.013824,0.024727,0.034314,-0.013344
-0.398923,0.191437,0.061543,0.024252,0.01769,0.04134,0.053593,0.013824,0.024727,0.034314,-0.013344,-0.113272
-0.3981,0.191437,0.024252,0.01769,0.04134,0.053593,0.013824,0.024727,0.034314,-0.013344,-0.113272,0.002578
-0.396962,0.191162,0.01769,0.04134,0.053593,0.013824,0.024727,0.034314,-0.013344,-0.113272,0.002578,0.017972
-0.397405,0.191162,0.04134,0.053593,0.013824,0.024727,0.034314,-0.013344,-0.113272,0.002578,0.017972,0.019308
-0.401179,0.191162,0.053593,0.013824,0.024727,0.034314,-0.013344,-0.113272,0.002578,0.017972,0.019308,0.025165
-0.401093,0.191162,0.013824,0.024727,0.034314,-0.013344,-0.113272,0.002578,0.017972,0.019308,0.025165,0.001712
-0.400493,0.191162,0.024727,0.034314,-0.013344,-0.113272,0.002578,0.017972,0.019308,0.025165,0.001712,-0.113453
-0.39985,0.191162,0.034314,-0.013344,-0.113272,0.002578,0.017972,0.019308,0.025165,0.001712,-0.113453,-0.007917
-0.399012,0.191162,-0.013344,-0.113272,0.002578,0.017972,0.019308,0.025165,0.001712,-0.113453,-0.007917,0.04013
-0.398955,0.191162,-0.113272,0.002578,0.017972,0.019308,0.025165,0.001712,-0.113453,-0.007917,0.04013,0.024322
-0.402746,0.191162,0.002578,0.017972,0.019308,0.025165,0.001712,-0.113453,-0.007917,0.04013,0.024322,0.050618
-0.403011,0.191162,0.017972,0.019308,0.025165,0.001712,-0.113453,-0.007917,0.04013,0.024322,0.050618,0.041722
-0.40167,0.190124,0.019308,0.025165,0.001712,-0.113453,-0.007917,0.04013,0.024322,0.050618,0.041722,-0.034473
-0.400858,0.190124,0.025165,0.001712,-0.113453,-0.007917,0.04013,0.024322,0.050618,0.041722,-0.034473,-0.123775
-0.399169,0.190124,0.001712,-0.113453,-0.007917,0.04013,0.024322,0.050618,0.041722,-0.034473,-0.123775,-0.005123
-0.397781,0.190124,-0.113453,-0.007917,0.04013,0.024322,0.050618,0.041722,-0.034473,-0.123775,-0.005123,0.059163
-0.398926,0.190124,-0.007917,0.04013,0.024322,0.050618,0.041722,-0.034473,-0.123775,-0.005123,0.059163,0.021367
-0.403055,0.189728,0.04013,0.024322,0.050618,0.041722,-0.034473,-0.123775,-0.005123,0.059163,0.021367,0.006228
-0.403227,0.189728,0.024322,0.050618,0.041722,-0.034473,-0.123775,-0.005123,0.059163,0.021367,0.006228,0.018987
-0.401246,0.189728,0.050618,0.041722,-0.034473,-0.123775,-0.005123,0.059163,0.021367,0.006228,0.018987,0.022464
-0.400532,0.189728,0.041722,-0.034473,-0.123775,-0.005123,0.059163,0.021367,0.006228,0.018987,0.022464,0.031583
-0.400324,0.189728,-0.034473,-0.123775,-0.005123,0.059163,0.021367,0.006228,0.018987,0.022464,0.031583,0.019777
-0.399692,0.189728,-0.123775,-0.005123,0.059163,0.021367,0.006228,0.018987,0.022464,0.031583,0.019777,0.009203
-0.398944,0.189728,-0.005123,0.059163,0.021367,0.006228,0.018987,0.022464,0.031583,0.019777,0.009203,-0.021169
-0.397894,0.189728,0.059163,0.021367,0.006228,0.018987,0.022464,0.031583,0.019777,0.009203,-0.021169,-0.125105
-0.397236,0.189728,0.021367,0.006228,0.018987,0.022464,0.031583,0.019777,0.009203,-0.021169,-0.125105,0.01218
-0.396931,0.189728,0.006228,0.018987,0.022464,0.031583,0.019777,0.009203,-0.021169,-0.125105,0.01218,0.014969
-0.397633,0.190918,0.018987,0.022464,0.031583,0.019777,0.009203,-0.021169,-0.125105,0.01218,0.014969,0.020697
-0.401799,0.190918,0.022464,0.031583,0.019777,0.009203,-0.021169,-0.125105,0.01218,0.014969,0.020697,0.026801
-0.401391,0.190918,0.031583,0.019777,0.009203,-0.021169,-0.125105,0.01218,0.014969,0.020697,0.026801,0.016375
-0.400891,0.190918,0.019777,0.009203,-0.021169,-0.125105,0.01218,0.014969,0.020697,0.026801,0.016375,0.02956
-0.400201,0.190521,0.009203,-0.021169,-0.125105,0.01218,0.014969,0.020697,0.026801,0.016375,0.02956,0.026632
-0.399308,0.190521,-0.021169,-0.125105,0.01218,0.014969,0.020697,0.026801,0.016375,0.02956,0.026632,-0.006897
-0.398764,0.190521,-0.125105,0.01218,0.014969,0.020697,0.026801,0.016375,0.02956,0.026632,-0.006897,0.007982
-0.397781,0.190521,0.01218,0.014969,0.020697,0.026801,0.016375,0.02956,0.026632,-0.006897,0.007982,0.03269
-0.396896,0.190521,0.014969,0.020697,0.026801,0.016375,0.02956,0.026632,-0.006897,0.007982,0.03269,0.041968
-0.397125,0.190521,0.020697,0.026801,0.016375,0.02956,0.026632,-0.006897,0.007982,0.03269,0.041968,0.001828
-0.39686,0.190521,0.026801,0.016375,0.02956,0.026632,-0.006897,0.007982,0.03269,0.041968,0.001828,-0.000633
-0.395778,0.190521,0.016375,0.02956,0.026632,-0.006897,0.007982,0.03269,0.041968,0.001828,-0.000633,0.009167
-0.394389,0.190521,0.02956,0.026632,-0.006897,0.007982,0.03269,0.041968,0.001828,-0.000633,0.009167,0.000966
-0.394329,0.190521,0.026632,-0.006897,0.007982,0.03269,0.041968,0.001828,-0.000633,0.009167,0.000966,0.025505
-0.39435,0.190247,-0.006897,0.007982,0.03269,0.041968,0.001828,-0.000633,0.009167,0.000966,0.025505,0.01759
-0.394047,0.190247,0.007982,0.03269,0.041968,0.001828,-0.000633,0.009167,0.000966,0.025505,0.01759,-0.011775
-0.394015,0.190247,0.03269,0.041968,0.001828,-0.000633,0.009167,0.000966,0.025505,0.01759,-0.011775,-0.042448
-0.393174,0.190247,0.041968,0.001828,-0.000633,0.009167,0.000966,0.025505,0.01759,-0.011775,-0.042448,-0.15709
-0.392594,0.190247,0.001828,-0.000633,0.009167,0.000966,0.025505,0.01759,-0.011775,-0.042448,-0.15709,-0.123526
-0.392981,0.18985,-0.000633,0.009167,0.000966,0.025505,0.01759,-0.011775,-0.042448,-0.15709,-0.123526,-0.050237
-0.39438,0.18985,0.009167,0.000966,0.025505,0.01759,-0.011775,-0.042448,-0.15709,-0.123526,-0.050237,-0.133931
-0.399587,0.18985,0.000966,0.025505,0.01759,-0.011775,-0.042448,-0.15709,-0.123526,-0.050237,-0.133931,-0.164633
-0.403719,0.18985,0.025505,0.01759,-0.011775,-0.042448,-0.15709,-0.123526,-0.050237,-0.133931,-0.164633,-0.106768
-0.405408,0.18985,0.01759,-0.011775,-0.042448,-0.15709,-0.123526,-0.050237,-0.133931,-0.164633,-0.106768,0.03924
-0.40993,0.18985,-0.011775,-0.042448,-0.15709,-0.123526,-0.050237,-0.133931,-0.164633,-0.106768,0.03924,0.063516
-0.415531,0.18985,-0.042448,-0.15709,-0.123526,-0.050237,-0.133931,-0.164633,-0.106768,0.03924,0.063516,0.023983
-0.419194,0.18985,-0.15709,-0.123526,-0.050237,-0.133931,-0.164633,-0.106768,0.03924,0.063516,0.023983,0.02978
-0.417844,0.18985,-0.123526,-0.050237,-0.133931,-0.164633,-0.106768,0.03924,0.063516,0.023983,0.02978,0.04953
-0.415663,0.18985,-0.050237,-0.133931,-0.164633,-0.106768,0.03924,0.063516,0.023983,0.02978,0.04953,0.060161
-0.414843,0.191284,-0.133931,-0.164633,-0.106768,0.03924,0.063516,0.023983,0.02978,0.04953,0.060161,0.010868
-0.413827,0.191284,-0.164633,-0.106768,0.03924,0.063516,0.023983,0.02978,0.04953,0.060161,0.010868,-0.018815
-0.412141,0.191284,-0.106768,0.03924,0.063516,0.023983,0.02978,0.04953,0.060161,0.010868,-0.018815,-0.151161
-0.410096,0.191284,0.03924,0.063516,0.023983,0.02978,0.04953,0.060161,0.010868,-0.018815,-0.151161,-0.132152
-0.409727,0.190124,0.063516,0.023983,0.02978,0.04953,0.060161,0.010868,-0.018815,-0.151161,-0.132152,-0.003909
-0.410365,0.190124,0.023983,0.02978,0.04953,0.060161,0.010868,-0.018815,-0.151161,-0.132152,-0.003909,-0.069217
-0.41551,0.190124,0.02978,0.04953,0.060161,0.010868,-0.018815,-0.151161,-0.132152,-0.003909,-0.069217,-0.000645
-0.420047,0.190124,0.04953,0.060161,0.010868,-0.018815,-0.151161,-0.132152,-0.003909,-0.069217,-0.000645,0.054038
-0.420182,0.190124,0.060161,0.010868,-0.018815,-0.151161,-0.132152,-0.003909,-0.069217,-0.000645,0.054038,0.058739
-0.422577,0.190124,0.010868,-0.018815,-0.151161,-0.132152,-0.003909,-0.069217,-0.000645,0.054038,0.058739,0.077374
-0.422599,0.190124,-0.018815,-0.151161,-0.132152,-0.003909,-0.069217,-0.000645,0.054038,0.058739,0.077374,0.039079
-0.420732,0.190124,-0.151161,-0.132152,-0.003909,-0.069217,-0.000645,0.054038,0.058739,0.077374,0.039079,0.036115
-0.418709,0.190124,-0.132152,-0.003909,-0.069217,-0.000645,0.054038,0.058739,0.077374,0.039079,0.036115,0.070795
-0.416051,0.190124,-0.003909,-0.069217,-0.000645,0.054038,0.058739,0.077374,0.039079,0.036115,0.070795,0.059174
-0.414713,0.191284,-0.069217,-0.000645,0.054038,0.058739,0.077374,0.039079,0.036115,0.070795,0.059174,0.046029
-0.41348,0.191284,-0.000645,0.054038,0.058739,0.077374,0.039079,0.036115,0.070795,0.059174,0.046029,0.056451
-0.411073,0.191284,0.054038,0.058739,0.077374,0.039079,0.036115,0.070795,0.059174,0.046029,0.056451,-0.020363
-0.409068,0.191284,0.058739,0.077374,0.039079,0.036115,0.070795,0.059174,0.046029,0.056451,-0.020363,-0.117123
-0.407511,0.191833,0.077374,0.039079,0.036115,0.070795,0.059174,0.046029,0.056451,-0.020363,-0.117123,0.001366
-0.405607,0.191833,0.039079,0.036115,0.070795,0.059174,0.046029,0.056451,-0.020363,-0.117123,0.001366,0.070696
-0.406292,0.191833,0.036115,0.070795,0.059174,0.046029,0.056451,-0.020363,-0.117123,0.001366,0.070696,0.024061
-0.410247,0.191833,0.070795,0.059174,0.046029,0.056451,-0.020363,-0.117123,0.001366,0.070696,0.024061,0.03327
-0.410201,0.191833,0.059174,0.046029,0.056451,-0.020363,-0.117123,0.001366,0.070696,0.024061,0.03327,0.049451
-0.407807,0.191833,0.046029,0.056451,-0.020363,-0.117123,0.001366,0.070696,0.024061,0.03327,0.049451,0.03306
-0.406994,0.191833,0.056451,-0.020363,-0.117123,0.001366,0.070696,0.024061,0.03327,0.049451,0.03306,0.048153
-0.405873,0.191833,-0.020363,-0.117123,0.001366,0.070696,0.024061,0.03327,0.049451,0.03306,0.048153,0.052633
-0.404212,0.191833,-0.117123,0.001366,0.070696,0.024061,0.03327,0.049451,0.03306,0.048153,0.052633,0.028333
-0.403104,0.191833,0.001366,0.070696,0.024061,0.03327,0.049451,0.03306,0.048153,0.052633,0.028333,0.031109
-0.401492,0.191284,0.070696,0.024061,0.03327,0.049451,0.03306,0.048153,0.052633,0.028333,0.031109,0.039789
-0.399734,0.191284,0.024061,0.03327,0.049451,0.03306,0.048153,0.052633,0.028333,0.031109,0.039789,0.055683
-0.398791,0.191284,0.03327,0.049451,0.03306,0.048153,0.052633,0.028333,0.031109,0.039789,0.055683,0.013953
-0.397758,0.191284,0.049451,0.03306,0.048153,0.052633,0.028333,0.031109,0.039789,0.055683,0.013953,0.019927
-0.396439,0.191833,0.03306,0.048153,0.052633,0.028333,0.031109,0.039789,0.055683,0.013953,0.019927,0.030244
-0.394595,0.191833,0.048153,0.052633,0.028333,0.031109,0.039789,0.055683,0.013953,0.019927,0.030244,0.024817
-0.394134,0.191833,0.052633,0.028333,0.031109,0.039789,0.055683,0.013953,0.019927,0.030244,0.024817,0.046871
-0.393477,0.191833,0.028333,0.031109,0.039789,0.055683,0.013953,0.019927,0.030244,0.024817,0.046871,0.039636
-0.392481,0.191833,0.031109,0.039789,0.055683,0.013953,0.019927,0.030244,0.024817,0.046871,0.039636,0.009929
-0.391665,0.191833,0.039789,0.055683,0.013953,0.019927,0.030244,0.024817,0.046871,0.039636,0.009929,0.00663
-0.390125,0.191833,0.055683,0.013953,0.019927,0.030244,0.024817,0.046871,0.039636,0.009929,0.00663,0.023049
-0.388825,0.191833,0.013953,0.019927,0.030244,0.024817,0.046871,0.039636,0.009929,0.00663,0.023049,0.041134
-0.3885,0.191833,0.019927,0.030244,0.024817,0.046871,0.039636,0.009929,0.00663,0.023049,0.041134,-0.012626
-0.388284,0.191833,0.030244,0.024817,0.046871,0.039636,0.009929,0.00663,0.023049,0.041134,-0.012626,0.009403
-0.387531,0.191833,0.024817,0.046871,0.039636,0.009929,0.00663,0.023049,0.041134,-0.012626,0.009403,0.027412
-0.386189,0.189209,0.046871,0.039636,0.009929,0.00663,0.023049,0.041134,-0.012626,0.009403,0.027412,0.002913
-0.3866,0.189209,0.039636,0.009929,0.00663,0.023049,0.041134,-0.012626,0.009403,0.027412,0.002913,0.01202
-0.386294,0.189209,0.009929,0.00663,0.023049,0.041134,-0.012626,0.009403,0.027412,0.002913,0.01202,0.013839
-0.385402,0.189209,0.00663,0.023049,0.041134,-0.012626,0.009403,0.027412,0.002913,0.01202,0.013839,-0.004644
-0.385307,0.189209,0.023049,0.041134,-0.012626,0.009403,0.027412,0.002913,0.01202,0.013839,-0.004644,-0.023445
-0.384916,0.190399,0.041134,-0.012626,0.009403,0.027412,0.002913,0.01202,0.013839,-0.004644,-0.023445,-0.002171
-0.384466,0.190399,-0.012626,0.009403,0.027412,0.002913,0.01202,0.013839,-0.004644,-0.023445,-0.002171,0.016734
-0.384617,0.190399,0.009403,0.027412,0.002913,0.01202,0.013839,-0.004644,-0.023445,-0.002171,0.016734,-0.074681
-0.385379,0.190399,0.027412,0.002913,0.01202,0.013839,-0.004644,-0.023445,-0.002171,0.016734,-0.074681,-0.133442
-0.385449,0.190399,0.002913,0.01202,0.013839,-0.004644,-0.023445,-0.002171,0.016734,-0.074681,-0.133442,-0.044451
-0.384904,0.190399,0.01202,0.013839,-0.004644,-0.023445,-0.002171,0.016734,-0.074681,-0.133442,-0.044451,-0.047438
-0.38734,0.190399,0.013839,-0.004644,-0.023445,-0.002171,0.016734,-0.074681,-0.133442,-0.044451,-0.047438,-0.134208
-0.391711,0.190399,-0.004644,-0.023445,-0.002171,0.016734,-0.074681,-0.133442,-0.044451,-0.047438,-0.134208,-0.013563
-0.393173,0.190399,-0.023445,-0.002171,0.016734,-0.074681,-0.133442,-0.044451,-0.047438,-0.134208,-0.013563,-0.018727
-0.394738,0.190399,-0.002171,0.016734,-0.074681,-0.133442,-0.044451,-0.047438,-0.134208,-0.013563,-0.018727,0.000724
-0.399192,0.191284,0.016734,-0.074681,-0.133442,-0.044451,-0.047438,-0.134208,-0.013563,-0.018727,0.000724,0.017344
-0.399644,0.191284,-0.074681,-0.133442,-0.044451,-0.047438,-0.134208,-0.013563,-0.018727,0.000724,0.017344,0.021339
-0.400268,0.191284,-0.133442,-0.044451,-0.047438,-0.134208,-0.013563,-0.018727,0.000724,0.017344,0.021339,-0.067407
-0.400244,0.191284,-0.044451,-0.047438,-0.134208,-0.013563,-0.018727,0.000724,0.017344,0.021339,-0.067407,-0.126113
-0.399666,0.191284,-0.047438,-0.134208,-0.013563,-0.018727,0.000724,0.017344,0.021339,-0.067407,-0.126113,-0.021358
-0.398955,0.191284,-0.134208,-0.013563,-0.018727,0.000724,0.017344,0.021339,-0.067407,-0.126113,-0.021358,0.021611
-0.401205,0.191284,-0.013563,-0.018727,0.000724,0.017344,0.021339,-0.067407,-0.126113,-0.021358,0.021611,0.026269
-0.405431,0.191284,-0.018727,0.000724,0.017344,0.021339,-0.067407,-0.126113,-0.021358,0.021611,0.026269,0.015303
-0.40615,0.191284,0.000724,0.017344,0.021339,-0.067407,-0.126113,-0.021358,0.021611,0.026269,0.015303,0.000354
-0.405423,0.191284,0.017344,0.021339,-0.067407,-0.126113,-0.021358,0.021611,0.026269,0.015303,0.000354,0.002994
-0.404539,0.191284,0.021339,-0.067407,-0.126113,-0.021358,0.021611,0.026269,0.015303,0.000354,0.002994,0.010499
-0.404025,0.191284,-0.067407,-0.126113,-0.021358,0.021611,0.026269,0.015303,0.000354,0.002994,0.010499,-0.019253
-0.404013,0.191284,-0.126113,-0.021358,0.021611,0.026269,0.015303,0.000354,0.002994,0.010499,-0.019253,-0.16609
-0.403912,0.191284,-0.021358,0.021611,0.026269,0.015303,0.000354,0.002994,0.010499,-0.019253,-0.16609,-0.13429
-0.403561,0.191833,0.021611,0.026269,0.015303,0.000354,0.002994,0.010499,-0.019253,-0.16609,-0.13429,0.019117
-0.404207,0.191833,0.026269,0.015303,0.000354,0.002994,0.010499,-0.019253,-0.16609,-0.13429,0.019117,0.007437
-0.409814,0.191833,0.015303,0.000354,0.002994,0.010499,-0.019253,-0.16609,-0.13429,0.019117,0.007437,-0.096646
-0.414382,0.191833,0.000354,0.002994,0.010499,-0.019253,-0.16609,-0.13429,0.019117,0.007437,-0.096646,0.031748
-0.41373,0.191559,0.002994,0.010499,-0.019253,-0.16609,-0.13429,0.019117,0.007437,-0.096646,0.031748,0.039979
-0.413477,0.191559,0.010499,-0.019253,-0.16609,-0.13429,0.019117,0.007437,-0.096646,0.031748,0.039979,0.032708
-0.416784,0.191559,-0.019253,-0.16609,-0.13429,0.019117,0.007437,-0.096646,0.031748,0.039979,0.032708,0.040116
-0.415695,0.191559,-0.16609,-0.13429,0.019117,0.007437,-0.096646,0.031748,0.039979,0.032708,0.040116,0.057995
-0.414329,0.191559,-0.13429,0.019117,0.007437,-0.096646,0.031748,0.039979,0.032708,0.040116,0.057995,0.049561
-0.413214,0.191559,0.019117,0.007437,-0.096646,0.031748,0.039979,0.032708,0.040116,0.057995,0.049561,0.046402
-0.411849,0.191559,0.007437,-0.096646,0.031748,0.039979,0.032708,0.040116,0.057995,0.049561,0.046402,0.039366
-0.409879,0.191559,-0.096646,0.031748,0.039979,0.032708,0.040116,0.057995,0.049561,0.046402,0.039366,0.034896
-0.4082,0.191559,0.031748,0.039979,0.032708,0.040116,0.057995,0.049561,0.046402,0.039366,0.034896,0.020085
-0.406634,0.191559,0.039979,0.032708,0.040116,0.057995,0.049561,0.046402,0.039366,0.034896,0.020085,-0.103902
-0.40531,0.192596,0.032708,0.040116,0.057995,0.049561,0.046402,0.039366,0.034896,0.020085,-0.103902,-0.014423
-0.404138,0.192596,0.040116,0.057995,0.049561,0.046402,0.039366,0.034896,0.020085,-0.103902,-0.014423,0.034935
-0.403464,0.192596,0.057995,0.049561,0.046402,0.039366,0.034896,0.020085,-0.103902,-0.014423,0.034935,0.041673
-0.406961,0.192596,0.049561,0.046402,0.039366,0.034896,0.020085,-0.103902,-0.014423,0.034935,0.041673,0.056099
-0.407448,0.192596,0.046402,0.039366,0.034896,0.020085,-0.103902,-0.014423,0.034935,0.041673,0.056099,-0.025993
-0.406271,0.1922,0.039366,0.034896,0.020085,-0.103902,-0.014423,0.034935,0.041673,0.056099,-0.025993,-0.092999
-0.40487,0.1922,0.034896,0.020085,-0.103902,-0.014423,0.034935,0.041673,0.056099,-0.025993,-0.092999,0.012073
-0.402986,0.1922,0.020085,-0.103902,-0.014423,0.034935,0.041673,0.056099,-0.025993,-0.092999,0.012073,0.047543
-0.403858,0.1922,-0.103902,-0.014423,0.034935,0.041673,0.056099,-0.025993,-0.092999,0.012073,0.047543,0.056071
-0.406986,0.1922,-0.014423,0.034935,0.041673,0.056099,-0.025993,-0.092999,0.012073,0.047543,0.056071,0.062884
-0.406579,0.1922,0.034935,0.041673,0.056099,-0.025993,-0.092999,0.012073,0.047543,0.056071,0.062884,0.029796
-0.40498,0.1922,0.041673,0.056099,-0.025993,-0.092999,0.012073,0.047543,0.056071,0.062884,0.029796,0.028188
-0.403097,0.1922,0.056099,-0.025993,-0.092999,0.012073,0.047543,0.056071,0.062884,0.029796,0.028188,0.032402
-0.400992,0.1922,-0.025993,-0.092999,0.012073,0.047543,0.056071,0.062884,0.029796,0.028188,0.032402,0.046755
-0.399998,0.1922,-0.092999,0.012073,0.047543,0.056071,0.062884,0.029796,0.028188,0.032402,0.046755,0.0179
-0.39906,0.190521,0.012073,0.047543,0.056071,0.062884,0.029796,0.028188,0.032402,0.046755,0.0179,0.032162
-0.397983,0.190521,0.047543,0.056071,0.062884,0.029796,0.028188,0.032402,0.046755,0.0179,0.032162,0.024457
-0.396431,0.190521,0.056071,0.062884,0.029796,0.028188,0.032402,0.046755,0.0179,0.032162,0.024457,0.017697
-0.395837,0.190521,0.062884,0.029796,0.028188,0.032402,0.046755,0.0179,0.032162,0.024457,0.017697,0.045856
-0.394774,0.190521,0.029796,0.028188,0.032402,0.046755,0.0179,0.032162,0.024457,0.017697,0.045856,0.036067
-0.393967,0.190002,0.028188,0.032402,0.046755,0.0179,0.032162,0.024457,0.017697,0.045856,0.036067,0.009411
-0.393384,0.190002,0.032402,0.046755,0.0179,0.032162,0.024457,0.017697,0.045856,0.036067,0.009411,0.003355
-0.391873,0.190002,0.046755,0.0179,0.032162,0.024457,0.017697,0.045856,0.036067,0.009411,0.003355,0.030361
-0.390686,0.190002,0.0179,0.032162,0.024457,0.017697,0.045856,0.036067,0.009411,0.003355,0.030361,0.038726
-0.390378,0.190002,0.032162,0.024457,0.017697,0.045856,0.036067,0.009411,0.003355,0.030361,0.038726,-0.013282
-0.390268,0.190002,0.024457,0.017697,0.045856,0.036067,0.009411,0.003355,0.030361,0.038726,-0.013282,0.004233
-0.389273,0.190002,0.017697,0.045856,0.036067,0.009411,0.003355,0.030361,0.038726,-0.013282,0.004233,0.021007
-0.388005,0.190002,0.045856,0.036067,0.009411,0.003355,0.030361,0.038726,-0.013282,0.004233,0.021007,-0.03573
-0.38844,0.190002,0.036067,0.009411,0.003355,0.030361,0.038726,-0.013282,0.004233,0.021007,-0.03573,-0.128374
-0.388302,0.190002,0.009411,0.003355,0.030361,0.038726,-0.013282,0.004233,0.021007,-0.03573,-0.128374,-0.004744
-0.387616,0.188415,0.003355,0.030361,0.038726,-0.013282,0.004233,0.021007,-0.03573,-0.128374,-0.004744,-0.000941
-0.388783,0.188415,0.030361,0.038726,-0.013282,0.004233,0.021007,-0.03573,-0.128374,-0.004744,-0.000941,0.002928
-0.393001,0.188415,0.038726,-0.013282,0.004233,0.021007,-0.03573,-0.128374,-0.004744,-0.000941,0.002928,0.013541
-0.393158,0.188415,-0.013282,0.004233,0.021007,-0.03573,-0.128374,-0.004744,-0.000941,0.002928,0.013541,0.024208
-0.393189,0.190247,0.004233,0.021007,-0.03573,-0.128374,-0.004744,-0.000941,0.002928,0.013541,0.024208,-0.061629
-0.393092,0.190247,0.021007,-0.03573,-0.128374,-0.004744,-0.000941,0.002928,0.013541,0.024208,-0.061629,-0.118896
-0.392647,0.190247,-0.03573,-0.128374,-0.004744,-0.000941,0.002928,0.013541,0.024208,-0.061629,-0.118896,-0.010856
-0.391849,0.190247,-0.128374,-0.004744,-0.000941,0.002928,0.013541,0.024208,-0.061629,-0.118896,-0.010856,0.017118
-0.393882,0.190247,-0.004744,-0.000941,0.002928,0.013541,0.024208,-0.061629,-0.118896,-0.010856,0.017118,0.02899
-0.397817,0.190247,-0.000941,0.002928,0.013541,0.024208,-0.061629,-0.118896,-0.010856,0.017118,0.02899,0.015813
-0.398177,0.190247,0.002928,0.013541,0.024208,-0.061629,-0.118896,-0.010856,0.017118,0.02899,0.015813,-0.015829
-0.397609,0.190247,0.013541,0.024208,-0.061629,-0.118896,-0.010856,0.017118,0.02899,0.015813,-0.015829,-0.006785
-0.396647,0.190247,0.024208,-0.061629,-0.118896,-0.010856,0.017118,0.02899,0.015813,-0.015829,-0.006785,-0.026347
-0.396122,0.190247,-0.061629,-0.118896,-0.010856,0.017118,0.02899,0.015813,-0.015829,-0.006785,-0.026347,-0.160663
-0.396647,0.190643,-0.118896,-0.010856,0.017118,0.02899,0.015813,-0.015829,-0.006785,-0.026347,-0.160663,-0.135937
-0.396871,0.190643,-0.010856,0.017118,0.02899,0.015813,-0.015829,-0.006785,-0.026347,-0.160663,-0.135937,-0.031228
-0.397745,0.190643,0.017118,0.02899,0.015813,-0.015829,-0.006785,-0.026347,-0.160663,-0.135937,-0.031228,-0.094736
-0.403108,0.190643,0.02899,0.015813,-0.015829,-0.006785,-0.026347,-0.160663,-0.135937,-0.031228,-0.094736,-0.00654
-0.407685,0.190643,0.015813,-0.015829,-0.006785,-0.026347,-0.160663,-0.135937,-0.031228,-0.094736,-0.00654,0.063354
-0.408741,0.190521,-0.015829,-0.006785,-0.026347,-0.160663,-0.135937,-0.031228,-0.094736,-0.00654,0.063354,0.043707
-0.411951,0.190521,-0.006785,-0.026347,-0.160663,-0.135937,-0.031228,-0.094736,-0.00654,0.063354,0.043707,-0.027586
-0.412173,0.190521,-0.026347,-0.160663,-0.135937,-0.031228,-0.094736,-0.00654,0.063354,0.043707,-0.027586,-0.113708
-0.41002,0.190521,-0.160663,-0.135937,-0.031228,-0.094736,-0.00654,0.063354,0.043707,-0.027586,-0.113708,0.011549
-0.408539,0.190521,-0.135937,-0.031228,-0.094736,-0.00654,0.063354,0.043707,-0.027586,-0.113708,0.011549,0.091276
-0.409472,0.190521,-0.031228,-0.094736,-0.00654,0.063354,0.043707,-0.027586,-0.113708,0.011549,0.091276,0.031489
-0.413332,0.190521,-0.094736,-0.00654,0.063354,0.043707,-0.027586,-0.113708,0.011549,0.091276,0.031489,0.021865
-0.412939,0.190521,-0.00654,0.063354,0.043707,-0.027586,-0.113708,0.011549,0.091276,0.031489,0.021865,0.052823
-0.409835,0.190521,0.063354,0.043707,-0.027586,-0.113708,0.011549,0.091276,0.031489,0.021865,0.052823,0.030151
-0.408768,0.190521,0.043707,-0.027586,-0.113708,0.011549,0.091276,0.031489,0.021865,0.052823,0.030151,0.02892
-0.408029,0.192078,-0.027586,-0.113708,0.011549,0.091276,0.031489,0.021865,0.052823,0.030151,0.02892,0.043511
-0.406249,0.192078,-0.113708,0.011549,0.091276,0.031489,0.021865,0.052823,0.030151,0.02892,0.043511,0.024438
-0.405235,0.192078,0.011549,0.091276,0.031489,0.021865,0.052823,0.030151,0.02892,0.043511,0.024438,-0.008335
-0.404262,0.192078,0.091276,0.031489,0.021865,0.052823,0.030151,0.02892,0.043511,0.024438,-0.008335,-0.121461
-0.402802,0.191284,0.031489,0.021865,0.052823,0.030151,0.02892,0.043511,0.024438,-0.008335,-0.121461,0.025206
-0.401984,0.191284,0.021865,0.052823,0.030151,0.02892,0.043511,0.024438,-0.008335,-0.121461,0.025206,0.028365
-0.402263,0.191284,0.052823,0.030151,0.02892,0.043511,0.024438,-0.008335,-0.121461,0.025206,0.028365,0.035774
-0.406338,0.191284,0.030151,0.02892,0.043511,0.024438,-0.008335,-0.121461,0.025206,0.028365,0.035774,-0.006299
-0.405489,0.191284,0.02892,0.043511,0.024438,-0.008335,-0.121461,0.025206,0.028365,0.035774,-0.006299,-0.099153
-0.404535,0.191284,0.043511,0.024438,-0.008335,-0.121461,0.025206,0.028365,0.035774,-0.006299,-0.099153,0.020592
-0.403334,0.191284,0.024438,-0.008335,-0.121461,0.025206,0.028365,0.035774,-0.006299,-0.099153,0.020592,0.06975
-0.403545,0.191284,-0.008335,-0.121461,0.025206,0.028365,0.035774,-0.006299,-0.099153,0.020592,0.06975,0.02427
-0.406877,0.191284,-0.121461,0.025206,0.028365,0.035774,-0.006299,-0.099153,0.020592,0.06975,0.02427,0.019038
-0.406183,0.191284,0.025206,0.028365,0.035774,-0.006299,-0.099153,0.020592,0.06975,0.02427,0.019038,0.059881
-0.403836,0.192596,0.028365,0.035774,-0.006299,-0.099153,0.020592,0.06975,0.02427,0.019038,0.059881,0.063271
-0.403022,0.192596,0.035774,-0.006299,-0.099153,0.020592,0.06975,0.02427,0.019038,0.059881,0.063271,0.006101
-0.402386,0.192596,-0.006299,-0.099153,0.020592,0.06975,0.02427,0.019038,0.059881,0.063271,0.006101,0.019731
-0.400386,0.192596,-0.099153,0.020592,0.06975,0.02427,0.019038,0.059881,0.063271,0.006101,0.019731,0.048233
-0.398278,0.192596,0.020592,0.06975,0.02427,0.019038,0.059881,0.063271,0.006101,0.019731,0.048233,0.03595
-0.398075,0.191956,0.06975,0.02427,0.019038,0.059881,0.063271,0.006101,0.019731,0.048233,0.03595,0.033797
-0.39742,0.191956,0.02427,0.019038,0.059881,0.063271,0.006101,0.019731,0.048233,0.03595,0.033797,0.030477
-0.395823,0.191956,0.019038,0.059881,0.063271,0.006101,0.019731,0.048233,0.03595,0.033797,0.030477,0.012417
-0.394635,0.191956,0.059881,0.063271,0.006101,0.019731,0.048233,0.03595,0.033797,0.030477,0.012417,0.007884
-0.393518,0.191956,0.063271,0.006101,0.019731,0.048233,0.03595,0.033797,0.030477,0.012417,0.007884,0.028408
-0.392513,0.191956,0.006101,0.019731,0.048233,0.03595,0.033797,0.030477,0.012417,0.007884,0.028408,-0.006012
-0.392104,0.191956,0.019731,0.048233,0.03595,0.033797,0.030477,0.012417,0.007884,0.028408,-0.006012,-0.170681
-0.391845,0.191956,0.048233,0.03595,0.033797,0.030477,0.012417,0.007884,0.028408,-0.006012,-0.170681,-0.182963
-0.390912,0.191956,0.03595,0.033797,0.030477,0.012417,0.007884,0.028408,-0.006012,-0.170681,-0.182963,-0.114883
-0.39111,0.191956,0.033797,0.030477,0.012417,0.007884,0.028408,-0.006012,-0.170681,-0.182963,-0.114883,0.019603
-0.396748,0.191284,0.030477,0.012417,0.007884,0.028408,-0.006012,-0.170681,-0.182963,-0.114883,0.019603,0.061432
-0.402844,0.191284,0.012417,0.007884,0.028408,-0.006012,-0.170681,-0.182963,-0.114883,0.019603,0.061432,-0.000843
-0.406701,0.191284,0.007884,0.028408,-0.006012,-0.170681,-0.182963,-0.114883,0.019603,0.061432,-0.000843,-0.090004
-0.406041,0.191284,0.028408,-0.006012,-0.170681,-0.182963,-0.114883,0.019603,0.061432,-0.000843,-0.090004,-0.013066
-0.403974,0.191284,-0.006012,-0.170681,-0.182963,-0.114883,0.019603,0.061432,-0.000843,-0.090004,-0.013066,0.050637
-0.404003,0.193115,-0.170681,-0.182963,-0.114883,0.019603,0.061432,-0.000843,-0.090004,-0.013066,0.050637,0.054237
-0.40703,0.193115,-0.182963,-0.114883,0.019603,0.061432,-0.000843,-0.090004,-0.013066,0.050637,0.054237,0.021996
-0.407471,0.193115,-0.114883,0.019603,0.061432,-0.000843,-0.090004,-0.013066,0.050637,0.054237,0.021996,0.027043
-0.405765,0.193115,0.019603,0.061432,-0.000843,-0.090004,-0.013066,0.050637,0.054237,0.021996,0.027043,0.040283
-0.403941,0.193115,0.061432,-0.000843,-0.090004,-0.013066,0.050637,0.054237,0.021996,0.027043,0.040283,0.008208
-0.403203,0.193115,-0.000843,-0.090004,-0.013066,0.050637,0.054237,0.021996,0.027043,0.040283,0.008208,0.023303
-0.402297,0.193115,-0.090004,-0.013066,0.050637,0.054237,0.021996,0.027043,0.040283,0.008208,0.023303,0.032049
-0.400952,0.193115,-0.013066,0.050637,0.054237,0.021996,0.027043,0.040283,0.008208,0.023303,0.032049,0.019286
-0.400678,0.193115,0.050637,0.054237,0.021996,0.027043,0.040283,0.008208,0.023303,0.032049,0.019286,0.001097
-0.399901,0.193115,0.054237,0.021996,0.027043,0.040283,0.008208,0.023303,0.032049,0.019286,0.001097,0.021221
-0.398832,0.192749,0.021996,0.027043,0.040283,0.008208,0.023303,0.032049,0.019286,0.001097,0.021221,0.038265
-0.398191,0.192749,0.027043,0.040283,0.008208,0.023303,0.032049,0.019286,0.001097,0.021221,0.038265,-0.003391
-0.398155,0.192749,0.040283,0.008208,0.023303,0.032049,0.019286,0.001097,0.021221,0.038265,-0.003391,0.027576
-0.39745,0.192749,0.008208,0.023303,0.032049,0.019286,0.001097,0.021221,0.038265,-0.003391,0.027576,-0.005776
-0.396181,0.192871,0.023303,0.032049,0.019286,0.001097,0.021221,0.038265,-0.003391,0.027576,-0.005776,-0.118331
-0.396293,0.192871,0.032049,0.019286,0.001097,0.021221,0.038265,-0.003391,0.027576,-0.005776,-0.118331,0.005784
-0.39538,0.192871,0.019286,0.001097,0.021221,0.038265,-0.003391,0.027576,-0.005776,-0.118331,0.005784,0.055667
-0.395571,0.192871,0.001097,0.021221,0.038265,-0.003391,0.027576,-0.005776,-0.118331,0.005784,0.055667,0.018787
-0.399497,0.192871,0.021221,0.038265,-0.003391,0.027576,-0.005776,-0.118331,0.005784,0.055667,0.018787,0.011436
-0.399304,0.192871,0.038265,-0.003391,0.027576,-0.005776,-0.118331,0.005784,0.055667,0.018787,0.011436,0.028599
-0.397452,0.192871,-0.003391,0.027576,-0.005776,-0.118331,0.005784,0.055667,0.018787,0.011436,0.028599,0.043398
-0.396829,0.192871,0.027576,-0.005776,-0.118331,0.005784,0.055667,0.018787,0.011436,0.028599,0.043398,0.008789
-0.39645,0.192871,-0.005776,-0.118331,0.005784,0.055667,0.018787,0.011436,0.028599,0.043398,0.008789,0.01229
-0.395504,0.192993,-0.118331,0.005784,0.055667,0.018787,0.011436,0.028599,0.043398,0.008789,0.01229,0.018679
-0.394069,0.192993,0.005784,0.055667,0.018787,0.011436,0.028599,0.043398,0.008789,0.01229,0.018679,0.016361
-0.393778,0.192993,0.055667,0.018787,0.011436,0.028599,0.043398,0.008789,0.01229,0.018679,0.016361,0.030567
-0.393373,0.192993,0.018787,0.011436,0.028599,0.043398,0.008789,0.01229,0.018679,0.016361,0.030567,0.016054
-0.392758,0.192993,0.011436,0.028599,0.043398,0.008789,0.01229,0.018679,0.016361,0.030567,0.016054,-0.003684
-0.39222,0.192596,0.028599,0.043398,0.008789,0.01229,0.018679,0.016361,0.030567,0.016054,-0.003684,-0.00798
-0.391214,0.192596,0.043398,0.008789,0.01229,0.018679,0.016361,0.030567,0.016054,-0.003684,-0.00798,0.018214
-0.390686,0.192596,0.008789,0.01229,0.018679,0.016361,0.030567,0.016054,-0.003684,-0.00798,0.018214,0.03394
-0.390807,0.192596,0.01229,0.018679,0.016361,0.030567,0.016054,-0.003684,-0.00798,0.018214,0.03394,-0.010751
-0.391069,0.192596,0.018679,0.016361,0.030567,0.016054,-0.003684,-0.00798,0.018214,0.03394,-0.010751,0.00131
-0.390471,0.192596,0.016361,0.030567,0.016054,-0.003684,-0.00798,0.018214,0.03394,-0.010751,0.00131,0.010859
-0.389358,0.192596,0.030567,0.016054,-0.003684,-0.00798,0.018214,0.03394,-0.010751,0.00131,0.010859,-0.000228
-0.389711,0.192596,0.016054,-0.003684,-0.00798,0.018214,0.03394,-0.010751,0.00131,0.010859,-0.000228,-0.025616
-0.389668,0.192596,-0.003684,-0.00798,0.018214,0.03394,-0.010751,0.00131,0.010859,-0.000228,-0.025616,-0.119271
-0.389312,0.192596,-0.00798,0.018214,0.03394,-0.010751,0.00131,0.010859,-0.000228,-0.025616,-0.119271,-0.031161
-0.38932,0.192596,0.018214,0.03394,-0.010751,0.00131,0.010859,-0.000228,-0.025616,-0.119271,-0.031161,0.020239
-0.39016,0.190521,0.03394,-0.010751,0.00131,0.010859,-0.000228,-0.025616,-0.119271,-0.031161,0.020239,0.022895
-0.394088,0.190521,-0.010751,0.00131,0.010859,-0.000228,-0.025616,-0.119271,-0.031161,0.020239,0.022895,0.025528
-0.395117,0.190521,0.00131,0.010859,-0.000228,-0.025616,-0.119271,-0.031161,0.020239,0.022895,0.025528,-0.016246
-0.394449,0.190521,0.010859,-0.000228,-0.025616,-0.119271,-0.031161,0.020239,0.022895,0.025528,-0.016246,0.006036
-0.393694,0.190918,-0.000228,-0.025616,-0.119271,-0.031161,0.020239,0.022895,0.025528,-0.016246,0.006036,0.00818
-0.392852,0.190918,-0.025616,-0.119271,-0.031161,0.020239,0.022895,0.025528,-0.016246,0.006036,0.00818,-0.011295
-0.393388,0.190918,-0.119271,-0.031161,0.020239,0.022895,0.025528,-0.016246,0.006036,0.00818,-0.011295,0.022413
-0.393189,0.190918,-0.031161,0.020239,0.022895,0.025528,-0.016246,0.006036,0.00818,-0.011295,0.022413,0.02995
-0.39292,0.190918,0.020239,0.022895,0.025528,-0.016246,0.006036,0.00818,-0.011295,0.022413,0.02995,-0.01285
-0.393292,0.190918,0.022895,0.025528,-0.016246,0.006036,0.00818,-0.011295,0.022413,0.02995,-0.01285,-0.01778
-0.392553,0.190918,0.025528,-0.016246,0.006036,0.00818,-0.011295,0.022413,0.02995,-0.01285,-0.01778,0.006189
-0.391566,0.190918,-0.016246,0.006036,0.00818,-0.011295,0.022413,0.02995,-0.01285,-0.01778,0.006189,0.028091
-0.391989,0.190918,0.006036,0.00818,-0.011295,0.022413,0.02995,-0.01285,-0.01778,0.006189,0.028091,-0.014916
-0.392573,0.190918,0.00818,-0.011295,0.022413,0.02995,-0.01285,-0.01778,0.006189,0.028091,-0.014916,-0.011436
-0.39237,0.190399,-0.011295,0.022413,0.02995,-0.01285,-0.01778,0.006189,0.028091,-0.014916,-0.011436,0.008928
-0.391445,0.190399,0.022413,0.02995,-0.01285,-0.01778,0.006189,0.028091,-0.014916,-0.011436,0.008928,0.00619
-0.391936,0.190399,0.02995,-0.01285,-0.01778,0.006189,0.028091,-0.014916,-0.011436,0.008928,0.00619,0.016173
-0.392312,0.190399,-0.01285,-0.01778,0.006189,0.028091,-0.014916,-0.011436,0.008928,0.00619,0.016173,0.008641
-0.392019,0.190399,-0.01778,0.006189,0.028091,-0.014916,-0.011436,0.008928,0.00619,0.016173,0.008641,-0.020259
-0.391815,0.190247,0.006189,0.028091,-0.014916,-0.011436,0.008928,0.00619,0.016173,0.008641,-0.020259,-0.009366
-0.391283,0.190247,0.028091,-0.014916,-0.011436,0.008928,0.00619,0.016173,0.008641,-0.020259,-0.009366,0.011116
-0.390999,0.190247,-0.014916,-0.011436,0.008928,0.00619,0.016173,0.008641,-0.020259,-0.009366,0.011116,0.029924
-0.391665,0.190247,-0.011436,0.008928,0.00619,0.016173,0.008641,-0.020259,-0.009366,0.011116,0.029924,-0.018825
-0.391973,0.190247,0.008928,0.00619,0.016173,0.008641,-0.020259,-0.009366,0.011116,0.029924,-0.018825,-0.006868
