-0.391607,0.190247,0.00619,0.016173,0.008641,-0.020259,-0.009366,0.011116,0.029924,-0.018825,-0.006868,0.014986
-0.390624,0.190247,0.016173,0.008641,-0.020259,-0.009366,0.011116,0.029924,-0.018825,-0.006868,0.014986,-0.002292
-0.391242,0.190247,0.008641,-0.020259,-0.009366,0.011116,0.029924,-0.018825,-0.006868,0.014986,-0.002292,0.012667
-0.391468,0.190247,-0.020259,-0.009366,0.011116,0.029924,-0.018825,-0.006868,0.014986,-0.002292,0.012667,0.014703
-0.390976,0.190247,-0.009366,0.011116,0.029924,-0.018825,-0.006868,0.014986,-0.002292,0.012667,0.014703,-0.006509
-0.391051,0.191437,0.011116,0.029924,-0.018825,-0.006868,0.014986,-0.002292,0.012667,0.014703,-0.006509,-0.006221
-0.390635,0.191437,0.029924,-0.018825,-0.006868,0.014986,-0.002292,0.012667,0.014703,-0.006509,-0.006221,0.011858
-0.390152,0.191437,-0.018825,-0.006868,0.014986,-0.002292,0.012667,0.014703,-0.006509,-0.006221,0.011858,0.018707
-0.390366,0.191437,-0.006868,0.014986,-0.002292,0.012667,0.014703,-0.006509,-0.006221,0.011858,0.018707,-0.014999
-0.39057,0.191956,0.014986,-0.002292,0.012667,0.014703,-0.006509,-0.006221,0.011858,0.018707,-0.014999,-0.010053
-0.390181,0.191956,-0.002292,0.012667,0.014703,-0.006509,-0.006221,0.011858,0.018707,-0.014999,-0.010053,0.005484
-0.389567,0.191956,0.012667,0.014703,-0.006509,-0.006221,0.011858,0.018707,-0.014999,-0.010053,0.005484,-0.006931
-0.39006,0.191956,0.014703,-0.006509,-0.006221,0.011858,0.018707,-0.014999,-0.010053,0.005484,-0.006931,0.013739
-0.390389,0.191956,-0.006509,-0.006221,0.011858,0.018707,-0.014999,-0.010053,0.005484,-0.006931,0.013739,0.010156
-0.390209,0.191956,-0.006221,0.011858,0.018707,-0.014999,-0.010053,0.005484,-0.006931,0.013739,0.010156,-0.026719
-0.390437,0.191956,0.011858,0.018707,-0.014999,-0.010053,0.005484,-0.006931,0.013739,0.010156,-0.026719,-0.012236
-0.389986,0.191956,0.018707,-0.014999,-0.010053,0.005484,-0.006931,0.013739,0.010156,-0.026719,-0.012236,0.013973
-0.389653,0.191956,-0.014999,-0.010053,0.005484,-0.006931,0.013739,0.010156,-0.026719,-0.012236,0.013973,0.026845
-0.390529,0.191956,-0.010053,0.005484,-0.006931,0.013739,0.010156,-0.026719,-0.012236,0.013973,0.026845,-0.022779
-0.39093,0.191956,0.005484,-0.006931,0.013739,0.010156,-0.026719,-0.012236,0.013973,0.026845,-0.022779,-0.005448
-0.390471,0.191284,-0.006931,0.013739,0.010156,-0.026719,-0.012236,0.013973,0.026845,-0.022779,-0.005448,0.011868
-0.389591,0.191284,0.013739,0.010156,-0.026719,-0.012236,0.013973,0.026845,-0.022779,-0.005448,0.011868,0.000509
-0.390338,0.191284,0.010156,-0.026719,-0.012236,0.013973,0.026845,-0.022779,-0.005448,0.011868,0.000509,0.018709
-0.390517,0.191284,-0.026719,-0.012236,0.013973,0.026845,-0.022779,-0.005448,0.011868,0.000509,0.018709,-0.038682
-0.390128,0.191284,-0.012236,0.013973,0.026845,-0.022779,-0.005448,0.011868,0.000509,0.018709,-0.038682,-0.122001
-0.390111,0.193787,0.013973,0.026845,-0.022779,-0.005448,0.011868,0.000509,0.018709,-0.038682,-0.122001,-0.037952
-0.389498,0.193787,0.026845,-0.022779,-0.005448,0.011868,0.000509,0.018709,-0.038682,-0.122001,-0.037952,-0.0069
-0.390767,0.193787,-0.022779,-0.005448,0.011868,0.000509,0.018709,-0.038682,-0.122001,-0.037952,-0.0069,-0.111945
-0.394785,0.193787,-0.005448,0.011868,0.000509,0.018709,-0.038682,-0.122001,-0.037952,-0.0069,-0.111945,-0.020589
-0.39604,0.193787,0.011868,0.000509,0.018709,-0.038682,-0.122001,-0.037952,-0.0069,-0.111945,-0.020589,-0.004558
-0.396268,0.193787,0.000509,0.018709,-0.038682,-0.122001,-0.037952,-0.0069,-0.111945,-0.020589,-0.004558,-0.143047
-0.39999,0.193787,0.018709,-0.038682,-0.122001,-0.037952,-0.0069,-0.111945,-0.020589,-0.004558,-0.143047,-0.13668
-0.400678,0.193787,-0.038682,-0.122001,-0.037952,-0.0069,-0.111945,-0.020589,-0.004558,-0.143047,-0.13668,0.027145
-0.40083,0.193787,-0.122001,-0.037952,-0.0069,-0.111945,-0.020589,-0.004558,-0.143047,-0.13668,0.027145,0.068233
-0.405619,0.193787,-0.037952,-0.0069,-0.111945,-0.020589,-0.004558,-0.143047,-0.13668,0.027145,0.068233,0.023439
-0.410234,0.199127,-0.0069,-0.111945,-0.020589,-0.004558,-0.143047,-0.13668,0.027145,0.068233,0.023439,0.02166
-0.409313,0.199127,-0.111945,-0.020589,-0.004558,-0.143047,-0.13668,0.027145,0.068233,0.023439,0.02166,0.037184
-0.407005,0.199127,-0.020589,-0.004558,-0.143047,-0.13668,0.027145,0.068233,0.023439,0.02166,0.037184,0.070575
-0.406215,0.199127,-0.004558,-0.143047,-0.13668,0.027145,0.068233,0.023439,0.02166,0.037184,0.070575,0.018268
-0.405487,0.199127,-0.143047,-0.13668,0.027145,0.068233,0.023439,0.02166,0.037184,0.070575,0.018268,0.015929
-0.404238,0.199127,-0.13668,0.027145,0.068233,0.023439,0.02166,0.037184,0.070575,0.018268,0.015929,0.046388
-0.401872,0.199127,0.027145,0.068233,0.023439,0.02166,0.037184,0.070575,0.018268,0.015929,0.046388,-0.000596
-0.401261,0.199127,0.068233,0.023439,0.02166,0.037184,0.070575,0.018268,0.015929,0.046388,-0.000596,-0.109191
-0.400729,0.199127,0.023439,0.02166,0.037184,0.070575,0.018268,0.015929,0.046388,-0.000596,-0.109191,0.01282
-0.399184,0.199127,0.02166,0.037184,0.070575,0.018268,0.015929,0.046388,-0.000596,-0.109191,0.01282,0.025839
-0.399204,0.199127,0.037184,0.070575,0.018268,0.015929,0.046388,-0.000596,-0.109191,0.01282,0.025839,0.033687
-0.402853,0.199127,0.070575,0.018268,0.015929,0.046388,-0.000596,-0.109191,0.01282,0.025839,0.033687,0.050546
-0.402423,0.199127,0.018268,0.015929,0.046388,-0.000596,-0.109191,0.01282,0.025839,0.033687,0.050546,0.061656
-0.401559,0.199127,0.015929,0.046388,-0.000596,-0.109191,0.01282,0.025839,0.033687,0.050546,0.061656,-0.026634
-0.400435,0.199127,0.046388,-0.000596,-0.109191,0.01282,0.025839,0.033687,0.050546,0.061656,-0.026634,-0.103786
-0.398752,0.199371,-0.000596,-0.109191,0.01282,0.025839,0.033687,0.050546,0.061656,-0.026634,-0.103786,0.011829
-0.396704,0.199371,-0.109191,0.01282,0.025839,0.033687,0.050546,0.061656,-0.026634,-0.103786,0.011829,0.058652
-0.397588,0.199371,0.01282,0.025839,0.033687,0.050546,0.061656,-0.026634,-0.103786,0.011829,0.058652,0.064067
-0.401043,0.199371,0.025839,0.033687,0.050546,0.061656,-0.026634,-0.103786,0.011829,0.058652,0.064067,0.055132
-0.400649,0.199249,0.033687,0.050546,0.061656,-0.026634,-0.103786,0.011829,0.058652,0.064067,0.055132,0.036565
-0.398696,0.199249,0.050546,0.061656,-0.026634,-0.103786,0.011829,0.058652,0.064067,0.055132,0.036565,0.018662
-0.396567,0.199249,0.061656,-0.026634,-0.103786,0.011829,0.058652,0.064067,0.055132,0.036565,0.018662,0.027238
-0.394741,0.199249,-0.026634,-0.103786,0.011829,0.058652,0.064067,0.055132,0.036565,0.018662,0.027238,0.006337
-0.393534,0.199249,-0.103786,0.011829,0.058652,0.064067,0.055132,0.036565,0.018662,0.027238,0.006337,-0.102154
-0.39292,0.199249,0.011829,0.058652,0.064067,0.055132,0.036565,0.018662,0.027238,0.006337,-0.102154,-0.035508
-0.392023,0.199249,0.058652,0.064067,0.055132,0.036565,0.018662,0.027238,0.006337,-0.102154,-0.035508,-0.08472
-0.391815,0.199249,0.064067,0.055132,0.036565,0.018662,0.027238,0.006337,-0.102154,-0.035508,-0.08472,0.008907
-0.395187,0.199249,0.055132,0.036565,0.018662,0.027238,0.006337,-0.102154,-0.035508,-0.08472,0.008907,0.070526
-0.396362,0.199249,0.036565,0.018662,0.027238,0.006337,-0.102154,-0.035508,-0.08472,0.008907,0.070526,0.030969
-0.399173,0.199249,0.018662,0.027238,0.006337,-0.102154,-0.035508,-0.08472,0.008907,0.070526,0.030969,-0.080627
-0.398877,0.198608,0.027238,0.006337,-0.102154,-0.035508,-0.08472,0.008907,0.070526,0.030969,-0.080627,-0.190049
-0.396533,0.198608,0.006337,-0.102154,-0.035508,-0.08472,0.008907,0.070526,0.030969,-0.080627,-0.190049,-0.013612
-0.395507,0.198608,-0.102154,-0.035508,-0.08472,0.008907,0.070526,0.030969,-0.080627,-0.190049,-0.013612,0.084656
-0.39818,0.198608,-0.035508,-0.08472,0.008907,0.070526,0.030969,-0.080627,-0.190049,-0.013612,0.084656,0.042697
-0.404523,0.198486,-0.08472,0.008907,0.070526,0.030969,-0.080627,-0.190049,-0.013612,0.084656,0.042697,0.009248
-0.40498,0.198486,0.008907,0.070526,0.030969,-0.080627,-0.190049,-0.013612,0.084656,0.042697,0.009248,0.022028
-0.40214,0.198486,0.070526,0.030969,-0.080627,-0.190049,-0.013612,0.084656,0.042697,0.009248,0.022028,0.00382
-0.400712,0.198486,0.030969,-0.080627,-0.190049,-0.013612,0.084656,0.042697,0.009248,0.022028,0.00382,0.016945
-0.400403,0.198486,-0.080627,-0.190049,-0.013612,0.084656,0.042697,0.009248,0.022028,0.00382,0.016945,0.007078
-0.399669,0.198486,-0.190049,-0.013612,0.084656,0.042697,0.009248,0.022028,0.00382,0.016945,0.007078,-0.005206
-0.399542,0.198486,-0.013612,0.084656,0.042697,0.009248,0.022028,0.00382,0.016945,0.007078,-0.005206,0.000065
-0.398978,0.198486,0.084656,0.042697,0.009248,0.022028,0.00382,0.016945,0.007078,-0.005206,0.000065,0.009589
-0.398742,0.198486,0.042697,0.009248,0.022028,0.00382,0.016945,0.007078,-0.005206,0.000065,0.009589,0.023445
-0.398915,0.198486,0.009248,0.022028,0.00382,0.016945,0.007078,-0.005206,0.000065,0.009589,0.023445,-0.001026
-0.398913,0.198334,0.022028,0.00382,0.016945,0.007078,-0.005206,0.000065,0.009589,0.023445,-0.001026,-0.000757
-0.398594,0.198334,0.00382,0.016945,0.007078,-0.005206,0.000065,0.009589,0.023445,-0.001026,-0.000757,0.008284
-0.397815,0.198334,0.016945,0.007078,-0.005206,0.000065,0.009589,0.023445,-0.001026,-0.000757,0.008284,-0.000308
-0.397849,0.198334,0.007078,-0.005206,0.000065,0.009589,0.023445,-0.001026,-0.000757,0.008284,-0.000308,0.025225
-0.397874,0.198486,-0.005206,0.000065,0.009589,0.023445,-0.001026,-0.000757,0.008284,-0.000308,0.025225,0.02164
-0.397599,0.198486,0.000065,0.009589,0.023445,-0.001026,-0.000757,0.008284,-0.000308,0.025225,0.02164,0.005163
-0.397609,0.198486,0.009589,0.023445,-0.001026,-0.000757,0.008284,-0.000308,0.025225,0.02164,0.005163,-0.052149
-0.396772,0.198486,0.023445,-0.001026,-0.000757,0.008284,-0.000308,0.025225,0.02164,0.005163,-0.052149,-0.13014
-0.396054,0.198486,-0.001026,-0.000757,0.008284,-0.000308,0.025225,0.02164,0.005163,-0.052149,-0.13014,0.024554
-0.395883,0.198486,-0.000757,0.008284,-0.000308,0.025225,0.02164,0.005163,-0.052149,-0.13014,0.024554,0.01399
-0.39761,0.198486,0.008284,-0.000308,0.025225,0.02164,0.005163,-0.052149,-0.13014,0.024554,0.01399,0.002176
-0.401944,0.198486,-0.000308,0.025225,0.02164,0.005163,-0.052149,-0.13014,0.024554,0.01399,0.002176,0.014226
-0.401123,0.198486,0.025225,0.02164,0.005163,-0.052149,-0.13014,0.024554,0.01399,0.002176,0.014226,0.017012
-0.400655,0.198486,0.02164,0.005163,-0.052149,-0.13014,0.024554,0.01399,0.002176,0.014226,0.017012,0.02643
-0.400583,0.198486,0.005163,-0.052149,-0.13014,0.024554,0.01399,0.002176,0.014226,0.017012,0.02643,0.023764
-0.400109,0.199249,-0.052149,-0.13014,0.024554,0.01399,0.002176,0.014226,0.017012,0.02643,0.023764,0.00095
-0.399542,0.199249,-0.13014,0.024554,0.01399,0.002176,0.014226,0.017012,0.02643,0.023764,0.00095,-0.005733
-0.398662,0.199249,0.024554,0.01399,0.002176,0.014226,0.017012,0.02643,0.023764,0.00095,-0.005733,0.029451
-0.397871,0.199249,0.01399,0.002176,0.014226,0.017012,0.02643,0.023764,0.00095,-0.005733,0.029451,0.02561
-0.39784,0.199249,0.002176,0.014226,0.017012,0.02643,0.023764,0.00095,-0.005733,0.029451,0.02561,-0.018131
-0.39803,0.199249,0.014226,0.017012,0.02643,0.023764,0.00095,-0.005733,0.029451,0.02561,-0.018131,-0.012036
-0.397053,0.199249,0.017012,0.02643,0.023764,0.00095,-0.005733,0.029451,0.02561,-0.018131,-0.012036,0.02586
-0.396203,0.199249,0.02643,0.023764,0.00095,-0.005733,0.029451,0.02561,-0.018131,-0.012036,0.02586,0.008602
-0.396805,0.199249,0.023764,0.00095,-0.005733,0.029451,0.02561,-0.018131,-0.012036,0.02586,0.008602,0.011564
-0.397204,0.199249,0.00095,-0.005733,0.029451,0.02561,-0.018131,-0.012036,0.02586,0.008602,0.011564,-0.021938
-0.396348,0.199249,-0.005733,0.029451,0.02561,-0.018131,-0.012036,0.02586,0.008602,0.011564,-0.021938,-0.11853
-0.396063,0.199249,0.029451,0.02561,-0.018131,-0.012036,0.02586,0.008602,0.011564,-0.021938,-0.11853,-0.04033
-0.39568,0.199249,0.02561,-0.018131,-0.012036,0.02586,0.008602,0.011564,-0.021938,-0.11853,-0.04033,0.030375
-0.396407,0.199249,-0.018131,-0.012036,0.02586,0.008602,0.011564,-0.021938,-0.11853,-0.04033,0.030375,0.041187
-0.400347,0.198212,-0.012036,0.02586,0.008602,0.011564,-0.021938,-0.11853,-0.04033,0.030375,0.041187,0.004011
-0.401692,0.198212,0.02586,0.008602,0.011564,-0.021938,-0.11853,-0.04033,0.030375,0.041187,0.004011,0.009718
-0.400678,0.198212,0.008602,0.011564,-0.021938,-0.11853,-0.04033,0.030375,0.041187,0.004011,0.009718,0.01471
-0.399304,0.198212,0.011564,-0.021938,-0.11853,-0.04033,0.030375,0.041187,0.004011,0.009718,0.01471,0.002101
-0.399171,0.198212,-0.021938,-0.11853,-0.04033,0.030375,0.041187,0.004011,0.009718,0.01471,0.002101,-0.024759
-0.398847,0.199646,-0.11853,-0.04033,0.030375,0.041187,0.004011,0.009718,0.01471,0.002101,-0.024759,-0.121003
-0.398359,0.199646,-0.04033,0.030375,0.041187,0.004011,0.009718,0.01471,0.002101,-0.024759,-0.121003,-0.001938
-0.398289,0.199646,0.030375,0.041187,0.004011,0.009718,0.01471,0.002101,-0.024759,-0.121003,-0.001938,0.000351
-0.399113,0.199646,0.041187,0.004011,0.009718,0.01471,0.002101,-0.024759,-0.121003,-0.001938,0.000351,-0.015398
-0.403158,0.199646,0.004011,0.009718,0.01471,0.002101,-0.024759,-0.121003,-0.001938,0.000351,-0.015398,-0.105242
-0.403223,0.199646,0.009718,0.01471,0.002101,-0.024759,-0.121003,-0.001938,0.000351,-0.015398,-0.105242,-0.012606
-0.403211,0.199646,0.01471,0.002101,-0.024759,-0.121003,-0.001938,0.000351,-0.015398,-0.105242,-0.012606,0.01974
-0.403727,0.199646,0.002101,-0.024759,-0.121003,-0.001938,0.000351,-0.015398,-0.105242,-0.012606,0.01974,0.024186
-0.40727,0.199646,-0.024759,-0.121003,-0.001938,0.000351,-0.015398,-0.105242,-0.012606,0.01974,0.024186,0.015696
-0.407696,0.199646,-0.121003,-0.001938,0.000351,-0.015398,-0.105242,-0.012606,0.01974,0.024186,0.015696,0.032494
-0.40703,0.199768,-0.001938,0.000351,-0.015398,-0.105242,-0.012606,0.01974,0.024186,0.015696,0.032494,0.041106
-0.406216,0.199768,0.000351,-0.015398,-0.105242,-0.012606,0.01974,0.024186,0.015696,0.032494,0.041106,0.005377
-0.405688,0.199768,-0.015398,-0.105242,-0.012606,0.01974,0.024186,0.015696,0.032494,0.041106,0.005377,-0.034191
-0.404594,0.199768,-0.105242,-0.012606,0.01974,0.024186,0.015696,0.032494,0.041106,0.005377,-0.034191,-0.159319
-0.403214,0.199768,-0.012606,0.01974,0.024186,0.015696,0.032494,0.041106,0.005377,-0.034191,-0.159319,-0.129927
-0.403034,0.198852,0.01974,0.024186,0.015696,0.032494,0.041106,0.005377,-0.034191,-0.159319,-0.129927,0.007714
-0.404179,0.198852,0.024186,0.015696,0.032494,0.041106,0.005377,-0.034191,-0.159319,-0.129927,0.007714,0.035389
-0.409548,0.198852,0.015696,0.032494,0.041106,0.005377,-0.034191,-0.159319,-0.129927,0.007714,0.035389,0.033036
-0.413969,0.198852,0.032494,0.041106,0.005377,-0.034191,-0.159319,-0.129927,0.007714,0.035389,0.033036,0.021202
-0.413705,0.198852,0.041106,0.005377,-0.034191,-0.159319,-0.129927,0.007714,0.035389,0.033036,0.021202,0.044124
-0.412499,0.198852,0.005377,-0.034191,-0.159319,-0.129927,0.007714,0.035389,0.033036,0.021202,0.044124,0.045871
-0.411377,0.198852,-0.034191,-0.159319,-0.129927,0.007714,0.035389,0.033036,0.021202,0.044124,0.045871,0.012907
-0.410657,0.198852,-0.159319,-0.129927,0.007714,0.035389,0.033036,0.021202,0.044124,0.045871,0.012907,0.007158
-0.409161,0.198852,-0.129927,0.007714,0.035389,0.033036,0.021202,0.044124,0.045871,0.012907,0.007158,0.051746
-0.407609,0.200043,0.007714,0.035389,0.033036,0.021202,0.044124,0.045871,0.012907,0.007158,0.051746,0.061655
-0.407173,0.200043,0.035389,0.033036,0.021202,0.044124,0.045871,0.012907,0.007158,0.051746,0.061655,0.000837
-0.406932,0.200043,0.033036,0.021202,0.044124,0.045871,0.012907,0.007158,0.051746,0.061655,0.000837,0.012381
-0.40519,0.200043,0.021202,0.044124,0.045871,0.012907,0.007158,0.051746,0.061655,0.000837,0.012381,0.02879
-0.403119,0.200043,0.044124,0.045871,0.012907,0.007158,0.051746,0.061655,0.000837,0.012381,0.02879,0.015246
-0.403091,0.199524,0.045871,0.012907,0.007158,0.051746,0.061655,0.000837,0.012381,0.02879,0.015246,0.031337
-0.402677,0.199524,0.012907,0.007158,0.051746,0.061655,0.000837,0.012381,0.02879,0.015246,0.031337,0.028277
-0.401714,0.199524,0.007158,0.051746,0.061655,0.000837,0.012381,0.02879,0.015246,0.031337,0.028277,-0.036978
-0.401205,0.199524,0.051746,0.061655,0.000837,0.012381,0.02879,0.015246,0.031337,0.028277,-0.036978,-0.129464
-0.400159,0.199524,0.061655,0.000837,0.012381,0.02879,0.015246,0.031337,0.028277,-0.036978,-0.129464,-0.034932
-0.399216,0.199524,0.000837,0.012381,0.02879,0.015246,0.031337,0.028277,-0.036978,-0.129464,-0.034932,-0.087571
-0.400448,0.199524,0.012381,0.02879,0.015246,0.031337,0.028277,-0.036978,-0.129464,-0.034932,-0.087571,-0.04525
-0.404778,0.199524,0.02879,0.015246,0.031337,0.028277,-0.036978,-0.129464,-0.034932,-0.087571,-0.04525,-0.083255
-0.405952,0.199524,0.015246,0.031337,0.028277,-0.036978,-0.129464,-0.034932,-0.087571,-0.04525,-0.083255,0.020824
-0.40891,0.199646,0.031337,0.028277,-0.036978,-0.129464,-0.034932,-0.087571,-0.04525,-0.083255,0.020824,0.048852
-0.410445,0.199646,0.028277,-0.036978,-0.129464,-0.034932,-0.087571,-0.04525,-0.083255,0.020824,0.048852,0.045365
-0.413276,0.199646,-0.036978,-0.129464,-0.034932,-0.087571,-0.04525,-0.083255,0.020824,0.048852,0.045365,0.050029
-0.412567,0.199646,-0.129464,-0.034932,-0.087571,-0.04525,-0.083255,0.020824,0.048852,0.045365,0.050029,0.031822
-0.410907,0.199646,-0.034932,-0.087571,-0.04525,-0.083255,0.020824,0.048852,0.045365,0.050029,0.031822,0.023915
-0.409368,0.199524,-0.087571,-0.04525,-0.083255,0.020824,0.048852,0.045365,0.050029,0.031822,0.023915,0.040437
-0.407674,0.199524,-0.04525,-0.083255,0.020824,0.048852,0.045365,0.050029,0.031822,0.023915,0.040437,0.063853
-0.406601,0.199524,-0.083255,0.020824,0.048852,0.045365,0.050029,0.031822,0.023915,0.040437,0.063853,0.021891
-0.405796,0.199524,0.020824,0.048852,0.045365,0.050029,0.031822,0.023915,0.040437,0.063853,0.021891,0.02363
-0.404438,0.199524,0.048852,0.045365,0.050029,0.031822,0.023915,0.040437,0.063853,0.021891,0.02363,0.027056
-0.402296,0.199524,0.045365,0.050029,0.031822,0.023915,0.040437,0.063853,0.021891,0.02363,0.027056,0.017363
-0.401563,0.199524,0.050029,0.031822,0.023915,0.040437,0.063853,0.021891,0.02363,0.027056,0.017363,0.033924
-0.400774,0.199524,0.031822,0.023915,0.040437,0.063853,0.021891,0.02363,0.027056,0.017363,0.033924,-0.0153
-0.399872,0.199524,0.023915,0.040437,0.063853,0.021891,0.02363,0.027056,0.017363,0.033924,-0.0153,-0.116622
-0.399294,0.199524,0.040437,0.063853,0.021891,0.02363,0.027056,0.017363,0.033924,-0.0153,-0.116622,-0.064067
-0.398165,0.197693,0.063853,0.021891,0.02363,0.027056,0.017363,0.033924,-0.0153,-0.116622,-0.064067,-0.099512
-0.398674,0.197693,0.021891,0.02363,0.027056,0.017363,0.033924,-0.0153,-0.116622,-0.064067,-0.099512,0.027018
-0.402565,0.197693,0.02363,0.027056,0.017363,0.033924,-0.0153,-0.116622,-0.064067,-0.099512,0.027018,0.024813
-0.404712,0.197693,0.027056,0.017363,0.033924,-0.0153,-0.116622,-0.064067,-0.099512,0.027018,0.024813,0.03407
-0.408062,0.197693,0.017363,0.033924,-0.0153,-0.116622,-0.064067,-0.099512,0.027018,0.024813,0.03407,-0.01021
-0.40715,0.196503,0.033924,-0.0153,-0.116622,-0.064067,-0.099512,0.027018,0.024813,0.03407,-0.01021,-0.111351
-0.406312,0.196503,-0.0153,-0.116622,-0.064067,-0.099512,0.027018,0.024813,0.03407,-0.01021,-0.111351,0.016909
-0.405166,0.196503,-0.116622,-0.064067,-0.099512,0.027018,0.024813,0.03407,-0.01021,-0.111351,0.016909,0.068796
-0.405509,0.196503,-0.064067,-0.099512,0.027018,0.024813,0.03407,-0.01021,-0.111351,0.016909,0.068796,0.035045
-0.409265,0.196503,-0.099512,0.027018,0.024813,0.03407,-0.01021,-0.111351,0.016909,0.068796,0.035045,0.012532
-0.408692,0.196503,0.027018,0.024813,0.03407,-0.01021,-0.111351,0.016909,0.068796,0.035045,0.012532,0.044602
-0.406367,0.196503,0.024813,0.03407,-0.01021,-0.111351,0.016909,0.068796,0.035045,0.012532,0.044602,0.046784
-0.405188,0.196503,0.03407,-0.01021,-0.111351,0.016909,0.068796,0.035045,0.012532,0.044602,0.046784,0.005899
-0.404767,0.196503,-0.01021,-0.111351,0.016909,0.068796,0.035045,0.012532,0.044602,0.046784,0.005899,0.007167
-0.403271,0.196503,-0.111351,0.016909,0.068796,0.035045,0.012532,0.044602,0.046784,0.005899,0.007167,0.025296
-0.401704,0.196381,0.016909,0.068796,0.035045,0.012532,0.044602,0.046784,0.005899,0.007167,0.025296,0.024436
-0.401507,0.196381,0.068796,0.035045,0.012532,0.044602,0.046784,0.005899,0.007167,0.025296,0.024436,0.033885
-0.401267,0.196381,0.035045,0.012532,0.044602,0.046784,0.005899,0.007167,0.025296,0.024436,0.033885,0.024132
-0.400424,0.196381,0.012532,0.044602,0.046784,0.005899,0.007167,0.025296,0.024436,0.033885,0.024132,0.004718
-0.39961,0.196503,0.044602,0.046784,0.005899,0.007167,0.025296,0.024436,0.033885,0.024132,0.004718,-0.007107
-0.398481,0.196503,0.046784,0.005899,0.007167,0.025296,0.024436,0.033885,0.024132,0.004718,-0.007107,0.026052
-0.397679,0.196503,0.005899,0.007167,0.025296,0.024436,0.033885,0.024132,0.004718,-0.007107,0.026052,0.040756
-0.397522,0.196503,0.007167,0.025296,0.024436,0.033885,0.024132,0.004718,-0.007107,0.026052,0.040756,0.001784
-0.397758,0.196503,0.025296,0.024436,0.033885,0.024132,0.004718,-0.007107,0.026052,0.040756,0.001784,-0.034777
-0.396894,0.196503,0.024436,0.033885,0.024132,0.004718,-0.007107,0.026052,0.040756,0.001784,-0.034777,-0.123146
-0.395543,0.196503,0.033885,0.024132,0.004718,-0.007107,0.026052,0.040756,0.001784,-0.034777,-0.123146,-0.013317
-0.395484,0.196503,0.024132,0.004718,-0.007107,0.026052,0.040756,0.001784,-0.034777,-0.123146,-0.013317,0.044816
-0.396635,0.196503,0.004718,-0.007107,0.026052,0.040756,0.001784,-0.034777,-0.123146,-0.013317,0.044816,0.029378
-0.400727,0.196503,-0.007107,0.026052,0.040756,0.001784,-0.034777,-0.123146,-0.013317,0.044816,0.029378,-0.005545
-0.401172,0.195862,0.026052,0.040756,0.001784,-0.034777,-0.123146,-0.013317,0.044816,0.029378,-0.005545,0.002788
-0.399676,0.195862,0.040756,0.001784,-0.034777,-0.123146,-0.013317,0.044816,0.029378,-0.005545,0.002788,0.024243
-0.398697,0.195862,0.001784,-0.034777,-0.123146,-0.013317,0.044816,0.029378,-0.005545,0.002788,0.024243,0.036137
-0.398881,0.195862,-0.034777,-0.123146,-0.013317,0.044816,0.029378,-0.005545,0.002788,0.024243,0.036137,-0.004766
-0.398789,0.195862,-0.123146,-0.013317,0.044816,0.029378,-0.005545,0.002788,0.024243,0.036137,-0.004766,0.003733
-0.397983,0.195618,-0.013317,0.044816,0.029378,-0.005545,0.002788,0.024243,0.036137,-0.004766,0.003733,0.019016
-0.396783,0.195618,0.044816,0.029378,-0.005545,0.002788,0.024243,0.036137,-0.004766,0.003733,0.019016,0.002055
-0.396941,0.195618,0.029378,-0.005545,0.002788,0.024243,0.036137,-0.004766,0.003733,0.019016,0.002055,-0.025131
-0.396817,0.195618,-0.005545,0.002788,0.024243,0.036137,-0.004766,0.003733,0.019016,0.002055,-0.025131,-0.127275
-0.396188,0.195618,0.002788,0.024243,0.036137,-0.004766,0.003733,0.019016,0.002055,-0.025131,-0.127275,-0.018305
-0.39612,0.195618,0.024243,0.036137,-0.004766,0.003733,0.019016,0.002055,-0.025131,-0.127275,-0.018305,0.018158
-0.396953,0.195618,0.036137,-0.004766,0.003733,0.019016,0.002055,-0.025131,-0.127275,-0.018305,0.018158,0.022006
-0.401194,0.195618,-0.004766,0.003733,0.019016,0.002055,-0.025131,-0.127275,-0.018305,0.018158,0.022006,0.051716
-0.401805,0.195618,0.003733,0.019016,0.002055,-0.025131,-0.127275,-0.018305,0.018158,0.022006,0.051716,-0.029125
-0.401199,0.195618,0.019016,0.002055,-0.025131,-0.127275,-0.018305,0.018158,0.022006,0.051716,-0.029125,-0.101114
-0.400465,0.193787,0.002055,-0.025131,-0.127275,-0.018305,0.018158,0.022006,0.051716,-0.029125,-0.101114,0.008685
-0.398741,0.193787,-0.025131,-0.127275,-0.018305,0.018158,0.022006,0.051716,-0.029125,-0.101114,0.008685,0.043644
-0.399711,0.193787,-0.127275,-0.018305,0.018158,0.022006,0.051716,-0.029125,-0.101114,0.008685,0.043644,0.047485
-0.403089,0.193787,-0.018305,0.018158,0.022006,0.051716,-0.029125,-0.101114,0.008685,0.043644,0.047485,0.056208
-0.402799,0.192474,0.018158,0.022006,0.051716,-0.029125,-0.101114,0.008685,0.043644,0.047485,0.056208,0.006757
-0.40134,0.192474,0.022006,0.051716,-0.029125,-0.101114,0.008685,0.043644,0.047485,0.056208,0.006757,0.007268
-0.399754,0.192474,0.051716,-0.029125,-0.101114,0.008685,0.043644,0.047485,0.056208,0.006757,0.007268,0.029523
-0.397883,0.192474,-0.029125,-0.101114,0.008685,0.043644,0.047485,0.056208,0.006757,0.007268,0.029523,0.045313
-0.397658,0.192474,-0.101114,0.008685,0.043644,0.047485,0.056208,0.006757,0.007268,0.029523,0.045313,0.010112
-0.397417,0.192474,0.008685,0.043644,0.047485,0.056208,0.006757,0.007268,0.029523,0.045313,0.010112,0.030314
-0.396439,0.192474,0.043644,0.047485,0.056208,0.006757,0.007268,0.029523,0.045313,0.010112,0.030314,0.029523
-0.394938,0.192474,0.047485,0.056208,0.006757,0.007268,0.029523,0.045313,0.010112,0.030314,0.029523,0.016017
-0.394604,0.192474,0.056208,0.006757,0.007268,0.029523,0.045313,0.010112,0.030314,0.029523,0.016017,0.034451
-0.393603,0.192474,0.006757,0.007268,0.029523,0.045313,0.010112,0.030314,0.029523,0.016017,0.034451,0.024921
-0.392631,0.191437,0.007268,0.029523,0.045313,0.010112,0.030314,0.029523,0.016017,0.034451,0.024921,0.004486
-0.392104,0.191437,0.029523,0.045313,0.010112,0.030314,0.029523,0.016017,0.034451,0.024921,0.004486,-0.003033
-0.390971,0.191437,0.045313,0.010112,0.030314,0.029523,0.016017,0.034451,0.024921,0.004486,-0.003033,0.011516
-0.390152,0.191437,0.010112,0.030314,0.029523,0.016017,0.034451,0.024921,0.004486,-0.003033,0.011516,0.041871
-0.390005,0.191437,0.030314,0.029523,0.016017,0.034451,0.024921,0.004486,-0.003033,0.011516,0.041871,0.000282
-0.390105,0.191437,0.029523,0.016017,0.034451,0.024921,0.004486,-0.003033,0.011516,0.041871,0.000282,0.014633
-0.389727,0.191437,0.016017,0.034451,0.024921,0.004486,-0.003033,0.011516,0.041871,0.000282,0.014633,0.021775
-0.388356,0.191437,0.034451,0.024921,0.004486,-0.003033,0.011516,0.041871,0.000282,0.014633,0.021775,0.000064
-0.388347,0.191437,0.024921,0.004486,-0.003033,0.011516,0.041871,0.000282,0.014633,0.021775,0.000064,0.015597
-0.387868,0.191437,0.004486,-0.003033,0.011516,0.041871,0.000282,0.014633,0.021775,0.000064,0.015597,-0.026248
-0.387158,0.191437,-0.003033,0.011516,0.041871,0.000282,0.014633,0.021775,0.000064,0.015597,-0.026248,-0.117494
-0.387156,0.191437,0.011516,0.041871,0.000282,0.014633,0.021775,0.000064,0.015597,-0.026248,-0.117494,-0.045926
-0.386647,0.191437,0.041871,0.000282,0.014633,0.021775,0.000064,0.015597,-0.026248,-0.117494,-0.045926,0.026188
-0.387504,0.191437,0.000282,0.014633,0.021775,0.000064,0.015597,-0.026248,-0.117494,-0.045926,0.026188,0.044337
-0.391352,0.191437,0.014633,0.021775,0.000064,0.015597,-0.026248,-0.117494,-0.045926,0.026188,0.044337,-0.010725
-0.392862,0.190002,0.021775,0.000064,0.015597,-0.026248,-0.117494,-0.045926,0.026188,0.044337,-0.010725,0.004793
-0.392,0.190002,0.000064,0.015597,-0.026248,-0.117494,-0.045926,0.026188,0.044337,-0.010725,0.004793,0.008662
-0.390543,0.190002,0.015597,-0.026248,-0.117494,-0.045926,0.026188,0.044337,-0.010725,0.004793,0.008662,0.000872
-0.390895,0.190002,-0.026248,-0.117494,-0.045926,0.026188,0.044337,-0.010725,0.004793,0.008662,0.000872,0.02614
-0.390738,0.190002,-0.117494,-0.045926,0.026188,0.044337,-0.010725,0.004793,0.008662,0.000872,0.02614,0.024066
-0.390454,0.190247,-0.045926,0.026188,0.044337,-0.010725,0.004793,0.008662,0.000872,0.02614,0.024066,0.00457
-0.390425,0.190247,0.026188,0.044337,-0.010725,0.004793,0.008662,0.000872,0.02614,0.024066,0.00457,-0.011972
-0.389567,0.190247,0.044337,-0.010725,0.004793,0.008662,0.000872,0.02614,0.024066,0.00457,-0.011972,0.011544
-0.388779,0.190247,-0.010725,0.004793,0.008662,0.000872,0.02614,0.024066,0.00457,-0.011972,0.011544,0.02199
-0.388629,0.190247,0.004793,0.008662,0.000872,0.02614,0.024066,0.00457,-0.011972,0.011544,0.02199,-0.023272
-0.389021,0.190247,0.008662,0.000872,0.02614,0.024066,0.00457,-0.011972,0.011544,0.02199,-0.023272,-0.042796
-0.388643,0.190247,0.000872,0.02614,0.024066,0.00457,-0.011972,0.011544,0.02199,-0.023272,-0.042796,-0.118759
-0.387924,0.190247,0.02614,0.024066,0.00457,-0.011972,0.011544,0.02199,-0.023272,-0.042796,-0.118759,-0.020574
-0.388685,0.190247,0.024066,0.00457,-0.011972,0.011544,0.02199,-0.023272,-0.042796,-0.118759,-0.020574,0.032749
-0.390087,0.190247,0.00457,-0.011972,0.011544,0.02199,-0.023272,-0.042796,-0.118759,-0.020574,0.032749,0.025222
-0.39399,0.19104,-0.011972,0.011544,0.02199,-0.023272,-0.042796,-0.118759,-0.020574,0.032749,0.025222,0.000125
-0.394669,0.19104,0.011544,0.02199,-0.023272,-0.042796,-0.118759,-0.020574,0.032749,0.025222,0.000125,-0.011778
-0.393587,0.19104,0.02199,-0.023272,-0.042796,-0.118759,-0.020574,0.032749,0.025222,0.000125,-0.011778,0.007939
-0.392755,0.19104,-0.023272,-0.042796,-0.118759,-0.020574,0.032749,0.025222,0.000125,-0.011778,0.007939,-0.008648
-0.392751,0.19104,-0.042796,-0.118759,-0.020574,0.032749,0.025222,0.000125,-0.011778,0.007939,-0.008648,-0.119663
-0.393138,0.191284,-0.118759,-0.020574,0.032749,0.025222,0.000125,-0.011778,0.007939,-0.008648,-0.119663,-0.009635
-0.392877,0.191284,-0.020574,0.032749,0.025222,0.000125,-0.011778,0.007939,-0.008648,-0.119663,-0.009635,0.046157
-0.393162,0.191284,0.032749,0.025222,0.000125,-0.011778,0.007939,-0.008648,-0.119663,-0.009635,0.046157,0.012747
-0.397123,0.191284,0.025222,0.000125,-0.011778,0.007939,-0.008648,-0.119663,-0.009635,0.046157,0.012747,0.024352
-0.397443,0.191284,0.000125,-0.011778,0.007939,-0.008648,-0.119663,-0.009635,0.046157,0.012747,0.024352,0.032353
-0.395914,0.191284,-0.011778,0.007939,-0.008648,-0.119663,-0.009635,0.046157,0.012747,0.024352,0.032353,-0.000258
-0.395492,0.191284,0.007939,-0.008648,-0.119663,-0.009635,0.046157,0.012747,0.024352,0.032353,-0.000258,-0.00232
-0.394687,0.191284,-0.008648,-0.119663,-0.009635,0.046157,0.012747,0.024352,0.032353,-0.000258,-0.00232,0.017012
-0.393618,0.191284,-0.119663,-0.009635,0.046157,0.012747,0.024352,0.032353,-0.000258,-0.00232,0.017012,0.043793
-0.393626,0.191284,-0.009635,0.046157,0.012747,0.024352,0.032353,-0.000258,-0.00232,0.017012,0.043793,0.004746
-0.393703,0.191284,0.046157,0.012747,0.024352,0.032353,-0.000258,-0.00232,0.017012,0.043793,0.004746,0.004754
-0.393142,0.190002,0.012747,0.024352,0.032353,-0.000258,-0.00232,0.017012,0.043793,0.004746,0.004754,0.022427
-0.391699,0.190002,0.024352,0.032353,-0.000258,-0.00232,0.017012,0.043793,0.004746,0.004754,0.022427,-0.029125
-0.391543,0.190002,0.032353,-0.000258,-0.00232,0.017012,0.043793,0.004746,0.004754,0.022427,-0.029125,-0.119938
-0.391387,0.190002,-0.000258,-0.00232,0.017012,0.043793,0.004746,0.004754,0.022427,-0.029125,-0.119938,0.004886
-0.390651,0.190124,-0.00232,0.017012,0.043793,0.004746,0.004754,0.022427,-0.029125,-0.119938,0.004886,0.021486
-0.391607,0.190124,0.017012,0.043793,0.004746,0.004754,0.022427,-0.029125,-0.119938,0.004886,0.021486,0.008452
-0.395566,0.190124,0.043793,0.004746,0.004754,0.022427,-0.029125,-0.119938,0.004886,0.021486,0.008452,0.024293
-0.395404,0.190124,0.004746,0.004754,0.022427,-0.029125,-0.119938,0.004886,0.021486,0.008452,0.024293,0.006712
-0.394694,0.190124,0.004754,0.022427,-0.029125,-0.119938,0.004886,0.021486,0.008452,0.024293,0.006712,-0.121924
-0.394415,0.190124,0.022427,-0.029125,-0.119938,0.004886,0.021486,0.008452,0.024293,0.006712,-0.121924,-0.014754
-0.393613,0.190124,-0.029125,-0.119938,0.004886,0.021486,0.008452,0.024293,0.006712,-0.121924,-0.014754,0.037439
-0.393392,0.190124,-0.119938,0.004886,0.021486,0.008452,0.024293,0.006712,-0.121924,-0.014754,0.037439,0.020989
-0.397429,0.190124,0.004886,0.021486,0.008452,0.024293,0.006712,-0.121924,-0.014754,0.037439,0.020989,0.046086
-0.397919,0.190124,0.021486,0.008452,0.024293,0.006712,-0.121924,-0.014754,0.037439,0.020989,0.046086,0.042505
-0.396678,0.191284,0.008452,0.024293,0.006712,-0.121924,-0.014754,0.037439,0.020989,0.046086,0.042505,0.011311
-0.395983,0.191284,0.024293,0.006712,-0.121924,-0.014754,0.037439,0.020989,0.046086,0.042505,0.011311,-0.01213
-0.394458,0.191284,0.006712,-0.121924,-0.014754,0.037439,0.020989,0.046086,0.042505,0.011311,-0.01213,0.014943
-0.393054,0.191284,-0.121924,-0.014754,0.037439,0.020989,0.046086,0.042505,0.011311,-0.01213,0.014943,0.042831
-0.392682,0.190247,-0.014754,0.037439,0.020989,0.046086,0.042505,0.011311,-0.01213,0.014943,0.042831,0.009356
-0.393081,0.190247,0.037439,0.020989,0.046086,0.042505,0.011311,-0.01213,0.014943,0.042831,0.009356,-0.001922
-0.392589,0.190247,0.020989,0.046086,0.042505,0.011311,-0.01213,0.014943,0.042831,0.009356,-0.001922,0.016804
-0.391179,0.190247,0.046086,0.042505,0.011311,-0.01213,0.014943,0.042831,0.009356,-0.001922,0.016804,0.014705
-0.390872,0.190247,0.042505,0.011311,-0.01213,0.014943,0.042831,0.009356,-0.001922,0.016804,0.014705,0.031159
-0.390935,0.190247,0.011311,-0.01213,0.014943,0.042831,0.009356,-0.001922,0.016804,0.014705,0.031159,0.02274
-0.390384,0.190247,-0.01213,0.014943,0.042831,0.009356,-0.001922,0.016804,0.014705,0.031159,0.02274,-0.01865
-0.389902,0.190247,0.014943,0.042831,0.009356,-0.001922,0.016804,0.014705,0.031159,0.02274,-0.01865,0.011992
-0.388881,0.190247,0.042831,0.009356,-0.001922,0.016804,0.014705,0.031159,0.02274,-0.01865,0.011992,0.029869
-0.388136,0.190247,0.009356,-0.001922,0.016804,0.014705,0.031159,0.02274,-0.01865,0.011992,0.029869,0.033224
-0.388746,0.190247,-0.001922,0.016804,0.014705,0.031159,0.02274,-0.01865,0.011992,0.029869,0.033224,-0.014421
-0.388354,0.190765,0.016804,0.014705,0.031159,0.02274,-0.01865,0.011992,0.029869,0.033224,-0.014421,0.008667
-0.387379,0.190765,0.014705,0.031159,0.02274,-0.01865,0.011992,0.029869,0.033224,-0.014421,0.008667,0.026658
-0.386294,0.190765,0.031159,0.02274,-0.01865,0.011992,0.029869,0.033224,-0.014421,0.008667,0.026658,0.001103
-0.386765,0.190765,0.02274,-0.01865,0.011992,0.029869,0.033224,-0.014421,0.008667,0.026658,0.001103,-0.025552
-0.386482,0.190124,-0.01865,0.011992,0.029869,0.033224,-0.014421,0.008667,0.026658,0.001103,-0.025552,-0.111463
-0.385615,0.190124,0.011992,0.029869,0.033224,-0.014421,0.008667,0.026658,0.001103,-0.025552,-0.111463,-0.01961
-0.385579,0.190124,0.029869,0.033224,-0.014421,0.008667,0.026658,0.001103,-0.025552,-0.111463,-0.01961,0.015406
-0.386412,0.190124,0.033224,-0.014421,0.008667,0.026658,0.001103,-0.025552,-0.111463,-0.01961,0.015406,0.01471
-0.39006,0.190124,-0.014421,0.008667,0.026658,0.001103,-0.025552,-0.111463,-0.01961,0.015406,0.01471,0.037593
-0.390703,0.190124,0.008667,0.026658,0.001103,-0.025552,-0.111463,-0.01961,0.015406,0.01471,0.037593,-0.004715
-0.390198,0.190124,0.026658,0.001103,-0.025552,-0.111463,-0.01961,0.015406,0.01471,0.037593,-0.004715,-0.002927
-0.389716,0.190124,0.001103,-0.025552,-0.111463,-0.01961,0.015406,0.01471,0.037593,-0.004715,-0.002927,-0.034413
-0.388484,0.190124,-0.025552,-0.111463,-0.01961,0.015406,0.01471,0.037593,-0.004715,-0.002927,-0.034413,-0.126408
-0.388639,0.190124,-0.111463,-0.01961,0.015406,0.01471,0.037593,-0.004715,-0.002927,-0.034413,-0.126408,-0.036541
-0.388734,0.190124,-0.01961,0.015406,0.01471,0.037593,-0.004715,-0.002927,-0.034413,-0.126408,-0.036541,-0.093079
-0.38986,0.188812,0.015406,0.01471,0.037593,-0.004715,-0.002927,-0.034413,-0.126408,-0.036541,-0.093079,-0.020158
-0.394015,0.188812,0.01471,0.037593,-0.004715,-0.002927,-0.034413,-0.126408,-0.036541,-0.093079,-0.020158,-0.019959
-0.395223,0.188812,0.037593,-0.004715,-0.002927,-0.034413,-0.126408,-0.036541,-0.093079,-0.020158,-0.019959,-0.107206
-0.398313,0.188812,-0.004715,-0.002927,-0.034413,-0.126408,-0.036541,-0.093079,-0.020158,-0.019959,-0.107206,-0.013352
-0.398983,0.188812,-0.002927,-0.034413,-0.126408,-0.036541,-0.093079,-0.020158,-0.019959,-0.107206,-0.013352,-0.113217
-0.399647,0.189606,-0.034413,-0.126408,-0.036541,-0.093079,-0.020158,-0.019959,-0.107206,-0.013352,-0.113217,-0.017973
-0.403227,0.189606,-0.126408,-0.036541,-0.093079,-0.020158,-0.019959,-0.107206,-0.013352,-0.113217,-0.017973,0.059033
-0.403675,0.189606,-0.036541,-0.093079,-0.020158,-0.019959,-0.107206,-0.013352,-0.113217,-0.017973,0.059033,0.045663
-0.407488,0.189606,-0.093079,-0.020158,-0.019959,-0.107206,-0.013352,-0.113217,-0.017973,0.059033,0.045663,0.044883
-0.408095,0.189606,-0.020158,-0.019959,-0.107206,-0.013352,-0.113217,-0.017973,0.059033,0.045663,0.044883,0.055521
-0.406105,0.189606,-0.019959,-0.107206,-0.013352,-0.113217,-0.017973,0.059033,0.045663,0.044883,0.055521,0.014926
-0.404571,0.189606,-0.107206,-0.013352,-0.113217,-0.017973,0.059033,0.045663,0.044883,0.055521,0.014926,0.0203
-0.403064,0.189606,-0.013352,-0.113217,-0.017973,0.059033,0.045663,0.044883,0.055521,0.014926,0.0203,0.034991
-0.401205,0.189606,-0.113217,-0.017973,0.059033,0.045663,0.044883,0.055521,0.014926,0.0203,0.034991,0.045909
-0.400706,0.189606,-0.017973,0.059033,0.045663,0.044883,0.055521,0.014926,0.0203,0.034991,0.045909,0.025675
-0.40003,0.190918,0.059033,0.045663,0.044883,0.055521,0.014926,0.0203,0.034991,0.045909,0.025675,0.027196
-0.398865,0.190918,0.045663,0.044883,0.055521,0.014926,0.0203,0.034991,0.045909,0.025675,0.027196,-0.010606
-0.397339,0.190918,0.044883,0.055521,0.014926,0.0203,0.034991,0.045909,0.025675,0.027196,-0.010606,-0.114727
-0.396487,0.190918,0.055521,0.014926,0.0203,0.034991,0.045909,0.025675,0.027196,-0.010606,-0.114727,0.0166
-0.395586,0.190124,0.014926,0.0203,0.034991,0.045909,0.025675,0.027196,-0.010606,-0.114727,0.0166,0.059802
-0.395937,0.190124,0.0203,0.034991,0.045909,0.025675,0.027196,-0.010606,-0.114727,0.0166,0.059802,0.009205
-0.399745,0.190124,0.034991,0.045909,0.025675,0.027196,-0.010606,-0.114727,0.0166,0.059802,0.009205,0.019352
-0.399192,0.190124,0.045909,0.025675,0.027196,-0.010606,-0.114727,0.0166,0.059802,0.009205,0.019352,0.044198
-0.397202,0.190124,0.025675,0.027196,-0.010606,-0.114727,0.0166,0.059802,0.009205,0.019352,0.044198,0.018159
-0.396897,0.190124,0.027196,-0.010606,-0.114727,0.0166,0.059802,0.009205,0.019352,0.044198,0.018159,-0.114663
-0.396256,0.190124,-0.010606,-0.114727,0.0166,0.059802,0.009205,0.019352,0.044198,0.018159,-0.114663,-0.00724
-0.394795,0.190124,-0.114727,0.0166,0.059802,0.009205,0.019352,0.044198,0.018159,-0.114663,-0.00724,0.053189
-0.394195,0.190124,0.0166,0.059802,0.009205,0.019352,0.044198,0.018159,-0.114663,-0.00724,0.053189,0.053513
-0.397996,0.190124,0.059802,0.009205,0.019352,0.044198,0.018159,-0.114663,-0.00724,0.053189,0.053513,0.047363
-0.398236,0.190124,0.009205,0.019352,0.044198,0.018159,-0.114663,-0.00724,0.053189,0.053513,0.047363,0.041068
-0.396473,0.190521,0.019352,0.044198,0.018159,-0.114663,-0.00724,0.053189,0.053513,0.047363,0.041068,0.014957
-0.394703,0.190521,0.044198,0.018159,-0.114663,-0.00724,0.053189,0.053513,0.047363,0.041068,0.014957,0.010401
-0.393139,0.190521,0.018159,-0.114663,-0.00724,0.053189,0.053513,0.047363,0.041068,0.014957,0.010401,0.033831
-0.391786,0.190521,-0.114663,-0.00724,0.053189,0.053513,0.047363,0.041068,0.014957,0.010401,0.033831,0.055416
-0.391294,0.191284,-0.00724,0.053189,0.053513,0.047363,0.041068,0.014957,0.010401,0.033831,0.055416,0.014255
-0.390953,0.191284,0.053189,0.053513,0.047363,0.041068,0.014957,0.010401,0.033831,0.055416,0.014255,0.021565
-0.389844,0.191284,0.053513,0.047363,0.041068,0.014957,0.010401,0.033831,0.055416,0.014255,0.021565,0.025155
-0.388029,0.191284,0.047363,0.041068,0.014957,0.010401,0.033831,0.055416,0.014255,0.021565,0.025155,-0.035695
-0.387563,0.191284,0.041068,0.014957,0.010401,0.033831,0.055416,0.014255,0.021565,0.025155,-0.035695,-0.11784
-0.386859,0.191284,0.014957,0.010401,0.033831,0.055416,0.014255,0.021565,0.025155,-0.035695,-0.11784,0.015366
-0.38604,0.191284,0.010401,0.033831,0.055416,0.014255,0.021565,0.025155,-0.035695,-0.11784,0.015366,0.020068
-0.387203,0.191284,0.033831,0.055416,0.014255,0.021565,0.025155,-0.035695,-0.11784,0.015366,0.020068,0.015118
-0.391064,0.191284,0.055416,0.014255,0.021565,0.025155,-0.035695,-0.11784,0.015366,0.020068,0.015118,0.017242
-0.390559,0.191284,0.014255,0.021565,0.025155,-0.035695,-0.11784,0.015366,0.020068,0.015118,0.017242,0.042728
-0.389901,0.189484,0.021565,0.025155,-0.035695,-0.11784,0.015366,0.020068,0.015118,0.017242,0.042728,-0.000766
-0.389406,0.189484,0.025155,-0.035695,-0.11784,0.015366,0.020068,0.015118,0.017242,0.042728,-0.000766,-0.001459
-0.388842,0.189484,-0.035695,-0.11784,0.015366,0.020068,0.015118,0.017242,0.042728,-0.000766,-0.001459,0.014241
-0.387444,0.189484,-0.11784,0.015366,0.020068,0.015118,0.017242,0.042728,-0.000766,-0.001459,0.014241,0.008708
-0.387469,0.189484,0.015366,0.020068,0.015118,0.017242,0.042728,-0.000766,-0.001459,0.014241,0.008708,-0.001309
-0.387517,0.188965,0.020068,0.015118,0.017242,0.042728,-0.000766,-0.001459,0.014241,0.008708,-0.001309,-0.114436
-0.387052,0.188965,0.015118,0.017242,0.042728,-0.000766,-0.001459,0.014241,0.008708,-0.001309,-0.114436,-0.037905
-0.386768,0.188965,0.017242,0.042728,-0.000766,-0.001459,0.014241,0.008708,-0.001309,-0.114436,-0.037905,0.01425
-0.386811,0.188965,0.042728,-0.000766,-0.001459,0.014241,0.008708,-0.001309,-0.114436,-0.037905,0.01425,0.025986
-0.390559,0.188965,-0.000766,-0.001459,0.014241,0.008708,-0.001309,-0.114436,-0.037905,0.01425,0.025986,0.033583
-0.391804,0.188965,-0.001459,0.014241,0.008708,-0.001309,-0.114436,-0.037905,0.01425,0.025986,0.033583,-0.01607
-0.391336,0.188965,0.014241,0.008708,-0.001309,-0.114436,-0.037905,0.01425,0.025986,0.033583,-0.01607,0.005924
-0.390483,0.188965,0.008708,-0.001309,-0.114436,-0.037905,0.01425,0.025986,0.033583,-0.01607,0.005924,0.020488
-0.389381,0.188965,-0.001309,-0.114436,-0.037905,0.01425,0.025986,0.033583,-0.01607,0.005924,0.020488,0.005472
-0.389908,0.188965,-0.114436,-0.037905,0.01425,0.025986,0.033583,-0.01607,0.005924,0.020488,0.005472,0.018405
-0.389714,0.187378,-0.037905,0.01425,0.025986,0.033583,-0.01607,0.005924,0.020488,0.005472,0.018405,0.030002
-0.389044,0.187378,0.01425,0.025986,0.033583,-0.01607,0.005924,0.020488,0.005472,0.018405,0.030002,-0.003613
-0.388865,0.187378,0.025986,0.033583,-0.01607,0.005924,0.020488,0.005472,0.018405,0.030002,-0.003613,-0.007718
-0.388262,0.187378,0.033583,-0.01607,0.005924,0.020488,0.005472,0.018405,0.030002,-0.003613,-0.007718,0.008701
-0.387281,0.187378,-0.01607,0.005924,0.020488,0.005472,0.018405,0.030002,-0.003613,-0.007718,0.008701,0.027824
-0.387399,0.187897,0.005924,0.020488,0.005472,0.018405,0.030002,-0.003613,-0.007718,0.008701,0.027824,-0.006142
-0.387651,0.187897,0.020488,0.005472,0.018405,0.030002,-0.003613,-0.007718,0.008701,0.027824,-0.006142,0.002897
-0.387367,0.187897,0.005472,0.018405,0.030002,-0.003613,-0.007718,0.008701,0.027824,-0.006142,0.002897,0.010334
-0.386459,0.187897,0.018405,0.030002,-0.003613,-0.007718,0.008701,0.027824,-0.006142,0.002897,0.010334,-0.003218
-0.386659,0.187897,0.030002,-0.003613,-0.007718,0.008701,0.027824,-0.006142,0.002897,0.010334,-0.003218,0.024658
-0.386565,0.187897,-0.003613,-0.007718,0.008701,0.027824,-0.006142,0.002897,0.010334,-0.003218,0.024658,0.024307
-0.386228,0.187897,-0.007718,0.008701,0.027824,-0.006142,0.002897,0.010334,-0.003218,0.024658,0.024307,-0.008287
-0.386333,0.187897,0.008701,0.027824,-0.006142,0.002897,0.010334,-0.003218,0.024658,0.024307,-0.008287,-0.008874
-0.385529,0.187897,0.027824,-0.006142,0.002897,0.010334,-0.003218,0.024658,0.024307,-0.008287,-0.008874,0.008365
-0.384738,0.187897,-0.006142,0.002897,0.010334,-0.003218,0.024658,0.024307,-0.008287,-0.008874,0.008365,0.03313
-0.385007,0.187897,0.002897,0.010334,-0.003218,0.024658,0.024307,-0.008287,-0.008874,0.008365,0.03313,-0.024699
-0.385296,0.187134,0.010334,-0.003218,0.024658,0.024307,-0.008287,-0.008874,0.008365,0.03313,-0.024699,-0.014104
-0.385024,0.187134,-0.003218,0.024658,0.024307,-0.008287,-0.008874,0.008365,0.03313,-0.024699,-0.014104,0.014427
-0.383947,0.187134,0.024658,0.024307,-0.008287,-0.008874,0.008365,0.03313,-0.024699,-0.014104,0.014427,-0.000376
-0.38475,0.187134,0.024307,-0.008287,-0.008874,0.008365,0.03313,-0.024699,-0.014104,0.014427,-0.000376,0.005117
-0.385208,0.188171,-0.008287,-0.008874,0.008365,0.03313,-0.024699,-0.014104,0.014427,-0.000376,0.005117,-0.038029
-0.38474,0.188171,-0.008874,0.008365,0.03313,-0.024699,-0.014104,0.014427,-0.000376,0.005117,-0.038029,-0.117686
-0.384752,0.188171,0.008365,0.03313,-0.024699,-0.014104,0.014427,-0.000376,0.005117,-0.038029,-0.117686,-0.038866
-0.384585,0.188171,0.03313,-0.024699,-0.014104,0.014427,-0.000376,0.005117,-0.038029,-0.117686,-0.038866,0.021413
-0.385824,0.188171,-0.024699,-0.014104,0.014427,-0.000376,0.005117,-0.038029,-0.117686,-0.038866,0.021413,0.030415
-0.389668,0.188171,-0.014104,0.014427,-0.000376,0.005117,-0.038029,-0.117686,-0.038866,0.021413,0.030415,-0.02033
-0.390941,0.188171,0.014427,-0.000376,0.005117,-0.038029,-0.117686,-0.038866,0.021413,0.030415,-0.02033,0.008056
-0.390239,0.188171,-0.000376,0.005117,-0.038029,-0.117686,-0.038866,0.021413,0.030415,-0.02033,0.008056,0.01086
-0.389242,0.188171,0.005117,-0.038029,-0.117686,-0.038866,0.021413,0.030415,-0.02033,0.008056,0.01086,-0.001653
-0.389908,0.188171,-0.038029,-0.117686,-0.038866,0.021413,0.030415,-0.02033,0.008056,0.01086,-0.001653,0.014827
-0.389644,0.188171,-0.117686,-0.038866,0.021413,0.030415,-0.02033,0.008056,0.01086,-0.001653,0.014827,-0.030995
-0.389289,0.187378,-0.038866,0.021413,0.030415,-0.02033,0.008056,0.01086,-0.001653,0.014827,-0.030995,-0.156876
-0.389343,0.187378,0.021413,0.030415,-0.02033,0.008056,0.01086,-0.001653,0.014827,-0.030995,-0.156876,-0.157299
-0.388857,0.187378,0.030415,-0.02033,0.008056,0.01086,-0.001653,0.014827,-0.030995,-0.156876,-0.157299,-0.027818
-0.389874,0.187378,-0.02033,0.008056,0.01086,-0.001653,0.014827,-0.030995,-0.156876,-0.157299,-0.027818,-0.092226
-0.395037,0.187378,0.008056,0.01086,-0.001653,0.014827,-0.030995,-0.156876,-0.157299,-0.027818,-0.092226,-0.010737
-0.400255,0.187531,0.01086,-0.001653,0.014827,-0.030995,-0.156876,-0.157299,-0.027818,-0.092226,-0.010737,0.0414
-0.401183,0.187531,-0.001653,0.014827,-0.030995,-0.156876,-0.157299,-0.027818,-0.092226,-0.010737,0.0414,0.041422
-0.404273,0.187531,0.014827,-0.030995,-0.156876,-0.157299,-0.027818,-0.092226,-0.010737,0.0414,0.041422,0.019601
-0.404634,0.187531,-0.030995,-0.156876,-0.157299,-0.027818,-0.092226,-0.010737,0.0414,0.041422,0.019601,0.036723
-0.403245,0.187531,-0.156876,-0.157299,-0.027818,-0.092226,-0.010737,0.0414,0.041422,0.019601,0.036723,0.04119
-0.40186,0.187531,-0.157299,-0.027818,-0.092226,-0.010737,0.0414,0.041422,0.019601,0.036723,0.04119,0.034008
-0.401205,0.187531,-0.027818,-0.092226,-0.010737,0.0414,0.041422,0.019601,0.036723,0.04119,0.034008,0.019977
-0.399979,0.187531,-0.092226,-0.010737,0.0414,0.041422,0.019601,0.036723,0.04119,0.034008,0.019977,0.034078
-0.398606,0.187531,-0.010737,0.0414,0.041422,0.019601,0.036723,0.04119,0.034008,0.019977,0.034078,0.0095
-0.397477,0.187531,0.0414,0.041422,0.019601,0.036723,0.04119,0.034008,0.019977,0.034078,0.0095,-0.118767
-0.396815,0.187653,0.041422,0.019601,0.036723,0.04119,0.034008,0.019977,0.034078,0.0095,-0.118767,-0.011981
-0.395686,0.187653,0.019601,0.036723,0.04119,0.034008,0.019977,0.034078,0.0095,-0.118767,-0.011981,0.044586
-0.395372,0.187653,0.036723,0.04119,0.034008,0.019977,0.034078,0.0095,-0.118767,-0.011981,0.044586,0.019165
-0.399317,0.187653,0.04119,0.034008,0.019977,0.034078,0.0095,-0.118767,-0.011981,0.044586,0.019165,0.000293
-0.399716,0.188415,0.034008,0.019977,0.034078,0.0095,-0.118767,-0.011981,0.044586,0.019165,0.000293,-0.09307
-0.398234,0.188415,0.019977,0.034078,0.0095,-0.118767,-0.011981,0.044586,0.019165,0.000293,-0.09307,-0.017998
-0.397598,0.188415,0.034078,0.0095,-0.118767,-0.011981,0.044586,0.019165,0.000293,-0.09307,-0.017998,0.03644
-0.397588,0.188415,0.0095,-0.118767,-0.011981,0.044586,0.019165,0.000293,-0.09307,-0.017998,0.03644,0.044841
-0.400689,0.188415,-0.118767,-0.011981,0.044586,0.019165,0.000293,-0.09307,-0.017998,0.03644,0.044841,0.063757
-0.40129,0.188415,-0.011981,0.044586,0.019165,0.000293,-0.09307,-0.017998,0.03644,0.044841,0.063757,0.027536
-0.400075,0.188415,0.044586,0.019165,0.000293,-0.09307,-0.017998,0.03644,0.044841,0.063757,0.027536,0.028054
-0.398583,0.188415,0.019165,0.000293,-0.09307,-0.017998,0.03644,0.044841,0.063757,0.027536,0.028054,0.036346
-0.396465,0.188415,0.000293,-0.09307,-0.017998,0.03644,0.044841,0.063757,0.027536,0.028054,0.036346,-0.015082
-0.395552,0.188415,-0.09307,-0.017998,0.03644,0.044841,0.063757,0.027536,0.028054,0.036346,-0.015082,-0.139875
-0.394625,0.189331,-0.017998,0.03644,0.044841,0.063757,0.027536,0.028054,0.036346,-0.015082,-0.139875,-0.10967
-0.393426,0.189331,0.03644,0.044841,0.063757,0.027536,0.028054,0.036346,-0.015082,-0.139875,-0.10967,0.016821
-0.393924,0.189331,0.044841,0.063757,0.027536,0.028054,0.036346,-0.015082,-0.139875,-0.10967,0.016821,0.044809
-0.39856,0.189331,0.063757,0.027536,0.028054,0.036346,-0.015082,-0.139875,-0.10967,0.016821,0.044809,0.040407
-0.402222,0.189331,0.027536,0.028054,0.036346,-0.015082,-0.139875,-0.10967,0.016821,0.044809,0.040407,0.060269
-0.40166,0.189331,0.028054,0.036346,-0.015082,-0.139875,-0.10967,0.016821,0.044809,0.040407,0.060269,0.025757
-0.400165,0.189331,0.036346,-0.015082,-0.139875,-0.10967,0.016821,0.044809,0.040407,0.060269,0.025757,0.019677
-0.39882,0.189331,-0.015082,-0.139875,-0.10967,0.016821,0.044809,0.040407,0.060269,0.025757,0.019677,0.030645
-0.396817,0.189331,-0.139875,-0.10967,0.016821,0.044809,0.040407,0.060269,0.025757,0.019677,0.030645,0.040021
-0.395963,0.189331,-0.10967,0.016821,0.044809,0.040407,0.060269,0.025757,0.019677,0.030645,0.040021,0.061759
-0.395312,0.189331,0.016821,0.044809,0.040407,0.060269,0.025757,0.019677,0.030645,0.040021,0.061759,0.049746
-0.3943,0.189331,0.044809,0.040407,0.060269,0.025757,0.019677,0.030645,0.040021,0.061759,0.049746,0.010957
-0.392981,0.189331,0.040407,0.060269,0.025757,0.019677,0.030645,0.040021,0.061759,0.049746,0.010957,0.000534
-0.390948,0.189331,0.060269,0.025757,0.019677,0.030645,0.040021,0.061759,0.049746,0.010957,0.000534,-0.007013
-0.389315,0.189331,0.025757,0.019677,0.030645,0.040021,0.061759,0.049746,0.010957,0.000534,-0.007013,-0.14792
-0.388956,0.189484,0.019677,0.030645,0.040021,0.061759,0.049746,0.010957,0.000534,-0.007013,-0.14792,-0.179796
-0.388939,0.189484,0.030645,0.040021,0.061759,0.049746,0.010957,0.000534,-0.007013,-0.14792,-0.179796,-0.110932
-0.389168,0.189484,0.040021,0.061759,0.049746,0.010957,0.000534,-0.007013,-0.14792,-0.179796,-0.110932,-0.007618
-0.394034,0.189484,0.061759,0.049746,0.010957,0.000534,-0.007013,-0.14792,-0.179796,-0.110932,-0.007618,-0.075441
-0.400004,0.189331,0.049746,0.010957,0.000534,-0.007013,-0.14792,-0.179796,-0.110932,-0.007618,-0.075441,0.031416
-0.403713,0.189331,0.010957,0.000534,-0.007013,-0.14792,-0.179796,-0.110932,-0.007618,-0.075441,0.031416,0.067378
-0.403968,0.189331,0.000534,-0.007013,-0.14792,-0.179796,-0.110932,-0.007618,-0.075441,0.031416,0.067378,-0.005593
-0.406503,0.189331,-0.007013,-0.14792,-0.179796,-0.110932,-0.007618,-0.075441,0.031416,0.067378,-0.005593,-0.101202
-0.405445,0.189331,-0.14792,-0.179796,-0.110932,-0.007618,-0.075441,0.031416,0.067378,-0.005593,-0.101202,0.016323
-0.40318,0.189331,-0.179796,-0.110932,-0.007618,-0.075441,0.031416,0.067378,-0.005593,-0.101202,0.016323,0.093798
-0.403368,0.189331,-0.110932,-0.007618,-0.075441,0.031416,0.067378,-0.005593,-0.101202,0.016323,0.093798,0.042471
-0.406767,0.189331,-0.007618,-0.075441,0.031416,0.067378,-0.005593,-0.101202,0.016323,0.093798,0.042471,0.038098
-0.406217,0.189331,-0.075441,0.031416,0.067378,-0.005593,-0.101202,0.016323,0.093798,0.042471,0.038098,-0.015797
-0.403064,0.189331,0.031416,0.067378,-0.005593,-0.101202,0.016323,0.093798,0.042471,0.038098,-0.015797,-0.110795
-0.401641,0.190643,0.067378,-0.005593,-0.101202,0.016323,0.093798,0.042471,0.038098,-0.015797,-0.110795,-0.027952
-0.400369,0.190643,-0.005593,-0.101202,0.016323,0.093798,0.042471,0.038098,-0.015797,-0.110795,-0.027952,-0.073504
-0.400896,0.190643,-0.101202,0.016323,0.093798,0.042471,0.038098,-0.015797,-0.110795,-0.027952,-0.073504,0.009288
-0.404604,0.190643,0.016323,0.093798,0.042471,0.038098,-0.015797,-0.110795,-0.027952,-0.073504,0.009288,0.062768
-0.405544,0.190643,0.093798,0.042471,0.038098,-0.015797,-0.110795,-0.027952,-0.073504,0.009288,0.062768,0.055039
-0.408025,0.18985,0.042471,0.038098,-0.015797,-0.110795,-0.027952,-0.073504,0.009288,0.062768,0.055039,0.066379
-0.407711,0.18985,0.038098,-0.015797,-0.110795,-0.027952,-0.073504,0.009288,0.062768,0.055039,0.066379,-0.019144
-0.405597,0.18985,-0.015797,-0.110795,-0.027952,-0.073504,0.009288,0.062768,0.055039,0.066379,-0.019144,-0.098
-0.403749,0.18985,-0.110795,-0.027952,-0.073504,0.009288,0.062768,0.055039,0.066379,-0.019144,-0.098,0.01911
-0.401526,0.18985,-0.027952,-0.073504,0.009288,0.062768,0.055039,0.066379,-0.019144,-0.098,0.01911,0.0749
-0.402166,0.18985,-0.073504,0.009288,0.062768,0.055039,0.066379,-0.019144,-0.098,0.01911,0.0749,0.065111
-0.405453,0.18985,0.009288,0.062768,0.055039,0.066379,-0.019144,-0.098,0.01911,0.0749,0.065111,0.066643
-0.404812,0.18985,0.062768,0.055039,0.066379,-0.019144,-0.098,0.01911,0.0749,0.065111,0.066643,0.032781
-0.402302,0.18985,0.055039,0.066379,-0.019144,-0.098,0.01911,0.0749,0.065111,0.066643,0.032781,0.023843
-0.400125,0.18985,0.066379,-0.019144,-0.098,0.01911,0.0749,0.065111,0.066643,0.032781,0.023843,0.043548
-0.397905,0.191162,-0.019144,-0.098,0.01911,0.0749,0.065111,0.066643,0.032781,0.023843,0.043548,0.049128
-0.396817,0.191162,-0.098,0.01911,0.0749,0.065111,0.066643,0.032781,0.023843,0.043548,0.049128,-0.037088
-0.396028,0.191162,0.01911,0.0749,0.065111,0.066643,0.032781,0.023843,0.043548,0.049128,-0.037088,-0.098235
-0.394589,0.191162,0.0749,0.065111,0.066643,0.032781,0.023843,0.043548,0.049128,-0.037088,-0.098235,0.014141
-0.392967,0.190002,0.065111,0.066643,0.032781,0.023843,0.043548,0.049128,-0.037088,-0.098235,0.014141,0.047862
-0.394191,0.190002,0.066643,0.032781,0.023843,0.043548,0.049128,-0.037088,-0.098235,0.014141,0.047862,0.053142
-0.397443,0.190002,0.032781,0.023843,0.043548,0.049128,-0.037088,-0.098235,0.014141,0.047862,0.053142,0.006385
-0.396974,0.190002,0.023843,0.043548,0.049128,-0.037088,-0.098235,0.014141,0.047862,0.053142,0.006385,-0.094457
-0.39539,0.190002,0.043548,0.049128,-0.037088,-0.098235,0.014141,0.047862,0.053142,0.006385,-0.094457,-0.054032
-0.393633,0.190002,0.049128,-0.037088,-0.098235,0.014141,0.047862,0.053142,0.006385,-0.094457,-0.054032,-0.093884
-0.393422,0.190002,-0.037088,-0.098235,0.014141,0.047862,0.053142,0.006385,-0.094457,-0.054032,-0.093884,0.04342
-0.396544,0.190002,-0.098235,0.014141,0.047862,0.053142,0.006385,-0.094457,-0.054032,-0.093884,0.04342,0.041182
-0.398336,0.190002,0.014141,0.047862,0.053142,0.006385,-0.094457,-0.054032,-0.093884,0.04342,0.041182,0.060395
-0.401463,0.190002,0.047862,0.053142,0.006385,-0.094457,-0.054032,-0.093884,0.04342,0.041182,0.060395,0.043233
-0.400013,0.187897,0.053142,0.006385,-0.094457,-0.054032,-0.093884,0.04342,0.041182,0.060395,0.043233,0.033257
-0.39864,0.187897,0.006385,-0.094457,-0.054032,-0.093884,0.04342,0.041182,0.060395,0.043233,0.033257,0.049921
-0.396635,0.187897,-0.094457,-0.054032,-0.093884,0.04342,0.041182,0.060395,0.043233,0.033257,0.049921,0.044395
-0.395205,0.187897,-0.054032,-0.093884,0.04342,0.041182,0.060395,0.043233,0.033257,0.049921,0.044395,0.018236
-0.394107,0.187897,-0.093884,0.04342,0.041182,0.060395,0.043233,0.033257,0.049921,0.044395,0.018236,0.017921
-0.39246,0.188965,0.04342,0.041182,0.060395,0.043233,0.033257,0.049921,0.044395,0.018236,0.017921,0.046857
-0.390999,0.188965,0.041182,0.060395,0.043233,0.033257,0.049921,0.044395,0.018236,0.017921,0.046857,0.042819
-0.390401,0.188965,0.060395,0.043233,0.033257,0.049921,0.044395,0.018236,0.017921,0.046857,0.042819,-0.011528
-0.389814,0.188965,0.043233,0.033257,0.049921,0.044395,0.018236,0.017921,0.046857,0.042819,-0.011528,0.013672
-0.388281,0.188965,0.033257,0.049921,0.044395,0.018236,0.017921,0.046857,0.042819,-0.011528,0.013672,0.017916
-0.386881,0.188965,0.049921,0.044395,0.018236,0.017921,0.046857,0.042819,-0.011528,0.013672,0.017916,0.001121
-0.387258,0.188965,0.044395,0.018236,0.017921,0.046857,0.042819,-0.011528,0.013672,0.017916,0.001121,0.023943
-0.386812,0.188965,0.018236,0.017921,0.046857,0.042819,-0.011528,0.013672,0.017916,0.001121,0.023943,0.02687
-0.386228,0.188965,0.017921,0.046857,0.042819,-0.011528,0.013672,0.017916,0.001121,0.023943,0.02687,-0.042421
-0.386192,0.188965,0.046857,0.042819,-0.011528,0.013672,0.017916,0.001121,0.023943,0.02687,-0.042421,-0.12578
-0.385412,0.185822,0.042819,-0.011528,0.013672,0.017916,0.001121,0.023943,0.02687,-0.042421,-0.12578,-0.00765
-0.384537,0.185822,-0.011528,0.013672,0.017916,0.001121,0.023943,0.02687,-0.042421,-0.12578,-0.00765,0.044275
-0.385917,0.185822,0.013672,0.017916,0.001121,0.023943,0.02687,-0.042421,-0.12578,-0.00765,0.044275,-0.00258
-0.390023,0.185822,0.017916,0.001121,0.023943,0.02687,-0.042421,-0.12578,-0.00765,0.044275,-0.00258,-0.028921
-0.390274,0.185822,0.001121,0.023943,0.02687,-0.042421,-0.12578,-0.00765,0.044275,-0.00258,-0.028921,-0.11575
-0.388822,0.185425,0.023943,0.02687,-0.042421,-0.12578,-0.00765,0.044275,-0.00258,-0.028921,-0.11575,-0.021663
-0.388907,0.185425,0.02687,-0.042421,-0.12578,-0.00765,0.044275,-0.00258,-0.028921,-0.11575,-0.021663,0.036964
-0.389854,0.185425,-0.042421,-0.12578,-0.00765,0.044275,-0.00258,-0.028921,-0.11575,-0.021663,0.036964,0.032646
-0.393656,0.185425,-0.12578,-0.00765,0.044275,-0.00258,-0.028921,-0.11575,-0.021663,0.036964,0.032646,-0.052678
-0.394371,0.185425,-0.00765,0.044275,-0.00258,-0.028921,-0.11575,-0.021663,0.036964,0.032646,-0.052678,-0.128949
-0.393151,0.185425,0.044275,-0.00258,-0.028921,-0.11575,-0.021663,0.036964,0.032646,-0.052678,-0.128949,-0.006768
-0.392075,0.185425,-0.00258,-0.028921,-0.11575,-0.021663,0.036964,0.032646,-0.052678,-0.128949,-0.006768,0.04875
-0.39381,0.185425,-0.028921,-0.11575,-0.021663,0.036964,0.032646,-0.052678,-0.128949,-0.006768,0.04875,0.000714
-0.398075,0.185425,-0.11575,-0.021663,0.036964,0.032646,-0.052678,-0.128949,-0.006768,0.04875,0.000714,0.00822
-0.3983,0.185425,-0.021663,0.036964,0.032646,-0.052678,-0.128949,-0.006768,0.04875,0.000714,0.00822,0.035665
-0.396681,0.185425,0.036964,0.032646,-0.052678,-0.128949,-0.006768,0.04875,0.000714,0.00822,0.035665,0.010345
-0.396657,0.185425,0.032646,-0.052678,-0.128949,-0.006768,0.04875,0.000714,0.00822,0.035665,0.010345,-0.01433
-0.396385,0.185425,-0.052678,-0.128949,-0.006768,0.04875,0.000714,0.00822,0.035665,0.010345,-0.01433,-0.111342
-0.395205,0.185425,-0.128949,-0.006768,0.04875,0.000714,0.00822,0.035665,0.010345,-0.01433,-0.111342,-0.015713
-0.394864,0.185425,-0.006768,0.04875,0.000714,0.00822,0.035665,0.010345,-0.01433,-0.111342,-0.015713,0.037458
-0.395338,0.184265,0.04875,0.000714,0.00822,0.035665,0.010345,-0.01433,-0.111342,-0.015713,0.037458,0.035239
-0.399035,0.184265,0.000714,0.00822,0.035665,0.010345,-0.01433,-0.111342,-0.015713,0.037458,0.035239,0.03247
-0.399559,0.184265,0.00822,0.035665,0.010345,-0.01433,-0.111342,-0.015713,0.037458,0.035239,0.03247,-0.000642
-0.398313,0.184265,0.035665,0.010345,-0.01433,-0.111342,-0.015713,0.037458,0.035239,0.03247,-0.000642,0.008955
-0.397144,0.184265,0.010345,-0.01433,-0.111342,-0.015713,0.037458,0.035239,0.03247,-0.000642,0.008955,0.031262
-0.396067,0.184265,-0.01433,-0.111342,-0.015713,0.037458,0.035239,0.03247,-0.000642,0.008955,0.031262,0.007578
-0.396088,0.184265,-0.111342,-0.015713,0.037458,0.035239,0.03247,-0.000642,0.008955,0.031262,0.007578,0.030332
-0.395792,0.184265,-0.015713,0.037458,0.035239,0.03247,-0.000642,0.008955,0.031262,0.007578,0.030332,0.041332
-0.394759,0.184265,0.037458,0.035239,0.03247,-0.000642,0.008955,0.031262,0.007578,0.030332,0.041332,-0.005821
-0.394509,0.184265,0.035239,0.03247,-0.000642,0.008955,0.031262,0.007578,0.030332,0.041332,-0.005821,-0.010743
-0.393507,0.184509,0.03247,-0.000642,0.008955,0.031262,0.007578,0.030332,0.041332,-0.005821,-0.010743,0.012854
-0.392144,0.184509,-0.000642,0.008955,0.031262,0.007578,0.030332,0.041332,-0.005821,-0.010743,0.012854,0.044293
-0.392335,0.184509,0.008955,0.031262,0.007578,0.030332,0.041332,-0.005821,-0.010743,0.012854,0.044293,0.00091
-0.392689,0.184509,0.031262,0.007578,0.030332,0.041332,-0.005821,-0.010743,0.012854,0.044293,0.00091,-0.002624
-0.392266,0.184509,0.007578,0.030332,0.041332,-0.005821,-0.010743,0.012854,0.044293,0.00091,-0.002624,0.012908
-0.390809,0.183472,0.030332,0.041332,-0.005821,-0.010743,0.012854,0.044293,0.00091,-0.002624,0.012908,0.007251
-0.390779,0.183472,0.041332,-0.005821,-0.010743,0.012854,0.044293,0.00091,-0.002624,0.012908,0.007251,0.02651
-0.390865,0.183472,-0.005821,-0.010743,0.012854,0.044293,0.00091,-0.002624,0.012908,0.007251,0.02651,0.027313
-0.390442,0.183472,-0.010743,0.012854,0.044293,0.00091,-0.002624,0.012908,0.007251,0.02651,0.027313,0.000297
-0.390204,0.183472,0.012854,0.044293,0.00091,-0.002624,0.012908,0.007251,0.02651,0.027313,0.000297,0.001257
-0.389335,0.183472,0.044293,0.00091,-0.002624,0.012908,0.007251,0.02651,0.027313,0.000297,0.001257,0.019091
-0.38844,0.183472,0.00091,-0.002624,0.012908,0.007251,0.02651,0.027313,0.000297,0.001257,0.019091,0.032822
-0.38843,0.183472,-0.002624,0.012908,0.007251,0.02651,0.027313,0.000297,0.001257,0.019091,0.032822,-0.023375
-0.388389,0.183472,0.012908,0.007251,0.02651,0.027313,0.000297,0.001257,0.019091,0.032822,-0.023375,0.005011
-0.387766,0.183472,0.007251,0.02651,0.027313,0.000297,0.001257,0.019091,0.032822,-0.023375,0.005011,0.017508
-0.386694,0.183594,0.02651,0.027313,0.000297,0.001257,0.019091,0.032822,-0.023375,0.005011,0.017508,-0.003916
-0.387457,0.183594,0.027313,0.000297,0.001257,0.019091,0.032822,-0.023375,0.005011,0.017508,-0.003916,0.01885
-0.387294,0.183594,0.000297,0.001257,0.019091,0.032822,-0.023375,0.005011,0.017508,-0.003916,0.01885,0.016603
-0.386723,0.183594,0.001257,0.019091,0.032822,-0.023375,0.005011,0.017508,-0.003916,0.01885,0.016603,-0.01082
-0.386851,0.184662,0.019091,0.032822,-0.023375,0.005011,0.017508,-0.003916,0.01885,0.016603,-0.01082,-0.011012
-0.386236,0.184662,0.032822,-0.023375,0.005011,0.017508,-0.003916,0.01885,0.016603,-0.01082,-0.011012,-0.000321
-0.385694,0.184662,-0.023375,0.005011,0.017508,-0.003916,0.01885,0.016603,-0.01082,-0.011012,-0.000321,0.022482
-0.386047,0.184662,0.005011,0.017508,-0.003916,0.01885,0.016603,-0.01082,-0.011012,-0.000321,0.022482,-0.057243
-0.386405,0.184662,0.017508,-0.003916,0.01885,0.016603,-0.01082,-0.011012,-0.000321,0.022482,-0.057243,-0.12064
-0.386415,0.184662,-0.003916,0.01885,0.016603,-0.01082,-0.011012,-0.000321,0.022482,-0.057243,-0.12064,-0.015708
-0.385683,0.184662,0.01885,0.016603,-0.01082,-0.011012,-0.000321,0.022482,-0.057243,-0.12064,-0.015708,-0.023988
-0.387551,0.184662,0.016603,-0.01082,-0.011012,-0.000321,0.022482,-0.057243,-0.12064,-0.015708,-0.023988,-0.106498
-0.391503,0.184662,-0.01082,-0.011012,-0.000321,0.022482,-0.057243,-0.12064,-0.015708,-0.023988,-0.106498,0.007594
-0.392019,0.184662,-0.011012,-0.000321,0.022482,-0.057243,-0.12064,-0.015708,-0.023988,-0.106498,0.007594,0.000682
-0.392808,0.184662,-0.000321,0.022482,-0.057243,-0.12064,-0.015708,-0.023988,-0.106498,0.007594,0.000682,0.004582
-0.396329,0.182159,0.022482,-0.057243,-0.12064,-0.015708,-0.023988,-0.106498,0.007594,0.000682,0.004582,0.017587
-0.396077,0.182159,-0.057243,-0.12064,-0.015708,-0.023988,-0.106498,0.007594,0.000682,0.004582,0.017587,0.035101
-0.396054,0.182159,-0.12064,-0.015708,-0.023988,-0.106498,0.007594,0.000682,0.004582,0.017587,0.035101,-0.001283
-0.395903,0.182159,-0.015708,-0.023988,-0.106498,0.007594,0.000682,0.004582,0.017587,0.035101,-0.001283,0.012945
-0.395321,0.182159,-0.023988,-0.106498,0.007594,0.000682,0.004582,0.017587,0.035101,-0.001283,0.012945,0.010595
-0.39416,0.181793,-0.106498,0.007594,0.000682,0.004582,0.017587,0.035101,-0.001283,0.012945,0.010595,-0.001492
-0.394203,0.181793,0.007594,0.000682,0.004582,0.017587,0.035101,-0.001283,0.012945,0.010595,-0.001492,0.035685
-0.393776,0.181793,0.000682,0.004582,0.017587,0.035101,-0.001283,0.012945,0.010595,-0.001492,0.035685,0.008919
-0.393426,0.181793,0.004582,0.017587,0.035101,-0.001283,0.012945,0.010595,-0.001492,0.035685,0.008919,-0.018799
-0.393476,0.181793,0.017587,0.035101,-0.001283,0.012945,0.010595,-0.001492,0.035685,0.008919,-0.018799,0.000837
-0.392299,0.181793,0.035101,-0.001283,0.012945,0.010595,-0.001492,0.035685,0.008919,-0.018799,0.000837,0.018477
-0.392005,0.181793,-0.001283,0.012945,0.010595,-0.001492,0.035685,0.008919,-0.018799,0.000837,0.018477,0.032352
-0.392624,0.181793,0.012945,0.010595,-0.001492,0.035685,0.008919,-0.018799,0.000837,0.018477,0.032352,-0.007549
-0.392596,0.181793,0.010595,-0.001492,0.035685,0.008919,-0.018799,0.000837,0.018477,0.032352,-0.007549,0.01043
-0.391989,0.181793,-0.001492,0.035685,0.008919,-0.018799,0.000837,0.018477,0.032352,-0.007549,0.01043,0.019299
-0.390925,0.183472,0.035685,0.008919,-0.018799,0.000837,0.018477,0.032352,-0.007549,0.01043,0.019299,-0.031675
-0.391173,0.183472,0.008919,-0.018799,0.000837,0.018477,0.032352,-0.007549,0.01043,0.019299,-0.031675,-0.106363
-0.39083,0.183472,-0.018799,0.000837,0.018477,0.032352,-0.007549,0.01043,0.019299,-0.031675,-0.106363,0.008741
-0.390198,0.183472,0.000837,0.018477,0.032352,-0.007549,0.01043,0.019299,-0.031675,-0.106363,0.008741,0.009092
-0.391237,0.183472,0.018477,0.032352,-0.007549,0.01043,0.019299,-0.031675,-0.106363,0.008741,0.009092,-0.024901
-0.394744,0.183472,0.032352,-0.007549,0.01043,0.019299,-0.031675,-0.106363,0.008741,0.009092,-0.024901,-0.148169
-0.394455,0.183472,-0.007549,0.01043,0.019299,-0.031675,-0.106363,0.008741,0.009092,-0.024901,-0.148169,-0.109116
-0.394155,0.183472,0.01043,0.019299,-0.031675,-0.106363,0.008741,0.009092,-0.024901,-0.148169,-0.109116,-0.001164
-0.394976,0.183472,0.019299,-0.031675,-0.106363,0.008741,0.009092,-0.024901,-0.148169,-0.109116,-0.001164,0.034315
-0.399891,0.183472,-0.031675,-0.106363,0.008741,0.009092,-0.024901,-0.148169,-0.109116,-0.001164,0.034315,0.032523
-0.403542,0.183472,-0.106363,0.008741,0.009092,-0.024901,-0.148169,-0.109116,-0.001164,0.034315,0.032523,0.030754
-0.403581,0.183472,0.008741,0.009092,-0.024901,-0.148169,-0.109116,-0.001164,0.034315,0.032523,0.030754,0.059213
-0.402431,0.183472,0.009092,-0.024901,-0.148169,-0.109116,-0.001164,0.034315,0.032523,0.030754,0.059213,0.034396
-0.401345,0.183472,-0.024901,-0.148169,-0.109116,-0.001164,0.034315,0.032523,0.030754,0.059213,0.034396,-0.005186
-0.400319,0.184265,-0.148169,-0.109116,-0.001164,0.034315,0.032523,0.030754,0.059213,0.034396,-0.005186,0.012772
-0.398346,0.184265,-0.109116,-0.001164,0.034315,0.032523,0.030754,0.059213,0.034396,-0.005186,0.012772,0.035783
-0.397202,0.184265,-0.001164,0.034315,0.032523,0.030754,0.059213,0.034396,-0.005186,0.012772,0.035783,0.050284
-0.397374,0.184265,0.034315,0.032523,0.030754,0.059213,0.034396,-0.005186,0.012772,0.035783,0.050284,-0.003016
-0.396951,0.184265,0.032523,0.030754,0.059213,0.034396,-0.005186,0.012772,0.035783,0.050284,-0.003016,0.010157
-0.395766,0.183594,0.030754,0.059213,0.034396,-0.005186,0.012772,0.035783,0.050284,-0.003016,0.010157,0.026328
-0.394103,0.183594,0.059213,0.034396,-0.005186,0.012772,0.035783,0.050284,-0.003016,0.010157,0.026328,0.011442
-0.394203,0.183594,0.034396,-0.005186,0.012772,0.035783,0.050284,-0.003016,0.010157,0.026328,0.011442,0.021054
-0.393867,0.183594,-0.005186,0.012772,0.035783,0.050284,-0.003016,0.010157,0.026328,0.011442,0.021054,0.030412
-0.393,0.183594,0.012772,0.035783,0.050284,-0.003016,0.010157,0.026328,0.011442,0.021054,0.030412,0.014347
-0.392624,0.183594,0.035783,0.050284,-0.003016,0.010157,0.026328,0.011442,0.021054,0.030412,0.014347,0.007611
-0.39193,0.183594,0.050284,-0.003016,0.010157,0.026328,0.011442,0.021054,0.030412,0.014347,0.007611,0.015422
-0.39093,0.183594,-0.003016,0.010157,0.026328,0.011442,0.021054,0.030412,0.014347,0.007611,0.015422,0.04366
-0.390459,0.183594,0.010157,0.026328,0.011442,0.021054,0.030412,0.014347,0.007611,0.015422,0.04366,0.003857
-0.390209,0.183594,0.026328,0.011442,0.021054,0.030412,0.014347,0.007611,0.015422,0.04366,0.003857,0.004609
-0.389704,0.183594,0.011442,0.021054,0.030412,0.014347,0.007611,0.015422,0.04366,0.003857,0.004609,-0.016301
-0.388274,0.183594,0.021054,0.030412,0.014347,0.007611,0.015422,0.04366,0.003857,0.004609,-0.016301,-0.115707
-0.388148,0.183594,0.030412,0.014347,0.007611,0.015422,0.04366,0.003857,0.004609,-0.016301,-0.115707,-0.008697
-0.387997,0.183594,0.014347,0.007611,0.015422,0.04366,0.003857,0.004609,-0.016301,-0.115707,-0.008697,0.041191
-0.38853,0.185181,0.007611,0.015422,0.04366,0.003857,0.004609,-0.016301,-0.115707,-0.008697,0.041191,0.010069
-0.392324,0.185181,0.015422,0.04366,0.003857,0.004609,-0.016301,-0.115707,-0.008697,0.041191,0.010069,-0.001614
-0.39261,0.185181,0.04366,0.003857,0.004609,-0.016301,-0.115707,-0.008697,0.041191,0.010069,-0.001614,0.015034
-0.391254,0.185181,0.003857,0.004609,-0.016301,-0.115707,-0.008697,0.041191,0.010069,-0.001614,0.015034,0.04353
-0.390923,0.185181,0.004609,-0.016301,-0.115707,-0.008697,0.041191,0.010069,-0.001614,0.015034,0.04353,-0.007562
-0.390976,0.185181,-0.016301,-0.115707,-0.008697,0.041191,0.010069,-0.001614,0.015034,0.04353,-0.007562,0.003112
-0.390483,0.185181,-0.115707,-0.008697,0.041191,0.010069,-0.001614,0.015034,0.04353,-0.007562,0.003112,0.021977
-0.389055,0.185181,-0.008697,0.041191,0.010069,-0.001614,0.015034,0.04353,-0.007562,0.003112,0.021977,-0.0206
-0.389303,0.185181,0.041191,0.010069,-0.001614,0.015034,0.04353,-0.007562,0.003112,0.021977,-0.0206,-0.119416
-0.389201,0.185181,0.010069,-0.001614,0.015034,0.04353,-0.007562,0.003112,0.021977,-0.0206,-0.119416,0.005022
-0.388483,0.185181,-0.001614,0.015034,0.04353,-0.007562,0.003112,0.021977,-0.0206,-0.119416,0.005022,-0.022935
-0.389157,0.184113,0.015034,0.04353,-0.007562,0.003112,0.021977,-0.0206,-0.119416,0.005022,-0.022935,-0.11124
-0.393082,0.184113,0.04353,-0.007562,0.003112,0.021977,-0.0206,-0.119416,0.005022,-0.022935,-0.11124,-0.013647
-0.392916,0.184113,-0.007562,0.003112,0.021977,-0.0206,-0.119416,0.005022,-0.022935,-0.11124,-0.013647,0.050219
-0.393672,0.184113,0.003112,0.021977,-0.0206,-0.119416,0.005022,-0.022935,-0.11124,-0.013647,0.050219,-0.03148
-0.397349,0.184113,0.021977,-0.0206,-0.119416,0.005022,-0.022935,-0.11124,-0.013647,0.050219,-0.03148,-0.109365
-0.397802,0.183746,-0.0206,-0.119416,0.005022,-0.022935,-0.11124,-0.013647,0.050219,-0.03148,-0.109365,0.000044
-0.396135,0.183746,-0.119416,0.005022,-0.022935,-0.11124,-0.013647,0.050219,-0.03148,-0.109365,0.000044,0.031834
-0.39718,0.183746,0.005022,-0.022935,-0.11124,-0.013647,0.050219,-0.03148,-0.109365,0.000044,0.031834,0.01322
-0.400819,0.183746,-0.022935,-0.11124,-0.013647,0.050219,-0.03148,-0.109365,0.000044,0.031834,0.01322,-0.097649
-0.400817,0.183746,-0.11124,-0.013647,0.050219,-0.03148,-0.109365,0.000044,0.031834,0.01322,-0.097649,-0.020227
-0.399756,0.183746,-0.013647,0.050219,-0.03148,-0.109365,0.000044,0.031834,0.01322,-0.097649,-0.020227,0.006677
-0.399316,0.183746,0.050219,-0.03148,-0.109365,0.000044,0.031834,0.01322,-0.097649,-0.020227,0.006677,-0.100732
-0.402579,0.183746,-0.03148,-0.109365,0.000044,0.031834,0.01322,-0.097649,-0.020227,0.006677,-0.100732,0.032082
-0.403256,0.183746,-0.109365,0.000044,0.031834,0.01322,-0.097649,-0.020227,0.006677,-0.100732,0.032082,0.031358
-0.403033,0.183746,0.000044,0.031834,0.01322,-0.097649,-0.020227,0.006677,-0.100732,0.032082,0.031358,0.054487
-0.406415,0.185181,0.031834,0.01322,-0.097649,-0.020227,0.006677,-0.100732,0.032082,0.031358,0.054487,0.037559
-0.405335,0.185181,0.01322,-0.097649,-0.020227,0.006677,-0.100732,0.032082,0.031358,0.054487,0.037559,0.021331
-0.40428,0.185181,-0.097649,-0.020227,0.006677,-0.100732,0.032082,0.031358,0.054487,0.037559,0.021331,0.004796
-0.402454,0.185181,-0.020227,0.006677,-0.100732,0.032082,0.031358,0.054487,0.037559,0.021331,0.004796,-0.101156
-0.401199,0.184784,0.006677,-0.100732,0.032082,0.031358,0.054487,0.037559,0.021331,0.004796,-0.101156,-0.017181
-0.400487,0.184784,-0.100732,0.032082,0.031358,0.054487,0.037559,0.021331,0.004796,-0.101156,-0.017181,0.048197
-0.400327,0.184784,0.032082,0.031358,0.054487,0.037559,0.021331,0.004796,-0.101156,-0.017181,0.048197,0.055427
-0.403714,0.184784,0.031358,0.054487,0.037559,0.021331,0.004796,-0.101156,-0.017181,0.048197,0.055427,0.062814
-0.40429,0.184784,0.054487,0.037559,0.021331,0.004796,-0.101156,-0.017181,0.048197,0.055427,0.062814,0.01797
-0.402676,0.184784,0.037559,0.021331,0.004796,-0.101156,-0.017181,0.048197,0.055427,0.062814,0.01797,0.034793
-0.400824,0.184784,0.021331,0.004796,-0.101156,-0.017181,0.048197,0.055427,0.062814,0.01797,0.034793,0.034862
-0.39873,0.184784,0.004796,-0.101156,-0.017181,0.048197,0.055427,0.062814,0.01797,0.034793,0.034862,0.017592
-0.398132,0.184784,-0.101156,-0.017181,0.048197,0.055427,0.062814,0.01797,0.034793,0.034862,0.017592,0.043789
-0.396977,0.184784,-0.017181,0.048197,0.055427,0.062814,0.01797,0.034793,0.034862,0.017592,0.043789,0.052472
-0.395823,0.184784,0.048197,0.055427,0.062814,0.01797,0.034793,0.034862,0.017592,0.043789,0.052472,0.002259
-0.395241,0.185181,0.055427,0.062814,0.01797,0.034793,0.034862,0.017592,0.043789,0.052472,0.002259,0.016354
-0.393794,0.185181,0.062814,0.01797,0.034793,0.034862,0.017592,0.043789,0.052472,0.002259,0.016354,0.031283
-0.392063,0.185181,0.01797,0.034793,0.034862,0.017592,0.043789,0.052472,0.002259,0.016354,0.031283,0.042118
-0.391989,0.185181,0.034793,0.034862,0.017592,0.043789,0.052472,0.002259,0.016354,0.031283,0.042118,-0.04335
-0.391452,0.184662,0.034862,0.017592,0.043789,0.052472,0.002259,0.016354,0.031283,0.042118,-0.04335,-0.103392
-0.390425,0.184662,0.017592,0.043789,0.052472,0.002259,0.016354,0.031283,0.042118,-0.04335,-0.103392,-0.005455
-0.389044,0.184662,0.043789,0.052472,0.002259,0.016354,0.031283,0.042118,-0.04335,-0.103392,-0.005455,0.036561
-0.390466,0.184662,0.052472,0.002259,0.016354,0.031283,0.042118,-0.04335,-0.103392,-0.005455,0.036561,0.045601
-0.393867,0.184662,0.002259,0.016354,0.031283,0.042118,-0.04335,-0.103392,-0.005455,0.036561,0.045601,0.044322
-0.394047,0.184662,0.016354,0.031283,0.042118,-0.04335,-0.103392,-0.005455,0.036561,0.045601,0.044322,-0.006152
-0.392843,0.184662,0.031283,0.042118,-0.04335,-0.103392,-0.005455,0.036561,0.045601,0.044322,-0.006152,0.01439
-0.391341,0.184662,0.042118,-0.04335,-0.103392,-0.005455,0.036561,0.045601,0.044322,-0.006152,0.01439,0.026866
-0.389885,0.184662,-0.04335,-0.103392,-0.005455,0.036561,0.045601,0.044322,-0.006152,0.01439,0.026866,0.042745
-0.390087,0.184662,-0.103392,-0.005455,0.036561,0.045601,0.044322,-0.006152,0.01439,0.026866,0.042745,-0.008291
-0.389616,0.184662,-0.005455,0.036561,0.045601,0.044322,-0.006152,0.01439,0.026866,0.042745,-0.008291,0.023361
-0.388736,0.184662,0.036561,0.045601,0.044322,-0.006152,0.01439,0.026866,0.042745,-0.008291,0.023361,0.023708
-0.387338,0.184662,0.045601,0.044322,-0.006152,0.01439,0.026866,0.042745,-0.008291,0.023361,0.023708,0.004372
-0.38761,0.184662,0.044322,-0.006152,0.01439,0.026866,0.042745,-0.008291,0.023361,0.023708,0.004372,0.021426
-0.386847,0.184662,-0.006152,0.01439,0.026866,0.042745,-0.008291,0.023361,0.023708,0.004372,0.021426,-0.031079
-0.386075,0.184662,0.01439,0.026866,0.042745,-0.008291,0.023361,0.023708,0.004372,0.021426,-0.031079,-0.161298
-0.385933,0.184662,0.026866,0.042745,-0.008291,0.023361,0.023708,0.004372,0.021426,-0.031079,-0.161298,-0.167903
-0.385235,0.184662,0.042745,-0.008291,0.023361,0.023708,0.004372,0.021426,-0.031079,-0.161298,-0.167903,0.005502
-0.386248,0.184662,-0.008291,0.023361,0.023708,0.004372,0.021426,-0.031079,-0.161298,-0.167903,0.005502,0.056962
-0.391526,0.184662,0.023361,0.023708,0.004372,0.021426,-0.031079,-0.161298,-0.167903,0.005502,0.056962,-0.000266
-0.397065,0.184662,0.023708,0.004372,0.021426,-0.031079,-0.161298,-0.167903,0.005502,0.056962,-0.000266,0.012861
-0.396882,0.184662,0.004372,0.021426,-0.031079,-0.161298,-0.167903,0.005502,0.056962,-0.000266,0.012861,0.026577
-0.394995,0.184662,0.021426,-0.031079,-0.161298,-0.167903,0.005502,0.056962,-0.000266,0.012861,0.026577,0.009329
-0.395004,0.184662,-0.031079,-0.161298,-0.167903,0.005502,0.056962,-0.000266,0.012861,0.026577,0.009329,0.025203
-0.394579,0.184662,-0.161298,-0.167903,0.005502,0.056962,-0.000266,0.012861,0.026577,0.009329,0.025203,0.022923
-0.393703,0.185303,-0.167903,0.005502,0.056962,-0.000266,0.012861,0.026577,0.009329,0.025203,0.022923,0.008257
-0.393395,0.185303,0.005502,0.056962,-0.000266,0.012861,0.026577,0.009329,0.025203,0.022923,0.008257,0.006853
-0.392564,0.185303,0.056962,-0.000266,0.012861,0.026577,0.009329,0.025203,0.022923,0.008257,0.006853,0.014666
-0.391809,0.185303,-0.000266,0.012861,0.026577,0.009329,0.025203,0.022923,0.008257,0.006853,0.014666,0.020799
-0.391538,0.185303,0.012861,0.026577,0.009329,0.025203,0.022923,0.008257,0.006853,0.014666,0.020799,-0.018147
-0.391313,0.184784,0.026577,0.009329,0.025203,0.022923,0.008257,0.006853,0.014666,0.020799,-0.018147,-0.040689
-0.390831,0.184784,0.009329,0.025203,0.022923,0.008257,0.006853,0.014666,0.020799,-0.018147,-0.040689,-0.110025
-0.390148,0.184784,0.025203,0.022923,0.008257,0.006853,0.014666,0.020799,-0.018147,-0.040689,-0.110025,-0.017253
-0.390744,0.184784,0.022923,0.008257,0.006853,0.014666,0.020799,-0.018147,-0.040689,-0.110025,-0.017253,0.037397
-0.392081,0.184784,0.008257,0.006853,0.014666,0.020799,-0.018147,-0.040689,-0.110025,-0.017253,0.037397,0.037149
-0.395708,0.184784,0.006853,0.014666,0.020799,-0.018147,-0.040689,-0.110025,-0.017253,0.037397,0.037149,-0.035695
-0.396279,0.184784,0.014666,0.020799,-0.018147,-0.040689,-0.110025,-0.017253,0.037397,0.037149,-0.035695,-0.112574
-0.395041,0.184784,0.020799,-0.018147,-0.040689,-0.110025,-0.017253,0.037397,0.037149,-0.035695,-0.112574,-0.000952
-0.393813,0.184784,-0.018147,-0.040689,-0.110025,-0.017253,0.037397,0.037149,-0.035695,-0.112574,-0.000952,0.059261
-0.394991,0.184784,-0.040689,-0.110025,-0.017253,0.037397,0.037149,-0.035695,-0.112574,-0.000952,0.059261,-0.002029
-0.398721,0.186096,-0.110025,-0.017253,0.037397,0.037149,-0.035695,-0.112574,-0.000952,0.059261,-0.002029,0.016458
-0.398752,0.186096,-0.017253,0.037397,0.037149,-0.035695,-0.112574,-0.000952,0.059261,-0.002029,0.016458,0.04192
-0.396783,0.186096,0.037397,0.037149,-0.035695,-0.112574,-0.000952,0.059261,-0.002029,0.016458,0.04192,0.013822
-0.39685,0.186096,0.037149,-0.035695,-0.112574,-0.000952,0.059261,-0.002029,0.016458,0.04192,0.013822,0.019909
-0.396305,0.186096,-0.035695,-0.112574,-0.000952,0.059261,-0.002029,0.016458,0.04192,0.013822,0.019909,0.023095
-0.394919,0.186737,-0.112574,-0.000952,0.059261,-0.002029,0.016458,0.04192,0.013822,0.019909,0.023095,0.015518
-0.394463,0.186737,-0.000952,0.059261,-0.002029,0.016458,0.04192,0.013822,0.019909,0.023095,0.015518,0.00716
-0.393805,0.186737,0.059261,-0.002029,0.016458,0.04192,0.013822,0.019909,0.023095,0.015518,0.00716,0.022016
-0.393043,0.186737,-0.002029,0.016458,0.04192,0.013822,0.019909,0.023095,0.015518,0.00716,0.022016,0.032045
-0.392532,0.186737,0.016458,0.04192,0.013822,0.019909,0.023095,0.015518,0.00716,0.022016,0.032045,-0.013546
-0.392296,0.186737,0.04192,0.013822,0.019909,0.023095,0.015518,0.00716,0.022016,0.032045,-0.013546,-0.028357
-0.391573,0.186737,0.013822,0.019909,0.023095,0.015518,0.00716,0.022016,0.032045,-0.013546,-0.028357,-0.103204
-0.390519,0.186737,0.019909,0.023095,0.015518,0.00716,0.022016,0.032045,-0.013546,-0.028357,-0.103204,-0.003495
-0.390964,0.186737,0.023095,0.015518,0.00716,0.022016,0.032045,-0.013546,-0.028357,-0.103204,-0.003495,0.046191
-0.391896,0.186737,0.015518,0.00716,0.022016,0.032045,-0.013546,-0.028357,-0.103204,-0.003495,0.046191,0.037397
-0.395297,0.185028,0.00716,0.022016,0.032045,-0.013546,-0.028357,-0.103204,-0.003495,0.046191,0.037397,0.00784
-0.395412,0.185028,0.022016,0.032045,-0.013546,-0.028357,-0.103204,-0.003495,0.046191,0.037397,0.00784,-0.029645
-0.393885,0.185028,0.032045,-0.013546,-0.028357,-0.103204,-0.003495,0.046191,0.037397,0.00784,-0.029645,-0.113528
-0.392651,0.185028,-0.013546,-0.028357,-0.103204,-0.003495,0.046191,0.037397,0.00784,-0.029645,-0.113528,0.021832
-0.392393,0.185028,-0.028357,-0.103204,-0.003495,0.046191,0.037397,0.00784,-0.029645,-0.113528,0.021832,0.020659
-0.393369,0.184784,-0.103204,-0.003495,0.046191,0.037397,0.00784,-0.029645,-0.113528,0.021832,0.020659,0.02629
-0.397121,0.184784,-0.003495,0.046191,0.037397,0.00784,-0.029645,-0.113528,0.021832,0.020659,0.02629,0.034211
-0.396397,0.184784,0.046191,0.037397,0.00784,-0.029645,-0.113528,0.021832,0.020659,0.02629,0.034211,0.014218
-0.395712,0.184784,0.037397,0.00784,-0.029645,-0.113528,0.021832,0.020659,0.02629,0.034211,0.014218,0.022417
-0.394843,0.184784,0.00784,-0.029645,-0.113528,0.021832,0.020659,0.02629,0.034211,0.014218,0.022417,0.02223
-0.393714,0.184784,-0.029645,-0.113528,0.021832,0.020659,0.02629,0.034211,0.014218,0.022417,0.02223,0.000866
-0.393245,0.184784,-0.113528,0.021832,0.020659,0.02629,0.034211,0.014218,0.022417,0.02223,0.000866,-0.035341
-0.392507,0.184784,0.021832,0.020659,0.02629,0.034211,0.014218,0.022417,0.02223,0.000866,-0.035341,-0.153504
-0.391774,0.184784,0.020659,0.02629,0.034211,0.014218,0.022417,0.02223,0.000866,-0.035341,-0.153504,-0.115588
-0.391746,0.184784,0.02629,0.034211,0.014218,0.022417,0.02223,0.000866,-0.035341,-0.153504,-0.115588,0.00088
-0.392908,0.186615,0.034211,0.014218,0.022417,0.02223,0.000866,-0.035341,-0.153504,-0.115588,0.00088,0.036037
-0.397983,0.186615,0.014218,0.022417,0.02223,0.000866,-0.035341,-0.153504,-0.115588,0.00088,0.036037,0.035894
-0.401838,0.186615,0.022417,0.02223,0.000866,-0.035341,-0.153504,-0.115588,0.00088,0.036037,0.035894,0.019087
-0.401809,0.186615,0.02223,0.000866,-0.035341,-0.153504,-0.115588,0.00088,0.036037,0.035894,0.019087,0.009844
-0.400605,0.185699,0.000866,-0.035341,-0.153504,-0.115588,0.00088,0.036037,0.035894,0.019087,0.009844,-0.090357
-0.39941,0.185699,-0.035341,-0.153504,-0.115588,0.00088,0.036037,0.035894,0.019087,0.009844,-0.090357,-0.020631
-0.398775,0.185699,-0.153504,-0.115588,0.00088,0.036037,0.035894,0.019087,0.009844,-0.090357,-0.020631,0.040987
-0.398447,0.185699,-0.115588,0.00088,0.036037,0.035894,0.019087,0.009844,-0.090357,-0.020631,0.040987,0.052844
-0.401462,0.185699,0.00088,0.036037,0.035894,0.019087,0.009844,-0.090357,-0.020631,0.040987,0.052844,0.065347
-0.402152,0.185699,0.036037,0.035894,0.019087,0.009844,-0.090357,-0.020631,0.040987,0.052844,0.065347,-0.031048
-0.400784,0.185699,0.035894,0.019087,0.009844,-0.090357,-0.020631,0.040987,0.052844,0.065347,-0.031048,-0.108004
-0.399023,0.185699,0.019087,0.009844,-0.090357,-0.020631,0.040987,0.052844,0.065347,-0.031048,-0.108004,0.000707
-0.396851,0.185699,0.009844,-0.090357,-0.020631,0.040987,0.052844,0.065347,-0.031048,-0.108004,0.000707,0.038835
-0.397883,0.185699,-0.090357,-0.020631,0.040987,0.052844,0.065347,-0.031048,-0.108004,0.000707,0.038835,0.053816
-0.40148,0.187256,-0.020631,0.040987,0.052844,0.065347,-0.031048,-0.108004,0.000707,0.038835,0.053816,0.056641
-0.401457,0.187256,0.040987,0.052844,0.065347,-0.031048,-0.108004,0.000707,0.038835,0.053816,0.056641,0.015813
-0.400161,0.187256,0.052844,0.065347,-0.031048,-0.108004,0.000707,0.038835,0.053816,0.056641,0.015813,0.016337
-0.398368,0.187256,0.065347,-0.031048,-0.108004,0.000707,0.038835,0.053816,0.056641,0.015813,0.016337,0.03288
-0.396487,0.187256,-0.031048,-0.108004,0.000707,0.038835,0.053816,0.056641,0.015813,0.016337,0.03288,0.051623
-0.395963,0.187378,-0.108004,0.000707,0.038835,0.053816,0.056641,0.015813,0.016337,0.03288,0.051623,0.007844
-0.395423,0.187378,0.000707,0.038835,0.053816,0.056641,0.015813,0.016337,0.03288,0.051623,0.007844,0.025806
-0.394337,0.187378,0.038835,0.053816,0.056641,0.015813,0.016337,0.03288,0.051623,0.007844,0.025806,0.0412
-0.392633,0.187378,0.053816,0.056641,0.015813,0.016337,0.03288,0.051623,0.007844,0.025806,0.0412,0.010804
-0.392375,0.187378,0.056641,0.015813,0.016337,0.03288,0.051623,0.007844,0.025806,0.0412,0.010804,0.027609
-0.391526,0.187378,0.015813,0.016337,0.03288,0.051623,0.007844,0.025806,0.0412,0.010804,0.027609,-0.011828
-0.390175,0.187378,0.016337,0.03288,0.051623,0.007844,0.025806,0.0412,0.010804,0.027609,-0.011828,-0.10604
-0.389821,0.187378,0.03288,0.051623,0.007844,0.025806,0.0412,0.010804,0.027609,-0.011828,-0.10604,-0.025754
-0.388916,0.187378,0.051623,0.007844,0.025806,0.0412,0.010804,0.027609,-0.011828,-0.10604,-0.025754,0.043643
-0.389303,0.187378,0.007844,0.025806,0.0412,0.010804,0.027609,-0.011828,-0.10604,-0.025754,0.043643,0.0556
-0.392785,0.186218,0.025806,0.0412,0.010804,0.027609,-0.011828,-0.10604,-0.025754,0.043643,0.0556,0.005523
-0.393634,0.186218,0.0412,0.010804,0.027609,-0.011828,-0.10604,-0.025754,0.043643,0.0556,0.005523,0.019407
-0.392197,0.186218,0.010804,0.027609,-0.011828,-0.10604,-0.025754,0.043643,0.0556,0.005523,0.019407,0.028373
-0.390369,0.186218,0.027609,-0.011828,-0.10604,-0.025754,0.043643,0.0556,0.005523,0.019407,0.028373,0.012986
-0.390187,0.185822,-0.011828,-0.10604,-0.025754,0.043643,0.0556,0.005523,0.019407,0.028373,0.012986,0.025959
-0.389551,0.185822,-0.10604,-0.025754,0.043643,0.0556,0.005523,0.019407,0.028373,0.012986,0.025959,0.032687
-0.388623,0.185822,-0.025754,0.043643,0.0556,0.005523,0.019407,0.028373,0.012986,0.025959,0.032687,0.009792
-0.388199,0.185822,0.043643,0.0556,0.005523,0.019407,0.028373,0.012986,0.025959,0.032687,0.009792,-0.002687
-0.38735,0.185822,0.0556,0.005523,0.019407,0.028373,0.012986,0.025959,0.032687,0.009792,-0.002687,0.005823
-0.386283,0.185822,0.005523,0.019407,0.028373,0.012986,0.025959,0.032687,0.009792,-0.002687,0.005823,0.037756
-0.385964,0.185822,0.019407,0.028373,0.012986,0.025959,0.032687,0.009792,-0.002687,0.005823,0.037756,-0.067943
-0.386051,0.185822,0.028373,0.012986,0.025959,0.032687,0.009792,-0.002687,0.005823,0.037756,-0.067943,-0.121383
-0.385862,0.185822,0.012986,0.025959,0.032687,0.009792,-0.002687,0.005823,0.037756,-0.067943,-0.121383,-0.019988
-0.384633,0.185822,0.025959,0.032687,0.009792,-0.002687,0.005823,0.037756,-0.067943,-0.121383,-0.019988,0.014305
-0.386847,0.185822,0.032687,0.009792,-0.002687,0.005823,0.037756,-0.067943,-0.121383,-0.019988,0.014305,0.032815
-0.390819,0.183746,0.009792,-0.002687,0.005823,0.037756,-0.067943,-0.121383,-0.019988,0.014305,0.032815,0.01513
-0.391475,0.183746,-0.002687,0.005823,0.037756,-0.067943,-0.121383,-0.019988,0.014305,0.032815,0.01513,-0.004369
-0.391005,0.183746,0.005823,0.037756,-0.067943,-0.121383,-0.019988,0.014305,0.032815,0.01513,-0.004369,0.006939
-0.389928,0.183746,0.037756,-0.067943,-0.121383,-0.019988,0.014305,0.032815,0.01513,-0.004369,0.006939,0.012249
-0.389431,0.183746,-0.067943,-0.121383,-0.019988,0.014305,0.032815,0.01513,-0.004369,0.006939,0.012249,0.023757
-0.389574,0.184662,-0.121383,-0.019988,0.014305,0.032815,0.01513,-0.004369,0.006939,0.012249,0.023757,-0.012207
-0.389347,0.184662,-0.019988,0.014305,0.032815,0.01513,-0.004369,0.006939,0.012249,0.023757,-0.012207,0.013533
-0.388947,0.184662,0.014305,0.032815,0.01513,-0.004369,0.006939,0.012249,0.023757,-0.012207,0.013533,0.013832
-0.388169,0.184662,0.032815,0.01513,-0.004369,0.006939,0.012249,0.023757,-0.012207,0.013533,0.013832,-0.001356
-0.388569,0.184662,0.01513,-0.004369,0.006939,0.012249,0.023757,-0.012207,0.013533,0.013832,-0.001356,0.012355
-0.388126,0.184662,-0.004369,0.006939,0.012249,0.023757,-0.012207,0.013533,0.013832,-0.001356,0.012355,0.018641
-0.387675,0.184662,0.006939,0.012249,0.023757,-0.012207,0.013533,0.013832,-0.001356,0.012355,0.018641,-0.00468
-0.387719,0.184662,0.012249,0.023757,-0.012207,0.013533,0.013832,-0.001356,0.012355,0.018641,-0.00468,-0.013498
-0.387315,0.184662,0.023757,-0.012207,0.013533,0.013832,-0.001356,0.012355,0.018641,-0.00468,-0.013498,-0.027205
-0.386706,0.184662,-0.012207,0.013533,0.013832,-0.001356,0.012355,0.018641,-0.00468,-0.013498,-0.027205,-0.151467
-0.386859,0.184662,0.013533,0.013832,-0.001356,0.012355,0.018641,-0.00468,-0.013498,-0.027205,-0.151467,-0.182236
-0.387299,0.186096,0.013832,-0.001356,0.012355,0.018641,-0.00468,-0.013498,-0.027205,-0.151467,-0.182236,-0.120326
-0.388187,0.186096,-0.001356,0.012355,0.018641,-0.00468,-0.013498,-0.027205,-0.151467,-0.182236,-0.120326,0.019352
-0.393162,0.186096,0.012355,0.018641,-0.00468,-0.013498,-0.027205,-0.151467,-0.182236,-0.120326,0.019352,0.038986
-0.399205,0.186096,0.018641,-0.00468,-0.013498,-0.027205,-0.151467,-0.182236,-0.120326,0.019352,0.038986,0.040754
-0.403223,0.186096,-0.00468,-0.013498,-0.027205,-0.151467,-0.182236,-0.120326,0.019352,0.038986,0.040754,0.026966
-0.402575,0.186096,-0.013498,-0.027205,-0.151467,-0.182236,-0.120326,0.019352,0.038986,0.040754,0.026966,0.001579
-0.401273,0.186096,-0.027205,-0.151467,-0.182236,-0.120326,0.019352,0.038986,0.040754,0.026966,0.001579,0.000743
-0.399912,0.186096,-0.151467,-0.182236,-0.120326,0.019352,0.038986,0.040754,0.026966,0.001579,0.000743,0.03515
-0.399013,0.186096,-0.182236,-0.120326,0.019352,0.038986,0.040754,0.026966,0.001579,0.000743,0.03515,0.057785
-0.39896,0.186096,-0.120326,0.019352,0.038986,0.040754,0.026966,0.001579,0.000743,0.03515,0.057785,0.007971
-0.398936,0.186096,0.019352,0.038986,0.040754,0.026966,0.001579,0.000743,0.03515,0.057785,0.007971,0.029435
-0.397768,0.186096,0.038986,0.040754,0.026966,0.001579,0.000743,0.03515,0.057785,0.007971,0.029435,0.019248
-0.395851,0.186096,0.040754,0.026966,0.001579,0.000743,0.03515,0.057785,0.007971,0.029435,0.019248,0.002707
-0.395587,0.186096,0.026966,0.001579,0.000743,0.03515,0.057785,0.007971,0.029435,0.019248,0.002707,0.002896
-0.394613,0.187897,0.001579,0.000743,0.03515,0.057785,0.007971,0.029435,0.019248,0.002707,0.002896,-0.022782
-0.393978,0.187897,0.000743,0.03515,0.057785,0.007971,0.029435,0.019248,0.002707,0.002896,-0.022782,-0.077892
-0.393889,0.187897,0.03515,0.057785,0.007971,0.029435,0.019248,0.002707,0.002896,-0.022782,-0.077892,-0.033105
-0.393794,0.187897,0.057785,0.007971,0.029435,0.019248,0.002707,0.002896,-0.022782,-0.077892,-0.033105,0.031141
-0.394546,0.187897,0.007971,0.029435,0.019248,0.002707,0.002896,-0.022782,-0.077892,-0.033105,0.031141,0.050344
-0.397125,0.187256,0.029435,0.019248,0.002707,0.002896,-0.022782,-0.077892,-0.033105,0.031141,0.050344,-0.009233
-0.398223,0.187256,0.019248,0.002707,0.002896,-0.022782,-0.077892,-0.033105,0.031141,0.050344,-0.009233,0.003108
-0.397189,0.187256,0.002707,0.002896,-0.022782,-0.077892,-0.033105,0.031141,0.050344,-0.009233,0.003108,-0.000936
-0.39552,0.187256,0.002896,-0.022782,-0.077892,-0.033105,0.031141,0.050344,-0.009233,0.003108,-0.000936,-0.002092
-0.395826,0.187256,-0.022782,-0.077892,-0.033105,0.031141,0.050344,-0.009233,0.003108,-0.000936,-0.002092,0.024328
-0.395723,0.187256,-0.077892,-0.033105,0.031141,0.050344,-0.009233,0.003108,-0.000936,-0.002092,0.024328,0.024307
-0.395754,0.187256,-0.033105,0.031141,0.050344,-0.009233,0.003108,-0.000936,-0.002092,0.024328,0.024307,-0.006883
-0.395823,0.187256,0.031141,0.050344,-0.009233,0.003108,-0.000936,-0.002092,0.024328,0.024307,-0.006883,-0.01898
-0.395018,0.187256,0.050344,-0.009233,0.003108,-0.000936,-0.002092,0.024328,0.024307,-0.006883,-0.01898,0.002726
-0.394214,0.187256,-0.009233,0.003108,-0.000936,-0.002092,0.024328,0.024307,-0.006883,-0.01898,0.002726,0.021963
-0.394441,0.188294,0.003108,-0.000936,-0.002092,0.024328,0.024307,-0.006883,-0.01898,0.002726,0.021963,-0.021015
-0.395068,0.188294,-0.000936,-0.002092,0.024328,0.024307,-0.006883,-0.01898,0.002726,0.021963,-0.021015,-0.006195
-0.394978,0.188294,-0.002092,0.024328,0.024307,-0.006883,-0.01898,0.002726,0.021963,-0.021015,-0.006195,0.008775
-0.394252,0.188294,0.024328,0.024307,-0.006883,-0.01898,0.002726,0.021963,-0.021015,-0.006195,0.008775,-0.00109
-0.394947,0.189209,0.024307,-0.006883,-0.01898,0.002726,0.021963,-0.021015,-0.006195,0.008775,-0.00109,-0.026032
-0.395152,0.189209,-0.006883,-0.01898,0.002726,0.021963,-0.021015,-0.006195,0.008775,-0.00109,-0.026032,-0.122937
-0.394862,0.189209,-0.01898,0.002726,0.021963,-0.021015,-0.006195,0.008775,-0.00109,-0.026032,-0.122937,-0.035206
-0.394898,0.189209,0.002726,0.021963,-0.021015,-0.006195,0.008775,-0.00109,-0.026032,-0.122937,-0.035206,0.010144
-0.395759,0.189209,0.021963,-0.021015,-0.006195,0.008775,-0.00109,-0.026032,-0.122937,-0.035206,0.010144,0.019682
-0.399847,0.189209,-0.021015,-0.006195,0.008775,-0.00109,-0.026032,-0.122937,-0.035206,0.010144,0.019682,-0.014058
-0.401021,0.189209,-0.006195,0.008775,-0.00109,-0.026032,-0.122937,-0.035206,0.010144,0.019682,-0.014058,-0.122189
-0.400682,0.189209,0.008775,-0.00109,-0.026032,-0.122937,-0.035206,0.010144,0.019682,-0.014058,-0.122189,-0.004617
-0.400026,0.189209,-0.00109,-0.026032,-0.122937,-0.035206,0.010144,0.019682,-0.014058,-0.122189,-0.004617,0.028802
-0.400496,0.189209,-0.026032,-0.122937,-0.035206,0.010144,0.019682,-0.014058,-0.122189,-0.004617,0.028802,0.004528
-0.40459,0.189209,-0.122937,-0.035206,0.010144,0.019682,-0.014058,-0.122189,-0.004617,0.028802,0.004528,0.025093
-0.404745,0.189087,-0.035206,0.010144,0.019682,-0.014058,-0.122189,-0.004617,0.028802,0.004528,0.025093,0.037185
-0.403779,0.189087,0.010144,0.019682,-0.014058,-0.122189,-0.004617,0.028802,0.004528,0.025093,0.037185,-0.013272
-0.403627,0.189087,0.019682,-0.014058,-0.122189,-0.004617,0.028802,0.004528,0.025093,0.037185,-0.013272,0.001705
-0.402786,0.189087,-0.014058,-0.122189,-0.004617,0.028802,0.004528,0.025093,0.037185,-0.013272,0.001705,0.019932
-0.40154,0.189606,-0.122189,-0.004617,0.028802,0.004528,0.025093,0.037185,-0.013272,0.001705,0.019932,0.039747
-0.401984,0.189606,-0.004617,0.028802,0.004528,0.025093,0.037185,-0.013272,0.001705,0.019932,0.039747,0.013432
-0.401927,0.189606,0.028802,0.004528,0.025093,0.037185,-0.013272,0.001705,0.019932,0.039747,0.013432,0.001217
-0.401261,0.189606,0.004528,0.025093,0.037185,-0.013272,0.001705,0.019932,0.039747,0.013432,0.001217,-0.030049
-0.399934,0.189606,0.025093,0.037185,-0.013272,0.001705,0.019932,0.039747,0.013432,0.001217,-0.030049,-0.121633
-0.399486,0.189606,0.037185,-0.013272,0.001705,0.019932,0.039747,0.013432,0.001217,-0.030049,-0.121633,0.007197
-0.399446,0.189606,-0.013272,0.001705,0.019932,0.039747,0.013432,0.001217,-0.030049,-0.121633,0.007197,-0.010077
-0.400446,0.189606,0.001705,0.019932,0.039747,0.013432,0.001217,-0.030049,-0.121633,0.007197,-0.010077,-0.110518
-0.404515,0.189606,0.019932,0.039747,0.013432,0.001217,-0.030049,-0.121633,0.007197,-0.010077,-0.110518,-0.014612
-0.404273,0.189606,0.039747,0.013432,0.001217,-0.030049,-0.121633,0.007197,-0.010077,-0.110518,-0.014612,0.05359
-0.404612,0.190643,0.013432,0.001217,-0.030049,-0.121633,0.007197,-0.010077,-0.110518,-0.014612,0.05359,0.051329
-0.408336,0.190643,0.001217,-0.030049,-0.121633,0.007197,-0.010077,-0.110518,-0.014612,0.05359,0.051329,0.004047
-0.408829,0.190643,-0.030049,-0.121633,0.007197,-0.010077,-0.110518,-0.014612,0.05359,0.051329,0.004047,0.014152
-0.40702,0.190643,-0.121633,0.007197,-0.010077,-0.110518,-0.014612,0.05359,0.051329,0.004047,0.014152,0.037782
-0.40529,0.190643,0.007197,-0.010077,-0.110518,-0.014612,0.05359,0.051329,0.004047,0.014152,0.037782,0.025496
-0.405154,0.191284,-0.010077,-0.110518,-0.014612,0.05359,0.051329,0.004047,0.014152,0.037782,0.025496,0.025176
-0.404679,0.191284,-0.110518,-0.014612,0.05359,0.051329,0.004047,0.014152,0.037782,0.025496,0.025176,0.035738
-0.403412,0.191284,-0.014612,0.05359,0.051329,0.004047,0.014152,0.037782,0.025496,0.025176,0.035738,0.0309
-0.402558,0.191284,0.05359,0.051329,0.004047,0.014152,0.037782,0.025496,0.025176,0.035738,0.0309,-0.004687
-0.401715,0.191284,0.051329,0.004047,0.014152,0.037782,0.025496,0.025176,0.035738,0.0309,-0.004687,0.017038
-0.400521,0.191284,0.004047,0.014152,0.037782,0.025496,0.025176,0.035738,0.0309,-0.004687,0.017038,0.03633
-0.399491,0.191284,0.014152,0.037782,0.025496,0.025176,0.035738,0.0309,-0.004687,0.017038,0.03633,0.002379
-0.399647,0.191284,0.037782,0.025496,0.025176,0.035738,0.0309,-0.004687,0.017038,0.03633,0.002379,0.007104
-0.39908,0.191284,0.025496,0.025176,0.035738,0.0309,-0.004687,0.017038,0.03633,0.002379,0.007104,0.024435
-0.397871,0.191284,0.025176,0.035738,0.0309,-0.004687,0.017038,0.03633,0.002379,0.007104,0.024435,0.01995
-0.397792,0.190399,0.035738,0.0309,-0.004687,0.017038,0.03633,0.002379,0.007104,0.024435,0.01995,0.03397
-0.397556,0.190399,0.0309,-0.004687,0.017038,0.03633,0.002379,0.007104,0.024435,0.01995,0.03397,0.021194
-0.396746,0.190399,-0.004687,0.017038,0.03633,0.002379,0.007104,0.024435,0.01995,0.03397,0.021194,0.003541
-0.396086,0.190399,0.017038,0.03633,0.002379,0.007104,0.024435,0.01995,0.03397,0.021194,0.003541,-0.00197
-0.394961,0.189728,0.03633,0.002379,0.007104,0.024435,0.01995,0.03397,0.021194,0.003541,-0.00197,0.022914
-0.39426,0.189728,0.002379,0.007104,0.024435,0.01995,0.03397,0.021194,0.003541,-0.00197,0.022914,0.033238
-0.394143,0.189728,0.007104,0.024435,0.01995,0.03397,0.021194,0.003541,-0.00197,0.022914,0.033238,-0.009985
-0.394208,0.189728,0.024435,0.01995,0.03397,0.021194,0.003541,-0.00197,0.022914,0.033238,-0.009985,0.003631
-0.393453,0.189728,0.01995,0.03397,0.021194,0.003541,-0.00197,0.022914,0.033238,-0.009985,0.003631,0.022636
-0.392357,0.189728,0.03397,0.021194,0.003541,-0.00197,0.022914,0.033238,-0.009985,0.003631,0.022636,-0.032422
-0.392686,0.189728,0.021194,0.003541,-0.00197,0.022914,0.033238,-0.009985,0.003631,0.022636,-0.032422,-0.16717
-0.392566,0.189728,0.003541,-0.00197,0.022914,0.033238,-0.009985,0.003631,0.022636,-0.032422,-0.16717,-0.136689
