0.238867,0.198212,-0.133852,0.122484,0.098705,-0.154926,0.121153,-0.024193,-0.070353,0.039352,0.070336,-0.036133
0.237731,0.198212,0.122484,0.098705,-0.154926,0.121153,-0.024193,-0.070353,0.039352,0.070336,-0.036133,-0.302281
0.238367,0.198212,0.098705,-0.154926,0.121153,-0.024193,-0.070353,0.039352,0.070336,-0.036133,-0.302281,0.007075
0.239504,0.198212,-0.154926,0.121153,-0.024193,-0.070353,0.039352,0.070336,-0.036133,-0.302281,0.007075,0.080491
0.238921,0.198212,0.121153,-0.024193,-0.070353,0.039352,0.070336,-0.036133,-0.302281,0.007075,0.080491,-0.109658
0.234036,0.198212,-0.024193,-0.070353,0.039352,0.070336,-0.036133,-0.302281,0.007075,0.080491,-0.109658,0.152273
0.234151,0.198212,-0.070353,0.039352,0.070336,-0.036133,-0.302281,0.007075,0.080491,-0.109658,0.152273,-0.000433
0.235455,0.198212,0.039352,0.070336,-0.036133,-0.302281,0.007075,0.080491,-0.109658,0.152273,-0.000433,-0.066768
0.233677,0.198212,0.070336,-0.036133,-0.302281,0.007075,0.080491,-0.109658,0.152273,-0.000433,-0.066768,0.027596
0.236143,0.198212,-0.036133,-0.302281,0.007075,0.080491,-0.109658,0.152273,-0.000433,-0.066768,0.027596,0.21466
0.236136,0.198212,-0.302281,0.007075,0.080491,-0.109658,0.152273,-0.000433,-0.066768,0.027596,0.21466,-0.074712
0.235056,0.198212,0.007075,0.080491,-0.109658,0.152273,-0.000433,-0.066768,0.027596,0.21466,-0.074712,-0.174984
0.235503,0.198212,0.080491,-0.109658,0.152273,-0.000433,-0.066768,0.027596,0.21466,-0.074712,-0.174984,-0.075314
0.238976,0.198212,-0.109658,0.152273,-0.000433,-0.066768,0.027596,0.21466,-0.074712,-0.174984,-0.075314,0.095138
0.23777,0.198212,0.152273,-0.000433,-0.066768,0.027596,0.21466,-0.074712,-0.174984,-0.075314,0.095138,-0.208969
0.234942,0.198212,-0.000433,-0.066768,0.027596,0.21466,-0.074712,-0.174984,-0.075314,0.095138,-0.208969,0.142638
0.233722,0.198212,-0.066768,0.027596,0.21466,-0.074712,-0.174984,-0.075314,0.095138,-0.208969,0.142638,-0.205685
0.235265,0.198212,0.027596,0.21466,-0.074712,-0.174984,-0.075314,0.095138,-0.208969,0.142638,-0.205685,-0.071399
0.231873,0.198212,0.21466,-0.074712,-0.174984,-0.075314,0.095138,-0.208969,0.142638,-0.205685,-0.071399,-0.036008
0.234187,0.198212,-0.074712,-0.174984,-0.075314,0.095138,-0.208969,0.142638,-0.205685,-0.071399,-0.036008,0.231404
0.230852,0.197937,-0.174984,-0.075314,0.095138,-0.208969,0.142638,-0.205685,-0.071399,-0.036008,0.231404,-0.018511
0.229692,0.197937,-0.075314,0.095138,-0.208969,0.142638,-0.205685,-0.071399,-0.036008,0.231404,-0.018511,-0.149597
0.229106,0.197937,0.095138,-0.208969,0.142638,-0.205685,-0.071399,-0.036008,0.231404,-0.018511,-0.149597,0.153256
0.232869,0.197937,-0.208969,0.142638,-0.205685,-0.071399,-0.036008,0.231404,-0.018511,-0.149597,0.153256,0.089128
0.232569,0.197937,0.142638,-0.205685,-0.071399,-0.036008,0.231404,-0.018511,-0.149597,0.153256,0.089128,-0.115205
0.230142,0.197937,-0.205685,-0.071399,-0.036008,0.231404,-0.018511,-0.149597,0.153256,0.089128,-0.115205,0.054658
0.232629,0.197937,-0.071399,-0.036008,0.231404,-0.018511,-0.149597,0.153256,0.089128,-0.115205,0.054658,-0.103031
0.234076,0.197937,-0.036008,0.231404,-0.018511,-0.149597,0.153256,0.089128,-0.115205,0.054658,-0.103031,-0.109361
0.232205,0.197937,0.231404,-0.018511,-0.149597,0.153256,0.089128,-0.115205,0.054658,-0.103031,-0.109361,0.059708
0.233092,0.197937,-0.018511,-0.149597,0.153256,0.089128,-0.115205,0.054658,-0.103031,-0.109361,0.059708,0.194236
0.231421,0.197937,-0.149597,0.153256,0.089128,-0.115205,0.054658,-0.103031,-0.109361,0.059708,0.194236,-0.074188
0.229645,0.197937,0.153256,0.089128,-0.115205,0.054658,-0.103031,-0.109361,0.059708,0.194236,-0.074188,-0.088307
0.230616,0.197937,0.089128,-0.115205,0.054658,-0.103031,-0.109361,0.059708,0.194236,-0.074188,-0.088307,0.089056
0.233772,0.197937,-0.115205,0.054658,-0.103031,-0.109361,0.059708,0.194236,-0.074188,-0.088307,0.089056,0.074484
0.232569,0.197937,0.054658,-0.103031,-0.109361,0.059708,0.194236,-0.074188,-0.088307,0.089056,0.074484,-0.129725
0.231137,0.197937,-0.103031,-0.109361,0.059708,0.194236,-0.074188,-0.088307,0.089056,0.074484,-0.129725,0.160194
0.232582,0.197418,-0.109361,0.059708,0.194236,-0.074188,-0.088307,0.089056,0.074484,-0.129725,0.160194,-0.050475
0.233791,0.197418,0.059708,0.194236,-0.074188,-0.088307,0.089056,0.074484,-0.129725,0.160194,-0.050475,-0.101263
0.231684,0.197418,0.194236,-0.074188,-0.088307,0.089056,0.074484,-0.129725,0.160194,-0.050475,-0.101263,-0.109054
0.234282,0.197418,-0.074188,-0.088307,0.089056,0.074484,-0.129725,0.160194,-0.050475,-0.101263,-0.109054,0.182237
0.233465,0.197418,-0.088307,0.089056,0.074484,-0.129725,0.160194,-0.050475,-0.101263,-0.109054,0.182237,-0.039008
0.231823,0.197418,0.089056,0.074484,-0.129725,0.160194,-0.050475,-0.101263,-0.109054,0.182237,-0.039008,-0.132044
0.230049,0.197418,0.074484,-0.129725,0.160194,-0.050475,-0.101263,-0.109054,0.182237,-0.039008,-0.132044,0.115233
0.233012,0.197418,-0.129725,0.160194,-0.050475,-0.101263,-0.109054,0.182237,-0.039008,-0.132044,0.115233,0.086146
0.232379,0.197418,0.160194,-0.050475,-0.101263,-0.109054,0.182237,-0.039008,-0.132044,0.115233,0.086146,-0.106345
0.230236,0.197418,-0.050475,-0.101263,-0.109054,0.182237,-0.039008,-0.132044,0.115233,0.086146,-0.106345,0.107354
0.232107,0.197418,-0.101263,-0.109054,0.182237,-0.039008,-0.132044,0.115233,0.086146,-0.106345,0.107354,-0.000487
0.233506,0.197418,-0.109054,0.182237,-0.039008,-0.132044,0.115233,0.086146,-0.106345,0.107354,-0.000487,-0.112972
0.231778,0.197418,0.182237,-0.039008,-0.132044,0.115233,0.086146,-0.106345,0.107354,-0.000487,-0.112972,-0.091586
0.23352,0.197418,-0.039008,-0.132044,0.115233,0.086146,-0.106345,0.107354,-0.000487,-0.112972,-0.091586,0.170604
0.233512,0.197418,-0.132044,0.115233,0.086146,-0.106345,0.107354,-0.000487,-0.112972,-0.091586,0.170604,-0.050711
0.23168,0.197418,0.115233,0.086146,-0.106345,0.107354,-0.000487,-0.112972,-0.091586,0.170604,-0.050711,-0.117399
0.230191,0.197418,0.086146,-0.106345,0.107354,-0.000487,-0.112972,-0.091586,0.170604,-0.050711,-0.117399,0.106464
0.232964,0.197418,-0.106345,0.107354,-0.000487,-0.112972,-0.091586,0.170604,-0.050711,-0.117399,0.106464,0.091973
0.232142,0.197418,0.107354,-0.000487,-0.112972,-0.091586,0.170604,-0.050711,-0.117399,0.106464,0.091973,-0.112159
0.230236,0.197418,-0.000487,-0.112972,-0.091586,0.170604,-0.050711,-0.117399,0.106464,0.091973,-0.112159,0.127853
0.231965,0.197418,-0.112972,-0.091586,0.170604,-0.050711,-0.117399,0.106464,0.091973,-0.112159,0.127853,-0.015183
0.233458,0.197418,-0.091586,0.170604,-0.050711,-0.117399,0.106464,0.091973,-0.112159,0.127853,-0.015183,-0.060316
0.231636,0.197418,0.170604,-0.050711,-0.117399,0.106464,0.091973,-0.112159,0.127853,-0.015183,-0.060316,0.010149
0.233711,0.197418,-0.050711,-0.117399,0.106464,0.091973,-0.112159,0.127853,-0.015183,-0.060316,0.010149,0.098343
0.233465,0.197418,-0.117399,0.106464,0.091973,-0.112159,0.127853,-0.015183,-0.060316,0.010149,0.098343,-0.030216
0.232487,0.197418,0.106464,0.091973,-0.112159,0.127853,-0.015183,-0.060316,0.010149,0.098343,-0.030216,-0.29283
0.232652,0.197418,0.091973,-0.112159,0.127853,-0.015183,-0.060316,0.010149,0.098343,-0.030216,-0.29283,0.164583
0.234248,0.197418,-0.112159,0.127853,-0.015183,-0.060316,0.010149,0.098343,-0.030216,-0.29283,0.164583,0.100718
0.233758,0.197418,0.127853,-0.015183,-0.060316,0.010149,0.098343,-0.030216,-0.29283,0.164583,0.100718,-0.138338
0.229007,0.197418,-0.015183,-0.060316,0.010149,0.098343,-0.030216,-0.29283,0.164583,0.100718,-0.138338,0.14523
0.23168,0.197418,-0.060316,0.010149,0.098343,-0.030216,-0.29283,0.164583,0.100718,-0.138338,0.14523,-0.015175
0.233316,0.197418,0.010149,0.098343,-0.030216,-0.29283,0.164583,0.100718,-0.138338,0.14523,-0.015175,-0.080723
0.231068,0.197418,0.098343,-0.030216,-0.29283,0.164583,0.100718,-0.138338,0.14523,-0.015175,-0.080723,0.048122
0.233425,0.197418,-0.030216,-0.29283,0.164583,0.100718,-0.138338,0.14523,-0.015175,-0.080723,0.048122,0.204167
0.233179,0.197418,-0.29283,0.164583,0.100718,-0.138338,0.14523,-0.015175,-0.080723,0.048122,0.204167,-0.089121
0.23187,0.197418,0.164583,0.100718,-0.138338,0.14523,-0.015175,-0.080723,0.048122,0.204167,-0.089121,-0.13269
0.232652,0.197937,0.100718,-0.138338,0.14523,-0.015175,-0.080723,0.048122,0.204167,-0.089121,-0.13269,-0.071763
0.235963,0.197937,-0.138338,0.14523,-0.015175,-0.080723,0.048122,0.204167,-0.089121,-0.13269,-0.071763,-0.097235
0.23452,0.197937,0.14523,-0.015175,-0.080723,0.048122,0.204167,-0.089121,-0.13269,-0.071763,-0.097235,0.047984
0.232371,0.197937,-0.015175,-0.080723,0.048122,0.204167,-0.089121,-0.13269,-0.071763,-0.097235,0.047984,-0.079657
0.231206,0.197937,-0.080723,0.048122,0.204167,-0.089121,-0.13269,-0.071763,-0.097235,0.047984,-0.079657,0.060547
0.229625,0.197937,0.048122,0.204167,-0.089121,-0.13269,-0.071763,-0.097235,0.047984,-0.079657,0.060547,-0.033463
0.230406,0.197937,0.204167,-0.089121,-0.13269,-0.071763,-0.097235,0.047984,-0.079657,0.060547,-0.033463,-0.007024
0.22911,0.197937,-0.089121,-0.13269,-0.071763,-0.097235,0.047984,-0.079657,0.060547,-0.033463,-0.007024,0.246246
0.230094,0.197937,-0.13269,-0.071763,-0.097235,0.047984,-0.079657,0.060547,-0.033463,-0.007024,0.246246,-0.071224
0.22955,0.197937,-0.071763,-0.097235,0.047984,-0.079657,0.060547,-0.033463,-0.007024,0.246246,-0.071224,-0.164057
0.229436,0.197937,-0.097235,0.047984,-0.079657,0.060547,-0.033463,-0.007024,0.246246,-0.071224,-0.164057,-0.085601
0.233439,0.197937,0.047984,-0.079657,0.060547,-0.033463,-0.007024,0.246246,-0.071224,-0.164057,-0.085601,0.074121
0.232284,0.197937,-0.079657,0.060547,-0.033463,-0.007024,0.246246,-0.071224,-0.164057,-0.085601,0.074121,-0.091096
0.229621,0.197937,0.060547,-0.033463,-0.007024,0.246246,-0.071224,-0.164057,-0.085601,0.074121,-0.091096,0.140972
0.228229,0.197937,-0.033463,-0.007024,0.246246,-0.071224,-0.164057,-0.085601,0.074121,-0.091096,0.140972,-0.041336
0.229436,0.198852,-0.007024,0.246246,-0.071224,-0.164057,-0.085601,0.074121,-0.091096,0.140972,-0.041336,-0.042101
0.227952,0.198852,0.246246,-0.071224,-0.164057,-0.085601,0.074121,-0.091096,0.140972,-0.041336,-0.042101,0.033582
0.230245,0.198852,-0.071224,-0.164057,-0.085601,0.074121,-0.091096,0.140972,-0.041336,-0.042101,0.033582,0.214064
0.229574,0.198852,-0.164057,-0.085601,0.074121,-0.091096,0.140972,-0.041336,-0.042101,0.033582,0.214064,-0.100387
0.228889,0.198852,-0.085601,0.074121,-0.091096,0.140972,-0.041336,-0.042101,0.033582,0.214064,-0.100387,-0.114268
0.229436,0.198852,0.074121,-0.091096,0.140972,-0.041336,-0.042101,0.033582,0.214064,-0.100387,-0.114268,0.138418
0.232917,0.198852,-0.091096,0.140972,-0.041336,-0.042101,0.033582,0.214064,-0.100387,-0.114268,0.138418,0.071491
0.231288,0.198852,0.140972,-0.041336,-0.042101,0.033582,0.214064,-0.100387,-0.114268,0.138418,0.071491,-0.10912
0.229432,0.198852,-0.041336,-0.042101,0.033582,0.214064,-0.100387,-0.114268,0.138418,0.071491,-0.10912,0.124693
0.23168,0.198852,-0.042101,0.033582,0.214064,-0.100387,-0.114268,0.138418,0.071491,-0.10912,0.124693,-0.015166
0.232841,0.198852,0.033582,0.214064,-0.100387,-0.114268,0.138418,0.071491,-0.10912,0.124693,-0.015166,-0.068957
0.231068,0.198852,0.214064,-0.100387,-0.114268,0.138418,0.071491,-0.10912,0.124693,-0.015166,-0.068957,0.027697
0.233092,0.198852,-0.100387,-0.114268,0.138418,0.071491,-0.10912,0.124693,-0.015166,-0.068957,0.027697,0.186257
0.232846,0.198852,-0.114268,0.138418,0.071491,-0.10912,0.124693,-0.015166,-0.068957,0.027697,0.186257,-0.059639
0.231728,0.198852,0.138418,0.071491,-0.10912,0.124693,-0.015166,-0.068957,0.027697,0.186257,-0.059639,-0.126738
0.232178,0.198852,0.071491,-0.10912,0.124693,-0.015166,-0.068957,0.027697,0.186257,-0.059639,-0.126738,0.109778
0.2352,0.198852,-0.10912,0.124693,-0.015166,-0.068957,0.027697,0.186257,-0.059639,-0.126738,0.109778,0.074597
0.234234,0.198852,0.124693,-0.015166,-0.068957,0.027697,0.186257,-0.059639,-0.126738,0.109778,0.074597,-0.127153
0.232181,0.198852,-0.015166,-0.068957,0.027697,0.186257,-0.059639,-0.126738,0.109778,0.074597,-0.127153,0.143167
0.23396,0.198852,-0.068957,0.027697,0.186257,-0.059639,-0.126738,0.109778,0.074597,-0.127153,0.143167,-0.041747
0.23517,0.198852,0.027697,0.186257,-0.059639,-0.126738,0.109778,0.074597,-0.127153,0.143167,-0.041747,-0.078195
0.233107,0.198852,0.186257,-0.059639,-0.126738,0.109778,0.074597,-0.127153,0.143167,-0.041747,-0.078195,0.027641
0.235427,0.198852,-0.059639,-0.126738,0.109778,0.074597,-0.127153,0.143167,-0.041747,-0.078195,0.027641,0.207829
0.234751,0.198852,-0.126738,0.109778,0.074597,-0.127153,0.143167,-0.041747,-0.078195,0.027641,0.207829,-0.06863
0.233485,0.198852,0.109778,0.074597,-0.127153,0.143167,-0.041747,-0.078195,0.027641,0.207829,-0.06863,-0.150841
0.233933,0.198852,0.074597,-0.127153,0.143167,-0.041747,-0.078195,0.027641,0.207829,-0.06863,-0.150841,0.13371
0.2373,0.198852,-0.127153,0.143167,-0.041747,-0.078195,0.027641,0.207829,-0.06863,-0.150841,0.13371,-0.098817
0.236191,0.198852,0.143167,-0.041747,-0.078195,0.027641,0.207829,-0.06863,-0.150841,0.13371,-0.098817,-0.109421
0.23375,0.198852,-0.041747,-0.078195,0.027641,0.207829,-0.06863,-0.150841,0.13371,-0.098817,-0.109421,-0.033153
0.235915,0.198852,-0.078195,0.027641,0.207829,-0.06863,-0.150841,0.13371,-0.098817,-0.109421,-0.033153,-0.088201
0.234313,0.198852,0.027641,0.207829,-0.06863,-0.150841,0.13371,-0.098817,-0.109421,-0.033153,-0.088201,-0.001503
0.232537,0.198852,0.207829,-0.06863,-0.150841,0.13371,-0.098817,-0.109421,-0.033153,-0.088201,-0.001503,0.024822
0.231999,0.198852,-0.06863,-0.150841,0.13371,-0.098817,-0.109421,-0.033153,-0.088201,-0.001503,0.024822,0.212013
0.230568,0.198852,-0.150841,0.13371,-0.098817,-0.109421,-0.033153,-0.088201,-0.001503,0.024822,0.212013,-0.159156
0.230544,0.198852,0.13371,-0.098817,-0.109421,-0.033153,-0.088201,-0.001503,0.024822,0.212013,-0.159156,-0.102749
0.230947,0.199005,-0.098817,-0.109421,-0.033153,-0.088201,-0.001503,0.024822,0.212013,-0.159156,-0.102749,-0.065423
0.234391,0.199005,-0.109421,-0.033153,-0.088201,-0.001503,0.024822,0.212013,-0.159156,-0.102749,-0.065423,-0.004083
0.231809,0.199005,-0.033153,-0.088201,-0.001503,0.024822,0.212013,-0.159156,-0.102749,-0.065423,-0.004083,-0.206186
0.230142,0.199005,-0.088201,-0.001503,0.024822,0.212013,-0.159156,-0.102749,-0.065423,-0.004083,-0.206186,0.142892
0.229078,0.199005,-0.001503,0.024822,0.212013,-0.159156,-0.102749,-0.065423,-0.004083,-0.206186,0.142892,-0.11053
0.229012,0.199005,0.024822,0.212013,-0.159156,-0.102749,-0.065423,-0.004083,-0.206186,0.142892,-0.11053,-0.004099
0.225648,0.199005,0.212013,-0.159156,-0.102749,-0.065423,-0.004083,-0.206186,0.142892,-0.11053,-0.004099,0.03362
0.227978,0.199005,-0.159156,-0.102749,-0.065423,-0.004083,-0.206186,0.142892,-0.11053,-0.004099,0.03362,0.195032
0.226178,0.199005,-0.102749,-0.065423,-0.004083,-0.206186,0.142892,-0.11053,-0.004099,0.03362,0.195032,-0.041864
0.226111,0.199005,-0.065423,-0.004083,-0.206186,0.142892,-0.11053,-0.004099,0.03362,0.195032,-0.041864,-0.116614
0.22666,0.199005,-0.004083,-0.206186,0.142892,-0.11053,-0.004099,0.03362,0.195032,-0.041864,-0.116614,0.097171
0.229839,0.199005,-0.206186,0.142892,-0.11053,-0.004099,0.03362,0.195032,-0.041864,-0.116614,0.097171,0.097394
0.229158,0.199005,0.142892,-0.11053,-0.004099,0.03362,0.195032,-0.041864,-0.116614,0.097171,0.097394,-0.111514
0.227261,0.199005,-0.11053,-0.004099,0.03362,0.195032,-0.041864,-0.116614,0.097171,0.097394,-0.111514,0.053898
0.228842,0.199005,-0.004099,0.03362,0.195032,-0.041864,-0.116614,0.097171,0.097394,-0.111514,0.053898,-0.157218
0.230427,0.199005,0.03362,0.195032,-0.041864,-0.116614,0.097171,0.097394,-0.111514,0.053898,-0.157218,-0.236955
0.228612,0.199249,0.195032,-0.041864,-0.116614,0.097171,0.097394,-0.111514,0.053898,-0.157218,-0.236955,0.002268
0.229489,0.199249,-0.041864,-0.116614,0.097171,0.097394,-0.111514,0.053898,-0.157218,-0.236955,0.002268,0.285348
0.226931,0.199249,-0.116614,0.097171,0.097394,-0.111514,0.053898,-0.157218,-0.236955,0.002268,0.285348,-0.070691
0.223065,0.199249,0.097171,0.097394,-0.111514,0.053898,-0.157218,-0.236955,0.002268,0.285348,-0.070691,-0.14469
0.223102,0.199249,0.097394,-0.111514,0.053898,-0.157218,-0.236955,0.002268,0.285348,-0.070691,-0.14469,-0.052683
0.227763,0.199249,-0.111514,0.053898,-0.157218,-0.236955,0.002268,0.285348,-0.070691,-0.14469,-0.052683,0.076583
0.226611,0.199249,0.053898,-0.157218,-0.236955,0.002268,0.285348,-0.070691,-0.14469,-0.052683,0.076583,-0.073182
0.224252,0.199249,-0.157218,-0.236955,0.002268,0.285348,-0.070691,-0.14469,-0.052683,0.076583,-0.073182,0.121797
0.223392,0.199249,-0.236955,0.002268,0.285348,-0.070691,-0.14469,-0.052683,0.076583,-0.073182,0.121797,-0.078324
0.224644,0.199249,0.002268,0.285348,-0.070691,-0.14469,-0.052683,0.076583,-0.073182,0.121797,-0.078324,-0.121266
0.223447,0.199249,0.285348,-0.070691,-0.14469,-0.052683,0.076583,-0.073182,0.121797,-0.078324,-0.121266,-0.108418
0.225436,0.199249,-0.070691,-0.14469,-0.052683,0.076583,-0.073182,0.121797,-0.078324,-0.121266,-0.108418,0.15741
0.224159,0.199249,-0.14469,-0.052683,0.076583,-0.073182,0.121797,-0.078324,-0.121266,-0.108418,0.15741,-0.107296
0.222177,0.199249,-0.052683,0.076583,-0.073182,0.121797,-0.078324,-0.121266,-0.108418,0.15741,-0.107296,-0.086138
0.2204,0.199249,0.076583,-0.073182,0.121797,-0.078324,-0.121266,-0.108418,0.15741,-0.107296,-0.086138,0.152916
0.22298,0.199249,-0.073182,0.121797,-0.078324,-0.121266,-0.108418,0.15741,-0.107296,-0.086138,0.152916,-0.128304
0.221224,0.199249,0.121797,-0.078324,-0.121266,-0.108418,0.15741,-0.107296,-0.086138,0.152916,-0.128304,-0.095252
0.219814,0.199249,-0.078324,-0.121266,-0.108418,0.15741,-0.107296,-0.086138,0.152916,-0.128304,-0.095252,0.1513
0.222317,0.199249,-0.121266,-0.108418,0.15741,-0.107296,-0.086138,0.152916,-0.128304,-0.095252,0.1513,-0.012139
0.220214,0.199249,-0.108418,0.15741,-0.107296,-0.086138,0.152916,-0.128304,-0.095252,0.1513,-0.012139,-0.040687
0.218651,0.199249,0.15741,-0.107296,-0.086138,0.152916,-0.128304,-0.095252,0.1513,-0.012139,-0.040687,-0.031446
0.221131,0.199249,-0.107296,-0.086138,0.152916,-0.128304,-0.095252,0.1513,-0.012139,-0.040687,-0.031446,0.097359
0.220932,0.199249,-0.086138,0.152916,-0.128304,-0.095252,0.1513,-0.012139,-0.040687,-0.031446,0.097359,-0.112671
0.220266,0.199249,0.152916,-0.128304,-0.095252,0.1513,-0.012139,-0.040687,-0.031446,0.097359,-0.112671,-0.099956
0.21975,0.199249,-0.128304,-0.095252,0.1513,-0.012139,-0.040687,-0.031446,0.097359,-0.112671,-0.099956,0.123903
0.221347,0.199249,-0.095252,0.1513,-0.012139,-0.040687,-0.031446,0.097359,-0.112671,-0.099956,0.123903,0.104667
0.219501,0.199249,0.1513,-0.012139,-0.040687,-0.031446,0.097359,-0.112671,-0.099956,0.123903,0.104667,-0.106821
0.217862,0.199249,-0.012139,-0.040687,-0.031446,0.097359,-0.112671,-0.099956,0.123903,0.104667,-0.106821,0.134712
0.219894,0.199249,-0.040687,-0.031446,0.097359,-0.112671,-0.099956,0.123903,0.104667,-0.106821,0.134712,-0.057809
0.22161,0.199249,-0.031446,0.097359,-0.112671,-0.099956,0.123903,0.104667,-0.106821,0.134712,-0.057809,-0.196559
0.219858,0.199249,0.097359,-0.112671,-0.099956,0.123903,0.104667,-0.106821,0.134712,-0.057809,-0.196559,-0.019781
0.222064,0.199249,-0.112671,-0.099956,0.123903,0.104667,-0.106821,0.134712,-0.057809,-0.196559,-0.019781,0.133485
0.221119,0.199249,-0.099956,0.123903,0.104667,-0.106821,0.134712,-0.057809,-0.196559,-0.019781,0.133485,-0.001921
0.217897,0.199249,0.123903,0.104667,-0.106821,0.134712,-0.057809,-0.196559,-0.019781,0.133485,-0.001921,-0.266407
0.217572,0.199371,0.104667,-0.106821,0.134712,-0.057809,-0.196559,-0.019781,0.133485,-0.001921,-0.266407,0.154347
0.219765,0.199371,-0.106821,0.134712,-0.057809,-0.196559,-0.019781,0.133485,-0.001921,-0.266407,0.154347,0.11567
0.219733,0.199371,0.134712,-0.057809,-0.196559,-0.019781,0.133485,-0.001921,-0.266407,0.154347,0.11567,-0.109282
0.215361,0.199371,-0.057809,-0.196559,-0.019781,0.133485,-0.001921,-0.266407,0.154347,0.11567,-0.109282,0.116916
0.217897,0.199371,-0.196559,-0.019781,0.133485,-0.001921,-0.266407,0.154347,0.11567,-0.109282,0.116916,-0.000765
0.219796,0.199371,-0.019781,0.133485,-0.001921,-0.266407,0.154347,0.11567,-0.109282,0.116916,-0.000765,-0.054685
0.218001,0.199371,0.133485,-0.001921,-0.266407,0.154347,0.11567,-0.109282,0.116916,-0.000765,-0.054685,0.016766
0.21992,0.199371,-0.001921,-0.266407,0.154347,0.11567,-0.109282,0.116916,-0.000765,-0.054685,0.016766,0.19964
0.219907,0.199371,-0.266407,0.154347,0.11567,-0.109282,0.116916,-0.000765,-0.054685,0.016766,0.19964,-0.078747
0.219011,0.199371,0.154347,0.11567,-0.109282,0.116916,-0.000765,-0.054685,0.016766,0.19964,-0.078747,-0.083309
0.219286,0.199371,0.11567,-0.109282,0.116916,-0.000765,-0.054685,0.016766,0.19964,-0.078747,-0.083309,0.078796
0.222559,0.199371,-0.109282,0.116916,-0.000765,-0.054685,0.016766,0.19964,-0.078747,-0.083309,0.078796,0.073533
0.221271,0.199371,0.116916,-0.000765,-0.054685,0.016766,0.19964,-0.078747,-0.083309,0.078796,0.073533,-0.104147
0.219907,0.199371,-0.000765,-0.054685,0.016766,0.19964,-0.078747,-0.083309,0.078796,0.073533,-0.104147,0.132192
0.221197,0.199371,-0.054685,0.016766,0.19964,-0.078747,-0.083309,0.078796,0.073533,-0.104147,0.132192,-0.043612
0.222402,0.199921,0.016766,0.19964,-0.078747,-0.083309,0.078796,0.073533,-0.104147,0.132192,-0.043612,-0.038032
0.220695,0.199921,0.19964,-0.078747,-0.083309,0.078796,0.073533,-0.104147,0.132192,-0.043612,-0.038032,0.025162
0.222859,0.199921,-0.078747,-0.083309,0.078796,0.073533,-0.104147,0.132192,-0.043612,-0.038032,0.025162,0.206842
0.222146,0.199921,-0.083309,0.078796,0.073533,-0.104147,0.132192,-0.043612,-0.038032,0.025162,0.206842,-0.070461
0.221524,0.199921,0.078796,0.073533,-0.104147,0.132192,-0.043612,-0.038032,0.025162,0.206842,-0.070461,-0.123886
0.221936,0.199921,0.073533,-0.104147,0.132192,-0.043612,-0.038032,0.025162,0.206842,-0.070461,-0.123886,0.122081
0.22532,0.199921,-0.104147,0.132192,-0.043612,-0.038032,0.025162,0.206842,-0.070461,-0.123886,0.122081,0.056572
0.22417,0.199921,0.132192,-0.043612,-0.038032,0.025162,0.206842,-0.070461,-0.123886,0.122081,0.056572,-0.210131
0.222146,0.199921,-0.043612,-0.038032,0.025162,0.206842,-0.070461,-0.123886,0.122081,0.056572,-0.210131,0.141168
0.224141,0.199921,-0.038032,0.025162,0.206842,-0.070461,-0.123886,0.122081,0.056572,-0.210131,0.141168,-0.135239
0.225065,0.199921,0.025162,0.206842,-0.070461,-0.123886,0.122081,0.056572,-0.210131,0.141168,-0.135239,-0.00663
0.221627,0.199921,0.206842,-0.070461,-0.123886,0.122081,0.056572,-0.210131,0.141168,-0.135239,-0.00663,0.056475
0.223935,0.199921,-0.070461,-0.123886,0.122081,0.056572,-0.210131,0.141168,-0.135239,-0.00663,0.056475,0.152636
0.221725,0.199921,-0.123886,0.122081,0.056572,-0.210131,0.141168,-0.135239,-0.00663,0.056475,0.152636,-0.027394
0.221617,0.199921,0.122081,0.056572,-0.210131,0.141168,-0.135239,-0.00663,0.056475,0.152636,-0.027394,-0.118282
0.222542,0.199921,0.056572,-0.210131,0.141168,-0.135239,-0.00663,0.056475,0.152636,-0.027394,-0.118282,0.076293
0.225039,0.199921,-0.210131,0.141168,-0.135239,-0.00663,0.056475,0.152636,-0.027394,-0.118282,0.076293,0.07663
0.224592,0.199921,0.141168,-0.135239,-0.00663,0.056475,0.152636,-0.027394,-0.118282,0.076293,0.07663,-0.098976
0.22266,0.199921,-0.135239,-0.00663,0.056475,0.152636,-0.027394,-0.118282,0.076293,0.07663,-0.098976,0.133348
0.223907,0.199921,-0.00663,0.056475,0.152636,-0.027394,-0.118282,0.076293,0.07663,-0.098976,0.133348,-0.01506
0.225159,0.199921,0.056475,0.152636,-0.027394,-0.118282,0.076293,0.07663,-0.098976,0.133348,-0.01506,-0.070135
0.223541,0.199921,0.152636,-0.027394,-0.118282,0.076293,0.07663,-0.098976,0.133348,-0.01506,-0.070135,0.019324
0.225718,0.199921,-0.027394,-0.118282,0.076293,0.07663,-0.098976,0.133348,-0.01506,-0.070135,0.019324,0.211279
0.225473,0.199921,-0.118282,0.076293,0.07663,-0.098976,0.133348,-0.01506,-0.070135,0.019324,0.211279,-0.064943
0.224328,0.199921,0.076293,0.07663,-0.098976,0.133348,-0.01506,-0.070135,0.019324,0.211279,-0.064943,-0.153458
0.224644,0.199921,0.07663,-0.098976,0.133348,-0.01506,-0.070135,0.019324,0.211279,-0.064943,-0.153458,0.139964
0.228093,0.199921,-0.098976,0.133348,-0.01506,-0.070135,0.019324,0.211279,-0.064943,-0.153458,0.139964,0.08266
0.227035,0.199921,0.133348,-0.01506,-0.070135,0.019324,0.211279,-0.064943,-0.153458,0.139964,0.08266,-0.111034
0.224534,0.199921,-0.01506,-0.070135,0.019324,0.211279,-0.064943,-0.153458,0.139964,0.08266,-0.111034,0.125795
0.226816,0.199921,-0.070135,0.019324,0.211279,-0.064943,-0.153458,0.139964,0.08266,-0.111034,0.125795,-0.023801
0.228164,0.199921,0.019324,0.211279,-0.064943,-0.153458,0.139964,0.08266,-0.111034,0.125795,-0.023801,-0.056288
0.226353,0.199921,0.211279,-0.064943,-0.153458,0.139964,0.08266,-0.111034,0.125795,-0.023801,-0.056288,0.001891
0.228402,0.199921,-0.064943,-0.153458,0.139964,0.08266,-0.111034,0.125795,-0.023801,-0.056288,0.001891,0.212722
0.228015,0.199249,-0.153458,0.139964,0.08266,-0.111034,0.125795,-0.023801,-0.056288,0.001891,0.212722,-0.062233
0.227098,0.199249,0.139964,0.08266,-0.111034,0.125795,-0.023801,-0.056288,0.001891,0.212722,-0.062233,-0.105139
0.227129,0.199249,0.08266,-0.111034,0.125795,-0.023801,-0.056288,0.001891,0.212722,-0.062233,-0.105139,0.088565
0.230595,0.199249,-0.111034,0.125795,-0.023801,-0.056288,0.001891,0.212722,-0.062233,-0.105139,0.088565,0.085825
0.229583,0.199249,0.125795,-0.023801,-0.056288,0.001891,0.212722,-0.062233,-0.105139,0.088565,0.085825,-0.120256
0.227873,0.199249,-0.023801,-0.056288,0.001891,0.212722,-0.062233,-0.105139,0.088565,0.085825,-0.120256,0.132558
0.229314,0.199249,-0.056288,0.001891,0.212722,-0.062233,-0.105139,0.088565,0.085825,-0.120256,0.132558,-0.035556
0.230711,0.199249,0.001891,0.212722,-0.062233,-0.105139,0.088565,0.085825,-0.120256,0.132558,-0.035556,-0.1119
0.228753,0.199249,0.212722,-0.062233,-0.105139,0.088565,0.085825,-0.120256,0.132558,-0.035556,-0.1119,-0.093455
0.230908,0.199249,-0.062233,-0.105139,0.088565,0.085825,-0.120256,0.132558,-0.035556,-0.1119,-0.093455,0.17198
0.230331,0.199249,-0.105139,0.088565,0.085825,-0.120256,0.132558,-0.035556,-0.1119,-0.093455,0.17198,-0.041863
0.228512,0.199249,0.088565,0.085825,-0.120256,0.132558,-0.035556,-0.1119,-0.093455,0.17198,-0.041863,-0.107912
0.226988,0.199249,0.085825,-0.120256,0.132558,-0.035556,-0.1119,-0.093455,0.17198,-0.041863,-0.107912,0.108792
0.229791,0.199249,-0.120256,0.132558,-0.035556,-0.1119,-0.093455,0.17198,-0.041863,-0.107912,0.108792,0.091626
0.22911,0.199249,0.132558,-0.035556,-0.1119,-0.093455,0.17198,-0.041863,-0.107912,0.108792,0.091626,-0.114453
0.227355,0.199249,-0.035556,-0.1119,-0.093455,0.17198,-0.041863,-0.107912,0.108792,0.091626,-0.114453,0.126728
0.229125,0.199249,-0.1119,-0.093455,0.17198,-0.041863,-0.107912,0.108792,0.091626,-0.114453,0.126728,-0.026805
0.230616,0.199524,-0.093455,0.17198,-0.041863,-0.107912,0.108792,0.091626,-0.114453,0.126728,-0.026805,-0.030602
0.228753,0.199524,0.17198,-0.041863,-0.107912,0.108792,0.091626,-0.114453,0.126728,-0.026805,-0.030602,0.016145
0.230814,0.199524,-0.041863,-0.107912,0.108792,0.091626,-0.114453,0.126728,-0.026805,-0.030602,0.016145,0.088845
0.230378,0.199524,-0.107912,0.108792,0.091626,-0.114453,0.126728,-0.026805,-0.030602,0.016145,0.088845,-0.047734
0.229881,0.199524,0.108792,0.091626,-0.114453,0.126728,-0.026805,-0.030602,0.016145,0.088845,-0.047734,-0.261928
0.230144,0.199524,0.091626,-0.114453,0.126728,-0.026805,-0.030602,0.016145,0.088845,-0.047734,-0.261928,0.160846
0.231589,0.199524,-0.114453,0.126728,-0.026805,-0.030602,0.016145,0.088845,-0.047734,-0.261928,0.160846,0.071296
0.230814,0.199524,0.126728,-0.026805,-0.030602,0.016145,0.088845,-0.047734,-0.261928,0.160846,0.071296,-0.102815
0.226554,0.199524,-0.026805,-0.030602,0.016145,0.088845,-0.047734,-0.261928,0.160846,0.071296,-0.102815,0.083002
0.229173,0.199524,-0.030602,0.016145,0.088845,-0.047734,-0.261928,0.160846,0.071296,-0.102815,0.083002,-0.111038
0.230333,0.199524,0.016145,0.088845,-0.047734,-0.261928,0.160846,0.071296,-0.102815,0.083002,-0.111038,-0.108306
0.228659,0.199524,0.088845,-0.047734,-0.261928,0.160846,0.071296,-0.102815,0.083002,-0.111038,-0.108306,0.04514
0.230009,0.199524,-0.047734,-0.261928,0.160846,0.071296,-0.102815,0.083002,-0.111038,-0.108306,0.04514,0.233108
0.228204,0.199524,-0.261928,0.160846,0.071296,-0.102815,0.083002,-0.111038,-0.108306,0.04514,0.233108,-0.097162
0.22644,0.199524,0.160846,0.071296,-0.102815,0.083002,-0.111038,-0.108306,0.04514,0.233108,-0.097162,-0.102187
0.227176,0.199524,0.071296,-0.102815,0.083002,-0.111038,-0.108306,0.04514,0.233108,-0.097162,-0.102187,0.105967
0.230973,0.199524,-0.102815,0.083002,-0.111038,-0.108306,0.04514,0.233108,-0.097162,-0.102187,0.105967,-0.093767
0.229394,0.199524,0.083002,-0.111038,-0.108306,0.04514,0.233108,-0.097162,-0.102187,0.105967,-0.093767,0.001423
0.227732,0.199524,-0.111038,-0.108306,0.04514,0.233108,-0.097162,-0.102187,0.105967,-0.093767,0.001423,-0.044712
0.229456,0.199524,-0.108306,0.04514,0.233108,-0.097162,-0.102187,0.105967,-0.093767,0.001423,-0.044712,0.031241
0.227929,0.199524,0.04514,0.233108,-0.097162,-0.102187,0.105967,-0.093767,0.001423,-0.044712,0.031241,-0.038905
0.227952,0.199524,0.233108,-0.097162,-0.102187,0.105967,-0.093767,0.001423,-0.044712,0.031241,-0.038905,0.004775
0.227223,0.199524,-0.097162,-0.102187,0.105967,-0.093767,0.001423,-0.044712,0.031241,-0.038905,0.004775,0.105389
0.227732,0.199524,-0.102187,0.105967,-0.093767,0.001423,-0.044712,0.031241,-0.038905,0.004775,0.105389,-0.015742
0.227098,0.199524,0.105967,-0.093767,0.001423,-0.044712,0.031241,-0.038905,0.004775,0.105389,-0.015742,-0.295052
0.227176,0.199524,-0.093767,0.001423,-0.044712,0.031241,-0.038905,0.004775,0.105389,-0.015742,-0.295052,0.185921
0.228894,0.199524,0.001423,-0.044712,0.031241,-0.038905,0.004775,0.105389,-0.015742,-0.295052,0.185921,0.082668
0.228638,0.199524,-0.044712,0.031241,-0.038905,0.004775,0.105389,-0.015742,-0.295052,0.185921,0.082668,-0.113925
0.22383,0.199524,0.031241,-0.038905,0.004775,0.105389,-0.015742,-0.295052,0.185921,0.082668,-0.113925,0.137399
0.226863,0.199524,-0.038905,0.004775,0.105389,-0.015742,-0.295052,0.185921,0.082668,-0.113925,0.137399,-0.012204
0.228211,0.199524,0.004775,0.105389,-0.015742,-0.295052,0.185921,0.082668,-0.113925,0.137399,-0.012204,-0.111254
0.226353,0.199524,0.105389,-0.015742,-0.295052,0.185921,0.082668,-0.113925,0.137399,-0.012204,-0.111254,-0.121477
0.228591,0.199524,-0.015742,-0.295052,0.185921,0.082668,-0.113925,0.137399,-0.012204,-0.111254,-0.121477,0.205475
0.228393,0.199249,-0.295052,0.185921,0.082668,-0.113925,0.137399,-0.012204,-0.111254,-0.121477,0.205475,-0.047593
0.226581,0.199249,0.185921,0.082668,-0.113925,0.137399,-0.012204,-0.111254,-0.121477,0.205475,-0.047593,-0.093048
0.224597,0.199249,0.082668,-0.113925,0.137399,-0.012204,-0.111254,-0.121477,0.205475,-0.047593,-0.093048,0.070896
0.227952,0.199249,-0.113925,0.137399,-0.012204,-0.111254,-0.121477,0.205475,-0.047593,-0.093048,0.070896,0.076887
0.227177,0.199249,0.137399,-0.012204,-0.111254,-0.121477,0.205475,-0.047593,-0.093048,0.070896,0.076887,-0.102387
0.225661,0.199249,-0.012204,-0.111254,-0.121477,0.205475,-0.047593,-0.093048,0.070896,0.076887,-0.102387,0.140314
0.226816,0.199249,-0.111254,-0.121477,0.205475,-0.047593,-0.093048,0.070896,0.076887,-0.102387,0.140314,-0.11649
0.22807,0.199249,-0.121477,0.205475,-0.047593,-0.093048,0.070896,0.076887,-0.102387,0.140314,-0.11649,-0.110715
0.2264,0.199249,0.205475,-0.047593,-0.093048,0.070896,0.076887,-0.102387,0.140314,-0.11649,-0.110715,-0.052302
0.228685,0.199249,-0.047593,-0.093048,0.070896,0.076887,-0.102387,0.140314,-0.11649,-0.110715,-0.052302,0.254306
0.22679,0.199249,-0.093048,0.070896,0.076887,-0.102387,0.140314,-0.11649,-0.110715,-0.052302,0.254306,-0.073628
0.224984,0.199249,0.070896,0.076887,-0.102387,0.140314,-0.11649,-0.110715,-0.052302,0.254306,-0.073628,-0.116068
0.22413,0.199249,0.076887,-0.102387,0.140314,-0.11649,-0.110715,-0.052302,0.254306,-0.073628,-0.116068,0.108351
0.228282,0.199249,-0.102387,0.140314,-0.11649,-0.110715,-0.052302,0.254306,-0.073628,-0.116068,0.108351,0.100027
0.227082,0.199249,0.140314,-0.11649,-0.110715,-0.052302,0.254306,-0.073628,-0.116068,0.108351,0.100027,-0.128404
0.225191,0.199249,-0.11649,-0.110715,-0.052302,0.254306,-0.073628,-0.116068,0.108351,0.100027,-0.128404,0.062137
0.226957,0.199249,-0.110715,-0.052302,0.254306,-0.073628,-0.116068,0.108351,0.100027,-0.128404,0.062137,-0.116183
0.228588,0.199249,-0.052302,0.254306,-0.073628,-0.116068,0.108351,0.100027,-0.128404,0.062137,-0.116183,-0.078777
0.226494,0.199921,0.254306,-0.073628,-0.116068,0.108351,0.100027,-0.128404,0.062137,-0.116183,-0.078777,0.03651
0.227506,0.199921,-0.073628,-0.116068,0.108351,0.100027,-0.128404,0.062137,-0.116183,-0.078777,0.03651,0.214333
0.225614,0.199921,-0.116068,0.108351,0.100027,-0.128404,0.062137,-0.116183,-0.078777,0.03651,0.214333,-0.073646
0.224328,0.199921,0.108351,0.100027,-0.128404,0.062137,-0.116183,-0.078777,0.03651,0.214333,-0.073646,-0.110342
0.224925,0.199921,0.100027,-0.128404,0.062137,-0.116183,-0.078777,0.03651,0.214333,-0.073646,-0.110342,0.131539
0.228423,0.199921,-0.128404,0.062137,-0.116183,-0.078777,0.03651,0.214333,-0.073646,-0.110342,0.131539,0.053823
0.227223,0.199921,0.062137,-0.116183,-0.078777,0.03651,0.214333,-0.073646,-0.110342,0.131539,0.053823,-0.10534
0.225426,0.199921,-0.116183,-0.078777,0.03651,0.214333,-0.073646,-0.110342,0.131539,0.053823,-0.10534,0.154978
0.227569,0.199921,-0.078777,0.03651,0.214333,-0.073646,-0.110342,0.131539,0.053823,-0.10534,0.154978,-0.038361
0.228446,0.199921,0.03651,0.214333,-0.073646,-0.110342,0.131539,0.053823,-0.10534,0.154978,-0.038361,-0.056411
0.226729,0.199921,0.214333,-0.073646,-0.110342,0.131539,0.053823,-0.10534,0.154978,-0.038361,-0.056411,0.01338
0.229252,0.199921,-0.073646,-0.110342,0.131539,0.053823,-0.10534,0.154978,-0.038361,-0.056411,0.01338,0.079541
0.228629,0.199921,-0.110342,0.131539,0.053823,-0.10534,0.154978,-0.038361,-0.056411,0.01338,0.079541,-0.024443
0.227711,0.199921,0.131539,0.053823,-0.10534,0.154978,-0.038361,-0.056411,0.01338,0.079541,-0.024443,-0.272202
0.227929,0.199921,0.053823,-0.10534,0.154978,-0.038361,-0.056411,0.01338,0.079541,-0.024443,-0.272202,0.119729
0.229225,0.199921,-0.10534,0.154978,-0.038361,-0.056411,0.01338,0.079541,-0.024443,-0.272202,0.119729,-0.069824
0.228827,0.199921,0.154978,-0.038361,-0.056411,0.01338,0.079541,-0.024443,-0.272202,0.119729,-0.069824,-0.118982
0.224393,0.199921,-0.038361,-0.056411,0.01338,0.079541,-0.024443,-0.272202,0.119729,-0.069824,-0.118982,0.173553
0.226346,0.199921,-0.056411,0.01338,0.079541,-0.024443,-0.272202,0.119729,-0.069824,-0.118982,0.173553,-0.009288
0.225206,0.199921,0.01338,0.079541,-0.024443,-0.272202,0.119729,-0.069824,-0.118982,0.173553,-0.009288,-0.058756
0.22326,0.199921,0.079541,-0.024443,-0.272202,0.119729,-0.069824,-0.118982,0.173553,-0.009288,-0.058756,0.050864
0.226094,0.199921,-0.024443,-0.272202,0.119729,-0.069824,-0.118982,0.173553,-0.009288,-0.058756,0.050864,0.214858
0.225943,0.199921,-0.272202,0.119729,-0.069824,-0.118982,0.173553,-0.009288,-0.058756,0.050864,0.214858,-0.206641
0.224984,0.199921,0.119729,-0.069824,-0.118982,0.173553,-0.009288,-0.058756,0.050864,0.214858,-0.206641,-0.095663
0.225815,0.199921,-0.069824,-0.118982,0.173553,-0.009288,-0.058756,0.050864,0.214858,-0.206641,-0.095663,-0.064166
0.229319,0.199921,-0.118982,0.173553,-0.009288,-0.058756,0.050864,0.214858,-0.206641,-0.095663,-0.064166,-0.182619
0.225953,0.199921,0.173553,-0.009288,-0.058756,0.050864,0.214858,-0.206641,-0.095663,-0.064166,-0.182619,0.026475
0.224393,0.199921,-0.009288,-0.058756,0.050864,0.214858,-0.206641,-0.095663,-0.064166,-0.182619,0.026475,-0.061519
0.223345,0.199921,-0.058756,0.050864,0.214858,-0.206641,-0.095663,-0.064166,-0.182619,0.026475,-0.061519,0.087478
0.220354,0.199921,0.050864,0.214858,-0.206641,-0.095663,-0.064166,-0.182619,0.026475,-0.061519,0.087478,-0.020821
0.220788,0.199921,0.214858,-0.206641,-0.095663,-0.064166,-0.182619,0.026475,-0.061519,0.087478,-0.020821,-0.020222
0.21978,0.199921,-0.206641,-0.095663,-0.064166,-0.182619,0.026475,-0.061519,0.087478,-0.020821,-0.020222,0.243267
0.221212,0.199921,-0.095663,-0.064166,-0.182619,0.026475,-0.061519,0.087478,-0.020821,-0.020222,0.243267,-0.050334
0.220871,0.199921,-0.064166,-0.182619,0.026475,-0.061519,0.087478,-0.020821,-0.020222,0.243267,-0.050334,-0.146585
0.22054,0.199921,-0.182619,0.026475,-0.061519,0.087478,-0.020821,-0.020222,0.243267,-0.050334,-0.146585,0.133334
0.224523,0.200958,0.026475,-0.061519,0.087478,-0.020821,-0.020222,0.243267,-0.050334,-0.146585,0.133334,0.079457
0.223701,0.200958,-0.061519,0.087478,-0.020821,-0.020222,0.243267,-0.050334,-0.146585,0.133334,0.079457,-0.098911
0.221305,0.200958,0.087478,-0.020821,-0.020222,0.243267,-0.050334,-0.146585,0.133334,0.079457,-0.098911,0.127443
0.223485,0.200958,-0.020821,-0.020222,0.243267,-0.050334,-0.146585,0.133334,0.079457,-0.098911,0.127443,-0.040944
0.224785,0.200958,-0.020222,0.243267,-0.050334,-0.146585,0.133334,0.079457,-0.098911,0.127443,-0.040944,-0.058467
0.223167,0.200958,0.243267,-0.050334,-0.146585,0.133334,0.079457,-0.098911,0.127443,-0.040944,-0.058467,-0.037745
0.225248,0.200958,-0.050334,-0.146585,0.133334,0.079457,-0.098911,0.127443,-0.040944,-0.058467,-0.037745,0.112663
0.224581,0.200958,-0.146585,0.133334,0.079457,-0.098911,0.127443,-0.040944,-0.058467,-0.037745,0.112663,-0.127661
0.223626,0.200958,0.133334,0.079457,-0.098911,0.127443,-0.040944,-0.058467,-0.037745,0.112663,-0.127661,-0.120642
0.223008,0.200958,0.079457,-0.098911,0.127443,-0.040944,-0.058467,-0.037745,0.112663,-0.127661,-0.120642,-0.046345
0.224851,0.200958,-0.098911,0.127443,-0.040944,-0.058467,-0.037745,0.112663,-0.127661,-0.120642,-0.046345,0.099011
0.222765,0.200958,0.127443,-0.040944,-0.058467,-0.037745,0.112663,-0.127661,-0.120642,-0.046345,0.099011,-0.183192
0.220792,0.200958,-0.040944,-0.058467,-0.037745,0.112663,-0.127661,-0.120642,-0.046345,0.099011,-0.183192,0.128528
0.220033,0.200958,-0.058467,-0.037745,0.112663,-0.127661,-0.120642,-0.046345,0.099011,-0.183192,0.128528,-0.128594
0.221656,0.200958,-0.037745,0.112663,-0.127661,-0.120642,-0.046345,0.099011,-0.183192,0.128528,-0.128594,0.002099
0.218651,0.200958,0.112663,-0.127661,-0.120642,-0.046345,0.099011,-0.183192,0.128528,-0.128594,0.002099,0.011136
0.220758,0.200684,-0.127661,-0.120642,-0.046345,0.099011,-0.183192,0.128528,-0.128594,0.002099,0.011136,0.063089
0.218651,0.200684,-0.120642,-0.046345,0.099011,-0.183192,0.128528,-0.128594,0.002099,0.011136,0.063089,-0.098251
0.218686,0.200684,-0.046345,0.099011,-0.183192,0.128528,-0.128594,0.002099,0.011136,0.063089,-0.098251,-0.065826
0.218868,0.200684,0.099011,-0.183192,0.128528,-0.128594,0.002099,0.011136,0.063089,-0.098251,-0.065826,0.132247
0.219904,0.200684,-0.183192,0.128528,-0.128594,0.002099,0.011136,0.063089,-0.098251,-0.065826,0.132247,-0.098955
0.218293,0.200684,0.128528,-0.128594,0.002099,0.011136,0.063089,-0.098251,-0.065826,0.132247,-0.098955,0.003604
0.217213,0.200684,-0.128594,0.002099,0.011136,0.063089,-0.098251,-0.065826,0.132247,-0.098955,0.003604,-0.100726
0.219382,0.200684,0.002099,0.011136,0.063089,-0.098251,-0.065826,0.132247,-0.098955,0.003604,-0.100726,-0.065523
0.217757,0.200684,0.011136,0.063089,-0.098251,-0.065826,0.132247,-0.098955,0.003604,-0.100726,-0.065523,-0.118036
0.217816,0.200684,0.063089,-0.098251,-0.065826,0.132247,-0.098955,0.003604,-0.100726,-0.065523,-0.118036,-0.105167
0.216161,0.200684,-0.098251,-0.065826,0.132247,-0.098955,0.003604,-0.100726,-0.065523,-0.118036,-0.105167,0.248495
0.215084,0.200684,-0.065826,0.132247,-0.098955,0.003604,-0.100726,-0.065523,-0.118036,-0.105167,0.248495,-0.038711
0.213141,0.200684,0.132247,-0.098955,0.003604,-0.100726,-0.065523,-0.118036,-0.105167,0.248495,-0.038711,-0.126871
0.211405,0.200684,-0.098955,0.003604,-0.100726,-0.065523,-0.118036,-0.105167,0.248495,-0.038711,-0.126871,0.136688
0.215504,0.200684,0.003604,-0.100726,-0.065523,-0.118036,-0.105167,0.248495,-0.038711,-0.126871,0.136688,0.070224
0.214867,0.200684,-0.100726,-0.065523,-0.118036,-0.105167,0.248495,-0.038711,-0.126871,0.136688,0.070224,-0.074973
0.212779,0.200684,-0.065523,-0.118036,-0.105167,0.248495,-0.038711,-0.126871,0.136688,0.070224,-0.074973,0.143989
0.21503,0.200684,-0.118036,-0.105167,0.248495,-0.038711,-0.126871,0.136688,0.070224,-0.074973,0.143989,-0.026218
0.216186,0.200684,-0.105167,0.248495,-0.038711,-0.126871,0.136688,0.070224,-0.074973,0.143989,-0.026218,-0.040037
0.214951,0.200684,0.248495,-0.038711,-0.126871,0.136688,0.070224,-0.074973,0.143989,-0.026218,-0.040037,0.036581
0.217319,0.200684,-0.038711,-0.126871,0.136688,0.070224,-0.074973,0.143989,-0.026218,-0.040037,0.036581,0.209625
0.216888,0.200684,-0.126871,0.136688,0.070224,-0.074973,0.143989,-0.026218,-0.040037,0.036581,0.209625,-0.084155
0.21623,0.200684,0.136688,0.070224,-0.074973,0.143989,-0.026218,-0.040037,0.036581,0.209625,-0.084155,-0.130866
0.216832,0.200684,0.070224,-0.074973,0.143989,-0.026218,-0.040037,0.036581,0.209625,-0.084155,-0.130866,0.11797
0.220276,0.200684,-0.074973,0.143989,-0.026218,-0.040037,0.036581,0.209625,-0.084155,-0.130866,0.11797,0.070495
0.218896,0.200684,0.143989,-0.026218,-0.040037,0.036581,0.209625,-0.084155,-0.130866,0.11797,0.070495,-0.098001
0.216749,0.200684,-0.026218,-0.040037,0.036581,0.209625,-0.084155,-0.130866,0.11797,0.070495,-0.098001,0.108468
0.218686,0.200684,-0.040037,0.036581,0.209625,-0.084155,-0.130866,0.11797,0.070495,-0.098001,0.108468,0.002082
0.219843,0.200684,0.036581,0.209625,-0.084155,-0.130866,0.11797,0.070495,-0.098001,0.108468,0.002082,-0.077367
0.218233,0.200684,0.209625,-0.084155,-0.130866,0.11797,0.070495,-0.098001,0.108468,0.002082,-0.077367,0.025254
0.220013,0.200684,-0.084155,-0.130866,0.11797,0.070495,-0.098001,0.108468,0.002082,-0.077367,0.025254,0.196738
0.220047,0.20108,-0.130866,0.11797,0.070495,-0.098001,0.108468,0.002082,-0.077367,0.025254,0.196738,-0.064489
0.218778,0.20108,0.11797,0.070495,-0.098001,0.108468,0.002082,-0.077367,0.025254,0.196738,-0.064489,-0.171307
0.219193,0.20108,0.070495,-0.098001,0.108468,0.002082,-0.077367,0.025254,0.196738,-0.064489,-0.171307,-0.043122
0.222419,0.20108,-0.098001,0.108468,0.002082,-0.077367,0.025254,0.196738,-0.064489,-0.171307,-0.043122,0.076077
0.221364,0.20108,0.108468,0.002082,-0.077367,0.025254,0.196738,-0.064489,-0.171307,-0.043122,0.076077,-0.086607
0.218558,0.20108,0.002082,-0.077367,0.025254,0.196738,-0.064489,-0.171307,-0.043122,0.076077,-0.086607,0.133822
0.217851,0.20108,-0.077367,0.025254,0.196738,-0.064489,-0.171307,-0.043122,0.076077,-0.086607,0.133822,-0.003607
0.2191,0.20108,0.025254,0.196738,-0.064489,-0.171307,-0.043122,0.076077,-0.086607,0.133822,-0.003607,-0.04334
0.217677,0.20108,0.196738,-0.064489,-0.171307,-0.043122,0.076077,-0.086607,0.133822,-0.003607,-0.04334,0.005458
0.219873,0.20108,-0.064489,-0.171307,-0.043122,0.076077,-0.086607,0.133822,-0.003607,-0.04334,0.005458,0.23667
0.219814,0.20108,-0.171307,-0.043122,0.076077,-0.086607,0.133822,-0.003607,-0.04334,0.005458,0.23667,-0.087366
0.219104,0.20108,-0.043122,0.076077,-0.086607,0.133822,-0.003607,-0.04334,0.005458,0.23667,-0.087366,-0.108971
0.219193,0.20108,0.076077,-0.086607,0.133822,-0.003607,-0.04334,0.005458,0.23667,-0.087366,-0.108971,0.115838
0.223073,0.20108,-0.086607,0.133822,-0.003607,-0.04334,0.005458,0.23667,-0.087366,-0.108971,0.115838,-0.122413
0.221644,0.20108,0.133822,-0.003607,-0.04334,0.005458,0.23667,-0.087366,-0.108971,0.115838,-0.122413,-0.106456
0.21986,0.20108,-0.003607,-0.04334,0.005458,0.23667,-0.087366,-0.108971,0.115838,-0.122413,-0.106456,0.156698
0.221757,0.200561,-0.04334,0.005458,0.23667,-0.087366,-0.108971,0.115838,-0.122413,-0.106456,0.156698,-0.100202
0.21975,0.200561,0.005458,0.23667,-0.087366,-0.108971,0.115838,-0.122413,-0.106456,0.156698,-0.100202,-0.099662
0.218001,0.200561,0.23667,-0.087366,-0.108971,0.115838,-0.122413,-0.106456,0.156698,-0.100202,-0.099662,-0.04497
0.220571,0.200561,-0.087366,-0.108971,0.115838,-0.122413,-0.106456,0.156698,-0.100202,-0.099662,-0.04497,0.243481
0.21893,0.200561,-0.108971,0.115838,-0.122413,-0.106456,0.156698,-0.100202,-0.099662,-0.04497,0.243481,-0.186003
0.217295,0.200561,0.115838,-0.122413,-0.106456,0.156698,-0.100202,-0.099662,-0.04497,0.243481,-0.186003,-0.091066
0.216555,0.200561,-0.122413,-0.106456,0.156698,-0.100202,-0.099662,-0.04497,0.243481,-0.186003,-0.091066,-0.020232
0.220555,0.200561,-0.106456,0.156698,-0.100202,-0.099662,-0.04497,0.243481,-0.186003,-0.091066,-0.020232,0.151862
0.217504,0.200561,0.156698,-0.100202,-0.099662,-0.04497,0.243481,-0.186003,-0.091066,-0.020232,0.151862,-0.209817
0.216009,0.200561,-0.100202,-0.099662,-0.04497,0.243481,-0.186003,-0.091066,-0.020232,0.151862,-0.209817,0.121345
0.215676,0.200561,-0.099662,-0.04497,0.243481,-0.186003,-0.091066,-0.020232,0.151862,-0.209817,0.121345,-0.11618
0.218174,0.200561,-0.04497,0.243481,-0.186003,-0.091066,-0.020232,0.151862,-0.209817,0.121345,-0.11618,-0.006093
0.21472,0.200561,0.243481,-0.186003,-0.091066,-0.020232,0.151862,-0.209817,0.121345,-0.11618,-0.006093,0.047788
0.216716,0.200561,-0.186003,-0.091066,-0.020232,0.151862,-0.209817,0.121345,-0.11618,-0.006093,0.047788,0.169321
0.214807,0.200561,-0.091066,-0.020232,0.151862,-0.209817,0.121345,-0.11618,-0.006093,0.047788,0.169321,-0.033111
0.214707,0.200561,-0.020232,0.151862,-0.209817,0.121345,-0.11618,-0.006093,0.047788,0.169321,-0.033111,-0.127711
0.215494,0.200561,0.151862,-0.209817,0.121345,-0.11618,-0.006093,0.047788,0.169321,-0.033111,-0.127711,0.112082
0.21828,0.200561,-0.209817,0.121345,-0.11618,-0.006093,0.047788,0.169321,-0.033111,-0.127711,0.112082,0.081689
0.217736,0.200561,0.121345,-0.11618,-0.006093,0.047788,0.169321,-0.033111,-0.127711,0.112082,0.081689,-0.086568
0.215639,0.200561,-0.11618,-0.006093,0.047788,0.169321,-0.033111,-0.127711,0.112082,0.081689,-0.086568,0.113857
0.21748,0.200561,-0.006093,0.047788,0.169321,-0.033111,-0.127711,0.112082,0.081689,-0.086568,0.113857,-0.009286
0.218822,0.200561,0.047788,0.169321,-0.033111,-0.127711,0.112082,0.081689,-0.086568,0.113857,-0.009286,-0.057358
0.217399,0.200561,0.169321,-0.033111,-0.127711,0.112082,0.081689,-0.086568,0.113857,-0.009286,-0.057358,0.01399
0.219268,0.200561,-0.033111,-0.127711,0.112082,0.081689,-0.086568,0.113857,-0.009286,-0.057358,0.01399,0.201999
0.219116,0.200561,-0.127711,0.112082,0.081689,-0.086568,0.113857,-0.009286,-0.057358,0.01399,0.201999,-0.078653
0.218175,0.200561,0.112082,0.081689,-0.086568,0.113857,-0.009286,-0.057358,0.01399,0.201999,-0.078653,-0.103
0.218405,0.200561,0.081689,-0.086568,0.113857,-0.009286,-0.057358,0.01399,0.201999,-0.078653,-0.103,0.109898
0.22172,0.200561,-0.086568,0.113857,-0.009286,-0.057358,0.01399,0.201999,-0.078653,-0.103,0.109898,0.059272
0.220432,0.200561,0.113857,-0.009286,-0.057358,0.01399,0.201999,-0.078653,-0.103,0.109898,0.059272,-0.115301
0.218744,0.200561,-0.009286,-0.057358,0.01399,0.201999,-0.078653,-0.103,0.109898,0.059272,-0.115301,0.134612
0.220545,0.200561,-0.057358,0.01399,0.201999,-0.078653,-0.103,0.109898,0.059272,-0.115301,0.134612,-0.026415
0.221517,0.200561,0.01399,0.201999,-0.078653,-0.103,0.109898,0.059272,-0.115301,0.134612,-0.026415,-0.060665
0.219625,0.200561,0.201999,-0.078653,-0.103,0.109898,0.059272,-0.115301,0.134612,-0.026415,-0.060665,0.008183
0.221831,0.200561,-0.078653,-0.103,0.109898,0.059272,-0.115301,0.134612,-0.026415,-0.060665,0.008183,0.214636
0.221399,0.20108,-0.103,0.109898,0.059272,-0.115301,0.134612,-0.026415,-0.060665,0.008183,0.214636,-0.073205
0.220405,0.20108,0.109898,0.059272,-0.115301,0.134612,-0.026415,-0.060665,0.008183,0.214636,-0.073205,-0.132057
0.22054,0.20108,0.059272,-0.115301,0.134612,-0.026415,-0.060665,0.008183,0.214636,-0.073205,-0.132057,0.107451
0.224055,0.20108,-0.115301,0.134612,-0.026415,-0.060665,0.008183,0.214636,-0.073205,-0.132057,0.107451,0.065066
0.222859,0.20108,0.134612,-0.026415,-0.060665,0.008183,0.214636,-0.073205,-0.132057,0.107451,0.065066,-0.112899
0.220699,0.20108,-0.026415,-0.060665,0.008183,0.214636,-0.073205,-0.132057,0.107451,0.065066,-0.112899,0.135461
0.222457,0.20108,-0.060665,0.008183,0.214636,-0.073205,-0.132057,0.107451,0.065066,-0.112899,0.135461,-0.026504
0.223522,0.20108,0.008183,0.214636,-0.073205,-0.132057,0.107451,0.065066,-0.112899,0.135461,-0.026504,-0.049677
0.221673,0.20108,0.214636,-0.073205,-0.132057,0.107451,0.065066,-0.112899,0.135461,-0.026504,-0.049677,0.013713
0.223889,0.20108,-0.073205,-0.132057,0.107451,0.065066,-0.112899,0.135461,-0.026504,-0.049677,0.013713,0.207374
0.223456,0.20108,-0.132057,0.107451,0.065066,-0.112899,0.135461,-0.026504,-0.049677,0.013713,0.207374,-0.087793
0.222644,0.20108,0.107451,0.065066,-0.112899,0.135461,-0.026504,-0.049677,0.013713,0.207374,-0.087793,-0.115481
0.222868,0.20108,0.065066,-0.112899,0.135461,-0.026504,-0.049677,0.013713,0.207374,-0.087793,-0.115481,0.107903
0.226259,0.20108,-0.112899,0.135461,-0.026504,-0.049677,0.013713,0.207374,-0.087793,-0.115481,0.107903,0.068081
0.224826,0.20108,0.135461,-0.026504,-0.049677,0.013713,0.207374,-0.087793,-0.115481,0.107903,0.068081,-0.104821
0.222941,0.199249,-0.026504,-0.049677,0.013713,0.207374,-0.087793,-0.115481,0.107903,0.068081,-0.104821,0.119168
0.224703,0.199249,-0.049677,0.013713,0.207374,-0.087793,-0.115481,0.107903,0.068081,-0.104821,0.119168,-0.026601
0.225815,0.199249,0.013713,0.207374,-0.087793,-0.115481,0.107903,0.068081,-0.104821,0.119168,-0.026601,-0.095993
0.224102,0.199249,0.207374,-0.087793,-0.115481,0.107903,0.068081,-0.104821,0.119168,-0.026601,-0.095993,-0.120481
0.226047,0.199249,-0.087793,-0.115481,0.107903,0.068081,-0.104821,0.119168,-0.026601,-0.095993,-0.120481,0.161031
0.225614,0.199249,-0.115481,0.107903,0.068081,-0.104821,0.119168,-0.026601,-0.095993,-0.120481,0.161031,-0.041744
0.224047,0.199249,0.107903,0.068081,-0.104821,0.119168,-0.026601,-0.095993,-0.120481,0.161031,-0.041744,-0.106694
0.222076,0.199249,0.068081,-0.104821,0.119168,-0.026601,-0.095993,-0.120481,0.161031,-0.041744,-0.106694,0.05907
0.224711,0.199249,-0.104821,0.119168,-0.026601,-0.095993,-0.120481,0.161031,-0.041744,-0.106694,0.05907,-0.071844
0.224029,0.199249,0.119168,-0.026601,-0.095993,-0.120481,0.161031,-0.041744,-0.106694,0.05907,-0.071844,-0.115429
0.222286,0.199249,-0.026601,-0.095993,-0.120481,0.161031,-0.041744,-0.106694,0.05907,-0.071844,-0.115429,0.072085
0.223252,0.199249,-0.095993,-0.120481,0.161031,-0.041744,-0.106694,0.05907,-0.071844,-0.115429,0.072085,-0.151467
0.222076,0.199249,-0.120481,0.161031,-0.041744,-0.106694,0.05907,-0.071844,-0.115429,0.072085,-0.151467,-0.217805
0.220183,0.199249,0.161031,-0.041744,-0.106694,0.05907,-0.071844,-0.115429,0.072085,-0.151467,-0.217805,0.030976
0.221364,0.199249,-0.041744,-0.106694,0.05907,-0.071844,-0.115429,0.072085,-0.151467,-0.217805,0.030976,0.279832
0.218884,0.199249,-0.106694,0.05907,-0.071844,-0.115429,0.072085,-0.151467,-0.217805,0.030976,0.279832,-0.191595
0.215307,0.199249,0.05907,-0.071844,-0.115429,0.072085,-0.151467,-0.217805,0.030976,0.279832,-0.191595,-0.093831
0.215817,0.199249,-0.071844,-0.115429,0.072085,-0.151467,-0.217805,0.030976,0.279832,-0.191595,-0.093831,-0.01178
0.220416,0.199249,-0.115429,0.072085,-0.151467,-0.217805,0.030976,0.279832,-0.191595,-0.093831,-0.01178,0.174373
0.217272,0.199249,0.072085,-0.151467,-0.217805,0.030976,0.279832,-0.191595,-0.093831,-0.01178,0.174373,-0.114607
0.215731,0.199249,-0.151467,-0.217805,0.030976,0.279832,-0.191595,-0.093831,-0.01178,0.174373,-0.114607,0.085275
0.215537,0.199249,-0.217805,0.030976,0.279832,-0.191595,-0.093831,-0.01178,0.174373,-0.114607,0.085275,0.01334
0.218405,0.199249,0.030976,0.279832,-0.191595,-0.093831,-0.01178,0.174373,-0.114607,0.085275,0.01334,-0.034591
0.216521,0.199249,0.279832,-0.191595,-0.093831,-0.01178,0.174373,-0.114607,0.085275,0.01334,-0.034591,0.014032
0.217921,0.199249,-0.191595,-0.093831,-0.01178,0.174373,-0.114607,0.085275,0.01334,-0.034591,0.014032,0.057208
0.21814,0.199249,-0.093831,-0.01178,0.174373,-0.114607,0.085275,0.01334,-0.034591,0.014032,0.057208,-0.134688
0.217573,0.199249,-0.01178,0.174373,-0.114607,0.085275,0.01334,-0.034591,0.014032,0.057208,-0.134688,-0.295046
0.217803,0.199249,0.174373,-0.114607,0.085275,0.01334,-0.034591,0.014032,0.057208,-0.134688,-0.295046,-0.114069
0.218743,0.199249,-0.114607,0.085275,0.01334,-0.034591,0.014032,0.057208,-0.134688,-0.295046,-0.114069,0.141905
0.216531,0.199249,0.085275,0.01334,-0.034591,0.014032,0.057208,-0.134688,-0.295046,-0.114069,0.141905,-0.096619
0.211676,0.199249,0.01334,-0.034591,0.014032,0.057208,-0.134688,-0.295046,-0.114069,0.141905,-0.096619,0.114198
0.209792,0.199249,-0.034591,0.014032,0.057208,-0.134688,-0.295046,-0.114069,0.141905,-0.096619,0.114198,0.018629
0.212138,0.199249,0.014032,0.057208,-0.134688,-0.295046,-0.114069,0.141905,-0.096619,0.114198,0.018629,-0.0505
0.210541,0.199249,0.057208,-0.134688,-0.295046,-0.114069,0.141905,-0.096619,0.114198,0.018629,-0.0505,0.006052
0.212426,0.199371,-0.134688,-0.295046,-0.114069,0.141905,-0.096619,0.114198,0.018629,-0.0505,0.006052,0.257317
0.212733,0.199371,-0.295046,-0.114069,0.141905,-0.096619,0.114198,0.018629,-0.0505,0.006052,0.257317,-0.094847
0.2119,0.199371,-0.114069,0.141905,-0.096619,0.114198,0.018629,-0.0505,0.006052,0.257317,-0.094847,-0.132398
0.212,0.199371,0.141905,-0.096619,0.114198,0.018629,-0.0505,0.006052,0.257317,-0.094847,-0.132398,0.153435
0.216243,0.199371,-0.096619,0.114198,0.018629,-0.0505,0.006052,0.257317,-0.094847,-0.132398,0.153435,0.044992
0.214683,0.199371,0.114198,0.018629,-0.0505,0.006052,0.257317,-0.094847,-0.132398,0.153435,0.044992,-0.108442
0.212503,0.199371,0.018629,-0.0505,0.006052,0.257317,-0.094847,-0.132398,0.153435,0.044992,-0.108442,0.129506
0.21503,0.199371,-0.0505,0.006052,0.257317,-0.094847,-0.132398,0.153435,0.044992,-0.108442,0.129506,-0.034609
0.215771,0.199371,0.006052,0.257317,-0.094847,-0.132398,0.153435,0.044992,-0.108442,0.129506,-0.034609,-0.053832
0.213983,0.199371,0.257317,-0.094847,-0.132398,0.153435,0.044992,-0.108442,0.129506,-0.034609,-0.053832,0.019808
0.216115,0.199371,-0.094847,-0.132398,0.153435,0.044992,-0.108442,0.129506,-0.034609,-0.053832,0.019808,0.17472
0.215546,0.199371,-0.132398,0.153435,0.044992,-0.108442,0.129506,-0.034609,-0.053832,0.019808,0.17472,-0.179383
0.214661,0.199371,0.153435,0.044992,-0.108442,0.129506,-0.034609,-0.053832,0.019808,0.17472,-0.179383,-0.11291
0.214987,0.199371,0.044992,-0.108442,0.129506,-0.034609,-0.053832,0.019808,0.17472,-0.179383,-0.11291,-0.222646
0.217863,0.199371,-0.108442,0.129506,-0.034609,-0.053832,0.019808,0.17472,-0.179383,-0.11291,-0.222646,0.022816
0.214913,0.199371,0.129506,-0.034609,-0.053832,0.019808,0.17472,-0.179383,-0.11291,-0.222646,0.022816,0.027937
0.213055,0.199371,-0.034609,-0.053832,0.019808,0.17472,-0.179383,-0.11291,-0.222646,0.022816,0.027937,-0.074576
0.209381,0.198852,-0.053832,0.019808,0.17472,-0.179383,-0.11291,-0.222646,0.022816,0.027937,-0.074576,0.062745
0.209758,0.198852,0.019808,0.17472,-0.179383,-0.11291,-0.222646,0.022816,0.027937,-0.074576,0.062745,-0.016803
0.210221,0.198852,0.17472,-0.179383,-0.11291,-0.222646,0.022816,0.027937,-0.074576,0.062745,-0.016803,-0.035153
0.208988,0.198852,-0.179383,-0.11291,-0.222646,0.022816,0.027937,-0.074576,0.062745,-0.016803,-0.035153,0.266498
0.210024,0.198852,-0.11291,-0.222646,0.022816,0.027937,-0.074576,0.062745,-0.016803,-0.035153,0.266498,-0.060997
0.209747,0.198852,-0.222646,0.022816,0.027937,-0.074576,0.062745,-0.016803,-0.035153,0.266498,-0.060997,-0.134528
0.209165,0.198852,0.022816,0.027937,-0.074576,0.062745,-0.016803,-0.035153,0.266498,-0.060997,-0.134528,0.138808
0.213569,0.198852,0.027937,-0.074576,0.062745,-0.016803,-0.035153,0.266498,-0.060997,-0.134528,0.138808,-0.152002
0.212564,0.198852,-0.074576,0.062745,-0.016803,-0.035153,0.266498,-0.060997,-0.134528,0.138808,-0.152002,-0.18147
0.210345,0.198852,0.062745,-0.016803,-0.035153,0.266498,-0.060997,-0.134528,0.138808,-0.152002,-0.18147,0.159986
0.212635,0.198852,-0.016803,-0.035153,0.266498,-0.060997,-0.134528,0.138808,-0.152002,-0.18147,0.159986,-0.11987
0.210124,0.198852,-0.035153,0.266498,-0.060997,-0.134528,0.138808,-0.152002,-0.18147,0.159986,-0.11987,-0.085298
0.207118,0.198852,0.266498,-0.060997,-0.134528,0.138808,-0.152002,-0.18147,0.159986,-0.11987,-0.085298,-0.037271
0.209765,0.198852,-0.060997,-0.134528,0.138808,-0.152002,-0.18147,0.159986,-0.11987,-0.085298,-0.037271,0.139944
0.207784,0.198852,-0.134528,0.138808,-0.152002,-0.18147,0.159986,-0.11987,-0.085298,-0.037271,0.139944,-0.019299
0.206372,0.198852,0.138808,-0.152002,-0.18147,0.159986,-0.11987,-0.085298,-0.037271,0.139944,-0.019299,-0.14401
0.205753,0.198852,-0.152002,-0.18147,0.159986,-0.11987,-0.085298,-0.037271,0.139944,-0.019299,-0.14401,-0.068263
0.208074,0.198852,-0.18147,0.159986,-0.11987,-0.085298,-0.037271,0.139944,-0.019299,-0.14401,-0.068263,0.096715
0.207755,0.198852,0.159986,-0.11987,-0.085298,-0.037271,0.139944,-0.019299,-0.14401,-0.068263,0.096715,-0.038203
0.20537,0.198852,-0.11987,-0.085298,-0.037271,0.139944,-0.019299,-0.14401,-0.068263,0.096715,-0.038203,0.082042
0.204238,0.198852,-0.085298,-0.037271,0.139944,-0.019299,-0.14401,-0.068263,0.096715,-0.038203,0.082042,0.009981
0.205844,0.198852,-0.037271,0.139944,-0.019299,-0.14401,-0.068263,0.096715,-0.038203,0.082042,0.009981,-0.027445
0.205209,0.198852,0.139944,-0.019299,-0.14401,-0.068263,0.096715,-0.038203,0.082042,0.009981,-0.027445,0.014721
0.20657,0.198852,-0.019299,-0.14401,-0.068263,0.096715,-0.038203,0.082042,0.009981,-0.027445,0.014721,0.209259
0.206735,0.198852,-0.14401,-0.068263,0.096715,-0.038203,0.082042,0.009981,-0.027445,0.014721,0.209259,-0.080076
0.206281,0.198852,-0.068263,0.096715,-0.038203,0.082042,0.009981,-0.027445,0.014721,0.209259,-0.080076,-0.127816
0.206525,0.198852,0.096715,-0.038203,0.082042,0.009981,-0.027445,0.014721,0.209259,-0.080076,-0.127816,0.132212
0.209992,0.198852,-0.038203,0.082042,0.009981,-0.027445,0.014721,0.209259,-0.080076,-0.127816,0.132212,0.055934
0.208668,0.198852,0.082042,0.009981,-0.027445,0.014721,0.209259,-0.080076,-0.127816,0.132212,0.055934,-0.090666
0.206553,0.198852,0.009981,-0.027445,0.014721,0.209259,-0.080076,-0.127816,0.132212,0.055934,-0.090666,0.105027
0.208741,0.198852,-0.027445,0.014721,0.209259,-0.080076,-0.127816,0.132212,0.055934,-0.090666,0.105027,-0.020364
0.209667,0.198852,0.014721,0.209259,-0.080076,-0.127816,0.132212,0.055934,-0.090666,0.105027,-0.020364,-0.105078
0.208166,0.198852,0.209259,-0.080076,-0.127816,0.132212,0.055934,-0.090666,0.105027,-0.020364,-0.105078,-0.034803
0.209903,0.199524,-0.080076,-0.127816,0.132212,0.055934,-0.090666,0.105027,-0.020364,-0.105078,-0.034803,0.104691
0.209566,0.199524,-0.127816,0.132212,0.055934,-0.090666,0.105027,-0.020364,-0.105078,-0.034803,0.104691,-0.151468
0.207829,0.199524,0.132212,0.055934,-0.090666,0.105027,-0.020364,-0.105078,-0.034803,0.104691,-0.151468,-0.255389
0.207252,0.199524,0.055934,-0.090666,0.105027,-0.020364,-0.105078,-0.034803,0.104691,-0.151468,-0.255389,-0.078379
0.208987,0.199524,-0.090666,0.105027,-0.020364,-0.105078,-0.034803,0.104691,-0.151468,-0.255389,-0.078379,-0.022762
0.206479,0.199524,0.105027,-0.020364,-0.105078,-0.034803,0.104691,-0.151468,-0.255389,-0.078379,-0.022762,-0.059567
0.202242,0.199524,-0.020364,-0.105078,-0.034803,0.104691,-0.151468,-0.255389,-0.078379,-0.022762,-0.059567,0.134699
0.200938,0.199524,-0.105078,-0.034803,0.104691,-0.151468,-0.255389,-0.078379,-0.022762,-0.059567,0.134699,-0.003833
0.200559,0.199524,-0.034803,0.104691,-0.151468,-0.255389,-0.078379,-0.022762,-0.059567,0.134699,-0.003833,-0.005103
0.199565,0.199524,0.104691,-0.151468,-0.255389,-0.078379,-0.022762,-0.059567,0.134699,-0.003833,-0.005103,0.0177
0.201808,0.199524,-0.151468,-0.255389,-0.078379,-0.022762,-0.059567,0.134699,-0.003833,-0.005103,0.0177,0.209349
0.201745,0.199524,-0.255389,-0.078379,-0.022762,-0.059567,0.134699,-0.003833,-0.005103,0.0177,0.209349,-0.095904
0.20166,0.199524,-0.078379,-0.022762,-0.059567,0.134699,-0.003833,-0.005103,0.0177,0.209349,-0.095904,-0.134548
0.201954,0.199524,-0.022762,-0.059567,0.134699,-0.003833,-0.005103,0.0177,0.209349,-0.095904,-0.134548,0.090022
0.205436,0.199524,-0.059567,0.134699,-0.003833,-0.005103,0.0177,0.209349,-0.095904,-0.134548,0.090022,0.039372
0.203844,0.199524,0.134699,-0.003833,-0.005103,0.0177,0.209349,-0.095904,-0.134548,0.090022,0.039372,-0.15738
0.201609,0.199524,-0.003833,-0.005103,0.0177,0.209349,-0.095904,-0.134548,0.090022,0.039372,-0.15738,0.0945
0.203106,0.200958,-0.005103,0.0177,0.209349,-0.095904,-0.134548,0.090022,0.039372,-0.15738,0.0945,-0.028318
0.20376,0.200958,0.0177,0.209349,-0.095904,-0.134548,0.090022,0.039372,-0.15738,0.0945,-0.028318,-0.067543
0.20114,0.200958,0.209349,-0.095904,-0.134548,0.090022,0.039372,-0.15738,0.0945,-0.028318,-0.067543,-0.011994
0.202712,0.200958,-0.095904,-0.134548,0.090022,0.039372,-0.15738,0.0945,-0.028318,-0.067543,-0.011994,0.195119
0.202242,0.200958,-0.134548,0.090022,0.039372,-0.15738,0.0945,-0.028318,-0.067543,-0.011994,0.195119,-0.092974
0.201118,0.200958,0.090022,0.039372,-0.15738,0.0945,-0.028318,-0.067543,-0.011994,0.195119,-0.092974,-0.12875
0.200918,0.200958,0.039372,-0.15738,0.0945,-0.028318,-0.067543,-0.011994,0.195119,-0.092974,-0.12875,0.100705
0.204167,0.200958,-0.15738,0.0945,-0.028318,-0.067543,-0.011994,0.195119,-0.092974,-0.12875,0.100705,-0.104
0.202622,0.200958,0.0945,-0.028318,-0.067543,-0.011994,0.195119,-0.092974,-0.12875,0.100705,-0.104,-0.062242
0.200481,0.200958,-0.028318,-0.067543,-0.011994,0.195119,-0.092974,-0.12875,0.100705,-0.104,-0.062242,-0.016857
0.202156,0.200958,-0.067543,-0.011994,0.195119,-0.092974,-0.12875,0.100705,-0.104,-0.062242,-0.016857,0.015039
0.200424,0.200958,-0.011994,0.195119,-0.092974,-0.12875,0.100705,-0.104,-0.062242,-0.016857,0.015039,-0.045351
0.199385,0.200958,0.195119,-0.092974,-0.12875,0.100705,-0.104,-0.062242,-0.016857,0.015039,-0.045351,-0.054575
0.199104,0.200958,-0.092974,-0.12875,0.100705,-0.104,-0.062242,-0.016857,0.015039,-0.045351,-0.054575,0.225806
0.199355,0.200958,-0.12875,0.100705,-0.104,-0.062242,-0.016857,0.015039,-0.045351,-0.054575,0.225806,-0.081748
0.198599,0.200958,0.100705,-0.104,-0.062242,-0.016857,0.015039,-0.045351,-0.054575,0.225806,-0.081748,-0.15489
0.197687,0.200958,-0.104,-0.062242,-0.016857,0.015039,-0.045351,-0.054575,0.225806,-0.081748,-0.15489,0.108219
0.201456,0.200958,-0.062242,-0.016857,0.015039,-0.045351,-0.054575,0.225806,-0.081748,-0.15489,0.108219,0.036672
0.200094,0.200958,-0.016857,0.015039,-0.045351,-0.054575,0.225806,-0.081748,-0.15489,0.108219,0.036672,-0.091748
0.197513,0.200958,0.015039,-0.045351,-0.054575,0.225806,-0.081748,-0.15489,0.108219,0.036672,-0.091748,0.112564
0.199317,0.200958,-0.045351,-0.054575,0.225806,-0.081748,-0.15489,0.108219,0.036672,-0.091748,0.112564,-0.082223
0.199929,0.200958,-0.054575,0.225806,-0.081748,-0.15489,0.108219,0.036672,-0.091748,0.112564,-0.082223,-0.206102
0.198398,0.200958,0.225806,-0.081748,-0.15489,0.108219,0.036672,-0.091748,0.112564,-0.082223,-0.206102,-0.04853
0.200274,0.200958,-0.081748,-0.15489,0.108219,0.036672,-0.091748,0.112564,-0.082223,-0.206102,-0.04853,0.24809
0.198905,0.200958,-0.15489,0.108219,0.036672,-0.091748,0.112564,-0.082223,-0.206102,-0.04853,0.24809,-0.191253
0.195464,0.200958,0.108219,0.036672,-0.091748,0.112564,-0.082223,-0.206102,-0.04853,0.24809,-0.191253,-0.123998
0.194651,0.200958,0.036672,-0.091748,0.112564,-0.082223,-0.206102,-0.04853,0.24809,-0.191253,-0.123998,-0.007163
0.198801,0.200958,-0.091748,0.112564,-0.082223,-0.206102,-0.04853,0.24809,-0.191253,-0.123998,-0.007163,-0.032219
0.195607,0.200958,0.112564,-0.082223,-0.206102,-0.04853,0.24809,-0.191253,-0.123998,-0.007163,-0.032219,-0.037725
0.193533,0.200958,-0.082223,-0.206102,-0.04853,0.24809,-0.191253,-0.123998,-0.007163,-0.032219,-0.037725,-0.046218
0.193413,0.200958,-0.206102,-0.04853,0.24809,-0.191253,-0.123998,-0.007163,-0.032219,-0.037725,-0.046218,0.043765
0.192872,0.200958,-0.04853,0.24809,-0.191253,-0.123998,-0.007163,-0.032219,-0.037725,-0.046218,0.043765,-0.030889
0.192239,0.200958,0.24809,-0.191253,-0.123998,-0.007163,-0.032219,-0.037725,-0.046218,0.043765,-0.030889,-0.029276
0.191464,0.200958,-0.191253,-0.123998,-0.007163,-0.032219,-0.037725,-0.046218,0.043765,-0.030889,-0.029276,0.208453
0.192197,0.200958,-0.123998,-0.007163,-0.032219,-0.037725,-0.046218,0.043765,-0.030889,-0.029276,0.208453,-0.064934
0.191679,0.200958,-0.007163,-0.032219,-0.037725,-0.046218,0.043765,-0.030889,-0.029276,0.208453,-0.064934,-0.14724
0.191188,0.201355,-0.032219,-0.037725,-0.046218,0.043765,-0.030889,-0.029276,0.208453,-0.064934,-0.14724,0.09893
0.194686,0.201355,-0.037725,-0.046218,0.043765,-0.030889,-0.029276,0.208453,-0.064934,-0.14724,0.09893,-0.163856
0.193598,0.201355,-0.046218,0.043765,-0.030889,-0.029276,0.208453,-0.064934,-0.14724,0.09893,-0.163856,-0.090069
0.191131,0.201355,0.043765,-0.030889,-0.029276,0.208453,-0.064934,-0.14724,0.09893,-0.163856,-0.090069,0.132801
0.19279,0.201355,-0.030889,-0.029276,0.208453,-0.064934,-0.14724,0.09893,-0.163856,-0.090069,0.132801,0.017204
0.190038,0.201355,-0.029276,0.208453,-0.064934,-0.14724,0.09893,-0.163856,-0.090069,0.132801,0.017204,-0.149159
0.188521,0.201355,0.208453,-0.064934,-0.14724,0.09893,-0.163856,-0.090069,0.132801,0.017204,-0.149159,-0.130496
0.190754,0.201355,-0.064934,-0.14724,0.09893,-0.163856,-0.090069,0.132801,0.017204,-0.149159,-0.130496,0.210889
0.191042,0.201355,-0.14724,0.09893,-0.163856,-0.090069,0.132801,0.017204,-0.149159,-0.130496,0.210889,-0.082905
0.188537,0.201355,0.09893,-0.163856,-0.090069,0.132801,0.017204,-0.149159,-0.130496,0.210889,-0.082905,-0.129792
0.186337,0.201355,-0.163856,-0.090069,0.132801,0.017204,-0.149159,-0.130496,0.210889,-0.082905,-0.129792,0.11638
0.189891,0.201355,-0.090069,0.132801,0.017204,-0.149159,-0.130496,0.210889,-0.082905,-0.129792,0.11638,0.052429
0.188497,0.201355,0.132801,0.017204,-0.149159,-0.130496,0.210889,-0.082905,-0.129792,0.11638,0.052429,-0.108205
0.186312,0.201355,0.017204,-0.149159,-0.130496,0.210889,-0.082905,-0.129792,0.11638,0.052429,-0.108205,0.014149
0.188272,0.201355,-0.149159,-0.130496,0.210889,-0.082905,-0.129792,0.11638,0.052429,-0.108205,0.014149,-0.07468
0.189154,0.201355,-0.130496,0.210889,-0.082905,-0.129792,0.11638,0.052429,-0.108205,0.014149,-0.07468,-0.149704
0.187331,0.201355,0.210889,-0.082905,-0.129792,0.11638,0.052429,-0.108205,0.014149,-0.07468,-0.149704,0.023768
0.18757,0.201355,-0.082905,-0.129792,0.11638,0.052429,-0.108205,0.014149,-0.07468,-0.149704,0.023768,0.233155
0.186312,0.20224,-0.129792,0.11638,0.052429,-0.108205,0.014149,-0.07468,-0.149704,0.023768,0.233155,-0.082676
0.183787,0.20224,0.11638,0.052429,-0.108205,0.014149,-0.07468,-0.149704,0.023768,0.233155,-0.082676,-0.129252
0.184189,0.20224,0.052429,-0.108205,0.014149,-0.07468,-0.149704,0.023768,0.233155,-0.082676,-0.129252,0.131645
0.188124,0.20224,-0.108205,0.014149,-0.07468,-0.149704,0.023768,0.233155,-0.082676,-0.129252,0.131645,0.036709
0.186732,0.20224,0.014149,-0.07468,-0.149704,0.023768,0.233155,-0.082676,-0.129252,0.131645,0.036709,-0.100024
0.184554,0.20224,-0.07468,-0.149704,0.023768,0.233155,-0.082676,-0.129252,0.131645,0.036709,-0.100024,0.094967
0.186773,0.20224,-0.149704,0.023768,0.233155,-0.082676,-0.129252,0.131645,0.036709,-0.100024,0.094967,0.014359
0.187392,0.20224,0.023768,0.233155,-0.082676,-0.129252,0.131645,0.036709,-0.100024,0.094967,0.014359,-0.158051
0.185704,0.20224,0.233155,-0.082676,-0.129252,0.131645,0.036709,-0.100024,0.094967,0.014359,-0.158051,-0.121211
0.187305,0.20224,-0.082676,-0.129252,0.131645,0.036709,-0.100024,0.094967,0.014359,-0.158051,-0.121211,0.172382
0.187547,0.20224,-0.129252,0.131645,0.036709,-0.100024,0.094967,0.014359,-0.158051,-0.121211,0.172382,-0.043358
0.184883,0.20224,0.131645,0.036709,-0.100024,0.094967,0.014359,-0.158051,-0.121211,0.172382,-0.043358,-0.11836
0.182834,0.20224,0.036709,-0.100024,0.094967,0.014359,-0.158051,-0.121211,0.172382,-0.043358,-0.11836,0.120815
0.185748,0.20224,-0.100024,0.094967,0.014359,-0.158051,-0.121211,0.172382,-0.043358,-0.11836,0.120815,0.047109
0.185017,0.20224,0.094967,0.014359,-0.158051,-0.121211,0.172382,-0.043358,-0.11836,0.120815,0.047109,-0.094547
0.183019,0.20224,0.014359,-0.158051,-0.121211,0.172382,-0.043358,-0.11836,0.120815,0.047109,-0.094547,0.07887
0.185059,0.20224,-0.158051,-0.121211,0.172382,-0.043358,-0.11836,0.120815,0.047109,-0.094547,0.07887,0.00904
0.185854,0.20224,-0.121211,0.172382,-0.043358,-0.11836,0.120815,0.047109,-0.094547,0.07887,0.00904,-0.11057
0.184257,0.20224,0.172382,-0.043358,-0.11836,0.120815,0.047109,-0.094547,0.07887,0.00904,-0.11057,0.008227
0.185588,0.20224,-0.043358,-0.11836,0.120815,0.047109,-0.094547,0.07887,0.00904,-0.11057,0.008227,0.222585
0.18574,0.20224,-0.11836,0.120815,0.047109,-0.094547,0.07887,0.00904,-0.11057,0.008227,0.222585,-0.098292
0.183875,0.20224,0.120815,0.047109,-0.094547,0.07887,0.00904,-0.11057,0.008227,0.222585,-0.098292,-0.129064
0.184014,0.20224,0.047109,-0.094547,0.07887,0.00904,-0.11057,0.008227,0.222585,-0.098292,-0.129064,0.113222
0.187772,0.20224,-0.094547,0.07887,0.00904,-0.11057,0.008227,0.222585,-0.098292,-0.129064,0.113222,0.026289
0.186116,0.20224,0.07887,0.00904,-0.11057,0.008227,0.222585,-0.098292,-0.129064,0.113222,0.026289,-0.086838
0.18394,0.20224,0.00904,-0.11057,0.008227,0.222585,-0.098292,-0.129064,0.113222,0.026289,-0.086838,0.092078
0.18585,0.20224,-0.11057,0.008227,0.222585,-0.098292,-0.129064,0.113222,0.026289,-0.086838,0.092078,0.030008
0.186293,0.20224,0.008227,0.222585,-0.098292,-0.129064,0.113222,0.026289,-0.086838,0.092078,0.030008,-0.116158
0.184827,0.20224,0.222585,-0.098292,-0.129064,0.113222,0.026289,-0.086838,0.092078,0.030008,-0.116158,0.000361
0.18638,0.20224,-0.098292,-0.129064,0.113222,0.026289,-0.086838,0.092078,0.030008,-0.116158,0.000361,0.22054
0.186885,0.20224,-0.129064,0.113222,0.026289,-0.086838,0.092078,0.030008,-0.116158,0.000361,0.22054,-0.090597
0.184927,0.20224,0.113222,0.026289,-0.086838,0.092078,0.030008,-0.116158,0.000361,0.22054,-0.090597,-0.181413
0.184933,0.20224,0.026289,-0.086838,0.092078,0.030008,-0.116158,0.000361,0.22054,-0.090597,-0.181413,-0.050501
0.188654,0.201355,-0.086838,0.092078,0.030008,-0.116158,0.000361,0.22054,-0.090597,-0.181413,-0.050501,0.049645
0.187129,0.201355,0.092078,0.030008,-0.116158,0.000361,0.22054,-0.090597,-0.181413,-0.050501,0.049645,-0.05808
0.184071,0.201355,0.030008,-0.116158,0.000361,0.22054,-0.090597,-0.181413,-0.050501,0.049645,-0.05808,0.099342
0.183218,0.201355,-0.116158,0.000361,0.22054,-0.090597,-0.181413,-0.050501,0.049645,-0.05808,0.099342,0.019425
0.184058,0.201355,0.000361,0.22054,-0.090597,-0.181413,-0.050501,0.049645,-0.05808,0.099342,0.019425,-0.107753
0.183075,0.201355,0.22054,-0.090597,-0.181413,-0.050501,0.049645,-0.05808,0.099342,0.019425,-0.107753,0.005682
0.184753,0.201355,-0.090597,-0.181413,-0.050501,0.049645,-0.05808,0.099342,0.019425,-0.107753,0.005682,0.224783
0.185081,0.201355,-0.181413,-0.050501,0.049645,-0.05808,0.099342,0.019425,-0.107753,0.005682,0.224783,-0.108603
0.183262,0.201355,-0.050501,0.049645,-0.05808,0.099342,0.019425,-0.107753,0.005682,0.224783,-0.108603,-0.141781
0.183358,0.201355,0.049645,-0.05808,0.099342,0.019425,-0.107753,0.005682,0.224783,-0.108603,-0.141781,0.149431
0.187155,0.201355,-0.05808,0.099342,0.019425,-0.107753,0.005682,0.224783,-0.108603,-0.141781,0.149431,0.044515
0.185324,0.201355,0.099342,0.019425,-0.107753,0.005682,0.224783,-0.108603,-0.141781,0.149431,0.044515,-0.099799
0.182932,0.201355,0.019425,-0.107753,0.005682,0.224783,-0.108603,-0.141781,0.149431,0.044515,-0.099799,0.099816
0.185454,0.201355,-0.107753,0.005682,0.224783,-0.108603,-0.141781,0.149431,0.044515,-0.099799,0.099816,0.001222
0.186205,0.201355,0.005682,0.224783,-0.108603,-0.141781,0.149431,0.044515,-0.099799,0.099816,0.001222,-0.149663
0.18452,0.201355,0.224783,-0.108603,-0.141781,0.149431,0.044515,-0.099799,0.099816,0.001222,-0.149663,-0.12331
0.186204,0.201355,-0.108603,-0.141781,0.149431,0.044515,-0.099799,0.099816,0.001222,-0.149663,-0.12331,0.187335
0.186224,0.201996,-0.141781,0.149431,0.044515,-0.099799,0.099816,0.001222,-0.149663,-0.12331,0.187335,-0.038128
0.1837,0.201996,0.149431,0.044515,-0.099799,0.099816,0.001222,-0.149663,-0.12331,0.187335,-0.038128,-0.123289
0.181613,0.201996,0.044515,-0.099799,0.099816,0.001222,-0.149663,-0.12331,0.187335,-0.038128,-0.123289,0.130967
0.184783,0.201996,-0.099799,0.099816,0.001222,-0.149663,-0.12331,0.187335,-0.038128,-0.123289,0.130967,0.052277
0.184139,0.201996,0.099816,0.001222,-0.149663,-0.12331,0.187335,-0.038128,-0.123289,0.130967,0.052277,-0.102178
0.182057,0.201996,0.001222,-0.149663,-0.12331,0.187335,-0.038128,-0.123289,0.130967,0.052277,-0.102178,0.016304
0.184269,0.201996,-0.149663,-0.12331,0.187335,-0.038128,-0.123289,0.130967,0.052277,-0.102178,0.016304,-0.089557
0.185153,0.201996,-0.12331,0.187335,-0.038128,-0.123289,0.130967,0.052277,-0.102178,0.016304,-0.089557,-0.142765
0.183425,0.201996,0.187335,-0.038128,-0.123289,0.130967,0.052277,-0.102178,0.016304,-0.089557,-0.142765,0.044407
0.183701,0.201996,-0.038128,-0.123289,0.130967,0.052277,-0.102178,0.016304,-0.089557,-0.142765,0.044407,0.24116
0.182188,0.201996,-0.123289,0.130967,0.052277,-0.102178,0.016304,-0.089557,-0.142765,0.044407,0.24116,-0.092571
0.179772,0.201996,0.130967,0.052277,-0.102178,0.016304,-0.089557,-0.142765,0.044407,0.24116,-0.092571,-0.177063
0.180525,0.201996,0.052277,-0.102178,0.016304,-0.089557,-0.142765,0.044407,0.24116,-0.092571,-0.177063,-0.031794
0.184608,0.201996,-0.102178,0.016304,-0.089557,-0.142765,0.044407,0.24116,-0.092571,-0.177063,-0.031794,0.039272
0.183044,0.201996,0.016304,-0.089557,-0.142765,0.044407,0.24116,-0.092571,-0.177063,-0.031794,0.039272,-0.06796
0.18005,0.201996,-0.089557,-0.142765,0.044407,0.24116,-0.092571,-0.177063,-0.031794,0.039272,-0.06796,0.100588
0.179511,0.201996,-0.142765,0.044407,0.24116,-0.092571,-0.177063,-0.031794,0.039272,-0.06796,0.100588,0.032045
0.180177,0.201996,0.044407,0.24116,-0.092571,-0.177063,-0.031794,0.039272,-0.06796,0.100588,0.032045,-0.103924
0.179024,0.201996,0.24116,-0.092571,-0.177063,-0.031794,0.039272,-0.06796,0.100588,0.032045,-0.103924,-0.001693
0.180729,0.201996,-0.092571,-0.177063,-0.031794,0.039272,-0.06796,0.100588,0.032045,-0.103924,-0.001693,0.227525
0.181271,0.201996,-0.177063,-0.031794,0.039272,-0.06796,0.100588,0.032045,-0.103924,-0.001693,0.227525,-0.089783
0.179511,0.201996,-0.031794,0.039272,-0.06796,0.100588,0.032045,-0.103924,-0.001693,0.227525,-0.089783,-0.202172
0.179482,0.201996,0.039272,-0.06796,0.100588,0.032045,-0.103924,-0.001693,0.227525,-0.089783,-0.202172,-0.008559
0.183338,0.201996,-0.06796,0.100588,0.032045,-0.103924,-0.001693,0.227525,-0.089783,-0.202172,-0.008559,0.016287
0.18182,0.201996,0.100588,0.032045,-0.103924,-0.001693,0.227525,-0.089783,-0.202172,-0.008559,0.016287,-0.034647
0.178396,0.201996,0.032045,-0.103924,-0.001693,0.227525,-0.089783,-0.202172,-0.008559,0.016287,-0.034647,0.092527
0.178251,0.201996,-0.103924,-0.001693,0.227525,-0.089783,-0.202172,-0.008559,0.016287,-0.034647,0.092527,0.029349
0.178528,0.201996,-0.001693,0.227525,-0.089783,-0.202172,-0.008559,0.016287,-0.034647,0.092527,0.029349,-0.098402
0.177939,0.201996,0.227525,-0.089783,-0.202172,-0.008559,0.016287,-0.034647,0.092527,0.029349,-0.098402,0.000977
0.179509,0.201996,-0.089783,-0.202172,-0.008559,0.016287,-0.034647,0.092527,0.029349,-0.098402,0.000977,0.23196
0.180006,0.201996,-0.202172,-0.008559,0.016287,-0.034647,0.092527,0.029349,-0.098402,0.000977,0.23196,-0.107639
0.178338,0.201996,-0.008559,0.016287,-0.034647,0.092527,0.029349,-0.098402,0.000977,0.23196,-0.107639,-0.145268
0.178355,0.201996,0.016287,-0.034647,0.092527,0.029349,-0.098402,0.000977,0.23196,-0.107639,-0.145268,0.158154
0.182289,0.203033,-0.034647,0.092527,0.029349,-0.098402,0.000977,0.23196,-0.107639,-0.145268,0.158154,0.036713
0.180467,0.203033,0.092527,0.029349,-0.098402,0.000977,0.23196,-0.107639,-0.145268,0.158154,0.036713,-0.09884
0.178006,0.203033,0.029349,-0.098402,0.000977,0.23196,-0.107639,-0.145268,0.158154,0.036713,-0.09884,0.090477
0.180686,0.203033,-0.098402,0.000977,0.23196,-0.107639,-0.145268,0.158154,0.036713,-0.09884,0.090477,0.00368
0.181308,0.203033,0.000977,0.23196,-0.107639,-0.145268,0.158154,0.036713,-0.09884,0.090477,0.00368,-0.111604
0.179632,0.203033,0.23196,-0.107639,-0.145268,0.158154,0.036713,-0.09884,0.090477,0.00368,-0.111604,0.011112
0.181165,0.203033,-0.107639,-0.145268,0.158154,0.036713,-0.09884,0.090477,0.00368,-0.111604,0.011112,0.214634
0.181227,0.203033,-0.145268,0.158154,0.036713,-0.09884,0.090477,0.00368,-0.111604,0.011112,0.214634,-0.094924
0.179337,0.203033,0.158154,0.036713,-0.09884,0.090477,0.00368,-0.111604,0.011112,0.214634,-0.094924,-0.150776
0.179526,0.203033,0.036713,-0.09884,0.090477,0.00368,-0.111604,0.011112,0.214634,-0.094924,-0.150776,0.145602
0.183163,0.203033,-0.09884,0.090477,0.00368,-0.111604,0.011112,0.214634,-0.094924,-0.150776,0.145602,0.039289
0.181557,0.203033,0.090477,0.00368,-0.111604,0.011112,0.214634,-0.094924,-0.150776,0.145602,0.039289,-0.10414
0.179005,0.203033,0.00368,-0.111604,0.011112,0.214634,-0.094924,-0.150776,0.145602,0.039289,-0.10414,0.098456
0.181471,0.203033,-0.111604,0.011112,0.214634,-0.094924,-0.150776,0.145602,0.039289,-0.10414,0.098456,0.001122
0.182136,0.203033,0.011112,0.214634,-0.094924,-0.150776,0.145602,0.039289,-0.10414,0.098456,0.001122,-0.086172
0.180371,0.203033,0.214634,-0.094924,-0.150776,0.145602,0.039289,-0.10414,0.098456,0.001122,-0.086172,-0.009495
0.182038,0.202637,-0.094924,-0.150776,0.145602,0.039289,-0.10414,0.098456,0.001122,-0.086172,-0.009495,0.241094
0.182057,0.202637,-0.150776,0.145602,0.039289,-0.10414,0.098456,0.001122,-0.086172,-0.009495,0.241094,-0.089964
0.180599,0.202637,0.145602,0.039289,-0.10414,0.098456,0.001122,-0.086172,-0.009495,0.241094,-0.089964,-0.153878
0.180438,0.202637,0.039289,-0.10414,0.098456,0.001122,-0.086172,-0.009495,0.241094,-0.089964,-0.153878,0.130519
0.18452,0.202637,-0.10414,0.098456,0.001122,-0.086172,-0.009495,0.241094,-0.089964,-0.153878,0.130519,0.041872
0.183,0.202637,0.098456,0.001122,-0.086172,-0.009495,0.241094,-0.089964,-0.153878,0.130519,0.041872,-0.08636
0.180398,0.202637,0.001122,-0.086172,-0.009495,0.241094,-0.089964,-0.153878,0.130519,0.041872,-0.08636,0.005791
0.182606,0.202637,-0.086172,-0.009495,0.241094,-0.089964,-0.153878,0.130519,0.041872,-0.08636,0.005791,-0.148357
0.183315,0.202637,-0.009495,0.241094,-0.089964,-0.153878,0.130519,0.041872,-0.08636,0.005791,-0.148357,-0.20018
0.181853,0.202637,0.241094,-0.089964,-0.153878,0.130519,0.041872,-0.08636,0.005791,-0.148357,-0.20018,-0.019097
0.181951,0.202637,-0.089964,-0.153878,0.130519,0.041872,-0.08636,0.005791,-0.148357,-0.20018,-0.019097,0.266134
0.17944,0.202637,-0.153878,0.130519,0.041872,-0.08636,0.005791,-0.148357,-0.20018,-0.019097,0.266134,-0.102119
0.176043,0.202637,0.130519,0.041872,-0.08636,0.005791,-0.148357,-0.20018,-0.019097,0.266134,-0.102119,-0.124207
0.175718,0.202637,0.041872,-0.08636,0.005791,-0.148357,-0.20018,-0.019097,0.266134,-0.102119,-0.124207,0.139675
0.180241,0.202637,-0.08636,0.005791,-0.148357,-0.20018,-0.019097,0.266134,-0.102119,-0.124207,0.139675,0.052068
0.178509,0.202637,0.005791,-0.148357,-0.20018,-0.019097,0.266134,-0.102119,-0.124207,0.139675,0.052068,-0.09853
0.176401,0.202637,-0.148357,-0.20018,-0.019097,0.266134,-0.102119,-0.124207,0.139675,0.052068,-0.09853,0.089976
0.178772,0.202637,-0.20018,-0.019097,0.266134,-0.102119,-0.124207,0.139675,0.052068,-0.09853,0.089976,0.021631
0.179656,0.202637,-0.019097,0.266134,-0.102119,-0.124207,0.139675,0.052068,-0.09853,0.089976,0.021631,-0.0958
0.177983,0.202637,0.266134,-0.102119,-0.124207,0.139675,0.052068,-0.09853,0.089976,0.021631,-0.0958,0.018841
0.179509,0.202637,-0.102119,-0.124207,0.139675,0.052068,-0.09853,0.089976,0.021631,-0.0958,0.018841,0.211476
0.179875,0.202637,-0.124207,0.139675,0.052068,-0.09853,0.089976,0.021631,-0.0958,0.018841,0.211476,-0.107617
0.178251,0.202637,0.139675,0.052068,-0.09853,0.089976,0.021631,-0.0958,0.018841,0.211476,-0.107617,-0.137542
0.178571,0.202637,0.052068,-0.09853,0.089976,0.021631,-0.0958,0.018841,0.211476,-0.107617,-0.137542,0.145292
0.182158,0.202637,-0.09853,0.089976,0.021631,-0.0958,0.018841,0.211476,-0.107617,-0.137542,0.145292,-0.078594
0.180336,0.202637,0.089976,0.021631,-0.0958,0.018841,0.211476,-0.107617,-0.137542,0.145292,-0.078594,-0.067847
0.178006,0.202637,0.021631,-0.0958,0.018841,0.211476,-0.107617,-0.137542,0.145292,-0.078594,-0.067847,-0.012448
0.180468,0.202637,-0.0958,0.018841,0.211476,-0.107617,-0.137542,0.145292,-0.078594,-0.067847,-0.012448,-0.006648
0.179135,0.202637,0.018841,0.211476,-0.107617,-0.137542,0.145292,-0.078594,-0.067847,-0.012448,-0.006648,-0.018707
0.177983,0.202637,0.211476,-0.107617,-0.137542,0.145292,-0.078594,-0.067847,-0.012448,-0.006648,-0.018707,-0.006568
0.177771,0.202637,-0.107617,-0.137542,0.145292,-0.078594,-0.067847,-0.012448,-0.006648,-0.018707,-0.006568,0.218383
0.177658,0.202637,-0.137542,0.145292,-0.078594,-0.067847,-0.012448,-0.006648,-0.018707,-0.006568,0.218383,-0.084292
0.177341,0.202637,0.145292,-0.078594,-0.067847,-0.012448,-0.006648,-0.018707,-0.006568,0.218383,-0.084292,-0.147484
0.177229,0.205505,-0.078594,-0.067847,-0.012448,-0.006648,-0.018707,-0.006568,0.218383,-0.084292,-0.147484,0.150115
0.180937,0.205505,-0.067847,-0.012448,-0.006648,-0.018707,-0.006568,0.218383,-0.084292,-0.147484,0.150115,0.041841
0.179509,0.205505,-0.012448,-0.006648,-0.018707,-0.006568,0.218383,-0.084292,-0.147484,0.150115,0.041841,-0.106308
0.177008,0.205505,-0.006648,-0.018707,-0.006568,0.218383,-0.084292,-0.147484,0.150115,0.041841,-0.106308,0.079852
0.179554,0.205505,-0.018707,-0.006568,0.218383,-0.084292,-0.147484,0.150115,0.041841,-0.106308,0.079852,0.01907
0.180264,0.205505,-0.006568,0.218383,-0.084292,-0.147484,0.150115,0.041841,-0.106308,0.079852,0.01907,-0.083076
0.178459,0.205505,0.218383,-0.084292,-0.147484,0.150115,0.041841,-0.106308,0.079852,0.01907,-0.083076,-0.006719
0.179814,0.205505,-0.084292,-0.147484,0.150115,0.041841,-0.106308,0.079852,0.01907,-0.083076,-0.006719,0.103486
0.180137,0.205505,-0.147484,0.150115,0.041841,-0.106308,0.079852,0.01907,-0.083076,-0.006719,0.103486,-0.073955
0.178729,0.205505,0.150115,0.041841,-0.106308,0.079852,0.01907,-0.083076,-0.006719,0.103486,-0.073955,-0.251687
0.178615,0.205505,0.041841,-0.106308,0.079852,0.01907,-0.083076,-0.006719,0.103486,-0.073955,-0.251687,0.139217
0.180371,0.205505,-0.106308,0.079852,0.01907,-0.083076,-0.006719,0.103486,-0.073955,-0.251687,0.139217,-0.120698
0.179118,0.205505,0.079852,0.01907,-0.083076,-0.006719,0.103486,-0.073955,-0.251687,0.139217,-0.120698,-0.240918
0.174845,0.205505,0.01907,-0.083076,-0.006719,0.103486,-0.073955,-0.251687,0.139217,-0.120698,-0.240918,0.1131
0.177211,0.205505,-0.083076,-0.006719,0.103486,-0.073955,-0.251687,0.139217,-0.120698,-0.240918,0.1131,0.076844
0.175157,0.205505,-0.006719,0.103486,-0.073955,-0.251687,0.139217,-0.120698,-0.240918,0.1131,0.076844,-0.036045
0.171046,0.206299,0.103486,-0.073955,-0.251687,0.139217,-0.120698,-0.240918,0.1131,0.076844,-0.036045,0.029142
0.172975,0.206299,-0.073955,-0.251687,0.139217,-0.120698,-0.240918,0.1131,0.076844,-0.036045,0.029142,0.267547
0.174284,0.206299,-0.251687,0.139217,-0.120698,-0.240918,0.1131,0.076844,-0.036045,0.029142,0.267547,-0.071221
0.17367,0.206299,0.139217,-0.120698,-0.240918,0.1131,0.076844,-0.036045,0.029142,0.267547,-0.071221,-0.164556
0.174167,0.206299,-0.120698,-0.240918,0.1131,0.076844,-0.036045,0.029142,0.267547,-0.071221,-0.164556,-0.005725
0.17872,0.206299,-0.240918,0.1131,0.076844,-0.036045,0.029142,0.267547,-0.071221,-0.164556,-0.005725,0.089928
0.177511,0.206299,0.1131,0.076844,-0.036045,0.029142,0.267547,-0.071221,-0.164556,-0.005725,0.089928,-0.052308
0.174715,0.206299,0.076844,-0.036045,0.029142,0.267547,-0.071221,-0.164556,-0.005725,0.089928,-0.052308,0.109545
0.174618,0.206299,-0.036045,0.029142,0.267547,-0.071221,-0.164556,-0.005725,0.089928,-0.052308,0.109545,0.036787
0.176149,0.206299,0.029142,0.267547,-0.071221,-0.164556,-0.005725,0.089928,-0.052308,0.109545,0.036787,-0.069702
0.175258,0.206299,0.267547,-0.071221,-0.164556,-0.005725,0.089928,-0.052308,0.109545,0.036787,-0.069702,-0.034389
0.177121,0.206299,-0.071221,-0.164556,-0.005725,0.089928,-0.052308,0.109545,0.036787,-0.069702,-0.034389,0.10009
0.177745,0.206299,-0.164556,-0.005725,0.089928,-0.052308,0.109545,0.036787,-0.069702,-0.034389,0.10009,-0.116899
0.176562,0.206299,-0.005725,0.089928,-0.052308,0.109545,0.036787,-0.069702,-0.034389,0.10009,-0.116899,-0.077773
0.175976,0.206299,0.089928,-0.052308,0.109545,0.036787,-0.069702,-0.034389,0.10009,-0.116899,-0.077773,0.195192
0.177679,0.206299,-0.052308,0.109545,0.036787,-0.069702,-0.034389,0.10009,-0.116899,-0.077773,0.195192,0.039269
0.175693,0.206299,0.109545,0.036787,-0.069702,-0.034389,0.10009,-0.116899,-0.077773,0.195192,0.039269,-0.055029
0.17437,0.206299,0.036787,-0.069702,-0.034389,0.10009,-0.116899,-0.077773,0.195192,0.039269,-0.055029,0.120579
0.177687,0.206299,-0.069702,-0.034389,0.10009,-0.116899,-0.077773,0.195192,0.039269,-0.055029,0.120579,0.006202
0.178355,0.206299,-0.034389,0.10009,-0.116899,-0.077773,0.195192,0.039269,-0.055029,0.120579,0.006202,-0.088044
0.177419,0.206299,0.10009,-0.116899,-0.077773,0.195192,0.039269,-0.055029,0.120579,0.006202,-0.088044,0.062263
0.179465,0.206299,-0.116899,-0.077773,0.195192,0.039269,-0.055029,0.120579,0.006202,-0.088044,0.062263,0.250559
0.179571,0.206299,-0.077773,0.195192,0.039269,-0.055029,0.120579,0.006202,-0.088044,0.062263,0.250559,-0.197972
0.178078,0.206299,0.195192,0.039269,-0.055029,0.120579,0.006202,-0.088044,0.062263,0.250559,-0.197972,-0.116974
0.179135,0.206299,0.039269,-0.055029,0.120579,0.006202,-0.088044,0.062263,0.250559,-0.197972,-0.116974,0.009368
0.183382,0.206299,-0.055029,0.120579,0.006202,-0.088044,0.062263,0.250559,-0.197972,-0.116974,0.009368,0.003536
0.180031,0.206299,0.120579,0.006202,-0.088044,0.062263,0.250559,-0.197972,-0.116974,0.009368,0.003536,-0.011695
0.178049,0.206299,0.006202,-0.088044,0.062263,0.250559,-0.197972,-0.116974,0.009368,0.003536,-0.011695,-0.122077
0.178208,0.206299,-0.088044,0.062263,0.250559,-0.197972,-0.116974,0.009368,0.003536,-0.011695,-0.122077,-0.014296
0.178268,0.206299,0.062263,0.250559,-0.197972,-0.116974,0.009368,0.003536,-0.011695,-0.122077,-0.014296,-0.0667
0.178069,0.206299,0.250559,-0.197972,-0.116974,0.009368,0.003536,-0.011695,-0.122077,-0.014296,-0.0667,0.044314
0.175995,0.206299,-0.197972,-0.116974,0.009368,0.003536,-0.011695,-0.122077,-0.014296,-0.0667,0.044314,0.260757
0.175752,0.206299,-0.116974,0.009368,0.003536,-0.011695,-0.122077,-0.014296,-0.0667,0.044314,0.260757,-0.063655
0.174618,0.206299,0.009368,0.003536,-0.011695,-0.122077,-0.014296,-0.0667,0.044314,0.260757,-0.063655,-0.116614
0.175373,0.207611,0.003536,-0.011695,-0.122077,-0.014296,-0.0667,0.044314,0.260757,-0.063655,-0.116614,0.180828
0.179806,0.207611,-0.011695,-0.122077,-0.014296,-0.0667,0.044314,0.260757,-0.063655,-0.116614,0.180828,0.041841
0.178726,0.207611,-0.122077,-0.014296,-0.0667,0.044314,0.260757,-0.063655,-0.116614,0.180828,0.041841,-0.078238
0.176748,0.207611,-0.014296,-0.0667,0.044314,0.260757,-0.063655,-0.116614,0.180828,0.041841,-0.078238,0.147051
0.179815,0.207611,-0.0667,0.044314,0.260757,-0.063655,-0.116614,0.180828,0.041841,-0.078238,0.147051,0.034729
0.180525,0.207611,0.044314,0.260757,-0.063655,-0.116614,0.180828,0.041841,-0.078238,0.147051,0.034729,-0.083659
0.179197,0.207611,0.260757,-0.063655,-0.116614,0.180828,0.041841,-0.078238,0.147051,0.034729,-0.083659,0.039283
0.181688,0.207611,-0.063655,-0.116614,0.180828,0.041841,-0.078238,0.147051,0.034729,-0.083659,0.039283,0.247032
0.182276,0.207611,-0.116614,0.180828,0.041841,-0.078238,0.147051,0.034729,-0.083659,0.039283,0.247032,-0.092743
0.18086,0.207611,0.180828,0.041841,-0.078238,0.147051,0.034729,-0.083659,0.039283,0.247032,-0.092743,-0.115532
0.181526,0.207611,0.041841,-0.078238,0.147051,0.034729,-0.083659,0.039283,0.247032,-0.092743,-0.115532,0.149198
0.185704,0.207611,-0.078238,0.147051,0.034729,-0.083659,0.039283,0.247032,-0.092743,-0.115532,0.149198,0.073087
0.184139,0.207611,0.147051,0.034729,-0.083659,0.039283,0.247032,-0.092743,-0.115532,0.149198,0.073087,-0.055648
0.182188,0.207611,0.034729,-0.083659,0.039283,0.247032,-0.092743,-0.115532,0.149198,0.073087,-0.055648,0.107815
0.184708,0.207611,-0.083659,0.039283,0.247032,-0.092743,-0.115532,0.149198,0.073087,-0.055648,0.107815,-0.061502
0.185942,0.207611,0.039283,0.247032,-0.092743,-0.115532,0.149198,0.073087,-0.055648,0.107815,-0.061502,-0.15983
0.185002,0.207611,0.247032,-0.092743,-0.115532,0.149198,0.073087,-0.055648,0.107815,-0.061502,-0.15983,-0.025271
0.18682,0.207611,-0.092743,-0.115532,0.149198,0.073087,-0.055648,0.107815,-0.061502,-0.15983,-0.025271,0.263465
0.185784,0.207214,-0.115532,0.149198,0.073087,-0.055648,0.107815,-0.061502,-0.15983,-0.025271,0.263465,-0.056452
0.183087,0.207214,0.149198,0.073087,-0.055648,0.107815,-0.061502,-0.15983,-0.025271,0.263465,-0.056452,-0.116082
0.18266,0.207214,0.073087,-0.055648,0.107815,-0.061502,-0.15983,-0.025271,0.263465,-0.056452,-0.116082,0.178603
0.187111,0.207214,-0.055648,0.107815,-0.061502,-0.15983,-0.025271,0.263465,-0.056452,-0.116082,0.178603,0.065462
0.18616,0.207214,0.107815,-0.061502,-0.15983,-0.025271,0.263465,-0.056452,-0.116082,0.178603,0.065462,-0.076733
0.184203,0.207214,-0.061502,-0.15983,-0.025271,0.263465,-0.056452,-0.116082,0.178603,0.065462,-0.076733,0.100641
0.187214,0.207214,-0.15983,-0.025271,0.263465,-0.056452,-0.116082,0.178603,0.065462,-0.076733,0.100641,0.032867
0.188317,0.207214,-0.025271,0.263465,-0.056452,-0.116082,0.178603,0.065462,-0.076733,0.100641,0.032867,-0.077712
0.187023,0.207214,0.263465,-0.056452,-0.116082,0.178603,0.065462,-0.076733,0.100641,0.032867,-0.077712,0.041936
0.188717,0.207214,-0.056452,-0.116082,0.178603,0.065462,-0.076733,0.100641,0.032867,-0.077712,0.041936,0.225499
0.18927,0.207214,-0.116082,0.178603,0.065462,-0.076733,0.100641,0.032867,-0.077712,0.041936,0.225499,-0.075324
0.187963,0.207214,0.178603,0.065462,-0.076733,0.100641,0.032867,-0.077712,0.041936,0.225499,-0.075324,-0.109552
0.188669,0.207214,0.065462,-0.076733,0.100641,0.032867,-0.077712,0.041936,0.225499,-0.075324,-0.109552,0.135608
0.192461,0.207214,-0.076733,0.100641,0.032867,-0.077712,0.041936,0.225499,-0.075324,-0.109552,0.135608,0.052554
0.191197,0.207214,0.100641,0.032867,-0.077712,0.041936,0.225499,-0.075324,-0.109552,0.135608,0.052554,-0.058839
0.189358,0.207214,0.032867,-0.077712,0.041936,0.225499,-0.075324,-0.109552,0.135608,0.052554,-0.058839,0.120745
0.191635,0.207214,-0.077712,0.041936,0.225499,-0.075324,-0.109552,0.135608,0.052554,-0.058839,0.120745,-0.001259
0.192517,0.207214,0.041936,0.225499,-0.075324,-0.109552,0.135608,0.052554,-0.058839,0.120745,-0.001259,-0.068209
0.191529,0.207214,0.225499,-0.075324,-0.109552,0.135608,0.052554,-0.058839,0.120745,-0.001259,-0.068209,0.068479
0.193554,0.207214,-0.075324,-0.109552,0.135608,0.052554,-0.058839,0.120745,-0.001259,-0.068209,0.068479,0.228573
0.193533,0.207214,-0.109552,0.135608,0.052554,-0.058839,0.120745,-0.001259,-0.068209,0.068479,0.228573,-0.115984
0.19239,0.207214,0.135608,0.052554,-0.058839,0.120745,-0.001259,-0.068209,0.068479,0.228573,-0.115984,-0.131925
0.193539,0.207214,0.052554,-0.058839,0.120745,-0.001259,-0.068209,0.068479,0.228573,-0.115984,-0.131925,-0.031028
0.197367,0.207214,-0.058839,0.120745,-0.001259,-0.068209,0.068479,0.228573,-0.115984,-0.131925,-0.031028,0.047286
0.195428,0.207214,0.120745,-0.001259,-0.068209,0.068479,0.228573,-0.115984,-0.131925,-0.031028,0.047286,-0.132889
0.193221,0.207214,-0.001259,-0.068209,0.068479,0.228573,-0.115984,-0.131925,-0.031028,0.047286,-0.132889,0.107365
0.192701,0.207214,-0.068209,0.068479,0.228573,-0.115984,-0.131925,-0.031028,0.047286,-0.132889,0.107365,-0.086199
0.193494,0.207214,0.068479,0.228573,-0.115984,-0.131925,-0.031028,0.047286,-0.132889,0.107365,-0.086199,-0.065133
0.191263,0.207214,0.228573,-0.115984,-0.131925,-0.031028,0.047286,-0.132889,0.107365,-0.086199,-0.065133,-0.060592
0.193064,0.207214,-0.115984,-0.131925,-0.031028,0.047286,-0.132889,0.107365,-0.086199,-0.065133,-0.060592,0.146627
0.19162,0.207214,-0.131925,-0.031028,0.047286,-0.132889,0.107365,-0.086199,-0.065133,-0.060592,0.146627,-0.125374
0.190527,0.207214,-0.031028,0.047286,-0.132889,0.107365,-0.086199,-0.065133,-0.060592,0.146627,-0.125374,-0.098711
0.189507,0.207214,0.047286,-0.132889,0.107365,-0.086199,-0.065133,-0.060592,0.146627,-0.125374,-0.098711,0.022112
0.191973,0.207214,-0.132889,0.107365,-0.086199,-0.065133,-0.060592,0.146627,-0.125374,-0.098711,0.022112,0.123393
0.189868,0.207733,0.107365,-0.086199,-0.065133,-0.060592,0.146627,-0.125374,-0.098711,0.022112,0.123393,-0.050792
0.188209,0.207733,-0.086199,-0.065133,-0.060592,0.146627,-0.125374,-0.098711,0.022112,0.123393,-0.050792,0.109503
0.188581,0.207733,-0.065133,-0.060592,0.146627,-0.125374,-0.098711,0.022112,0.123393,-0.050792,0.109503,0.019911
0.190657,0.207733,-0.060592,0.146627,-0.125374,-0.098711,0.022112,0.123393,-0.050792,0.109503,0.019911,-0.067858
0.189802,0.207733,0.146627,-0.125374,-0.098711,0.022112,0.123393,-0.050792,0.109503,0.019911,-0.067858,0.002445
0.191641,0.207733,-0.125374,-0.098711,0.022112,0.123393,-0.050792,0.109503,0.019911,-0.067858,0.002445,0.110123
0.191975,0.207733,-0.098711,0.022112,0.123393,-0.050792,0.109503,0.019911,-0.067858,0.002445,0.110123,-0.104427
0.190837,0.207733,0.022112,0.123393,-0.050792,0.109503,0.019911,-0.067858,0.002445,0.110123,-0.104427,-0.12003
0.190878,0.207733,0.123393,-0.050792,0.109503,0.019911,-0.067858,0.002445,0.110123,-0.104427,-0.12003,0.201667
0.192728,0.207733,-0.050792,0.109503,0.019911,-0.067858,0.002445,0.110123,-0.104427,-0.12003,0.201667,0.065827
0.190976,0.207733,0.109503,0.019911,-0.067858,0.002445,0.110123,-0.104427,-0.12003,0.201667,0.065827,-0.077428
0.18896,0.207733,0.019911,-0.067858,0.002445,0.110123,-0.104427,-0.12003,0.201667,0.065827,-0.077428,0.105006
0.192345,0.207733,-0.067858,0.002445,0.110123,-0.104427,-0.12003,0.201667,0.065827,-0.077428,0.105006,-0.059795
0.19345,0.207733,0.002445,0.110123,-0.104427,-0.12003,0.201667,0.065827,-0.077428,0.105006,-0.059795,-0.157889
0.19215,0.207733,0.110123,-0.104427,-0.12003,0.201667,0.065827,-0.077428,0.105006,-0.059795,-0.157889,-0.018529
0.19391,0.207733,-0.104427,-0.12003,0.201667,0.065827,-0.077428,0.105006,-0.059795,-0.157889,-0.018529,0.263484
0.192909,0.207733,-0.12003,0.201667,0.065827,-0.077428,0.105006,-0.059795,-0.157889,-0.018529,0.263484,-0.05162
0.190261,0.206543,0.201667,0.065827,-0.077428,0.105006,-0.059795,-0.157889,-0.018529,0.263484,-0.05162,-0.107498
0.189949,0.206543,0.065827,-0.077428,0.105006,-0.059795,-0.157889,-0.018529,0.263484,-0.05162,-0.107498,0.13361
0.194374,0.206543,-0.077428,0.105006,-0.059795,-0.157889,-0.018529,0.263484,-0.05162,-0.107498,0.13361,0.065944
0.193509,0.206543,0.105006,-0.059795,-0.157889,-0.018529,0.263484,-0.05162,-0.107498,0.13361,0.065944,-0.090919
0.191708,0.206543,-0.059795,-0.157889,-0.018529,0.263484,-0.05162,-0.107498,0.13361,0.065944,-0.090919,0.113494
0.193947,0.206543,-0.157889,-0.018529,0.263484,-0.05162,-0.107498,0.13361,0.065944,-0.090919,0.113494,0.020184
0.195052,0.206543,-0.018529,0.263484,-0.05162,-0.107498,0.13361,0.065944,-0.090919,0.113494,0.020184,-0.076731
0.193528,0.206543,0.263484,-0.05162,-0.107498,0.13361,0.065944,-0.090919,0.113494,0.020184,-0.076731,0.060646
0.195428,0.206543,-0.05162,-0.107498,0.13361,0.065944,-0.090919,0.113494,0.020184,-0.076731,0.060646,0.205609
0.195765,0.206543,-0.107498,0.13361,0.065944,-0.090919,0.113494,0.020184,-0.076731,0.060646,0.205609,-0.102905
0.194482,0.206543,0.13361,0.065944,-0.090919,0.113494,0.020184,-0.076731,0.060646,0.205609,-0.102905,-0.100397
0.195498,0.206543,0.065944,-0.090919,0.113494,0.020184,-0.076731,0.060646,0.205609,-0.102905,-0.100397,0.1293
0.198936,0.206543,-0.090919,0.113494,0.020184,-0.076731,0.060646,0.205609,-0.102905,-0.100397,0.1293,0.058143
0.197218,0.206543,0.113494,0.020184,-0.076731,0.060646,0.205609,-0.102905,-0.100397,0.1293,0.058143,-0.051353
0.195542,0.206543,0.020184,-0.076731,0.060646,0.205609,-0.102905,-0.100397,0.1293,0.058143,-0.051353,0.106959
0.197701,0.206543,-0.076731,0.060646,0.205609,-0.102905,-0.100397,0.1293,0.058143,-0.051353,0.106959,-0.030862
0.198673,0.206543,0.060646,0.205609,-0.102905,-0.100397,0.1293,0.058143,-0.051353,0.106959,-0.030862,-0.004911
0.197815,0.206543,0.205609,-0.102905,-0.100397,0.1293,0.058143,-0.051353,0.106959,-0.030862,-0.004911,0.001702
0.199599,0.206543,-0.102905,-0.100397,0.1293,0.058143,-0.051353,0.106959,-0.030862,-0.004911,0.001702,0.210366
0.199085,0.206543,-0.100397,0.1293,0.058143,-0.051353,0.106959,-0.030862,-0.004911,0.001702,0.210366,-0.200849
0.199003,0.206543,0.1293,0.058143,-0.051353,0.106959,-0.030862,-0.004911,0.001702,0.210366,-0.200849,-0.092783
0.199031,0.206543,0.058143,-0.051353,0.106959,-0.030862,-0.004911,0.001702,0.210366,-0.200849,-0.092783,0.008627
0.202539,0.206543,-0.051353,0.106959,-0.030862,-0.004911,0.001702,0.210366,-0.200849,-0.092783,0.008627,0.128085
0.199194,0.206543,0.106959,-0.030862,-0.004911,0.001702,0.210366,-0.200849,-0.092783,0.008627,0.128085,-0.067567
0.197647,0.206543,-0.030862,-0.004911,0.001702,0.210366,-0.200849,-0.092783,0.008627,0.128085,-0.067567,0.101878
0.197791,0.206543,-0.004911,0.001702,0.210366,-0.200849,-0.092783,0.008627,0.128085,-0.067567,0.101878,0.001579
0.199929,0.206543,0.001702,0.210366,-0.200849,-0.092783,0.008627,0.128085,-0.067567,0.101878,0.001579,-0.032053
0.198801,0.206543,0.210366,-0.200849,-0.092783,0.008627,0.128085,-0.067567,0.101878,0.001579,-0.032053,0.00161
0.2005,0.206543,-0.200849,-0.092783,0.008627,0.128085,-0.067567,0.101878,0.001579,-0.032053,0.00161,0.235435
0.200526,0.206543,-0.092783,0.008627,0.128085,-0.067567,0.101878,0.001579,-0.032053,0.00161,0.235435,-0.084785
0.199992,0.206543,0.008627,0.128085,-0.067567,0.101878,0.001579,-0.032053,0.00161,0.235435,-0.084785,-0.150376
0.200019,0.206543,0.128085,-0.067567,0.101878,0.001579,-0.032053,0.00161,0.235435,-0.084785,-0.150376,-0.031981
0.20394,0.206543,-0.067567,0.101878,0.001579,-0.032053,0.00161,0.235435,-0.084785,-0.150376,-0.031981,0.058235
