-0.391822,0.189728,-0.00197,0.022914,0.033238,-0.009985,0.003631,0.022636,-0.032422,-0.16717,-0.136689,-0.009911
-0.392889,0.189728,0.022914,0.033238,-0.009985,0.003631,0.022636,-0.032422,-0.16717,-0.136689,-0.009911,0.001015
-0.398425,0.189728,0.033238,-0.009985,0.003631,0.022636,-0.032422,-0.16717,-0.136689,-0.009911,0.001015,-0.108753
-0.402991,0.188049,-0.009985,0.003631,0.022636,-0.032422,-0.16717,-0.136689,-0.009911,0.001015,-0.108753,0.017325
-0.403323,0.188049,0.003631,0.022636,-0.032422,-0.16717,-0.136689,-0.009911,0.001015,-0.108753,0.017325,0.029855
-0.403289,0.188049,0.022636,-0.032422,-0.16717,-0.136689,-0.009911,0.001015,-0.108753,0.017325,0.029855,0.022046
-0.406943,0.188049,-0.032422,-0.16717,-0.136689,-0.009911,0.001015,-0.108753,0.017325,0.029855,0.022046,0.016881
-0.406359,0.189606,-0.16717,-0.136689,-0.009911,0.001015,-0.108753,0.017325,0.029855,0.022046,0.016881,0.012816
-0.405353,0.189606,-0.136689,-0.009911,0.001015,-0.108753,0.017325,0.029855,0.022046,0.016881,0.012816,0.046052
-0.404612,0.189606,-0.009911,0.001015,-0.108753,0.017325,0.029855,0.022046,0.016881,0.012816,0.046052,0.039692
-0.404046,0.189606,0.001015,-0.108753,0.017325,0.029855,0.022046,0.016881,0.012816,0.046052,0.039692,-0.003886
-0.403616,0.189606,-0.108753,0.017325,0.029855,0.022046,0.016881,0.012816,0.046052,0.039692,-0.003886,-0.006015
-0.402073,0.189606,0.017325,0.029855,0.022046,0.016881,0.012816,0.046052,0.039692,-0.003886,-0.006015,0.032814
-0.400745,0.189606,0.029855,0.022046,0.016881,0.012816,0.046052,0.039692,-0.003886,-0.006015,0.032814,0.034857
-0.400875,0.189606,0.022046,0.016881,0.012816,0.046052,0.039692,-0.003886,-0.006015,0.032814,0.034857,-0.006809
-0.401075,0.189606,0.016881,0.012816,0.046052,0.039692,-0.003886,-0.006015,0.032814,0.034857,-0.006809,-0.004194
-0.399981,0.189606,0.012816,0.046052,0.039692,-0.003886,-0.006015,0.032814,0.034857,-0.006809,-0.004194,0.016044
-0.39882,0.18985,0.046052,0.039692,-0.003886,-0.006015,0.032814,0.034857,-0.006809,-0.004194,0.016044,0.011637
-0.399047,0.18985,0.039692,-0.003886,-0.006015,0.032814,0.034857,-0.006809,-0.004194,0.016044,0.011637,-0.015622
-0.399186,0.18985,-0.003886,-0.006015,0.032814,0.034857,-0.006809,-0.004194,0.016044,0.011637,-0.015622,-0.117867
-0.398653,0.18985,-0.006015,0.032814,0.034857,-0.006809,-0.004194,0.016044,0.011637,-0.015622,-0.117867,-0.009914
-0.398266,0.18985,0.032814,0.034857,-0.006809,-0.004194,0.016044,0.011637,-0.015622,-0.117867,-0.009914,0.012022
-0.398786,0.18985,0.034857,-0.006809,-0.004194,0.016044,0.011637,-0.015622,-0.117867,-0.009914,0.012022,0.027912
-0.402724,0.18985,-0.006809,-0.004194,0.016044,0.011637,-0.015622,-0.117867,-0.009914,0.012022,0.027912,0.036317
-0.403056,0.18985,-0.004194,0.016044,0.011637,-0.015622,-0.117867,-0.009914,0.012022,0.027912,0.036317,0.009336
-0.402654,0.18985,0.016044,0.011637,-0.015622,-0.117867,-0.009914,0.012022,0.027912,0.036317,0.009336,0.023504
-0.40172,0.18985,0.011637,-0.015622,-0.117867,-0.009914,0.012022,0.027912,0.036317,0.009336,0.023504,0.025553
-0.400507,0.18985,-0.015622,-0.117867,-0.009914,0.012022,0.027912,0.036317,0.009336,0.023504,0.025553,0.013686
-0.400195,0.18985,-0.117867,-0.009914,0.012022,0.027912,0.036317,0.009336,0.023504,0.025553,0.013686,0.033042
-0.399412,0.18985,-0.009914,0.012022,0.027912,0.036317,0.009336,0.023504,0.025553,0.013686,0.033042,0.042583
-0.398562,0.18985,0.012022,0.027912,0.036317,0.009336,0.023504,0.025553,0.013686,0.033042,0.042583,-0.001369
-0.398108,0.191162,0.027912,0.036317,0.009336,0.023504,0.025553,0.013686,0.033042,0.042583,-0.001369,-0.005428
-0.39701,0.191162,0.036317,0.009336,0.023504,0.025553,0.013686,0.033042,0.042583,-0.001369,-0.005428,0.008608
-0.395598,0.191162,0.009336,0.023504,0.025553,0.013686,0.033042,0.042583,-0.001369,-0.005428,0.008608,0.037499
-0.395643,0.191162,0.023504,0.025553,0.013686,0.033042,0.042583,-0.001369,-0.005428,0.008608,0.037499,-0.000595
-0.395823,0.191162,0.025553,0.013686,0.033042,0.042583,-0.001369,-0.005428,0.008608,0.037499,-0.000595,0.003539
-0.395538,0.190124,0.013686,0.033042,0.042583,-0.001369,-0.005428,0.008608,0.037499,-0.000595,0.003539,0.014754
-0.394298,0.190124,0.033042,0.042583,-0.001369,-0.005428,0.008608,0.037499,-0.000595,0.003539,0.014754,0.006887
-0.394317,0.190124,0.042583,-0.001369,-0.005428,0.008608,0.037499,-0.000595,0.003539,0.014754,0.006887,0.025544
-0.3942,0.190124,-0.001369,-0.005428,0.008608,0.037499,-0.000595,0.003539,0.014754,0.006887,0.025544,0.017301
-0.393714,0.190124,-0.005428,0.008608,0.037499,-0.000595,0.003539,0.014754,0.006887,0.025544,0.017301,-0.007926
-0.393487,0.190124,0.008608,0.037499,-0.000595,0.003539,0.014754,0.006887,0.025544,0.017301,-0.007926,-0.008989
-0.392645,0.190124,0.037499,-0.000595,0.003539,0.014754,0.006887,0.025544,0.017301,-0.007926,-0.008989,0.013558
-0.392075,0.190124,-0.000595,0.003539,0.014754,0.006887,0.025544,0.017301,-0.007926,-0.008989,0.013558,0.032681
-0.392335,0.190124,0.003539,0.014754,0.006887,0.025544,0.017301,-0.007926,-0.008989,0.013558,0.032681,-0.013875
-0.392631,0.190124,0.014754,0.006887,0.025544,0.017301,-0.007926,-0.008989,0.013558,0.032681,-0.013875,-0.007927
-0.392185,0.190124,0.006887,0.025544,0.017301,-0.007926,-0.008989,0.013558,0.032681,-0.013875,-0.007927,-0.035678
-0.39111,0.189484,0.025544,0.017301,-0.007926,-0.008989,0.013558,0.032681,-0.013875,-0.007927,-0.035678,-0.136358
-0.391566,0.189484,0.017301,-0.007926,-0.008989,0.013558,0.032681,-0.013875,-0.007927,-0.035678,-0.136358,-0.008571
-0.391827,0.189484,-0.007926,-0.008989,0.013558,0.032681,-0.013875,-0.007927,-0.035678,-0.136358,-0.008571,0.032794
-0.393,0.189484,-0.008989,0.013558,0.032681,-0.013875,-0.007927,-0.035678,-0.136358,-0.008571,0.032794,-0.040757
-0.397507,0.188415,0.013558,0.032681,-0.013875,-0.007927,-0.035678,-0.136358,-0.008571,0.032794,-0.040757,-0.128986
-0.397792,0.188415,0.032681,-0.013875,-0.007927,-0.035678,-0.136358,-0.008571,0.032794,-0.040757,-0.128986,-0.012828
-0.396703,0.188415,-0.013875,-0.007927,-0.035678,-0.136358,-0.008571,0.032794,-0.040757,-0.128986,-0.012828,0.049554
-0.398055,0.188415,-0.007927,-0.035678,-0.136358,-0.008571,0.032794,-0.040757,-0.128986,-0.012828,0.049554,-0.006129
-0.402352,0.188415,-0.035678,-0.136358,-0.008571,0.032794,-0.040757,-0.128986,-0.012828,0.049554,-0.006129,-0.002556
-0.402781,0.188415,-0.136358,-0.008571,0.032794,-0.040757,-0.128986,-0.012828,0.049554,-0.006129,-0.002556,0.02022
-0.401123,0.188415,-0.008571,0.032794,-0.040757,-0.128986,-0.012828,0.049554,-0.006129,-0.002556,0.02022,0.02542
-0.401328,0.188415,0.032794,-0.040757,-0.128986,-0.012828,0.049554,-0.006129,-0.002556,0.02022,0.02542,0.043688
-0.401413,0.188415,-0.040757,-0.128986,-0.012828,0.049554,-0.006129,-0.002556,0.02022,0.02542,0.043688,0.03916
-0.400739,0.188415,-0.128986,-0.012828,0.049554,-0.006129,-0.002556,0.02022,0.02542,0.043688,0.03916,0.011614
-0.399891,0.188415,-0.012828,0.049554,-0.006129,-0.002556,0.02022,0.02542,0.043688,0.03916,0.011614,0.021782
-0.398436,0.187653,0.049554,-0.006129,-0.002556,0.02022,0.02542,0.043688,0.03916,0.011614,0.021782,0.027608
-0.397134,0.187653,-0.006129,-0.002556,0.02022,0.02542,0.043688,0.03916,0.011614,0.021782,0.027608,0.038252
-0.396749,0.187653,-0.002556,0.02022,0.02542,0.043688,0.03916,0.011614,0.021782,0.027608,0.038252,-0.001276
-0.396028,0.187653,0.02022,0.02542,0.043688,0.03916,0.011614,0.021782,0.027608,0.038252,-0.001276,0.017864
-0.395115,0.188049,0.02542,0.043688,0.03916,0.011614,0.021782,0.027608,0.038252,-0.001276,0.017864,0.021142
-0.393851,0.188049,0.043688,0.03916,0.011614,0.021782,0.027608,0.038252,-0.001276,0.017864,0.021142,-0.022156
-0.393893,0.188049,0.03916,0.011614,0.021782,0.027608,0.038252,-0.001276,0.017864,0.021142,-0.022156,-0.101747
-0.393304,0.188049,0.011614,0.021782,0.027608,0.038252,-0.001276,0.017864,0.021142,-0.022156,-0.101747,0.015464
-0.392608,0.188049,0.021782,0.027608,0.038252,-0.001276,0.017864,0.021142,-0.022156,-0.101747,0.015464,0.02621
-0.393338,0.188049,0.027608,0.038252,-0.001276,0.017864,0.021142,-0.022156,-0.101747,0.015464,0.02621,0.014662
-0.396704,0.188049,0.038252,-0.001276,0.017864,0.021142,-0.022156,-0.101747,0.015464,0.02621,0.014662,0.037141
-0.396191,0.188049,-0.001276,0.017864,0.021142,-0.022156,-0.101747,0.015464,0.02621,0.014662,0.037141,0.051772
-0.395323,0.188049,0.017864,0.021142,-0.022156,-0.101747,0.015464,0.02621,0.014662,0.037141,0.051772,0.00965
-0.394839,0.188049,0.021142,-0.022156,-0.101747,0.015464,0.02621,0.014662,0.037141,0.051772,0.00965,0.018513
-0.393613,0.188171,-0.022156,-0.101747,0.015464,0.02621,0.014662,0.037141,0.051772,0.00965,0.018513,0.023541
-0.391907,0.188171,-0.101747,0.015464,0.02621,0.014662,0.037141,0.051772,0.00965,0.018513,0.023541,0.007608
-0.391589,0.188171,0.015464,0.02621,0.014662,0.037141,0.051772,0.00965,0.018513,0.023541,0.007608,0.041835
-0.390981,0.188171,0.02621,0.014662,0.037141,0.051772,0.00965,0.018513,0.023541,0.007608,0.041835,0.026361
-0.390209,0.188171,0.014662,0.037141,0.051772,0.00965,0.018513,0.023541,0.007608,0.041835,0.026361,-0.016524
-0.38996,0.187134,0.037141,0.051772,0.00965,0.018513,0.023541,0.007608,0.041835,0.026361,-0.016524,-0.005904
-0.388589,0.187134,0.051772,0.00965,0.018513,0.023541,0.007608,0.041835,0.026361,-0.016524,-0.005904,0.015857
-0.387727,0.187134,0.00965,0.018513,0.023541,0.007608,0.041835,0.026361,-0.016524,-0.005904,0.015857,0.043593
-0.388267,0.187134,0.018513,0.023541,0.007608,0.041835,0.026361,-0.016524,-0.005904,0.015857,0.043593,-0.009738
-0.388459,0.187134,0.023541,0.007608,0.041835,0.026361,-0.016524,-0.005904,0.015857,0.043593,-0.009738,-0.004684
-0.387941,0.187134,0.007608,0.041835,0.026361,-0.016524,-0.005904,0.015857,0.043593,-0.009738,-0.004684,0.005974
-0.386518,0.187134,0.041835,0.026361,-0.016524,-0.005904,0.015857,0.043593,-0.009738,-0.004684,0.005974,0.006545
-0.386835,0.187134,0.026361,-0.016524,-0.005904,0.015857,0.043593,-0.009738,-0.004684,0.005974,0.006545,0.020668
-0.386988,0.187134,-0.016524,-0.005904,0.015857,0.043593,-0.009738,-0.004684,0.005974,0.006545,0.020668,0.015915
-0.386793,0.187134,-0.005904,0.015857,0.043593,-0.009738,-0.004684,0.005974,0.006545,0.020668,0.015915,-0.015535
-0.38658,0.185028,0.015857,0.043593,-0.009738,-0.004684,0.005974,0.006545,0.020668,0.015915,-0.015535,-0.037387
-0.385906,0.185028,0.043593,-0.009738,-0.004684,0.005974,0.006545,0.020668,0.015915,-0.015535,-0.037387,-0.126791
-0.385388,0.185028,-0.009738,-0.004684,0.005974,0.006545,0.020668,0.015915,-0.015535,-0.037387,-0.126791,0.000693
-0.385893,0.185028,-0.004684,0.005974,0.006545,0.020668,0.015915,-0.015535,-0.037387,-0.126791,0.000693,-0.001215
-0.387111,0.185028,0.005974,0.006545,0.020668,0.015915,-0.015535,-0.037387,-0.126791,0.000693,-0.001215,0.003005
-0.39126,0.184509,0.006545,0.020668,0.015915,-0.015535,-0.037387,-0.126791,0.000693,-0.001215,0.003005,-0.021013
-0.391237,0.184509,0.020668,0.015915,-0.015535,-0.037387,-0.126791,0.000693,-0.001215,0.003005,-0.021013,-0.117867
-0.391277,0.184509,0.015915,-0.015535,-0.037387,-0.126791,0.000693,-0.001215,0.003005,-0.021013,-0.117867,0.004679
-0.391178,0.184509,-0.015535,-0.037387,-0.126791,0.000693,-0.001215,0.003005,-0.021013,-0.117867,0.004679,0.039458
-0.391868,0.184509,-0.037387,-0.126791,0.000693,-0.001215,0.003005,-0.021013,-0.117867,0.004679,0.039458,-0.001327
-0.395755,0.184509,-0.126791,0.000693,-0.001215,0.003005,-0.021013,-0.117867,0.004679,0.039458,-0.001327,0.00081
-0.3956,0.184509,0.000693,-0.001215,0.003005,-0.021013,-0.117867,0.004679,0.039458,-0.001327,0.00081,0.026047
-0.394294,0.184509,-0.001215,0.003005,-0.021013,-0.117867,0.004679,0.039458,-0.001327,0.00081,0.026047,0.03044
-0.394338,0.184509,0.003005,-0.021013,-0.117867,0.004679,0.039458,-0.001327,0.00081,0.026047,0.03044,-0.01138
-0.394311,0.184509,-0.021013,-0.117867,0.004679,0.039458,-0.001327,0.00081,0.026047,0.03044,-0.01138,0.001522
-0.393453,0.183868,-0.117867,0.004679,0.039458,-0.001327,0.00081,0.026047,0.03044,-0.01138,0.001522,0.021555
-0.392449,0.183868,0.004679,0.039458,-0.001327,0.00081,0.026047,0.03044,-0.01138,0.001522,0.021555,0.009354
-0.392824,0.183868,0.039458,-0.001327,0.00081,0.026047,0.03044,-0.01138,0.001522,0.021555,0.009354,0.018638
-0.392774,0.183868,-0.001327,0.00081,0.026047,0.03044,-0.01138,0.001522,0.021555,0.009354,0.018638,0.019947
-0.392065,0.183868,0.00081,0.026047,0.03044,-0.01138,0.001522,0.021555,0.009354,0.018638,0.019947,-0.044598
-0.391758,0.183746,0.026047,0.03044,-0.01138,0.001522,0.021555,0.009354,0.018638,0.019947,-0.044598,-0.123562
-0.391145,0.183746,0.03044,-0.01138,0.001522,0.021555,0.009354,0.018638,0.019947,-0.044598,-0.123562,-0.009652
-0.390489,0.183746,-0.01138,0.001522,0.021555,0.009354,0.018638,0.019947,-0.044598,-0.123562,-0.009652,0.059511
-0.391954,0.183746,0.001522,0.021555,0.009354,0.018638,0.019947,-0.044598,-0.123562,-0.009652,0.059511,0.012587
-0.396028,0.183746,0.021555,0.009354,0.018638,0.019947,-0.044598,-0.123562,-0.009652,0.059511,0.012587,0.007391
-0.396348,0.183746,0.009354,0.018638,0.019947,-0.044598,-0.123562,-0.009652,0.059511,0.012587,0.007391,0.023896
-0.394378,0.183746,0.018638,0.019947,-0.044598,-0.123562,-0.009652,0.059511,0.012587,0.007391,0.023896,0.015651
-0.393962,0.183746,0.019947,-0.044598,-0.123562,-0.009652,0.059511,0.012587,0.007391,0.023896,0.015651,0.031601
-0.393718,0.183746,-0.044598,-0.123562,-0.009652,0.059511,0.012587,0.007391,0.023896,0.015651,0.031601,0.029099
-0.392931,0.183746,-0.123562,-0.009652,0.059511,0.012587,0.007391,0.023896,0.015651,0.031601,0.029099,0.008724
-0.392416,0.184387,-0.009652,0.059511,0.012587,0.007391,0.023896,0.015651,0.031601,0.029099,0.008724,0.009761
-0.391376,0.184387,0.059511,0.012587,0.007391,0.023896,0.015651,0.031601,0.029099,0.008724,0.009761,0.012591
-0.390419,0.184387,0.012587,0.007391,0.023896,0.015651,0.031601,0.029099,0.008724,0.009761,0.012591,0.032282
-0.390133,0.184387,0.007391,0.023896,0.015651,0.031601,0.029099,0.008724,0.009761,0.012591,0.032282,-0.007924
-0.389814,0.184387,0.023896,0.015651,0.031601,0.029099,0.008724,0.009761,0.012591,0.032282,-0.007924,0.002435
-0.389401,0.183594,0.015651,0.031601,0.029099,0.008724,0.009761,0.012591,0.032282,-0.007924,0.002435,0.017031
-0.388344,0.183594,0.031601,0.029099,0.008724,0.009761,0.012591,0.032282,-0.007924,0.002435,0.017031,0.00188
-0.388604,0.183594,0.029099,0.008724,0.009761,0.012591,0.032282,-0.007924,0.002435,0.017031,0.00188,0.024545
-0.388524,0.183594,0.008724,0.009761,0.012591,0.032282,-0.007924,0.002435,0.017031,0.00188,0.024545,0.030568
-0.387968,0.183594,0.009761,0.012591,0.032282,-0.007924,0.002435,0.017031,0.00188,0.024545,0.030568,0.004735
-0.387906,0.183594,0.012591,0.032282,-0.007924,0.002435,0.017031,0.00188,0.024545,0.030568,0.004735,-0.004497
-0.387104,0.183594,0.032282,-0.007924,0.002435,0.017031,0.00188,0.024545,0.030568,0.004735,-0.004497,-0.016949
-0.386106,0.183594,-0.007924,0.002435,0.017031,0.00188,0.024545,0.030568,0.004735,-0.004497,-0.016949,-0.107234
-0.385952,0.183594,0.002435,0.017031,0.00188,0.024545,0.030568,0.004735,-0.004497,-0.016949,-0.107234,-0.026256
-0.386099,0.183594,0.017031,0.00188,0.024545,0.030568,0.004735,-0.004497,-0.016949,-0.107234,-0.026256,0.023194
-0.386651,0.18399,0.00188,0.024545,0.030568,0.004735,-0.004497,-0.016949,-0.107234,-0.026256,0.023194,0.020784
-0.39016,0.18399,0.024545,0.030568,0.004735,-0.004497,-0.016949,-0.107234,-0.026256,0.023194,0.020784,0.006187
-0.391022,0.18399,0.030568,0.004735,-0.004497,-0.016949,-0.107234,-0.026256,0.023194,0.020784,0.006187,0.02337
-0.390261,0.18399,0.004735,-0.004497,-0.016949,-0.107234,-0.026256,0.023194,0.020784,0.006187,0.02337,0.024926
-0.389581,0.185425,-0.004497,-0.016949,-0.107234,-0.026256,0.023194,0.020784,0.006187,0.02337,0.024926,-0.021529
-0.389378,0.185425,-0.016949,-0.107234,-0.026256,0.023194,0.020784,0.006187,0.02337,0.024926,-0.021529,-0.016622
-0.388613,0.185425,-0.107234,-0.026256,0.023194,0.020784,0.006187,0.02337,0.024926,-0.021529,-0.016622,0.017619
-0.387797,0.185425,-0.026256,0.023194,0.020784,0.006187,0.02337,0.024926,-0.021529,-0.016622,0.017619,0.047097
-0.3885,0.185425,0.023194,0.020784,0.006187,0.02337,0.024926,-0.021529,-0.016622,0.017619,0.047097,-0.021565
-0.389044,0.185425,0.020784,0.006187,0.02337,0.024926,-0.021529,-0.016622,0.017619,0.047097,-0.021565,0.003923
-0.388468,0.185425,0.006187,0.02337,0.024926,-0.021529,-0.016622,0.017619,0.047097,-0.021565,0.003923,-0.027448
-0.386928,0.185425,0.02337,0.024926,-0.021529,-0.016622,0.017619,0.047097,-0.021565,0.003923,-0.027448,-0.123502
-0.387633,0.185425,0.024926,-0.021529,-0.016622,0.017619,0.047097,-0.021565,0.003923,-0.027448,-0.123502,-0.007988
-0.387505,0.185425,-0.021529,-0.016622,0.017619,0.047097,-0.021565,0.003923,-0.027448,-0.123502,-0.007988,0.029921
-0.388401,0.185425,-0.016622,0.017619,0.047097,-0.021565,0.003923,-0.027448,-0.123502,-0.007988,0.029921,-0.003004
-0.392451,0.184906,0.017619,0.047097,-0.021565,0.003923,-0.027448,-0.123502,-0.007988,0.029921,-0.003004,0.000497
-0.392714,0.184906,0.047097,-0.021565,0.003923,-0.027448,-0.123502,-0.007988,0.029921,-0.003004,0.000497,0.015702
-0.391728,0.184906,-0.021565,0.003923,-0.027448,-0.123502,-0.007988,0.029921,-0.003004,0.000497,0.015702,0.040564
-0.391827,0.184906,0.003923,-0.027448,-0.123502,-0.007988,0.029921,-0.003004,0.000497,0.015702,0.040564,-0.010386
-0.391811,0.184662,-0.027448,-0.123502,-0.007988,0.029921,-0.003004,0.000497,0.015702,0.040564,-0.010386,0.009801
-0.391295,0.184662,-0.123502,-0.007988,0.029921,-0.003004,0.000497,0.015702,0.040564,-0.010386,0.009801,0.009413
-0.389962,0.184662,-0.007988,0.029921,-0.003004,0.000497,0.015702,0.040564,-0.010386,0.009801,0.009413,0.008679
-0.390303,0.184662,0.029921,-0.003004,0.000497,0.015702,0.040564,-0.010386,0.009801,0.009413,0.008679,0.022301
-0.389982,0.184662,-0.003004,0.000497,0.015702,0.040564,-0.010386,0.009801,0.009413,0.008679,0.022301,0.023486
-0.389674,0.184662,0.000497,0.015702,0.040564,-0.010386,0.009801,0.009413,0.008679,0.022301,0.023486,-0.018662
-0.38939,0.184662,0.015702,0.040564,-0.010386,0.009801,0.009413,0.008679,0.022301,0.023486,-0.018662,-0.003397
-0.388659,0.184662,0.040564,-0.010386,0.009801,0.009413,0.008679,0.022301,0.023486,-0.018662,-0.003397,0.017285
-0.387891,0.184662,-0.010386,0.009801,0.009413,0.008679,0.022301,0.023486,-0.018662,-0.003397,0.017285,0.037102
-0.3885,0.184662,0.009801,0.009413,0.008679,0.022301,0.023486,-0.018662,-0.003397,0.017285,0.037102,-0.059093
-0.388611,0.185822,0.009413,0.008679,0.022301,0.023486,-0.018662,-0.003397,0.017285,0.037102,-0.059093,-0.113665
-0.388047,0.185822,0.008679,0.022301,0.023486,-0.018662,-0.003397,0.017285,0.037102,-0.059093,-0.113665,-0.053341
-0.386834,0.185822,0.022301,0.023486,-0.018662,-0.003397,0.017285,0.037102,-0.059093,-0.113665,-0.053341,-0.101056
-0.388767,0.185822,0.023486,-0.018662,-0.003397,0.017285,0.037102,-0.059093,-0.113665,-0.053341,-0.101056,0.021462
-0.392497,0.185822,-0.018662,-0.003397,0.017285,0.037102,-0.059093,-0.113665,-0.053341,-0.101056,0.021462,0.057452
-0.394254,0.185425,-0.003397,0.017285,0.037102,-0.059093,-0.113665,-0.053341,-0.101056,0.021462,0.057452,0.014946
-0.397598,0.185425,0.017285,0.037102,-0.059093,-0.113665,-0.053341,-0.101056,0.021462,0.057452,0.014946,0.003243
-0.396885,0.185425,0.037102,-0.059093,-0.113665,-0.053341,-0.101056,0.021462,0.057452,0.014946,0.003243,0.018719
-0.394981,0.185425,-0.059093,-0.113665,-0.053341,-0.101056,0.021462,0.057452,0.014946,0.003243,0.018719,0.002195
-0.394487,0.185425,-0.113665,-0.053341,-0.101056,0.021462,0.057452,0.014946,0.003243,0.018719,0.002195,-0.108788
-0.39438,0.185425,-0.053341,-0.101056,0.021462,0.057452,0.014946,0.003243,0.018719,0.002195,-0.108788,-0.006556
-0.393763,0.185425,-0.101056,0.021462,0.057452,0.014946,0.003243,0.018719,0.002195,-0.108788,-0.006556,0.045451
-0.39369,0.185425,0.021462,0.057452,0.014946,0.003243,0.018719,0.002195,-0.108788,-0.006556,0.045451,0.034883
-0.397293,0.185425,0.057452,0.014946,0.003243,0.018719,0.002195,-0.108788,-0.006556,0.045451,0.034883,-0.007433
-0.397511,0.185425,0.014946,0.003243,0.018719,0.002195,-0.108788,-0.006556,0.045451,0.034883,-0.007433,-0.102307
-0.396005,0.186218,0.003243,0.018719,0.002195,-0.108788,-0.006556,0.045451,0.034883,-0.007433,-0.102307,-0.053974
-0.394852,0.186218,0.018719,0.002195,-0.108788,-0.006556,0.045451,0.034883,-0.007433,-0.102307,-0.053974,-0.094101
-0.395098,0.186218,0.002195,-0.108788,-0.006556,0.045451,0.034883,-0.007433,-0.102307,-0.053974,-0.094101,0.007517
-0.398493,0.186218,-0.108788,-0.006556,0.045451,0.034883,-0.007433,-0.102307,-0.053974,-0.094101,0.007517,0.068218
-0.400291,0.186218,-0.006556,0.045451,0.034883,-0.007433,-0.102307,-0.053974,-0.094101,0.007517,0.068218,0.037598
-0.403434,0.186462,0.045451,0.034883,-0.007433,-0.102307,-0.053974,-0.094101,0.007517,0.068218,0.037598,0.034132
-0.403182,0.186462,0.034883,-0.007433,-0.102307,-0.053974,-0.094101,0.007517,0.068218,0.037598,0.034132,0.034239
-0.400899,0.186462,-0.007433,-0.102307,-0.053974,-0.094101,0.007517,0.068218,0.037598,0.034132,0.034239,0.025059
-0.399644,0.186462,-0.102307,-0.053974,-0.094101,0.007517,0.068218,0.037598,0.034132,0.034239,0.025059,0.047021
-0.398508,0.186462,-0.053974,-0.094101,0.007517,0.068218,0.037598,0.034132,0.034239,0.025059,0.047021,0.048993
-0.397372,0.186462,-0.094101,0.007517,0.068218,0.037598,0.034132,0.034239,0.025059,0.047021,0.048993,0.000796
-0.396541,0.186462,0.007517,0.068218,0.037598,0.034132,0.034239,0.025059,0.047021,0.048993,0.000796,0.020438
-0.394984,0.186462,0.068218,0.037598,0.034132,0.034239,0.025059,0.047021,0.048993,0.000796,0.020438,0.002332
-0.393365,0.186462,0.037598,0.034132,0.034239,0.025059,0.047021,0.048993,0.000796,0.020438,0.002332,-0.098033
-0.393339,0.186462,0.034132,0.034239,0.025059,0.047021,0.048993,0.000796,0.020438,0.002332,-0.098033,-0.012663
-0.392666,0.18634,0.034239,0.025059,0.047021,0.048993,0.000796,0.020438,0.002332,-0.098033,-0.012663,0.033118
-0.392589,0.18634,0.025059,0.047021,0.048993,0.000796,0.020438,0.002332,-0.098033,-0.012663,0.033118,0.033459
-0.395828,0.18634,0.047021,0.048993,0.000796,0.020438,0.002332,-0.098033,-0.012663,0.033118,0.033459,0.027119
-0.396248,0.18634,0.048993,0.000796,0.020438,0.002332,-0.098033,-0.012663,0.033118,0.033459,0.027119,0.00566
-0.395152,0.18634,0.000796,0.020438,0.002332,-0.098033,-0.012663,0.033118,0.033459,0.027119,0.00566,-0.14402
-0.394047,0.186615,0.020438,0.002332,-0.098033,-0.012663,0.033118,0.033459,0.027119,0.00566,-0.14402,-0.116127
-0.393153,0.186615,0.002332,-0.098033,-0.012663,0.033118,0.033459,0.027119,0.00566,-0.14402,-0.116127,0.012799
-0.392967,0.186615,-0.098033,-0.012663,0.033118,0.033459,0.027119,0.00566,-0.14402,-0.116127,0.012799,0.07175
-0.397735,0.186615,-0.012663,0.033118,0.033459,0.027119,0.00566,-0.14402,-0.116127,0.012799,0.07175,0.063701
-0.401604,0.186615,0.033118,0.033459,0.027119,0.00566,-0.14402,-0.116127,0.012799,0.07175,0.063701,0.010317
-0.401176,0.186615,0.033459,0.027119,0.00566,-0.14402,-0.116127,0.012799,0.07175,0.063701,0.010317,0.038293
-0.398786,0.186615,0.027119,0.00566,-0.14402,-0.116127,0.012799,0.07175,0.063701,0.010317,0.038293,-0.013396
-0.39667,0.186615,0.00566,-0.14402,-0.116127,0.012799,0.07175,0.063701,0.010317,0.038293,-0.013396,-0.117357
-0.396327,0.186615,-0.14402,-0.116127,0.012799,0.07175,0.063701,0.010317,0.038293,-0.013396,-0.117357,0.024068
-0.39506,0.186615,-0.116127,0.012799,0.07175,0.063701,0.010317,0.038293,-0.013396,-0.117357,0.024068,0.079566
-0.395503,0.186462,0.012799,0.07175,0.063701,0.010317,0.038293,-0.013396,-0.117357,0.024068,0.079566,0.038726
-0.399396,0.186462,0.07175,0.063701,0.010317,0.038293,-0.013396,-0.117357,0.024068,0.079566,0.038726,0.009148
-0.398594,0.186462,0.063701,0.010317,0.038293,-0.013396,-0.117357,0.024068,0.079566,0.038726,0.009148,-0.002844
-0.395951,0.186462,0.010317,0.038293,-0.013396,-0.117357,0.024068,0.079566,0.038726,0.009148,-0.002844,-0.094658
-0.394671,0.185303,0.038293,-0.013396,-0.117357,0.024068,0.079566,0.038726,0.009148,-0.002844,-0.094658,-0.0092
-0.394369,0.185303,-0.013396,-0.117357,0.024068,0.079566,0.038726,0.009148,-0.002844,-0.094658,-0.0092,0.04343
-0.394463,0.185303,-0.117357,0.024068,0.079566,0.038726,0.009148,-0.002844,-0.094658,-0.0092,0.04343,0.034957
-0.397599,0.185303,0.024068,0.079566,0.038726,0.009148,-0.002844,-0.094658,-0.0092,0.04343,0.034957,0.038112
-0.397905,0.185303,0.079566,0.038726,0.009148,-0.002844,-0.094658,-0.0092,0.04343,0.034957,0.038112,0.048884
-0.396465,0.185303,0.038726,0.009148,-0.002844,-0.094658,-0.0092,0.04343,0.034957,0.038112,0.048884,0.03208
-0.395308,0.185303,0.009148,-0.002844,-0.094658,-0.0092,0.04343,0.034957,0.038112,0.048884,0.03208,-0.011094
-0.39405,0.185303,-0.002844,-0.094658,-0.0092,0.04343,0.034957,0.038112,0.048884,0.03208,-0.011094,0.010371
-0.392437,0.185303,-0.094658,-0.0092,0.04343,0.034957,0.038112,0.048884,0.03208,-0.011094,0.010371,0.042637
-0.391381,0.185303,-0.0092,0.04343,0.034957,0.038112,0.048884,0.03208,-0.011094,0.010371,0.042637,0.052523
-0.391746,0.185303,0.04343,0.034957,0.038112,0.048884,0.03208,-0.011094,0.010371,0.042637,0.052523,-0.049514
-0.391405,0.185699,0.034957,0.038112,0.048884,0.03208,-0.011094,0.010371,0.042637,0.052523,-0.049514,-0.100509
-0.390007,0.185699,0.038112,0.048884,0.03208,-0.011094,0.010371,0.042637,0.052523,-0.049514,-0.100509,0.001178
-0.388286,0.185699,0.048884,0.03208,-0.011094,0.010371,0.042637,0.052523,-0.049514,-0.100509,0.001178,0.028264
-0.389908,0.185699,0.03208,-0.011094,0.010371,0.042637,0.052523,-0.049514,-0.100509,0.001178,0.028264,0.041829
-0.393212,0.184906,-0.011094,0.010371,0.042637,0.052523,-0.049514,-0.100509,0.001178,0.028264,0.041829,0.034858
-0.393173,0.184906,0.010371,0.042637,0.052523,-0.049514,-0.100509,0.001178,0.028264,0.041829,0.034858,0.013412
-0.392243,0.184906,0.042637,0.052523,-0.049514,-0.100509,0.001178,0.028264,0.041829,0.034858,0.013412,0.00981
-0.390867,0.184906,0.052523,-0.049514,-0.100509,0.001178,0.028264,0.041829,0.034858,0.013412,0.00981,0.023709
-0.389722,0.184906,-0.049514,-0.100509,0.001178,0.028264,0.041829,0.034858,0.013412,0.00981,0.023709,0.037801
-0.389283,0.184906,-0.100509,0.001178,0.028264,0.041829,0.034858,0.013412,0.00981,0.023709,0.037801,-0.055502
-0.388962,0.184906,0.001178,0.028264,0.041829,0.034858,0.013412,0.00981,0.023709,0.037801,-0.055502,-0.109457
-0.388187,0.184906,0.028264,0.041829,0.034858,0.013412,0.00981,0.023709,0.037801,-0.055502,-0.109457,-0.058945
-0.386952,0.184906,0.041829,0.034858,0.013412,0.00981,0.023709,0.037801,-0.055502,-0.109457,-0.058945,-0.108886
-0.388767,0.184906,0.034858,0.013412,0.00981,0.023709,0.037801,-0.055502,-0.109457,-0.058945,-0.108886,0.011889
-0.392359,0.184906,0.013412,0.00981,0.023709,0.037801,-0.055502,-0.109457,-0.058945,-0.108886,0.011889,0.057255
-0.3943,0.183075,0.00981,0.023709,0.037801,-0.055502,-0.109457,-0.058945,-0.108886,0.011889,0.057255,0.010377
-0.397904,0.183075,0.023709,0.037801,-0.055502,-0.109457,-0.058945,-0.108886,0.011889,0.057255,0.010377,0.008422
-0.397509,0.183075,0.037801,-0.055502,-0.109457,-0.058945,-0.108886,0.011889,0.057255,0.010377,0.008422,0.029806
-0.395609,0.183075,-0.055502,-0.109457,-0.058945,-0.108886,0.011889,0.057255,0.010377,0.008422,0.029806,0.045745
-0.395266,0.183594,-0.109457,-0.058945,-0.108886,0.011889,0.057255,0.010377,0.008422,0.029806,0.045745,-0.002293
-0.394988,0.183594,-0.058945,-0.108886,0.011889,0.057255,0.010377,0.008422,0.029806,0.045745,-0.002293,0.013463
-0.394004,0.183594,-0.108886,0.011889,0.057255,0.010377,0.008422,0.029806,0.045745,-0.002293,0.013463,0.024809
-0.392495,0.183594,0.011889,0.057255,0.010377,0.008422,0.029806,0.045745,-0.002293,0.013463,0.024809,0.018554
-0.392571,0.183594,0.057255,0.010377,0.008422,0.029806,0.045745,-0.002293,0.013463,0.024809,0.018554,0.026471
-0.392128,0.183594,0.010377,0.008422,0.029806,0.045745,-0.002293,0.013463,0.024809,0.018554,0.026471,0.016916
-0.391313,0.183594,0.008422,0.029806,0.045745,-0.002293,0.013463,0.024809,0.018554,0.026471,0.016916,-0.003656
-0.390704,0.183594,0.029806,0.045745,-0.002293,0.013463,0.024809,0.018554,0.026471,0.016916,-0.003656,0.001955
-0.389835,0.183594,0.045745,-0.002293,0.013463,0.024809,0.018554,0.026471,0.016916,-0.003656,0.001955,0.01332
-0.38928,0.183594,-0.002293,0.013463,0.024809,0.018554,0.026471,0.016916,-0.003656,0.001955,0.01332,0.036273
-0.3894,0.182831,0.013463,0.024809,0.018554,0.026471,0.016916,-0.003656,0.001955,0.01332,0.036273,-0.005068
-0.389336,0.182831,0.024809,0.018554,0.026471,0.016916,-0.003656,0.001955,0.01332,0.036273,-0.005068,0.008576
-0.3889,0.182831,0.018554,0.026471,0.016916,-0.003656,0.001955,0.01332,0.036273,-0.005068,0.008576,0.018199
-0.387713,0.182831,0.026471,0.016916,-0.003656,0.001955,0.01332,0.036273,-0.005068,0.008576,0.018199,0.006906
-0.387879,0.182831,0.016916,-0.003656,0.001955,0.01332,0.036273,-0.005068,0.008576,0.018199,0.006906,-0.011723
-0.387599,0.182831,-0.003656,0.001955,0.01332,0.036273,-0.005068,0.008576,0.018199,0.006906,-0.011723,-0.11143
-0.387005,0.182831,0.001955,0.01332,0.036273,-0.005068,0.008576,0.018199,0.006906,-0.011723,-0.11143,-0.045242
-0.38678,0.182831,0.01332,0.036273,-0.005068,0.008576,0.018199,0.006906,-0.011723,-0.11143,-0.045242,0.013154
-0.387163,0.182831,0.036273,-0.005068,0.008576,0.018199,0.006906,-0.011723,-0.11143,-0.045242,0.013154,0.024873
-0.390814,0.182831,-0.005068,0.008576,0.018199,0.006906,-0.011723,-0.11143,-0.045242,0.013154,0.024873,0.054081
-0.392301,0.182831,0.008576,0.018199,0.006906,-0.011723,-0.11143,-0.045242,0.013154,0.024873,0.054081,-0.04895
-0.391868,0.182831,0.018199,0.006906,-0.011723,-0.11143,-0.045242,0.013154,0.024873,0.054081,-0.04895,-0.104934
-0.391051,0.182831,0.006906,-0.011723,-0.11143,-0.045242,0.013154,0.024873,0.054081,-0.04895,-0.104934,-0.015172
-0.389277,0.182831,-0.011723,-0.11143,-0.045242,0.013154,0.024873,0.054081,-0.04895,-0.104934,-0.015172,0.01869
-0.390883,0.182831,-0.11143,-0.045242,0.013154,0.024873,0.054081,-0.04895,-0.104934,-0.015172,0.01869,0.040472
-0.394338,0.182831,-0.045242,0.013154,0.024873,0.054081,-0.04895,-0.104934,-0.015172,0.01869,0.040472,0.033398
-0.394839,0.183868,0.013154,0.024873,0.054081,-0.04895,-0.104934,-0.015172,0.01869,0.040472,0.033398,0.000514
-0.394222,0.183868,0.024873,0.054081,-0.04895,-0.104934,-0.015172,0.01869,0.040472,0.033398,0.000514,-0.003377
-0.392886,0.183868,0.054081,-0.04895,-0.104934,-0.015172,0.01869,0.040472,0.033398,0.000514,-0.003377,0.018168
-0.391786,0.183868,-0.04895,-0.104934,-0.015172,0.01869,0.040472,0.033398,0.000514,-0.003377,0.018168,0.031722
-0.391769,0.184265,-0.104934,-0.015172,0.01869,0.040472,0.033398,0.000514,-0.003377,0.018168,0.031722,-0.020257
-0.39188,0.184265,-0.015172,0.01869,0.040472,0.033398,0.000514,-0.003377,0.018168,0.031722,-0.020257,0.020729
-0.391283,0.184265,0.01869,0.040472,0.033398,0.000514,-0.003377,0.018168,0.031722,-0.020257,0.020729,0.017582
-0.390241,0.184265,0.040472,0.033398,0.000514,-0.003377,0.018168,0.031722,-0.020257,0.020729,0.017582,0.00014
-0.390907,0.184265,0.033398,0.000514,-0.003377,0.018168,0.031722,-0.020257,0.020729,0.017582,0.00014,0.020151
-0.390226,0.184265,0.000514,-0.003377,0.018168,0.031722,-0.020257,0.020729,0.017582,0.00014,0.020151,0.024869
-0.389651,0.184265,-0.003377,0.018168,0.031722,-0.020257,0.020729,0.017582,0.00014,0.020151,0.024869,-0.002915
-0.389646,0.184265,0.018168,0.031722,-0.020257,0.020729,0.017582,0.00014,0.020151,0.024869,-0.002915,-0.013778
-0.388986,0.184265,0.031722,-0.020257,0.020729,0.017582,0.00014,0.020151,0.024869,-0.002915,-0.013778,0.010836
-0.388171,0.184265,-0.020257,0.020729,0.017582,0.00014,0.020151,0.024869,-0.002915,-0.013778,0.010836,0.036342
-0.388267,0.184265,0.020729,0.017582,0.00014,0.020151,0.024869,-0.002915,-0.013778,0.010836,0.036342,-0.011161
-0.388717,0.183075,0.017582,0.00014,0.020151,0.024869,-0.002915,-0.013778,0.010836,0.036342,-0.011161,0.011482
-0.388362,0.183075,0.00014,0.020151,0.024869,-0.002915,-0.013778,0.010836,0.036342,-0.011161,0.011482,-0.027492
-0.387174,0.183075,0.020151,0.024869,-0.002915,-0.013778,0.010836,0.036342,-0.011161,0.011482,-0.027492,-0.125473
-0.387539,0.183075,0.024869,-0.002915,-0.013778,0.010836,0.036342,-0.011161,0.011482,-0.027492,-0.125473,0.000386
-0.387164,0.182556,-0.002915,-0.013778,0.010836,0.036342,-0.011161,0.011482,-0.027492,-0.125473,0.000386,0.041297
-0.388061,0.182556,-0.013778,0.010836,0.036342,-0.011161,0.011482,-0.027492,-0.125473,0.000386,0.041297,-0.020625
-0.392174,0.182556,0.010836,0.036342,-0.011161,0.011482,-0.027492,-0.125473,0.000386,0.041297,-0.020625,-0.007961
-0.392161,0.182556,0.036342,-0.011161,0.011482,-0.027492,-0.125473,0.000386,0.041297,-0.020625,-0.007961,-0.00648
-0.390802,0.182556,-0.011161,0.011482,-0.027492,-0.125473,0.000386,0.041297,-0.020625,-0.007961,-0.00648,-0.102509
-0.39148,0.182556,0.011482,-0.027492,-0.125473,0.000386,0.041297,-0.020625,-0.007961,-0.00648,-0.102509,-0.024714
-0.391741,0.182556,-0.027492,-0.125473,0.000386,0.041297,-0.020625,-0.007961,-0.00648,-0.102509,-0.024714,0.021376
-0.391954,0.182556,-0.125473,0.000386,0.041297,-0.020625,-0.007961,-0.00648,-0.102509,-0.024714,0.021376,0.033059
-0.395338,0.182556,0.000386,0.041297,-0.020625,-0.007961,-0.00648,-0.102509,-0.024714,0.021376,0.033059,-0.010478
-0.396156,0.182556,0.041297,-0.020625,-0.007961,-0.00648,-0.102509,-0.024714,0.021376,0.033059,-0.010478,-0.106097
-0.395449,0.18399,-0.020625,-0.007961,-0.00648,-0.102509,-0.024714,0.021376,0.033059,-0.010478,-0.106097,0.008149
-0.394357,0.18399,-0.007961,-0.00648,-0.102509,-0.024714,0.021376,0.033059,-0.010478,-0.106097,0.008149,0.012219
-0.394703,0.18399,-0.00648,-0.102509,-0.024714,0.021376,0.033059,-0.010478,-0.106097,0.008149,0.012219,0.000763
-0.398222,0.18399,-0.102509,-0.024714,0.021376,0.033059,-0.010478,-0.106097,0.008149,0.012219,0.000763,0.025047
-0.397951,0.18399,-0.024714,0.021376,0.033059,-0.010478,-0.106097,0.008149,0.012219,0.000763,0.025047,0.062193
-0.397545,0.184265,0.021376,0.033059,-0.010478,-0.106097,0.008149,0.012219,0.000763,0.025047,0.062193,0.010482
-0.397519,0.184265,0.033059,-0.010478,-0.106097,0.008149,0.012219,0.000763,0.025047,0.062193,0.010482,0.020255
-0.396689,0.184265,-0.010478,-0.106097,0.008149,0.012219,0.000763,0.025047,0.062193,0.010482,0.020255,0.014805
-0.394629,0.184265,-0.106097,0.008149,0.012219,0.000763,0.025047,0.062193,0.010482,0.020255,0.014805,0.011438
-0.394283,0.184265,0.008149,0.012219,0.000763,0.025047,0.062193,0.010482,0.020255,0.014805,0.011438,0.04808
-0.393615,0.184265,0.012219,0.000763,0.025047,0.062193,0.010482,0.020255,0.014805,0.011438,0.04808,0.030905
-0.393127,0.184265,0.000763,0.025047,0.062193,0.010482,0.020255,0.014805,0.011438,0.04808,0.030905,-0.011821
-0.39275,0.184265,0.025047,0.062193,0.010482,0.020255,0.014805,0.011438,0.04808,0.030905,-0.011821,0.004059
-0.391168,0.184265,0.062193,0.010482,0.020255,0.014805,0.011438,0.04808,0.030905,-0.011821,0.004059,0.031412
-0.390152,0.184265,0.010482,0.020255,0.014805,0.011438,0.04808,0.030905,-0.011821,0.004059,0.031412,0.00558
-0.39054,0.185303,0.020255,0.014805,0.011438,0.04808,0.030905,-0.011821,0.004059,0.031412,0.00558,-0.121901
-0.390407,0.185303,0.014805,0.011438,0.04808,0.030905,-0.011821,0.004059,0.031412,0.00558,-0.121901,-0.013157
-0.389378,0.185303,0.011438,0.04808,0.030905,-0.011821,0.004059,0.031412,0.00558,-0.121901,-0.013157,0.033727
-0.389195,0.185303,0.04808,0.030905,-0.011821,0.004059,0.031412,0.00558,-0.121901,-0.013157,0.033727,0.021999
-0.393204,0.185303,0.030905,-0.011821,0.004059,0.031412,0.00558,-0.121901,-0.013157,0.033727,0.021999,0.037662
-0.393638,0.185822,-0.011821,0.004059,0.031412,0.00558,-0.121901,-0.013157,0.033727,0.021999,0.037662,0.040249
-0.392527,0.185822,0.004059,0.031412,0.00558,-0.121901,-0.013157,0.033727,0.021999,0.037662,0.040249,0.009177
-0.391804,0.185822,0.031412,0.00558,-0.121901,-0.013157,0.033727,0.021999,0.037662,0.040249,0.009177,0.005897
-0.390566,0.185822,0.00558,-0.121901,-0.013157,0.033727,0.021999,0.037662,0.040249,0.009177,0.005897,-0.010948
-0.389245,0.185822,-0.121901,-0.013157,0.033727,0.021999,0.037662,0.040249,0.009177,0.005897,-0.010948,-0.1549
-0.388945,0.185822,-0.013157,0.033727,0.021999,0.037662,0.040249,0.009177,0.005897,-0.010948,-0.1549,-0.134366
-0.388752,0.185822,0.033727,0.021999,0.037662,0.040249,0.009177,0.005897,-0.010948,-0.1549,-0.134366,0.007381
-0.38911,0.185822,0.021999,0.037662,0.040249,0.009177,0.005897,-0.010948,-0.1549,-0.134366,0.007381,0.05142
-0.394206,0.185822,0.037662,0.040249,0.009177,0.005897,-0.010948,-0.1549,-0.134366,0.007381,0.05142,0.021331
-0.398663,0.185822,0.040249,0.009177,0.005897,-0.010948,-0.1549,-0.134366,0.007381,0.05142,0.021331,0.0402
-0.398418,0.184509,0.009177,0.005897,-0.010948,-0.1549,-0.134366,0.007381,0.05142,0.021331,0.0402,0.04071
-0.396712,0.184509,0.005897,-0.010948,-0.1549,-0.134366,0.007381,0.05142,0.021331,0.0402,0.04071,0.014435
-0.396006,0.184509,-0.010948,-0.1549,-0.134366,0.007381,0.05142,0.021331,0.0402,0.04071,0.014435,-0.006522
-0.394675,0.184509,-0.1549,-0.134366,0.007381,0.05142,0.021331,0.0402,0.04071,0.014435,-0.006522,0.018799
-0.39333,0.184509,-0.134366,0.007381,0.05142,0.021331,0.0402,0.04071,0.014435,-0.006522,0.018799,0.058717
-0.392855,0.185699,0.007381,0.05142,0.021331,0.0402,0.04071,0.014435,-0.006522,0.018799,0.058717,0.017192
-0.393069,0.185699,0.05142,0.021331,0.0402,0.04071,0.014435,-0.006522,0.018799,0.058717,0.017192,0.004854
-0.392451,0.185699,0.021331,0.0402,0.04071,0.014435,-0.006522,0.018799,0.058717,0.017192,0.004854,0.013345
-0.390519,0.185699,0.0402,0.04071,0.014435,-0.006522,0.018799,0.058717,0.017192,0.004854,0.013345,0.010465
-0.389955,0.185699,0.04071,0.014435,-0.006522,0.018799,0.058717,0.017192,0.004854,0.013345,0.010465,0.031611
-0.389796,0.185699,0.014435,-0.006522,0.018799,0.058717,0.017192,0.004854,0.013345,0.010465,0.031611,0.022507
-0.389359,0.185699,-0.006522,0.018799,0.058717,0.017192,0.004854,0.013345,0.010465,0.031611,0.022507,-0.005409
-0.389017,0.185699,0.018799,0.058717,0.017192,0.004854,0.013345,0.010465,0.031611,0.022507,-0.005409,0.003436
-0.387982,0.185699,0.058717,0.017192,0.004854,0.013345,0.010465,0.031611,0.022507,-0.005409,0.003436,0.027821
-0.387246,0.185699,0.017192,0.004854,0.013345,0.010465,0.031611,0.022507,-0.005409,0.003436,0.027821,0.040582
-0.387423,0.186737,0.004854,0.013345,0.010465,0.031611,0.022507,-0.005409,0.003436,0.027821,0.040582,-0.006866
-0.387311,0.186737,0.013345,0.010465,0.031611,0.022507,-0.005409,0.003436,0.027821,0.040582,-0.006866,0.010243
-0.386404,0.186737,0.010465,0.031611,0.022507,-0.005409,0.003436,0.027821,0.040582,-0.006866,0.010243,-0.025948
-0.385081,0.186737,0.031611,0.022507,-0.005409,0.003436,0.027821,0.040582,-0.006866,0.010243,-0.025948,-0.127989
-0.385305,0.186737,0.022507,-0.005409,0.003436,0.027821,0.040582,-0.006866,0.010243,-0.025948,-0.127989,-0.009972
-0.384972,0.186615,-0.005409,0.003436,0.027821,0.040582,-0.006866,0.010243,-0.025948,-0.127989,-0.009972,0.041372
-0.385816,0.186615,0.003436,0.027821,0.040582,-0.006866,0.010243,-0.025948,-0.127989,-0.009972,0.041372,0.001703
-0.389995,0.186615,0.027821,0.040582,-0.006866,0.010243,-0.025948,-0.127989,-0.009972,0.041372,0.001703,0.003751
-0.390322,0.186615,0.040582,-0.006866,0.010243,-0.025948,-0.127989,-0.009972,0.041372,0.001703,0.003751,-0.010231
-0.388965,0.186615,-0.006866,0.010243,-0.025948,-0.127989,-0.009972,0.041372,0.001703,0.003751,-0.010231,-0.10408
-0.38891,0.186615,0.010243,-0.025948,-0.127989,-0.009972,0.041372,0.001703,0.003751,-0.010231,-0.10408,-0.066976
-0.388787,0.186615,-0.025948,-0.127989,-0.009972,0.041372,0.001703,0.003751,-0.010231,-0.10408,-0.066976,-0.133703
-0.389122,0.186615,-0.127989,-0.009972,0.041372,0.001703,0.003751,-0.010231,-0.10408,-0.066976,-0.133703,-0.12395
-0.392541,0.186615,-0.009972,0.041372,0.001703,0.003751,-0.010231,-0.10408,-0.066976,-0.133703,-0.12395,0.019502
-0.394752,0.186615,0.041372,0.001703,0.003751,-0.010231,-0.10408,-0.066976,-0.133703,-0.12395,0.019502,0.057624
-0.399186,0.186615,0.001703,0.003751,-0.010231,-0.10408,-0.066976,-0.133703,-0.12395,0.019502,0.057624,0.040333
-0.403323,0.186737,0.003751,-0.010231,-0.10408,-0.066976,-0.133703,-0.12395,0.019502,0.057624,0.040333,0.016832
-0.40267,0.186737,-0.010231,-0.10408,-0.066976,-0.133703,-0.12395,0.019502,0.057624,0.040333,0.016832,0.008575
-0.400742,0.186737,-0.10408,-0.066976,-0.133703,-0.12395,0.019502,0.057624,0.040333,0.016832,0.008575,0.030757
-0.399396,0.186737,-0.066976,-0.133703,-0.12395,0.019502,0.057624,0.040333,0.016832,0.008575,0.030757,0.056812
-0.398836,0.187531,-0.133703,-0.12395,0.019502,0.057624,0.040333,0.016832,0.008575,0.030757,0.056812,0.009708
-0.398551,0.187531,-0.12395,0.019502,0.057624,0.040333,0.016832,0.008575,0.030757,0.056812,0.009708,0.023928
-0.39753,0.187531,0.019502,0.057624,0.040333,0.016832,0.008575,0.030757,0.056812,0.009708,0.023928,0.036014
-0.395645,0.187531,0.057624,0.040333,0.016832,0.008575,0.030757,0.056812,0.009708,0.023928,0.036014,0.015632
-0.395324,0.187531,0.040333,0.016832,0.008575,0.030757,0.056812,0.009708,0.023928,0.036014,0.015632,0.033662
-0.394533,0.187531,0.016832,0.008575,0.030757,0.056812,0.009708,0.023928,0.036014,0.015632,0.033662,0.02093
-0.393346,0.187531,0.008575,0.030757,0.056812,0.009708,0.023928,0.036014,0.015632,0.033662,0.02093,-0.044851
-0.392831,0.187531,0.030757,0.056812,0.009708,0.023928,0.036014,0.015632,0.033662,0.02093,-0.044851,-0.113591
-0.391722,0.187531,0.056812,0.009708,0.023928,0.036014,0.015632,0.033662,0.02093,-0.044851,-0.113591,0.003779
-0.391034,0.187531,0.009708,0.023928,0.036014,0.015632,0.033662,0.02093,-0.044851,-0.113591,0.003779,0.057486
-0.392509,0.185028,0.023928,0.036014,0.015632,0.033662,0.02093,-0.044851,-0.113591,0.003779,0.057486,0.0126
-0.396256,0.185028,0.036014,0.015632,0.033662,0.02093,-0.044851,-0.113591,0.003779,0.057486,0.0126,0.030115
-0.396131,0.185028,0.015632,0.033662,0.02093,-0.044851,-0.113591,0.003779,0.057486,0.0126,0.030115,0.034577
-0.394229,0.185028,0.033662,0.02093,-0.044851,-0.113591,0.003779,0.057486,0.0126,0.030115,0.034577,0.020298
-0.393813,0.185028,0.02093,-0.044851,-0.113591,0.003779,0.057486,0.0126,0.030115,0.034577,0.020298,0.036
-0.39282,0.183746,-0.044851,-0.113591,0.003779,0.057486,0.0126,0.030115,0.034577,0.020298,0.036,0.033997
-0.391683,0.183746,-0.113591,0.003779,0.057486,0.0126,0.030115,0.034577,0.020298,0.036,0.033997,-0.002929
-0.391017,0.183746,0.003779,0.057486,0.0126,0.030115,0.034577,0.020298,0.036,0.033997,-0.002929,0.011987
-0.389835,0.183746,0.057486,0.0126,0.030115,0.034577,0.020298,0.036,0.033997,-0.002929,0.011987,0.022677
-0.38872,0.183746,0.0126,0.030115,0.034577,0.020298,0.036,0.033997,-0.002929,0.011987,0.022677,0.042915
-0.388816,0.183746,0.030115,0.034577,0.020298,0.036,0.033997,-0.002929,0.011987,0.022677,0.042915,-0.006862
-0.388424,0.183746,0.034577,0.020298,0.036,0.033997,-0.002929,0.011987,0.022677,0.042915,-0.006862,0.002182
-0.387684,0.183746,0.020298,0.036,0.033997,-0.002929,0.011987,0.022677,0.042915,-0.006862,0.002182,0.007081
-0.386283,0.183746,0.036,0.033997,-0.002929,0.011987,0.022677,0.042915,-0.006862,0.002182,0.007081,0.001482
-0.386506,0.183746,0.033997,-0.002929,0.011987,0.022677,0.042915,-0.006862,0.002182,0.007081,0.001482,0.029016
-0.386435,0.182678,-0.002929,0.011987,0.022677,0.042915,-0.006862,0.002182,0.007081,0.001482,0.029016,0.025446
-0.386205,0.182678,0.011987,0.022677,0.042915,-0.006862,0.002182,0.007081,0.001482,0.029016,0.025446,-0.009381
-0.386156,0.182678,0.022677,0.042915,-0.006862,0.002182,0.007081,0.001482,0.029016,0.025446,-0.009381,-0.006699
-0.385211,0.182678,0.042915,-0.006862,0.002182,0.007081,0.001482,0.029016,0.025446,-0.009381,-0.006699,0.012378
-0.384383,0.18399,-0.006862,0.002182,0.007081,0.001482,0.029016,0.025446,-0.009381,-0.006699,0.012378,0.035746
-0.384688,0.18399,0.002182,0.007081,0.001482,0.029016,0.025446,-0.009381,-0.006699,0.012378,0.035746,-0.01965
-0.384905,0.18399,0.007081,0.001482,0.029016,0.025446,-0.009381,-0.006699,0.012378,0.035746,-0.01965,0.000483
-0.384503,0.18399,0.001482,0.029016,0.025446,-0.009381,-0.006699,0.012378,0.035746,-0.01965,0.000483,0.007561
-0.383342,0.18399,0.029016,0.025446,-0.009381,-0.006699,0.012378,0.035746,-0.01965,0.000483,0.007561,-0.005897
-0.38398,0.18399,0.025446,-0.009381,-0.006699,0.012378,0.035746,-0.01965,0.000483,0.007561,-0.005897,0.011303
-0.383965,0.18399,-0.009381,-0.006699,0.012378,0.035746,-0.01965,0.000483,0.007561,-0.005897,0.011303,0.018002
-0.38372,0.18399,-0.006699,0.012378,0.035746,-0.01965,0.000483,0.007561,-0.005897,0.011303,0.018002,-0.011222
-0.383911,0.18399,0.012378,0.035746,-0.01965,0.000483,0.007561,-0.005897,0.011303,0.018002,-0.011222,-0.016625
-0.383544,0.18399,0.035746,-0.01965,0.000483,0.007561,-0.005897,0.011303,0.018002,-0.011222,-0.016625,0.001424
-0.382959,0.18399,-0.01965,0.000483,0.007561,-0.005897,0.011303,0.018002,-0.011222,-0.016625,0.001424,0.02191
-0.383323,0.18335,0.000483,0.007561,-0.005897,0.011303,0.018002,-0.011222,-0.016625,0.001424,0.02191,-0.018206
-0.383862,0.18335,0.007561,-0.005897,0.011303,0.018002,-0.011222,-0.016625,0.001424,0.02191,-0.018206,0.000128
-0.383816,0.18335,-0.005897,0.011303,0.018002,-0.011222,-0.016625,0.001424,0.02191,-0.018206,0.000128,0.004639
-0.383105,0.18335,0.011303,0.018002,-0.011222,-0.016625,0.001424,0.02191,-0.018206,0.000128,0.004639,-0.012125
-0.383696,0.18335,0.018002,-0.011222,-0.016625,0.001424,0.02191,-0.018206,0.000128,0.004639,-0.012125,0.015321
-0.383692,0.182312,-0.011222,-0.016625,0.001424,0.02191,-0.018206,0.000128,0.004639,-0.012125,0.015321,0.013617
-0.383541,0.182312,-0.016625,0.001424,0.02191,-0.018206,0.000128,0.004639,-0.012125,0.015321,0.013617,-0.021115
-0.383935,0.182312,0.001424,0.02191,-0.018206,0.000128,0.004639,-0.012125,0.015321,0.013617,-0.021115,-0.025369
-0.383437,0.182312,0.02191,-0.018206,0.000128,0.004639,-0.012125,0.015321,0.013617,-0.021115,-0.025369,-0.028757
-0.382995,0.182312,-0.018206,0.000128,0.004639,-0.012125,0.015321,0.013617,-0.021115,-0.025369,-0.028757,-0.11397
-0.38368,0.182312,0.000128,0.004639,-0.012125,0.015321,0.013617,-0.021115,-0.025369,-0.028757,-0.11397,-0.030603
-0.384503,0.182312,0.004639,-0.012125,0.015321,0.013617,-0.021115,-0.025369,-0.028757,-0.11397,-0.030603,0.013009
-0.385437,0.182312,-0.012125,0.015321,0.013617,-0.021115,-0.025369,-0.028757,-0.11397,-0.030603,0.013009,0.014419
-0.38916,0.182312,0.015321,0.013617,-0.021115,-0.025369,-0.028757,-0.11397,-0.030603,0.013009,0.014419,0.001197
-0.390164,0.182312,0.013617,-0.021115,-0.025369,-0.028757,-0.11397,-0.030603,0.013009,0.014419,0.001197,0.021598
-0.389738,0.182037,-0.021115,-0.025369,-0.028757,-0.11397,-0.030603,0.013009,0.014419,0.001197,0.021598,0.016707
-0.389266,0.182037,-0.025369,-0.028757,-0.11397,-0.030603,0.013009,0.014419,0.001197,0.021598,0.016707,-0.027587
-0.389226,0.182037,-0.028757,-0.11397,-0.030603,0.013009,0.014419,0.001197,0.021598,0.016707,-0.027587,-0.006251
-0.388519,0.182037,-0.11397,-0.030603,0.013009,0.014419,0.001197,0.021598,0.016707,-0.027587,-0.006251,0.022981
-0.387972,0.182037,-0.030603,0.013009,0.014419,0.001197,0.021598,0.016707,-0.027587,-0.006251,0.022981,0.039937
-0.388874,0.182159,0.013009,0.014419,0.001197,0.021598,0.016707,-0.027587,-0.006251,0.022981,0.039937,-0.024422
-0.389079,0.182159,0.014419,0.001197,0.021598,0.016707,-0.027587,-0.006251,0.022981,0.039937,-0.024422,0.005348
-0.388327,0.182159,0.001197,0.021598,0.016707,-0.027587,-0.006251,0.022981,0.039937,-0.024422,0.005348,0.012068
-0.387022,0.182159,0.021598,0.016707,-0.027587,-0.006251,0.022981,0.039937,-0.024422,0.005348,0.012068,-0.002451
-0.38782,0.182159,0.016707,-0.027587,-0.006251,0.022981,0.039937,-0.024422,0.005348,0.012068,-0.002451,0.020268
-0.387646,0.182159,-0.027587,-0.006251,0.022981,0.039937,-0.024422,0.005348,0.012068,-0.002451,0.020268,0.016915
-0.387252,0.182159,-0.006251,0.022981,0.039937,-0.024422,0.005348,0.012068,-0.002451,0.020268,0.016915,-0.017311
-0.387332,0.182159,0.022981,0.039937,-0.024422,0.005348,0.012068,-0.002451,0.020268,0.016915,-0.017311,0.000204
-0.38667,0.182159,0.039937,-0.024422,0.005348,0.012068,-0.002451,0.020268,0.016915,-0.017311,0.000204,0.018112
-0.386118,0.182159,-0.024422,0.005348,0.012068,-0.002451,0.020268,0.016915,-0.017311,0.000204,0.018112,0.03156
-0.386682,0.183472,0.005348,0.012068,-0.002451,0.020268,0.016915,-0.017311,0.000204,0.018112,0.03156,-0.060991
-0.386676,0.183472,0.012068,-0.002451,0.020268,0.016915,-0.017311,0.000204,0.018112,0.03156,-0.060991,-0.107837
-0.386086,0.183472,-0.002451,0.020268,0.016915,-0.017311,0.000204,0.018112,0.03156,-0.060991,-0.107837,-0.010819
-0.385058,0.183472,0.020268,0.016915,-0.017311,0.000204,0.018112,0.03156,-0.060991,-0.107837,-0.010819,0.02106
-0.387047,0.183472,0.016915,-0.017311,0.000204,0.018112,0.03156,-0.060991,-0.107837,-0.010819,0.02106,0.040012
-0.390575,0.183227,-0.017311,0.000204,0.018112,0.03156,-0.060991,-0.107837,-0.010819,0.02106,0.040012,0.031671
-0.39093,0.183227,0.000204,0.018112,0.03156,-0.060991,-0.107837,-0.010819,0.02106,0.040012,0.031671,-0.020808
-0.390239,0.183227,0.018112,0.03156,-0.060991,-0.107837,-0.010819,0.02106,0.040012,0.031671,-0.020808,-0.002681
-0.388927,0.183227,0.03156,-0.060991,-0.107837,-0.010819,0.02106,0.040012,0.031671,-0.020808,-0.002681,0.014059
-0.387891,0.183227,-0.060991,-0.107837,-0.010819,0.02106,0.040012,0.031671,-0.020808,-0.002681,0.014059,0.036723
-0.388571,0.183227,-0.107837,-0.010819,0.02106,0.040012,0.031671,-0.020808,-0.002681,0.014059,0.036723,-0.014393
-0.388658,0.183227,-0.010819,0.02106,0.040012,0.031671,-0.020808,-0.002681,0.014059,0.036723,-0.014393,-0.023341
-0.388199,0.183227,0.02106,0.040012,0.031671,-0.020808,-0.002681,0.014059,0.036723,-0.014393,-0.023341,-0.146836
-0.386999,0.183227,0.040012,0.031671,-0.020808,-0.002681,0.014059,0.036723,-0.014393,-0.023341,-0.146836,-0.136328
-0.387469,0.183227,0.031671,-0.020808,-0.002681,0.014059,0.036723,-0.014393,-0.023341,-0.146836,-0.136328,0.016678
-0.388231,0.184113,-0.020808,-0.002681,0.014059,0.036723,-0.014393,-0.023341,-0.146836,-0.136328,0.016678,0.003099
-0.393046,0.184113,-0.002681,0.014059,0.036723,-0.014393,-0.023341,-0.146836,-0.136328,0.016678,0.003099,-0.101754
-0.397552,0.184113,0.014059,0.036723,-0.014393,-0.023341,-0.146836,-0.136328,0.016678,0.003099,-0.101754,-0.0222
-0.396999,0.184113,0.036723,-0.014393,-0.023341,-0.146836,-0.136328,0.016678,0.003099,-0.101754,-0.0222,0.048045
-0.396896,0.184113,-0.014393,-0.023341,-0.146836,-0.136328,0.016678,0.003099,-0.101754,-0.0222,0.048045,0.060119
-0.400279,0.184387,-0.023341,-0.146836,-0.136328,0.016678,0.003099,-0.101754,-0.0222,0.048045,0.060119,0.001372
-0.401019,0.184387,-0.146836,-0.136328,0.016678,0.003099,-0.101754,-0.0222,0.048045,0.060119,0.001372,0.032544
-0.399418,0.184387,-0.136328,0.016678,0.003099,-0.101754,-0.0222,0.048045,0.060119,0.001372,0.032544,0.053034
-0.397418,0.184387,0.016678,0.003099,-0.101754,-0.0222,0.048045,0.060119,0.001372,0.032544,0.053034,0.024978
-0.397373,0.184387,0.003099,-0.101754,-0.0222,0.048045,0.060119,0.001372,0.032544,0.053034,0.024978,0.023084
-0.396294,0.184387,-0.101754,-0.0222,0.048045,0.060119,0.001372,0.032544,0.053034,0.024978,0.023084,0.038301
-0.394541,0.184387,-0.0222,0.048045,0.060119,0.001372,0.032544,0.053034,0.024978,0.023084,0.038301,0.026978
-0.393717,0.184387,0.048045,0.060119,0.001372,0.032544,0.053034,0.024978,0.023084,0.038301,0.026978,0.000863
-0.392955,0.184387,0.060119,0.001372,0.032544,0.053034,0.024978,0.023084,0.038301,0.026978,0.000863,0.015751
-0.391693,0.184387,0.001372,0.032544,0.053034,0.024978,0.023084,0.038301,0.026978,0.000863,0.015751,0.053898
-0.390807,0.184662,0.032544,0.053034,0.024978,0.023084,0.038301,0.026978,0.000863,0.015751,0.053898,-0.00008
-0.390779,0.184662,0.053034,0.024978,0.023084,0.038301,0.026978,0.000863,0.015751,0.053898,-0.00008,0.004945
-0.390262,0.184662,0.024978,0.023084,0.038301,0.026978,0.000863,0.015751,0.053898,-0.00008,0.004945,0.028556
-0.388496,0.184662,0.023084,0.038301,0.026978,0.000863,0.015751,0.053898,-0.00008,0.004945,0.028556,0.021315
-0.388498,0.184662,0.038301,0.026978,0.000863,0.015751,0.053898,-0.00008,0.004945,0.028556,0.021315,0.023548
-0.388337,0.184387,0.026978,0.000863,0.015751,0.053898,-0.00008,0.004945,0.028556,0.021315,0.023548,0.023521
-0.387405,0.184387,0.000863,0.015751,0.053898,-0.00008,0.004945,0.028556,0.021315,0.023548,0.023521,0.009525
-0.38671,0.184387,0.015751,0.053898,-0.00008,0.004945,0.028556,0.021315,0.023548,0.023521,0.009525,-0.026324
-0.385942,0.184387,0.053898,-0.00008,0.004945,0.028556,0.021315,0.023548,0.023521,0.009525,-0.026324,-0.115967
-0.385175,0.184387,-0.00008,0.004945,0.028556,0.021315,0.023548,0.023521,0.009525,-0.026324,-0.115967,0.023719
-0.384865,0.184387,0.004945,0.028556,0.021315,0.023548,0.023521,0.009525,-0.026324,-0.115967,0.023719,0.015969
-0.385721,0.184387,0.028556,0.021315,0.023548,0.023521,0.009525,-0.026324,-0.115967,0.023719,0.015969,0.027584
-0.389506,0.184387,0.021315,0.023548,0.023521,0.009525,-0.026324,-0.115967,0.023719,0.015969,0.027584,0.033778
-0.388729,0.184387,0.023548,0.023521,0.009525,-0.026324,-0.115967,0.023719,0.015969,0.027584,0.033778,0.015965
-0.388206,0.184387,0.023521,0.009525,-0.026324,-0.115967,0.023719,0.015969,0.027584,0.033778,0.015965,0.035962
-0.387305,0.183075,0.009525,-0.026324,-0.115967,0.023719,0.015969,0.027584,0.033778,0.015965,0.035962,0.033961
-0.386205,0.183075,-0.026324,-0.115967,0.023719,0.015969,0.027584,0.033778,0.015965,0.035962,0.033961,0.002339
-0.385685,0.183075,-0.115967,0.023719,0.015969,0.027584,0.033778,0.015965,0.035962,0.033961,0.002339,0.006857
-0.384515,0.183075,0.023719,0.015969,0.027584,0.033778,0.015965,0.035962,0.033961,0.002339,0.006857,0.02421
-0.383411,0.183075,0.015969,0.027584,0.033778,0.015965,0.035962,0.033961,0.002339,0.006857,0.02421,0.034911
-0.383335,0.182678,0.027584,0.033778,0.015965,0.035962,0.033961,0.002339,0.006857,0.02421,0.034911,-0.004664
-0.383113,0.182678,0.033778,0.015965,0.035962,0.033961,0.002339,0.006857,0.02421,0.034911,-0.004664,0.004297
-0.382329,0.182678,0.015965,0.035962,0.033961,0.002339,0.006857,0.02421,0.034911,-0.004664,0.004297,0.003982
-0.381199,0.182678,0.035962,0.033961,0.002339,0.006857,0.02421,0.034911,-0.004664,0.004297,0.003982,-0.037091
-0.38135,0.182678,0.033961,0.002339,0.006857,0.02421,0.034911,-0.004664,0.004297,0.003982,-0.037091,-0.114079
-0.381211,0.182678,0.002339,0.006857,0.02421,0.034911,-0.004664,0.004297,0.003982,-0.037091,-0.114079,0.001801
-0.381082,0.182678,0.006857,0.02421,0.034911,-0.004664,0.004297,0.003982,-0.037091,-0.114079,0.001801,-0.006838
-0.382281,0.182678,0.02421,0.034911,-0.004664,0.004297,0.003982,-0.037091,-0.114079,0.001801,-0.006838,-0.00522
-0.385989,0.182678,0.034911,-0.004664,0.004297,0.003982,-0.037091,-0.114079,0.001801,-0.006838,-0.00522,0.028651
-0.38593,0.182678,-0.004664,0.004297,0.003982,-0.037091,-0.114079,0.001801,-0.006838,-0.00522,0.028651,0.039277
-0.386153,0.182678,0.004297,0.003982,-0.037091,-0.114079,0.001801,-0.006838,-0.00522,0.028651,0.039277,-0.018508
-0.386323,0.182556,0.003982,-0.037091,-0.114079,0.001801,-0.006838,-0.00522,0.028651,0.039277,-0.018508,0.005553
-0.38539,0.182556,-0.037091,-0.114079,0.001801,-0.006838,-0.00522,0.028651,0.039277,-0.018508,0.005553,0.015946
-0.384112,0.182556,-0.114079,0.001801,-0.006838,-0.00522,0.028651,0.039277,-0.018508,0.005553,0.015946,0.004352
-0.384714,0.182556,0.001801,-0.006838,-0.00522,0.028651,0.039277,-0.018508,0.005553,0.015946,0.004352,0.028496
-0.384534,0.18335,-0.006838,-0.00522,0.028651,0.039277,-0.018508,0.005553,0.015946,0.004352,0.028496,0.01403
-0.384016,0.18335,-0.00522,0.028651,0.039277,-0.018508,0.005553,0.015946,0.004352,0.028496,0.01403,-0.014169
-0.383875,0.18335,0.028651,0.039277,-0.018508,0.005553,0.015946,0.004352,0.028496,0.01403,-0.014169,-0.005268
-0.38295,0.18335,0.039277,-0.018508,0.005553,0.015946,0.004352,0.028496,0.01403,-0.014169,-0.005268,0.001775
-0.382495,0.18335,-0.018508,0.005553,0.015946,0.004352,0.028496,0.01403,-0.014169,-0.005268,0.001775,0.022318
-0.382954,0.18335,0.005553,0.015946,0.004352,0.028496,0.01403,-0.014169,-0.005268,0.001775,0.022318,-0.021547
-0.383125,0.18335,0.015946,0.004352,0.028496,0.01403,-0.014169,-0.005268,0.001775,0.022318,-0.021547,0.000154
-0.383067,0.18335,0.004352,0.028496,0.01403,-0.014169,-0.005268,0.001775,0.022318,-0.021547,0.000154,0.01092
-0.382344,0.18335,0.028496,0.01403,-0.014169,-0.005268,0.001775,0.022318,-0.021547,0.000154,0.01092,-0.005592
-0.383043,0.18335,0.01403,-0.014169,-0.005268,0.001775,0.022318,-0.021547,0.000154,0.01092,-0.005592,0.015714
-0.383038,0.18335,-0.014169,-0.005268,0.001775,0.022318,-0.021547,0.000154,0.01092,-0.005592,0.015714,0.025522
-0.382684,0.183227,-0.005268,0.001775,0.022318,-0.021547,0.000154,0.01092,-0.005592,0.015714,0.025522,-0.010135
-0.382865,0.183227,0.001775,0.022318,-0.021547,0.000154,0.01092,-0.005592,0.015714,0.025522,-0.010135,-0.048003
-0.382356,0.183227,0.022318,-0.021547,0.000154,0.01092,-0.005592,0.015714,0.025522,-0.010135,-0.048003,-0.125976
-0.381529,0.183227,-0.021547,0.000154,0.01092,-0.005592,0.015714,0.025522,-0.010135,-0.048003,-0.125976,0.015229
-0.381857,0.183227,0.000154,0.01092,-0.005592,0.015714,0.025522,-0.010135,-0.048003,-0.125976,0.015229,-0.003628
-0.38341,0.182556,0.01092,-0.005592,0.015714,0.025522,-0.010135,-0.048003,-0.125976,0.015229,-0.003628,0.002871
-0.387508,0.182556,-0.005592,0.015714,0.025522,-0.010135,-0.048003,-0.125976,0.015229,-0.003628,0.002871,0.009944
-0.38701,0.182556,0.015714,0.025522,-0.010135,-0.048003,-0.125976,0.015229,-0.003628,0.002871,0.009944,-0.024789
-0.387129,0.182556,0.025522,-0.010135,-0.048003,-0.125976,0.015229,-0.003628,0.002871,0.009944,-0.024789,-0.10744
-0.387035,0.182556,-0.010135,-0.048003,-0.125976,0.015229,-0.003628,0.002871,0.009944,-0.024789,-0.10744,0.001961
-0.386711,0.182556,-0.048003,-0.125976,0.015229,-0.003628,0.002871,0.009944,-0.024789,-0.10744,0.001961,0.000195
-0.38752,0.182556,-0.125976,0.015229,-0.003628,0.002871,0.009944,-0.024789,-0.10744,0.001961,0.000195,0.001569
-0.391041,0.182556,0.015229,-0.003628,0.002871,0.009944,-0.024789,-0.10744,0.001961,0.000195,0.001569,0.029929
-0.390976,0.182556,-0.003628,0.002871,0.009944,-0.024789,-0.10744,0.001961,0.000195,0.001569,0.029929,0.037207
-0.39097,0.182556,0.002871,0.009944,-0.024789,-0.10744,0.001961,0.000195,0.001569,0.029929,0.037207,-0.007208
-0.390918,0.184387,0.009944,-0.024789,-0.10744,0.001961,0.000195,0.001569,0.029929,0.037207,-0.007208,-0.024298
-0.389937,0.184387,-0.024789,-0.10744,0.001961,0.000195,0.001569,0.029929,0.037207,-0.007208,-0.024298,-0.107072
-0.388717,0.184387,-0.10744,0.001961,0.000195,0.001569,0.029929,0.037207,-0.007208,-0.024298,-0.107072,-0.01266
-0.388954,0.184387,0.001961,0.000195,0.001569,0.029929,0.037207,-0.007208,-0.024298,-0.107072,-0.01266,0.051057
-0.389749,0.184387,0.000195,0.001569,0.029929,0.037207,-0.007208,-0.024298,-0.107072,-0.01266,0.051057,0.032515
-0.393265,0.184113,0.001569,0.029929,0.037207,-0.007208,-0.024298,-0.107072,-0.01266,0.051057,0.032515,-0.003689
-0.393682,0.184113,0.029929,0.037207,-0.007208,-0.024298,-0.107072,-0.01266,0.051057,0.032515,-0.003689,-0.025252
-0.391999,0.184113,0.037207,-0.007208,-0.024298,-0.107072,-0.01266,0.051057,0.032515,-0.003689,-0.025252,-0.140238
-0.39093,0.184113,-0.007208,-0.024298,-0.107072,-0.01266,0.051057,0.032515,-0.003689,-0.025252,-0.140238,-0.111129
-0.391051,0.184113,-0.024298,-0.107072,-0.01266,0.051057,0.032515,-0.003689,-0.025252,-0.140238,-0.111129,0.009695
-0.39188,0.184113,-0.107072,-0.01266,0.051057,0.032515,-0.003689,-0.025252,-0.140238,-0.111129,0.009695,0.050763
-0.396507,0.184113,-0.01266,0.051057,0.032515,-0.003689,-0.025252,-0.140238,-0.111129,0.009695,0.050763,0.00417
-0.400204,0.184113,0.051057,0.032515,-0.003689,-0.025252,-0.140238,-0.111129,0.009695,0.050763,0.00417,-0.106098
-0.39988,0.184113,0.032515,-0.003689,-0.025252,-0.140238,-0.111129,0.009695,0.050763,0.00417,-0.106098,0.01218
-0.398191,0.184113,-0.003689,-0.025252,-0.140238,-0.111129,0.009695,0.050763,0.00417,-0.106098,0.01218,0.015663
-0.398053,0.185181,-0.025252,-0.140238,-0.111129,0.009695,0.050763,0.00417,-0.106098,0.01218,0.015663,-0.126108
-0.401586,0.185181,-0.140238,-0.111129,0.009695,0.050763,0.00417,-0.106098,0.01218,0.015663,-0.126108,-0.116975
-0.401179,0.185181,-0.111129,0.009695,0.050763,0.00417,-0.106098,0.01218,0.015663,-0.126108,-0.116975,0.057179
-0.400655,0.185181,0.009695,0.050763,0.00417,-0.106098,0.01218,0.015663,-0.126108,-0.116975,0.057179,0.101779
-0.404878,0.185181,0.050763,0.00417,-0.106098,0.01218,0.015663,-0.126108,-0.116975,0.057179,0.101779,0.020401
-0.408818,0.183746,0.00417,-0.106098,0.01218,0.015663,-0.126108,-0.116975,0.057179,0.101779,0.020401,0.023436
-0.406888,0.183746,-0.106098,0.01218,0.015663,-0.126108,-0.116975,0.057179,0.101779,0.020401,0.023436,0.050131
-0.403464,0.183746,0.01218,0.015663,-0.126108,-0.116975,0.057179,0.101779,0.020401,0.023436,0.050131,0.046492
-0.40278,0.183746,0.015663,-0.126108,-0.116975,0.057179,0.101779,0.020401,0.023436,0.050131,0.046492,0.038078
-0.401995,0.183746,-0.126108,-0.116975,0.057179,0.101779,0.020401,0.023436,0.050131,0.046492,0.038078,0.041087
-0.400323,0.183746,-0.116975,0.057179,0.101779,0.020401,0.023436,0.050131,0.046492,0.038078,0.041087,0.039028
-0.398775,0.183746,0.057179,0.101779,0.020401,0.023436,0.050131,0.046492,0.038078,0.041087,0.039028,-0.000932
-0.397509,0.183746,0.101779,0.020401,0.023436,0.050131,0.046492,0.038078,0.041087,0.039028,-0.000932,-0.114336
-0.396145,0.183746,0.020401,0.023436,0.050131,0.046492,0.038078,0.041087,0.039028,-0.000932,-0.114336,0.02412
-0.394854,0.183746,0.023436,0.050131,0.046492,0.038078,0.041087,0.039028,-0.000932,-0.114336,0.02412,0.026276
-0.394885,0.185028,0.050131,0.046492,0.038078,0.041087,0.039028,-0.000932,-0.114336,0.02412,0.026276,0.034346
-0.398673,0.185028,0.046492,0.038078,0.041087,0.039028,-0.000932,-0.114336,0.02412,0.026276,0.034346,0.042365
-0.397871,0.185028,0.038078,0.041087,0.039028,-0.000932,-0.114336,0.02412,0.026276,0.034346,0.042365,0.031612
-0.396998,0.185028,0.041087,0.039028,-0.000932,-0.114336,0.02412,0.026276,0.034346,0.042365,0.031612,0.051813
-0.39586,0.18399,0.039028,-0.000932,-0.114336,0.02412,0.026276,0.034346,0.042365,0.031612,0.051813,0.043876
-0.394461,0.18399,-0.000932,-0.114336,0.02412,0.026276,0.034346,0.042365,0.031612,0.051813,0.043876,0.006606
-0.393418,0.18399,-0.114336,0.02412,0.026276,0.034346,0.042365,0.031612,0.051813,0.043876,0.006606,0.005497
-0.391711,0.18399,0.02412,0.026276,0.034346,0.042365,0.031612,0.051813,0.043876,0.006606,0.005497,0.044699
-0.390269,0.18399,0.026276,0.034346,0.042365,0.031612,0.051813,0.043876,0.006606,0.005497,0.044699,0.06078
-0.390052,0.18399,0.034346,0.042365,0.031612,0.051813,0.043876,0.006606,0.005497,0.044699,0.06078,-0.0424
-0.389872,0.18399,0.042365,0.031612,0.051813,0.043876,0.006606,0.005497,0.044699,0.06078,-0.0424,-0.103585
-0.388409,0.18399,0.031612,0.051813,0.043876,0.006606,0.005497,0.044699,0.06078,-0.0424,-0.103585,0.004746
-0.386424,0.18399,0.051813,0.043876,0.006606,0.005497,0.044699,0.06078,-0.0424,-0.103585,0.004746,0.03879
-0.387809,0.18399,0.043876,0.006606,0.005497,0.044699,0.06078,-0.0424,-0.103585,0.004746,0.03879,0.050787
-0.391202,0.18335,0.006606,0.005497,0.044699,0.06078,-0.0424,-0.103585,0.004746,0.03879,0.050787,0.032543
-0.391046,0.18335,0.005497,0.044699,0.06078,-0.0424,-0.103585,0.004746,0.03879,0.050787,0.032543,0.011889
-0.389774,0.18335,0.044699,0.06078,-0.0424,-0.103585,0.004746,0.03879,0.050787,0.032543,0.011889,-0.010263
-0.388111,0.18335,0.06078,-0.0424,-0.103585,0.004746,0.03879,0.050787,0.032543,0.011889,-0.010263,-0.104949
-0.387047,0.18335,-0.0424,-0.103585,0.004746,0.03879,0.050787,0.032543,0.011889,-0.010263,-0.104949,0.028976
-0.386659,0.182831,-0.103585,0.004746,0.03879,0.050787,0.032543,0.011889,-0.010263,-0.104949,0.028976,0.025507
-0.386993,0.182831,0.004746,0.03879,0.050787,0.032543,0.011889,-0.010263,-0.104949,0.028976,0.025507,0.048002
-0.390425,0.182831,0.03879,0.050787,0.032543,0.011889,-0.010263,-0.104949,0.028976,0.025507,0.048002,0.034908
-0.389474,0.182831,0.050787,0.032543,0.011889,-0.010263,-0.104949,0.028976,0.025507,0.048002,0.034908,0.011622
-0.388639,0.182831,0.032543,0.011889,-0.010263,-0.104949,0.028976,0.025507,0.048002,0.034908,0.011622,0.034888
-0.38707,0.182831,0.011889,-0.010263,-0.104949,0.028976,0.025507,0.048002,0.034908,0.011622,0.034888,0.038737
-0.385934,0.182831,-0.010263,-0.104949,0.028976,0.025507,0.048002,0.034908,0.011622,0.034888,0.038737,0.0097
-0.385555,0.182831,-0.104949,0.028976,0.025507,0.048002,0.034908,0.011622,0.034888,0.038737,0.0097,0.005772
-0.38442,0.182831,0.028976,0.025507,0.048002,0.034908,0.011622,0.034888,0.038737,0.0097,0.005772,0.023142
-0.383161,0.182831,0.025507,0.048002,0.034908,0.011622,0.034888,0.038737,0.0097,0.005772,0.023142,0.032739
-0.382847,0.181396,0.048002,0.034908,0.011622,0.034888,0.038737,0.0097,0.005772,0.023142,0.032739,-0.008358
-0.38266,0.181396,0.034908,0.011622,0.034888,0.038737,0.0097,0.005772,0.023142,0.032739,-0.008358,0.001342
-0.381911,0.181396,0.011622,0.034888,0.038737,0.0097,0.005772,0.023142,0.032739,-0.008358,0.001342,-0.036374
-0.380852,0.181396,0.034888,0.038737,0.0097,0.005772,0.023142,0.032739,-0.008358,0.001342,-0.036374,-0.125997
-0.381123,0.181396,0.038737,0.0097,0.005772,0.023142,0.032739,-0.008358,0.001342,-0.036374,-0.125997,-0.007812
-0.381079,0.180878,0.0097,0.005772,0.023142,0.032739,-0.008358,0.001342,-0.036374,-0.125997,-0.007812,0.046962
-0.382255,0.180878,0.005772,0.023142,0.032739,-0.008358,0.001342,-0.036374,-0.125997,-0.007812,0.046962,-0.000292
-0.386345,0.180878,0.023142,0.032739,-0.008358,0.001342,-0.036374,-0.125997,-0.007812,0.046962,-0.000292,-0.007418
-0.3866,0.180878,0.032739,-0.008358,0.001342,-0.036374,-0.125997,-0.007812,0.046962,-0.000292,-0.007418,-0.013053
-0.385069,0.180878,-0.008358,0.001342,-0.036374,-0.125997,-0.007812,0.046962,-0.000292,-0.007418,-0.013053,-0.105975
-0.385078,0.180878,0.001342,-0.036374,-0.125997,-0.007812,0.046962,-0.000292,-0.007418,-0.013053,-0.105975,-0.028122
-0.385319,0.180878,-0.036374,-0.125997,-0.007812,0.046962,-0.000292,-0.007418,-0.013053,-0.105975,-0.028122,0.01657
-0.385744,0.180878,-0.125997,-0.007812,0.046962,-0.000292,-0.007418,-0.013053,-0.105975,-0.028122,0.01657,0.026221
-0.389207,0.180878,-0.007812,0.046962,-0.000292,-0.007418,-0.013053,-0.105975,-0.028122,0.01657,0.026221,0.020502
-0.390129,0.180878,0.046962,-0.000292,-0.007418,-0.013053,-0.105975,-0.028122,0.01657,0.026221,0.020502,-0.014083
-0.389586,0.180878,-0.000292,-0.007418,-0.013053,-0.105975,-0.028122,0.01657,0.026221,0.020502,-0.014083,-0.114586
-0.388728,0.181519,-0.007418,-0.013053,-0.105975,-0.028122,0.01657,0.026221,0.020502,-0.014083,-0.114586,-0.034162
-0.388058,0.181519,-0.013053,-0.105975,-0.028122,0.01657,0.026221,0.020502,-0.014083,-0.114586,-0.034162,0.015172
-0.388519,0.181519,-0.105975,-0.028122,0.01657,0.026221,0.020502,-0.014083,-0.114586,-0.034162,0.015172,0.02794
-0.392282,0.181519,-0.028122,0.01657,0.026221,0.020502,-0.014083,-0.114586,-0.034162,0.015172,0.02794,0.048931
-0.393408,0.182037,0.01657,0.026221,0.020502,-0.014083,-0.114586,-0.034162,0.015172,0.02794,0.048931,-0.007553
-0.392908,0.182037,0.026221,0.020502,-0.014083,-0.114586,-0.034162,0.015172,0.02794,0.048931,-0.007553,0.014736
-0.391989,0.182037,0.020502,-0.014083,-0.114586,-0.034162,0.015172,0.02794,0.048931,-0.007553,0.014736,0.017234
-0.39038,0.182037,-0.014083,-0.114586,-0.034162,0.015172,0.02794,0.048931,-0.007553,0.014736,0.017234,0.002628
-0.390628,0.182037,-0.114586,-0.034162,0.015172,0.02794,0.048931,-0.007553,0.014736,0.017234,0.002628,0.02265
-0.390145,0.182037,-0.034162,0.015172,0.02794,0.048931,-0.007553,0.014736,0.017234,0.002628,0.02265,-0.003292
-0.389581,0.182037,0.015172,0.02794,0.048931,-0.007553,0.014736,0.017234,0.002628,0.02265,-0.003292,-0.152047
-0.389495,0.182037,0.02794,0.048931,-0.007553,0.014736,0.017234,0.002628,0.02265,-0.003292,-0.152047,-0.158547
-0.388752,0.182037,0.048931,-0.007553,0.014736,0.017234,0.002628,0.02265,-0.003292,-0.152047,-0.158547,0.018428
-0.38886,0.182037,-0.007553,0.014736,0.017234,0.002628,0.02265,-0.003292,-0.152047,-0.158547,0.018428,0.071329
-0.393856,0.183227,0.014736,0.017234,0.002628,0.02265,-0.003292,-0.152047,-0.158547,0.018428,0.071329,0.015181
-0.399105,0.183227,0.017234,0.002628,0.02265,-0.003292,-0.152047,-0.158547,0.018428,0.071329,0.015181,0.012452
-0.398492,0.183227,0.002628,0.02265,-0.003292,-0.152047,-0.158547,0.018428,0.071329,0.015181,0.012452,0.025792
-0.396124,0.183227,0.02265,-0.003292,-0.152047,-0.158547,0.018428,0.071329,0.015181,0.012452,0.025792,0.02116
-0.395621,0.183227,-0.003292,-0.152047,-0.158547,0.018428,0.071329,0.015181,0.012452,0.025792,0.02116,0.034962
-0.395209,0.183227,-0.152047,-0.158547,0.018428,0.071329,0.015181,0.012452,0.025792,0.02116,0.034962,0.038397
-0.394357,0.183227,-0.158547,0.018428,0.071329,0.015181,0.012452,0.025792,0.02116,0.034962,0.038397,-0.029733
-0.393659,0.183227,0.018428,0.071329,0.015181,0.012452,0.025792,0.02116,0.034962,0.038397,-0.029733,-0.119612
-0.392507,0.183227,0.071329,0.015181,0.012452,0.025792,0.02116,0.034962,0.038397,-0.029733,-0.119612,-0.014452
-0.391242,0.183227,0.015181,0.012452,0.025792,0.02116,0.034962,0.038397,-0.029733,-0.119612,-0.014452,0.06359
-0.39222,0.183227,0.012452,0.025792,0.02116,0.034962,0.038397,-0.029733,-0.119612,-0.014452,0.06359,0.009102
-0.396165,0.183227,0.025792,0.02116,0.034962,0.038397,-0.029733,-0.119612,-0.014452,0.06359,0.009102,0.020959
-0.396644,0.183227,0.02116,0.034962,0.038397,-0.029733,-0.119612,-0.014452,0.06359,0.009102,0.020959,0.031987
-0.394538,0.183227,0.034962,0.038397,-0.029733,-0.119612,-0.014452,0.06359,0.009102,0.020959,0.031987,0.025872
-0.394237,0.183227,0.038397,-0.029733,-0.119612,-0.014452,0.06359,0.009102,0.020959,0.031987,0.025872,0.037686
-0.393546,0.18399,-0.029733,-0.119612,-0.014452,0.06359,0.009102,0.020959,0.031987,0.025872,0.037686,0.037085
-0.392493,0.18399,-0.119612,-0.014452,0.06359,0.009102,0.020959,0.031987,0.025872,0.037686,0.037085,0.001692
-0.391642,0.18399,-0.014452,0.06359,0.009102,0.020959,0.031987,0.025872,0.037686,0.037085,0.001692,0.014827
-0.390403,0.18399,0.06359,0.009102,0.020959,0.031987,0.025872,0.037686,0.037085,0.001692,0.014827,0.02517
-0.389187,0.184113,0.009102,0.020959,0.031987,0.025872,0.037686,0.037085,0.001692,0.014827,0.02517,0.001612
-0.389131,0.184113,0.020959,0.031987,0.025872,0.037686,0.037085,0.001692,0.014827,0.02517,0.001612,-0.1192
-0.388647,0.184113,0.031987,0.025872,0.037686,0.037085,0.001692,0.014827,0.02517,0.001612,-0.1192,-0.007926
-0.387824,0.184113,0.025872,0.037686,0.037085,0.001692,0.014827,0.02517,0.001612,-0.1192,-0.007926,0.046429
-0.387772,0.184113,0.037686,0.037085,0.001692,0.014827,0.02517,0.001612,-0.1192,-0.007926,0.046429,-0.014693
-0.391682,0.184113,0.037085,0.001692,0.014827,0.02517,0.001612,-0.1192,-0.007926,0.046429,-0.014693,-0.095812
-0.391943,0.184113,0.001692,0.014827,0.02517,0.001612,-0.1192,-0.007926,0.046429,-0.014693,-0.095812,0.022014
-0.390419,0.184113,0.014827,0.02517,0.001612,-0.1192,-0.007926,0.046429,-0.014693,-0.095812,0.022014,0.016186
-0.390901,0.184113,0.02517,0.001612,-0.1192,-0.007926,0.046429,-0.014693,-0.095812,0.022014,0.016186,0.022256
-0.394057,0.184113,0.001612,-0.1192,-0.007926,0.046429,-0.014693,-0.095812,0.022014,0.016186,0.022256,0.042163
-0.39333,0.184113,-0.1192,-0.007926,0.046429,-0.014693,-0.095812,0.022014,0.016186,0.022256,0.042163,0.010554
-0.392797,0.185547,-0.007926,0.046429,-0.014693,-0.095812,0.022014,0.016186,0.022256,0.042163,0.010554,-0.112585
-0.392065,0.185547,0.046429,-0.014693,-0.095812,0.022014,0.016186,0.022256,0.042163,0.010554,-0.112585,-0.00584
-0.39068,0.185547,-0.014693,-0.095812,0.022014,0.016186,0.022256,0.042163,0.010554,-0.112585,-0.00584,0.036073
-0.390334,0.185547,-0.095812,0.022014,0.016186,0.022256,0.042163,0.010554,-0.112585,-0.00584,0.036073,0.027925
-0.394042,0.187134,0.022014,0.016186,0.022256,0.042163,0.010554,-0.112585,-0.00584,0.036073,0.027925,0.049255
-0.394235,0.187134,0.016186,0.022256,0.042163,0.010554,-0.112585,-0.00584,0.036073,0.027925,0.049255,0.037419
-0.393046,0.187134,0.022256,0.042163,0.010554,-0.112585,-0.00584,0.036073,0.027925,0.049255,0.037419,0.008819
-0.392127,0.187134,0.042163,0.010554,-0.112585,-0.00584,0.036073,0.027925,0.049255,0.037419,0.008819,0.008754
-0.390508,0.187134,0.010554,-0.112585,-0.00584,0.036073,0.027925,0.049255,0.037419,0.008819,0.008754,0.031623
-0.38928,0.187134,-0.112585,-0.00584,0.036073,0.027925,0.049255,0.037419,0.008819,0.008754,0.031623,0.047963
-0.388991,0.187134,-0.00584,0.036073,0.027925,0.049255,0.037419,0.008819,0.008754,0.031623,0.047963,-0.034205
-0.388705,0.187134,0.036073,0.027925,0.049255,0.037419,0.008819,0.008754,0.031623,0.047963,-0.034205,-0.10138
-0.387672,0.187134,0.027925,0.049255,0.037419,0.008819,0.008754,0.031623,0.047963,-0.034205,-0.10138,-0.003385
-0.386106,0.187134,0.049255,0.037419,0.008819,0.008754,0.031623,0.047963,-0.034205,-0.10138,-0.003385,0.027828
-0.387223,0.187134,0.037419,0.008819,0.008754,0.031623,0.047963,-0.034205,-0.10138,-0.003385,0.027828,0.040086
-0.39054,0.190643,0.008819,0.008754,0.031623,0.047963,-0.034205,-0.10138,-0.003385,0.027828,0.040086,0.041458
-0.390651,0.190643,0.008754,0.031623,0.047963,-0.034205,-0.10138,-0.003385,0.027828,0.040086,0.041458,-0.023731
-0.389739,0.190643,0.031623,0.047963,-0.034205,-0.10138,-0.003385,0.027828,0.040086,0.041458,-0.023731,-0.114405
-0.388426,0.190643,0.047963,-0.034205,-0.10138,-0.003385,0.027828,0.040086,0.041458,-0.023731,-0.114405,0.005484
-0.38707,0.190643,-0.034205,-0.10138,-0.003385,0.027828,0.040086,0.041458,-0.023731,-0.114405,0.005484,0.061452
-0.387845,0.190765,-0.10138,-0.003385,0.027828,0.040086,0.041458,-0.023731,-0.114405,0.005484,0.061452,0.01768
-0.391591,0.190765,-0.003385,0.027828,0.040086,0.041458,-0.023731,-0.114405,0.005484,0.061452,0.01768,0.028196
-0.391411,0.190765,0.027828,0.040086,0.041458,-0.023731,-0.114405,0.005484,0.061452,0.01768,0.028196,0.029344
-0.389393,0.190765,0.040086,0.041458,-0.023731,-0.114405,0.005484,0.061452,0.01768,0.028196,0.029344,0.022075
-0.388814,0.190765,0.041458,-0.023731,-0.114405,0.005484,0.061452,0.01768,0.028196,0.029344,0.022075,0.033721
-0.387892,0.190765,-0.023731,-0.114405,0.005484,0.061452,0.01768,0.028196,0.029344,0.022075,0.033721,0.023641
-0.386935,0.190765,-0.114405,0.005484,0.061452,0.01768,0.028196,0.029344,0.022075,0.033721,0.023641,-0.051148
-0.386215,0.190765,0.005484,0.061452,0.01768,0.028196,0.029344,0.022075,0.033721,0.023641,-0.051148,-0.124303
-0.385117,0.190765,0.061452,0.01768,0.028196,0.029344,0.022075,0.033721,0.023641,-0.051148,-0.124303,-0.000201
-0.384348,0.190765,0.01768,0.028196,0.029344,0.022075,0.033721,0.023641,-0.051148,-0.124303,-0.000201,0.060363
-0.386011,0.190765,0.028196,0.029344,0.022075,0.033721,0.023641,-0.051148,-0.124303,-0.000201,0.060363,0.004581
-0.39007,0.190247,0.029344,0.022075,0.033721,0.023641,-0.051148,-0.124303,-0.000201,0.060363,0.004581,0.02259
-0.390076,0.190247,0.022075,0.033721,0.023641,-0.051148,-0.124303,-0.000201,0.060363,0.004581,0.02259,0.033071
-0.388099,0.190247,0.033721,0.023641,-0.051148,-0.124303,-0.000201,0.060363,0.004581,0.02259,0.033071,0.01488
-0.387949,0.190247,0.023641,-0.051148,-0.124303,-0.000201,0.060363,0.004581,0.02259,0.033071,0.01488,-0.006429
-0.387211,0.190521,-0.051148,-0.124303,-0.000201,0.060363,0.004581,0.02259,0.033071,0.01488,-0.006429,-0.108907
-0.386134,0.190521,-0.124303,-0.000201,0.060363,0.004581,0.02259,0.033071,0.01488,-0.006429,-0.108907,-0.01148
-0.38565,0.190521,-0.000201,0.060363,0.004581,0.02259,0.033071,0.01488,-0.006429,-0.108907,-0.01148,0.039425
-0.385859,0.190521,0.060363,0.004581,0.02259,0.033071,0.01488,-0.006429,-0.108907,-0.01148,0.039425,0.032725
-0.38942,0.190521,0.004581,0.02259,0.033071,0.01488,-0.006429,-0.108907,-0.01148,0.039425,0.032725,0.041511
-0.389796,0.190521,0.02259,0.033071,0.01488,-0.006429,-0.108907,-0.01148,0.039425,0.032725,0.041511,0.000715
-0.388506,0.190521,0.033071,0.01488,-0.006429,-0.108907,-0.01148,0.039425,0.032725,0.041511,0.000715,0.018518
-0.387437,0.190521,0.01488,-0.006429,-0.108907,-0.01148,0.039425,0.032725,0.041511,0.000715,0.018518,0.006399
-0.386083,0.190521,-0.006429,-0.108907,-0.01148,0.039425,0.032725,0.041511,0.000715,0.018518,0.006399,-0.02682
-0.386059,0.190521,-0.108907,-0.01148,0.039425,0.032725,0.041511,0.000715,0.018518,0.006399,-0.02682,-0.086229
-0.385457,0.190521,-0.01148,0.039425,0.032725,0.041511,0.000715,0.018518,0.006399,-0.02682,-0.086229,-0.159621
-0.385249,0.190643,0.039425,0.032725,0.041511,0.000715,0.018518,0.006399,-0.02682,-0.086229,-0.159621,-0.094813
-0.386121,0.190643,0.032725,0.041511,0.000715,0.018518,0.006399,-0.02682,-0.086229,-0.159621,-0.094813,-0.07587
-0.388939,0.190643,0.041511,0.000715,0.018518,0.006399,-0.02682,-0.086229,-0.159621,-0.094813,-0.07587,0.008895
-0.394191,0.190643,0.000715,0.018518,0.006399,-0.02682,-0.086229,-0.159621,-0.094813,-0.07587,0.008895,0.048847
-0.397329,0.190643,0.018518,0.006399,-0.02682,-0.086229,-0.159621,-0.094813,-0.07587,0.008895,0.048847,-0.005454
-0.39985,0.191284,0.006399,-0.02682,-0.086229,-0.159621,-0.094813,-0.07587,0.008895,0.048847,-0.005454,-0.003494
-0.399554,0.191284,-0.02682,-0.086229,-0.159621,-0.094813,-0.07587,0.008895,0.048847,-0.005454,-0.003494,0.013052
-0.397928,0.191284,-0.086229,-0.159621,-0.094813,-0.07587,0.008895,0.048847,-0.005454,-0.003494,0.013052,0.003797
-0.398109,0.191284,-0.159621,-0.094813,-0.07587,0.008895,0.048847,-0.005454,-0.003494,0.013052,0.003797,0.034807
-0.398225,0.191284,-0.094813,-0.07587,0.008895,0.048847,-0.005454,-0.003494,0.013052,0.003797,0.034807,0.031318
-0.397792,0.191284,-0.07587,0.008895,0.048847,-0.005454,-0.003494,0.013052,0.003797,0.034807,0.031318,-0.003438
-0.397666,0.191284,0.008895,0.048847,-0.005454,-0.003494,0.013052,0.003797,0.034807,0.031318,-0.003438,0.000101
-0.39651,0.191284,0.048847,-0.005454,-0.003494,0.013052,0.003797,0.034807,0.031318,-0.003438,0.000101,0.010685
-0.395472,0.191284,-0.005454,-0.003494,0.013052,0.003797,0.034807,0.031318,-0.003438,0.000101,0.010685,0.020562
-0.395586,0.191284,-0.003494,0.013052,0.003797,0.034807,0.031318,-0.003438,0.000101,0.010685,0.020562,-0.002676
-0.395583,0.192596,0.013052,0.003797,0.034807,0.031318,-0.003438,0.000101,0.010685,0.020562,-0.002676,0.005602
-0.39523,0.192596,0.003797,0.034807,0.031318,-0.003438,0.000101,0.010685,0.020562,-0.002676,0.005602,0.006375
-0.394549,0.192596,0.034807,0.031318,-0.003438,0.000101,0.010685,0.020562,-0.002676,0.005602,0.006375,0.003408
-0.394638,0.192596,0.031318,-0.003438,0.000101,0.010685,0.020562,-0.002676,0.005602,0.006375,0.003408,0.028977
-0.394453,0.191162,-0.003438,0.000101,0.010685,0.020562,-0.002676,0.005602,0.006375,0.003408,0.028977,0.027738
-0.394243,0.191162,0.000101,0.010685,0.020562,-0.002676,0.005602,0.006375,0.003408,0.028977,0.027738,-0.015985
-0.39413,0.191162,0.010685,0.020562,-0.002676,0.005602,0.006375,0.003408,0.028977,0.027738,-0.015985,-0.005473
-0.393174,0.191162,0.020562,-0.002676,0.005602,0.006375,0.003408,0.028977,0.027738,-0.015985,-0.005473,0.018454
-0.392259,0.191162,-0.002676,0.005602,0.006375,0.003408,0.028977,0.027738,-0.015985,-0.005473,0.018454,0.038996
-0.392785,0.191162,0.005602,0.006375,0.003408,0.028977,0.027738,-0.015985,-0.005473,0.018454,0.038996,-0.002267
-0.392966,0.191162,0.006375,0.003408,0.028977,0.027738,-0.015985,-0.005473,0.018454,0.038996,-0.002267,-0.000166
-0.392358,0.191162,0.003408,0.028977,0.027738,-0.015985,-0.005473,0.018454,0.038996,-0.002267,-0.000166,0.01147
-0.391075,0.191162,0.028977,0.027738,-0.015985,-0.005473,0.018454,0.038996,-0.002267,-0.000166,0.01147,0.002296
-0.39115,0.191162,0.027738,-0.015985,-0.005473,0.018454,0.038996,-0.002267,-0.000166,0.01147,0.002296,0.026117
-0.391155,0.191833,-0.015985,-0.005473,0.018454,0.038996,-0.002267,-0.000166,0.01147,0.002296,0.026117,0.013717
-0.390779,0.191833,-0.005473,0.018454,0.038996,-0.002267,-0.000166,0.01147,0.002296,0.026117,0.013717,-0.013612
-0.390704,0.191833,0.018454,0.038996,-0.002267,-0.000166,0.01147,0.002296,0.026117,0.013717,-0.013612,-0.013689
-0.389846,0.191833,0.038996,-0.002267,-0.000166,0.01147,0.002296,0.026117,0.013717,-0.013612,-0.013689,0.017195
-0.389396,0.191833,-0.002267,-0.000166,0.01147,0.002296,0.026117,0.013717,-0.013612,-0.013689,0.017195,0.036879
-0.389842,0.190918,-0.000166,0.01147,0.002296,0.026117,0.013717,-0.013612,-0.013689,0.017195,0.036879,-0.020022
-0.390291,0.190918,0.01147,0.002296,0.026117,0.013717,-0.013612,-0.013689,0.017195,0.036879,-0.020022,-0.001872
-0.389727,0.190918,0.002296,0.026117,0.013717,-0.013612,-0.013689,0.017195,0.036879,-0.020022,-0.001872,0.009098
-0.388519,0.190918,0.026117,0.013717,-0.013612,-0.013689,0.017195,0.036879,-0.020022,-0.001872,0.009098,-0.001309
-0.389175,0.190918,0.013717,-0.013612,-0.013689,0.017195,0.036879,-0.020022,-0.001872,0.009098,-0.001309,0.016261
-0.389236,0.190918,-0.013612,-0.013689,0.017195,0.036879,-0.020022,-0.001872,0.009098,-0.001309,0.016261,0.013497
-0.388939,0.190918,-0.013689,0.017195,0.036879,-0.020022,-0.001872,0.009098,-0.001309,0.016261,0.013497,-0.021871
-0.388982,0.190918,0.017195,0.036879,-0.020022,-0.001872,0.009098,-0.001309,0.016261,0.013497,-0.021871,-0.010898
-0.388449,0.190918,0.036879,-0.020022,-0.001872,0.009098,-0.001309,0.016261,0.013497,-0.021871,-0.010898,-0.027625
-0.388007,0.190918,-0.020022,-0.001872,0.009098,-0.001309,0.016261,0.013497,-0.021871,-0.010898,-0.027625,-0.165232
-0.388723,0.190918,-0.001872,0.009098,-0.001309,0.016261,0.013497,-0.021871,-0.010898,-0.027625,-0.165232,-0.1474
-0.389079,0.18985,0.009098,-0.001309,0.016261,0.013497,-0.021871,-0.010898,-0.027625,-0.165232,-0.1474,-0.001181
-0.389983,0.18985,-0.001309,0.016261,0.013497,-0.021871,-0.010898,-0.027625,-0.165232,-0.1474,-0.001181,-0.013101
-0.395429,0.18985,0.016261,0.013497,-0.021871,-0.010898,-0.027625,-0.165232,-0.1474,-0.001181,-0.013101,-0.115798
-0.40033,0.18985,0.013497,-0.021871,-0.010898,-0.027625,-0.165232,-0.1474,-0.001181,-0.013101,-0.115798,-0.025973
-0.400369,0.190247,-0.021871,-0.010898,-0.027625,-0.165232,-0.1474,-0.001181,-0.013101,-0.115798,-0.025973,-0.131144
-0.400806,0.190247,-0.010898,-0.027625,-0.165232,-0.1474,-0.001181,-0.013101,-0.115798,-0.025973,-0.131144,-0.12067
-0.404681,0.190247,-0.027625,-0.165232,-0.1474,-0.001181,-0.013101,-0.115798,-0.025973,-0.131144,-0.12067,-0.03901
-0.405555,0.190247,-0.165232,-0.1474,-0.001181,-0.013101,-0.115798,-0.025973,-0.131144,-0.12067,-0.03901,-0.126718
-0.409988,0.190247,-0.1474,-0.001181,-0.013101,-0.115798,-0.025973,-0.131144,-0.12067,-0.03901,-0.126718,-0.089996
-0.414093,0.190247,-0.001181,-0.013101,-0.115798,-0.025973,-0.131144,-0.12067,-0.03901,-0.126718,-0.089996,0.037227
-0.415425,0.190247,-0.013101,-0.115798,-0.025973,-0.131144,-0.12067,-0.03901,-0.126718,-0.089996,0.037227,0.036732
-0.419773,0.190247,-0.115798,-0.025973,-0.131144,-0.12067,-0.03901,-0.126718,-0.089996,0.037227,0.036732,0.049161
-0.422886,0.190247,-0.025973,-0.131144,-0.12067,-0.03901,-0.126718,-0.089996,0.037227,0.036732,0.049161,0.013245
-0.421596,0.190247,-0.131144,-0.12067,-0.03901,-0.126718,-0.089996,0.037227,0.036732,0.049161,0.013245,-0.09685
-0.420328,0.191559,-0.12067,-0.03901,-0.126718,-0.089996,0.037227,0.036732,0.049161,0.013245,-0.09685,0.046355
-0.418635,0.191559,-0.03901,-0.126718,-0.089996,0.037227,0.036732,0.049161,0.013245,-0.09685,0.046355,0.058974
-0.41818,0.191559,-0.126718,-0.089996,0.037227,0.036732,0.049161,0.013245,-0.09685,0.046355,0.058974,0.014403
-0.421521,0.191559,-0.089996,0.037227,0.036732,0.049161,0.013245,-0.09685,0.046355,0.058974,0.014403,0.048112
-0.419919,0.189728,0.037227,0.036732,0.049161,0.013245,-0.09685,0.046355,0.058974,0.014403,0.048112,0.068032
-0.41789,0.189728,0.036732,0.049161,0.013245,-0.09685,0.046355,0.058974,0.014403,0.048112,0.068032,0.016271
-0.417396,0.189728,0.049161,0.013245,-0.09685,0.046355,0.058974,0.014403,0.048112,0.068032,0.016271,0.018718
-0.415747,0.189728,0.013245,-0.09685,0.046355,0.058974,0.014403,0.048112,0.068032,0.016271,0.018718,0.02318
-0.413422,0.189728,-0.09685,0.046355,0.058974,0.014403,0.048112,0.068032,0.016271,0.018718,0.02318,0.018958
-0.412867,0.189728,0.046355,0.058974,0.014403,0.048112,0.068032,0.016271,0.018718,0.02318,0.018958,0.050529
-0.412229,0.189728,0.058974,0.014403,0.048112,0.068032,0.016271,0.018718,0.02318,0.018958,0.050529,0.03487
-0.411442,0.189728,0.014403,0.048112,0.068032,0.016271,0.018718,0.02318,0.018958,0.050529,0.03487,0.007672
-0.410798,0.189728,0.048112,0.068032,0.016271,0.018718,0.02318,0.018958,0.050529,0.03487,0.007672,-0.026653
-0.409085,0.189728,0.068032,0.016271,0.018718,0.02318,0.018958,0.050529,0.03487,0.007672,-0.026653,-0.106711
-0.407904,0.190918,0.016271,0.018718,0.02318,0.018958,0.050529,0.03487,0.007672,-0.026653,-0.106711,0.028878
-0.407645,0.190918,0.018718,0.02318,0.018958,0.050529,0.03487,0.007672,-0.026653,-0.106711,0.028878,0.04085
-0.408545,0.190918,0.02318,0.018958,0.050529,0.03487,0.007672,-0.026653,-0.106711,0.028878,0.04085,0.026877
-0.412162,0.190918,0.018958,0.050529,0.03487,0.007672,-0.026653,-0.106711,0.028878,0.04085,0.026877,0.028163
-0.41118,0.192078,0.050529,0.03487,0.007672,-0.026653,-0.106711,0.028878,0.04085,0.026877,0.028163,0.026359
-0.409793,0.192078,0.03487,0.007672,-0.026653,-0.106711,0.028878,0.04085,0.026877,0.028163,0.026359,0.052635
-0.408883,0.192078,0.007672,-0.026653,-0.106711,0.028878,0.04085,0.026877,0.028163,0.026359,0.052635,0.0426
-0.407931,0.192078,-0.026653,-0.106711,0.028878,0.04085,0.026877,0.028163,0.026359,0.052635,0.0426,0.033927
-0.407042,0.192078,-0.106711,0.028878,0.04085,0.026877,0.028163,0.026359,0.052635,0.0426,0.033927,0.015391
-0.405268,0.192078,0.028878,0.04085,0.026877,0.028163,0.026359,0.052635,0.0426,0.033927,0.015391,0.05218
-0.403836,0.192078,0.04085,0.026877,0.028163,0.026359,0.052635,0.0426,0.033927,0.015391,0.05218,0.056469
-0.402699,0.192078,0.026877,0.028163,0.026359,0.052635,0.0426,0.033927,0.015391,0.05218,0.056469,0.004725
-0.402184,0.192078,0.028163,0.026359,0.052635,0.0426,0.033927,0.015391,0.05218,0.056469,0.004725,0.026863
-0.400442,0.192078,0.026359,0.052635,0.0426,0.033927,0.015391,0.05218,0.056469,0.004725,0.026863,0.039934
-0.39856,0.191437,0.052635,0.0426,0.033927,0.015391,0.05218,0.056469,0.004725,0.026863,0.039934,0.023097
-0.398403,0.191437,0.0426,0.033927,0.015391,0.05218,0.056469,0.004725,0.026863,0.039934,0.023097,0.035088
-0.397511,0.191437,0.033927,0.015391,0.05218,0.056469,0.004725,0.026863,0.039934,0.023097,0.035088,0.042902
-0.396188,0.191437,0.015391,0.05218,0.056469,0.004725,0.026863,0.039934,0.023097,0.035088,0.042902,0.017294
-0.395424,0.191437,0.05218,0.056469,0.004725,0.026863,0.039934,0.023097,0.035088,0.042902,0.017294,-0.031408
-0.394263,0.191559,0.056469,0.004725,0.026863,0.039934,0.023097,0.035088,0.042902,0.017294,-0.031408,-0.119045
-0.392847,0.191559,0.004725,0.026863,0.039934,0.023097,0.035088,0.042902,0.017294,-0.031408,-0.119045,0.02937
-0.392278,0.191559,0.026863,0.039934,0.023097,0.035088,0.042902,0.017294,-0.031408,-0.119045,0.02937,0.031361
-0.393311,0.191559,0.039934,0.023097,0.035088,0.042902,0.017294,-0.031408,-0.119045,0.02937,0.031361,0.021859
-0.397246,0.191559,0.023097,0.035088,0.042902,0.017294,-0.031408,-0.119045,0.02937,0.031361,0.021859,-0.016201
-0.396272,0.191559,0.035088,0.042902,0.017294,-0.031408,-0.119045,0.02937,0.031361,0.021859,-0.016201,-0.106423
-0.395233,0.191559,0.042902,0.017294,-0.031408,-0.119045,0.02937,0.031361,0.021859,-0.016201,-0.106423,0.016301
-0.39451,0.191559,0.017294,-0.031408,-0.119045,0.02937,0.031361,0.021859,-0.016201,-0.106423,0.016301,0.057778
-0.395045,0.191559,-0.031408,-0.119045,0.02937,0.031361,0.021859,-0.016201,-0.106423,0.016301,0.057778,0.001025
-0.398572,0.191559,-0.119045,0.02937,0.031361,0.021859,-0.016201,-0.106423,0.016301,0.057778,0.001025,0.015636
-0.398029,0.189728,0.02937,0.031361,0.021859,-0.016201,-0.106423,0.016301,0.057778,0.001025,0.015636,0.046418
-0.396111,0.189728,0.031361,0.021859,-0.016201,-0.106423,0.016301,0.057778,0.001025,0.015636,0.046418,0.049238
-0.396077,0.189728,0.021859,-0.016201,-0.106423,0.016301,0.057778,0.001025,0.015636,0.046418,0.049238,-0.002992
-0.39556,0.189728,-0.016201,-0.106423,0.016301,0.057778,0.001025,0.015636,0.046418,0.049238,-0.002992,0.014526
-0.394027,0.189209,-0.106423,0.016301,0.057778,0.001025,0.015636,0.046418,0.049238,-0.002992,0.014526,-0.01497
-0.392403,0.189209,0.016301,0.057778,0.001025,0.015636,0.046418,0.049238,-0.002992,0.014526,-0.01497,-0.159278
-0.392501,0.189209,0.057778,0.001025,0.015636,0.046418,0.049238,-0.002992,0.014526,-0.01497,-0.159278,-0.142375
-0.392023,0.189209,0.001025,0.015636,0.046418,0.049238,-0.002992,0.014526,-0.01497,-0.159278,-0.142375,0.032556
-0.392516,0.189209,0.015636,0.046418,0.049238,-0.002992,0.014526,-0.01497,-0.159278,-0.142375,0.032556,0.04017
-0.397779,0.189209,0.046418,0.049238,-0.002992,0.014526,-0.01497,-0.159278,-0.142375,0.032556,0.04017,0.014942
-0.40253,0.189209,0.049238,-0.002992,0.014526,-0.01497,-0.159278,-0.142375,0.032556,0.04017,0.014942,0.032671
-0.40144,0.189209,-0.002992,0.014526,-0.01497,-0.159278,-0.142375,0.032556,0.04017,0.014942,0.032671,0.053156
-0.400099,0.189209,0.014526,-0.01497,-0.159278,-0.142375,0.032556,0.04017,0.014942,0.032671,0.053156,0.017519
-0.399602,0.189209,-0.01497,-0.159278,-0.142375,0.032556,0.04017,0.014942,0.032671,0.053156,0.017519,0.013433
-0.398515,0.189209,-0.159278,-0.142375,0.032556,0.04017,0.014942,0.032671,0.053156,0.017519,0.013433,0.024679
-0.396749,0.18869,-0.142375,0.032556,0.04017,0.014942,0.032671,0.053156,0.017519,0.013433,0.024679,0.030163
-0.396168,0.18869,0.032556,0.04017,0.014942,0.032671,0.053156,0.017519,0.013433,0.024679,0.030163,0.049611
-0.395723,0.18869,0.04017,0.014942,0.032671,0.053156,0.017519,0.013433,0.024679,0.030163,0.049611,0.029293
-0.394908,0.18869,0.014942,0.032671,0.053156,0.017519,0.013433,0.024679,0.030163,0.049611,0.029293,0.002299
-0.393912,0.18869,0.032671,0.053156,0.017519,0.013433,0.024679,0.030163,0.049611,0.029293,0.002299,-0.00338
-0.392276,0.188171,0.053156,0.017519,0.013433,0.024679,0.030163,0.049611,0.029293,0.002299,-0.00338,0.016431
-0.391312,0.188171,0.017519,0.013433,0.024679,0.030163,0.049611,0.029293,0.002299,-0.00338,0.016431,0.039573
-0.391236,0.188171,0.013433,0.024679,0.030163,0.049611,0.029293,0.002299,-0.00338,0.016431,0.039573,-0.010395
-0.391347,0.188171,0.024679,0.030163,0.049611,0.029293,0.002299,-0.00338,0.016431,0.039573,-0.010395,-0.007925
-0.390808,0.188171,0.030163,0.049611,0.029293,0.002299,-0.00338,0.016431,0.039573,-0.010395,-0.007925,0.021157
-0.389509,0.188171,0.049611,0.029293,0.002299,-0.00338,0.016431,0.039573,-0.010395,-0.007925,0.021157,0.01082
-0.38985,0.188171,0.029293,0.002299,-0.00338,0.016431,0.039573,-0.010395,-0.007925,0.021157,0.01082,0.024106
-0.39011,0.188171,0.002299,-0.00338,0.016431,0.039573,-0.010395,-0.007925,0.021157,0.01082,0.024106,0.022825
-0.389417,0.188171,-0.00338,0.016431,0.039573,-0.010395,-0.007925,0.021157,0.01082,0.024106,0.022825,-0.042993
-0.389063,0.188171,0.016431,0.039573,-0.010395,-0.007925,0.021157,0.01082,0.024106,0.022825,-0.042993,-0.121522
-0.388274,0.185822,0.039573,-0.010395,-0.007925,0.021157,0.01082,0.024106,0.022825,-0.042993,-0.121522,0.006539
-0.387527,0.185822,-0.010395,-0.007925,0.021157,0.01082,0.024106,0.022825,-0.042993,-0.121522,0.006539,0.0643
-0.388933,0.185822,-0.007925,0.021157,0.01082,0.024106,0.022825,-0.042993,-0.121522,0.006539,0.0643,0.01683
-0.39292,0.185822,0.021157,0.01082,0.024106,0.022825,-0.042993,-0.121522,0.006539,0.0643,0.01683,-0.021733
-0.392704,0.185822,0.01082,0.024106,0.022825,-0.042993,-0.121522,0.006539,0.0643,0.01683,-0.021733,-0.099595
-0.390589,0.187134,0.024106,0.022825,-0.042993,-0.121522,0.006539,0.0643,0.01683,-0.021733,-0.099595,-0.010507
-0.390036,0.187134,0.022825,-0.042993,-0.121522,0.006539,0.0643,0.01683,-0.021733,-0.099595,-0.010507,0.040099
-0.390749,0.187134,-0.042993,-0.121522,0.006539,0.0643,0.01683,-0.021733,-0.099595,-0.010507,0.040099,0.02776
-0.394024,0.187134,-0.121522,0.006539,0.0643,0.01683,-0.021733,-0.099595,-0.010507,0.040099,0.02776,0.003661
-0.394371,0.187134,0.006539,0.0643,0.01683,-0.021733,-0.099595,-0.010507,0.040099,0.02776,0.003661,0.006832
-0.393047,0.187134,0.0643,0.01683,-0.021733,-0.099595,-0.010507,0.040099,0.02776,0.003661,0.006832,0.024527
-0.392132,0.187134,0.01683,-0.021733,-0.099595,-0.010507,0.040099,0.02776,0.003661,0.006832,0.024527,0.033879
-0.392012,0.187134,-0.021733,-0.099595,-0.010507,0.040099,0.02776,0.003661,0.006832,0.024527,0.033879,-0.010741
-0.391787,0.187134,-0.099595,-0.010507,0.040099,0.02776,0.003661,0.006832,0.024527,0.033879,-0.010741,0.009097
-0.390982,0.187134,-0.010507,0.040099,0.02776,0.003661,0.006832,0.024527,0.033879,-0.010741,0.009097,0.022605
-0.38987,0.184784,0.040099,0.02776,0.003661,0.006832,0.024527,0.033879,-0.010741,0.009097,0.022605,0.000126
-0.390222,0.184784,0.02776,0.003661,0.006832,0.024527,0.033879,-0.010741,0.009097,0.022605,0.000126,0.016611
-0.389924,0.184784,0.003661,0.006832,0.024527,0.033879,-0.010741,0.009097,0.022605,0.000126,0.016611,0.01455
-0.389184,0.184784,0.006832,0.024527,0.033879,-0.010741,0.009097,0.022605,0.000126,0.016611,0.01455,-0.016863
-0.38918,0.183746,0.024527,0.033879,-0.010741,0.009097,0.022605,0.000126,0.016611,0.01455,-0.016863,-0.011254
-0.388636,0.183746,0.033879,-0.010741,0.009097,0.022605,0.000126,0.016611,0.01455,-0.016863,-0.011254,0.01869
-0.38816,0.183746,-0.010741,0.009097,0.022605,0.000126,0.016611,0.01455,-0.016863,-0.011254,0.01869,0.035612
-0.388711,0.183746,0.009097,0.022605,0.000126,0.016611,0.01455,-0.016863,-0.011254,0.01869,0.035612,-0.016529
-0.389079,0.183746,0.022605,0.000126,0.016611,0.01455,-0.016863,-0.011254,0.01869,0.035612,-0.016529,-0.002907
-0.388468,0.183746,0.000126,0.016611,0.01455,-0.016863,-0.011254,0.01869,0.035612,-0.016529,-0.002907,0.012407
-0.387303,0.183746,0.016611,0.01455,-0.016863,-0.011254,0.01869,0.035612,-0.016529,-0.002907,0.012407,0.000076
-0.387844,0.183746,0.01455,-0.016863,-0.011254,0.01869,0.035612,-0.016529,-0.002907,0.012407,0.000076,0.019539
-0.387939,0.183746,-0.016863,-0.011254,0.01869,0.035612,-0.016529,-0.002907,0.012407,0.000076,0.019539,0.016531
-0.387534,0.183746,-0.011254,0.01869,0.035612,-0.016529,-0.002907,0.012407,0.000076,0.019539,0.016531,-0.020905
-0.387531,0.183746,0.01869,0.035612,-0.016529,-0.002907,0.012407,0.000076,0.019539,0.016531,-0.020905,-0.008808
-0.386893,0.182831,0.035612,-0.016529,-0.002907,0.012407,0.000076,0.019539,0.016531,-0.020905,-0.008808,0.011946
-0.386354,0.182831,-0.016529,-0.002907,0.012407,0.000076,0.019539,0.016531,-0.020905,-0.008808,0.011946,0.028944
-0.387035,0.182831,-0.002907,0.012407,0.000076,0.019539,0.016531,-0.020905,-0.008808,0.011946,0.028944,-0.019476
-0.387322,0.182831,0.012407,0.000076,0.019539,0.016531,-0.020905,-0.008808,0.011946,0.028944,-0.019476,0.001092
-0.386933,0.182556,0.000076,0.019539,0.016531,-0.020905,-0.008808,0.011946,0.028944,-0.019476,0.001092,0.00997
-0.385989,0.182556,0.019539,0.016531,-0.020905,-0.008808,0.011946,0.028944,-0.019476,0.001092,0.00997,-0.001047
-0.386624,0.182556,0.016531,-0.020905,-0.008808,0.011946,0.028944,-0.019476,0.001092,0.00997,-0.001047,0.01779
-0.386588,0.182556,-0.020905,-0.008808,0.011946,0.028944,-0.019476,0.001092,0.00997,-0.001047,0.01779,0.011586
-0.386264,0.182556,-0.008808,0.011946,0.028944,-0.019476,0.001092,0.00997,-0.001047,0.01779,0.011586,-0.02531
-0.386298,0.182556,0.011946,0.028944,-0.019476,0.001092,0.00997,-0.001047,0.01779,0.011586,-0.02531,-0.016427
-0.385718,0.182556,0.028944,-0.019476,0.001092,0.00997,-0.001047,0.01779,0.011586,-0.02531,-0.016427,0.009796
-0.38534,0.182556,-0.019476,0.001092,0.00997,-0.001047,0.01779,0.011586,-0.02531,-0.016427,0.009796,0.027547
-0.386164,0.182556,0.001092,0.00997,-0.001047,0.01779,0.011586,-0.02531,-0.016427,0.009796,0.027547,-0.022036
-0.386699,0.182556,0.00997,-0.001047,0.01779,0.011586,-0.02531,-0.016427,0.009796,0.027547,-0.022036,-0.036754
-0.38638,0.182556,-0.001047,0.01779,0.011586,-0.02531,-0.016427,0.009796,0.027547,-0.022036,-0.036754,-0.113943
-0.385482,0.181519,0.01779,0.011586,-0.02531,-0.016427,0.009796,0.027547,-0.022036,-0.036754,-0.113943,-0.056731
-0.386201,0.181519,0.011586,-0.02531,-0.016427,0.009796,0.027547,-0.022036,-0.036754,-0.113943,-0.056731,-0.108449
-0.387399,0.181519,-0.02531,-0.016427,0.009796,0.027547,-0.022036,-0.036754,-0.113943,-0.056731,-0.108449,0.010325
-0.391127,0.181519,-0.016427,0.009796,0.027547,-0.022036,-0.036754,-0.113943,-0.056731,-0.108449,0.010325,-0.030227
-0.392992,0.181519,0.009796,0.027547,-0.022036,-0.036754,-0.113943,-0.056731,-0.108449,0.010325,-0.030227,-0.11808
-0.396579,0.182312,0.027547,-0.022036,-0.036754,-0.113943,-0.056731,-0.108449,0.010325,-0.030227,-0.11808,0.000478
-0.396236,0.182312,-0.022036,-0.036754,-0.113943,-0.056731,-0.108449,0.010325,-0.030227,-0.11808,0.000478,0.05191
