0.205572,0.195984,0.183761,-0.085375,-0.130041,0.126239,0.033888,-0.112177,0.095894,-0.023031,-0.126063,-0.132026
0.207162,0.195984,-0.085375,-0.130041,0.126239,0.033888,-0.112177,0.095894,-0.023031,-0.126063,-0.132026,0.176851
0.206781,0.198608,-0.130041,0.126239,0.033888,-0.112177,0.095894,-0.023031,-0.126063,-0.132026,0.176851,-0.161297
0.204691,0.198608,0.126239,0.033888,-0.112177,0.095894,-0.023031,-0.126063,-0.132026,0.176851,-0.161297,-0.145046
0.202496,0.198608,0.033888,-0.112177,0.095894,-0.023031,-0.126063,-0.132026,0.176851,-0.161297,-0.145046,-0.155934
0.205436,0.198608,-0.112177,0.095894,-0.023031,-0.126063,-0.132026,0.176851,-0.161297,-0.145046,-0.155934,0.109231
0.202758,0.198608,0.095894,-0.023031,-0.126063,-0.132026,0.176851,-0.161297,-0.145046,-0.155934,0.109231,-0.072901
0.200346,0.198608,-0.023031,-0.126063,-0.132026,0.176851,-0.161297,-0.145046,-0.155934,0.109231,-0.072901,0.072022
0.197746,0.198608,-0.126063,-0.132026,0.176851,-0.161297,-0.145046,-0.155934,0.109231,-0.072901,0.072022,0.031299
0.19957,0.198608,-0.132026,0.176851,-0.161297,-0.145046,-0.155934,0.109231,-0.072901,0.072022,0.031299,-0.04278
0.198353,0.198608,0.176851,-0.161297,-0.145046,-0.155934,0.109231,-0.072901,0.072022,0.031299,-0.04278,-0.01715
0.199554,0.198608,-0.161297,-0.145046,-0.155934,0.109231,-0.072901,0.072022,0.031299,-0.04278,-0.01715,0.210388
0.200075,0.198608,-0.145046,-0.155934,0.109231,-0.072901,0.072022,0.031299,-0.04278,-0.01715,0.210388,-0.090022
0.199362,0.198608,-0.155934,0.109231,-0.072901,0.072022,0.031299,-0.04278,-0.01715,0.210388,-0.090022,-0.144478
0.199076,0.198608,0.109231,-0.072901,0.072022,0.031299,-0.04278,-0.01715,0.210388,-0.090022,-0.144478,0.143667
0.202584,0.198608,-0.072901,0.072022,0.031299,-0.04278,-0.01715,0.210388,-0.090022,-0.144478,0.143667,0.012328
0.201086,0.198608,0.072022,0.031299,-0.04278,-0.01715,0.210388,-0.090022,-0.144478,0.143667,0.012328,-0.110835
0.19868,0.198608,0.031299,-0.04278,-0.01715,0.210388,-0.090022,-0.144478,0.143667,0.012328,-0.110835,0.118362
0.201073,0.198608,-0.04278,-0.01715,0.210388,-0.090022,-0.144478,0.143667,0.012328,-0.110835,0.118362,-0.028252
0.201279,0.201202,-0.01715,0.210388,-0.090022,-0.144478,0.143667,0.012328,-0.110835,0.118362,-0.028252,-0.053736
0.19943,0.201202,0.210388,-0.090022,-0.144478,0.143667,0.012328,-0.110835,0.118362,-0.028252,-0.053736,-0.014549
0.201402,0.201202,-0.090022,-0.144478,0.143667,0.012328,-0.110835,0.118362,-0.028252,-0.053736,-0.014549,0.189074
0.200932,0.201202,-0.144478,0.143667,0.012328,-0.110835,0.118362,-0.028252,-0.053736,-0.014549,0.189074,-0.095501
0.200037,0.201202,0.143667,0.012328,-0.110835,0.118362,-0.028252,-0.053736,-0.014549,0.189074,-0.095501,-0.133772
0.199795,0.201202,0.012328,-0.110835,0.118362,-0.028252,-0.053736,-0.014549,0.189074,-0.095501,-0.133772,0.095033
0.202945,0.201202,-0.110835,0.118362,-0.028252,-0.053736,-0.014549,0.189074,-0.095501,-0.133772,0.095033,-0.098112
0.201357,0.201202,0.118362,-0.028252,-0.053736,-0.014549,0.189074,-0.095501,-0.133772,0.095033,-0.098112,-0.046012
0.19913,0.201202,-0.028252,-0.053736,-0.014549,0.189074,-0.095501,-0.133772,0.095033,-0.098112,-0.046012,-0.024959
0.200713,0.201202,-0.053736,-0.014549,0.189074,-0.095501,-0.133772,0.095033,-0.098112,-0.046012,-0.024959,0.01497
0.199076,0.201202,-0.014549,0.189074,-0.095501,-0.133772,0.095033,-0.098112,-0.046012,-0.024959,0.01497,-0.042457
0.198308,0.201202,0.189074,-0.095501,-0.133772,0.095033,-0.098112,-0.046012,-0.024959,0.01497,-0.042457,-0.022228
0.197891,0.201202,-0.095501,-0.133772,0.095033,-0.098112,-0.046012,-0.024959,0.01497,-0.042457,-0.022228,0.20111
0.198141,0.201202,-0.133772,0.095033,-0.098112,-0.046012,-0.024959,0.01497,-0.042457,-0.022228,0.20111,-0.054639
0.197432,0.201202,0.095033,-0.098112,-0.046012,-0.024959,0.01497,-0.042457,-0.022228,0.20111,-0.054639,-0.138564
0.197061,0.201202,-0.098112,-0.046012,-0.024959,0.01497,-0.042457,-0.022228,0.20111,-0.054639,-0.138564,0.118937
0.20042,0.201202,-0.046012,-0.024959,0.01497,-0.042457,-0.022228,0.20111,-0.054639,-0.138564,0.118937,-0.102944
0.199509,0.201202,-0.024959,0.01497,-0.042457,-0.022228,0.20111,-0.054639,-0.138564,0.118937,-0.102944,-0.067297
0.197199,0.201202,0.01497,-0.042457,-0.022228,0.20111,-0.054639,-0.138564,0.118937,-0.102944,-0.067297,-0.094436
0.199183,0.201202,-0.042457,-0.022228,0.20111,-0.054639,-0.138564,0.118937,-0.102944,-0.067297,-0.094436,-0.059911
0.197463,0.201202,-0.022228,0.20111,-0.054639,-0.138564,0.118937,-0.102944,-0.067297,-0.094436,-0.059911,-0.068266
0.196338,0.201202,0.20111,-0.054639,-0.138564,0.118937,-0.102944,-0.067297,-0.094436,-0.059911,-0.068266,-0.018866
0.194758,0.201202,-0.054639,-0.138564,0.118937,-0.102944,-0.067297,-0.094436,-0.059911,-0.068266,-0.018866,0.251823
0.193756,0.201202,-0.138564,0.118937,-0.102944,-0.067297,-0.094436,-0.059911,-0.068266,-0.018866,0.251823,-0.073109
0.192612,0.201202,0.118937,-0.102944,-0.067297,-0.094436,-0.059911,-0.068266,-0.018866,0.251823,-0.073109,-0.145175
0.192295,0.201202,-0.102944,-0.067297,-0.094436,-0.059911,-0.068266,-0.018866,0.251823,-0.073109,-0.145175,0.128592
0.196516,0.201202,-0.067297,-0.094436,-0.059911,-0.068266,-0.018866,0.251823,-0.073109,-0.145175,0.128592,0.036682
0.195294,0.201202,-0.094436,-0.059911,-0.068266,-0.018866,0.251823,-0.073109,-0.145175,0.128592,0.036682,-0.101636
0.192865,0.201202,-0.059911,-0.068266,-0.018866,0.251823,-0.073109,-0.145175,0.128592,0.036682,-0.101636,0.124336
0.195017,0.201202,-0.068266,-0.018866,0.251823,-0.073109,-0.145175,0.128592,0.036682,-0.101636,0.124336,-0.025306
0.195632,0.201202,-0.018866,0.251823,-0.073109,-0.145175,0.128592,0.036682,-0.101636,0.124336,-0.025306,-0.092663
0.193929,0.201202,0.251823,-0.073109,-0.145175,0.128592,0.036682,-0.101636,0.124336,-0.025306,-0.092663,0.015431
0.196009,0.201202,-0.073109,-0.145175,0.128592,0.036682,-0.101636,0.124336,-0.025306,-0.092663,0.015431,0.20492
0.195586,0.201202,-0.145175,0.128592,0.036682,-0.101636,0.124336,-0.025306,-0.092663,0.015431,0.20492,-0.113391
0.194036,0.200287,0.128592,0.036682,-0.101636,0.124336,-0.025306,-0.092663,0.015431,0.20492,-0.113391,-0.121395
0.194295,0.200287,0.036682,-0.101636,0.124336,-0.025306,-0.092663,0.015431,0.20492,-0.113391,-0.121395,0.080741
0.197725,0.200287,-0.101636,0.124336,-0.025306,-0.092663,0.015431,0.20492,-0.113391,-0.121395,0.080741,-0.138605
0.19583,0.200287,0.124336,-0.025306,-0.092663,0.015431,0.20492,-0.113391,-0.121395,0.080741,-0.138605,-0.087902
0.1938,0.200287,-0.025306,-0.092663,0.015431,0.20492,-0.113391,-0.121395,0.080741,-0.138605,-0.087902,0.139291
0.195151,0.200287,-0.092663,0.015431,0.20492,-0.113391,-0.121395,0.080741,-0.138605,-0.087902,0.139291,0.022723
0.192828,0.200287,0.015431,0.20492,-0.113391,-0.121395,0.080741,-0.138605,-0.087902,0.139291,0.022723,-0.14784
0.191352,0.200287,0.20492,-0.113391,-0.121395,0.080741,-0.138605,-0.087902,0.139291,0.022723,-0.14784,-0.129163
0.193688,0.200287,-0.113391,-0.121395,0.080741,-0.138605,-0.087902,0.139291,0.022723,-0.14784,-0.129163,0.191537
0.194068,0.200287,-0.121395,0.080741,-0.138605,-0.087902,0.139291,0.022723,-0.14784,-0.129163,0.191537,-0.056817
0.191591,0.200287,0.080741,-0.138605,-0.087902,0.139291,0.022723,-0.14784,-0.129163,0.191537,-0.056817,-0.130771
0.189419,0.200287,-0.138605,-0.087902,0.139291,0.022723,-0.14784,-0.129163,0.191537,-0.056817,-0.130771,0.111836
0.192639,0.200287,-0.087902,0.139291,0.022723,-0.14784,-0.129163,0.191537,-0.056817,-0.130771,0.111836,0.073692
0.191686,0.200287,0.139291,0.022723,-0.14784,-0.129163,0.191537,-0.056817,-0.130771,0.111836,0.073692,-0.10105
0.189491,0.200287,0.022723,-0.14784,-0.129163,0.191537,-0.056817,-0.130771,0.111836,0.073692,-0.10105,0.093977
0.191369,0.200287,-0.14784,-0.129163,0.191537,-0.056817,-0.130771,0.111836,0.073692,-0.10105,0.093977,-0.035767
0.192606,0.200287,-0.129163,0.191537,-0.056817,-0.130771,0.111836,0.073692,-0.10105,0.093977,-0.035767,-0.038778
0.190909,0.200287,0.191537,-0.056817,-0.130771,0.111836,0.073692,-0.10105,0.093977,-0.035767,-0.038778,-0.013406
0.192486,0.200287,-0.056817,-0.130771,0.111836,0.073692,-0.10105,0.093977,-0.035767,-0.038778,-0.013406,0.208359
0.191886,0.200287,-0.130771,0.111836,0.073692,-0.10105,0.093977,-0.035767,-0.038778,-0.013406,0.208359,-0.104762
0.191236,0.200287,0.111836,0.073692,-0.10105,0.093977,-0.035767,-0.038778,-0.013406,0.208359,-0.104762,-0.141666
0.19101,0.200287,0.073692,-0.10105,0.093977,-0.035767,-0.038778,-0.013406,0.208359,-0.104762,-0.141666,0.109381
0.194508,0.200287,-0.10105,0.093977,-0.035767,-0.038778,-0.013406,0.208359,-0.104762,-0.141666,0.109381,-0.134674
0.192753,0.200287,0.093977,-0.035767,-0.038778,-0.013406,0.208359,-0.104762,-0.141666,0.109381,-0.134674,-0.103148
0.190377,0.200287,-0.035767,-0.038778,-0.013406,0.208359,-0.104762,-0.141666,0.109381,-0.134674,-0.103148,0.135315
0.192212,0.200287,-0.038778,-0.013406,0.208359,-0.104762,-0.141666,0.109381,-0.134674,-0.103148,0.135315,0.006614
0.189949,0.200287,-0.013406,0.208359,-0.104762,-0.141666,0.109381,-0.134674,-0.103148,0.135315,0.006614,-0.085953
0.188213,0.200287,0.208359,-0.104762,-0.141666,0.109381,-0.134674,-0.103148,0.135315,0.006614,-0.085953,0.007839
0.190488,0.200287,-0.104762,-0.141666,0.109381,-0.134674,-0.103148,0.135315,0.006614,-0.085953,0.007839,0.220587
0.190599,0.200287,-0.141666,0.109381,-0.134674,-0.103148,0.135315,0.006614,-0.085953,0.007839,0.220587,-0.194199
0.189155,0.200287,0.109381,-0.134674,-0.103148,0.135315,0.006614,-0.085953,0.007839,0.220587,-0.194199,-0.127543
0.189287,0.200287,-0.134674,-0.103148,0.135315,0.006614,-0.085953,0.007839,0.220587,-0.194199,-0.127543,-0.017168
0.192994,0.200287,-0.103148,0.135315,0.006614,-0.085953,0.007839,0.220587,-0.194199,-0.127543,-0.017168,0.128353
0.189735,0.200287,0.135315,0.006614,-0.085953,0.007839,0.220587,-0.194199,-0.127543,-0.017168,0.128353,-0.100426
0.187591,0.200287,0.006614,-0.085953,0.007839,0.220587,-0.194199,-0.127543,-0.017168,0.128353,-0.100426,0.098255
0.187302,0.200287,-0.085953,0.007839,0.220587,-0.194199,-0.127543,-0.017168,0.128353,-0.100426,0.098255,0.003939
0.189463,0.200287,0.007839,0.220587,-0.194199,-0.127543,-0.017168,0.128353,-0.100426,0.098255,0.003939,-0.072531
0.187772,0.200287,0.220587,-0.194199,-0.127543,-0.017168,0.128353,-0.100426,0.098255,0.003939,-0.072531,0.0079
0.189425,0.200287,-0.194199,-0.127543,-0.017168,0.128353,-0.100426,0.098255,0.003939,-0.072531,0.0079,0.201552
0.189491,0.200287,-0.127543,-0.017168,0.128353,-0.100426,0.098255,0.003939,-0.072531,0.0079,0.201552,-0.077883
0.188272,0.200287,-0.017168,0.128353,-0.100426,0.098255,0.003939,-0.072531,0.0079,0.201552,-0.077883,-0.148786
0.188405,0.200287,0.128353,-0.100426,0.098255,0.003939,-0.072531,0.0079,0.201552,-0.077883,-0.148786,0.10624
0.191795,0.200287,-0.100426,0.098255,0.003939,-0.072531,0.0079,0.201552,-0.077883,-0.148786,0.10624,-0.1519
0.190488,0.200287,0.098255,0.003939,-0.072531,0.0079,0.201552,-0.077883,-0.148786,0.10624,-0.1519,-0.086987
0.187988,0.200287,0.003939,-0.072531,0.0079,0.201552,-0.077883,-0.148786,0.10624,-0.1519,-0.086987,0.068816
0.189774,0.200287,-0.072531,0.0079,0.201552,-0.077883,-0.148786,0.10624,-0.1519,-0.086987,0.068816,-0.071953
0.187216,0.200287,0.0079,0.201552,-0.077883,-0.148786,0.10624,-0.1519,-0.086987,0.068816,-0.071953,-0.139075
0.185748,0.200287,0.201552,-0.077883,-0.148786,0.10624,-0.1519,-0.086987,0.068816,-0.071953,-0.139075,0.039304
0.186908,0.200287,-0.077883,-0.148786,0.10624,-0.1519,-0.086987,0.068816,-0.071953,-0.139075,0.039304,0.123445
0.185696,0.200287,-0.148786,0.10624,-0.1519,-0.086987,0.068816,-0.071953,-0.139075,0.039304,0.123445,-0.188781
0.18335,0.200287,0.10624,-0.1519,-0.086987,0.068816,-0.071953,-0.139075,0.039304,0.123445,-0.188781,-0.238653
0.184014,0.200287,-0.1519,-0.086987,0.068816,-0.071953,-0.139075,0.039304,0.123445,-0.188781,-0.238653,0.052948
0.1861,0.202515,-0.086987,0.068816,-0.071953,-0.139075,0.039304,0.123445,-0.188781,-0.238653,0.052948,0.139512
0.182913,0.202515,0.068816,-0.071953,-0.139075,0.039304,0.123445,-0.188781,-0.238653,0.052948,0.139512,-0.188655
0.178874,0.202515,-0.071953,-0.139075,0.039304,0.123445,-0.188781,-0.238653,0.052948,0.139512,-0.188655,0.067129
0.179772,0.202515,-0.139075,0.039304,0.123445,-0.188781,-0.238653,0.052948,0.139512,-0.188655,0.067129,-0.052902
0.182136,0.202515,0.039304,0.123445,-0.188781,-0.238653,0.052948,0.139512,-0.188655,0.067129,-0.052902,-0.064933
0.178937,0.202515,0.123445,-0.188781,-0.238653,0.052948,0.139512,-0.188655,0.067129,-0.052902,-0.064933,0.041827
0.180075,0.202515,-0.188781,-0.238653,0.052948,0.139512,-0.188655,0.067129,-0.052902,-0.064933,0.041827,0.201288
0.179179,0.202515,-0.238653,0.052948,0.139512,-0.188655,0.067129,-0.052902,-0.064933,0.041827,0.201288,-0.063856
0.178078,0.202515,0.052948,0.139512,-0.188655,0.067129,-0.052902,-0.064933,0.041827,0.201288,-0.063856,-0.124977
0.178788,0.202515,0.139512,-0.188655,0.067129,-0.052902,-0.064933,0.041827,0.201288,-0.063856,-0.124977,0.135285
0.182202,0.202515,-0.188655,0.067129,-0.052902,-0.064933,0.041827,0.201288,-0.063856,-0.124977,0.135285,0.047017
0.181121,0.202515,0.067129,-0.052902,-0.064933,0.041827,0.201288,-0.063856,-0.124977,0.135285,0.047017,-0.088728
0.179005,0.202515,-0.052902,-0.064933,0.041827,0.201288,-0.063856,-0.124977,0.135285,0.047017,-0.088728,0.101106
0.181296,0.202515,-0.064933,0.041827,0.201288,-0.063856,-0.124977,0.135285,0.047017,-0.088728,0.101106,0.011481
0.182093,0.202515,0.041827,0.201288,-0.063856,-0.124977,0.135285,0.047017,-0.088728,0.101106,0.011481,-0.078568
0.180589,0.202515,0.201288,-0.063856,-0.124977,0.135285,0.047017,-0.088728,0.101106,0.011481,-0.078568,0.036718
0.1823,0.202515,-0.063856,-0.124977,0.135285,0.047017,-0.088728,0.101106,0.011481,-0.078568,0.036718,0.221193
0.182494,0.203674,-0.124977,0.135285,0.047017,-0.088728,0.101106,0.011481,-0.078568,0.036718,0.221193,-0.06674
0.181165,0.203674,0.135285,0.047017,-0.088728,0.101106,0.011481,-0.078568,0.036718,0.221193,-0.06674,-0.110424
0.181787,0.203674,0.047017,-0.088728,0.101106,0.011481,-0.078568,0.036718,0.221193,-0.06674,-0.110424,0.149305
0.185529,0.203674,-0.088728,0.101106,0.011481,-0.078568,0.036718,0.221193,-0.06674,-0.110424,0.149305,0.047109
0.184402,0.203674,0.101106,0.011481,-0.078568,0.036718,0.221193,-0.06674,-0.110424,0.149305,0.047109,-0.060836
0.182538,0.203674,0.011481,-0.078568,0.036718,0.221193,-0.06674,-0.110424,0.149305,0.047109,-0.060836,0.037306
0.185059,0.203674,-0.078568,0.036718,0.221193,-0.06674,-0.110424,0.149305,0.047109,-0.060836,0.037306,-0.071725
0.185854,0.203674,0.036718,0.221193,-0.06674,-0.110424,0.149305,0.047109,-0.060836,0.037306,-0.071725,-0.141056
0.184827,0.203674,0.221193,-0.06674,-0.110424,0.149305,0.047109,-0.060836,0.037306,-0.071725,-0.141056,0.072835
0.185456,0.203674,-0.06674,-0.110424,0.149305,0.047109,-0.060836,0.037306,-0.071725,-0.141056,0.072835,0.128302
0.184247,0.203674,-0.110424,0.149305,0.047109,-0.060836,0.037306,-0.071725,-0.141056,0.072835,0.128302,-0.058933
0.181864,0.203674,0.149305,0.047109,-0.060836,0.037306,-0.071725,-0.141056,0.072835,0.128302,-0.058933,-0.242018
0.183096,0.203674,0.047109,-0.060836,0.037306,-0.071725,-0.141056,0.072835,0.128302,-0.058933,-0.242018,0.195163
0.185265,0.203674,-0.060836,0.037306,-0.071725,-0.141056,0.072835,0.128302,-0.058933,-0.242018,0.195163,0.052247
0.184271,0.203674,0.037306,-0.071725,-0.141056,0.072835,0.128302,-0.058933,-0.242018,0.195163,0.052247,-0.210153
0.18018,0.203674,-0.071725,-0.141056,0.072835,0.128302,-0.058933,-0.242018,0.195163,0.052247,-0.210153,0.065008
0.183481,0.203674,-0.141056,0.072835,0.128302,-0.058933,-0.242018,0.195163,0.052247,-0.210153,0.065008,0.068432
0.184364,0.203674,0.072835,0.128302,-0.058933,-0.242018,0.195163,0.052247,-0.210153,0.065008,0.068432,-0.078716
0.180806,0.203674,0.128302,-0.058933,-0.242018,0.195163,0.052247,-0.210153,0.065008,0.068432,-0.078716,-0.127633
0.181907,0.203674,-0.058933,-0.242018,0.195163,0.052247,-0.210153,0.065008,0.068432,-0.078716,-0.127633,0.204321
0.183063,0.203674,-0.242018,0.195163,0.052247,-0.210153,0.065008,0.068432,-0.078716,-0.127633,0.204321,-0.032923
0.181733,0.203674,0.195163,0.052247,-0.210153,0.065008,0.068432,-0.078716,-0.127633,0.204321,-0.032923,-0.104767
0.179569,0.203674,0.052247,-0.210153,0.065008,0.068432,-0.078716,-0.127633,0.204321,-0.032923,-0.104767,0.156488
0.183032,0.203674,-0.210153,0.065008,0.068432,-0.078716,-0.127633,0.204321,-0.032923,-0.104767,0.156488,0.080744
0.182475,0.203674,0.065008,0.068432,-0.078716,-0.127633,0.204321,-0.032923,-0.104767,0.156488,0.080744,-0.068486
0.180703,0.203674,0.068432,-0.078716,-0.127633,0.204321,-0.032923,-0.104767,0.156488,0.080744,-0.068486,0.122943
0.18335,0.203674,-0.078716,-0.127633,0.204321,-0.032923,-0.104767,0.156488,0.080744,-0.068486,0.122943,0.00904
0.184714,0.203674,-0.127633,0.204321,-0.032923,-0.104767,0.156488,0.080744,-0.068486,0.122943,0.00904,-0.089815
0.183557,0.203674,0.204321,-0.032923,-0.104767,0.156488,0.080744,-0.068486,0.122943,0.00904,-0.089815,0.057462
0.185632,0.203674,-0.032923,-0.104767,0.156488,0.080744,-0.068486,0.122943,0.00904,-0.089815,0.057462,0.110856
0.185784,0.203674,-0.104767,0.156488,0.080744,-0.068486,0.122943,0.00904,-0.089815,0.057462,0.110856,-0.165821
0.184269,0.203674,0.156488,0.080744,-0.068486,0.122943,0.00904,-0.089815,0.057462,0.110856,-0.165821,-0.242042
0.18524,0.204865,0.080744,-0.068486,0.122943,0.00904,-0.089815,0.057462,0.110856,-0.165821,-0.242042,0.05562
0.187111,0.204865,-0.068486,0.122943,0.00904,-0.089815,0.057462,0.110856,-0.165821,-0.242042,0.05562,0.168326
0.184315,0.204865,0.122943,0.00904,-0.089815,0.057462,0.110856,-0.165821,-0.242042,0.05562,0.168326,-0.174031
0.180224,0.204865,0.00904,-0.089815,0.057462,0.110856,-0.165821,-0.242042,0.05562,0.168326,-0.174031,0.077994
0.181165,0.204865,-0.089815,0.057462,0.110856,-0.165821,-0.242042,0.05562,0.168326,-0.174031,0.077994,-0.055749
0.184014,0.204865,0.057462,0.110856,-0.165821,-0.242042,0.05562,0.168326,-0.174031,0.077994,-0.055749,-0.044861
0.181068,0.204865,0.110856,-0.165821,-0.242042,0.05562,0.168326,-0.174031,0.077994,-0.055749,-0.044861,0.095902
0.182388,0.204865,-0.165821,-0.242042,0.05562,0.168326,-0.174031,0.077994,-0.055749,-0.044861,0.095902,0.211114
0.181445,0.204865,-0.242042,0.05562,0.168326,-0.174031,0.077994,-0.055749,-0.044861,0.095902,0.211114,-0.082375
0.180686,0.204865,0.05562,0.168326,-0.174031,0.077994,-0.055749,-0.044861,0.095902,0.211114,-0.082375,-0.076756
0.182311,0.204865,0.168326,-0.174031,0.077994,-0.055749,-0.044861,0.095902,0.211114,-0.082375,-0.076756,0.12867
0.18588,0.204865,-0.174031,0.077994,-0.055749,-0.044861,0.095902,0.211114,-0.082375,-0.076756,0.12867,0.052321
0.18449,0.204865,0.077994,-0.055749,-0.044861,0.095902,0.211114,-0.082375,-0.076756,0.12867,0.052321,-0.086834
0.183195,0.204865,-0.055749,-0.044861,0.095902,0.211114,-0.082375,-0.076756,0.12867,0.052321,-0.086834,0.133881
0.185366,0.204865,-0.044861,0.095902,0.211114,-0.082375,-0.076756,0.12867,0.052321,-0.086834,0.133881,0.022209
0.186249,0.204865,0.095902,0.211114,-0.082375,-0.076756,0.12867,0.052321,-0.086834,0.133881,0.022209,-0.077243
0.184783,0.204865,0.211114,-0.082375,-0.076756,0.12867,0.052321,-0.086834,0.133881,0.022209,-0.077243,0.028886
0.18704,0.205261,-0.082375,-0.076756,0.12867,0.052321,-0.086834,0.133881,0.022209,-0.077243,0.028886,0.216311
0.187414,0.205261,-0.076756,0.12867,0.052321,-0.086834,0.133881,0.022209,-0.077243,0.028886,0.216311,-0.067185
0.186113,0.205261,0.12867,0.052321,-0.086834,0.133881,0.022209,-0.077243,0.028886,0.216311,-0.067185,-0.12212
0.186601,0.205261,0.052321,-0.086834,0.133881,0.022209,-0.077243,0.028886,0.216311,-0.067185,-0.12212,0.113927
0.190245,0.205261,-0.086834,0.133881,0.022209,-0.077243,0.028886,0.216311,-0.067185,-0.12212,0.113927,-0.130679
0.189115,0.205261,0.133881,0.022209,-0.077243,0.028886,0.216311,-0.067185,-0.12212,0.113927,-0.130679,-0.05052
0.187061,0.205261,0.022209,-0.077243,0.028886,0.216311,-0.067185,-0.12212,0.113927,-0.130679,-0.05052,0.150104
0.188978,0.205261,-0.077243,0.028886,0.216311,-0.067185,-0.12212,0.113927,-0.130679,-0.05052,0.150104,-0.006607
0.186776,0.205261,0.028886,0.216311,-0.067185,-0.12212,0.113927,-0.130679,-0.05052,0.150104,-0.006607,-0.051311
0.185924,0.205261,0.216311,-0.067185,-0.12212,0.113927,-0.130679,-0.05052,0.150104,-0.006607,-0.051311,0.04978
0.188452,0.205261,-0.067185,-0.12212,0.113927,-0.130679,-0.05052,0.150104,-0.006607,-0.051311,0.04978,0.227923
0.188341,0.205261,-0.12212,0.113927,-0.130679,-0.05052,0.150104,-0.006607,-0.051311,0.04978,0.227923,-0.085849
0.187478,0.205261,0.113927,-0.130679,-0.05052,0.150104,-0.006607,-0.051311,0.04978,0.227923,-0.085849,-0.104171
0.188317,0.205261,-0.130679,-0.05052,0.150104,-0.006607,-0.051311,0.04978,0.227923,-0.085849,-0.104171,0.161943
0.19215,0.205261,-0.05052,0.150104,-0.006607,-0.051311,0.04978,0.227923,-0.085849,-0.104171,0.161943,0.057846
0.190709,0.205261,0.150104,-0.006607,-0.051311,0.04978,0.227923,-0.085849,-0.104171,0.161943,0.057846,-0.064135
0.18896,0.205261,-0.006607,-0.051311,0.04978,0.227923,-0.085849,-0.104171,0.161943,0.057846,-0.064135,0.12875
0.191679,0.205261,-0.051311,0.04978,0.227923,-0.085849,-0.104171,0.161943,0.057846,-0.064135,0.12875,-0.017233
0.19265,0.205261,0.04978,0.227923,-0.085849,-0.104171,0.161943,0.057846,-0.064135,0.12875,-0.017233,-0.068194
0.191573,0.205261,0.227923,-0.085849,-0.104171,0.161943,0.057846,-0.064135,0.12875,-0.017233,-0.068194,0.036695
0.193732,0.205261,-0.085849,-0.104171,0.161943,0.057846,-0.064135,0.12875,-0.017233,-0.068194,0.036695,0.21481
0.193444,0.205261,-0.104171,0.161943,0.057846,-0.064135,0.12875,-0.017233,-0.068194,0.036695,0.21481,-0.075779
0.192301,0.205261,0.161943,0.057846,-0.064135,0.12875,-0.017233,-0.068194,0.036695,0.21481,-0.075779,-0.118571
0.192917,0.205261,0.057846,-0.064135,0.12875,-0.017233,-0.068194,0.036695,0.21481,-0.075779,-0.118571,0.147401
0.196516,0.205261,-0.064135,0.12875,-0.017233,-0.068194,0.036695,0.21481,-0.075779,-0.118571,0.147401,0.039355
0.195249,0.205261,0.12875,-0.017233,-0.068194,0.036695,0.21481,-0.075779,-0.118571,0.147401,0.039355,-0.064516
0.193265,0.205261,-0.017233,-0.068194,0.036695,0.21481,-0.075779,-0.118571,0.147401,0.039355,-0.064516,0.039115
0.195732,0.205261,-0.068194,0.036695,0.21481,-0.075779,-0.118571,0.147401,0.039355,-0.064516,0.039115,-0.073417
0.19639,0.205261,0.036695,0.21481,-0.075779,-0.118571,0.147401,0.039355,-0.064516,0.039115,-0.073417,-0.129572
0.19531,0.205261,0.21481,-0.075779,-0.118571,0.147401,0.039355,-0.064516,0.039115,-0.073417,-0.129572,0.063189
0.195965,0.205261,-0.075779,-0.118571,0.147401,0.039355,-0.064516,0.039115,-0.073417,-0.129572,0.063189,0.255434
0.194737,0.205261,-0.118571,0.147401,0.039355,-0.064516,0.039115,-0.073417,-0.129572,0.063189,0.255434,-0.206885
0.192568,0.205261,0.147401,0.039355,-0.064516,0.039115,-0.073417,-0.129572,0.063189,0.255434,-0.206885,-0.097104
0.193628,0.205261,0.039355,-0.064516,0.039115,-0.073417,-0.129572,0.063189,0.255434,-0.206885,-0.097104,0.022096
0.197904,0.205261,-0.064516,0.039115,-0.073417,-0.129572,0.063189,0.255434,-0.206885,-0.097104,0.022096,0.119059
0.194446,0.205902,0.039115,-0.073417,-0.129572,0.063189,0.255434,-0.206885,-0.097104,0.022096,0.119059,-0.162472
0.19282,0.205902,-0.073417,-0.129572,0.063189,0.255434,-0.206885,-0.097104,0.022096,0.119059,-0.162472,0.091801
0.19319,0.205902,-0.129572,0.063189,0.255434,-0.206885,-0.097104,0.022096,0.119059,-0.162472,0.091801,-0.059809
0.195186,0.205902,0.063189,0.255434,-0.206885,-0.097104,0.022096,0.119059,-0.162472,0.091801,-0.059809,-0.023044
0.192461,0.205902,0.255434,-0.206885,-0.097104,0.022096,0.119059,-0.162472,0.091801,-0.059809,-0.023044,0.063196
0.194,0.205902,-0.206885,-0.097104,0.022096,0.119059,-0.162472,0.091801,-0.059809,-0.023044,0.063196,0.180482
0.192998,0.205902,-0.097104,0.022096,0.119059,-0.162472,0.091801,-0.059809,-0.023044,0.063196,0.180482,-0.057093
0.192612,0.205902,0.022096,0.119059,-0.162472,0.091801,-0.059809,-0.023044,0.063196,0.180482,-0.057093,-0.094724
0.193672,0.205902,0.119059,-0.162472,0.091801,-0.059809,-0.023044,0.063196,0.180482,-0.057093,-0.094724,0.120899
0.196695,0.205902,-0.162472,0.091801,-0.059809,-0.023044,0.063196,0.180482,-0.057093,-0.094724,0.120899,0.079481
0.195741,0.205902,0.091801,-0.059809,-0.023044,0.063196,0.180482,-0.057093,-0.094724,0.120899,0.079481,-0.064635
0.194157,0.205902,-0.059809,-0.023044,0.063196,0.180482,-0.057093,-0.094724,0.120899,0.079481,-0.064635,0.11455
0.196179,0.205902,-0.023044,0.063196,0.180482,-0.057093,-0.094724,0.120899,0.079481,-0.064635,0.11455,0.02039
0.197508,0.205902,0.063196,0.180482,-0.057093,-0.094724,0.120899,0.079481,-0.064635,0.11455,0.02039,-0.080146
0.196427,0.205902,0.180482,-0.057093,-0.094724,0.120899,0.079481,-0.064635,0.11455,0.02039,-0.080146,0.03667
0.19834,0.205902,-0.057093,-0.094724,0.120899,0.079481,-0.064635,0.11455,0.02039,-0.080146,0.03667,0.225973
0.19868,0.205505,-0.094724,0.120899,0.079481,-0.064635,0.11455,0.02039,-0.080146,0.03667,0.225973,-0.089894
0.197343,0.205505,0.120899,0.079481,-0.064635,0.11455,0.02039,-0.080146,0.03667,0.225973,-0.089894,-0.101089
0.197956,0.205505,0.079481,-0.064635,0.11455,0.02039,-0.080146,0.03667,0.225973,-0.089894,-0.101089,0.135501
0.201726,0.205505,-0.064635,0.11455,0.02039,-0.080146,0.03667,0.225973,-0.089894,-0.101089,0.135501,0.066421
0.200229,0.205505,0.11455,0.02039,-0.080146,0.03667,0.225973,-0.089894,-0.101089,0.135501,0.066421,-0.075893
0.198545,0.205505,0.02039,-0.080146,0.03667,0.225973,-0.089894,-0.101089,0.135501,0.066421,-0.075893,0.10522
0.200803,0.205505,-0.080146,0.03667,0.225973,-0.089894,-0.101089,0.135501,0.066421,-0.075893,0.10522,0.007067
0.201909,0.205505,0.03667,0.225973,-0.089894,-0.101089,0.135501,0.066421,-0.075893,0.10522,0.007067,-0.075741
0.200645,0.205505,0.225973,-0.089894,-0.101089,0.135501,0.066421,-0.075893,0.10522,0.007067,-0.075741,0.050196
0.202396,0.205505,-0.089894,-0.101089,0.135501,0.066421,-0.075893,0.10522,0.007067,-0.075741,0.050196,0.201233
0.202513,0.205505,-0.101089,0.135501,0.066421,-0.075893,0.10522,0.007067,-0.075741,0.050196,0.201233,-0.071331
0.201254,0.205505,0.135501,0.066421,-0.075893,0.10522,0.007067,-0.075741,0.050196,0.201233,-0.071331,-0.099303
0.20209,0.205505,0.066421,-0.075893,0.10522,0.007067,-0.075741,0.050196,0.201233,-0.071331,-0.099303,0.112029
0.205436,0.205505,-0.075893,0.10522,0.007067,-0.075741,0.050196,0.201233,-0.071331,-0.099303,0.112029,0.069408
0.204252,0.205505,0.10522,0.007067,-0.075741,0.050196,0.201233,-0.071331,-0.099303,0.112029,0.069408,-0.084548
0.202604,0.205505,0.007067,-0.075741,0.050196,0.201233,-0.071331,-0.099303,0.112029,0.069408,-0.084548,0.111918
0.204464,0.205505,-0.075741,0.050196,0.201233,-0.071331,-0.099303,0.112029,0.069408,-0.084548,0.111918,-0.03122
0.205617,0.205505,0.050196,0.201233,-0.071331,-0.099303,0.112029,0.069408,-0.084548,0.111918,-0.03122,-0.016343
0.204212,0.205505,0.201233,-0.071331,-0.099303,0.112029,0.069408,-0.084548,0.111918,-0.03122,-0.016343,0.031172
0.206069,0.205505,-0.071331,-0.099303,0.112029,0.069408,-0.084548,0.111918,-0.03122,-0.016343,0.031172,0.211596
0.205552,0.205505,-0.099303,0.112029,0.069408,-0.084548,0.111918,-0.03122,-0.016343,0.031172,0.211596,-0.085507
0.205281,0.205505,0.112029,0.069408,-0.084548,0.111918,-0.03122,-0.016343,0.031172,0.211596,-0.085507,-0.141306
0.205798,0.205505,0.069408,-0.084548,0.111918,-0.03122,-0.016343,0.031172,0.211596,-0.085507,-0.141306,-0.038236
0.209306,0.205505,-0.084548,0.111918,-0.03122,-0.016343,0.031172,0.211596,-0.085507,-0.141306,-0.038236,-0.069651
0.207892,0.205505,0.111918,-0.03122,-0.016343,0.031172,0.211596,-0.085507,-0.141306,-0.038236,-0.069651,-0.000059
0.205552,0.205505,-0.03122,-0.016343,0.031172,0.211596,-0.085507,-0.141306,-0.038236,-0.069651,-0.000059,-0.016703
0.204918,0.205505,-0.016343,0.031172,0.211596,-0.085507,-0.141306,-0.038236,-0.069651,-0.000059,-0.016703,0.039896
0.20376,0.205505,0.031172,0.211596,-0.085507,-0.141306,-0.038236,-0.069651,-0.000059,-0.016703,0.039896,0.005633
0.203759,0.205505,0.211596,-0.085507,-0.141306,-0.038236,-0.069651,-0.000059,-0.016703,0.039896,0.005633,-0.001503
0.203482,0.205505,-0.085507,-0.141306,-0.038236,-0.069651,-0.000059,-0.016703,0.039896,0.005633,-0.001503,0.095521
0.204144,0.205505,-0.141306,-0.038236,-0.069651,-0.000059,-0.016703,0.039896,0.005633,-0.001503,0.095521,-0.022113
0.204238,0.205505,-0.038236,-0.069651,-0.000059,-0.016703,0.039896,0.005633,-0.001503,0.095521,-0.022113,-0.262892
0.204213,0.205505,-0.069651,-0.000059,-0.016703,0.039896,0.005633,-0.001503,0.095521,-0.022113,-0.262892,0.190757
0.2058,0.205505,-0.000059,-0.016703,0.039896,0.005633,-0.001503,0.095521,-0.022113,-0.262892,0.190757,0.03937
0.205433,0.205505,-0.016703,0.039896,0.005633,-0.001503,0.095521,-0.022113,-0.262892,0.190757,0.03937,-0.225437
0.201067,0.205505,0.039896,0.005633,-0.001503,0.095521,-0.022113,-0.262892,0.190757,0.03937,-0.225437,0.091778
0.204238,0.204346,0.005633,-0.001503,0.095521,-0.022113,-0.262892,0.190757,0.03937,-0.225437,0.091778,-0.028316
0.204892,0.204346,-0.001503,0.095521,-0.022113,-0.262892,0.190757,0.03937,-0.225437,0.091778,-0.028316,-0.154069
0.20114,0.204346,0.095521,-0.022113,-0.262892,0.190757,0.03937,-0.225437,0.091778,-0.028316,-0.154069,-0.03601
0.202667,0.204346,-0.022113,-0.262892,0.190757,0.03937,-0.225437,0.091778,-0.028316,-0.154069,-0.03601,0.291893
0.202197,0.204346,-0.262892,0.190757,0.03937,-0.225437,0.091778,-0.028316,-0.154069,-0.03601,0.291893,-0.049402
0.199632,0.204346,0.190757,0.03937,-0.225437,0.091778,-0.028316,-0.154069,-0.03601,0.291893,-0.049402,-0.13702
0.199031,0.204346,0.03937,-0.225437,0.091778,-0.028316,-0.154069,-0.03601,0.291893,-0.049402,-0.13702,0.138856
0.203895,0.204346,-0.225437,0.091778,-0.028316,-0.154069,-0.03601,0.291893,-0.049402,-0.13702,0.138856,0.085647
0.203074,0.204346,0.091778,-0.028316,-0.154069,-0.03601,0.291893,-0.049402,-0.13702,0.138856,0.085647,-0.092536
0.200796,0.204346,-0.028316,-0.154069,-0.03601,0.291893,-0.049402,-0.13702,0.138856,0.085647,-0.092536,0.136118
0.203106,0.204346,-0.154069,-0.03601,0.291893,-0.049402,-0.13702,0.138856,0.085647,-0.092536,0.136118,0.001694
0.204529,0.204346,-0.03601,0.291893,-0.049402,-0.13702,0.138856,0.085647,-0.092536,0.136118,0.001694,-0.070974
0.20299,0.204346,0.291893,-0.049402,-0.13702,0.138856,0.085647,-0.092536,0.136118,0.001694,-0.070974,0.05301
0.205251,0.204346,-0.049402,-0.13702,0.138856,0.085647,-0.092536,0.136118,0.001694,-0.070974,0.05301,0.205607
0.205279,0.204346,-0.13702,0.138856,0.085647,-0.092536,0.136118,0.001694,-0.070974,0.05301,0.205607,-0.088129
0.204102,0.204346,0.138856,0.085647,-0.092536,0.136118,0.001694,-0.070974,0.05301,0.205607,-0.088129,-0.091679
0.204982,0.204346,0.085647,-0.092536,0.136118,0.001694,-0.070974,0.05301,0.205607,-0.088129,-0.091679,0.109892
0.208394,0.204346,-0.092536,0.136118,0.001694,-0.070974,0.05301,0.205607,-0.088129,-0.091679,0.109892,0.058621
0.206934,0.205109,0.136118,0.001694,-0.070974,0.05301,0.205607,-0.088129,-0.091679,0.109892,0.058621,-0.090429
0.205416,0.205109,0.001694,-0.070974,0.05301,0.205607,-0.088129,-0.091679,0.109892,0.058621,-0.090429,0.12939
0.207236,0.205109,-0.070974,0.05301,0.205607,-0.088129,-0.091679,0.109892,0.058621,-0.090429,0.12939,-0.02862
0.208208,0.205109,0.05301,0.205607,-0.088129,-0.091679,0.109892,0.058621,-0.090429,0.12939,-0.02862,-0.022151
0.206708,0.205109,0.205607,-0.088129,-0.091679,0.109892,0.058621,-0.090429,0.12939,-0.02862,-0.022151,0.022869
0.208851,0.205109,-0.088129,-0.091679,0.109892,0.058621,-0.090429,0.12939,-0.02862,-0.022151,0.022869,0.080179
0.208378,0.205109,-0.091679,0.109892,0.058621,-0.090429,0.12939,-0.02862,-0.022151,0.022869,0.080179,-0.046901
0.208011,0.205109,0.109892,0.058621,-0.090429,0.12939,-0.02862,-0.022151,0.022869,0.080179,-0.046901,-0.254164
0.20839,0.205109,0.058621,-0.090429,0.12939,-0.02862,-0.022151,0.022869,0.080179,-0.046901,-0.254164,0.164742
0.209718,0.205109,-0.090429,0.12939,-0.02862,-0.022151,0.022869,0.080179,-0.046901,-0.254164,0.164742,0.086159
0.208942,0.205109,0.12939,-0.02862,-0.022151,0.022869,0.080179,-0.046901,-0.254164,0.164742,0.086159,-0.076806
0.204734,0.205109,-0.02862,-0.022151,0.022869,0.080179,-0.046901,-0.254164,0.164742,0.086159,-0.076806,0.126982
0.207464,0.205109,-0.022151,0.022869,0.080179,-0.046901,-0.254164,0.164742,0.086159,-0.076806,0.126982,-0.017582
0.208891,0.205109,0.022869,0.080179,-0.046901,-0.254164,0.164742,0.086159,-0.076806,0.126982,-0.017582,-0.030558
0.207619,0.205109,0.080179,-0.046901,-0.254164,0.164742,0.086159,-0.076806,0.126982,-0.017582,-0.030558,0.020069
0.20972,0.205109,-0.046901,-0.254164,0.164742,0.086159,-0.076806,0.126982,-0.017582,-0.030558,0.020069,0.210846
0.209429,0.205109,-0.254164,0.164742,0.086159,-0.076806,0.126982,-0.017582,-0.030558,0.020069,0.210846,-0.074845
0.208924,0.205109,0.164742,0.086159,-0.076806,0.126982,-0.017582,-0.030558,0.020069,0.210846,-0.074845,-0.095402
0.209256,0.205109,0.086159,-0.076806,0.126982,-0.017582,-0.030558,0.020069,0.210846,-0.074845,-0.095402,0.138692
0.212742,0.205109,-0.076806,0.126982,-0.017582,-0.030558,0.020069,0.210846,-0.074845,-0.095402,0.138692,0.042166
0.211507,0.205109,0.126982,-0.017582,-0.030558,0.020069,0.210846,-0.074845,-0.095402,0.138692,0.042166,-0.08011
0.209933,0.205109,-0.017582,-0.030558,0.020069,0.210846,-0.074845,-0.095402,0.138692,0.042166,-0.08011,0.125755
0.212222,0.205109,-0.030558,0.020069,0.210846,-0.074845,-0.095402,0.138692,0.042166,-0.08011,0.125755,-0.003683
0.212918,0.205109,0.020069,0.210846,-0.074845,-0.095402,0.138692,0.042166,-0.08011,0.125755,-0.003683,-0.086904
0.211595,0.205109,0.210846,-0.074845,-0.095402,0.138692,0.042166,-0.08011,0.125755,-0.003683,-0.086904,0.033825
0.213668,0.205109,-0.074845,-0.095402,0.138692,0.042166,-0.08011,0.125755,-0.003683,-0.086904,0.033825,0.232535
0.213608,0.205109,-0.095402,0.138692,0.042166,-0.08011,0.125755,-0.003683,-0.086904,0.033825,0.232535,-0.092093
0.212176,0.205109,0.138692,0.042166,-0.08011,0.125755,-0.003683,-0.086904,0.033825,0.232535,-0.092093,-0.107349
0.212734,0.205109,0.042166,-0.08011,0.125755,-0.003683,-0.086904,0.033825,0.232535,-0.092093,-0.107349,0.114374
0.216567,0.205109,-0.08011,0.125755,-0.003683,-0.086904,0.033825,0.232535,-0.092093,-0.107349,0.114374,0.078645
0.215052,0.205109,0.125755,-0.003683,-0.086904,0.033825,0.232535,-0.092093,-0.107349,0.114374,0.078645,-0.091798
0.213285,0.205109,-0.003683,-0.086904,0.033825,0.232535,-0.092093,-0.107349,0.114374,0.078645,-0.091798,0.093259
0.215168,0.205109,-0.086904,0.033825,0.232535,-0.092093,-0.107349,0.114374,0.078645,-0.091798,0.093259,-0.006465
0.216463,0.205109,0.033825,0.232535,-0.092093,-0.107349,0.114374,0.078645,-0.091798,0.093259,-0.006465,-0.053997
0.214951,0.204224,0.232535,-0.092093,-0.107349,0.114374,0.078645,-0.091798,0.093259,-0.006465,-0.053997,0.025369
0.216485,0.204224,-0.092093,-0.107349,0.114374,0.078645,-0.091798,0.093259,-0.006465,-0.053997,0.025369,0.194955
0.216379,0.204224,-0.107349,0.114374,0.078645,-0.091798,0.093259,-0.006465,-0.053997,0.025369,0.194955,-0.075531
0.215491,0.204224,0.114374,0.078645,-0.091798,0.093259,-0.006465,-0.053997,0.025369,0.194955,-0.075531,-0.102408
0.215909,0.204224,0.078645,-0.091798,0.093259,-0.006465,-0.053997,0.025369,0.194955,-0.075531,-0.102408,0.112193
0.219115,0.204224,-0.091798,0.093259,-0.006465,-0.053997,0.025369,0.194955,-0.075531,-0.102408,0.112193,0.05915
0.217875,0.204224,0.093259,-0.006465,-0.053997,0.025369,0.194955,-0.075531,-0.102408,0.112193,0.05915,-0.086596
0.216194,0.204224,-0.006465,-0.053997,0.025369,0.194955,-0.075531,-0.102408,0.112193,0.05915,-0.086596,0.119596
0.218036,0.204224,-0.053997,0.025369,0.194955,-0.075531,-0.102408,0.112193,0.05915,-0.086596,0.119596,0.0248
0.219008,0.204224,0.025369,0.194955,-0.075531,-0.102408,0.112193,0.05915,-0.086596,0.119596,0.0248,-0.085831
0.217585,0.204224,0.194955,-0.075531,-0.102408,0.112193,0.05915,-0.086596,0.119596,0.0248,-0.085831,0.019609
0.219547,0.204224,-0.075531,-0.102408,0.112193,0.05915,-0.086596,0.119596,0.0248,-0.085831,0.019609,0.239316
0.219954,0.204224,-0.102408,0.112193,0.05915,-0.086596,0.119596,0.0248,-0.085831,0.019609,0.239316,-0.209547
0.218546,0.204224,0.112193,0.05915,-0.086596,0.119596,0.0248,-0.085831,0.019609,0.239316,-0.209547,-0.102751
0.218868,0.204224,0.05915,-0.086596,0.119596,0.0248,-0.085831,0.019609,0.239316,-0.209547,-0.102751,-0.011957
0.222793,0.204224,-0.086596,0.119596,0.0248,-0.085831,0.019609,0.239316,-0.209547,-0.102751,-0.011957,0.1467
0.219361,0.204224,0.119596,0.0248,-0.085831,0.019609,0.239316,-0.209547,-0.102751,-0.011957,0.1467,-0.196553
0.217676,0.204224,0.0248,-0.085831,0.019609,0.239316,-0.209547,-0.102751,-0.011957,0.1467,-0.196553,0.1051
0.21748,0.202393,-0.085831,0.019609,0.239316,-0.209547,-0.102751,-0.011957,0.1467,-0.196553,0.1051,-0.10253
0.219889,0.202393,0.019609,0.239316,-0.209547,-0.102751,-0.011957,0.1467,-0.196553,0.1051,-0.10253,0.007842
0.216659,0.202393,0.239316,-0.209547,-0.102751,-0.011957,0.1467,-0.196553,0.1051,-0.10253,0.007842,0.002845
0.218386,0.202393,-0.209547,-0.102751,-0.011957,0.1467,-0.196553,0.1051,-0.10253,0.007842,0.002845,0.04575
0.216703,0.202393,-0.102751,-0.011957,0.1467,-0.196553,0.1051,-0.10253,0.007842,0.002845,0.04575,-0.078186
0.216832,0.202393,-0.011957,0.1467,-0.196553,0.1051,-0.10253,0.007842,0.002845,0.04575,-0.078186,-0.096441
0.216879,0.202393,0.1467,-0.196553,0.1051,-0.10253,0.007842,0.002845,0.04575,-0.078186,-0.096441,0.162617
0.217631,0.202393,-0.196553,0.1051,-0.10253,0.007842,0.002845,0.04575,-0.078186,-0.096441,0.162617,0.042204
0.216346,0.202393,0.1051,-0.10253,0.007842,0.002845,0.04575,-0.078186,-0.096441,0.162617,0.042204,-0.078031
0.214761,0.202393,-0.10253,0.007842,0.002845,0.04575,-0.078186,-0.096441,0.162617,0.042204,-0.078031,0.141986
0.217434,0.202393,0.007842,0.002845,0.04575,-0.078186,-0.096441,0.162617,0.042204,-0.078031,0.141986,-0.023468
0.218127,0.202393,0.002845,0.04575,-0.078186,-0.096441,0.162617,0.042204,-0.078031,0.141986,-0.023468,-0.037511
0.216844,0.202393,0.04575,-0.078186,-0.096441,0.162617,0.042204,-0.078031,0.141986,-0.023468,-0.037511,0.025276
0.219175,0.202393,-0.078186,-0.096441,0.162617,0.042204,-0.078031,0.141986,-0.023468,-0.037511,0.025276,0.210643
0.218791,0.202393,-0.096441,0.162617,0.042204,-0.078031,0.141986,-0.023468,-0.037511,0.025276,0.210643,-0.055922
0.218175,0.202393,0.162617,0.042204,-0.078031,0.141986,-0.023468,-0.037511,0.025276,0.210643,-0.055922,-0.117357
0.21859,0.202393,0.042204,-0.078031,0.141986,-0.023468,-0.037511,0.025276,0.210643,-0.055922,-0.117357,0.112843
0.222046,0.202393,-0.078031,0.141986,-0.023468,-0.037511,0.025276,0.210643,-0.055922,-0.117357,0.112843,0.056444
0.221131,0.202393,0.141986,-0.023468,-0.037511,0.025276,0.210643,-0.055922,-0.117357,0.112843,0.056444,-0.106899
0.219209,0.202393,-0.023468,-0.037511,0.025276,0.210643,-0.055922,-0.117357,0.112843,0.056444,-0.106899,0.149157
0.221058,0.202393,-0.037511,0.025276,0.210643,-0.055922,-0.117357,0.112843,0.056444,-0.106899,0.149157,-0.057883
0.221982,0.202393,0.025276,0.210643,-0.055922,-0.117357,0.112843,0.056444,-0.106899,0.149157,-0.057883,-0.026573
0.22023,0.202393,0.210643,-0.055922,-0.117357,0.112843,0.056444,-0.106899,0.149157,-0.057883,-0.026573,0.016638
0.222672,0.202393,-0.055922,-0.117357,0.112843,0.056444,-0.106899,0.149157,-0.057883,-0.026573,0.016638,0.218103
0.221725,0.202393,-0.117357,0.112843,0.056444,-0.106899,0.149157,-0.057883,-0.026573,0.016638,0.218103,-0.099101
0.221291,0.202393,0.112843,0.056444,-0.106899,0.149157,-0.057883,-0.026573,0.016638,0.218103,-0.099101,-0.115138
0.221563,0.202393,0.056444,-0.106899,0.149157,-0.057883,-0.026573,0.016638,0.218103,-0.099101,-0.115138,0.127684
0.225132,0.202393,-0.106899,0.149157,-0.057883,-0.026573,0.016638,0.218103,-0.099101,-0.115138,0.127684,0.056557
0.223514,0.202393,0.149157,-0.057883,-0.026573,0.016638,0.218103,-0.099101,-0.115138,0.127684,0.056557,-0.113146
0.221632,0.202393,-0.057883,-0.026573,0.016638,0.218103,-0.099101,-0.115138,0.127684,0.056557,-0.113146,0.107189
0.223719,0.202393,-0.026573,0.016638,0.218103,-0.099101,-0.115138,0.127684,0.056557,-0.113146,0.107189,0.002199
0.224644,0.202393,0.016638,0.218103,-0.099101,-0.115138,0.127684,0.056557,-0.113146,0.107189,0.002199,-0.052742
0.222793,0.202911,0.218103,-0.099101,-0.115138,0.127684,0.056557,-0.113146,0.107189,0.002199,-0.052742,0.007922
0.224545,0.202911,-0.099101,-0.115138,0.127684,0.056557,-0.113146,0.107189,0.002199,-0.052742,0.007922,0.213706
0.224581,0.202911,-0.115138,0.127684,0.056557,-0.113146,0.107189,0.002199,-0.052742,0.007922,0.213706,-0.067768
0.223719,0.202911,0.127684,0.056557,-0.113146,0.107189,0.002199,-0.052742,0.007922,0.213706,-0.067768,-0.115848
0.223849,0.202911,0.056557,-0.113146,0.107189,0.002199,-0.052742,0.007922,0.213706,-0.067768,-0.115848,0.102426
0.22734,0.202911,-0.113146,0.107189,0.002199,-0.052742,0.007922,0.213706,-0.067768,-0.115848,0.102426,0.076817
0.226235,0.202911,0.107189,0.002199,-0.052742,0.007922,0.213706,-0.067768,-0.115848,0.102426,0.076817,-0.199694
0.224346,0.202911,0.002199,-0.052742,0.007922,0.213706,-0.067768,-0.115848,0.102426,0.076817,-0.199694,0.147956
0.226017,0.202911,-0.052742,0.007922,0.213706,-0.067768,-0.115848,0.102426,0.076817,-0.199694,0.147956,-0.150376
0.22727,0.202911,0.007922,0.213706,-0.067768,-0.115848,0.102426,0.076817,-0.199694,0.147956,-0.150376,-0.003937
0.224008,0.202911,0.213706,-0.067768,-0.115848,0.102426,0.076817,-0.199694,0.147956,-0.150376,-0.003937,0.025072
0.226423,0.202911,-0.067768,-0.115848,0.102426,0.076817,-0.199694,0.147956,-0.150376,-0.003937,0.025072,0.075745
0.223971,0.202911,-0.115848,0.102426,0.076817,-0.199694,0.147956,-0.150376,-0.003937,0.025072,0.075745,-0.113503
0.223907,0.202911,0.102426,0.076817,-0.199694,0.147956,-0.150376,-0.003937,0.025072,0.075745,-0.113503,-0.260412
0.224317,0.202911,0.076817,-0.199694,0.147956,-0.150376,-0.003937,0.025072,0.075745,-0.113503,-0.260412,0.004891
0.225555,0.202911,-0.199694,0.147956,-0.150376,-0.003937,0.025072,0.075745,-0.113503,-0.260412,0.004891,-0.138405
0.223701,0.202911,0.147956,-0.150376,-0.003937,0.025072,0.075745,-0.113503,-0.260412,0.004891,-0.138405,-0.018939
0.219442,0.200439,-0.150376,-0.003937,0.025072,0.075745,-0.113503,-0.260412,0.004891,-0.138405,-0.018939,-0.016212
0.219522,0.200439,-0.003937,0.025072,0.075745,-0.113503,-0.260412,0.004891,-0.138405,-0.018939,-0.016212,0.069764
0.217248,0.200439,0.025072,0.075745,-0.113503,-0.260412,0.004891,-0.138405,-0.018939,-0.016212,0.069764,-0.042996
0.216937,0.200439,0.075745,-0.113503,-0.260412,0.004891,-0.138405,-0.018939,-0.016212,0.069764,-0.042996,0.008434
0.21667,0.200439,-0.113503,-0.260412,0.004891,-0.138405,-0.018939,-0.016212,0.069764,-0.042996,0.008434,0.235419
0.217815,0.200439,-0.260412,0.004891,-0.138405,-0.018939,-0.016212,0.069764,-0.042996,0.008434,0.235419,-0.053024
0.21711,0.200439,0.004891,-0.138405,-0.018939,-0.016212,0.069764,-0.042996,0.008434,0.235419,-0.053024,-0.111461
0.217248,0.200439,-0.138405,-0.018939,-0.016212,0.069764,-0.042996,0.008434,0.235419,-0.053024,-0.111461,0.135419
0.221114,0.200439,-0.018939,-0.016212,0.069764,-0.042996,0.008434,0.235419,-0.053024,-0.111461,0.135419,0.045061
0.220245,0.200439,-0.016212,0.069764,-0.042996,0.008434,0.235419,-0.053024,-0.111461,0.135419,0.045061,-0.075625
0.218419,0.200439,0.069764,-0.042996,0.008434,0.235419,-0.053024,-0.111461,0.135419,0.045061,-0.075625,0.140544
0.220638,0.200439,-0.042996,0.008434,0.235419,-0.053024,-0.111461,0.135419,0.045061,-0.075625,0.140544,-0.052145
0.221377,0.200439,0.008434,0.235419,-0.053024,-0.111461,0.135419,0.045061,-0.075625,0.140544,-0.052145,-0.02656
0.220137,0.200439,0.235419,-0.053024,-0.111461,0.135419,0.045061,-0.075625,0.140544,-0.052145,-0.02656,0.022333
0.222438,0.200439,-0.053024,-0.111461,0.135419,0.045061,-0.075625,0.140544,-0.052145,-0.02656,0.022333,0.192273
0.221585,0.200439,-0.111461,0.135419,0.045061,-0.075625,0.140544,-0.052145,-0.02656,0.022333,0.192273,-0.05034
0.221151,0.200439,0.135419,0.045061,-0.075625,0.140544,-0.052145,-0.02656,0.022333,0.192273,-0.05034,-0.135213
0.221517,0.200439,0.045061,-0.075625,0.140544,-0.052145,-0.02656,0.022333,0.192273,-0.05034,-0.135213,0.096187
0.224664,0.200439,-0.075625,0.140544,-0.052145,-0.02656,0.022333,0.192273,-0.05034,-0.135213,0.096187,0.079424
0.223842,0.200439,0.140544,-0.052145,-0.02656,0.022333,0.192273,-0.05034,-0.135213,0.096187,0.079424,-0.10456
0.221632,0.200439,-0.052145,-0.02656,0.022333,0.192273,-0.05034,-0.135213,0.096187,0.079424,-0.10456,0.133047
0.223205,0.200439,-0.02656,0.022333,0.192273,-0.05034,-0.135213,0.096187,0.079424,-0.10456,0.133047,-0.032303
0.224504,0.200439,0.022333,0.192273,-0.05034,-0.135213,0.096187,0.079424,-0.10456,0.133047,-0.032303,-0.038392
0.222793,0.200439,0.192273,-0.05034,-0.135213,0.096187,0.079424,-0.10456,0.133047,-0.032303,-0.038392,0.01936
0.224967,0.200439,-0.05034,-0.135213,0.096187,0.079424,-0.10456,0.133047,-0.032303,-0.038392,0.01936,0.199434
0.22444,0.200439,-0.135213,0.096187,0.079424,-0.10456,0.133047,-0.032303,-0.038392,0.01936,0.199434,-0.087949
0.223813,0.200439,0.096187,0.079424,-0.10456,0.133047,-0.032303,-0.038392,0.01936,0.199434,-0.087949,-0.095663
0.22413,0.200439,0.079424,-0.10456,0.133047,-0.032303,-0.038392,0.01936,0.199434,-0.087949,-0.095663,0.099549
0.227387,0.200439,-0.10456,0.133047,-0.032303,-0.038392,0.01936,0.199434,-0.087949,-0.095663,0.099549,0.062411
0.225953,0.200439,0.133047,-0.032303,-0.038392,0.01936,0.199434,-0.087949,-0.095663,0.099549,0.062411,-0.087834
0.224393,0.200439,-0.032303,-0.038392,0.01936,0.199434,-0.087949,-0.095663,0.099549,0.062411,-0.087834,0.119718
0.226017,0.200439,-0.038392,0.01936,0.199434,-0.087949,-0.095663,0.099549,0.062411,-0.087834,0.119718,-0.006399
0.227035,0.200439,0.01936,0.199434,-0.087949,-0.095663,0.099549,0.062411,-0.087834,0.119718,-0.006399,-0.053295
0.225601,0.201599,0.199434,-0.087949,-0.095663,0.099549,0.062411,-0.087834,0.119718,-0.006399,-0.053295,0.010579
0.227553,0.201599,-0.087949,-0.095663,0.099549,0.062411,-0.087834,0.119718,-0.006399,-0.053295,0.010579,0.212507
0.227449,0.201599,-0.095663,0.099549,0.062411,-0.087834,0.119718,-0.006399,-0.053295,0.010579,0.212507,-0.068027
0.226581,0.201599,0.099549,0.062411,-0.087834,0.119718,-0.006399,-0.053295,0.010579,0.212507,-0.068027,-0.110812
0.226754,0.201599,0.062411,-0.087834,0.119718,-0.006399,-0.053295,0.010579,0.212507,-0.068027,-0.110812,0.100081
0.230217,0.201599,-0.087834,0.119718,-0.006399,-0.053295,0.010579,0.212507,-0.068027,-0.110812,0.100081,0.088691
0.22911,0.201599,0.119718,-0.006399,-0.053295,0.010579,0.212507,-0.068027,-0.110812,0.100081,0.088691,-0.111504
0.227308,0.201599,-0.006399,-0.053295,0.010579,0.212507,-0.068027,-0.110812,0.100081,0.088691,-0.111504,0.059705
0.228937,0.201599,-0.053295,0.010579,0.212507,-0.068027,-0.110812,0.100081,0.088691,-0.111504,0.059705,-0.11961
0.23038,0.201599,0.010579,0.212507,-0.068027,-0.110812,0.100081,0.088691,-0.111504,0.059705,-0.11961,-0.096577
0.228564,0.201599,0.212507,-0.068027,-0.110812,0.100081,0.088691,-0.111504,0.059705,-0.11961,-0.096577,0.06529
0.229536,0.201599,-0.068027,-0.110812,0.100081,0.088691,-0.111504,0.059705,-0.11961,-0.096577,0.06529,0.218507
0.227591,0.201599,-0.110812,0.100081,0.088691,-0.111504,0.059705,-0.11961,-0.096577,0.06529,0.218507,-0.068055
0.226017,0.201599,0.100081,0.088691,-0.111504,0.059705,-0.11961,-0.096577,0.06529,0.218507,-0.068055,-0.113815
0.227082,0.201599,0.088691,-0.111504,0.059705,-0.11961,-0.096577,0.06529,0.218507,-0.068055,-0.113815,0.120491
0.230642,0.201599,-0.111504,0.059705,-0.11961,-0.096577,0.06529,0.218507,-0.068055,-0.113815,0.120491,0.074236
0.229536,0.201477,0.059705,-0.11961,-0.096577,0.06529,0.218507,-0.068055,-0.113815,0.120491,0.074236,-0.120295
0.227685,0.201477,-0.11961,-0.096577,0.06529,0.218507,-0.068055,-0.113815,0.120491,0.074236,-0.120295,0.126782
0.229645,0.201477,-0.096577,0.06529,0.218507,-0.068055,-0.113815,0.120491,0.074236,-0.120295,0.126782,0.002381
0.230853,0.201477,0.06529,0.218507,-0.068055,-0.113815,0.120491,0.074236,-0.120295,0.126782,0.002381,-0.053975
0.228894,0.201477,0.218507,-0.068055,-0.113815,0.120491,0.074236,-0.120295,0.126782,0.002381,-0.053975,-0.00129
0.230956,0.201477,-0.068055,-0.113815,0.120491,0.074236,-0.120295,0.126782,0.002381,-0.053975,-0.00129,0.208593
0.230994,0.201477,-0.113815,0.120491,0.074236,-0.120295,0.126782,0.002381,-0.053975,-0.00129,0.208593,-0.056591
0.230118,0.201477,0.120491,0.074236,-0.120295,0.126782,0.002381,-0.053975,-0.00129,0.208593,-0.056591,-0.135016
0.230097,0.201477,0.074236,-0.120295,0.126782,0.002381,-0.053975,-0.00129,0.208593,-0.056591,-0.135016,0.097718
0.233487,0.201477,-0.120295,0.126782,0.002381,-0.053975,-0.00129,0.208593,-0.056591,-0.135016,0.097718,0.089049
0.232569,0.201477,0.126782,0.002381,-0.053975,-0.00129,0.208593,-0.056591,-0.135016,0.097718,0.089049,-0.106317
0.230378,0.201477,0.002381,-0.053975,-0.00129,0.208593,-0.056591,-0.135016,0.097718,0.089049,-0.106317,0.139618
0.231965,0.201477,-0.053975,-0.00129,0.208593,-0.056591,-0.135016,0.097718,0.089049,-0.106317,0.139618,-0.053374
0.233411,0.201477,-0.00129,0.208593,-0.056591,-0.135016,0.097718,0.089049,-0.106317,0.139618,-0.053374,-0.033901
0.231684,0.201477,0.208593,-0.056591,-0.135016,0.097718,0.089049,-0.106317,0.139618,-0.053374,-0.033901,0.027675
0.233949,0.201477,-0.056591,-0.135016,0.097718,0.089049,-0.106317,0.139618,-0.053374,-0.033901,0.027675,0.210243
0.233084,0.201477,-0.135016,0.097718,0.089049,-0.106317,0.139618,-0.053374,-0.033901,0.027675,0.210243,-0.095072
0.232534,0.201477,0.097718,0.089049,-0.106317,0.139618,-0.053374,-0.033901,0.027675,0.210243,-0.095072,-0.123984
0.232984,0.201477,0.089049,-0.106317,0.139618,-0.053374,-0.033901,0.027675,0.210243,-0.095072,-0.123984,0.121691
0.236393,0.201477,-0.106317,0.139618,-0.053374,-0.033901,0.027675,0.210243,-0.095072,-0.123984,0.121691,0.0835
0.234854,0.201477,0.139618,-0.053374,-0.033901,0.027675,0.210243,-0.095072,-0.123984,0.121691,0.0835,-0.121537
0.232846,0.201477,-0.053374,-0.033901,0.027675,0.210243,-0.095072,-0.123984,0.121691,0.0835,-0.121537,0.137719
0.234818,0.201477,-0.033901,0.027675,0.210243,-0.095072,-0.123984,0.121691,0.0835,-0.121537,0.137719,-0.027048
0.23617,0.201477,0.027675,0.210243,-0.095072,-0.123984,0.121691,0.0835,-0.121537,0.137719,-0.027048,-0.060847
0.2342,0.201477,0.210243,-0.095072,-0.123984,0.121691,0.0835,-0.121537,0.137719,-0.027048,-0.060847,0.004093
0.23643,0.201477,-0.095072,-0.123984,0.121691,0.0835,-0.121537,0.137719,-0.027048,-0.060847,0.004093,0.087261
0.235993,0.201477,-0.123984,0.121691,0.0835,-0.121537,0.137719,-0.027048,-0.060847,0.004093,0.087261,-0.024295
0.235008,0.201477,0.121691,0.0835,-0.121537,0.137719,-0.027048,-0.060847,0.004093,0.087261,-0.024295,-0.253486
0.235074,0.201477,0.0835,-0.121537,0.137719,-0.027048,-0.060847,0.004093,0.087261,-0.024295,-0.253486,0.139128
0.236488,0.201477,-0.121537,0.137719,-0.027048,-0.060847,0.004093,0.087261,-0.024295,-0.253486,0.139128,0.095209
0.236095,0.201477,0.137719,-0.027048,-0.060847,0.004093,0.087261,-0.024295,-0.253486,0.139128,0.095209,-0.124378
0.231991,0.201477,-0.027048,-0.060847,0.004093,0.087261,-0.024295,-0.253486,0.139128,0.095209,-0.124378,0.158226
0.234246,0.201477,-0.060847,0.004093,0.087261,-0.024295,-0.253486,0.139128,0.095209,-0.124378,0.158226,-0.05068
0.235789,0.201477,0.004093,0.087261,-0.024295,-0.253486,0.139128,0.095209,-0.124378,0.158226,-0.05068,-0.051921
0.233772,0.200958,0.087261,-0.024295,-0.253486,0.139128,0.095209,-0.124378,0.158226,-0.05068,-0.051921,0.030545
0.236334,0.200958,-0.024295,-0.253486,0.139128,0.095209,-0.124378,0.158226,-0.05068,-0.051921,0.030545,0.226325
0.235515,0.200958,-0.253486,0.139128,0.095209,-0.124378,0.158226,-0.05068,-0.051921,0.030545,0.226325,-0.201862
0.234675,0.200958,0.139128,0.095209,-0.124378,0.158226,-0.05068,-0.051921,0.030545,0.226325,-0.201862,-0.094775
0.23517,0.200958,0.095209,-0.124378,0.158226,-0.05068,-0.051921,0.030545,0.226325,-0.201862,-0.094775,-0.025238
0.238833,0.200958,-0.124378,0.158226,-0.05068,-0.051921,0.030545,0.226325,-0.201862,-0.094775,-0.025238,0.174577
0.23557,0.200958,0.158226,-0.05068,-0.051921,0.030545,0.226325,-0.201862,-0.094775,-0.025238,0.174577,-0.127476
0.234036,0.200958,-0.05068,-0.051921,0.030545,0.226325,-0.201862,-0.094775,-0.025238,0.174577,-0.127476,0.09053
0.233627,0.200958,-0.051921,0.030545,0.226325,-0.201862,-0.094775,-0.025238,0.174577,-0.127476,0.09053,0.023213
0.236456,0.200958,0.030545,0.226325,-0.201862,-0.094775,-0.025238,0.174577,-0.127476,0.09053,0.023213,-0.052057
0.234391,0.200958,0.226325,-0.201862,-0.094775,-0.025238,0.174577,-0.127476,0.09053,0.023213,-0.052057,0.004059
0.235856,0.200958,-0.201862,-0.094775,-0.025238,0.174577,-0.127476,0.09053,0.023213,-0.052057,0.004059,0.205728
0.236232,0.200958,-0.094775,-0.025238,0.174577,-0.127476,0.09053,0.023213,-0.052057,0.004059,0.205728,-0.192994
0.23539,0.200958,-0.025238,0.174577,-0.127476,0.09053,0.023213,-0.052057,0.004059,0.205728,-0.192994,-0.100678
0.235455,0.200958,0.174577,-0.127476,0.09053,0.023213,-0.052057,0.004059,0.205728,-0.192994,-0.100678,-0.034038
0.238785,0.200958,-0.127476,0.09053,0.023213,-0.052057,0.004059,0.205728,-0.192994,-0.100678,-0.034038,0.142139
0.235665,0.200958,0.09053,0.023213,-0.052057,0.004059,0.205728,-0.192994,-0.100678,-0.034038,0.142139,-0.11852
0.234036,0.200958,0.023213,-0.052057,0.004059,0.205728,-0.192994,-0.100678,-0.034038,0.142139,-0.11852,0.125776
0.233485,0.200439,-0.052057,0.004059,0.205728,-0.192994,-0.100678,-0.034038,0.142139,-0.11852,0.125776,0.005472
0.235789,0.200439,0.004059,0.205728,-0.192994,-0.100678,-0.034038,0.142139,-0.11852,0.125776,0.005472,-0.113808
0.233867,0.200439,0.205728,-0.192994,-0.100678,-0.034038,0.142139,-0.11852,0.125776,0.005472,-0.113808,-0.115734
0.235904,0.200439,-0.192994,-0.100678,-0.034038,0.142139,-0.11852,0.125776,0.005472,-0.113808,-0.115734,0.186301
0.235993,0.200439,-0.100678,-0.034038,0.142139,-0.11852,0.125776,0.005472,-0.113808,-0.115734,0.186301,-0.024327
0.234151,0.200439,-0.034038,0.142139,-0.11852,0.125776,0.005472,-0.113808,-0.115734,0.186301,-0.024327,-0.123994
0.232272,0.200439,0.142139,-0.11852,0.125776,0.005472,-0.113808,-0.115734,0.186301,-0.024327,-0.123994,0.1011
0.235295,0.200439,-0.11852,0.125776,0.005472,-0.113808,-0.115734,0.186301,-0.024327,-0.123994,0.1011,-0.104191
0.234902,0.200439,0.125776,0.005472,-0.113808,-0.115734,0.186301,-0.024327,-0.123994,0.1011,-0.104191,-0.097475
0.232894,0.200439,0.005472,-0.113808,-0.115734,0.186301,-0.024327,-0.123994,0.1011,-0.104191,-0.097475,0.080805
0.234532,0.200439,-0.113808,-0.115734,0.186301,-0.024327,-0.123994,0.1011,-0.104191,-0.097475,0.080805,-0.114593
0.232841,0.200439,-0.115734,0.186301,-0.024327,-0.123994,0.1011,-0.104191,-0.097475,0.080805,-0.114593,-0.082994
0.231257,0.200439,0.186301,-0.024327,-0.123994,0.1011,-0.104191,-0.097475,0.080805,-0.114593,-0.082994,0.097465
0.232569,0.200439,-0.024327,-0.123994,0.1011,-0.104191,-0.097475,0.080805,-0.114593,-0.082994,0.097465,0.22082
0.23071,0.200439,-0.123994,0.1011,-0.104191,-0.097475,0.080805,-0.114593,-0.082994,0.097465,0.22082,-0.109449
0.229361,0.200439,0.1011,-0.104191,-0.097475,0.080805,-0.114593,-0.082994,0.097465,0.22082,-0.109449,-0.076655
0.230947,0.200439,-0.104191,-0.097475,0.080805,-0.114593,-0.082994,0.097465,0.22082,-0.109449,-0.076655,0.109648
0.234533,0.200439,-0.097475,0.080805,-0.114593,-0.082994,0.097465,0.22082,-0.109449,-0.076655,0.109648,0.086279
0.232759,0.200439,0.080805,-0.114593,-0.082994,0.097465,0.22082,-0.109449,-0.076655,0.109648,0.086279,-0.121191
0.231516,0.200439,-0.114593,-0.082994,0.097465,0.22082,-0.109449,-0.076655,0.109648,0.086279,-0.121191,0.131223
0.233294,0.200439,-0.082994,0.097465,0.22082,-0.109449,-0.076655,0.109648,0.086279,-0.121191,0.131223,-0.035816
0.234694,0.200439,0.097465,0.22082,-0.109449,-0.076655,0.109648,0.086279,-0.121191,0.131223,-0.035816,-0.101515
0.232727,0.200439,0.22082,-0.109449,-0.076655,0.109648,0.086279,-0.121191,0.131223,-0.035816,-0.101515,-0.118068
0.234854,0.200439,-0.109449,-0.076655,0.109648,0.086279,-0.121191,0.131223,-0.035816,-0.101515,-0.118068,0.17378
0.234274,0.200439,-0.076655,0.109648,0.086279,-0.121191,0.131223,-0.035816,-0.101515,-0.118068,0.17378,-0.024353
0.232629,0.200439,0.109648,0.086279,-0.121191,0.131223,-0.035816,-0.101515,-0.118068,0.17378,-0.024353,-0.149787
0.230711,0.200439,0.086279,-0.121191,0.131223,-0.035816,-0.101515,-0.118068,0.17378,-0.024353,-0.149787,-0.100416
0.233534,0.200439,-0.121191,0.131223,-0.035816,-0.101515,-0.118068,0.17378,-0.024353,-0.149787,-0.100416,-0.084987
0.23314,0.200439,0.131223,-0.035816,-0.101515,-0.118068,0.17378,-0.024353,-0.149787,-0.100416,-0.084987,-0.070667
0.23071,0.200439,-0.035816,-0.101515,-0.118068,0.17378,-0.024353,-0.149787,-0.100416,-0.084987,-0.070667,0.160691
0.229078,0.200439,-0.101515,-0.118068,0.17378,-0.024353,-0.149787,-0.100416,-0.084987,-0.070667,0.160691,-0.015107
0.227694,0.200439,-0.118068,0.17378,-0.024353,-0.149787,-0.100416,-0.084987,-0.070667,0.160691,-0.015107,-0.088306
0.226541,0.200439,0.17378,-0.024353,-0.149787,-0.100416,-0.084987,-0.070667,0.160691,-0.015107,-0.088306,-0.107477
0.229158,0.199646,-0.024353,-0.149787,-0.100416,-0.084987,-0.070667,0.160691,-0.015107,-0.088306,-0.107477,0.211899
0.228912,0.199646,-0.149787,-0.100416,-0.084987,-0.070667,0.160691,-0.015107,-0.088306,-0.107477,0.211899,-0.062127
0.227475,0.199646,-0.100416,-0.084987,-0.070667,0.160691,-0.015107,-0.088306,-0.107477,0.211899,-0.062127,-0.142327
0.225721,0.199646,-0.084987,-0.070667,0.160691,-0.015107,-0.088306,-0.107477,0.211899,-0.062127,-0.142327,0.137434
0.229177,0.199646,-0.070667,0.160691,-0.015107,-0.088306,-0.107477,0.211899,-0.062127,-0.142327,0.137434,0.123394
0.228166,0.199646,0.160691,-0.015107,-0.088306,-0.107477,0.211899,-0.062127,-0.142327,0.137434,0.123394,-0.105662
0.225849,0.199646,-0.015107,-0.088306,-0.107477,0.211899,-0.062127,-0.142327,0.137434,0.123394,-0.105662,0.097462
0.228087,0.199646,-0.088306,-0.107477,0.211899,-0.062127,-0.142327,0.137434,0.123394,-0.105662,0.097462,-0.052947
0.230097,0.199646,-0.107477,0.211899,-0.062127,-0.142327,0.137434,0.123394,-0.105662,0.097462,-0.052947,-0.16635
0.228376,0.199646,0.211899,-0.062127,-0.142327,0.137434,0.123394,-0.105662,0.097462,-0.052947,-0.16635,-0.02965
0.229962,0.199646,-0.062127,-0.142327,0.137434,0.123394,-0.105662,0.097462,-0.052947,-0.16635,-0.02965,0.235212
0.229101,0.199646,-0.142327,0.137434,0.123394,-0.105662,0.097462,-0.052947,-0.16635,-0.02965,0.235212,-0.050568
0.226393,0.199646,0.137434,0.123394,-0.105662,0.097462,-0.052947,-0.16635,-0.02965,0.235212,-0.050568,-0.133901
0.225909,0.199646,0.123394,-0.105662,0.097462,-0.052947,-0.16635,-0.02965,0.235212,-0.050568,-0.133901,0.120273
0.229744,0.199646,-0.105662,0.097462,-0.052947,-0.16635,-0.02965,0.235212,-0.050568,-0.133901,0.120273,-0.084871
0.228922,0.199646,0.097462,-0.052947,-0.16635,-0.02965,0.235212,-0.050568,-0.133901,0.120273,-0.084871,0.001377
0.226743,0.199371,-0.052947,-0.16635,-0.02965,0.235212,-0.050568,-0.133901,0.120273,-0.084871,0.001377,-0.033138
0.228701,0.199371,-0.16635,-0.02965,0.235212,-0.050568,-0.133901,0.120273,-0.084871,0.001377,-0.033138,0.022508
0.227317,0.199371,-0.02965,0.235212,-0.050568,-0.133901,0.120273,-0.084871,0.001377,-0.033138,0.022508,-0.027271
0.22734,0.199371,0.235212,-0.050568,-0.133901,0.120273,-0.084871,0.001377,-0.033138,0.022508,-0.027271,0.007687
0.2268,0.199371,-0.050568,-0.133901,0.120273,-0.084871,0.001377,-0.033138,0.022508,-0.027271,0.007687,0.09372
0.227166,0.199371,-0.133901,0.120273,-0.084871,0.001377,-0.033138,0.022508,-0.027271,0.007687,0.09372,-0.007078
0.226722,0.199371,0.120273,-0.084871,0.001377,-0.033138,0.022508,-0.027271,0.007687,0.09372,-0.007078,-0.28332
0.226847,0.199371,-0.084871,0.001377,-0.033138,0.022508,-0.027271,0.007687,0.09372,-0.007078,-0.28332,0.157005
0.228376,0.199371,0.001377,-0.033138,0.022508,-0.027271,0.007687,0.09372,-0.007078,-0.28332,0.157005,-0.035367
0.228261,0.199371,-0.033138,0.022508,-0.027271,0.007687,0.09372,-0.007078,-0.28332,0.157005,-0.035367,-0.041773
0.223643,0.199371,0.022508,-0.027271,0.007687,0.09372,-0.007078,-0.28332,0.157005,-0.035367,-0.041773,-0.010159
0.226205,0.199371,-0.027271,0.007687,0.09372,-0.007078,-0.28332,0.157005,-0.035367,-0.041773,-0.010159,0.013719
0.225628,0.199371,0.007687,0.09372,-0.007078,-0.28332,0.157005,-0.035367,-0.041773,-0.010159,0.013719,-0.026993
0.224945,0.199371,0.09372,-0.007078,-0.28332,0.157005,-0.035367,-0.041773,-0.010159,0.013719,-0.026993,0.027914
0.224779,0.199371,-0.007078,-0.28332,0.157005,-0.035367,-0.041773,-0.010159,0.013719,-0.026993,0.027914,0.081675
0.225003,0.199371,-0.28332,0.157005,-0.035367,-0.041773,-0.010159,0.013719,-0.026993,0.027914,0.081675,-0.027379
0.224562,0.199371,0.157005,-0.035367,-0.041773,-0.010159,0.013719,-0.026993,0.027914,0.081675,-0.027379,-0.27033
0.225019,0.199371,-0.035367,-0.041773,-0.010159,0.013719,-0.026993,0.027914,0.081675,-0.027379,-0.27033,0.164913
0.226353,0.199371,-0.041773,-0.010159,0.013719,-0.026993,0.027914,0.081675,-0.027379,-0.27033,0.164913,0.068047
0.225906,0.199371,-0.010159,0.013719,-0.026993,0.027914,0.081675,-0.027379,-0.27033,0.164913,0.068047,-0.090421
0.221492,0.199371,0.013719,-0.026993,0.027914,0.081675,-0.027379,-0.27033,0.164913,0.068047,-0.090421,0.165182
0.224188,0.199371,-0.026993,0.027914,0.081675,-0.027379,-0.27033,0.164913,0.068047,-0.090421,0.165182,-0.029507
0.2253,0.199371,0.027914,0.081675,-0.027379,-0.27033,0.164913,0.068047,-0.090421,0.165182,-0.029507,-0.084629
0.223821,0.199371,0.081675,-0.027379,-0.27033,0.164913,0.068047,-0.090421,0.165182,-0.029507,-0.084629,0.022178
0.226517,0.199371,-0.027379,-0.27033,0.164913,0.068047,-0.090421,0.165182,-0.029507,-0.084629,0.022178,0.243334
0.226037,0.199371,-0.27033,0.164913,0.068047,-0.090421,0.165182,-0.029507,-0.084629,0.022178,0.243334,-0.099742
0.224656,0.199371,0.164913,0.068047,-0.090421,0.165182,-0.029507,-0.084629,0.022178,0.243334,-0.099742,-0.101729
0.225019,0.199371,0.068047,-0.090421,0.165182,-0.029507,-0.084629,0.022178,0.243334,-0.099742,-0.101729,0.099786
0.228989,0.199371,-0.090421,0.165182,-0.029507,-0.084629,0.022178,0.243334,-0.099742,-0.101729,0.099786,0.071159
0.227365,0.199371,0.165182,-0.029507,-0.084629,0.022178,0.243334,-0.099742,-0.101729,0.099786,0.071159,-0.090946
0.225708,0.199371,-0.029507,-0.084629,0.022178,0.243334,-0.099742,-0.101729,0.099786,0.071159,-0.090946,0.134766
0.227334,0.199371,-0.084629,0.022178,0.243334,-0.099742,-0.101729,0.099786,0.071159,-0.090946,0.134766,-0.038354
0.228494,0.199371,0.022178,0.243334,-0.099742,-0.101729,0.099786,0.071159,-0.090946,0.134766,-0.038354,-0.044826
0.227011,0.199371,0.243334,-0.099742,-0.101729,0.099786,0.071159,-0.090946,0.134766,-0.038354,-0.044826,0.030706
0.229205,0.199768,-0.099742,-0.101729,0.099786,0.071159,-0.090946,0.134766,-0.038354,-0.044826,0.030706,0.201769
0.228581,0.199768,-0.101729,0.099786,0.071159,-0.090946,0.134766,-0.038354,-0.044826,0.030706,0.201769,-0.094351
0.227852,0.199768,0.099786,0.071159,-0.090946,0.134766,-0.038354,-0.044826,0.030706,0.201769,-0.094351,-0.111066
0.228352,0.199768,0.071159,-0.090946,0.134766,-0.038354,-0.044826,0.030706,0.201769,-0.094351,-0.111066,0.138115
0.231636,0.199768,-0.090946,0.134766,-0.038354,-0.044826,0.030706,0.201769,-0.094351,-0.111066,0.138115,0.062656
0.230104,0.199768,0.134766,-0.038354,-0.044826,0.030706,0.201769,-0.094351,-0.111066,0.138115,0.062656,-0.108857
0.228298,0.199768,-0.038354,-0.044826,0.030706,0.201769,-0.094351,-0.111066,0.138115,0.062656,-0.108857,0.130058
0.230544,0.199768,-0.044826,0.030706,0.201769,-0.094351,-0.111066,0.138115,0.062656,-0.108857,0.130058,-0.021005
0.231562,0.199768,0.030706,0.201769,-0.094351,-0.111066,0.138115,0.062656,-0.108857,0.130058,-0.021005,-0.065744
0.229791,0.199768,0.201769,-0.094351,-0.111066,0.138115,0.062656,-0.108857,0.130058,-0.021005,-0.065744,0.001576
0.231904,0.199768,-0.094351,-0.111066,0.138115,0.062656,-0.108857,0.130058,-0.021005,-0.065744,0.001576,0.220563
0.231564,0.199768,-0.111066,0.138115,0.062656,-0.108857,0.130058,-0.021005,-0.065744,0.001576,0.220563,-0.077148
0.230496,0.199768,0.138115,0.062656,-0.108857,0.130058,-0.021005,-0.065744,0.001576,0.220563,-0.077148,-0.129268
0.230522,0.199768,0.062656,-0.108857,0.130058,-0.021005,-0.065744,0.001576,0.220563,-0.077148,-0.129268,0.103634
0.234105,0.199768,-0.108857,0.130058,-0.021005,-0.065744,0.001576,0.220563,-0.077148,-0.129268,0.103634,0.086179
0.232854,0.200043,0.130058,-0.021005,-0.065744,0.001576,0.220563,-0.077148,-0.129268,0.103634,0.086179,-0.115153
0.230757,0.200043,-0.021005,-0.065744,0.001576,0.220563,-0.077148,-0.129268,0.103634,0.086179,-0.115153,0.130921
0.232439,0.200043,-0.065744,0.001576,0.220563,-0.077148,-0.129268,0.103634,0.086179,-0.115153,0.130921,-0.026946
0.233838,0.200043,0.001576,0.220563,-0.077148,-0.129268,0.103634,0.086179,-0.115153,0.130921,-0.026946,-0.05743
0.231968,0.200043,0.220563,-0.077148,-0.129268,0.103634,0.086179,-0.115153,0.130921,-0.026946,-0.05743,0.048145
0.234091,0.200043,-0.077148,-0.129268,0.103634,0.086179,-0.115153,0.130921,-0.026946,-0.05743,0.048145,0.201684
0.233655,0.200043,-0.129268,0.103634,0.086179,-0.115153,0.130921,-0.026946,-0.05743,0.048145,0.201684,-0.083338
0.232724,0.200043,0.103634,0.086179,-0.115153,0.130921,-0.026946,-0.05743,0.048145,0.201684,-0.083338,-0.121209
0.233506,0.200043,0.086179,-0.115153,0.130921,-0.026946,-0.05743,0.048145,0.201684,-0.083338,-0.121209,0.115942
0.236775,0.200043,-0.115153,0.130921,-0.026946,-0.05743,0.048145,0.201684,-0.083338,-0.121209,0.115942,0.068813
0.235427,0.200043,0.130921,-0.026946,-0.05743,0.048145,0.201684,-0.083338,-0.121209,0.115942,0.068813,-0.101054
0.233465,0.200043,-0.026946,-0.05743,0.048145,0.201684,-0.083338,-0.121209,0.115942,0.068813,-0.101054,0.111353
0.235342,0.200043,-0.05743,0.048145,0.201684,-0.083338,-0.121209,0.115942,0.068813,-0.101054,0.111353,-0.006346
0.236456,0.200043,0.048145,0.201684,-0.083338,-0.121209,0.115942,0.068813,-0.101054,0.111353,-0.006346,-0.09632
0.234819,0.200043,0.201684,-0.083338,-0.121209,0.115942,0.068813,-0.101054,0.111353,-0.006346,-0.09632,-0.116041
0.236621,0.200043,-0.083338,-0.121209,0.115942,0.068813,-0.101054,0.111353,-0.006346,-0.09632,-0.116041,0.177877
0.236518,0.200043,-0.121209,0.115942,0.068813,-0.101054,0.111353,-0.006346,-0.09632,-0.116041,0.177877,-0.033159
0.234961,0.200043,0.115942,0.068813,-0.101054,0.111353,-0.006346,-0.09632,-0.116041,0.177877,-0.033159,-0.115331
0.233079,0.200043,0.068813,-0.101054,0.111353,-0.006346,-0.09632,-0.116041,0.177877,-0.033159,-0.115331,0.074716
0.235963,0.200043,-0.101054,0.111353,-0.006346,-0.09632,-0.116041,0.177877,-0.033159,-0.115331,0.074716,0.107064
0.235427,0.200043,0.111353,-0.006346,-0.09632,-0.116041,0.177877,-0.033159,-0.115331,0.074716,0.107064,-0.115744
0.23356,0.200043,-0.006346,-0.09632,-0.116041,0.177877,-0.033159,-0.115331,0.074716,0.107064,-0.115744,0.129029
0.23477,0.200043,-0.09632,-0.116041,0.177877,-0.033159,-0.115331,0.074716,0.107064,-0.115744,0.129029,-0.053675
0.236504,0.200043,-0.116041,0.177877,-0.033159,-0.115331,0.074716,0.107064,-0.115744,0.129029,-0.053675,-0.099067
0.234629,0.200043,0.177877,-0.033159,-0.115331,0.074716,0.107064,-0.115744,0.129029,-0.053675,-0.099067,-0.101175
0.236717,0.200043,-0.033159,-0.115331,0.074716,0.107064,-0.115744,0.129029,-0.053675,-0.099067,-0.101175,0.189415
0.235849,0.200043,-0.115331,0.074716,0.107064,-0.115744,0.129029,-0.053675,-0.099067,-0.101175,0.189415,-0.053777
0.234246,0.200043,0.074716,0.107064,-0.115744,0.129029,-0.053675,-0.099067,-0.101175,0.189415,-0.053777,-0.100493
0.232604,0.200043,0.107064,-0.115744,0.129029,-0.053675,-0.099067,-0.101175,0.189415,-0.053777,-0.100493,0.101153
0.235677,0.200043,-0.115744,0.129029,-0.053675,-0.099067,-0.101175,0.189415,-0.053777,-0.100493,0.101153,0.098229
0.234806,0.200043,0.129029,-0.053675,-0.099067,-0.101175,0.189415,-0.053777,-0.100493,0.101153,0.098229,-0.209484
0.233179,0.200043,-0.053675,-0.099067,-0.101175,0.189415,-0.053777,-0.100493,0.101153,0.098229,-0.209484,0.113662
0.234818,0.200043,-0.099067,-0.101175,0.189415,-0.053777,-0.100493,0.101153,0.098229,-0.209484,0.113662,-0.21185
0.236409,0.200043,-0.101175,0.189415,-0.053777,-0.100493,0.101153,0.098229,-0.209484,0.113662,-0.21185,-0.071538
0.233012,0.200043,0.189415,-0.053777,-0.100493,0.101153,0.098229,-0.209484,0.113662,-0.21185,-0.071538,-0.021613
0.234854,0.200043,-0.053777,-0.100493,0.101153,0.098229,-0.209484,0.113662,-0.21185,-0.071538,-0.021613,0.237768
0.231421,0.200043,-0.100493,0.101153,0.098229,-0.209484,0.113662,-0.21185,-0.071538,-0.021613,0.237768,-0.044884
0.23026,0.200043,0.101153,0.098229,-0.209484,0.113662,-0.21185,-0.071538,-0.021613,0.237768,-0.044884,-0.103027
0.229908,0.200043,0.098229,-0.209484,0.113662,-0.21185,-0.071538,-0.021613,0.237768,-0.044884,-0.103027,0.089098
0.233772,0.200043,-0.209484,0.113662,-0.21185,-0.071538,-0.021613,0.237768,-0.044884,-0.103027,0.089098,0.086225
0.233045,0.200043,0.113662,-0.21185,-0.071538,-0.021613,0.237768,-0.044884,-0.103027,0.089098,0.086225,-0.112323
0.231374,0.200043,-0.21185,-0.071538,-0.021613,0.237768,-0.044884,-0.103027,0.089098,0.086225,-0.112323,0.131097
0.232819,0.200043,-0.071538,-0.021613,0.237768,-0.044884,-0.103027,0.089098,0.086225,-0.112323,0.131097,-0.032856
0.234218,0.200043,-0.021613,0.237768,-0.044884,-0.103027,0.089098,0.086225,-0.112323,0.131097,-0.032856,-0.104351
0.232395,0.200043,0.237768,-0.044884,-0.103027,0.089098,0.086225,-0.112323,0.131097,-0.032856,-0.104351,-0.091792
0.23452,0.200043,-0.044884,-0.103027,0.089098,0.086225,-0.112323,0.131097,-0.032856,-0.104351,-0.091792,0.165043
0.233988,0.200043,-0.103027,0.089098,0.086225,-0.112323,0.131097,-0.032856,-0.104351,-0.091792,0.165043,-0.041943
0.232297,0.200043,0.089098,0.086225,-0.112323,0.131097,-0.032856,-0.104351,-0.091792,0.165043,-0.041943,-0.17882
0.230805,0.200043,0.086225,-0.112323,0.131097,-0.032856,-0.104351,-0.091792,0.165043,-0.041943,-0.17882,-0.050865
0.233487,0.200043,-0.112323,0.131097,-0.032856,-0.104351,-0.091792,0.165043,-0.041943,-0.17882,-0.050865,-0.05035
0.232807,0.200043,0.131097,-0.032856,-0.104351,-0.091792,0.165043,-0.041943,-0.17882,-0.050865,-0.05035,0.033264
0.229905,0.200043,-0.032856,-0.104351,-0.091792,0.165043,-0.041943,-0.17882,-0.050865,-0.05035,0.033264,-0.053423
0.229078,0.199768,-0.104351,-0.091792,0.165043,-0.041943,-0.17882,-0.050865,-0.05035,0.033264,-0.053423,0.048727
0.228258,0.199768,-0.091792,0.165043,-0.041943,-0.17882,-0.050865,-0.05035,0.033264,-0.053423,0.048727,-0.030371
0.2288,0.199768,0.165043,-0.041943,-0.17882,-0.050865,-0.05035,0.033264,-0.053423,0.048727,-0.030371,0.030696
0.22793,0.199768,-0.041943,-0.17882,-0.050865,-0.05035,0.033264,-0.053423,0.048727,-0.030371,0.030696,0.21657
0.228723,0.199768,-0.17882,-0.050865,-0.05035,0.033264,-0.053423,0.048727,-0.030371,0.030696,0.21657,-0.091528
0.228229,0.199768,-0.050865,-0.05035,0.033264,-0.053423,0.048727,-0.030371,0.030696,0.21657,-0.091528,-0.128658
0.228729,0.199768,-0.05035,0.033264,-0.053423,0.048727,-0.030371,0.030696,0.21657,-0.091528,-0.128658,0.146963
0.232253,0.199768,0.033264,-0.053423,0.048727,-0.030371,0.030696,0.21657,-0.091528,-0.128658,0.146963,0.062688
0.230766,0.199768,-0.053423,0.048727,-0.030371,0.030696,0.21657,-0.091528,-0.128658,0.146963,0.062688,-0.094429
0.228676,0.199768,0.048727,-0.030371,0.030696,0.21657,-0.091528,-0.128658,0.146963,0.062688,-0.094429,0.142073
0.231064,0.199768,-0.030371,0.030696,0.21657,-0.091528,-0.128658,0.146963,0.062688,-0.094429,0.142073,-0.035688
0.232083,0.199768,0.030696,0.21657,-0.091528,-0.128658,0.146963,0.062688,-0.094429,0.142073,-0.035688,-0.06298
0.230548,0.199768,0.21657,-0.091528,-0.128658,0.146963,0.062688,-0.094429,0.142073,-0.035688,-0.06298,0.021882
0.232854,0.199768,-0.091528,-0.128658,0.146963,0.062688,-0.094429,0.142073,-0.035688,-0.06298,0.021882,0.191832
0.232276,0.199768,-0.128658,0.146963,0.062688,-0.094429,0.142073,-0.035688,-0.06298,0.021882,0.191832,-0.074285
0.231254,0.199768,0.146963,0.062688,-0.094429,0.142073,-0.035688,-0.06298,0.021882,0.191832,-0.074285,-0.158677
0.231609,0.199768,0.062688,-0.094429,0.142073,-0.035688,-0.06298,0.021882,0.191832,-0.074285,-0.158677,-0.065611
0.234724,0.199768,-0.094429,0.142073,-0.035688,-0.06298,0.021882,0.191832,-0.074285,-0.158677,-0.065611,-0.067882
0.23352,0.199768,0.142073,-0.035688,-0.06298,0.021882,0.191832,-0.074285,-0.158677,-0.065611,-0.067882,0.018853
0.230947,0.199768,-0.035688,-0.06298,0.021882,0.191832,-0.074285,-0.158677,-0.065611,-0.067882,0.018853,-0.036049
0.229881,0.199768,-0.06298,0.021882,0.191832,-0.074285,-0.158677,-0.065611,-0.067882,0.018853,-0.036049,0.019736
0.228776,0.199768,0.021882,0.191832,-0.074285,-0.158677,-0.065611,-0.067882,0.018853,-0.036049,0.019736,-0.021691
0.229083,0.199768,0.191832,-0.074285,-0.158677,-0.065611,-0.067882,0.018853,-0.036049,0.019736,-0.021691,0.013333
0.228497,0.199768,-0.074285,-0.158677,-0.065611,-0.067882,0.018853,-0.036049,0.019736,-0.021691,0.013333,0.25744
0.228818,0.199768,-0.158677,-0.065611,-0.067882,0.018853,-0.036049,0.019736,-0.021691,0.013333,0.25744,-0.077015
0.228465,0.199768,-0.065611,-0.067882,0.018853,-0.036049,0.019736,-0.021691,0.013333,0.25744,-0.077015,-0.137636
0.228682,0.199768,-0.067882,0.018853,-0.036049,0.019736,-0.021691,0.013333,0.25744,-0.077015,-0.137636,0.161794
0.232869,0.199768,0.018853,-0.036049,0.019736,-0.021691,0.013333,0.25744,-0.077015,-0.137636,0.161794,0.045205
0.23162,0.199768,-0.036049,0.019736,-0.021691,0.013333,0.25744,-0.077015,-0.137636,0.161794,0.045205,-0.10037
0.229385,0.199768,0.019736,-0.021691,0.013333,0.25744,-0.077015,-0.137636,0.161794,0.045205,-0.10037,0.145255
0.232012,0.199768,-0.021691,0.013333,0.25744,-0.077015,-0.137636,0.161794,0.045205,-0.10037,0.145255,-0.038658
0.232746,0.199768,0.013333,0.25744,-0.077015,-0.137636,0.161794,0.045205,-0.10037,0.145255,-0.038658,-0.036794
0.231115,0.199768,0.25744,-0.077015,-0.137636,0.161794,0.045205,-0.10037,0.145255,-0.038658,-0.036794,0.001413
0.233473,0.199768,-0.077015,-0.137636,0.161794,0.045205,-0.10037,0.145255,-0.038658,-0.036794,0.001413,0.203954
0.232846,0.199768,-0.137636,0.161794,0.045205,-0.10037,0.145255,-0.038658,-0.036794,0.001413,0.203954,-0.062606
0.23225,0.19873,0.161794,0.045205,-0.10037,0.145255,-0.038658,-0.036794,0.001413,0.203954,-0.062606,-0.164918
0.232272,0.19873,0.045205,-0.10037,0.145255,-0.038658,-0.036794,0.001413,0.203954,-0.062606,-0.164918,-0.071645
0.235582,0.19873,-0.10037,0.145255,-0.038658,-0.036794,0.001413,0.203954,-0.062606,-0.164918,-0.071645,-0.09129
0.234568,0.19873,0.145255,-0.038658,-0.036794,0.001413,0.203954,-0.062606,-0.164918,-0.071645,-0.09129,0.04792
0.231896,0.19873,-0.038658,-0.036794,0.001413,0.203954,-0.062606,-0.164918,-0.071645,-0.09129,0.04792,-0.053486
0.230733,0.19873,-0.036794,0.001413,0.203954,-0.062606,-0.164918,-0.071645,-0.09129,0.04792,-0.053486,0.043076
0.229247,0.19873,0.001413,0.203954,-0.062606,-0.164918,-0.071645,-0.09129,0.04792,-0.053486,0.043076,-0.088569
0.230028,0.19873,0.203954,-0.062606,-0.164918,-0.071645,-0.09129,0.04792,-0.053486,0.043076,-0.088569,-0.119325
0.229158,0.19873,-0.062606,-0.164918,-0.071645,-0.09129,0.04792,-0.053486,0.043076,-0.088569,-0.119325,0.221053
0.229858,0.19873,-0.164918,-0.071645,-0.09129,0.04792,-0.053486,0.043076,-0.088569,-0.119325,0.221053,-0.036058
0.228417,0.19873,-0.071645,-0.09129,0.04792,-0.053486,0.043076,-0.088569,-0.119325,0.221053,-0.036058,-0.145649
0.226472,0.19873,-0.09129,0.04792,-0.053486,0.043076,-0.088569,-0.119325,0.221053,-0.036058,-0.145649,0.137787
0.230075,0.19873,0.04792,-0.053486,0.043076,-0.088569,-0.119325,0.221053,-0.036058,-0.145649,0.137787,0.109098
0.229489,0.19873,-0.053486,0.043076,-0.088569,-0.119325,0.221053,-0.036058,-0.145649,0.137787,0.109098,-0.09717
0.227119,0.19873,0.043076,-0.088569,-0.119325,0.221053,-0.036058,-0.145649,0.137787,0.109098,-0.09717,0.112437
0.229361,0.19873,-0.088569,-0.119325,0.221053,-0.036058,-0.145649,0.137787,0.109098,-0.09717,0.112437,-0.01514
0.231136,0.19873,-0.119325,0.221053,-0.036058,-0.145649,0.137787,0.109098,-0.09717,0.112437,-0.01514,-0.062742
0.229555,0.199921,0.221053,-0.036058,-0.145649,0.137787,0.109098,-0.09717,0.112437,-0.01514,-0.062742,0.030653
0.231382,0.199921,-0.036058,-0.145649,0.137787,0.109098,-0.09717,0.112437,-0.01514,-0.062742,0.030653,0.200094
0.231137,0.199921,-0.145649,0.137787,0.109098,-0.09717,0.112437,-0.01514,-0.062742,0.030653,0.200094,-0.077123
0.230118,0.199921,0.137787,0.109098,-0.09717,0.112437,-0.01514,-0.062742,0.030653,0.200094,-0.077123,-0.108772
0.230616,0.199921,0.109098,-0.09717,0.112437,-0.01514,-0.062742,0.030653,0.200094,-0.077123,-0.108772,0.094881
0.233867,0.199921,-0.09717,0.112437,-0.01514,-0.062742,0.030653,0.200094,-0.077123,-0.108772,0.094881,0.071533
0.232617,0.199921,0.112437,-0.01514,-0.062742,0.030653,0.200094,-0.077123,-0.108772,0.094881,0.071533,-0.10343
0.230852,0.199921,-0.01514,-0.062742,0.030653,0.200094,-0.077123,-0.108772,0.094881,0.071533,-0.10343,0.119126
0.232392,0.199921,-0.062742,0.030653,0.200094,-0.077123,-0.108772,0.094881,0.071533,-0.10343,0.119126,-0.03574
0.233553,0.199921,0.030653,0.200094,-0.077123,-0.108772,0.094881,0.071533,-0.10343,0.119126,-0.03574,-0.06027
0.231873,0.199921,0.200094,-0.077123,-0.108772,0.094881,0.071533,-0.10343,0.119126,-0.03574,-0.06027,0.030606
0.233806,0.199921,-0.077123,-0.108772,0.094881,0.071533,-0.10343,0.119126,-0.03574,-0.06027,0.030606,0.195375
0.233227,0.199921,-0.108772,0.094881,0.071533,-0.10343,0.119126,-0.03574,-0.06027,0.030606,0.195375,-0.083235
0.23225,0.199921,0.094881,0.071533,-0.10343,0.119126,-0.03574,-0.06027,0.030606,0.195375,-0.083235,-0.106303
0.232746,0.199921,0.071533,-0.10343,0.119126,-0.03574,-0.06027,0.030606,0.195375,-0.083235,-0.106303,0.095205
0.235915,0.199921,-0.10343,0.119126,-0.03574,-0.06027,0.030606,0.195375,-0.083235,-0.106303,0.095205,0.09228
0.234568,0.199921,0.119126,-0.03574,-0.06027,0.030606,0.195375,-0.083235,-0.106303,0.095205,0.09228,-0.11854
0.232846,0.199921,-0.03574,-0.06027,0.030606,0.195375,-0.083235,-0.106303,0.095205,0.09228,-0.11854,0.122863
0.234389,0.199921,-0.06027,0.030606,0.195375,-0.083235,-0.106303,0.095205,0.09228,-0.11854,0.122863,-0.027027
0.235884,0.199921,0.030606,0.195375,-0.083235,-0.106303,0.095205,0.09228,-0.11854,0.122863,-0.027027,-0.034254
0.233962,0.199921,0.195375,-0.083235,-0.106303,0.095205,0.09228,-0.11854,0.122863,-0.027027,-0.034254,0.030537
0.235952,0.199921,-0.083235,-0.106303,0.095205,0.09228,-0.11854,0.122863,-0.027027,-0.034254,0.030537,0.199802
0.235515,0.199921,-0.106303,0.095205,0.09228,-0.11854,0.122863,-0.027027,-0.034254,0.030537,0.199802,-0.077651
0.234961,0.199921,0.095205,0.09228,-0.11854,0.122863,-0.027027,-0.034254,0.030537,0.199802,-0.077651,-0.112896
0.235455,0.199921,0.09228,-0.11854,0.122863,-0.027027,-0.034254,0.030537,0.199802,-0.077651,-0.112896,0.089757
0.238689,0.199921,-0.11854,0.122863,-0.027027,-0.034254,0.030537,0.199802,-0.077651,-0.112896,0.089757,0.065968
0.237435,0.199921,0.122863,-0.027027,-0.034254,0.030537,0.199802,-0.077651,-0.112896,0.089757,0.065968,-0.09546
0.23561,0.199921,-0.027027,-0.034254,0.030537,0.199802,-0.077651,-0.112896,0.089757,0.065968,-0.09546,0.14169
0.237061,0.199921,-0.034254,0.030537,0.199802,-0.077651,-0.112896,0.089757,0.065968,-0.09546,0.14169,-0.027157
0.238128,0.199921,0.030537,0.199802,-0.077651,-0.112896,0.089757,0.065968,-0.09546,0.14169,-0.027157,-0.06136
0.236584,0.199921,0.199802,-0.077651,-0.112896,0.089757,0.065968,-0.09546,0.14169,-0.027157,-0.06136,-0.031557
0.238873,0.199921,-0.077651,-0.112896,0.089757,0.065968,-0.09546,0.14169,-0.027157,-0.06136,-0.031557,0.099625
0.238435,0.199921,-0.112896,0.089757,0.065968,-0.09546,0.14169,-0.027157,-0.06136,-0.031557,0.099625,-0.116111
0.237444,0.199921,0.089757,0.065968,-0.09546,0.14169,-0.027157,-0.06136,-0.031557,0.099625,-0.116111,-0.097958
0.236934,0.199921,0.065968,-0.09546,0.14169,-0.027157,-0.06136,-0.031557,0.099625,-0.116111,-0.097958,0.137018
0.238545,0.201355,-0.09546,0.14169,-0.027157,-0.06136,-0.031557,0.099625,-0.116111,-0.097958,0.137018,0.065986
0.236669,0.201355,0.14169,-0.027157,-0.06136,-0.031557,0.099625,-0.116111,-0.097958,0.137018,0.065986,-0.101406
0.235085,0.201355,-0.027157,-0.06136,-0.031557,0.099625,-0.116111,-0.097958,0.137018,0.065986,-0.101406,0.117961
0.237301,0.201355,-0.06136,-0.031557,0.099625,-0.116111,-0.097958,0.137018,0.065986,-0.101406,0.117961,-0.024171
0.238367,0.201355,-0.031557,0.099625,-0.116111,-0.097958,0.137018,0.065986,-0.101406,0.117961,-0.024171,-0.058359
0.236727,0.201355,0.099625,-0.116111,-0.097958,0.137018,0.065986,-0.101406,0.117961,-0.024171,-0.058359,0.02752
0.238633,0.201355,-0.116111,-0.097958,0.137018,0.065986,-0.101406,0.117961,-0.024171,-0.058359,0.02752,0.210004
0.238243,0.201355,-0.097958,0.137018,0.065986,-0.101406,0.117961,-0.024171,-0.058359,0.02752,0.210004,-0.057038
0.237301,0.201355,0.137018,0.065986,-0.101406,0.117961,-0.024171,-0.058359,0.02752,0.210004,-0.057038,-0.175966
0.237746,0.201355,0.065986,-0.101406,0.117961,-0.024171,-0.058359,0.02752,0.210004,-0.057038,-0.175966,-0.058182
0.241138,0.201355,-0.101406,0.117961,-0.024171,-0.058359,0.02752,0.210004,-0.057038,-0.175966,-0.058182,0.098454
0.240218,0.201355,0.117961,-0.024171,-0.058359,0.02752,0.210004,-0.057038,-0.175966,-0.058182,0.098454,-0.104293
0.23738,0.201355,-0.024171,-0.058359,0.02752,0.210004,-0.057038,-0.175966,-0.058182,0.098454,-0.104293,0.111888
0.23644,0.201355,-0.058359,0.02752,0.210004,-0.057038,-0.175966,-0.058182,0.098454,-0.104293,0.111888,0.011499
0.238033,0.201355,0.02752,0.210004,-0.057038,-0.175966,-0.058182,0.098454,-0.104293,0.111888,0.011499,-0.055416
0.236345,0.201355,0.210004,-0.057038,-0.175966,-0.058182,0.098454,-0.104293,0.111888,0.011499,-0.055416,0.006823
0.238153,0.199524,-0.057038,-0.175966,-0.058182,0.098454,-0.104293,0.111888,0.011499,-0.055416,0.006823,0.221822
0.238339,0.199524,-0.175966,-0.058182,0.098454,-0.104293,0.111888,0.011499,-0.055416,0.006823,0.221822,-0.074933
0.237444,0.199524,-0.058182,0.098454,-0.104293,0.111888,0.011499,-0.055416,0.006823,0.221822,-0.074933,-0.134316
0.237554,0.199524,0.098454,-0.104293,0.111888,0.011499,-0.055416,0.006823,0.221822,-0.074933,-0.134316,0.116881
0.241138,0.199524,-0.104293,0.111888,0.011499,-0.055416,0.006823,0.221822,-0.074933,-0.134316,0.116881,-0.097127
0.23993,0.199524,0.111888,0.011499,-0.055416,0.006823,0.221822,-0.074933,-0.134316,0.116881,-0.097127,0.016887
0.237763,0.199524,0.011499,-0.055416,0.006823,0.221822,-0.074933,-0.134316,0.116881,-0.097127,0.016887,-0.053909
0.239649,0.199524,-0.055416,0.006823,0.221822,-0.074933,-0.134316,0.116881,-0.097127,0.016887,-0.053909,0.0174
0.23808,0.199524,0.006823,0.221822,-0.074933,-0.134316,0.116881,-0.097127,0.016887,-0.053909,0.0174,-0.034584
0.238353,0.199524,0.221822,-0.074933,-0.134316,0.116881,-0.097127,0.016887,-0.053909,0.0174,-0.034584,-0.002012
0.237483,0.199524,-0.074933,-0.134316,0.116881,-0.097127,0.016887,-0.053909,0.0174,-0.034584,-0.002012,0.227554
0.237763,0.199524,-0.134316,0.116881,-0.097127,0.016887,-0.053909,0.0174,-0.034584,-0.002012,0.227554,-0.068948
0.237205,0.199524,0.116881,-0.097127,0.016887,-0.053909,0.0174,-0.034584,-0.002012,0.227554,-0.068948,-0.163922
0.237172,0.199524,-0.097127,0.016887,-0.053909,0.0174,-0.034584,-0.002012,0.227554,-0.068948,-0.163922,0.15245
0.240849,0.199524,0.016887,-0.053909,0.0174,-0.034584,-0.002012,0.227554,-0.068948,-0.163922,0.15245,0.054217
0.239737,0.199524,-0.053909,0.0174,-0.034584,-0.002012,0.227554,-0.068948,-0.163922,0.15245,0.054217,-0.095854
0.237093,0.199524,0.0174,-0.034584,-0.002012,0.227554,-0.068948,-0.163922,0.15245,0.054217,-0.095854,0.13968
0.239553,0.199524,-0.034584,-0.002012,0.227554,-0.068948,-0.163922,0.15245,0.054217,-0.095854,0.13968,-0.036231
0.240428,0.199524,-0.002012,0.227554,-0.068948,-0.163922,0.15245,0.054217,-0.095854,0.13968,-0.036231,-0.049892
0.23888,0.199524,0.227554,-0.068948,-0.163922,0.15245,0.054217,-0.095854,0.13968,-0.036231,-0.049892,0.015548
0.241133,0.199524,-0.068948,-0.163922,0.15245,0.054217,-0.095854,0.13968,-0.036231,-0.049892,0.015548,0.199292
0.24055,0.199524,-0.163922,0.15245,0.054217,-0.095854,0.13968,-0.036231,-0.049892,0.015548,0.199292,-0.081129
0.239746,0.199524,0.15245,0.054217,-0.095854,0.13968,-0.036231,-0.049892,0.015548,0.199292,-0.081129,-0.108052
0.239997,0.199524,0.054217,-0.095854,0.13968,-0.036231,-0.049892,0.015548,0.199292,-0.081129,-0.108052,0.093449
0.24321,0.199524,-0.095854,0.13968,-0.036231,-0.049892,0.015548,0.199292,-0.081129,-0.108052,0.093449,0.081219
0.241904,0.199524,0.13968,-0.036231,-0.049892,0.015548,0.199292,-0.081129,-0.108052,0.093449,0.081219,-0.108222
0.240165,0.199524,-0.036231,-0.049892,0.015548,0.199292,-0.081129,-0.108052,0.093449,0.081219,-0.108222,0.122625
0.24167,0.199524,-0.049892,0.015548,0.199292,-0.081129,-0.108052,0.093449,0.081219,-0.108222,0.122625,-0.108362
0.242978,0.199524,0.015548,0.199292,-0.081129,-0.108052,0.093449,0.081219,-0.108222,0.122625,-0.108362,-0.124607
0.241234,0.199524,0.199292,-0.081129,-0.108052,0.093449,0.081219,-0.108222,0.122625,-0.108362,-0.124607,-0.052664
0.243208,0.199524,-0.081129,-0.108052,0.093449,0.081219,-0.108222,0.122625,-0.108362,-0.124607,-0.052664,0.252378
0.241465,0.199524,-0.108052,0.093449,0.081219,-0.108222,0.122625,-0.108362,-0.124607,-0.052664,0.252378,-0.072096
0.239457,0.199524,0.093449,0.081219,-0.108222,0.122625,-0.108362,-0.124607,-0.052664,0.252378,-0.072096,-0.122877
0.238607,0.199524,0.081219,-0.108222,0.122625,-0.108362,-0.124607,-0.052664,0.252378,-0.072096,-0.122877,0.114284
0.242679,0.199524,-0.108222,0.122625,-0.108362,-0.124607,-0.052664,0.252378,-0.072096,-0.122877,0.114284,0.087178
0.241519,0.200043,0.122625,-0.108362,-0.124607,-0.052664,0.252378,-0.072096,-0.122877,0.114284,0.087178,-0.129057
0.239539,0.200043,-0.108362,-0.124607,-0.052664,0.252378,-0.072096,-0.122877,0.114284,0.087178,-0.129057,0.047506
0.241381,0.200043,-0.124607,-0.052664,0.252378,-0.072096,-0.122877,0.114284,0.087178,-0.129057,0.047506,-0.087057
0.242786,0.200043,-0.052664,0.252378,-0.072096,-0.122877,0.114284,0.087178,-0.129057,0.047506,-0.087057,-0.100348
0.240705,0.200043,0.252378,-0.072096,-0.122877,0.114284,0.087178,-0.129057,0.047506,-0.087057,-0.100348,0.054184
0.24147,0.200043,-0.072096,-0.122877,0.114284,0.087178,-0.129057,0.047506,-0.087057,-0.100348,0.054184,0.204917
0.240068,0.200043,-0.122877,0.114284,0.087178,-0.129057,0.047506,-0.087057,-0.100348,0.054184,0.204917,-0.182571
0.23845,0.200043,0.114284,0.087178,-0.129057,0.047506,-0.087057,-0.100348,0.054184,0.204917,-0.182571,-0.095636
0.239325,0.200043,0.087178,-0.129057,0.047506,-0.087057,-0.100348,0.054184,0.204917,-0.182571,-0.095636,-0.037603
0.242631,0.200043,-0.129057,0.047506,-0.087057,-0.100348,0.054184,0.204917,-0.182571,-0.095636,-0.037603,0.172871
0.239689,0.200043,0.047506,-0.087057,-0.100348,0.054184,0.204917,-0.182571,-0.095636,-0.037603,0.172871,-0.11659
0.238147,0.200043,-0.087057,-0.100348,0.054184,0.204917,-0.182571,-0.095636,-0.037603,0.172871,-0.11659,0.100698
0.23754,0.200043,-0.100348,0.054184,0.204917,-0.182571,-0.095636,-0.037603,0.172871,-0.11659,0.100698,-0.054038
0.240332,0.200043,0.054184,0.204917,-0.182571,-0.095636,-0.037603,0.172871,-0.11659,0.100698,-0.054038,-0.123786
0.238449,0.200043,0.204917,-0.182571,-0.095636,-0.037603,0.172871,-0.11659,0.100698,-0.054038,-0.123786,-0.063934
0.240074,0.200043,-0.182571,-0.095636,-0.037603,0.172871,-0.11659,0.100698,-0.054038,-0.123786,-0.063934,0.256687
0.239203,0.200287,-0.095636,-0.037603,0.172871,-0.11659,0.100698,-0.054038,-0.123786,-0.063934,0.256687,-0.059972
0.237205,0.200287,-0.037603,0.172871,-0.11659,0.100698,-0.054038,-0.123786,-0.063934,0.256687,-0.059972,-0.131174
0.23617,0.200287,0.172871,-0.11659,0.100698,-0.054038,-0.123786,-0.063934,0.256687,-0.059972,-0.131174,0.125691
0.24032,0.200287,-0.11659,0.100698,-0.054038,-0.123786,-0.063934,0.256687,-0.059972,-0.131174,0.125691,0.063136
0.239353,0.200287,0.100698,-0.054038,-0.123786,-0.063934,0.256687,-0.059972,-0.131174,0.125691,0.063136,-0.113621
0.237236,0.200287,-0.054038,-0.123786,-0.063934,0.256687,-0.059972,-0.131174,0.125691,0.063136,-0.113621,0.130539
0.239265,0.200287,-0.123786,-0.063934,0.256687,-0.059972,-0.131174,0.125691,0.063136,-0.113621,0.130539,-0.009311
0.240285,0.200287,-0.063934,0.256687,-0.059972,-0.131174,0.125691,0.063136,-0.113621,0.130539,-0.009311,-0.055821
0.238449,0.200287,0.256687,-0.059972,-0.131174,0.125691,0.063136,-0.113621,0.130539,-0.009311,-0.055821,0.024484
0.240555,0.200287,-0.059972,-0.131174,0.125691,0.063136,-0.113621,0.130539,-0.009311,-0.055821,0.024484,0.181259
0.240405,0.200287,-0.131174,0.125691,0.063136,-0.113621,0.130539,-0.009311,-0.055821,0.024484,0.181259,-0.066117
0.239505,0.200287,0.125691,0.063136,-0.113621,0.130539,-0.009311,-0.055821,0.024484,0.181259,-0.066117,-0.122941
0.239901,0.200287,0.063136,-0.113621,0.130539,-0.009311,-0.055821,0.024484,0.181259,-0.066117,-0.122941,0.108351
0.242824,0.200287,-0.113621,0.130539,-0.009311,-0.055821,0.024484,0.181259,-0.066117,-0.122941,0.108351,0.081204
0.24176,0.200287,0.130539,-0.009311,-0.055821,0.024484,0.181259,-0.066117,-0.122941,0.108351,0.081204,-0.126087
0.23978,0.200287,-0.009311,-0.055821,0.024484,0.181259,-0.066117,-0.122941,0.108351,0.081204,-0.126087,0.140483
0.241525,0.200287,-0.055821,0.024484,0.181259,-0.066117,-0.122941,0.108351,0.081204,-0.126087,0.140483,-0.129288
0.242834,0.200287,0.024484,0.181259,-0.066117,-0.122941,0.108351,0.081204,-0.126087,0.140483,-0.129288,-0.103606
0.240801,0.200287,0.181259,-0.066117,-0.122941,0.108351,0.081204,-0.126087,0.140483,-0.129288,-0.103606,-0.058549
0.243063,0.200287,-0.066117,-0.122941,0.108351,0.081204,-0.126087,0.140483,-0.129288,-0.103606,-0.058549,0.264183
0.240983,0.200287,-0.122941,0.108351,0.081204,-0.126087,0.140483,-0.129288,-0.103606,-0.058549,0.264183,-0.060124
0.239313,0.200287,0.108351,0.081204,-0.126087,0.140483,-0.129288,-0.103606,-0.058549,0.264183,-0.060124,-0.116943
0.238367,0.200287,0.081204,-0.126087,0.140483,-0.129288,-0.103606,-0.058549,0.264183,-0.060124,-0.116943,0.102366
0.242631,0.200287,-0.126087,0.140483,-0.129288,-0.103606,-0.058549,0.264183,-0.060124,-0.116943,0.102366,0.078201
0.241663,0.200287,0.140483,-0.129288,-0.103606,-0.058549,0.264183,-0.060124,-0.116943,0.102366,0.078201,-0.11711
0.23978,0.200287,-0.129288,-0.103606,-0.058549,0.264183,-0.060124,-0.116943,0.102366,0.078201,-0.11711,0.122461
0.241429,0.200287,-0.103606,-0.058549,0.264183,-0.060124,-0.116943,0.102366,0.078201,-0.11711,0.122461,-0.027328
0.242689,0.200287,-0.058549,0.264183,-0.060124,-0.116943,0.102366,0.078201,-0.11711,0.122461,-0.027328,-0.047229
0.240801,0.200287,0.264183,-0.060124,-0.116943,0.102366,0.078201,-0.11711,0.122461,-0.027328,-0.047229,0.024398
0.242773,0.200287,-0.060124,-0.116943,0.102366,0.078201,-0.11711,0.122461,-0.027328,-0.047229,0.024398,0.194339
0.242334,0.200287,-0.116943,0.102366,0.078201,-0.11711,0.122461,-0.027328,-0.047229,0.024398,0.194339,-0.063286
0.241574,0.200287,0.102366,0.078201,-0.11711,0.122461,-0.027328,-0.047229,0.024398,0.194339,-0.063286,-0.117576
0.241967,0.200287,0.078201,-0.11711,0.122461,-0.027328,-0.047229,0.024398,0.194339,-0.063286,-0.117576,0.081754
0.245096,0.200287,-0.11711,0.122461,-0.027328,-0.047229,0.024398,0.194339,-0.063286,-0.117576,0.081754,0.081394
0.244079,0.200287,0.122461,-0.027328,-0.047229,0.024398,0.194339,-0.063286,-0.117576,0.081754,0.081394,-0.111591
0.242189,0.200287,-0.027328,-0.047229,0.024398,0.194339,-0.063286,-0.117576,0.081754,0.081394,-0.111591,0.129332
0.243504,0.199249,-0.047229,0.024398,0.194339,-0.063286,-0.117576,0.081754,0.081394,-0.111591,0.129332,-0.012332
0.244813,0.199249,0.024398,0.194339,-0.063286,-0.117576,0.081754,0.081394,-0.111591,0.129332,-0.012332,-0.059731
0.243017,0.199249,0.194339,-0.063286,-0.117576,0.081754,0.081394,-0.111591,0.129332,-0.012332,-0.059731,0.006287
0.245096,0.199249,-0.063286,-0.117576,0.081754,0.081394,-0.111591,0.129332,-0.012332,-0.059731,0.006287,0.210589
0.244898,0.199249,-0.117576,0.081754,0.081394,-0.111591,0.129332,-0.012332,-0.059731,0.006287,0.210589,-0.193349
0.243939,0.199249,0.081754,0.081394,-0.111591,0.129332,-0.012332,-0.059731,0.006287,0.210589,-0.193349,-0.123645
0.24404,0.199249,0.081394,-0.111591,0.129332,-0.012332,-0.059731,0.006287,0.210589,-0.193349,-0.123645,-0.020281
0.247424,0.199249,-0.111591,0.129332,-0.012332,-0.059731,0.006287,0.210589,-0.193349,-0.123645,-0.020281,0.186341
0.244321,0.199249,0.129332,-0.012332,-0.059731,0.006287,0.210589,-0.193349,-0.123645,-0.020281,0.186341,-0.129617
0.242334,0.199249,-0.012332,-0.059731,0.006287,0.210589,-0.193349,-0.123645,-0.020281,0.186341,-0.129617,0.020883
0.242007,0.199249,-0.059731,0.006287,0.210589,-0.193349,-0.123645,-0.020281,0.186341,-0.129617,0.020883,-0.063391
0.245006,0.199249,0.006287,0.210589,-0.193349,-0.123645,-0.020281,0.186341,-0.129617,0.020883,-0.063391,-0.118923
0.24292,0.199249,0.210589,-0.193349,-0.123645,-0.020281,0.186341,-0.129617,0.020883,-0.063391,-0.118923,0.042326
0.243256,0.199249,-0.193349,-0.123645,-0.020281,0.186341,-0.129617,0.020883,-0.063391,-0.118923,0.042326,0.079918
0.242237,0.199249,-0.123645,-0.020281,0.186341,-0.129617,0.020883,-0.063391,-0.118923,0.042326,0.079918,-0.030166
0.240322,0.199249,-0.020281,0.186341,-0.129617,0.020883,-0.063391,-0.118923,0.042326,0.079918,-0.030166,-0.286557
0.241005,0.199249,0.186341,-0.129617,0.020883,-0.063391,-0.118923,0.042326,0.079918,-0.030166,-0.286557,0.015824
0.242294,0.200043,-0.129617,0.020883,-0.063391,-0.118923,0.042326,0.079918,-0.030166,-0.286557,0.015824,0.068955
0.241808,0.200043,0.020883,-0.063391,-0.118923,0.042326,0.079918,-0.030166,-0.286557,0.015824,0.068955,-0.080764
0.237188,0.200043,-0.063391,-0.118923,0.042326,0.079918,-0.030166,-0.286557,0.015824,0.068955,-0.080764,0.165812
0.237444,0.200043,-0.118923,0.042326,0.079918,-0.030166,-0.286557,0.015824,0.068955,-0.080764,0.165812,-0.018254
0.238559,0.200043,0.042326,0.079918,-0.030166,-0.286557,0.015824,0.068955,-0.080764,0.165812,-0.018254,-0.055676
0.237253,0.200043,0.079918,-0.030166,-0.286557,0.015824,0.068955,-0.080764,0.165812,-0.018254,-0.055676,-0.022905
0.23993,0.200043,-0.030166,-0.286557,0.015824,0.068955,-0.080764,0.165812,-0.018254,-0.055676,-0.022905,-0.04823
0.239636,0.200043,-0.286557,0.015824,0.068955,-0.080764,0.165812,-0.018254,-0.055676,-0.022905,-0.04823,-0.074573
0.238738,0.200043,0.015824,0.068955,-0.080764,0.165812,-0.018254,-0.055676,-0.022905,-0.04823,-0.074573,-0.227271
0.238367,0.200043,0.068955,-0.080764,0.165812,-0.018254,-0.055676,-0.022905,-0.04823,-0.074573,-0.227271,0.201245
0.237587,0.200043,-0.080764,0.165812,-0.018254,-0.055676,-0.022905,-0.04823,-0.074573,-0.227271,0.201245,0.077711
0.236382,0.200043,0.165812,-0.018254,-0.055676,-0.022905,-0.04823,-0.074573,-0.227271,0.201245,0.077711,-0.118844
0.232704,0.200043,-0.018254,-0.055676,-0.022905,-0.04823,-0.074573,-0.227271,0.201245,0.077711,-0.118844,0.167837
0.235962,0.200043,-0.055676,-0.022905,-0.04823,-0.074573,-0.227271,0.201245,0.077711,-0.118844,0.167837,-0.056785
0.23722,0.200043,-0.022905,-0.04823,-0.074573,-0.227271,0.201245,0.077711,-0.118844,0.167837,-0.056785,-0.04039
0.235295,0.200043,-0.04823,-0.074573,-0.227271,0.201245,0.077711,-0.118844,0.167837,-0.056785,-0.04039,0.036398
0.23801,0.200043,-0.074573,-0.227271,0.201245,0.077711,-0.118844,0.167837,-0.056785,-0.04039,0.036398,0.081877
0.237093,0.200043,-0.227271,0.201245,0.077711,-0.118844,0.167837,-0.056785,-0.04039,0.036398,0.081877,-0.033153
0.23644,0.200043,0.201245,0.077711,-0.118844,0.167837,-0.056785,-0.04039,0.036398,0.081877,-0.033153,-0.275086
0.237029,0.200043,0.077711,-0.118844,0.167837,-0.056785,-0.04039,0.036398,0.081877,-0.033153,-0.275086,0.166072
0.238353,0.200043,-0.118844,0.167837,-0.056785,-0.04039,0.036398,0.081877,-0.033153,-0.275086,0.166072,-0.087132
0.237818,0.200043,0.167837,-0.056785,-0.04039,0.036398,0.081877,-0.033153,-0.275086,0.166072,-0.087132,-0.118255
0.233369,0.200043,-0.056785,-0.04039,0.036398,0.081877,-0.033153,-0.275086,0.166072,-0.087132,-0.118255,-0.015595
0.236058,0.200043,-0.04039,0.036398,0.081877,-0.033153,-0.275086,0.166072,-0.087132,-0.118255,-0.015595,-0.082444
0.234646,0.200043,0.036398,0.081877,-0.033153,-0.275086,0.166072,-0.087132,-0.118255,-0.015595,-0.082444,-0.001549
0.232727,0.200043,0.081877,-0.033153,-0.275086,0.166072,-0.087132,-0.118255,-0.015595,-0.082444,-0.001549,0.027718
0.232474,0.200043,-0.033153,-0.275086,0.166072,-0.087132,-0.118255,-0.015595,-0.082444,-0.001549,0.027718,0.224128
0.231137,0.200043,-0.275086,0.166072,-0.087132,-0.118255,-0.015595,-0.082444,-0.001549,0.027718,0.224128,-0.182827
0.231112,0.200043,0.166072,-0.087132,-0.118255,-0.015595,-0.082444,-0.001549,0.027718,0.224128,-0.182827,-0.07949
0.231562,0.200043,-0.087132,-0.118255,-0.015595,-0.082444,-0.001549,0.027718,0.224128,-0.182827,-0.07949,-0.039418
0.2352,0.200043,-0.118255,-0.015595,-0.082444,-0.001549,0.027718,0.224128,-0.182827,-0.07949,-0.039418,0.155964
0.232237,0.200043,-0.015595,-0.082444,-0.001549,0.027718,0.224128,-0.182827,-0.07949,-0.039418,0.155964,-0.079995
0.230947,0.200043,-0.082444,-0.001549,0.027718,0.224128,-0.182827,-0.07949,-0.039418,0.155964,-0.079995,0.101401
0.230307,0.200043,-0.001549,0.027718,0.224128,-0.182827,-0.07949,-0.039418,0.155964,-0.079995,0.101401,0.020068
0.232841,0.200043,0.027718,0.224128,-0.182827,-0.07949,-0.039418,0.155964,-0.079995,0.101401,0.020068,-0.074956
0.231542,0.200165,0.224128,-0.182827,-0.07949,-0.039418,0.155964,-0.079995,0.101401,0.020068,-0.074956,0.007241
0.233187,0.200165,-0.182827,-0.07949,-0.039418,0.155964,-0.079995,0.101401,0.020068,-0.074956,0.007241,0.212863
0.233512,0.200165,-0.07949,-0.039418,0.155964,-0.079995,0.101401,0.020068,-0.074956,0.007241,0.212863,-0.074399
0.232297,0.200165,-0.039418,0.155964,-0.079995,0.101401,0.020068,-0.074956,0.007241,0.212863,-0.074399,-0.120998
