0.042837,0.230957,-0.13179,0.08325,0.088095,-0.287772,-0.155643,-0.024585,0.023511,0.046086,0.216195,-0.052508
0.043288,0.230957,0.08325,0.088095,-0.287772,-0.155643,-0.024585,0.023511,0.046086,0.216195,-0.052508,-0.134038
0.044171,0.230957,0.088095,-0.287772,-0.155643,-0.024585,0.023511,0.046086,0.216195,-0.052508,-0.134038,0.077183
0.048308,0.230957,-0.287772,-0.155643,-0.024585,0.023511,0.046086,0.216195,-0.052508,-0.134038,0.077183,0.206232
0.047306,0.230957,-0.155643,-0.024585,0.023511,0.046086,0.216195,-0.052508,-0.134038,0.077183,0.206232,-0.073618
0.044746,0.230957,-0.024585,0.023511,0.046086,0.216195,-0.052508,-0.134038,0.077183,0.206232,-0.073618,-0.04175
0.046222,0.230957,0.023511,0.046086,0.216195,-0.052508,-0.134038,0.077183,0.206232,-0.073618,-0.04175,0.090701
0.050159,0.230957,0.046086,0.216195,-0.052508,-0.134038,0.077183,0.206232,-0.073618,-0.04175,0.090701,-0.030635
0.048755,0.230957,0.216195,-0.052508,-0.134038,0.077183,0.206232,-0.073618,-0.04175,0.090701,-0.030635,-0.000491
0.047958,0.230957,-0.052508,-0.134038,0.077183,0.206232,-0.073618,-0.04175,0.090701,-0.030635,-0.000491,0.04174
0.049686,0.230957,-0.134038,0.077183,0.206232,-0.073618,-0.04175,0.090701,-0.030635,-0.000491,0.04174,-0.067077
0.049103,0.230957,0.077183,0.206232,-0.073618,-0.04175,0.090701,-0.030635,-0.000491,0.04174,-0.067077,-0.2007
0.049094,0.230957,0.206232,-0.073618,-0.04175,0.090701,-0.030635,-0.000491,0.04174,-0.067077,-0.2007,-0.003224
0.04989,0.230957,-0.073618,-0.04175,0.090701,-0.030635,-0.000491,0.04174,-0.067077,-0.2007,-0.003224,-0.074633
0.048611,0.230957,-0.04175,0.090701,-0.030635,-0.000491,0.04174,-0.067077,-0.2007,-0.003224,-0.074633,-0.065474
0.04478,0.230957,0.090701,-0.030635,-0.000491,0.04174,-0.067077,-0.2007,-0.003224,-0.074633,-0.065474,0.016956
0.044718,0.230957,-0.030635,-0.000491,0.04174,-0.067077,-0.2007,-0.003224,-0.074633,-0.065474,0.016956,0.089154
0.043288,0.228973,-0.000491,0.04174,-0.067077,-0.2007,-0.003224,-0.074633,-0.065474,0.016956,0.089154,-0.012076
0.042031,0.228973,0.04174,-0.067077,-0.2007,-0.003224,-0.074633,-0.065474,0.016956,0.089154,-0.012076,-0.023085
0.042356,0.228973,-0.067077,-0.2007,-0.003224,-0.074633,-0.065474,0.016956,0.089154,-0.012076,-0.023085,0.204913
0.044063,0.228973,-0.2007,-0.003224,-0.074633,-0.065474,0.016956,0.089154,-0.012076,-0.023085,0.204913,-0.00938
0.043832,0.228973,-0.003224,-0.074633,-0.065474,0.016956,0.089154,-0.012076,-0.023085,0.204913,-0.00938,-0.141112
0.04339,0.228973,-0.074633,-0.065474,0.016956,0.089154,-0.012076,-0.023085,0.204913,-0.00938,-0.141112,0.09861
0.047314,0.228973,-0.065474,0.016956,0.089154,-0.012076,-0.023085,0.204913,-0.00938,-0.141112,0.09861,0.199065
0.047135,0.228973,0.016956,0.089154,-0.012076,-0.023085,0.204913,-0.00938,-0.141112,0.09861,0.199065,-0.084413
0.044439,0.228973,0.089154,-0.012076,-0.023085,0.204913,-0.00938,-0.141112,0.09861,0.199065,-0.084413,-0.048929
0.046324,0.228973,-0.012076,-0.023085,0.204913,-0.00938,-0.141112,0.09861,0.199065,-0.084413,-0.048929,0.059868
0.050125,0.228973,-0.023085,0.204913,-0.00938,-0.141112,0.09861,0.199065,-0.084413,-0.048929,0.059868,-0.003467
0.048514,0.228973,0.204913,-0.00938,-0.141112,0.09861,0.199065,-0.084413,-0.048929,0.059868,-0.003467,0.042747
0.047581,0.228973,-0.00938,-0.141112,0.09861,0.199065,-0.084413,-0.048929,0.059868,-0.003467,0.042747,0.049034
0.048722,0.228973,-0.141112,0.09861,0.199065,-0.084413,-0.048929,0.059868,-0.003467,0.042747,0.049034,0.016122
0.048656,0.228973,0.09861,0.199065,-0.084413,-0.048929,0.059868,-0.003467,0.042747,0.049034,0.016122,-0.120855
0.049472,0.228973,0.199065,-0.084413,-0.048929,0.059868,-0.003467,0.042747,0.049034,0.016122,-0.120855,0.068751
0.050406,0.228973,-0.084413,-0.048929,0.059868,-0.003467,0.042747,0.049034,0.016122,-0.120855,0.068751,0.175221
0.050713,0.224823,-0.048929,0.059868,-0.003467,0.042747,0.049034,0.016122,-0.120855,0.068751,0.175221,-0.103097
0.048413,0.224823,0.059868,-0.003467,0.042747,0.049034,0.016122,-0.120855,0.068751,0.175221,-0.103097,-0.016487
0.049722,0.224823,-0.003467,0.042747,0.049034,0.016122,-0.120855,0.068751,0.175221,-0.103097,-0.016487,0.087846
0.053058,0.224823,0.042747,0.049034,0.016122,-0.120855,0.068751,0.175221,-0.103097,-0.016487,0.087846,-0.020106
0.051096,0.224823,0.049034,0.016122,-0.120855,0.068751,0.175221,-0.103097,-0.016487,0.087846,-0.020106,0.028323
0.050782,0.224823,0.016122,-0.120855,0.068751,0.175221,-0.103097,-0.016487,0.087846,-0.020106,0.028323,-0.075824
0.052451,0.224823,-0.120855,0.068751,0.175221,-0.103097,-0.016487,0.087846,-0.020106,0.028323,-0.075824,0.014397
0.05207,0.224823,0.068751,0.175221,-0.103097,-0.016487,0.087846,-0.020106,0.028323,-0.075824,0.014397,-0.263377
0.052608,0.224823,0.175221,-0.103097,-0.016487,0.087846,-0.020106,0.028323,-0.075824,0.014397,-0.263377,0.106275
0.051165,0.224823,-0.103097,-0.016487,0.087846,-0.020106,0.028323,-0.075824,0.014397,-0.263377,0.106275,0.189201
0.051439,0.224823,-0.016487,0.087846,-0.020106,0.028323,-0.075824,0.014397,-0.263377,0.106275,0.189201,-0.061249
0.046422,0.224823,0.087846,-0.020106,0.028323,-0.075824,0.014397,-0.263377,0.106275,0.189201,-0.061249,-0.038241
0.04845,0.224823,-0.020106,0.028323,-0.075824,0.014397,-0.263377,0.106275,0.189201,-0.061249,-0.038241,0.069462
0.052055,0.224823,0.028323,-0.075824,0.014397,-0.263377,0.106275,0.189201,-0.061249,-0.038241,0.069462,-0.019994
0.050889,0.224823,-0.075824,0.014397,-0.263377,0.106275,0.189201,-0.061249,-0.038241,0.069462,-0.019994,0.037393
0.050161,0.224823,0.014397,-0.263377,0.106275,0.189201,-0.061249,-0.038241,0.069462,-0.019994,0.037393,0.064055
0.051482,0.224823,-0.263377,0.106275,0.189201,-0.061249,-0.038241,0.069462,-0.019994,0.037393,0.064055,0.036536
0.051102,0.224823,0.106275,0.189201,-0.061249,-0.038241,0.069462,-0.019994,0.037393,0.064055,0.036536,-0.132755
0.051814,0.224823,0.189201,-0.061249,-0.038241,0.069462,-0.019994,0.037393,0.064055,0.036536,-0.132755,0.085568
0.053032,0.224823,-0.061249,-0.038241,0.069462,-0.019994,0.037393,0.064055,0.036536,-0.132755,0.085568,0.171007
0.053726,0.224823,-0.038241,0.069462,-0.019994,0.037393,0.064055,0.036536,-0.132755,0.085568,0.171007,-0.101996
0.051205,0.224823,0.069462,-0.019994,0.037393,0.064055,0.036536,-0.132755,0.085568,0.171007,-0.101996,-0.045685
0.052831,0.224823,-0.019994,0.037393,0.064055,0.036536,-0.132755,0.085568,0.171007,-0.101996,-0.045685,0.071975
0.056077,0.224823,0.037393,0.064055,0.036536,-0.132755,0.085568,0.171007,-0.101996,-0.045685,0.071975,-0.018513
0.054142,0.224823,0.064055,0.036536,-0.132755,0.085568,0.171007,-0.101996,-0.045685,0.071975,-0.018513,0.022828
0.053275,0.224823,0.036536,-0.132755,0.085568,0.171007,-0.101996,-0.045685,0.071975,-0.018513,0.022828,0.039037
0.054639,0.224823,-0.132755,0.085568,0.171007,-0.101996,-0.045685,0.071975,-0.018513,0.022828,0.039037,0.0388
0.054288,0.224823,0.085568,0.171007,-0.101996,-0.045685,0.071975,-0.018513,0.022828,0.039037,0.0388,-0.140971
0.054721,0.224823,0.171007,-0.101996,-0.045685,0.071975,-0.018513,0.022828,0.039037,0.0388,-0.140971,0.06949
0.055462,0.224823,-0.101996,-0.045685,0.071975,-0.018513,0.022828,0.039037,0.0388,-0.140971,0.06949,0.149667
0.056197,0.224823,-0.045685,0.071975,-0.018513,0.022828,0.039037,0.0388,-0.140971,0.06949,0.149667,-0.106051
0.053527,0.224823,0.071975,-0.018513,0.022828,0.039037,0.0388,-0.140971,0.06949,0.149667,-0.106051,-0.042107
0.054844,0.224823,-0.018513,0.022828,0.039037,0.0388,-0.140971,0.06949,0.149667,-0.106051,-0.042107,0.076024
0.05768,0.224823,0.022828,0.039037,0.0388,-0.140971,0.06949,0.149667,-0.106051,-0.042107,0.076024,-0.101359
0.055671,0.224823,0.039037,0.0388,-0.140971,0.06949,0.149667,-0.106051,-0.042107,0.076024,-0.101359,-0.135687
0.054873,0.224823,0.0388,-0.140971,0.06949,0.149667,-0.106051,-0.042107,0.076024,-0.101359,-0.135687,0.007667
0.056312,0.225586,-0.140971,0.06949,0.149667,-0.106051,-0.042107,0.076024,-0.101359,-0.135687,0.007667,0.047304
0.054392,0.225586,0.06949,0.149667,-0.106051,-0.042107,0.076024,-0.101359,-0.135687,0.007667,0.047304,-0.13789
0.051814,0.225586,0.149667,-0.106051,-0.042107,0.076024,-0.101359,-0.135687,0.007667,0.047304,-0.13789,0.079926
0.05196,0.225586,-0.106051,-0.042107,0.076024,-0.101359,-0.135687,0.007667,0.047304,-0.13789,0.079926,0.181567
0.052858,0.225586,-0.042107,0.076024,-0.101359,-0.135687,0.007667,0.047304,-0.13789,0.079926,0.181567,-0.096324
0.050238,0.225586,0.076024,-0.101359,-0.135687,0.007667,0.047304,-0.13789,0.079926,0.181567,-0.096324,-0.023744
0.051758,0.225586,-0.101359,-0.135687,0.007667,0.047304,-0.13789,0.079926,0.181567,-0.096324,-0.023744,0.057229
0.055208,0.225586,-0.135687,0.007667,0.047304,-0.13789,0.079926,0.181567,-0.096324,-0.023744,0.057229,-0.011135
0.053379,0.225586,0.007667,0.047304,-0.13789,0.079926,0.181567,-0.096324,-0.023744,0.057229,-0.011135,0.041117
0.052928,0.225586,0.047304,-0.13789,0.079926,0.181567,-0.096324,-0.023744,0.057229,-0.011135,0.041117,0.03168
0.054013,0.225586,-0.13789,0.079926,0.181567,-0.096324,-0.023744,0.057229,-0.011135,0.041117,0.03168,0.009315
0.053802,0.225586,0.079926,0.181567,-0.096324,-0.023744,0.057229,-0.011135,0.041117,0.03168,0.009315,-0.138826
0.054583,0.225586,0.181567,-0.096324,-0.023744,0.057229,-0.011135,0.041117,0.03168,0.009315,-0.138826,0.078532
0.055184,0.225586,-0.096324,-0.023744,0.057229,-0.011135,0.041117,0.03168,0.009315,-0.138826,0.078532,0.158669
0.05536,0.225586,-0.023744,0.057229,-0.011135,0.041117,0.03168,0.009315,-0.138826,0.078532,0.158669,-0.104106
0.052729,0.225586,0.057229,-0.011135,0.041117,0.03168,0.009315,-0.138826,0.078532,0.158669,-0.104106,-0.038422
0.054219,0.225586,-0.011135,0.041117,0.03168,0.009315,-0.138826,0.078532,0.158669,-0.104106,-0.038422,0.075943
0.057227,0.225586,0.041117,0.03168,0.009315,-0.138826,0.078532,0.158669,-0.104106,-0.038422,0.075943,-0.040713
0.055253,0.224304,0.03168,0.009315,-0.138826,0.078532,0.158669,-0.104106,-0.038422,0.075943,-0.040713,0.009977
0.054525,0.224304,0.009315,-0.138826,0.078532,0.158669,-0.104106,-0.038422,0.075943,-0.040713,0.009977,0.031794
0.055963,0.224304,-0.138826,0.078532,0.158669,-0.104106,-0.038422,0.075943,-0.040713,0.009977,0.031794,0.033358
0.055192,0.224304,0.078532,0.158669,-0.104106,-0.038422,0.075943,-0.040713,0.009977,0.031794,0.033358,-0.144795
0.055381,0.224304,0.158669,-0.104106,-0.038422,0.075943,-0.040713,0.009977,0.031794,0.033358,-0.144795,0.075051
0.055984,0.224304,-0.104106,-0.038422,0.075943,-0.040713,0.009977,0.031794,0.033358,-0.144795,0.075051,0.16276
0.056616,0.224304,-0.038422,0.075943,-0.040713,0.009977,0.031794,0.033358,-0.144795,0.075051,0.16276,-0.100706
0.053874,0.224304,0.075943,-0.040713,0.009977,0.031794,0.033358,-0.144795,0.075051,0.16276,-0.100706,-0.047672
0.055297,0.224304,-0.040713,0.009977,0.031794,0.033358,-0.144795,0.075051,0.16276,-0.100706,-0.047672,0.074344
0.058379,0.224304,0.009977,0.031794,0.033358,-0.144795,0.075051,0.16276,-0.100706,-0.047672,0.074344,-0.035359
0.056472,0.224304,0.031794,0.033358,-0.144795,0.075051,0.16276,-0.100706,-0.047672,0.074344,-0.035359,-0.021317
0.055569,0.224304,0.033358,-0.144795,0.075051,0.16276,-0.100706,-0.047672,0.074344,-0.035359,-0.021317,-0.129336
0.056976,0.224304,-0.144795,0.075051,0.16276,-0.100706,-0.047672,0.074344,-0.035359,-0.021317,-0.129336,0.000013
0.056307,0.224304,0.075051,0.16276,-0.100706,-0.047672,0.074344,-0.035359,-0.021317,-0.129336,0.000013,-0.139927
0.055903,0.224304,0.16276,-0.100706,-0.047672,0.074344,-0.035359,-0.021317,-0.129336,0.000013,-0.139927,0.098253
0.053448,0.224304,-0.100706,-0.047672,0.074344,-0.035359,-0.021317,-0.129336,0.000013,-0.139927,0.098253,0.172774
0.053448,0.224304,-0.047672,0.074344,-0.035359,-0.021317,-0.129336,0.000013,-0.139927,0.098253,0.172774,-0.10562
0.050791,0.224304,0.074344,-0.035359,-0.021317,-0.129336,0.000013,-0.139927,0.098253,0.172774,-0.10562,-0.031052
0.052658,0.224304,-0.035359,-0.021317,-0.129336,0.000013,-0.139927,0.098253,0.172774,-0.10562,-0.031052,0.068315
0.055938,0.224304,-0.021317,-0.129336,0.000013,-0.139927,0.098253,0.172774,-0.10562,-0.031052,0.068315,-0.022178
0.053933,0.224304,-0.129336,0.000013,-0.139927,0.098253,0.172774,-0.10562,-0.031052,0.068315,-0.022178,-0.039248
0.053344,0.224304,0.000013,-0.139927,0.098253,0.172774,-0.10562,-0.031052,0.068315,-0.022178,-0.039248,0.191169
0.054639,0.224304,-0.139927,0.098253,0.172774,-0.10562,-0.031052,0.068315,-0.022178,-0.039248,0.191169,-0.044026
0.054219,0.224304,0.098253,0.172774,-0.10562,-0.031052,0.068315,-0.022178,-0.039248,0.191169,-0.044026,-0.146489
0.053473,0.224304,0.172774,-0.10562,-0.031052,0.068315,-0.022178,-0.039248,0.191169,-0.044026,-0.146489,0.052973
0.0571,0.224304,-0.10562,-0.031052,0.068315,-0.022178,-0.039248,0.191169,-0.044026,-0.146489,0.052973,0.155078
0.056267,0.224304,-0.031052,0.068315,-0.022178,-0.039248,0.191169,-0.044026,-0.146489,0.052973,0.155078,-0.104152
0.053492,0.224304,0.068315,-0.022178,-0.039248,0.191169,-0.044026,-0.146489,0.052973,0.155078,-0.104152,-0.032926
0.054497,0.224304,-0.022178,-0.039248,0.191169,-0.044026,-0.146489,0.052973,0.155078,-0.104152,-0.032926,0.064949
0.057436,0.224304,-0.039248,0.191169,-0.044026,-0.146489,0.052973,0.155078,-0.104152,-0.032926,0.064949,-0.038891
0.055462,0.224304,0.191169,-0.044026,-0.146489,0.052973,0.155078,-0.104152,-0.032926,0.064949,-0.038891,0.015468
0.054838,0.224304,-0.044026,-0.146489,0.052973,0.155078,-0.104152,-0.032926,0.064949,-0.038891,0.015468,0.035507
0.056068,0.224304,-0.146489,0.052973,0.155078,-0.104152,-0.032926,0.064949,-0.038891,0.015468,0.035507,0.0408
0.055331,0.224304,0.052973,0.155078,-0.104152,-0.032926,0.064949,-0.038891,0.015468,0.035507,0.0408,-0.163315
0.055625,0.224304,0.155078,-0.104152,-0.032926,0.064949,-0.038891,0.015468,0.035507,0.0408,-0.163315,0.084259
0.056298,0.224304,-0.104152,-0.032926,0.064949,-0.038891,0.015468,0.035507,0.0408,-0.163315,0.084259,0.161013
0.05707,0.223389,-0.032926,0.064949,-0.038891,0.015468,0.035507,0.0408,-0.163315,0.084259,0.161013,-0.10445
0.053978,0.223389,0.064949,-0.038891,0.015468,0.035507,0.0408,-0.163315,0.084259,0.161013,-0.10445,-0.11381
0.055575,0.223389,-0.038891,0.015468,0.035507,0.0408,-0.163315,0.084259,0.161013,-0.10445,-0.11381,-0.061811
0.058624,0.223389,0.015468,0.035507,0.0408,-0.163315,0.084259,0.161013,-0.10445,-0.11381,-0.061811,-0.091246
0.056646,0.223389,0.035507,0.0408,-0.163315,0.084259,0.161013,-0.10445,-0.11381,-0.061811,-0.091246,-0.096543
0.05449,0.223389,0.0408,-0.163315,0.084259,0.161013,-0.10445,-0.11381,-0.061811,-0.091246,-0.096543,0.041847
0.053318,0.223389,-0.163315,0.084259,0.161013,-0.10445,-0.11381,-0.061811,-0.091246,-0.096543,0.041847,-0.155463
0.051586,0.223389,0.084259,0.161013,-0.10445,-0.11381,-0.061811,-0.091246,-0.096543,0.041847,-0.155463,-0.171622
0.049747,0.223389,0.161013,-0.10445,-0.11381,-0.061811,-0.091246,-0.096543,0.041847,-0.155463,-0.171622,0.012838
0.050544,0.223389,-0.10445,-0.11381,-0.061811,-0.091246,-0.096543,0.041847,-0.155463,-0.171622,0.012838,0.173068
0.047581,0.223389,-0.11381,-0.061811,-0.091246,-0.096543,0.041847,-0.155463,-0.171622,0.012838,0.173068,-0.039254
0.044302,0.223389,-0.061811,-0.091246,-0.096543,0.041847,-0.155463,-0.171622,0.012838,0.173068,-0.039254,-0.012978
0.044548,0.223389,-0.091246,-0.096543,0.041847,-0.155463,-0.171622,0.012838,0.173068,-0.039254,-0.012978,0.081374
0.047859,0.223389,-0.096543,0.041847,-0.155463,-0.171622,0.012838,0.173068,-0.039254,-0.012978,0.081374,-0.01426
0.047108,0.223389,0.041847,-0.155463,-0.171622,0.012838,0.173068,-0.039254,-0.012978,0.081374,-0.01426,0.039126
0.046861,0.223389,-0.155463,-0.171622,0.012838,0.173068,-0.039254,-0.012978,0.081374,-0.01426,0.039126,0.061563
0.048413,0.223389,-0.171622,0.012838,0.173068,-0.039254,-0.012978,0.081374,-0.01426,0.039126,0.061563,0.026962
0.048141,0.225983,0.012838,0.173068,-0.039254,-0.012978,0.081374,-0.01426,0.039126,0.061563,0.026962,-0.119008
0.048888,0.225983,0.173068,-0.039254,-0.012978,0.081374,-0.01426,0.039126,0.061563,0.026962,-0.119008,0.070547
0.050062,0.225983,-0.039254,-0.012978,0.081374,-0.01426,0.039126,0.061563,0.026962,-0.119008,0.070547,0.164271
0.050575,0.225983,-0.012978,0.081374,-0.01426,0.039126,0.061563,0.026962,-0.119008,0.070547,0.164271,-0.097593
0.048309,0.225983,0.081374,-0.01426,0.039126,0.061563,0.026962,-0.119008,0.070547,0.164271,-0.097593,-0.056348
0.049654,0.225983,-0.01426,0.039126,0.061563,0.026962,-0.119008,0.070547,0.164271,-0.097593,-0.056348,0.094874
0.052781,0.225983,0.039126,0.061563,0.026962,-0.119008,0.070547,0.164271,-0.097593,-0.056348,0.094874,-0.027281
0.050924,0.225983,0.061563,0.026962,-0.119008,0.070547,0.164271,-0.097593,-0.056348,0.094874,-0.027281,0.024701
0.049851,0.225983,0.026962,-0.119008,0.070547,0.164271,-0.097593,-0.056348,0.094874,-0.027281,0.024701,0.043983
0.051655,0.225983,-0.119008,0.070547,0.164271,-0.097593,-0.056348,0.094874,-0.027281,0.024701,0.043983,-0.06194
0.051136,0.225983,0.070547,0.164271,-0.097593,-0.056348,0.094874,-0.027281,0.024701,0.043983,-0.06194,-0.189579
0.051607,0.225983,0.164271,-0.097593,-0.056348,0.094874,-0.027281,0.024701,0.043983,-0.06194,-0.189579,-0.010595
0.052444,0.225983,-0.097593,-0.056348,0.094874,-0.027281,0.024701,0.043983,-0.06194,-0.189579,-0.010595,0.147163
0.051266,0.225983,-0.056348,0.094874,-0.027281,0.024701,0.043983,-0.06194,-0.189579,-0.010595,0.147163,-0.026775
0.047657,0.225983,0.094874,-0.027281,0.024701,0.043983,-0.06194,-0.189579,-0.010595,0.147163,-0.026775,-0.003857
0.047454,0.225983,-0.027281,0.024701,0.043983,-0.06194,-0.189579,-0.010595,0.147163,-0.026775,-0.003857,0.065723
0.050263,0.225983,0.024701,0.043983,-0.06194,-0.189579,-0.010595,0.147163,-0.026775,-0.003857,0.065723,-0.067009
0.049752,0.225983,0.043983,-0.06194,-0.189579,-0.010595,0.147163,-0.026775,-0.003857,0.065723,-0.067009,-0.192452
0.049679,0.225983,-0.06194,-0.189579,-0.010595,0.147163,-0.026775,-0.003857,0.065723,-0.067009,-0.192452,0.147089
0.050929,0.225983,-0.189579,-0.010595,0.147163,-0.026775,-0.003857,0.065723,-0.067009,-0.192452,0.147089,-0.122575
0.049654,0.225983,-0.010595,0.147163,-0.026775,-0.003857,0.065723,-0.067009,-0.192452,0.147089,-0.122575,-0.181751
0.045978,0.225983,0.147163,-0.026775,-0.003857,0.065723,-0.067009,-0.192452,0.147089,-0.122575,-0.181751,0.032398
0.048789,0.225983,-0.026775,-0.003857,0.065723,-0.067009,-0.192452,0.147089,-0.122575,-0.181751,0.032398,0.169096
0.046449,0.225983,-0.003857,0.065723,-0.067009,-0.192452,0.147089,-0.122575,-0.181751,0.032398,0.169096,-0.03919
0.042973,0.225983,0.065723,-0.067009,-0.192452,0.147089,-0.122575,-0.181751,0.032398,0.169096,-0.03919,-0.020166
0.043594,0.225983,-0.067009,-0.192452,0.147089,-0.122575,-0.181751,0.032398,0.169096,-0.03919,-0.020166,0.084679
0.046832,0.225983,-0.192452,0.147089,-0.122575,-0.181751,0.032398,0.169096,-0.03919,-0.020166,0.084679,0.005599
0.046082,0.225983,0.147089,-0.122575,-0.181751,0.032398,0.169096,-0.03919,-0.020166,0.084679,0.005599,0.06246
0.045697,0.225983,-0.122575,-0.181751,0.032398,0.169096,-0.03919,-0.020166,0.084679,0.005599,0.06246,0.068721
0.047313,0.225983,-0.181751,0.032398,0.169096,-0.03919,-0.020166,0.084679,0.005599,0.06246,0.068721,0.036009
0.04742,0.225983,0.032398,0.169096,-0.03919,-0.020166,0.084679,0.005599,0.06246,0.068721,0.036009,-0.106384
0.048613,0.225983,0.169096,-0.03919,-0.020166,0.084679,0.005599,0.06246,0.068721,0.036009,-0.106384,0.092316
0.049924,0.225983,-0.03919,-0.020166,0.084679,0.005599,0.06246,0.068721,0.036009,-0.106384,0.092316,0.170008
0.05061,0.225983,-0.020166,0.084679,0.005599,0.06246,0.068721,0.036009,-0.106384,0.092316,0.170008,-0.092331
0.048585,0.225983,0.084679,0.005599,0.06246,0.068721,0.036009,-0.106384,0.092316,0.170008,-0.092331,-0.036461
0.050343,0.225983,0.005599,0.06246,0.068721,0.036009,-0.106384,0.092316,0.170008,-0.092331,-0.036461,0.080629
0.053577,0.225983,0.06246,0.068721,0.036009,-0.106384,0.092316,0.170008,-0.092331,-0.036461,0.080629,-0.01466
0.051821,0.22522,0.068721,0.036009,-0.106384,0.092316,0.170008,-0.092331,-0.036461,0.080629,-0.01466,0.048355
0.051128,0.22522,0.036009,-0.106384,0.092316,0.170008,-0.092331,-0.036461,0.080629,-0.01466,0.048355,0.049766
0.052659,0.22522,-0.106384,0.092316,0.170008,-0.092331,-0.036461,0.080629,-0.01466,0.048355,0.049766,-0.062132
0.052381,0.22522,0.092316,0.170008,-0.092331,-0.036461,0.080629,-0.01466,0.048355,0.049766,-0.062132,-0.230294
0.0533,0.22522,0.170008,-0.092331,-0.036461,0.080629,-0.01466,0.048355,0.049766,-0.062132,-0.230294,-0.184667
0.054246,0.22522,-0.092331,-0.036461,0.080629,-0.01466,0.048355,0.049766,-0.062132,-0.230294,-0.184667,0.144592
0.053066,0.22522,-0.036461,0.080629,-0.01466,0.048355,0.049766,-0.062132,-0.230294,-0.184667,0.144592,-0.112563
0.048688,0.22522,0.080629,-0.01466,0.048355,0.049766,-0.062132,-0.230294,-0.184667,0.144592,-0.112563,-0.055867
0.045162,0.22522,-0.01466,0.048355,0.049766,-0.062132,-0.230294,-0.184667,0.144592,-0.112563,-0.055867,0.007459
0.047927,0.22522,0.048355,0.049766,-0.062132,-0.230294,-0.184667,0.144592,-0.112563,-0.055867,0.007459,0.00391
0.045775,0.22522,0.049766,-0.062132,-0.230294,-0.184667,0.144592,-0.112563,-0.055867,0.007459,0.00391,0.03725
0.044706,0.22522,-0.062132,-0.230294,-0.184667,0.144592,-0.112563,-0.055867,0.007459,0.00391,0.03725,0.21538
0.044848,0.22522,-0.230294,-0.184667,0.144592,-0.112563,-0.055867,0.007459,0.00391,0.03725,0.21538,-0.014707
0.044923,0.22522,-0.184667,0.144592,-0.112563,-0.055867,0.007459,0.00391,0.03725,0.21538,-0.014707,-0.113257
0.045636,0.22522,0.144592,-0.112563,-0.055867,0.007459,0.00391,0.03725,0.21538,-0.014707,-0.113257,0.157158
0.049752,0.22522,-0.112563,-0.055867,0.007459,0.00391,0.03725,0.21538,-0.014707,-0.113257,0.157158,0.193706
0.049472,0.22522,-0.055867,0.007459,0.00391,0.03725,0.21538,-0.014707,-0.113257,0.157158,0.193706,-0.086965
0.047313,0.22522,0.007459,0.00391,0.03725,0.21538,-0.014707,-0.113257,0.157158,0.193706,-0.086965,-0.027384
0.050308,0.227814,0.00391,0.03725,0.21538,-0.014707,-0.113257,0.157158,0.193706,-0.086965,-0.027384,0.106438
0.053993,0.227814,0.03725,0.21538,-0.014707,-0.113257,0.157158,0.193706,-0.086965,-0.027384,0.106438,-0.023911
0.05234,0.227814,0.21538,-0.014707,-0.113257,0.157158,0.193706,-0.086965,-0.027384,0.106438,-0.023911,0.015546
0.051819,0.227814,-0.014707,-0.113257,0.157158,0.193706,-0.086965,-0.027384,0.106438,-0.023911,0.015546,0.049844
0.053839,0.227814,-0.113257,0.157158,0.193706,-0.086965,-0.027384,0.106438,-0.023911,0.015546,0.049844,0.047849
0.053386,0.227814,0.157158,0.193706,-0.086965,-0.027384,0.106438,-0.023911,0.015546,0.049844,0.047849,-0.13158
0.053681,0.227814,0.193706,-0.086965,-0.027384,0.106438,-0.023911,0.015546,0.049844,0.047849,-0.13158,0.095096
0.054628,0.227814,-0.086965,-0.027384,0.106438,-0.023911,0.015546,0.049844,0.047849,-0.13158,0.095096,0.169974
0.055535,0.227814,-0.027384,0.106438,-0.023911,0.015546,0.049844,0.047849,-0.13158,0.095096,0.169974,-0.078566
0.053041,0.227814,0.106438,-0.023911,0.015546,0.049844,0.047849,-0.13158,0.095096,0.169974,-0.078566,-0.032952
0.054844,0.227814,-0.023911,0.015546,0.049844,0.047849,-0.13158,0.095096,0.169974,-0.078566,-0.032952,0.070728
0.058064,0.227814,0.015546,0.049844,0.047849,-0.13158,0.095096,0.169974,-0.078566,-0.032952,0.070728,-0.022488
0.056577,0.227814,0.049844,0.047849,-0.13158,0.095096,0.169974,-0.078566,-0.032952,0.070728,-0.022488,0.03937
0.055953,0.227814,0.047849,-0.13158,0.095096,0.169974,-0.078566,-0.032952,0.070728,-0.022488,0.03937,0.043206
0.05729,0.227814,-0.13158,0.095096,0.169974,-0.078566,-0.032952,0.070728,-0.022488,0.03937,0.043206,-0.069985
0.056865,0.227814,0.095096,0.169974,-0.078566,-0.032952,0.070728,-0.022488,0.03937,0.043206,-0.069985,-0.188981
0.05761,0.227814,0.169974,-0.078566,-0.032952,0.070728,-0.022488,0.03937,0.043206,-0.069985,-0.188981,0.005362
0.058428,0.227814,-0.078566,-0.032952,0.070728,-0.022488,0.03937,0.043206,-0.069985,-0.188981,0.005362,0.163973
0.057105,0.227814,-0.032952,0.070728,-0.022488,0.03937,0.043206,-0.069985,-0.188981,0.005362,0.163973,-0.061835
0.053527,0.227814,0.070728,-0.022488,0.03937,0.043206,-0.069985,-0.188981,0.005362,0.163973,-0.061835,-0.005361
0.053629,0.227814,-0.022488,0.03937,0.043206,-0.069985,-0.188981,0.005362,0.163973,-0.061835,-0.005361,0.074315
0.056739,0.227814,0.03937,0.043206,-0.069985,-0.188981,0.005362,0.163973,-0.061835,-0.005361,0.074315,-0.00953
0.055566,0.227814,0.043206,-0.069985,-0.188981,0.005362,0.163973,-0.061835,-0.005361,0.074315,-0.00953,0.035683
0.055465,0.227814,-0.069985,-0.188981,0.005362,0.163973,-0.061835,-0.005361,0.074315,-0.00953,0.035683,0.048706
0.056871,0.227814,-0.188981,0.005362,0.163973,-0.061835,-0.005361,0.074315,-0.00953,0.035683,0.048706,0.033741
0.056691,0.227814,0.005362,0.163973,-0.061835,-0.005361,0.074315,-0.00953,0.035683,0.048706,0.033741,-0.119864
0.057366,0.227814,0.163973,-0.061835,-0.005361,0.074315,-0.00953,0.035683,0.048706,0.033741,-0.119864,0.073646
0.058288,0.227814,-0.061835,-0.005361,0.074315,-0.00953,0.035683,0.048706,0.033741,-0.119864,0.073646,0.163806
0.058925,0.227814,-0.005361,0.074315,-0.00953,0.035683,0.048706,0.033741,-0.119864,0.073646,0.163806,-0.09765
0.056661,0.227814,0.074315,-0.00953,0.035683,0.048706,0.033741,-0.119864,0.073646,0.163806,-0.09765,-0.038586
0.058053,0.227814,-0.00953,0.035683,0.048706,0.033741,-0.119864,0.073646,0.163806,-0.09765,-0.038586,0.07317
0.061147,0.227814,0.035683,0.048706,0.033741,-0.119864,0.073646,0.163806,-0.09765,-0.038586,0.07317,-0.04511
0.059303,0.227814,0.048706,0.033741,-0.119864,0.073646,0.163806,-0.09765,-0.038586,0.07317,-0.04511,-0.036512
0.058575,0.227814,0.033741,-0.119864,0.073646,0.163806,-0.09765,-0.038586,0.07317,-0.04511,-0.036512,0.047053
0.059955,0.227814,-0.119864,0.073646,0.163806,-0.09765,-0.038586,0.07317,-0.04511,-0.036512,0.047053,-0.083061
0.059104,0.227814,0.073646,0.163806,-0.09765,-0.038586,0.07317,-0.04511,-0.036512,0.047053,-0.083061,-0.258869
0.058414,0.227814,0.163806,-0.09765,-0.038586,0.07317,-0.04511,-0.036512,0.047053,-0.083061,-0.258869,0.08221
0.059303,0.226257,-0.09765,-0.038586,0.07317,-0.04511,-0.036512,0.047053,-0.083061,-0.258869,0.08221,0.219662
0.057734,0.226257,-0.038586,0.07317,-0.04511,-0.036512,0.047053,-0.083061,-0.258869,0.08221,0.219662,-0.093386
0.052833,0.226257,0.07317,-0.04511,-0.036512,0.047053,-0.083061,-0.258869,0.08221,0.219662,-0.093386,-0.047691
0.054392,0.226257,-0.04511,-0.036512,0.047053,-0.083061,-0.258869,0.08221,0.219662,-0.093386,-0.047691,0.068863
0.058554,0.226257,-0.036512,0.047053,-0.083061,-0.258869,0.08221,0.219662,-0.093386,-0.047691,0.068863,-0.007713
0.056786,0.226257,0.047053,-0.083061,-0.258869,0.08221,0.219662,-0.093386,-0.047691,0.068863,-0.007713,0.013562
0.055883,0.226257,-0.083061,-0.258869,0.08221,0.219662,-0.093386,-0.047691,0.068863,-0.007713,0.013562,0.057943
0.057185,0.226257,-0.258869,0.08221,0.219662,-0.093386,-0.047691,0.068863,-0.007713,0.013562,0.057943,0.020756
0.05704,0.226257,0.08221,0.219662,-0.093386,-0.047691,0.068863,-0.007713,0.013562,0.057943,0.020756,-0.116122
0.057296,0.226257,0.219662,-0.093386,-0.047691,0.068863,-0.007713,0.013562,0.057943,0.020756,-0.116122,0.069929
0.058393,0.226257,-0.093386,-0.047691,0.068863,-0.007713,0.013562,0.057943,0.020756,-0.116122,0.069929,0.148859
0.058785,0.226257,-0.047691,0.068863,-0.007713,0.013562,0.057943,0.020756,-0.116122,0.069929,0.148859,-0.121616
0.056591,0.226257,0.068863,-0.007713,0.013562,0.057943,0.020756,-0.116122,0.069929,0.148859,-0.121616,-0.036704
0.057913,0.226257,-0.007713,0.013562,0.057943,0.020756,-0.116122,0.069929,0.148859,-0.121616,-0.036704,0.054389
0.060726,0.226257,0.013562,0.057943,0.020756,-0.116122,0.069929,0.148859,-0.121616,-0.036704,0.054389,-0.03563
0.058428,0.226257,0.057943,0.020756,-0.116122,0.069929,0.148859,-0.121616,-0.036704,0.054389,-0.03563,0.00981
0.057734,0.226257,0.020756,-0.116122,0.069929,0.148859,-0.121616,-0.036704,0.054389,-0.03563,0.00981,0.050741
0.058761,0.223236,-0.116122,0.069929,0.148859,-0.121616,-0.036704,0.054389,-0.03563,0.00981,0.050741,0.037614
0.058088,0.223236,0.069929,0.148859,-0.121616,-0.036704,0.054389,-0.03563,0.00981,0.050741,0.037614,-0.155352
0.058274,0.223236,0.148859,-0.121616,-0.036704,0.054389,-0.03563,0.00981,0.050741,0.037614,-0.155352,0.066285
0.059233,0.223236,-0.121616,-0.036704,0.054389,-0.03563,0.00981,0.050741,0.037614,-0.155352,0.066285,0.160158
0.059943,0.223236,-0.036704,0.054389,-0.03563,0.00981,0.050741,0.037614,-0.155352,0.066285,0.160158,-0.106952
0.057011,0.223236,0.054389,-0.03563,0.00981,0.050741,0.037614,-0.155352,0.066285,0.160158,-0.106952,-0.058983
0.058263,0.223236,-0.03563,0.00981,0.050741,0.037614,-0.155352,0.066285,0.160158,-0.106952,-0.058983,0.061905
0.061288,0.223236,0.00981,0.050741,0.037614,-0.155352,0.066285,0.160158,-0.106952,-0.058983,0.061905,-0.032011
0.059268,0.223236,0.050741,0.037614,-0.155352,0.066285,0.160158,-0.106952,-0.058983,0.061905,-0.032011,0.028304
0.058154,0.223236,0.037614,-0.155352,0.066285,0.160158,-0.106952,-0.058983,0.061905,-0.032011,0.028304,0.024915
0.059323,0.223236,-0.155352,0.066285,0.160158,-0.106952,-0.058983,0.061905,-0.032011,0.028304,0.024915,0.020929
0.058719,0.223236,0.066285,0.160158,-0.106952,-0.058983,0.061905,-0.032011,0.028304,0.024915,0.020929,-0.144329
0.059253,0.223236,0.160158,-0.106952,-0.058983,0.061905,-0.032011,0.028304,0.024915,0.020929,-0.144329,0.058918
0.059724,0.223236,-0.106952,-0.058983,0.061905,-0.032011,0.028304,0.024915,0.020929,-0.144329,0.058918,0.165845
0.060119,0.223236,-0.058983,0.061905,-0.032011,0.028304,0.024915,0.020929,-0.144329,0.058918,0.165845,-0.225458
0.057395,0.223236,0.061905,-0.032011,0.028304,0.024915,0.020929,-0.144329,0.058918,0.165845,-0.225458,-0.097456
0.058508,0.223236,-0.032011,0.028304,0.024915,0.020929,-0.144329,0.058918,0.165845,-0.225458,-0.097456,-0.016033
0.061639,0.223236,0.028304,0.024915,0.020929,-0.144329,0.058918,0.165845,-0.225458,-0.097456,-0.016033,-0.02959
0.057379,0.223236,0.024915,0.020929,-0.144329,0.058918,0.165845,-0.225458,-0.097456,-0.016033,-0.02959,-0.024731
0.055535,0.223236,0.020929,-0.144329,0.058918,0.165845,-0.225458,-0.097456,-0.016033,-0.02959,-0.024731,0.176837
0.055231,0.223236,-0.144329,0.058918,0.165845,-0.225458,-0.097456,-0.016033,-0.02959,-0.024731,0.176837,-0.044053
0.05467,0.223236,0.058918,0.165845,-0.225458,-0.097456,-0.016033,-0.02959,-0.024731,0.176837,-0.044053,-0.143002
0.054201,0.223236,0.165845,-0.225458,-0.097456,-0.016033,-0.02959,-0.024731,0.176837,-0.044053,-0.143002,0.071395
0.057554,0.223236,-0.225458,-0.097456,-0.016033,-0.02959,-0.024731,0.176837,-0.044053,-0.143002,0.071395,0.159087
0.056721,0.223236,-0.097456,-0.016033,-0.02959,-0.024731,0.176837,-0.044053,-0.143002,0.071395,0.159087,-0.091511
0.054013,0.223236,-0.016033,-0.02959,-0.024731,0.176837,-0.044053,-0.143002,0.071395,0.159087,-0.091511,-0.021896
0.055366,0.223236,-0.02959,-0.024731,0.176837,-0.044053,-0.143002,0.071395,0.159087,-0.091511,-0.021896,0.059678
0.058379,0.223236,-0.024731,0.176837,-0.044053,-0.143002,0.071395,0.159087,-0.091511,-0.021896,0.059678,-0.035415
0.056646,0.223236,0.176837,-0.044053,-0.143002,0.071395,0.159087,-0.091511,-0.021896,0.059678,-0.035415,0.015414
0.056232,0.223236,-0.044053,-0.143002,0.071395,0.159087,-0.091511,-0.021896,0.059678,-0.035415,0.015414,0.032023
0.05736,0.223236,-0.143002,0.071395,0.159087,-0.091511,-0.021896,0.059678,-0.035415,0.015414,0.032023,0.020654
0.056691,0.223236,0.071395,0.159087,-0.091511,-0.021896,0.059678,-0.035415,0.015414,0.032023,0.020654,-0.137972
0.056983,0.223236,0.159087,-0.091511,-0.021896,0.059678,-0.035415,0.015414,0.032023,0.020654,-0.137972,0.073445
0.057589,0.223236,-0.091511,-0.021896,0.059678,-0.035415,0.015414,0.032023,0.020654,-0.137972,0.073445,0.176308
0.057979,0.223236,-0.021896,0.059678,-0.035415,0.015414,0.032023,0.020654,-0.137972,0.073445,0.176308,-0.110349
0.05537,0.223236,0.059678,-0.035415,0.015414,0.032023,0.020654,-0.137972,0.073445,0.176308,-0.110349,-0.038531
0.05676,0.226501,-0.035415,0.015414,0.032023,0.020654,-0.137972,0.073445,0.176308,-0.110349,-0.038531,0.061733
0.060094,0.226501,0.015414,0.032023,0.020654,-0.137972,0.073445,0.176308,-0.110349,-0.038531,0.061733,-0.015219
0.058008,0.226501,0.032023,0.020654,-0.137972,0.073445,0.176308,-0.110349,-0.038531,0.061733,-0.015219,0.028306
0.05728,0.226501,0.020654,-0.137972,0.073445,0.176308,-0.110349,-0.038531,0.061733,-0.015219,0.028306,-0.074986
0.058446,0.226501,-0.137972,0.073445,0.176308,-0.110349,-0.038531,0.061733,-0.015219,0.028306,-0.074986,-0.001579
0.058158,0.226501,0.073445,0.176308,-0.110349,-0.038531,0.061733,-0.015219,0.028306,-0.074986,-0.001579,-0.253044
0.058694,0.226501,0.176308,-0.110349,-0.038531,0.061733,-0.015219,0.028306,-0.074986,-0.001579,-0.253044,0.091296
0.057275,0.226501,-0.110349,-0.038531,0.061733,-0.015219,0.028306,-0.074986,-0.001579,-0.253044,0.091296,0.105308
0.057245,0.226501,-0.038531,0.061733,-0.015219,0.028306,-0.074986,-0.001579,-0.253044,0.091296,0.105308,-0.189561
0.052451,0.226501,0.061733,-0.015219,0.028306,-0.074986,-0.001579,-0.253044,0.091296,0.105308,-0.189561,-0.087383
0.054184,0.226501,-0.015219,0.028306,-0.074986,-0.001579,-0.253044,0.091296,0.105308,-0.189561,-0.087383,0.071449
0.056181,0.226501,0.028306,-0.074986,-0.001579,-0.253044,0.091296,0.105308,-0.189561,-0.087383,0.071449,0.021825
0.052582,0.226501,-0.074986,-0.001579,-0.253044,0.091296,0.105308,-0.189561,-0.087383,0.071449,0.021825,0.05384
0.050921,0.226501,-0.001579,-0.253044,0.091296,0.105308,-0.189561,-0.087383,0.071449,0.021825,0.05384,0.060835
0.052278,0.226501,-0.253044,0.091296,0.105308,-0.189561,-0.087383,0.071449,0.021825,0.05384,0.060835,-0.060376
0.052693,0.226501,0.091296,0.105308,-0.189561,-0.087383,0.071449,0.021825,0.05384,0.060835,-0.060376,-0.243369
0.053716,0.226501,0.105308,-0.189561,-0.087383,0.071449,0.021825,0.05384,0.060835,-0.060376,-0.243369,-0.163446
0.054871,0.226501,-0.189561,-0.087383,0.071449,0.021825,0.05384,0.060835,-0.060376,-0.243369,-0.163446,0.121499
0.053726,0.224945,-0.087383,0.071449,0.021825,0.05384,0.060835,-0.060376,-0.243369,-0.163446,0.121499,-0.006971
0.049101,0.224945,0.071449,0.021825,0.05384,0.060835,-0.060376,-0.243369,-0.163446,0.121499,-0.006971,0.01948
0.045982,0.224945,0.021825,0.05384,0.060835,-0.060376,-0.243369,-0.163446,0.121499,-0.006971,0.01948,0.009413
0.048304,0.224945,0.05384,0.060835,-0.060376,-0.243369,-0.163446,0.121499,-0.006971,0.01948,0.009413,-0.138209
0.048171,0.224945,0.060835,-0.060376,-0.243369,-0.163446,0.121499,-0.006971,0.01948,0.009413,-0.138209,-0.026987
0.048543,0.224945,-0.060376,-0.243369,-0.163446,0.121499,-0.006971,0.01948,0.009413,-0.138209,-0.026987,0.082294
0.048722,0.224945,-0.243369,-0.163446,0.121499,-0.006971,0.01948,0.009413,-0.138209,-0.026987,0.082294,0.064342
0.046085,0.224945,-0.163446,0.121499,-0.006971,0.01948,0.009413,-0.138209,-0.026987,0.082294,0.064342,-0.091393
0.045568,0.224945,0.121499,-0.006971,0.01948,0.009413,-0.138209,-0.026987,0.082294,0.064342,-0.091393,0.115344
0.047143,0.224945,-0.006971,0.01948,0.009413,-0.138209,-0.026987,0.082294,0.064342,-0.091393,0.115344,0.196648
0.048371,0.224945,0.01948,0.009413,-0.138209,-0.026987,0.082294,0.064342,-0.091393,0.115344,0.196648,-0.08487
0.046627,0.224945,0.009413,-0.138209,-0.026987,0.082294,0.064342,-0.091393,0.115344,0.196648,-0.08487,-0.124996
0.048828,0.224945,-0.138209,-0.026987,0.082294,0.064342,-0.091393,0.115344,0.196648,-0.08487,-0.124996,-0.026664
0.052574,0.224945,-0.026987,0.082294,0.064342,-0.091393,0.115344,0.196648,-0.08487,-0.124996,-0.026664,-0.069904
0.050958,0.224945,0.082294,0.064342,-0.091393,0.115344,0.196648,-0.08487,-0.124996,-0.026664,-0.069904,0.05881
0.048577,0.224945,0.064342,-0.091393,0.115344,0.196648,-0.08487,-0.124996,-0.026664,-0.069904,0.05881,-0.046417
0.048069,0.224945,-0.091393,0.115344,0.196648,-0.08487,-0.124996,-0.026664,-0.069904,0.05881,-0.046417,0.0427
0.046735,0.224945,0.115344,0.196648,-0.08487,-0.124996,-0.026664,-0.069904,0.05881,-0.046417,0.0427,-0.218052
0.047859,0.224945,0.196648,-0.08487,-0.124996,-0.026664,-0.069904,0.05881,-0.046417,0.0427,-0.218052,0.091275
0.046972,0.224945,-0.08487,-0.124996,-0.026664,-0.069904,0.05881,-0.046417,0.0427,-0.218052,0.091275,0.222019
0.047787,0.224945,-0.124996,-0.026664,-0.069904,0.05881,-0.046417,0.0427,-0.218052,0.091275,0.222019,-0.053758
0.04362,0.224945,-0.026664,-0.069904,0.05881,-0.046417,0.0427,-0.218052,0.091275,0.222019,-0.053758,-0.011132
0.045367,0.224945,-0.069904,0.05881,-0.046417,0.0427,-0.218052,0.091275,0.222019,-0.053758,-0.011132,0.085383
0.049609,0.224945,0.05881,-0.046417,0.0427,-0.218052,0.091275,0.222019,-0.053758,-0.011132,0.085383,0.007307
0.048583,0.224945,-0.046417,0.0427,-0.218052,0.091275,0.222019,-0.053758,-0.011132,0.085383,0.007307,0.057287
0.048371,0.224945,0.0427,-0.218052,0.091275,0.222019,-0.053758,-0.011132,0.085383,0.007307,0.057287,0.074827
0.049997,0.224945,-0.218052,0.091275,0.222019,-0.053758,-0.011132,0.085383,0.007307,0.057287,0.074827,0.040132
0.050136,0.224945,0.091275,0.222019,-0.053758,-0.011132,0.085383,0.007307,0.057287,0.074827,0.040132,-0.112642
0.051227,0.224945,0.222019,-0.053758,-0.011132,0.085383,0.007307,0.057287,0.074827,0.040132,-0.112642,0.098363
0.052651,0.224945,-0.053758,-0.011132,0.085383,0.007307,0.057287,0.074827,0.040132,-0.112642,0.098363,0.172969
0.053413,0.224945,-0.011132,0.085383,0.007307,0.057287,0.074827,0.040132,-0.112642,0.098363,0.172969,-0.074624
0.051275,0.224945,0.085383,0.007307,0.057287,0.074827,0.040132,-0.112642,0.098363,0.172969,-0.074624,-0.01457
0.053143,0.224945,0.007307,0.057287,0.074827,0.040132,-0.112642,0.098363,0.172969,-0.074624,-0.01457,0.088916
0.056425,0.224945,0.057287,0.074827,0.040132,-0.112642,0.098363,0.172969,-0.074624,-0.01457,0.088916,0.003407
0.05501,0.224945,0.074827,0.040132,-0.112642,0.098363,0.172969,-0.074624,-0.01457,0.088916,0.003407,0.03936
0.054734,0.224945,0.040132,-0.112642,0.098363,0.172969,-0.074624,-0.01457,0.088916,0.003407,0.03936,0.056077
0.056417,0.223114,-0.112642,0.098363,0.172969,-0.074624,-0.01457,0.088916,0.003407,0.03936,0.056077,0.041166
0.056481,0.223114,0.098363,0.172969,-0.074624,-0.01457,0.088916,0.003407,0.03936,0.056077,0.041166,-0.114358
0.057227,0.223114,0.172969,-0.074624,-0.01457,0.088916,0.003407,0.03936,0.056077,0.041166,-0.114358,0.088514
0.058288,0.223114,-0.074624,-0.01457,0.088916,0.003407,0.03936,0.056077,0.041166,-0.114358,0.088514,0.190141
0.059066,0.223114,-0.01457,0.088916,0.003407,0.03936,0.056077,0.041166,-0.114358,0.088514,0.190141,-0.082989
0.056906,0.223114,0.088916,0.003407,0.03936,0.056077,0.041166,-0.114358,0.088514,0.190141,-0.082989,-0.005097
0.058578,0.223114,0.003407,0.03936,0.056077,0.041166,-0.114358,0.088514,0.190141,-0.082989,-0.005097,0.079233
0.062167,0.223114,0.03936,0.056077,0.041166,-0.114358,0.088514,0.190141,-0.082989,-0.005097,0.079233,-0.019303
0.060602,0.223114,0.056077,0.041166,-0.114358,0.088514,0.190141,-0.082989,-0.005097,0.079233,-0.019303,-0.035132
0.060506,0.223114,0.041166,-0.114358,0.088514,0.190141,-0.082989,-0.005097,0.079233,-0.019303,-0.035132,0.188152
0.061998,0.223114,-0.114358,0.088514,0.190141,-0.082989,-0.005097,0.079233,-0.019303,-0.035132,0.188152,-0.021847
0.061634,0.223114,0.088514,0.190141,-0.082989,-0.005097,0.079233,-0.019303,-0.035132,0.188152,-0.021847,-0.15337
0.060972,0.223114,0.190141,-0.082989,-0.005097,0.079233,-0.019303,-0.035132,0.188152,-0.021847,-0.15337,0.091247
0.064516,0.223114,-0.082989,-0.005097,0.079233,-0.019303,-0.035132,0.188152,-0.021847,-0.15337,0.091247,0.180789
0.064106,0.223114,-0.005097,0.079233,-0.019303,-0.035132,0.188152,-0.021847,-0.15337,0.091247,0.180789,-0.098816
0.061222,0.223114,0.079233,-0.019303,-0.035132,0.188152,-0.021847,-0.15337,0.091247,0.180789,-0.098816,-0.038805
0.062939,0.223114,-0.019303,-0.035132,0.188152,-0.021847,-0.15337,0.091247,0.180789,-0.098816,-0.038805,0.078139
0.066338,0.223114,-0.035132,0.188152,-0.021847,-0.15337,0.091247,0.180789,-0.098816,-0.038805,0.078139,-0.029099
0.064481,0.224304,0.188152,-0.021847,-0.15337,0.091247,0.180789,-0.098816,-0.038805,0.078139,-0.029099,-0.04132
0.063752,0.224304,-0.021847,-0.15337,0.091247,0.180789,-0.098816,-0.038805,0.078139,-0.029099,-0.04132,0.187971
0.065218,0.224304,-0.15337,0.091247,0.180789,-0.098816,-0.038805,0.078139,-0.029099,-0.04132,0.187971,-0.033226
0.064672,0.224304,0.091247,0.180789,-0.098816,-0.038805,0.078139,-0.029099,-0.04132,0.187971,-0.033226,-0.141283
0.063895,0.224304,0.180789,-0.098816,-0.038805,0.078139,-0.029099,-0.04132,0.187971,-0.033226,-0.141283,0.06914
0.067426,0.224304,-0.098816,-0.038805,0.078139,-0.029099,-0.04132,0.187971,-0.033226,-0.141283,0.06914,0.15902
0.066804,0.224304,-0.038805,0.078139,-0.029099,-0.04132,0.187971,-0.033226,-0.141283,0.06914,0.15902,-0.11632
0.064154,0.224304,0.078139,-0.029099,-0.04132,0.187971,-0.033226,-0.141283,0.06914,0.15902,-0.11632,-0.050217
0.065452,0.224304,-0.029099,-0.04132,0.187971,-0.033226,-0.141283,0.06914,0.15902,-0.11632,-0.050217,0.086109
0.068435,0.224304,-0.04132,0.187971,-0.033226,-0.141283,0.06914,0.15902,-0.11632,-0.050217,0.086109,-0.040702
0.066253,0.224304,0.187971,-0.033226,-0.141283,0.06914,0.15902,-0.11632,-0.050217,0.086109,-0.040702,0.009352
0.065311,0.224304,-0.033226,-0.141283,0.06914,0.15902,-0.11632,-0.050217,0.086109,-0.040702,0.009352,0.035264
0.066925,0.224304,-0.141283,0.06914,0.15902,-0.11632,-0.050217,0.086109,-0.040702,0.009352,0.035264,0.029469
0.066162,0.224304,0.06914,0.15902,-0.11632,-0.050217,0.086109,-0.040702,0.009352,0.035264,0.029469,-0.160458
0.066338,0.224304,0.15902,-0.11632,-0.050217,0.086109,-0.040702,0.009352,0.035264,0.029469,-0.160458,0.057832
0.067,0.224304,-0.11632,-0.050217,0.086109,-0.040702,0.009352,0.035264,0.029469,-0.160458,0.057832,0.145777
0.067552,0.224304,-0.050217,0.086109,-0.040702,0.009352,0.035264,0.029469,-0.160458,0.057832,0.145777,-0.125751
0.064544,0.224304,0.086109,-0.040702,0.009352,0.035264,0.029469,-0.160458,0.057832,0.145777,-0.125751,-0.05587
0.065629,0.224304,-0.040702,0.009352,0.035264,0.029469,-0.160458,0.057832,0.145777,-0.125751,-0.05587,0.074622
0.068364,0.224304,0.009352,0.035264,0.029469,-0.160458,0.057832,0.145777,-0.125751,-0.05587,0.074622,-0.063293
0.066005,0.224304,0.035264,0.029469,-0.160458,0.057832,0.145777,-0.125751,-0.05587,0.074622,-0.063293,-0.056459
0.064956,0.224304,0.029469,-0.160458,0.057832,0.145777,-0.125751,-0.05587,0.074622,-0.063293,-0.056459,0.155846
0.066355,0.224304,-0.160458,0.057832,0.145777,-0.125751,-0.05587,0.074622,-0.063293,-0.056459,0.155846,-0.050275
0.065168,0.224304,0.057832,0.145777,-0.125751,-0.05587,0.074622,-0.063293,-0.056459,0.155846,-0.050275,-0.163598
0.064107,0.224304,0.145777,-0.125751,-0.05587,0.074622,-0.063293,-0.056459,0.155846,-0.050275,-0.163598,0.065206
0.067035,0.224304,-0.125751,-0.05587,0.074622,-0.063293,-0.056459,0.155846,-0.050275,-0.163598,0.065206,0.139649
0.066092,0.224304,-0.05587,0.074622,-0.063293,-0.056459,0.155846,-0.050275,-0.163598,0.065206,0.139649,-0.119659
0.063022,0.224304,0.074622,-0.063293,-0.056459,0.155846,-0.050275,-0.163598,0.065206,0.139649,-0.119659,-0.104603
0.064247,0.224304,-0.063293,-0.056459,0.155846,-0.050275,-0.163598,0.065206,0.139649,-0.119659,-0.104603,-0.141583
0.06687,0.224304,-0.056459,0.155846,-0.050275,-0.163598,0.065206,0.139649,-0.119659,-0.104603,-0.141583,-0.215253
0.064622,0.224304,0.155846,-0.050275,-0.163598,0.065206,0.139649,-0.119659,-0.104603,-0.141583,-0.215253,-0.065211
0.062656,0.224304,-0.050275,-0.163598,0.065206,0.139649,-0.119659,-0.104603,-0.141583,-0.215253,-0.065211,-0.032364
0.05999,0.224304,-0.163598,0.065206,0.139649,-0.119659,-0.104603,-0.141583,-0.215253,-0.065211,-0.032364,0.038555
0.055923,0.224304,0.065206,0.139649,-0.119659,-0.104603,-0.141583,-0.215253,-0.065211,-0.032364,0.038555,-0.280326
0.054687,0.224304,0.139649,-0.119659,-0.104603,-0.141583,-0.215253,-0.065211,-0.032364,0.038555,-0.280326,-0.111625
0.054072,0.224304,-0.119659,-0.104603,-0.141583,-0.215253,-0.065211,-0.032364,0.038555,-0.280326,-0.111625,0.093034
0.054803,0.224152,-0.104603,-0.141583,-0.215253,-0.065211,-0.032364,0.038555,-0.280326,-0.111625,0.093034,-0.157595
0.04948,0.224152,-0.141583,-0.215253,-0.065211,-0.032364,0.038555,-0.280326,-0.111625,0.093034,-0.157595,-0.071955
0.047352,0.224152,-0.215253,-0.065211,-0.032364,0.038555,-0.280326,-0.111625,0.093034,-0.157595,-0.071955,0.079049
0.049128,0.224152,-0.065211,-0.032364,0.038555,-0.280326,-0.111625,0.093034,-0.157595,-0.071955,0.079049,0.021764
0.046116,0.224152,-0.032364,0.038555,-0.280326,-0.111625,0.093034,-0.157595,-0.071955,0.079049,0.021764,0.082138
0.04474,0.224152,0.038555,-0.280326,-0.111625,0.093034,-0.157595,-0.071955,0.079049,0.021764,0.082138,0.039787
0.046251,0.224152,-0.280326,-0.111625,0.093034,-0.157595,-0.071955,0.079049,0.021764,0.082138,0.039787,0.008739
0.046666,0.224152,-0.111625,0.093034,-0.157595,-0.071955,0.079049,0.021764,0.082138,0.039787,0.008739,-0.098778
0.048236,0.224152,0.093034,-0.157595,-0.071955,0.079049,0.021764,0.082138,0.039787,0.008739,-0.098778,0.05237
0.048995,0.224152,-0.157595,-0.071955,0.079049,0.021764,0.082138,0.039787,0.008739,-0.098778,0.05237,-0.018373
0.049162,0.224152,-0.071955,0.079049,0.021764,0.082138,0.039787,0.008739,-0.098778,0.05237,-0.018373,-0.132182
0.047279,0.224152,0.079049,0.021764,0.082138,0.039787,0.008739,-0.098778,0.05237,-0.018373,-0.132182,-0.011243
0.048278,0.224152,0.021764,0.082138,0.039787,0.008739,-0.098778,0.05237,-0.018373,-0.132182,-0.011243,0.109708
0.047927,0.224152,0.082138,0.039787,0.008739,-0.098778,0.05237,-0.018373,-0.132182,-0.011243,0.109708,-0.010561
0.045399,0.224152,0.039787,0.008739,-0.098778,0.05237,-0.018373,-0.132182,-0.011243,0.109708,-0.010561,0.02654
0.045184,0.224152,0.008739,-0.098778,0.05237,-0.018373,-0.132182,-0.011243,0.109708,-0.010561,0.02654,0.050476
0.047279,0.224304,-0.098778,0.05237,-0.018373,-0.132182,-0.011243,0.109708,-0.010561,0.02654,0.050476,0.062886
0.047077,0.224304,0.05237,-0.018373,-0.132182,-0.011243,0.109708,-0.010561,0.02654,0.050476,0.062886,-0.143917
0.047585,0.224304,-0.018373,-0.132182,-0.011243,0.109708,-0.010561,0.02654,0.050476,0.062886,-0.143917,0.079364
0.048549,0.224304,-0.132182,-0.011243,0.109708,-0.010561,0.02654,0.050476,0.062886,-0.143917,0.079364,0.198314
0.049747,0.224304,-0.011243,0.109708,-0.010561,0.02654,0.050476,0.062886,-0.143917,0.079364,0.198314,-0.06128
0.047005,0.224304,0.109708,-0.010561,0.02654,0.050476,0.062886,-0.143917,0.079364,0.198314,-0.06128,-0.040058
0.048519,0.224304,-0.010561,0.02654,0.050476,0.062886,-0.143917,0.079364,0.198314,-0.06128,-0.040058,0.091377
0.052297,0.224304,0.02654,0.050476,0.062886,-0.143917,0.079364,0.198314,-0.06128,-0.040058,0.091377,-0.009153
0.051131,0.224304,0.050476,0.062886,-0.143917,0.079364,0.198314,-0.06128,-0.040058,0.091377,-0.009153,0.055612
0.050368,0.224304,0.062886,-0.143917,0.079364,0.198314,-0.06128,-0.040058,0.091377,-0.009153,0.055612,0.051533
0.052105,0.224304,-0.143917,0.079364,0.198314,-0.06128,-0.040058,0.091377,-0.009153,0.055612,0.051533,0.0312
0.051931,0.224304,0.079364,0.198314,-0.06128,-0.040058,0.091377,-0.009153,0.055612,0.051533,0.0312,-0.112988
0.052989,0.224304,0.198314,-0.06128,-0.040058,0.091377,-0.009153,0.055612,0.051533,0.0312,-0.112988,0.054694
0.053968,0.224304,-0.06128,-0.040058,0.091377,-0.009153,0.055612,0.051533,0.0312,-0.112988,0.054694,-0.0209
0.05456,0.224304,-0.040058,0.091377,-0.009153,0.055612,0.051533,0.0312,-0.112988,0.054694,-0.0209,-0.101285
0.052417,0.224304,0.091377,-0.009153,0.055612,0.051533,0.0312,-0.112988,0.054694,-0.0209,-0.101285,0.010755
0.053455,0.224304,-0.009153,0.055612,0.051533,0.0312,-0.112988,0.054694,-0.0209,-0.101285,0.010755,0.106281
0.053058,0.224304,0.055612,0.051533,0.0312,-0.112988,0.054694,-0.0209,-0.101285,0.010755,0.106281,0.010856
0.051131,0.224304,0.051533,0.0312,-0.112988,0.054694,-0.0209,-0.101285,0.010755,0.106281,0.010856,0.044764
0.051335,0.224304,0.0312,-0.112988,0.054694,-0.0209,-0.101285,0.010755,0.106281,0.010856,0.044764,0.060986
0.053353,0.224304,-0.112988,0.054694,-0.0209,-0.101285,0.010755,0.106281,0.010856,0.044764,0.060986,0.070184
0.053559,0.224304,0.054694,-0.0209,-0.101285,0.010755,0.106281,0.010856,0.044764,0.060986,0.070184,-0.117375
0.054409,0.224304,-0.0209,-0.101285,0.010755,0.106281,0.010856,0.044764,0.060986,0.070184,-0.117375,0.112047
0.055566,0.224304,-0.101285,0.010755,0.106281,0.010856,0.044764,0.060986,0.070184,-0.117375,0.112047,0.194913
0.056895,0.224304,0.010755,0.106281,0.010856,0.044764,0.060986,0.070184,-0.117375,0.112047,0.194913,-0.084535
0.054674,0.224304,0.106281,0.010856,0.044764,0.060986,0.070184,-0.117375,0.112047,0.194913,-0.084535,-0.012612
0.056795,0.224304,0.010856,0.044764,0.060986,0.070184,-0.117375,0.112047,0.194913,-0.084535,-0.012612,0.073187
0.06048,0.224304,0.044764,0.060986,0.070184,-0.117375,0.112047,0.194913,-0.084535,-0.012612,0.073187,-0.015371
0.058883,0.224304,0.060986,0.070184,-0.117375,0.112047,0.194913,-0.084535,-0.012612,0.073187,-0.015371,0.04689
0.058645,0.224304,0.070184,-0.117375,0.112047,0.194913,-0.084535,-0.012612,0.073187,-0.015371,0.04689,0.066132
0.060025,0.224304,-0.117375,0.112047,0.194913,-0.084535,-0.012612,0.073187,-0.015371,0.04689,0.066132,0.036207
0.059735,0.224304,0.112047,0.194913,-0.084535,-0.012612,0.073187,-0.015371,0.04689,0.066132,0.036207,-0.16018
0.060621,0.224304,0.194913,-0.084535,-0.012612,0.073187,-0.015371,0.04689,0.066132,0.036207,-0.16018,-0.100613
0.061868,0.224304,-0.084535,-0.012612,0.073187,-0.015371,0.04689,0.066132,0.036207,-0.16018,-0.100613,0.156207
0.06255,0.224304,-0.012612,0.073187,-0.015371,0.04689,0.066132,0.036207,-0.16018,-0.100613,0.156207,-0.071581
0.059533,0.224304,0.073187,-0.015371,0.04689,0.066132,0.036207,-0.16018,-0.100613,0.156207,-0.071581,-0.016313
0.057634,0.224304,-0.015371,0.04689,0.066132,0.036207,-0.16018,-0.100613,0.156207,-0.071581,-0.016313,0.101267
0.060585,0.224304,0.04689,0.066132,0.036207,-0.16018,-0.100613,0.156207,-0.071581,-0.016313,0.101267,-0.004254
0.059233,0.224304,0.066132,0.036207,-0.16018,-0.100613,0.156207,-0.071581,-0.016313,0.101267,-0.004254,0.043201
0.058925,0.220367,0.036207,-0.16018,-0.100613,0.156207,-0.071581,-0.016313,0.101267,-0.004254,0.043201,0.043903
0.060834,0.220367,-0.16018,-0.100613,0.156207,-0.071581,-0.016313,0.101267,-0.004254,0.043201,0.043903,0.049452
0.060754,0.220367,-0.100613,0.156207,-0.071581,-0.016313,0.101267,-0.004254,0.043201,0.043903,0.049452,-0.119408
0.061569,0.220367,0.156207,-0.071581,-0.016313,0.101267,-0.004254,0.043201,0.043903,0.049452,-0.119408,0.106239
0.062397,0.220367,-0.071581,-0.016313,0.101267,-0.004254,0.043201,0.043903,0.049452,-0.119408,0.106239,0.171395
0.063327,0.220367,-0.016313,0.101267,-0.004254,0.043201,0.043903,0.049452,-0.119408,0.106239,0.171395,-0.096927
0.061081,0.220367,0.101267,-0.004254,0.043201,0.043903,0.049452,-0.119408,0.106239,0.171395,-0.096927,-0.033156
0.06308,0.220367,-0.004254,0.043201,0.043903,0.049452,-0.119408,0.106239,0.171395,-0.096927,-0.033156,0.095206
0.066302,0.220367,0.043201,0.043903,0.049452,-0.119408,0.106239,0.171395,-0.096927,-0.033156,0.095206,-0.036712
0.064481,0.220367,0.043903,0.049452,-0.119408,0.106239,0.171395,-0.096927,-0.033156,0.095206,-0.036712,-0.052649
0.063858,0.220367,0.049452,-0.119408,0.106239,0.171395,-0.096927,-0.033156,0.095206,-0.036712,-0.052649,0.188018
0.065644,0.220367,-0.119408,0.106239,0.171395,-0.096927,-0.033156,0.095206,-0.036712,-0.052649,0.188018,-0.042722
0.064956,0.220367,0.106239,0.171395,-0.096927,-0.033156,0.095206,-0.036712,-0.052649,0.188018,-0.042722,-0.152557
0.063966,0.220367,0.171395,-0.096927,-0.033156,0.095206,-0.036712,-0.052649,0.188018,-0.042722,-0.152557,0.074762
0.067498,0.220367,-0.096927,-0.033156,0.095206,-0.036712,-0.052649,0.188018,-0.042722,-0.152557,0.074762,0.172255
0.066697,0.220367,-0.033156,0.095206,-0.036712,-0.052649,0.188018,-0.042722,-0.152557,0.074762,0.172255,-0.203132
0.063836,0.220367,0.095206,-0.036712,-0.052649,0.188018,-0.042722,-0.152557,0.074762,0.172255,-0.203132,-0.110241
0.065239,0.220367,-0.036712,-0.052649,0.188018,-0.042722,-0.152557,0.074762,0.172255,-0.203132,-0.110241,-0.094893
0.068471,0.220367,-0.052649,0.188018,-0.042722,-0.152557,0.074762,0.172255,-0.203132,-0.110241,-0.094893,-0.147393
0.064658,0.221802,0.188018,-0.042722,-0.152557,0.074762,0.172255,-0.203132,-0.110241,-0.094893,-0.147393,-0.00311
0.062585,0.221802,-0.042722,-0.152557,0.074762,0.172255,-0.203132,-0.110241,-0.094893,-0.147393,-0.00311,0.065501
0.060799,0.221802,-0.152557,0.074762,0.172255,-0.203132,-0.110241,-0.094893,-0.147393,-0.00311,0.065501,0.045062
0.058018,0.221802,0.074762,0.172255,-0.203132,-0.110241,-0.094893,-0.147393,-0.00311,0.065501,0.045062,-0.136894
0.05796,0.221802,0.172255,-0.203132,-0.110241,-0.094893,-0.147393,-0.00311,0.065501,0.045062,-0.136894,0.125818
0.059198,0.221802,-0.203132,-0.110241,-0.094893,-0.147393,-0.00311,0.065501,0.045062,-0.136894,0.125818,0.136419
0.060049,0.221802,-0.110241,-0.094893,-0.147393,-0.00311,0.065501,0.045062,-0.136894,0.125818,0.136419,-0.099793
0.057465,0.221802,-0.094893,-0.147393,-0.00311,0.065501,0.045062,-0.136894,0.125818,0.136419,-0.099793,-0.027464
0.059841,0.221802,-0.147393,-0.00311,0.065501,0.045062,-0.136894,0.125818,0.136419,-0.099793,-0.027464,0.095978
0.062414,0.221802,-0.00311,0.065501,0.045062,-0.136894,0.125818,0.136419,-0.099793,-0.027464,0.095978,-0.026767
0.060532,0.221802,0.065501,0.045062,-0.136894,0.125818,0.136419,-0.099793,-0.027464,0.095978,-0.026767,0.017092
0.060014,0.221802,0.045062,-0.136894,0.125818,0.136419,-0.099793,-0.027464,0.095978,-0.026767,0.017092,0.036426
0.061821,0.221802,-0.136894,0.125818,0.136419,-0.099793,-0.027464,0.095978,-0.026767,0.017092,0.036426,0.026892
0.061317,0.221802,0.125818,0.136419,-0.099793,-0.027464,0.095978,-0.026767,0.017092,0.036426,0.026892,-0.154706
0.061639,0.221802,0.136419,-0.099793,-0.027464,0.095978,-0.026767,0.017092,0.036426,0.026892,-0.154706,0.072283
0.062326,0.221802,-0.099793,-0.027464,0.095978,-0.026767,0.017092,0.036426,0.026892,-0.154706,0.072283,0.131224
0.062832,0.221802,-0.027464,0.095978,-0.026767,0.017092,0.036426,0.026892,-0.154706,0.072283,0.131224,-0.100105
0.05992,0.221802,0.095978,-0.026767,0.017092,0.036426,0.026892,-0.154706,0.072283,0.131224,-0.100105,-0.021866
0.061282,0.221802,-0.026767,0.017092,0.036426,0.026892,-0.154706,0.072283,0.131224,-0.100105,-0.021866,0.056913
0.063754,0.221802,0.017092,0.036426,0.026892,-0.154706,0.072283,0.131224,-0.100105,-0.021866,0.056913,-0.096031
0.061868,0.221802,0.036426,0.026892,-0.154706,0.072283,0.131224,-0.100105,-0.021866,0.056913,-0.096031,-0.122044
0.061456,0.221802,0.026892,-0.154706,0.072283,0.131224,-0.100105,-0.021866,0.056913,-0.096031,-0.122044,0.004449
0.062527,0.221802,-0.154706,0.072283,0.131224,-0.100105,-0.021866,0.056913,-0.096031,-0.122044,0.004449,0.04492
0.060719,0.221802,0.072283,0.131224,-0.100105,-0.021866,0.056913,-0.096031,-0.122044,0.004449,0.04492,-0.134785
0.058414,0.221802,0.131224,-0.100105,-0.021866,0.056913,-0.096031,-0.122044,0.004449,0.04492,-0.134785,0.077375
0.058498,0.221802,-0.100105,-0.021866,0.056913,-0.096031,-0.122044,0.004449,0.04492,-0.134785,0.077375,0.184398
0.059346,0.221802,-0.021866,0.056913,-0.096031,-0.122044,0.004449,0.04492,-0.134785,0.077375,0.184398,-0.108923
0.056801,0.221802,0.056913,-0.096031,-0.122044,0.004449,0.04492,-0.134785,0.077375,0.184398,-0.108923,-0.033032
0.058263,0.221802,-0.096031,-0.122044,0.004449,0.04492,-0.134785,0.077375,0.184398,-0.108923,-0.033032,0.086357
0.061745,0.221802,-0.122044,0.004449,0.04492,-0.134785,0.077375,0.184398,-0.108923,-0.033032,0.086357,-0.075003
0.059689,0.221802,0.004449,0.04492,-0.134785,0.077375,0.184398,-0.108923,-0.033032,0.086357,-0.075003,-0.154541
0.059066,0.221802,0.04492,-0.134785,0.077375,0.184398,-0.108923,-0.033032,0.086357,-0.075003,-0.154541,0.013519
0.060694,0.221802,-0.134785,0.077375,0.184398,-0.108923,-0.033032,0.086357,-0.075003,-0.154541,0.013519,0.051954
0.059279,0.221802,0.077375,0.184398,-0.108923,-0.033032,0.086357,-0.075003,-0.154541,0.013519,0.051954,-0.113915
0.056355,0.221802,0.184398,-0.108923,-0.033032,0.086357,-0.075003,-0.154541,0.013519,0.051954,-0.113915,0.097469
0.056612,0.221802,-0.108923,-0.033032,0.086357,-0.075003,-0.154541,0.013519,0.051954,-0.113915,0.097469,0.172807
0.057594,0.222076,-0.033032,0.086357,-0.075003,-0.154541,0.013519,0.051954,-0.113915,0.097469,0.172807,-0.091962
0.05544,0.222076,0.086357,-0.075003,-0.154541,0.013519,0.051954,-0.113915,0.097469,0.172807,-0.091962,-0.021885
0.057284,0.222076,-0.075003,-0.154541,0.013519,0.051954,-0.113915,0.097469,0.172807,-0.091962,-0.021885,0.065678
0.06055,0.222076,-0.154541,0.013519,0.051954,-0.113915,0.097469,0.172807,-0.091962,-0.021885,0.065678,-0.017194
0.058813,0.222076,0.013519,0.051954,-0.113915,0.097469,0.172807,-0.091962,-0.021885,0.065678,-0.017194,0.048725
0.0584,0.222076,0.051954,-0.113915,0.097469,0.172807,-0.091962,-0.021885,0.065678,-0.017194,0.048725,0.045534
0.059639,0.222076,-0.113915,0.097469,0.172807,-0.091962,-0.021885,0.065678,-0.017194,0.048725,0.045534,0.047304
0.059314,0.222076,0.097469,0.172807,-0.091962,-0.021885,0.065678,-0.017194,0.048725,0.045534,0.047304,-0.143189
0.060235,0.222076,0.172807,-0.091962,-0.021885,0.065678,-0.017194,0.048725,0.045534,0.047304,-0.143189,0.064722
0.061094,0.222076,-0.091962,-0.021885,0.065678,-0.017194,0.048725,0.045534,0.047304,-0.143189,0.064722,0.17788
0.061985,0.222076,-0.021885,0.065678,-0.017194,0.048725,0.045534,0.047304,-0.143189,0.064722,0.17788,-0.107604
0.059288,0.222076,0.065678,-0.017194,0.048725,0.045534,0.047304,-0.143189,0.064722,0.17788,-0.107604,-0.036822
0.060508,0.222076,-0.017194,0.048725,0.045534,0.047304,-0.143189,0.064722,0.17788,-0.107604,-0.036822,0.068119
0.06386,0.222076,0.048725,0.045534,0.047304,-0.143189,0.064722,0.17788,-0.107604,-0.036822,0.068119,-0.017477
0.061833,0.222076,0.045534,0.047304,-0.143189,0.064722,0.17788,-0.107604,-0.036822,0.068119,-0.017477,0.033895
0.061139,0.222076,0.047304,-0.143189,0.064722,0.17788,-0.107604,-0.036822,0.068119,-0.017477,0.033895,0.045983
0.062421,0.222076,-0.143189,0.064722,0.17788,-0.107604,-0.036822,0.068119,-0.017477,0.033895,0.045983,0.027076
0.062092,0.222076,0.064722,0.17788,-0.107604,-0.036822,0.068119,-0.017477,0.033895,0.045983,0.027076,-0.132771
0.062731,0.222076,0.17788,-0.107604,-0.036822,0.068119,-0.017477,0.033895,0.045983,0.027076,-0.132771,0.078168
0.063597,0.223785,-0.107604,-0.036822,0.068119,-0.017477,0.033895,0.045983,0.027076,-0.132771,0.078168,0.163833
0.064106,0.223785,-0.036822,0.068119,-0.017477,0.033895,0.045983,0.027076,-0.132771,0.078168,0.163833,-0.104415
0.06161,0.223785,0.068119,-0.017477,0.033895,0.045983,0.027076,-0.132771,0.078168,0.163833,-0.104415,-0.023741
0.06308,0.223785,-0.017477,0.033895,0.045983,0.027076,-0.132771,0.078168,0.163833,-0.104415,-0.023741,0.087602
0.06616,0.223785,0.033895,0.045983,0.027076,-0.132771,0.078168,0.163833,-0.104415,-0.023741,0.087602,-0.025344
0.064198,0.223785,0.045983,0.027076,-0.132771,0.078168,0.163833,-0.104415,-0.023741,0.087602,-0.025344,-0.050766
0.063752,0.223785,0.027076,-0.132771,0.078168,0.163833,-0.104415,-0.023741,0.087602,-0.025344,-0.050766,0.182325
0.065396,0.223785,-0.132771,0.078168,0.163833,-0.104415,-0.023741,0.087602,-0.025344,-0.050766,0.182325,-0.02943
0.06492,0.223785,0.078168,0.163833,-0.104415,-0.023741,0.087602,-0.025344,-0.050766,0.182325,-0.02943,-0.146952
0.063966,0.223785,0.163833,-0.104415,-0.023741,0.087602,-0.025344,-0.050766,0.182325,-0.02943,-0.146952,0.067232
0.067391,0.223785,-0.104415,-0.023741,0.087602,-0.025344,-0.050766,0.182325,-0.02943,-0.146952,0.067232,0.16469
0.066839,0.223785,-0.023741,0.087602,-0.025344,-0.050766,0.182325,-0.02943,-0.146952,0.067232,0.16469,-0.080348
0.064083,0.223785,0.087602,-0.025344,-0.050766,0.182325,-0.02943,-0.146952,0.067232,0.16469,-0.080348,-0.031318
0.065346,0.223785,-0.025344,-0.050766,0.182325,-0.02943,-0.146952,0.067232,0.16469,-0.080348,-0.031318,0.071132
0.068435,0.223785,-0.050766,0.182325,-0.02943,-0.146952,0.067232,0.16469,-0.080348,-0.031318,0.071132,-0.037034
0.066928,0.223785,0.182325,-0.02943,-0.146952,0.067232,0.16469,-0.080348,-0.031318,0.071132,-0.037034,-0.045567
0.066341,0.223785,-0.02943,-0.146952,0.067232,0.16469,-0.080348,-0.031318,0.071132,-0.037034,-0.045567,0.177826
0.067673,0.223785,-0.146952,0.067232,0.16469,-0.080348,-0.031318,0.071132,-0.037034,-0.045567,0.177826,-0.052363
0.06698,0.223785,0.067232,0.16469,-0.080348,-0.031318,0.071132,-0.037034,-0.045567,0.177826,-0.052363,-0.143814
0.066125,0.223785,0.16469,-0.080348,-0.031318,0.071132,-0.037034,-0.045567,0.177826,-0.052363,-0.143814,0.076967
0.069459,0.223785,-0.080348,-0.031318,0.071132,-0.037034,-0.045567,0.177826,-0.052363,-0.143814,0.076967,0.068159
0.068479,0.223785,-0.031318,0.071132,-0.037034,-0.045567,0.177826,-0.052363,-0.143814,0.076967,0.068159,-0.189967
0.065786,0.223785,0.071132,-0.037034,-0.045567,0.177826,-0.052363,-0.143814,0.076967,0.068159,-0.189967,-0.114068
0.067229,0.223785,-0.037034,-0.045567,0.177826,-0.052363,-0.143814,0.076967,0.068159,-0.189967,-0.114068,0.077904
0.068506,0.223785,-0.045567,0.177826,-0.052363,-0.143814,0.076967,0.068159,-0.189967,-0.114068,0.077904,-0.000715
0.064941,0.223785,0.177826,-0.052363,-0.143814,0.076967,0.068159,-0.189967,-0.114068,0.077904,-0.000715,0.037687
0.062797,0.223785,-0.052363,-0.143814,0.076967,0.068159,-0.189967,-0.114068,0.077904,-0.000715,0.037687,0.044502
0.064261,0.223785,-0.143814,0.076967,0.068159,-0.189967,-0.114068,0.077904,-0.000715,0.037687,0.044502,0.033081
0.064247,0.223785,0.076967,0.068159,-0.189967,-0.114068,0.077904,-0.000715,0.037687,0.044502,0.033081,-0.120392
0.064956,0.223785,0.068159,-0.189967,-0.114068,0.077904,-0.000715,0.037687,0.044502,0.033081,-0.120392,0.07481
0.065792,0.223785,-0.189967,-0.114068,0.077904,-0.000715,0.037687,0.044502,0.033081,-0.120392,0.07481,0.157163
0.066412,0.223785,-0.114068,0.077904,-0.000715,0.037687,0.044502,0.033081,-0.120392,0.07481,0.157163,-0.191854
0.064154,0.223785,0.077904,-0.000715,0.037687,0.044502,0.033081,-0.120392,0.07481,0.157163,-0.191854,-0.099033
0.065559,0.223785,-0.000715,0.037687,0.044502,0.033081,-0.120392,0.07481,0.157163,-0.191854,-0.099033,-0.006836
0.068506,0.223785,0.037687,0.044502,0.033081,-0.120392,0.07481,0.157163,-0.191854,-0.099033,-0.006836,-0.043775
0.064906,0.223785,0.044502,0.033081,-0.120392,0.07481,0.157163,-0.191854,-0.099033,-0.006836,-0.043775,-0.022159
0.063044,0.223785,0.033081,-0.120392,0.07481,0.157163,-0.191854,-0.099033,-0.006836,-0.043775,-0.022159,0.214986
0.062916,0.223785,-0.120392,0.07481,0.157163,-0.191854,-0.099033,-0.006836,-0.043775,-0.022159,0.214986,-0.055846
0.062092,0.225342,0.07481,0.157163,-0.191854,-0.099033,-0.006836,-0.043775,-0.022159,0.214986,-0.055846,-0.144231
0.061675,0.225342,0.157163,-0.191854,-0.099033,-0.006836,-0.043775,-0.022159,0.214986,-0.055846,-0.144231,0.063193
0.065721,0.225342,-0.191854,-0.099033,-0.006836,-0.043775,-0.022159,0.214986,-0.055846,-0.144231,0.063193,0.173309
0.064673,0.225342,-0.099033,-0.006836,-0.043775,-0.022159,0.214986,-0.055846,-0.144231,0.063193,0.173309,-0.119521
0.061962,0.225342,-0.006836,-0.043775,-0.022159,0.214986,-0.055846,-0.144231,0.063193,0.173309,-0.119521,-0.112001
0.063151,0.225342,-0.043775,-0.022159,0.214986,-0.055846,-0.144231,0.063193,0.173309,-0.119521,-0.112001,-0.033068
0.066409,0.225342,-0.022159,0.214986,-0.055846,-0.144231,0.063193,0.173309,-0.119521,-0.112001,-0.033068,-0.09195
0.064162,0.225342,0.214986,-0.055846,-0.144231,0.063193,0.173309,-0.119521,-0.112001,-0.033068,-0.09195,0.024575
0.062056,0.225342,-0.055846,-0.144231,0.063193,0.173309,-0.119521,-0.112001,-0.033068,-0.09195,0.024575,0.064166
0.061433,0.225342,-0.144231,0.063193,0.173309,-0.119521,-0.112001,-0.033068,-0.09195,0.024575,0.064166,0.036112
0.0597,0.225342,0.063193,0.173309,-0.119521,-0.112001,-0.033068,-0.09195,0.024575,0.064166,0.036112,-0.124591
0.060164,0.225342,0.173309,-0.119521,-0.112001,-0.033068,-0.09195,0.024575,0.064166,0.036112,-0.124591,0.066649
0.061375,0.225342,-0.119521,-0.112001,-0.033068,-0.09195,0.024575,0.064166,0.036112,-0.124591,0.066649,0.179947
0.062056,0.225342,-0.112001,-0.033068,-0.09195,0.024575,0.064166,0.036112,-0.124591,0.066649,0.179947,-0.113332
0.059709,0.225342,-0.033068,-0.09195,0.024575,0.064166,0.036112,-0.124591,0.066649,0.179947,-0.113332,-0.031228
0.060965,0.225342,-0.09195,0.024575,0.064166,0.036112,-0.124591,0.066649,0.179947,-0.113332,-0.031228,0.098333
0.064354,0.225342,0.024575,0.064166,0.036112,-0.124591,0.066649,0.179947,-0.113332,-0.031228,0.098333,-0.036369
0.062221,0.226257,0.064166,0.036112,-0.124591,0.066649,0.179947,-0.113332,-0.031228,0.098333,-0.036369,0.009543
0.061632,0.226257,0.036112,-0.124591,0.066649,0.179947,-0.113332,-0.031228,0.098333,-0.036369,0.009543,0.027254
0.063482,0.226257,-0.124591,0.066649,0.179947,-0.113332,-0.031228,0.098333,-0.036369,0.009543,0.027254,0.049676
0.062798,0.226257,0.066649,0.179947,-0.113332,-0.031228,0.098333,-0.036369,0.009543,0.027254,0.049676,-0.151626
0.062978,0.226257,0.179947,-0.113332,-0.031228,0.098333,-0.036369,0.009543,0.027254,0.049676,-0.151626,0.083801
0.063491,0.226257,-0.113332,-0.031228,0.098333,-0.036369,0.009543,0.027254,0.049676,-0.151626,0.083801,0.163862
0.064424,0.226257,-0.031228,0.098333,-0.036369,0.009543,0.027254,0.049676,-0.151626,0.083801,0.163862,-0.098794
0.061574,0.226257,0.098333,-0.036369,0.009543,0.027254,0.049676,-0.151626,0.083801,0.163862,-0.098794,-0.033152
0.063151,0.226257,-0.036369,0.009543,0.027254,0.049676,-0.151626,0.083801,0.163862,-0.098794,-0.033152,0.061113
0.066231,0.226257,0.009543,0.027254,0.049676,-0.151626,0.083801,0.163862,-0.098794,-0.033152,0.061113,-0.042245
0.064375,0.226257,0.027254,0.049676,-0.151626,0.083801,0.163862,-0.098794,-0.033152,0.061113,-0.042245,-0.037463
0.063752,0.226257,0.049676,-0.151626,0.083801,0.163862,-0.098794,-0.033152,0.061113,-0.042245,-0.037463,0.185794
0.064899,0.226257,-0.151626,0.083801,0.163862,-0.098794,-0.033152,0.061113,-0.042245,-0.037463,0.185794,-0.052164
0.064106,0.226257,0.083801,0.163862,-0.098794,-0.033152,0.061113,-0.042245,-0.037463,0.185794,-0.052164,-0.135301
0.063401,0.226257,0.163862,-0.098794,-0.033152,0.061113,-0.042245,-0.037463,0.185794,-0.052164,-0.135301,0.076581
0.066893,0.226257,-0.098794,-0.033152,0.061113,-0.042245,-0.037463,0.185794,-0.052164,-0.135301,0.076581,0.170184
0.065915,0.226257,-0.033152,0.061113,-0.042245,-0.037463,0.185794,-0.052164,-0.135301,0.076581,0.170184,-0.110537
0.063375,0.226257,0.061113,-0.042245,-0.037463,0.185794,-0.052164,-0.135301,0.076581,0.170184,-0.110537,-0.052082
0.064814,0.226257,-0.042245,-0.037463,0.185794,-0.052164,-0.135301,0.076581,0.170184,-0.110537,-0.052082,0.09742
0.068008,0.226257,-0.037463,0.185794,-0.052164,-0.135301,0.076581,0.170184,-0.110537,-0.052082,0.09742,-0.025516
0.065934,0.226257,0.185794,-0.052164,-0.135301,0.076581,0.170184,-0.110537,-0.052082,0.09742,-0.025516,0.024472
0.064956,0.226257,-0.052164,-0.135301,0.076581,0.170184,-0.110537,-0.052082,0.09742,-0.025516,0.024472,0.039131
0.066782,0.226257,-0.135301,0.076581,0.170184,-0.110537,-0.052082,0.09742,-0.025516,0.024472,0.039131,0.048606
0.066304,0.226257,0.076581,0.170184,-0.110537,-0.052082,0.09742,-0.025516,0.024472,0.039131,0.048606,-0.139994
0.066764,0.226257,0.170184,-0.110537,-0.052082,0.09742,-0.025516,0.024472,0.039131,0.048606,-0.139994,0.067469
0.067498,0.226257,-0.110537,-0.052082,0.09742,-0.025516,0.024472,0.039131,0.048606,-0.139994,0.067469,0.13288
0.068408,0.226257,-0.052082,0.09742,-0.025516,0.024472,0.039131,0.048606,-0.139994,0.067469,0.13288,-0.114722
0.065786,0.226257,0.09742,-0.025516,0.024472,0.039131,0.048606,-0.139994,0.067469,0.13288,-0.114722,-0.067367
0.067051,0.226257,-0.025516,0.024472,0.039131,0.048606,-0.139994,0.067469,0.13288,-0.114722,-0.067367,-0.006843
0.06954,0.226257,0.024472,0.039131,0.048606,-0.139994,0.067469,0.13288,-0.114722,-0.067367,-0.006843,-0.140454
0.067391,0.226257,0.039131,0.048606,-0.139994,0.067469,0.13288,-0.114722,-0.067367,-0.006843,-0.140454,-0.13994
0.066128,0.226257,0.048606,-0.139994,0.067469,0.13288,-0.114722,-0.067367,-0.006843,-0.140454,-0.13994,-0.043761
0.066,0.226257,-0.139994,0.067469,0.13288,-0.114722,-0.067367,-0.006843,-0.140454,-0.13994,-0.043761,-0.085011
0.063363,0.226257,0.067469,0.13288,-0.114722,-0.067367,-0.006843,-0.140454,-0.13994,-0.043761,-0.085011,-0.248289
0.060726,0.226257,0.13288,-0.114722,-0.067367,-0.006843,-0.140454,-0.13994,-0.043761,-0.085011,-0.248289,0.106251
0.0599,0.226257,-0.114722,-0.067367,-0.006843,-0.140454,-0.13994,-0.043761,-0.085011,-0.248289,0.106251,0.218459
0.058294,0.226257,-0.067367,-0.006843,-0.140454,-0.13994,-0.043761,-0.085011,-0.248289,0.106251,0.218459,-0.062204
0.053596,0.226257,-0.006843,-0.140454,-0.13994,-0.043761,-0.085011,-0.248289,0.106251,0.218459,-0.062204,-0.036704
0.05561,0.226257,-0.140454,-0.13994,-0.043761,-0.085011,-0.248289,0.106251,0.218459,-0.062204,-0.036704,0.059986
0.059744,0.22522,-0.13994,-0.043761,-0.085011,-0.248289,0.106251,0.218459,-0.062204,-0.036704,0.059986,-0.041227
0.058568,0.22522,-0.043761,-0.085011,-0.248289,0.106251,0.218459,-0.062204,-0.036704,0.059986,-0.041227,-0.152164
0.057874,0.22522,-0.085011,-0.248289,0.106251,0.218459,-0.062204,-0.036704,0.059986,-0.041227,-0.152164,0.013429
0.059007,0.22522,-0.248289,0.106251,0.218459,-0.062204,-0.036704,0.059986,-0.041227,-0.152164,0.013429,-0.117204
0.058228,0.22522,0.106251,0.218459,-0.062204,-0.036704,0.059986,-0.041227,-0.152164,0.013429,-0.117204,-0.103539
0.055347,0.22522,0.218459,-0.062204,-0.036704,0.059986,-0.041227,-0.152164,0.013429,-0.117204,-0.103539,0.080135
0.055601,0.22522,-0.062204,-0.036704,0.059986,-0.041227,-0.152164,0.013429,-0.117204,-0.103539,0.080135,0.165536
0.053379,0.22522,-0.036704,0.059986,-0.041227,-0.152164,0.013429,-0.117204,-0.103539,0.080135,0.165536,-0.103825
0.051413,0.22522,0.059986,-0.041227,-0.152164,0.013429,-0.117204,-0.103539,0.080135,0.165536,-0.103825,-0.042028
0.052935,0.22522,-0.041227,-0.152164,0.013429,-0.117204,-0.103539,0.080135,0.165536,-0.103825,-0.042028,0.046287
0.056077,0.22522,-0.152164,0.013429,-0.117204,-0.103539,0.080135,0.165536,-0.103825,-0.042028,0.046287,-0.027613
0.054107,0.22522,0.013429,-0.117204,-0.103539,0.080135,0.165536,-0.103825,-0.042028,0.046287,-0.027613,-0.048238
0.053309,0.22522,-0.117204,-0.103539,0.080135,0.165536,-0.103825,-0.042028,0.046287,-0.027613,-0.048238,0.188899
0.054187,0.22522,-0.103539,0.080135,0.165536,-0.103825,-0.042028,0.046287,-0.027613,-0.048238,0.188899,-0.051343
0.053663,0.22522,0.080135,0.165536,-0.103825,-0.042028,0.046287,-0.027613,-0.048238,0.188899,-0.051343,-0.138826
0.052747,0.22522,0.165536,-0.103825,-0.042028,0.046287,-0.027613,-0.048238,0.188899,-0.051343,-0.138826,0.058392
0.056333,0.224029,-0.103825,-0.042028,0.046287,-0.027613,-0.048238,0.188899,-0.051343,-0.138826,0.058392,0.06857
0.05536,0.224029,-0.042028,0.046287,-0.027613,-0.048238,0.188899,-0.051343,-0.138826,0.058392,0.06857,-0.209002
0.052729,0.224029,0.046287,-0.027613,-0.048238,0.188899,-0.051343,-0.138826,0.058392,0.06857,-0.209002,-0.108809
0.053837,0.224029,-0.027613,-0.048238,0.188899,-0.051343,-0.138826,0.058392,0.06857,-0.209002,-0.108809,0.054719
0.055138,0.224029,-0.048238,0.188899,-0.051343,-0.138826,0.058392,0.06857,-0.209002,-0.108809,0.054719,0.01093
0.051165,0.224029,0.188899,-0.051343,-0.138826,0.058392,0.06857,-0.209002,-0.108809,0.054719,0.01093,0.064554
0.049093,0.224029,-0.051343,-0.138826,0.058392,0.06857,-0.209002,-0.108809,0.054719,0.01093,0.064554,0.027616
0.050135,0.224029,-0.138826,0.058392,0.06857,-0.209002,-0.108809,0.054719,0.01093,0.064554,0.027616,0.018144
0.050343,0.224029,0.058392,0.06857,-0.209002,-0.108809,0.054719,0.01093,0.064554,0.027616,0.018144,-0.126858
0.051572,0.224029,0.06857,-0.209002,-0.108809,0.054719,0.01093,0.064554,0.027616,0.018144,-0.126858,0.065347
0.052098,0.224029,-0.209002,-0.108809,0.054719,0.01093,0.064554,0.027616,0.018144,-0.126858,0.065347,0.188672
0.052443,0.224029,-0.108809,0.054719,0.01093,0.064554,0.027616,0.018144,-0.126858,0.065347,0.188672,-0.167153
0.050031,0.224029,0.054719,0.01093,0.064554,0.027616,0.018144,-0.126858,0.065347,0.188672,-0.167153,-0.096273
0.051274,0.224029,0.01093,0.064554,0.027616,0.018144,-0.126858,0.065347,0.188672,-0.167153,-0.096273,-0.010449
0.05486,0.224029,0.064554,0.027616,0.018144,-0.126858,0.065347,0.188672,-0.167153,-0.096273,-0.010449,-0.05769
0.051683,0.224029,0.027616,0.018144,-0.126858,0.065347,0.188672,-0.167153,-0.096273,-0.010449,-0.05769,-0.175741
0.049851,0.224029,0.018144,-0.126858,0.065347,0.188672,-0.167153,-0.096273,-0.010449,-0.05769,-0.175741,0.182664
0.049652,0.224029,-0.126858,0.065347,0.188672,-0.167153,-0.096273,-0.010449,-0.05769,-0.175741,0.182664,-0.117167
0.048553,0.224029,0.065347,0.188672,-0.167153,-0.096273,-0.010449,-0.05769,-0.175741,0.182664,-0.117167,-0.167536
0.045193,0.224029,0.188672,-0.167153,-0.096273,-0.010449,-0.05769,-0.175741,0.182664,-0.117167,-0.167536,0.03063
0.048686,0.224029,-0.167153,-0.096273,-0.010449,-0.05769,-0.175741,0.182664,-0.117167,-0.167536,0.03063,0.185307
0.046449,0.224029,-0.096273,-0.010449,-0.05769,-0.175741,0.182664,-0.117167,-0.167536,0.03063,0.185307,-0.003414
0.043246,0.224029,-0.010449,-0.05769,-0.175741,0.182664,-0.117167,-0.167536,0.03063,0.185307,-0.003414,-0.021945
0.043832,0.224029,-0.05769,-0.175741,0.182664,-0.117167,-0.167536,0.03063,0.185307,-0.003414,-0.021945,0.090409
0.047379,0.224029,-0.175741,0.182664,-0.117167,-0.167536,0.03063,0.185307,-0.003414,-0.021945,0.090409,0.007353
0.047314,0.224029,0.182664,-0.117167,-0.167536,0.03063,0.185307,-0.003414,-0.021945,0.090409,0.007353,-0.00406
0.046895,0.224029,-0.117167,-0.167536,0.03063,0.185307,-0.003414,-0.021945,0.090409,0.007353,-0.00406,0.179232
0.048619,0.224029,-0.167536,0.03063,0.185307,-0.003414,-0.021945,0.090409,0.007353,-0.00406,0.179232,-0.016464
0.048759,0.224029,0.03063,0.185307,-0.003414,-0.021945,0.090409,0.007353,-0.00406,0.179232,-0.016464,-0.106717
0.048682,0.224029,0.185307,-0.003414,-0.021945,0.090409,0.007353,-0.00406,0.179232,-0.016464,-0.106717,0.087106
0.052098,0.224029,-0.003414,-0.021945,0.090409,0.007353,-0.00406,0.179232,-0.016464,-0.106717,0.087106,0.192399
0.051785,0.224029,-0.021945,0.090409,0.007353,-0.00406,0.179232,-0.016464,-0.106717,0.087106,0.192399,-0.081706
0.049755,0.224029,0.090409,0.007353,-0.00406,0.179232,-0.016464,-0.106717,0.087106,0.192399,-0.081706,-0.109377
0.051413,0.224029,0.007353,-0.00406,0.179232,-0.016464,-0.106717,0.087106,0.192399,-0.081706,-0.109377,-0.124712
0.055069,0.224029,-0.00406,0.179232,-0.016464,-0.106717,0.087106,0.192399,-0.081706,-0.109377,-0.124712,-0.159851
0.053517,0.224029,0.179232,-0.016464,-0.106717,0.087106,0.192399,-0.081706,-0.109377,-0.124712,-0.159851,-0.01272
0.051439,0.224029,-0.016464,-0.106717,0.087106,0.192399,-0.081706,-0.109377,-0.124712,-0.159851,-0.01272,0.105667
0.049066,0.224029,-0.106717,0.087106,0.192399,-0.081706,-0.109377,-0.124712,-0.159851,-0.01272,0.105667,0.09523
0.046016,0.225738,0.087106,0.192399,-0.081706,-0.109377,-0.124712,-0.159851,-0.01272,0.105667,0.09523,-0.102503
0.045773,0.225738,0.192399,-0.081706,-0.109377,-0.124712,-0.159851,-0.01272,0.105667,0.09523,-0.102503,0.086702
0.047794,0.225738,-0.081706,-0.109377,-0.124712,-0.159851,-0.01272,0.105667,0.09523,-0.102503,0.086702,0.187776
0.04961,0.225738,-0.109377,-0.124712,-0.159851,-0.01272,0.105667,0.09523,-0.102503,0.086702,0.187776,-0.059536
0.047657,0.225738,-0.124712,-0.159851,-0.01272,0.105667,0.09523,-0.102503,0.086702,0.187776,-0.059536,-0.101714
0.049309,0.225738,-0.159851,-0.01272,0.105667,0.09523,-0.102503,0.086702,0.187776,-0.059536,-0.101714,-0.023123
0.052885,0.225738,-0.01272,0.105667,0.09523,-0.102503,0.086702,0.187776,-0.059536,-0.101714,-0.023123,-0.045014
0.051752,0.225738,0.105667,0.09523,-0.102503,0.086702,0.187776,-0.059536,-0.101714,-0.023123,-0.045014,0.001352
0.049816,0.225738,0.09523,-0.102503,0.086702,0.187776,-0.059536,-0.101714,-0.023123,-0.045014,0.001352,0.237368
0.049376,0.225738,-0.102503,0.086702,0.187776,-0.059536,-0.101714,-0.023123,-0.045014,0.001352,0.237368,-0.123789
0.048519,0.225738,0.086702,0.187776,-0.059536,-0.101714,-0.023123,-0.045014,0.001352,0.237368,-0.123789,-0.178505
0.048544,0.225738,0.187776,-0.059536,-0.101714,-0.023123,-0.045014,0.001352,0.237368,-0.123789,-0.178505,-0.021334
0.053067,0.225738,-0.059536,-0.101714,-0.023123,-0.045014,0.001352,0.237368,-0.123789,-0.178505,-0.021334,-0.034262
0.050713,0.225738,-0.101714,-0.023123,-0.045014,0.001352,0.237368,-0.123789,-0.178505,-0.021334,-0.034262,-0.048067
0.047313,0.225738,-0.023123,-0.045014,0.001352,0.237368,-0.123789,-0.178505,-0.021334,-0.034262,-0.048067,-0.045138
0.046906,0.225738,-0.045014,0.001352,0.237368,-0.123789,-0.178505,-0.021334,-0.034262,-0.048067,-0.045138,-0.015737
0.046251,0.22702,0.001352,0.237368,-0.123789,-0.178505,-0.021334,-0.034262,-0.048067,-0.045138,-0.015737,-0.054725
0.045331,0.22702,0.237368,-0.123789,-0.178505,-0.021334,-0.034262,-0.048067,-0.045138,-0.015737,-0.054725,0.001781
0.044467,0.22702,-0.123789,-0.178505,-0.021334,-0.034262,-0.048067,-0.045138,-0.015737,-0.054725,0.001781,0.220885
0.044166,0.22702,-0.178505,-0.021334,-0.034262,-0.048067,-0.045138,-0.015737,-0.054725,0.001781,0.220885,-0.086445
0.043118,0.22702,-0.021334,-0.034262,-0.048067,-0.045138,-0.015737,-0.054725,0.001781,0.220885,-0.086445,-0.183162
0.043152,0.22702,-0.034262,-0.048067,-0.045138,-0.015737,-0.054725,0.001781,0.220885,-0.086445,-0.183162,0.037691
0.047382,0.22702,-0.048067,-0.045138,-0.015737,-0.054725,0.001781,0.220885,-0.086445,-0.183162,0.037691,0.188483
0.045731,0.22702,-0.045138,-0.015737,-0.054725,0.001781,0.220885,-0.086445,-0.183162,0.037691,0.188483,0.001919
0.042225,0.22702,-0.015737,-0.054725,0.001781,0.220885,-0.086445,-0.183162,0.037691,0.188483,0.001919,0.008515
0.042948,0.22702,-0.054725,0.001781,0.220885,-0.086445,-0.183162,0.037691,0.188483,0.001919,0.008515,0.083155
0.046558,0.22702,0.001781,0.220885,-0.086445,-0.183162,0.037691,0.188483,0.001919,0.008515,0.083155,-0.003449
0.046595,0.22702,0.220885,-0.086445,-0.183162,0.037691,0.188483,0.001919,0.008515,0.083155,-0.003449,-0.002216
0.046758,0.22702,-0.086445,-0.183162,0.037691,0.188483,0.001919,0.008515,0.083155,-0.003449,-0.002216,0.202582
0.048344,0.22702,-0.183162,0.037691,0.188483,0.001919,0.008515,0.083155,-0.003449,-0.002216,0.202582,-0.012822
0.048278,0.22702,0.037691,0.188483,0.001919,0.008515,0.083155,-0.003449,-0.002216,0.202582,-0.012822,-0.09768
0.048236,0.22702,0.188483,0.001919,0.008515,0.083155,-0.003449,-0.002216,0.202582,-0.012822,-0.09768,0.092612
0.052098,0.22702,0.001919,0.008515,0.083155,-0.003449,-0.002216,0.202582,-0.012822,-0.09768,0.092612,0.225577
0.051854,0.22702,0.008515,0.083155,-0.003449,-0.002216,0.202582,-0.012822,-0.09768,0.092612,0.225577,-0.087362
0.049997,0.22702,0.083155,-0.003449,-0.002216,0.202582,-0.012822,-0.09768,0.092612,0.225577,-0.087362,-0.05484
0.051758,0.22702,-0.003449,-0.002216,0.202582,-0.012822,-0.09768,0.092612,0.225577,-0.087362,-0.05484,0.083016
0.056042,0.22702,-0.002216,0.202582,-0.012822,-0.09768,0.092612,0.225577,-0.087362,-0.05484,0.083016,0.008986
0.054385,0.22702,0.202582,-0.012822,-0.09768,0.092612,0.225577,-0.087362,-0.05484,0.083016,0.008986,0.05033
0.053344,0.22702,-0.012822,-0.09768,0.092612,0.225577,-0.087362,-0.05484,0.083016,0.008986,0.05033,0.055834
0.054918,0.22702,-0.09768,0.092612,0.225577,-0.087362,-0.05484,0.083016,0.008986,0.05033,0.055834,0.03539
0.055088,0.22702,0.092612,0.225577,-0.087362,-0.05484,0.083016,0.008986,0.05033,0.055834,0.03539,-0.115804
0.056042,0.22702,0.225577,-0.087362,-0.05484,0.083016,0.008986,0.05033,0.055834,0.03539,-0.115804,0.121541
0.0571,0.22702,-0.087362,-0.05484,0.083016,0.008986,0.05033,0.055834,0.03539,-0.115804,0.121541,0.173055
0.057769,0.22702,-0.05484,0.083016,0.008986,0.05033,0.055834,0.03539,-0.115804,0.121541,0.173055,-0.071671
0.05558,0.22702,0.083016,0.008986,0.05033,0.055834,0.03539,-0.115804,0.121541,0.173055,-0.071671,-0.033031
0.057878,0.22702,0.008986,0.05033,0.055834,0.03539,-0.115804,0.121541,0.173055,-0.071671,-0.033031,0.0976
0.061147,0.22702,0.05033,0.055834,0.03539,-0.115804,0.121541,0.173055,-0.071671,-0.033031,0.0976,-0.000531
0.059794,0.22702,0.055834,0.03539,-0.115804,0.121541,0.173055,-0.071671,-0.033031,0.0976,-0.000531,-0.077715
0.059171,0.22702,0.03539,-0.115804,0.121541,0.173055,-0.071671,-0.033031,0.0976,-0.000531,-0.077715,0.030527
0.06101,0.22702,-0.115804,0.121541,0.173055,-0.071671,-0.033031,0.0976,-0.000531,-0.077715,0.030527,-0.062775
0.061,0.22702,0.121541,0.173055,-0.071671,-0.033031,0.0976,-0.000531,-0.077715,0.030527,-0.062775,-0.119864
0.059534,0.22702,0.173055,-0.071671,-0.033031,0.0976,-0.000531,-0.077715,0.030527,-0.062775,-0.119864,0.064385
0.06011,0.22702,-0.071671,-0.033031,0.0976,-0.000531,-0.077715,0.030527,-0.062775,-0.119864,0.064385,-0.087794
0.058925,0.22702,-0.033031,0.0976,-0.000531,-0.077715,0.030527,-0.062775,-0.119864,0.064385,-0.087794,-0.200494
0.056661,0.225342,0.0976,-0.000531,-0.077715,0.030527,-0.062775,-0.119864,0.064385,-0.087794,-0.200494,-0.041939
0.057878,0.225342,-0.000531,-0.077715,0.030527,-0.062775,-0.119864,0.064385,-0.087794,-0.200494,-0.041939,0.073435
0.056216,0.225342,-0.077715,0.030527,-0.062775,-0.119864,0.064385,-0.087794,-0.200494,-0.041939,0.073435,0.034627
0.052409,0.225342,0.030527,-0.062775,-0.119864,0.064385,-0.087794,-0.200494,-0.041939,0.073435,0.034627,0.017363
0.051612,0.225342,-0.062775,-0.119864,0.064385,-0.087794,-0.200494,-0.041939,0.073435,0.034627,0.017363,0.200709
0.053006,0.225342,-0.119864,0.064385,-0.087794,-0.200494,-0.041939,0.073435,0.034627,0.017363,0.200709,-0.056987
0.053663,0.225342,0.064385,-0.087794,-0.200494,-0.041939,0.073435,0.034627,0.017363,0.200709,-0.056987,-0.126494
0.053993,0.225342,-0.087794,-0.200494,-0.041939,0.073435,0.034627,0.017363,0.200709,-0.056987,-0.126494,0.110114
0.057799,0.225342,-0.200494,-0.041939,0.073435,0.034627,0.017363,0.200709,-0.056987,-0.126494,0.110114,0.20402
0.056721,0.225342,-0.041939,0.073435,0.034627,0.017363,0.200709,-0.056987,-0.126494,0.110114,0.20402,-0.093753
0.054326,0.225342,0.073435,0.034627,0.017363,0.200709,-0.056987,-0.126494,0.110114,0.20402,-0.093753,-0.047807
0.056412,0.225342,0.034627,0.017363,0.200709,-0.056987,-0.126494,0.110114,0.20402,-0.093753,-0.047807,0.072947
0.06027,0.225342,0.017363,0.200709,-0.056987,-0.126494,0.110114,0.20402,-0.093753,-0.047807,0.072947,-0.026394
0.058498,0.225342,0.200709,-0.056987,-0.126494,0.110114,0.20402,-0.093753,-0.047807,0.072947,-0.026394,0.022747
0.057594,0.225342,-0.056987,-0.126494,0.110114,0.20402,-0.093753,-0.047807,0.072947,-0.026394,0.022747,0.034153
0.058972,0.225342,-0.126494,0.110114,0.20402,-0.093753,-0.047807,0.072947,-0.026394,0.022747,0.034153,0.035804
0.058473,0.225342,0.110114,0.20402,-0.093753,-0.047807,0.072947,-0.026394,0.022747,0.034153,0.035804,-0.148068
0.058903,0.225342,0.20402,-0.093753,-0.047807,0.072947,-0.026394,0.022747,0.034153,0.035804,-0.148068,0.05892
0.059549,0.226379,-0.093753,-0.047807,0.072947,-0.026394,0.022747,0.034153,0.035804,-0.148068,0.05892,0.171454
0.060224,0.226379,-0.047807,0.072947,-0.026394,0.022747,0.034153,0.035804,-0.148068,0.05892,0.171454,-0.107075
0.05743,0.226379,0.072947,-0.026394,0.022747,0.034153,0.035804,-0.148068,0.05892,0.171454,-0.107075,-0.051604
0.058543,0.226379,-0.026394,0.022747,0.034153,0.035804,-0.148068,0.05892,0.171454,-0.107075,-0.051604,0.060163
0.06178,0.226379,0.022747,0.034153,0.035804,-0.148068,0.05892,0.171454,-0.107075,-0.051604,0.060163,-0.020943
0.059759,0.226379,0.034153,0.035804,-0.148068,0.05892,0.171454,-0.107075,-0.051604,0.060163,-0.020943,-0.084653
0.058785,0.226379,0.035804,-0.148068,0.05892,0.171454,-0.107075,-0.051604,0.060163,-0.020943,-0.084653,0.011814
0.05992,0.226379,-0.148068,0.05892,0.171454,-0.107075,-0.051604,0.060163,-0.020943,-0.084653,0.011814,-0.079173
0.059525,0.226379,0.05892,0.171454,-0.107075,-0.051604,0.060163,-0.020943,-0.084653,0.011814,-0.079173,-0.122801
0.057925,0.226379,0.171454,-0.107075,-0.051604,0.060163,-0.020943,-0.084653,0.011814,-0.079173,-0.122801,0.093526
0.058148,0.226379,-0.107075,-0.051604,0.060163,-0.020943,-0.084653,0.011814,-0.079173,-0.122801,0.093526,0.190876
0.056651,0.226379,-0.051604,0.060163,-0.020943,-0.084653,0.011814,-0.079173,-0.122801,0.093526,0.190876,-0.11579
0.054326,0.226379,0.060163,-0.020943,-0.084653,0.011814,-0.079173,-0.122801,0.093526,0.190876,-0.11579,-0.115875
0.056098,0.226379,-0.020943,-0.084653,0.011814,-0.079173,-0.122801,0.093526,0.190876,-0.11579,-0.115875,-0.038078
0.059709,0.226379,-0.084653,0.011814,-0.079173,-0.122801,0.093526,0.190876,-0.11579,-0.115875,-0.038078,-0.077047
0.057519,0.226379,0.011814,-0.079173,-0.122801,0.093526,0.190876,-0.11579,-0.115875,-0.038078,-0.077047,-0.028136
0.055326,0.226379,-0.079173,-0.122801,0.093526,0.190876,-0.11579,-0.115875,-0.038078,-0.077047,-0.028136,0.216409
0.054604,0.226379,-0.122801,0.093526,0.190876,-0.11579,-0.115875,-0.038078,-0.077047,-0.028136,0.216409,-0.027429
0.053143,0.226379,0.093526,0.190876,-0.11579,-0.115875,-0.038078,-0.077047,-0.028136,0.216409,-0.027429,-0.12632
0.052608,0.226379,0.190876,-0.11579,-0.115875,-0.038078,-0.077047,-0.028136,0.216409,-0.027429,-0.12632,0.027333
0.056716,0.226379,-0.11579,-0.115875,-0.038078,-0.077047,-0.028136,0.216409,-0.027429,-0.12632,0.027333,-0.128399
0.056197,0.226379,-0.115875,-0.038078,-0.077047,-0.028136,0.216409,-0.027429,-0.12632,0.027333,-0.128399,-0.209033
0.053805,0.226379,-0.038078,-0.077047,-0.028136,0.216409,-0.027429,-0.12632,0.027333,-0.128399,-0.209033,-0.054268
0.054323,0.226379,-0.077047,-0.028136,0.216409,-0.027429,-0.12632,0.027333,-0.128399,-0.209033,-0.054268,0.084982
0.051883,0.226379,-0.028136,0.216409,-0.027429,-0.12632,0.027333,-0.128399,-0.209033,-0.054268,0.084982,0.000145
0.047897,0.226379,0.216409,-0.027429,-0.12632,0.027333,-0.128399,-0.209033,-0.054268,0.084982,0.000145,-0.002234
0.046861,0.226379,-0.027429,-0.12632,0.027333,-0.128399,-0.209033,-0.054268,0.084982,0.000145,-0.002234,0.175467
0.048481,0.226379,-0.12632,0.027333,-0.128399,-0.209033,-0.054268,0.084982,0.000145,-0.002234,0.175467,-0.05098
0.048484,0.226379,0.027333,-0.128399,-0.209033,-0.054268,0.084982,0.000145,-0.002234,0.175467,-0.05098,-0.185748
0.048441,0.226379,-0.128399,-0.209033,-0.054268,0.084982,0.000145,-0.002234,0.175467,-0.05098,-0.185748,-0.094737
0.051787,0.226379,-0.209033,-0.054268,0.084982,0.000145,-0.002234,0.175467,-0.05098,-0.185748,-0.094737,0.177046
0.050817,0.226379,-0.054268,0.084982,0.000145,-0.002234,0.175467,-0.05098,-0.185748,-0.094737,0.177046,-0.051884
0.047279,0.226379,0.084982,0.000145,-0.002234,0.175467,-0.05098,-0.185748,-0.094737,0.177046,-0.051884,-0.03811
0.045469,0.226379,0.000145,-0.002234,0.175467,-0.05098,-0.185748,-0.094737,0.177046,-0.051884,-0.03811,0.061589
0.048853,0.226379,-0.002234,0.175467,-0.05098,-0.185748,-0.094737,0.177046,-0.051884,-0.03811,0.061589,-0.005245
0.047862,0.226379,0.175467,-0.05098,-0.185748,-0.094737,0.177046,-0.051884,-0.03811,0.061589,-0.005245,0.030134
0.047135,0.222199,-0.05098,-0.185748,-0.094737,0.177046,-0.051884,-0.03811,0.061589,-0.005245,0.030134,-0.082359
0.048309,0.222199,-0.185748,-0.094737,0.177046,-0.051884,-0.03811,0.061589,-0.005245,0.030134,-0.082359,-0.111423
0.048209,0.222199,-0.094737,0.177046,-0.051884,-0.03811,0.061589,-0.005245,0.030134,-0.082359,-0.111423,-0.264039
0.048785,0.222199,0.177046,-0.051884,-0.03811,0.061589,-0.005245,0.030134,-0.082359,-0.111423,-0.264039,0.012904
0.047211,0.222199,-0.051884,-0.03811,0.061589,-0.005245,0.030134,-0.082359,-0.111423,-0.264039,0.012904,0.116461
0.045081,0.222199,-0.03811,0.061589,-0.005245,0.030134,-0.082359,-0.111423,-0.264039,0.012904,0.116461,-0.167229
0.040021,0.222199,0.061589,-0.005245,0.030134,-0.082359,-0.111423,-0.264039,0.012904,0.116461,-0.167229,-0.02198
0.040269,0.222199,-0.005245,0.030134,-0.082359,-0.111423,-0.264039,0.012904,0.116461,-0.167229,-0.02198,0.058231
0.042507,0.222199,0.030134,-0.082359,-0.111423,-0.264039,0.012904,0.116461,-0.167229,-0.02198,0.058231,-0.043325
0.039291,0.222199,-0.082359,-0.111423,-0.264039,0.012904,0.116461,-0.167229,-0.02198,0.058231,-0.043325,-0.137349
0.038868,0.222199,-0.111423,-0.264039,0.012904,0.116461,-0.167229,-0.02198,0.058231,-0.043325,-0.137349,0.170687
0.039987,0.222199,-0.264039,0.012904,0.116461,-0.167229,-0.02198,0.058231,-0.043325,-0.137349,0.170687,0.016696
0.039154,0.222199,0.012904,0.116461,-0.167229,-0.02198,0.058231,-0.043325,-0.137349,0.170687,0.016696,-0.091155
0.036505,0.222199,0.116461,-0.167229,-0.02198,0.058231,-0.043325,-0.137349,0.170687,0.016696,-0.091155,0.104259
0.039797,0.222199,-0.167229,-0.02198,0.058231,-0.043325,-0.137349,0.170687,0.016696,-0.091155,0.104259,0.226372
0.040118,0.222199,-0.02198,0.058231,-0.043325,-0.137349,0.170687,0.016696,-0.091155,0.104259,0.226372,-0.035508
0.038365,0.222199,0.058231,-0.043325,-0.137349,0.170687,0.016696,-0.091155,0.104259,0.226372,-0.035508,-0.005956
0.04037,0.223236,-0.043325,-0.137349,0.170687,0.016696,-0.091155,0.104259,0.226372,-0.035508,-0.005956,0.027039
0.044716,0.223236,-0.137349,0.170687,0.016696,-0.091155,0.104259,0.226372,-0.035508,-0.005956,0.027039,-0.100902
0.044035,0.223236,0.170687,0.016696,-0.091155,0.104259,0.226372,-0.035508,-0.005956,0.027039,-0.100902,0.015967
0.043921,0.223236,0.016696,-0.091155,0.104259,0.226372,-0.035508,-0.005956,0.027039,-0.100902,0.015967,0.108176
0.044439,0.223236,-0.091155,0.104259,0.226372,-0.035508,-0.005956,0.027039,-0.100902,0.015967,0.108176,0.051255
0.042506,0.223236,0.104259,0.226372,-0.035508,-0.005956,0.027039,-0.100902,0.015967,0.108176,0.051255,-0.090788
0.042812,0.223236,0.226372,-0.035508,-0.005956,0.027039,-0.100902,0.015967,0.108176,0.051255,-0.090788,0.107487
0.044887,0.223236,-0.035508,-0.005956,0.027039,-0.100902,0.015967,0.108176,0.051255,-0.090788,0.107487,0.193583
0.045868,0.223236,-0.005956,0.027039,-0.100902,0.015967,0.108176,0.051255,-0.090788,0.107487,0.193583,-0.055585
0.044132,0.223236,0.027039,-0.100902,0.015967,0.108176,0.051255,-0.090788,0.107487,0.193583,-0.055585,-0.090293
0.046187,0.223236,-0.100902,0.015967,0.108176,0.051255,-0.090788,0.107487,0.193583,-0.055585,-0.090293,-0.003233
0.049884,0.223236,0.015967,0.108176,0.051255,-0.090788,0.107487,0.193583,-0.055585,-0.090293,-0.003233,-0.024886
0.048824,0.223236,0.108176,0.051255,-0.090788,0.107487,0.193583,-0.055585,-0.090293,-0.003233,-0.024886,0.064168
0.047101,0.223236,0.051255,-0.090788,0.107487,0.193583,-0.055585,-0.090293,-0.003233,-0.024886,0.064168,0.093757
0.047039,0.223236,-0.090788,0.107487,0.193583,-0.055585,-0.090293,-0.003233,-0.024886,0.064168,0.093757,0.0922
0.046564,0.223236,0.107487,0.193583,-0.055585,-0.090293,-0.003233,-0.024886,0.064168,0.093757,0.0922,-0.099355
0.04779,0.223236,0.193583,-0.055585,-0.090293,-0.003233,-0.024886,0.064168,0.093757,0.0922,-0.099355,0.125221
0.04958,0.223236,-0.055585,-0.090293,-0.003233,-0.024886,0.064168,0.093757,0.0922,-0.099355,0.125221,0.187089
0.051335,0.223236,-0.090293,-0.003233,-0.024886,0.064168,0.093757,0.0922,-0.099355,0.125221,0.187089,-0.043377
0.049445,0.223236,-0.003233,-0.024886,0.064168,0.093757,0.0922,-0.099355,0.125221,0.187089,-0.043377,-0.003579
0.051827,0.223236,-0.024886,0.064168,0.093757,0.0922,-0.099355,0.125221,0.187089,-0.043377,-0.003579,0.028069
0.055381,0.223236,0.064168,0.093757,0.0922,-0.099355,0.125221,0.187089,-0.043377,-0.003579,0.028069,-0.102744
0.054558,0.223236,0.093757,0.0922,-0.099355,0.125221,0.187089,-0.043377,-0.003579,0.028069,-0.102744,-0.009938
0.05449,0.223236,0.0922,-0.099355,0.125221,0.187089,-0.043377,-0.003579,0.028069,-0.102744,-0.009938,0.106381
0.055022,0.223236,-0.099355,0.125221,0.187089,-0.043377,-0.003579,0.028069,-0.102744,-0.009938,0.106381,0.075535
0.053074,0.223236,0.125221,0.187089,-0.043377,-0.003579,0.028069,-0.102744,-0.009938,0.106381,0.075535,-0.111692
0.052885,0.223236,0.187089,-0.043377,-0.003579,0.028069,-0.102744,-0.009938,0.106381,0.075535,-0.111692,0.124835
0.054906,0.223236,-0.043377,-0.003579,0.028069,-0.102744,-0.009938,0.106381,0.075535,-0.111692,0.124835,0.192952
0.056337,0.223236,-0.003579,0.028069,-0.102744,-0.009938,0.106381,0.075535,-0.111692,0.124835,0.192952,-0.082635
0.054222,0.223236,0.028069,-0.102744,-0.009938,0.106381,0.075535,-0.111692,0.124835,0.192952,-0.082635,-0.094036
0.056586,0.223236,-0.102744,-0.009938,0.106381,0.075535,-0.111692,0.124835,0.192952,-0.082635,-0.094036,0.007951
0.060235,0.223236,-0.009938,0.106381,0.075535,-0.111692,0.124835,0.192952,-0.082635,-0.094036,0.007951,-0.053789
0.058673,0.223236,0.106381,0.075535,-0.111692,0.124835,0.192952,-0.082635,-0.094036,0.007951,-0.053789,0.002581
0.056895,0.223236,0.075535,-0.111692,0.124835,0.192952,-0.082635,-0.094036,0.007951,-0.053789,0.002581,0.220603
0.057046,0.223236,-0.111692,0.124835,0.192952,-0.082635,-0.094036,0.007951,-0.053789,0.002581,0.220603,0.022855
0.056028,0.223236,0.124835,0.192952,-0.082635,-0.094036,0.007951,-0.053789,0.002581,0.220603,0.022855,-0.10371
0.056077,0.223236,0.192952,-0.082635,-0.094036,0.007951,-0.053789,0.002581,0.220603,0.022855,-0.10371,0.105662
0.060251,0.221161,-0.082635,-0.094036,0.007951,-0.053789,0.002581,0.220603,0.022855,-0.10371,0.105662,0.200518
0.060682,0.221161,-0.094036,0.007951,-0.053789,0.002581,0.220603,0.022855,-0.10371,0.105662,0.200518,-0.066546
0.058726,0.221161,0.007951,-0.053789,0.002581,0.220603,0.022855,-0.10371,0.105662,0.200518,-0.066546,-0.078103
0.060719,0.221161,-0.053789,0.002581,0.220603,0.022855,-0.10371,0.105662,0.200518,-0.066546,-0.078103,-0.018078
0.064496,0.221161,0.002581,0.220603,0.022855,-0.10371,0.105662,0.200518,-0.066546,-0.078103,-0.018078,-0.075198
0.063243,0.221161,0.220603,0.022855,-0.10371,0.105662,0.200518,-0.066546,-0.078103,-0.018078,-0.075198,-0.025562
0.061774,0.221161,0.022855,-0.10371,0.105662,0.200518,-0.066546,-0.078103,-0.018078,-0.075198,-0.025562,0.230474
0.061433,0.221161,-0.10371,0.105662,0.200518,-0.066546,-0.078103,-0.018078,-0.075198,-0.025562,0.230474,0.002615
0.060016,0.221161,0.105662,0.200518,-0.066546,-0.078103,-0.018078,-0.075198,-0.025562,0.230474,0.002615,-0.128966
0.059534,0.221161,0.200518,-0.066546,-0.078103,-0.018078,-0.075198,-0.025562,0.230474,0.002615,-0.128966,0.096942
0.063879,0.221161,-0.066546,-0.078103,-0.018078,-0.075198,-0.025562,0.230474,0.002615,-0.128966,0.096942,0.213152
0.063929,0.221161,-0.078103,-0.018078,-0.075198,-0.025562,0.230474,0.002615,-0.128966,0.096942,0.213152,-0.078272
0.061504,0.221161,-0.018078,-0.075198,-0.025562,0.230474,0.002615,-0.128966,0.096942,0.213152,-0.078272,-0.029405
0.063328,0.221161,-0.075198,-0.025562,0.230474,0.002615,-0.128966,0.096942,0.213152,-0.078272,-0.029405,0.124179
0.067332,0.221161,-0.025562,0.230474,0.002615,-0.128966,0.096942,0.213152,-0.078272,-0.029405,0.124179,-0.019923
0.065863,0.221161,0.230474,0.002615,-0.128966,0.096942,0.213152,-0.078272,-0.029405,0.124179,-0.019923,0.033951
0.065311,0.221161,0.002615,-0.128966,0.096942,0.213152,-0.078272,-0.029405,0.124179,-0.019923,0.033951,0.029795
0.067638,0.221161,-0.128966,0.096942,0.213152,-0.078272,-0.029405,0.124179,-0.019923,0.033951,0.029795,0.043071
0.067265,0.219605,0.096942,0.213152,-0.078272,-0.029405,0.124179,-0.019923,0.033951,0.029795,0.043071,-0.125108
0.067901,0.219605,0.213152,-0.078272,-0.029405,0.124179,-0.019923,0.033951,0.029795,0.043071,-0.125108,0.090505
0.068459,0.219605,-0.078272,-0.029405,0.124179,-0.019923,0.033951,0.029795,0.043071,-0.125108,0.090505,0.162093
0.069265,0.219605,-0.029405,0.124179,-0.019923,0.033951,0.029795,0.043071,-0.125108,0.090505,0.162093,-0.107658
0.066925,0.219605,0.124179,-0.019923,0.033951,0.029795,0.043071,-0.125108,0.090505,0.162093,-0.107658,-0.016077
0.068619,0.219605,-0.019923,0.033951,0.029795,0.043071,-0.125108,0.090505,0.162093,-0.107658,-0.016077,0.079473
0.071651,0.219605,0.033951,0.029795,0.043071,-0.125108,0.090505,0.162093,-0.107658,-0.016077,0.079473,-0.039443
0.069637,0.219605,0.029795,0.043071,-0.125108,0.090505,0.162093,-0.107658,-0.016077,0.079473,-0.039443,-0.04623
0.069337,0.219605,0.043071,-0.125108,0.090505,0.162093,-0.107658,-0.016077,0.079473,-0.039443,-0.04623,0.183394
0.070821,0.219605,-0.125108,0.090505,0.162093,-0.107658,-0.016077,0.079473,-0.039443,-0.04623,0.183394,-0.021791
0.070084,0.219605,0.090505,0.162093,-0.107658,-0.016077,0.079473,-0.039443,-0.04623,0.183394,-0.021791,-0.16824
0.069219,0.219605,0.162093,-0.107658,-0.016077,0.079473,-0.039443,-0.04623,0.183394,-0.021791,-0.16824,0.073672
0.072648,0.219605,-0.107658,-0.016077,0.079473,-0.039443,-0.04623,0.183394,-0.021791,-0.16824,0.073672,0.156997
0.072241,0.219605,-0.016077,0.079473,-0.039443,-0.04623,0.183394,-0.021791,-0.16824,0.073672,0.156997,-0.119606
0.069102,0.219605,0.079473,-0.039443,-0.04623,0.183394,-0.021791,-0.16824,0.073672,0.156997,-0.119606,-0.033316
0.070478,0.219605,-0.039443,-0.04623,0.183394,-0.021791,-0.16824,0.073672,0.156997,-0.119606,-0.033316,0.064345
0.073409,0.219605,-0.04623,0.183394,-0.021791,-0.16824,0.073672,0.156997,-0.119606,-0.033316,0.064345,-0.041518
0.071176,0.219605,0.183394,-0.021791,-0.16824,0.073672,0.156997,-0.119606,-0.033316,0.064345,-0.041518,-0.05216
0.070554,0.219605,-0.021791,-0.16824,0.073672,0.156997,-0.119606,-0.033316,0.064345,-0.041518,-0.05216,0.178057
0.071754,0.219605,-0.16824,0.073672,0.156997,-0.119606,-0.033316,0.064345,-0.041518,-0.05216,0.178057,-0.066163
0.07098,0.219605,0.073672,0.156997,-0.119606,-0.033316,0.064345,-0.041518,-0.05216,0.178057,-0.066163,-0.145212
0.070005,0.219605,0.156997,-0.119606,-0.033316,0.064345,-0.041518,-0.05216,0.178057,-0.066163,-0.145212,0.054534
0.073331,0.219605,-0.119606,-0.033316,0.064345,-0.041518,-0.05216,0.178057,-0.066163,-0.145212,0.054534,0.129999
