0.202531,0.206543,0.101878,0.001579,-0.032053,0.00161,0.235435,-0.084785,-0.150376,-0.031981,0.058235,-0.051474
0.20003,0.206543,0.001579,-0.032053,0.00161,0.235435,-0.084785,-0.150376,-0.031981,0.058235,-0.051474,0.031759
0.199497,0.206543,-0.032053,0.00161,0.235435,-0.084785,-0.150376,-0.031981,0.058235,-0.051474,0.031759,-0.052503
0.200469,0.206818,0.00161,0.235435,-0.084785,-0.150376,-0.031981,0.058235,-0.051474,0.031759,-0.052503,-0.171524
0.19961,0.206818,0.235435,-0.084785,-0.150376,-0.031981,0.058235,-0.051474,0.031759,-0.052503,-0.171524,-0.046074
0.200139,0.206818,-0.084785,-0.150376,-0.031981,0.058235,-0.051474,0.031759,-0.052503,-0.171524,-0.046074,0.224522
0.199265,0.206818,-0.150376,-0.031981,0.058235,-0.051474,0.031759,-0.052503,-0.171524,-0.046074,0.224522,-0.059962
0.196403,0.206818,-0.031981,0.058235,-0.051474,0.031759,-0.052503,-0.171524,-0.046074,0.224522,-0.059962,-0.116758
0.195632,0.206818,0.058235,-0.051474,0.031759,-0.052503,-0.171524,-0.046074,0.224522,-0.059962,-0.116758,0.183439
0.199385,0.206818,-0.051474,0.031759,-0.052503,-0.171524,-0.046074,0.224522,-0.059962,-0.116758,0.183439,0.063634
0.198385,0.206818,0.031759,-0.052503,-0.171524,-0.046074,0.224522,-0.059962,-0.116758,0.183439,0.063634,-0.089164
0.196437,0.206818,-0.052503,-0.171524,-0.046074,0.224522,-0.059962,-0.116758,0.183439,0.063634,-0.089164,0.034376
0.199497,0.206818,-0.171524,-0.046074,0.224522,-0.059962,-0.116758,0.183439,0.063634,-0.089164,0.034376,-0.055152
0.200559,0.206818,-0.046074,0.224522,-0.059962,-0.116758,0.183439,0.063634,-0.089164,0.034376,-0.055152,-0.141827
0.199071,0.206818,0.224522,-0.059962,-0.116758,0.183439,0.063634,-0.089164,0.034376,-0.055152,-0.141827,0.017972
0.199644,0.206818,-0.059962,-0.116758,0.183439,0.063634,-0.089164,0.034376,-0.055152,-0.141827,0.017972,0.007555
0.198725,0.206818,-0.116758,0.183439,0.063634,-0.089164,0.034376,-0.055152,-0.141827,0.017972,0.007555,-0.078482
0.196358,0.206818,0.183439,0.063634,-0.089164,0.034376,-0.055152,-0.141827,0.017972,0.007555,-0.078482,-0.203662
0.196658,0.206818,0.063634,-0.089164,0.034376,-0.055152,-0.141827,0.017972,0.007555,-0.078482,-0.203662,0.147033
0.196785,0.206818,-0.089164,0.034376,-0.055152,-0.141827,0.017972,0.007555,-0.078482,-0.203662,0.147033,-0.10396
0.195473,0.206818,0.034376,-0.055152,-0.141827,0.017972,0.007555,-0.078482,-0.203662,0.147033,-0.10396,-0.061502
0.192064,0.206818,-0.055152,-0.141827,0.017972,0.007555,-0.078482,-0.203662,0.147033,-0.10396,-0.061502,0.174105
0.194527,0.206024,-0.141827,0.017972,0.007555,-0.078482,-0.203662,0.147033,-0.10396,-0.061502,0.174105,0.030812
0.192784,0.206024,0.017972,0.007555,-0.078482,-0.203662,0.147033,-0.10396,-0.061502,0.174105,0.030812,-0.079236
0.191751,0.206024,0.007555,-0.078482,-0.203662,0.147033,-0.10396,-0.061502,0.174105,0.030812,-0.079236,0.047318
0.194669,0.206024,-0.078482,-0.203662,0.147033,-0.10396,-0.061502,0.174105,0.030812,-0.079236,0.047318,0.264221
0.195184,0.206024,-0.203662,0.147033,-0.10396,-0.061502,0.174105,0.030812,-0.079236,0.047318,0.264221,-0.108301
0.193858,0.206024,0.147033,-0.10396,-0.061502,0.174105,0.030812,-0.079236,0.047318,0.264221,-0.108301,-0.092376
0.194651,0.206024,-0.10396,-0.061502,0.174105,0.030812,-0.079236,0.047318,0.264221,-0.108301,-0.092376,0.126651
0.199071,0.206024,-0.061502,0.174105,0.030812,-0.079236,0.047318,0.264221,-0.108301,-0.092376,0.126651,0.082341
0.197263,0.206024,0.174105,0.030812,-0.079236,0.047318,0.264221,-0.108301,-0.092376,0.126651,0.082341,-0.067488
0.195721,0.206024,0.030812,-0.079236,0.047318,0.264221,-0.108301,-0.092376,0.126651,0.082341,-0.067488,0.104341
0.197836,0.206024,-0.079236,0.047318,0.264221,-0.108301,-0.092376,0.126651,0.082341,-0.067488,0.104341,-0.014659
0.199211,0.206024,0.047318,0.264221,-0.108301,-0.092376,0.126651,0.082341,-0.067488,0.104341,-0.014659,-0.042704
0.198084,0.206024,0.264221,-0.108301,-0.092376,0.126651,0.082341,-0.067488,0.104341,-0.014659,-0.042704,0.031293
0.199824,0.206024,-0.108301,-0.092376,0.126651,0.082341,-0.067488,0.104341,-0.014659,-0.042704,0.031293,0.199711
0.19958,0.206024,-0.092376,0.126651,0.082341,-0.067488,0.104341,-0.014659,-0.042704,0.031293,0.199711,-0.065635
0.198868,0.206024,0.126651,0.082341,-0.067488,0.104341,-0.014659,-0.042704,0.031293,0.199711,-0.065635,-0.090591
0.19939,0.206024,0.082341,-0.067488,0.104341,-0.014659,-0.042704,0.031293,0.199711,-0.065635,-0.090591,0.103351
0.202719,0.206024,-0.067488,0.104341,-0.014659,-0.042704,0.031293,0.199711,-0.065635,-0.090591,0.103351,-0.066134
0.201628,0.206024,0.104341,-0.014659,-0.042704,0.031293,0.199711,-0.065635,-0.090591,0.103351,-0.066134,-0.04071
0.20012,0.206024,-0.014659,-0.042704,0.031293,0.199711,-0.065635,-0.090591,0.103351,-0.066134,-0.04071,-0.011432
0.20184,0.206024,-0.042704,0.031293,0.199711,-0.065635,-0.090591,0.103351,-0.066134,-0.04071,-0.011432,-0.006553
0.200738,0.206024,0.031293,0.199711,-0.065635,-0.090591,0.103351,-0.066134,-0.04071,-0.011432,-0.006553,0.005843
0.200059,0.206024,0.199711,-0.065635,-0.090591,0.103351,-0.066134,-0.04071,-0.011432,-0.006553,0.005843,0.004323
0.199869,0.206024,-0.065635,-0.090591,0.103351,-0.066134,-0.04071,-0.011432,-0.006553,0.005843,0.004323,0.251705
0.19976,0.206024,-0.090591,0.103351,-0.066134,-0.04071,-0.011432,-0.006553,0.005843,0.004323,0.251705,-0.18526
0.199857,0.206024,0.103351,-0.066134,-0.04071,-0.011432,-0.006553,0.005843,0.004323,0.251705,-0.18526,-0.174105
0.199929,0.206024,-0.066134,-0.04071,-0.011432,-0.006553,0.005843,0.004323,0.251705,-0.18526,-0.174105,-0.186988
0.204122,0.206024,-0.04071,-0.011432,-0.006553,0.005843,0.004323,0.251705,-0.18526,-0.174105,-0.186988,-0.037814
0.201041,0.206024,-0.011432,-0.006553,0.005843,0.004323,0.251705,-0.18526,-0.174105,-0.186988,-0.037814,-0.019199
0.198141,0.206024,-0.006553,0.005843,0.004323,0.251705,-0.18526,-0.174105,-0.186988,-0.037814,-0.019199,0.135099
0.195017,0.206024,0.005843,0.004323,0.251705,-0.18526,-0.174105,-0.186988,-0.037814,-0.019199,0.135099,0.039034
0.194384,0.206024,0.004323,0.251705,-0.18526,-0.174105,-0.186988,-0.037814,-0.019199,0.135099,0.039034,-0.050287
0.194062,0.206024,0.251705,-0.18526,-0.174105,-0.186988,-0.037814,-0.019199,0.135099,0.039034,-0.050287,0.058067
0.196323,0.206024,-0.18526,-0.174105,-0.186988,-0.037814,-0.019199,0.135099,0.039034,-0.050287,0.058067,0.230841
0.196974,0.206024,-0.174105,-0.186988,-0.037814,-0.019199,0.135099,0.039034,-0.050287,0.058067,0.230841,-0.070881
0.196134,0.206024,-0.186988,-0.037814,-0.019199,0.135099,0.039034,-0.050287,0.058067,0.230841,-0.070881,-0.103676
0.197105,0.206024,-0.037814,-0.019199,0.135099,0.039034,-0.050287,0.058067,0.230841,-0.070881,-0.103676,0.167834
0.20096,0.206543,-0.019199,0.135099,0.039034,-0.050287,0.058067,0.230841,-0.070881,-0.103676,0.167834,-0.05779
0.199779,0.206543,0.135099,0.039034,-0.050287,0.058067,0.230841,-0.070881,-0.103676,0.167834,-0.05779,-0.067565
0.198051,0.206543,0.039034,-0.050287,0.058067,0.230841,-0.070881,-0.103676,0.167834,-0.05779,-0.067565,-0.019574
0.200848,0.206543,-0.050287,0.058067,0.230841,-0.070881,-0.103676,0.167834,-0.05779,-0.067565,-0.019574,0.023096
0.199884,0.206543,0.058067,0.230841,-0.070881,-0.103676,0.167834,-0.05779,-0.067565,-0.019574,0.023096,-0.007585
0.198757,0.206543,0.230841,-0.070881,-0.103676,0.167834,-0.05779,-0.067565,-0.019574,0.023096,-0.007585,-0.014372
0.19843,0.206543,-0.070881,-0.103676,0.167834,-0.05779,-0.067565,-0.019574,0.023096,-0.007585,-0.014372,0.239834
0.198815,0.206543,-0.103676,0.167834,-0.05779,-0.067565,-0.019574,0.023096,-0.007585,-0.014372,0.239834,-0.049333
0.198688,0.206543,0.167834,-0.05779,-0.067565,-0.019574,0.023096,-0.007585,-0.014372,0.239834,-0.049333,-0.141955
0.198448,0.206543,-0.05779,-0.067565,-0.019574,0.023096,-0.007585,-0.014372,0.239834,-0.049333,-0.141955,0.132989
0.202448,0.206543,-0.067565,-0.019574,0.023096,-0.007585,-0.014372,0.239834,-0.049333,-0.141955,0.132989,0.077319
0.201628,0.206543,-0.019574,0.023096,-0.007585,-0.014372,0.239834,-0.049333,-0.141955,0.132989,0.077319,-0.0733
0.199265,0.206543,0.023096,-0.007585,-0.014372,0.239834,-0.049333,-0.141955,0.132989,0.077319,-0.0733,0.116425
0.201479,0.206543,-0.007585,-0.014372,0.239834,-0.049333,-0.141955,0.132989,0.077319,-0.0733,0.116425,-0.009263
0.202766,0.206543,-0.014372,0.239834,-0.049333,-0.141955,0.132989,0.077319,-0.0733,0.116425,-0.009263,-0.073228
0.201546,0.206543,0.239834,-0.049333,-0.141955,0.132989,0.077319,-0.0733,0.116425,-0.009263,-0.073228,0.050222
0.203482,0.206543,-0.049333,-0.141955,0.132989,0.077319,-0.0733,0.116425,-0.009263,-0.073228,0.050222,0.218144
0.203328,0.206543,-0.141955,0.132989,0.077319,-0.0733,0.116425,-0.009263,-0.073228,0.050222,0.218144,-0.202552
0.202111,0.205383,0.132989,0.077319,-0.0733,0.116425,-0.009263,-0.073228,0.050222,0.218144,-0.202552,-0.088205
0.202947,0.205383,0.077319,-0.0733,0.116425,-0.009263,-0.073228,0.050222,0.218144,-0.202552,-0.088205,0.003039
0.206572,0.205383,-0.0733,0.116425,-0.009263,-0.073228,0.050222,0.218144,-0.202552,-0.088205,0.003039,0.126261
0.20321,0.205383,0.116425,-0.009263,-0.073228,0.050222,0.218144,-0.202552,-0.088205,0.003039,0.126261,-0.081572
0.201745,0.205383,-0.009263,-0.073228,0.050222,0.218144,-0.202552,-0.088205,0.003039,0.126261,-0.081572,0.100397
0.201795,0.205383,-0.073228,0.050222,0.218144,-0.202552,-0.088205,0.003039,0.126261,-0.081572,0.100397,0.012611
0.203896,0.205383,0.050222,0.218144,-0.202552,-0.088205,0.003039,0.126261,-0.081572,0.100397,0.012611,-0.005306
0.202539,0.205383,0.218144,-0.202552,-0.088205,0.003039,0.126261,-0.081572,0.100397,0.012611,-0.005306,-0.061344
0.204207,0.205383,-0.202552,-0.088205,0.003039,0.126261,-0.081572,0.100397,0.012611,-0.005306,-0.061344,0.1007
0.204416,0.205383,-0.088205,0.003039,0.126261,-0.081572,0.100397,0.012611,-0.005306,-0.061344,0.1007,-0.093096
0.204328,0.205383,0.003039,0.126261,-0.081572,0.100397,0.012611,-0.005306,-0.061344,0.1007,-0.093096,-0.085524
0.203308,0.205383,0.126261,-0.081572,0.100397,0.012611,-0.005306,-0.061344,0.1007,-0.093096,-0.085524,0.141924
0.204983,0.205383,-0.081572,0.100397,0.012611,-0.005306,-0.061344,0.1007,-0.093096,-0.085524,0.141924,0.058482
0.203437,0.205383,0.100397,0.012611,-0.005306,-0.061344,0.1007,-0.093096,-0.085524,0.141924,0.058482,-0.08723
0.202016,0.205383,0.012611,-0.005306,-0.061344,0.1007,-0.093096,-0.085524,0.141924,0.058482,-0.08723,0.152965
0.204373,0.205383,-0.005306,-0.061344,0.1007,-0.093096,-0.085524,0.141924,0.058482,-0.08723,0.152965,-0.03399
0.205345,0.205383,-0.061344,0.1007,-0.093096,-0.085524,0.141924,0.058482,-0.08723,0.152965,-0.03399,-0.068385
0.203895,0.205383,0.1007,-0.093096,-0.085524,0.141924,0.058482,-0.08723,0.152965,-0.03399,-0.068385,0.050307
0.206433,0.205383,-0.093096,-0.085524,0.141924,0.058482,-0.08723,0.152965,-0.03399,-0.068385,0.050307,0.236286
0.20587,0.205383,-0.085524,0.141924,0.058482,-0.08723,0.152965,-0.03399,-0.068385,0.050307,0.236286,-0.099314
0.204736,0.205383,0.141924,0.058482,-0.08723,0.152965,-0.03399,-0.068385,0.050307,0.236286,-0.099314,-0.111104
0.205572,0.205383,0.058482,-0.08723,0.152965,-0.03399,-0.068385,0.050307,0.236286,-0.099314,-0.111104,0.140348
0.209489,0.205383,-0.08723,0.152965,-0.03399,-0.068385,0.050307,0.236286,-0.099314,-0.111104,0.140348,0.058674
0.207846,0.205383,0.152965,-0.03399,-0.068385,0.050307,0.236286,-0.099314,-0.111104,0.140348,0.058674,-0.071356
0.206007,0.205383,-0.03399,-0.068385,0.050307,0.236286,-0.099314,-0.111104,0.140348,0.058674,-0.071356,0.102241
0.20833,0.205383,-0.068385,0.050307,0.236286,-0.099314,-0.111104,0.140348,0.058674,-0.071356,0.102241,0.001813
0.209302,0.205383,0.050307,0.236286,-0.099314,-0.111104,0.140348,0.058674,-0.071356,0.102241,0.001813,-0.047204
0.20812,0.205383,0.236286,-0.099314,-0.111104,0.140348,0.058674,-0.071356,0.102241,0.001813,-0.047204,0.009037
0.209811,0.205383,-0.099314,-0.111104,0.140348,0.058674,-0.071356,0.102241,0.001813,-0.047204,0.009037,0.219174
0.209841,0.205383,-0.111104,0.140348,0.058674,-0.071356,0.102241,0.001813,-0.047204,0.009037,0.219174,-0.074856
0.209061,0.205383,0.140348,0.058674,-0.071356,0.102241,0.001813,-0.047204,0.009037,0.219174,-0.074856,-0.114834
0.209211,0.205383,0.058674,-0.071356,0.102241,0.001813,-0.047204,0.009037,0.219174,-0.074856,-0.114834,0.116365
0.212834,0.205383,-0.071356,0.102241,0.001813,-0.047204,0.009037,0.219174,-0.074856,-0.114834,0.116365,0.056058
0.211599,0.205383,0.102241,0.001813,-0.047204,0.009037,0.219174,-0.074856,-0.114834,0.116365,0.056058,-0.187946
0.209704,0.205383,0.001813,-0.047204,0.009037,0.219174,-0.074856,-0.114834,0.116365,0.056058,-0.187946,0.12214
0.211625,0.204987,-0.047204,0.009037,0.219174,-0.074856,-0.114834,0.116365,0.056058,-0.187946,0.12214,-0.172915
0.212551,0.204987,0.009037,0.219174,-0.074856,-0.114834,0.116365,0.056058,-0.187946,0.12214,-0.172915,-0.145969
0.209443,0.204987,0.219174,-0.074856,-0.114834,0.116365,0.056058,-0.187946,0.12214,-0.172915,-0.145969,0.033899
0.211461,0.204987,-0.074856,-0.114834,0.116365,0.056058,-0.187946,0.12214,-0.172915,-0.145969,0.033899,0.220456
0.208606,0.204987,-0.114834,0.116365,0.056058,-0.187946,0.12214,-0.172915,-0.145969,0.033899,0.220456,-0.044166
0.20619,0.204987,0.116365,0.056058,-0.187946,0.12214,-0.172915,-0.145969,0.033899,0.220456,-0.044166,-0.103287
0.206752,0.204987,0.056058,-0.187946,0.12214,-0.172915,-0.145969,0.033899,0.220456,-0.044166,-0.103287,0.113203
0.210404,0.204987,-0.187946,0.12214,-0.172915,-0.145969,0.033899,0.220456,-0.044166,-0.103287,0.113203,-0.037929
0.209674,0.204987,0.12214,-0.172915,-0.145969,0.033899,0.220456,-0.044166,-0.103287,0.113203,-0.037929,-0.035559
0.207967,0.204987,-0.172915,-0.145969,0.033899,0.220456,-0.044166,-0.103287,0.113203,-0.037929,-0.035559,-0.046868
0.209838,0.204987,-0.145969,0.033899,0.220456,-0.044166,-0.103287,0.113203,-0.037929,-0.035559,-0.046868,0.045952
0.209211,0.204987,0.033899,0.220456,-0.044166,-0.103287,0.113203,-0.037929,-0.035559,-0.046868,0.045952,0.002662
0.208622,0.204987,0.220456,-0.044166,-0.103287,0.113203,-0.037929,-0.035559,-0.046868,0.045952,0.002662,0.014578
0.207846,0.204987,-0.044166,-0.103287,0.113203,-0.037929,-0.035559,-0.046868,0.045952,0.002662,0.014578,0.216199
0.208606,0.204987,-0.103287,0.113203,-0.037929,-0.035559,-0.046868,0.045952,0.002662,0.014578,0.216199,-0.047013
0.20865,0.204987,0.113203,-0.037929,-0.035559,-0.046868,0.045952,0.002662,0.014578,0.216199,-0.047013,-0.134254
0.208891,0.204987,-0.037929,-0.035559,-0.046868,0.045952,0.002662,0.014578,0.216199,-0.047013,-0.134254,0.124654
0.212466,0.205383,-0.035559,-0.046868,0.045952,0.002662,0.014578,0.216199,-0.047013,-0.134254,0.124654,0.058829
0.211691,0.205383,-0.046868,0.045952,0.002662,0.014578,0.216199,-0.047013,-0.134254,0.124654,0.058829,-0.055093
0.209475,0.205383,0.045952,0.002662,0.014578,0.216199,-0.047013,-0.134254,0.124654,0.058829,-0.055093,0.134147
0.211533,0.205383,0.002662,0.014578,0.216199,-0.047013,-0.134254,0.124654,0.058829,-0.055093,0.134147,-0.020479
0.212505,0.205383,0.014578,0.216199,-0.047013,-0.134254,0.124654,0.058829,-0.055093,0.134147,-0.020479,-0.07851
0.211595,0.205383,0.216199,-0.047013,-0.134254,0.124654,0.058829,-0.055093,0.134147,-0.020479,-0.07851,0.047738
0.213807,0.205383,-0.047013,-0.134254,0.124654,0.058829,-0.055093,0.134147,-0.020479,-0.07851,0.047738,0.198972
0.21347,0.205383,-0.134254,0.124654,0.058829,-0.055093,0.134147,-0.020479,-0.07851,0.047738,0.198972,-0.092044
0.212176,0.205383,0.124654,0.058829,-0.055093,0.134147,-0.020479,-0.07851,0.047738,0.198972,-0.092044,-0.110068
0.212964,0.205383,0.058829,-0.055093,0.134147,-0.020479,-0.07851,0.047738,0.198972,-0.092044,-0.110068,0.125508
0.216243,0.205383,-0.055093,0.134147,-0.020479,-0.07851,0.047738,0.198972,-0.092044,-0.110068,0.125508,0.056193
0.214729,0.205383,0.134147,-0.020479,-0.07851,0.047738,0.198972,-0.092044,-0.110068,0.125508,0.056193,-0.09729
0.212917,0.205383,-0.020479,-0.07851,0.047738,0.198972,-0.092044,-0.110068,0.125508,0.056193,-0.09729,0.126813
0.214984,0.205383,-0.07851,0.047738,0.198972,-0.092044,-0.110068,0.125508,0.056193,-0.09729,0.126813,-0.012102
0.215909,0.205383,0.047738,0.198972,-0.092044,-0.110068,0.125508,0.056193,-0.09729,0.126813,-0.012102,-0.079205
0.214306,0.205383,0.198972,-0.092044,-0.110068,0.125508,0.056193,-0.09729,0.126813,-0.012102,-0.079205,0.047785
0.216393,0.205383,-0.092044,-0.110068,0.125508,0.056193,-0.09729,0.126813,-0.012102,-0.079205,0.047785,0.197658
0.216194,0.205383,-0.110068,0.125508,0.056193,-0.09729,0.126813,-0.012102,-0.079205,0.047785,0.197658,-0.064215
0.214891,0.205383,0.125508,0.056193,-0.09729,0.126813,-0.012102,-0.079205,0.047785,0.197658,-0.064215,-0.116489
0.215678,0.205383,0.056193,-0.09729,0.126813,-0.012102,-0.079205,0.047785,0.197658,-0.064215,-0.116489,0.120616
0.218929,0.205383,-0.09729,0.126813,-0.012102,-0.079205,0.047785,0.197658,-0.064215,-0.116489,0.120616,0.067621
0.217875,0.205383,0.126813,-0.012102,-0.079205,0.047785,0.197658,-0.064215,-0.116489,0.120616,0.067621,-0.100684
0.215962,0.205383,-0.012102,-0.079205,0.047785,0.197658,-0.064215,-0.116489,0.120616,0.067621,-0.100684,0.130873
0.217943,0.205383,-0.079205,0.047785,0.197658,-0.064215,-0.116489,0.120616,0.067621,-0.100684,0.130873,-0.026316
0.219054,0.205383,0.047785,0.197658,-0.064215,-0.116489,0.120616,0.067621,-0.100684,0.130873,-0.026316,-0.037565
0.217399,0.205383,0.197658,-0.064215,-0.116489,0.120616,0.067621,-0.100684,0.130873,-0.026316,-0.037565,0.011154
0.219547,0.205383,-0.064215,-0.116489,0.120616,0.067621,-0.100684,0.130873,-0.026316,-0.037565,0.011154,0.227785
0.219116,0.205383,-0.116489,0.120616,0.067621,-0.100684,0.130873,-0.026316,-0.037565,0.011154,0.227785,-0.078733
0.2185,0.205383,0.120616,0.067621,-0.100684,0.130873,-0.026316,-0.037565,0.011154,0.227785,-0.078733,-0.125868
0.218683,0.205383,0.067621,-0.100684,0.130873,-0.026316,-0.037565,0.011154,0.227785,-0.078733,-0.125868,0.118508
0.222419,0.205383,-0.100684,0.130873,-0.026316,-0.037565,0.011154,0.227785,-0.078733,-0.125868,0.118508,0.082055
0.221131,0.205383,0.130873,-0.026316,-0.037565,0.011154,0.227785,-0.078733,-0.125868,0.118508,0.082055,-0.121155
0.219069,0.205383,-0.026316,-0.037565,0.011154,0.227785,-0.078733,-0.125868,0.118508,0.082055,-0.121155,0.126351
0.221011,0.205383,-0.037565,0.011154,0.227785,-0.078733,-0.125868,0.118508,0.082055,-0.121155,0.126351,-0.009295
0.222355,0.205383,0.011154,0.227785,-0.078733,-0.125868,0.118508,0.082055,-0.121155,0.126351,-0.009295,-0.040906
0.220369,0.204071,0.227785,-0.078733,-0.125868,0.118508,0.082055,-0.121155,0.126351,-0.009295,-0.040906,0.01947
0.222438,0.204071,-0.078733,-0.125868,0.118508,0.082055,-0.121155,0.126351,-0.009295,-0.040906,0.01947,0.186757
0.222286,0.204071,-0.125868,0.118508,0.082055,-0.121155,0.126351,-0.009295,-0.040906,0.01947,0.186757,-0.056092
0.221617,0.204071,0.118508,0.082055,-0.121155,0.126351,-0.009295,-0.040906,0.01947,0.186757,-0.056092,-0.129571
0.221936,0.204071,0.082055,-0.121155,0.126351,-0.009295,-0.040906,0.01947,0.186757,-0.056092,-0.129571,0.107702
0.224992,0.204071,-0.121155,0.126351,-0.009295,-0.040906,0.01947,0.186757,-0.056092,-0.129571,0.107702,0.07088
0.224076,0.204071,0.126351,-0.009295,-0.040906,0.01947,0.186757,-0.056092,-0.129571,0.107702,0.07088,-0.110344
0.221959,0.204071,-0.009295,-0.040906,0.01947,0.186757,-0.056092,-0.129571,0.107702,0.07088,-0.110344,0.13604
0.223719,0.204071,-0.040906,0.01947,0.186757,-0.056092,-0.129571,0.107702,0.07088,-0.110344,0.13604,-0.01506
0.224878,0.204071,0.01947,0.186757,-0.056092,-0.129571,0.107702,0.07088,-0.110344,0.13604,-0.01506,-0.049961
0.223073,0.204071,0.186757,-0.056092,-0.129571,0.107702,0.07088,-0.110344,0.13604,-0.01506,-0.049961,0.007886
0.225295,0.204071,-0.056092,-0.129571,0.107702,0.07088,-0.110344,0.13604,-0.01506,-0.049961,0.007886,0.188026
0.22505,0.204071,-0.129571,0.107702,0.07088,-0.110344,0.13604,-0.01506,-0.049961,0.007886,0.188026,-0.041802
0.224234,0.204071,0.107702,0.07088,-0.110344,0.13604,-0.01506,-0.049961,0.007886,0.188026,-0.041802,-0.147619
0.224363,0.204071,0.07088,-0.110344,0.13604,-0.01506,-0.049961,0.007886,0.188026,-0.041802,-0.147619,0.099546
0.227434,0.204071,-0.110344,0.13604,-0.01506,-0.049961,0.007886,0.188026,-0.041802,-0.147619,0.099546,0.088337
0.226753,0.202118,0.13604,-0.01506,-0.049961,0.007886,0.188026,-0.041802,-0.147619,0.099546,0.088337,-0.105132
0.224346,0.202118,-0.01506,-0.049961,0.007886,0.188026,-0.041802,-0.147619,0.099546,0.088337,-0.105132,0.119753
0.22597,0.202118,-0.049961,0.007886,0.188026,-0.041802,-0.147619,0.099546,0.088337,-0.105132,0.119753,-0.02956
0.227411,0.202118,0.007886,0.188026,-0.041802,-0.147619,0.099546,0.088337,-0.105132,0.119753,-0.02956,-0.056124
0.225695,0.202118,0.188026,-0.041802,-0.147619,0.099546,0.088337,-0.105132,0.119753,-0.02956,-0.056124,0.007729
0.227648,0.202118,-0.041802,-0.147619,0.099546,0.088337,-0.105132,0.119753,-0.02956,-0.056124,0.007729,0.186181
0.227166,0.202118,-0.147619,0.099546,0.088337,-0.105132,0.119753,-0.02956,-0.056124,0.007729,0.186181,-0.059254
0.226252,0.202118,0.099546,0.088337,-0.105132,0.119753,-0.02956,-0.056124,0.007729,0.186181,-0.059254,-0.104867
0.226378,0.202118,0.088337,-0.105132,0.119753,-0.02956,-0.056124,0.007729,0.186181,-0.059254,-0.104867,0.091284
0.229414,0.202118,-0.105132,0.119753,-0.02956,-0.056124,0.007729,0.186181,-0.059254,-0.104867,0.091284,0.065428
0.228449,0.202118,0.119753,-0.02956,-0.056124,0.007729,0.186181,-0.059254,-0.104867,0.091284,0.065428,-0.117049
0.226743,0.202118,-0.02956,-0.056124,0.007729,0.186181,-0.059254,-0.104867,0.091284,0.065428,-0.117049,0.146547
0.228229,0.202118,-0.056124,0.007729,0.186181,-0.059254,-0.104867,0.091284,0.065428,-0.117049,0.146547,-0.044204
0.229295,0.202118,0.007729,0.186181,-0.059254,-0.104867,0.091284,0.065428,-0.117049,0.146547,-0.044204,-0.033315
0.227387,0.202118,0.186181,-0.059254,-0.104867,0.091284,0.065428,-0.117049,0.146547,-0.044204,-0.033315,0.010436
0.229772,0.202118,-0.059254,-0.104867,0.091284,0.065428,-0.117049,0.146547,-0.044204,-0.033315,0.010436,0.219462
0.229054,0.202118,-0.104867,0.091284,0.065428,-0.117049,0.146547,-0.044204,-0.033315,0.010436,0.219462,-0.193376
0.228512,0.202118,0.091284,0.065428,-0.117049,0.146547,-0.044204,-0.033315,0.010436,0.219462,-0.193376,-0.110812
0.228682,0.202118,0.065428,-0.117049,0.146547,-0.044204,-0.033315,0.010436,0.219462,-0.193376,-0.110812,-0.038837
0.232253,0.202118,-0.117049,0.146547,-0.044204,-0.033315,0.010436,0.219462,-0.193376,-0.110812,-0.038837,0.16942
0.22911,0.202118,0.146547,-0.044204,-0.033315,0.010436,0.219462,-0.193376,-0.110812,-0.038837,0.16942,-0.114193
0.227308,0.202118,-0.044204,-0.033315,0.010436,0.219462,-0.193376,-0.110812,-0.038837,0.16942,-0.114193,0.094302
0.226675,0.202118,-0.033315,0.010436,0.219462,-0.193376,-0.110812,-0.038837,0.16942,-0.114193,0.094302,0.019781
0.229436,0.202118,0.010436,0.219462,-0.193376,-0.110812,-0.038837,0.16942,-0.114193,0.094302,0.019781,-0.065271
0.227575,0.202118,0.219462,-0.193376,-0.110812,-0.038837,0.16942,-0.114193,0.094302,0.019781,-0.065271,-0.038645
0.22911,0.202118,-0.193376,-0.110812,-0.038837,0.16942,-0.114193,0.094302,0.019781,-0.065271,-0.038645,0.09977
0.229432,0.202118,-0.110812,-0.038837,0.16942,-0.114193,0.094302,0.019781,-0.065271,-0.038645,0.09977,-0.114266
0.22837,0.202118,-0.038837,0.16942,-0.114193,0.094302,0.019781,-0.065271,-0.038645,0.09977,-0.114266,-0.095994
0.227741,0.202118,0.16942,-0.114193,0.094302,0.019781,-0.065271,-0.038645,0.09977,-0.114266,-0.095994,0.120085
0.229366,0.202118,-0.114193,0.094302,0.019781,-0.065271,-0.038645,0.09977,-0.114266,-0.095994,0.120085,0.059619
0.227506,0.202118,0.094302,0.019781,-0.065271,-0.038645,0.09977,-0.114266,-0.095994,0.120085,0.059619,-0.102538
0.225943,0.202118,0.019781,-0.065271,-0.038645,0.09977,-0.114266,-0.095994,0.120085,0.059619,-0.102538,0.13194
0.227899,0.202118,-0.065271,-0.038645,0.09977,-0.114266,-0.095994,0.120085,0.059619,-0.102538,0.13194,-0.02965
0.22887,0.202118,-0.038645,0.09977,-0.114266,-0.095994,0.120085,0.059619,-0.102538,0.13194,-0.02965,-0.062251
0.227199,0.201355,0.09977,-0.114266,-0.095994,0.120085,0.059619,-0.102538,0.13194,-0.02965,-0.062251,0.016263
0.229347,0.201355,-0.114266,-0.095994,0.120085,0.059619,-0.102538,0.13194,-0.02965,-0.062251,0.016263,0.21038
0.228865,0.201355,-0.095994,0.120085,0.059619,-0.102538,0.13194,-0.02965,-0.062251,0.016263,0.21038,-0.053562
0.227852,0.201355,0.120085,0.059619,-0.102538,0.13194,-0.02965,-0.062251,0.016263,0.21038,-0.053562,-0.143148
0.228117,0.201355,0.059619,-0.102538,0.13194,-0.02965,-0.062251,0.016263,0.21038,-0.053562,-0.143148,0.103181
0.231542,0.201355,-0.102538,0.13194,-0.02965,-0.062251,0.016263,0.21038,-0.053562,-0.143148,0.103181,0.094648
0.230672,0.201355,0.13194,-0.02965,-0.062251,0.016263,0.21038,-0.053562,-0.143148,0.103181,0.094648,-0.126262
0.228345,0.201355,-0.02965,-0.062251,0.016263,0.21038,-0.053562,-0.143148,0.103181,0.094648,-0.126262,0.048269
0.230023,0.201355,-0.062251,0.016263,0.21038,-0.053562,-0.143148,0.103181,0.094648,-0.126262,0.048269,-0.108202
0.231562,0.201355,0.016263,0.21038,-0.053562,-0.143148,0.103181,0.094648,-0.126262,0.048269,-0.108202,-0.108415
0.229508,0.201355,0.21038,-0.053562,-0.143148,0.103181,0.094648,-0.126262,0.048269,-0.108202,-0.108415,0.065335
0.230293,0.201355,-0.053562,-0.143148,0.103181,0.094648,-0.126262,0.048269,-0.108202,-0.108415,0.065335,0.207309
0.228534,0.201355,-0.143148,0.103181,0.094648,-0.126262,0.048269,-0.108202,-0.108415,0.065335,0.207309,-0.073923
0.226769,0.201355,0.103181,0.094648,-0.126262,0.048269,-0.108202,-0.108415,0.065335,0.207309,-0.073923,-0.099432
0.227835,0.201355,0.094648,-0.126262,0.048269,-0.108202,-0.108415,0.065335,0.207309,-0.073923,-0.099432,0.1061
0.23121,0.201355,-0.126262,0.048269,-0.108202,-0.108415,0.065335,0.207309,-0.073923,-0.099432,0.1061,0.06263
0.230009,0.20108,0.048269,-0.108202,-0.108415,0.065335,0.207309,-0.073923,-0.099432,0.1061,0.06263,-0.221564
0.228393,0.20108,-0.108202,-0.108415,0.065335,0.207309,-0.073923,-0.099432,0.1061,0.06263,-0.221564,0.137881
0.230118,0.20108,-0.108415,0.065335,0.207309,-0.073923,-0.099432,0.1061,0.06263,-0.221564,0.137881,-0.148632
0.231136,0.20108,0.065335,0.207309,-0.073923,-0.099432,0.1061,0.06263,-0.221564,0.137881,-0.148632,0.004483
0.227528,0.20108,0.207309,-0.073923,-0.099432,0.1061,0.06263,-0.221564,0.137881,-0.148632,0.004483,0.036493
0.229772,0.20108,-0.073923,-0.099432,0.1061,0.06263,-0.221564,0.137881,-0.148632,0.004483,0.036493,0.152125
0.227355,0.20108,-0.099432,0.1061,0.06263,-0.221564,0.137881,-0.148632,0.004483,0.036493,0.152125,-0.012768
0.227428,0.20108,0.1061,0.06263,-0.221564,0.137881,-0.148632,0.004483,0.036493,0.152125,-0.012768,-0.122721
0.228023,0.20108,0.06263,-0.221564,0.137881,-0.148632,0.004483,0.036493,0.152125,-0.012768,-0.122721,0.077
0.2305,0.20108,-0.221564,0.137881,-0.148632,0.004483,0.036493,0.152125,-0.012768,-0.122721,0.077,0.08877
0.230293,0.20108,0.137881,-0.148632,0.004483,0.036493,0.152125,-0.012768,-0.122721,0.077,0.08877,-0.105844
0.228298,0.20108,-0.148632,0.004483,0.036493,0.152125,-0.012768,-0.122721,0.077,0.08877,-0.105844,0.144452
0.22955,0.20108,0.004483,0.036493,0.152125,-0.012768,-0.122721,0.077,0.08877,-0.105844,0.144452,-0.041443
0.230995,0.20108,0.036493,0.152125,-0.012768,-0.122721,0.077,0.08877,-0.105844,0.144452,-0.041443,-0.039418
0.229272,0.20108,0.152125,-0.012768,-0.122721,0.077,0.08877,-0.105844,0.144452,-0.041443,-0.039418,0.001596
0.23162,0.20108,-0.012768,-0.122721,0.077,0.08877,-0.105844,0.144452,-0.041443,-0.039418,0.001596,0.229247
0.230947,0.20108,-0.122721,0.077,0.08877,-0.105844,0.144452,-0.041443,-0.039418,0.001596,0.229247,-0.10058
0.230307,0.20108,0.077,0.08877,-0.105844,0.144452,-0.041443,-0.039418,0.001596,0.229247,-0.10058,-0.132054
0.230333,0.20108,0.08877,-0.105844,0.144452,-0.041443,-0.039418,0.001596,0.229247,-0.10058,-0.132054,0.126947
0.234058,0.20108,-0.105844,0.144452,-0.041443,-0.039418,0.001596,0.229247,-0.10058,-0.132054,0.126947,0.068606
0.232427,0.20108,0.144452,-0.041443,-0.039418,0.001596,0.229247,-0.10058,-0.132054,0.126947,0.068606,-0.100498
0.230284,0.20108,-0.041443,-0.039418,0.001596,0.229247,-0.10058,-0.132054,0.126947,0.068606,-0.100498,0.124991
0.232344,0.20108,-0.039418,0.001596,0.229247,-0.10058,-0.132054,0.126947,0.068606,-0.100498,0.124991,-0.012241
0.233458,0.20108,0.001596,0.229247,-0.10058,-0.132054,0.126947,0.068606,-0.100498,0.124991,-0.012241,-0.05743
0.231826,0.20108,0.229247,-0.10058,-0.132054,0.126947,0.068606,-0.100498,0.124991,-0.012241,-0.05743,-0.004476
0.233853,0.20108,-0.10058,-0.132054,0.126947,0.068606,-0.100498,0.124991,-0.012241,-0.05743,-0.004476,0.204167
0.233655,0.20108,-0.132054,0.126947,0.068606,-0.100498,0.124991,-0.012241,-0.05743,-0.004476,0.204167,-0.05674
0.232724,0.20108,0.126947,0.068606,-0.100498,0.124991,-0.012241,-0.05743,-0.004476,0.204167,-0.05674,-0.138712
0.232652,0.20108,0.068606,-0.100498,0.124991,-0.012241,-0.05743,-0.004476,0.204167,-0.05674,-0.138712,0.101087
0.235963,0.20108,-0.100498,0.124991,-0.012241,-0.05743,-0.004476,0.204167,-0.05674,-0.138712,0.101087,0.086404
0.235045,0.20108,0.124991,-0.012241,-0.05743,-0.004476,0.204167,-0.05674,-0.138712,0.101087,0.086404,-0.115606
0.232799,0.20108,-0.012241,-0.05743,-0.004476,0.204167,-0.05674,-0.138712,0.101087,0.086404,-0.115606,0.131721
0.234436,0.20108,-0.05743,-0.004476,0.204167,-0.05674,-0.138712,0.101087,0.086404,-0.115606,0.131721,-0.024081
0.235837,0.20108,-0.004476,0.204167,-0.05674,-0.138712,0.101087,0.086404,-0.115606,0.131721,-0.024081,-0.093141
0.233962,0.20108,0.204167,-0.05674,-0.138712,0.101087,0.086404,-0.115606,0.131721,-0.024081,-0.093141,-0.124507
0.236095,0.199768,-0.05674,-0.138712,0.101087,0.086404,-0.115606,0.131721,-0.024081,-0.093141,-0.124507,0.20096
0.235706,0.199768,-0.138712,0.101087,0.086404,-0.115606,0.131721,-0.024081,-0.093141,-0.124507,0.20096,-0.039045
0.234198,0.199768,0.101087,0.086404,-0.115606,0.131721,-0.024081,-0.093141,-0.124507,0.20096,-0.039045,-0.132776
0.232178,0.199768,0.086404,-0.115606,0.131721,-0.024081,-0.093141,-0.124507,0.20096,-0.039045,-0.132776,0.112825
0.235438,0.199768,-0.115606,0.131721,-0.024081,-0.093141,-0.124507,0.20096,-0.039045,-0.132776,0.112825,0.112905
0.234806,0.199768,0.131721,-0.024081,-0.093141,-0.124507,0.20096,-0.039045,-0.132776,0.112825,0.112905,-0.127437
0.232656,0.199768,-0.024081,-0.093141,-0.124507,0.20096,-0.039045,-0.132776,0.112825,0.112905,-0.127437,0.102293
0.234484,0.199768,-0.093141,-0.124507,0.20096,-0.039045,-0.132776,0.112825,0.112905,-0.127437,0.102293,0.005472
0.236313,0.199768,-0.124507,0.20096,-0.039045,-0.132776,0.112825,0.112905,-0.127437,0.102293,0.005472,-0.054954
0.234248,0.199768,0.20096,-0.039045,-0.132776,0.112825,0.112905,-0.127437,0.102293,0.005472,-0.054954,0.033475
0.235904,0.199768,-0.039045,-0.132776,0.112825,0.112905,-0.127437,0.102293,0.005472,-0.054954,0.033475,0.202869
0.235993,0.199768,-0.132776,0.112825,0.112905,-0.127437,0.102293,0.005472,-0.054954,0.033475,0.202869,-0.074704
0.235104,0.199768,0.112825,0.112905,-0.127437,0.102293,0.005472,-0.054954,0.033475,0.202869,-0.074704,-0.110018
0.235646,0.199768,0.112905,-0.127437,0.102293,0.005472,-0.054954,0.033475,0.202869,-0.074704,-0.110018,0.089812
0.238928,0.199768,-0.127437,0.102293,0.005472,-0.054954,0.033475,0.202869,-0.074704,-0.110018,0.089812,0.071914
0.237722,0.200958,0.102293,0.005472,-0.054954,0.033475,0.202869,-0.074704,-0.110018,0.089812,0.071914,-0.122099
0.235945,0.200958,0.005472,-0.054954,0.033475,0.202869,-0.074704,-0.110018,0.089812,0.071914,-0.122099,0.156564
0.237396,0.200958,-0.054954,0.033475,0.202869,-0.074704,-0.110018,0.089812,0.071914,-0.122099,0.156564,-0.050965
0.238559,0.200958,0.033475,0.202869,-0.074704,-0.110018,0.089812,0.071914,-0.122099,0.156564,-0.050965,-0.049479
0.236584,0.200958,0.202869,-0.074704,-0.110018,0.089812,0.071914,-0.122099,0.156564,-0.050965,-0.049479,-0.04042
0.239113,0.200958,-0.074704,-0.110018,0.089812,0.071914,-0.122099,0.156564,-0.050965,-0.049479,-0.04042,0.114425
0.238291,0.200958,-0.110018,0.089812,0.071914,-0.122099,0.156564,-0.050965,-0.049479,-0.04042,0.114425,-0.122059
0.237492,0.200958,0.089812,0.071914,-0.122099,0.156564,-0.050965,-0.049479,-0.04042,0.114425,-0.122059,-0.074355
0.236838,0.200958,0.071914,-0.122099,0.156564,-0.050965,-0.049479,-0.04042,0.114425,-0.122059,-0.074355,0.1075
0.238689,0.200958,-0.122099,0.156564,-0.050965,-0.049479,-0.04042,0.114425,-0.122059,-0.074355,0.1075,0.077828
0.236717,0.200958,0.156564,-0.050965,-0.049479,-0.04042,0.114425,-0.122059,-0.074355,0.1075,0.077828,-0.104379
0.235515,0.200958,-0.050965,-0.049479,-0.04042,0.114425,-0.122059,-0.074355,0.1075,0.077828,-0.104379,0.138808
0.237253,0.200958,-0.049479,-0.04042,0.114425,-0.122059,-0.074355,0.1075,0.077828,-0.104379,0.138808,-0.036084
0.238511,0.200958,-0.04042,0.114425,-0.122059,-0.074355,0.1075,0.077828,-0.104379,0.138808,-0.036084,-0.055447
0.236823,0.200958,0.114425,-0.122059,-0.074355,0.1075,0.077828,-0.104379,0.138808,-0.036084,-0.055447,0.015682
0.239065,0.200958,-0.122059,-0.074355,0.1075,0.077828,-0.104379,0.138808,-0.036084,-0.055447,0.015682,0.213043
0.238483,0.200958,-0.074355,0.1075,0.077828,-0.104379,0.138808,-0.036084,-0.055447,0.015682,0.213043,-0.074947
0.237588,0.200958,0.1075,0.077828,-0.104379,0.138808,-0.036084,-0.055447,0.015682,0.213043,-0.074947,-0.107615
0.237841,0.200958,0.077828,-0.104379,0.138808,-0.036084,-0.055447,0.015682,0.213043,-0.074947,-0.107615,0.10508
0.241282,0.200958,-0.104379,0.138808,-0.036084,-0.055447,0.015682,0.213043,-0.074947,-0.107615,0.10508,0.072117
0.240074,0.200958,0.138808,-0.036084,-0.055447,0.015682,0.213043,-0.074947,-0.107615,0.10508,0.072117,-0.119755
0.238339,0.200958,-0.036084,-0.055447,0.015682,0.213043,-0.074947,-0.107615,0.10508,0.072117,-0.119755,0.13984
0.240034,0.200958,-0.055447,0.015682,0.213043,-0.074947,-0.107615,0.10508,0.072117,-0.119755,0.13984,-0.03326
0.241197,0.200958,0.015682,0.213043,-0.074947,-0.107615,0.10508,0.072117,-0.119755,0.13984,-0.03326,-0.082764
0.239264,0.200958,0.213043,-0.074947,-0.107615,0.10508,0.072117,-0.119755,0.13984,-0.03326,-0.082764,0.018527
0.241519,0.200958,-0.074947,-0.107615,0.10508,0.072117,-0.119755,0.13984,-0.03326,-0.082764,0.018527,0.229262
0.240983,0.200958,-0.107615,0.10508,0.072117,-0.119755,0.13984,-0.03326,-0.082764,0.018527,0.229262,-0.081187
0.239649,0.200958,0.10508,0.072117,-0.119755,0.13984,-0.03326,-0.082764,0.018527,0.229262,-0.081187,-0.138031
0.239948,0.200958,0.072117,-0.119755,0.13984,-0.03326,-0.082764,0.018527,0.229262,-0.081187,-0.138031,0.090458
0.243645,0.200958,-0.119755,0.13984,-0.03326,-0.082764,0.018527,0.229262,-0.081187,-0.138031,0.090458,0.096178
0.242338,0.200958,0.13984,-0.03326,-0.082764,0.018527,0.229262,-0.081187,-0.138031,0.090458,0.096178,-0.132124
0.240116,0.200958,-0.03326,-0.082764,0.018527,0.229262,-0.081187,-0.138031,0.090458,0.096178,-0.132124,0.131545
0.241574,0.200958,-0.082764,0.018527,0.229262,-0.081187,-0.138031,0.090458,0.096178,-0.132124,0.131545,-0.021328
0.243123,0.200958,0.018527,0.229262,-0.081187,-0.138031,0.090458,0.096178,-0.132124,0.131545,-0.021328,-0.062283
0.240993,0.200958,0.229262,-0.081187,-0.138031,0.090458,0.096178,-0.132124,0.131545,-0.021328,-0.062283,0.027377
0.243111,0.199005,-0.081187,-0.138031,0.090458,0.096178,-0.132124,0.131545,-0.021328,-0.062283,0.027377,0.191461
0.242768,0.199005,-0.138031,0.090458,0.096178,-0.132124,0.131545,-0.021328,-0.062283,0.027377,0.191461,-0.078364
0.241766,0.199005,0.090458,0.096178,-0.132124,0.131545,-0.021328,-0.062283,0.027377,0.191461,-0.078364,-0.13257
0.242207,0.199005,0.096178,-0.132124,0.131545,-0.021328,-0.062283,0.027377,0.191461,-0.078364,-0.13257,0.105767
0.245289,0.199005,-0.132124,0.131545,-0.021328,-0.062283,0.027377,0.191461,-0.078364,-0.13257,0.105767,0.06036
0.24403,0.199005,0.131545,-0.021328,-0.062283,0.027377,0.191461,-0.078364,-0.13257,0.105767,0.06036,-0.132501
0.241899,0.199005,-0.021328,-0.062283,0.027377,0.191461,-0.078364,-0.13257,0.105767,0.06036,-0.132501,0.156256
0.2436,0.199005,-0.062283,0.027377,0.191461,-0.078364,-0.13257,0.105767,0.06036,-0.132501,0.156256,-0.02139
0.244571,0.199005,0.027377,0.191461,-0.078364,-0.13257,0.105767,0.06036,-0.132501,0.156256,-0.02139,-0.068684
0.242438,0.199005,0.191461,-0.078364,-0.13257,0.105767,0.06036,-0.132501,0.156256,-0.02139,-0.068684,0.009314
0.244951,0.199005,-0.078364,-0.13257,0.105767,0.06036,-0.132501,0.156256,-0.02139,-0.068684,0.009314,0.204314
0.244607,0.199005,-0.13257,0.105767,0.06036,-0.132501,0.156256,-0.02139,-0.068684,0.009314,0.204314,-0.057371
0.243504,0.199005,0.105767,0.06036,-0.132501,0.156256,-0.02139,-0.068684,0.009314,0.204314,-0.057371,-0.157253
0.243654,0.199005,0.06036,-0.132501,0.156256,-0.02139,-0.068684,0.009314,0.204314,-0.057371,-0.157253,0.072879
0.246938,0.199005,-0.132501,0.156256,-0.02139,-0.068684,0.009314,0.204314,-0.057371,-0.157253,0.072879,-0.065836
0.246018,0.199005,0.156256,-0.02139,-0.068684,0.009314,0.204314,-0.057371,-0.157253,0.072879,-0.065836,0.029462
0.243494,0.199005,-0.02139,-0.068684,0.009314,0.204314,-0.057371,-0.157253,0.072879,-0.065836,0.029462,-0.1412
0.244664,0.199005,-0.068684,0.009314,0.204314,-0.057371,-0.157253,0.072879,-0.065836,0.029462,-0.1412,-0.060214
0.243605,0.199005,0.009314,0.204314,-0.057371,-0.157253,0.072879,-0.065836,0.029462,-0.1412,-0.060214,-0.100582
0.24408,0.199524,0.204314,-0.057371,-0.157253,0.072879,-0.065836,0.029462,-0.1412,-0.060214,-0.100582,0.039344
0.241808,0.199524,-0.057371,-0.157253,0.072879,-0.065836,0.029462,-0.1412,-0.060214,-0.100582,0.039344,0.133376
0.240839,0.199524,-0.157253,0.072879,-0.065836,0.029462,-0.1412,-0.060214,-0.100582,0.039344,0.133376,-0.033165
0.239217,0.199524,0.072879,-0.065836,0.029462,-0.1412,-0.060214,-0.100582,0.039344,0.133376,-0.033165,-0.268543
0.239853,0.199524,-0.065836,0.029462,-0.1412,-0.060214,-0.100582,0.039344,0.133376,-0.033165,-0.268543,0.173319
0.242004,0.199524,0.029462,-0.1412,-0.060214,-0.100582,0.039344,0.133376,-0.033165,-0.268543,0.173319,0.092977
0.24147,0.199524,-0.1412,-0.060214,-0.100582,0.039344,0.133376,-0.033165,-0.268543,0.173319,0.092977,-0.226535
0.237141,0.199524,-0.060214,-0.100582,0.039344,0.133376,-0.033165,-0.268543,0.173319,0.092977,-0.226535,0.160097
0.239938,0.199524,-0.100582,0.039344,0.133376,-0.033165,-0.268543,0.173319,0.092977,-0.226535,0.160097,-0.155248
0.241437,0.199524,0.039344,0.133376,-0.033165,-0.268543,0.173319,0.092977,-0.226535,0.160097,-0.155248,-0.013859
0.237779,0.199524,0.133376,-0.033165,-0.268543,0.173319,0.092977,-0.226535,0.160097,-0.155248,-0.013859,0.036393
0.240363,0.199524,-0.033165,-0.268543,0.173319,0.092977,-0.226535,0.160097,-0.155248,-0.013859,0.036393,0.034687
0.237859,0.199524,-0.268543,0.173319,0.092977,-0.226535,0.160097,-0.155248,-0.013859,0.036393,0.034687,0.023319
0.237635,0.199524,0.173319,0.092977,-0.226535,0.160097,-0.155248,-0.013859,0.036393,0.034687,0.023319,-0.270044
0.238224,0.199524,0.092977,-0.226535,0.160097,-0.155248,-0.013859,0.036393,0.034687,0.023319,-0.270044,0.145821
0.238785,0.199524,-0.226535,0.160097,-0.155248,-0.013859,0.036393,0.034687,0.023319,-0.270044,0.145821,0.068934
0.239161,0.199524,0.160097,-0.155248,-0.013859,0.036393,0.034687,0.023319,-0.270044,0.145821,0.068934,-0.23381
0.234799,0.199524,-0.155248,-0.013859,0.036393,0.034687,0.023319,-0.270044,0.145821,0.068934,-0.23381,0.16448
0.237157,0.199524,-0.013859,0.036393,0.034687,0.023319,-0.270044,0.145821,0.068934,-0.23381,0.16448,-0.160004
0.238272,0.199524,0.036393,0.034687,0.023319,-0.270044,0.145821,0.068934,-0.23381,0.16448,-0.160004,-0.01648
0.234486,0.199524,0.034687,0.023319,-0.270044,0.145821,0.068934,-0.23381,0.16448,-0.160004,-0.01648,0.018818
0.237147,0.199524,0.023319,-0.270044,0.145821,0.068934,-0.23381,0.16448,-0.160004,-0.01648,0.018818,0.21709
0.23456,0.199524,-0.270044,0.145821,0.068934,-0.23381,0.16448,-0.160004,-0.01648,0.018818,0.21709,-0.056864
0.234294,0.199524,0.145821,0.068934,-0.23381,0.16448,-0.160004,-0.01648,0.018818,0.21709,-0.056864,-0.142338
0.234599,0.199524,0.068934,-0.23381,0.16448,-0.160004,-0.01648,0.018818,0.21709,-0.056864,-0.142338,0.089645
0.238114,0.199524,-0.23381,0.16448,-0.160004,-0.01648,0.018818,0.21709,-0.056864,-0.142338,0.089645,0.083658
0.237195,0.199524,0.16448,-0.160004,-0.01648,0.018818,0.21709,-0.056864,-0.142338,0.089645,0.083658,-0.224723
0.234894,0.199524,-0.160004,-0.01648,0.018818,0.21709,-0.056864,-0.142338,0.089645,0.083658,-0.224723,0.137668
0.236344,0.199524,-0.01648,0.018818,0.21709,-0.056864,-0.142338,0.089645,0.083658,-0.224723,0.137668,-0.130276
0.237698,0.199524,0.018818,0.21709,-0.056864,-0.142338,0.089645,0.083658,-0.224723,0.137668,-0.130276,-0.022313
0.234058,0.199524,0.21709,-0.056864,-0.142338,0.089645,0.083658,-0.224723,0.137668,-0.130276,-0.022313,0.033495
0.236286,0.199524,-0.056864,-0.142338,0.089645,0.083658,-0.224723,0.137668,-0.130276,-0.022313,0.033495,0.157831
0.234179,0.199524,-0.142338,0.089645,0.083658,-0.224723,0.137668,-0.130276,-0.022313,0.033495,0.157831,-0.027242
0.233818,0.199524,0.089645,0.083658,-0.224723,0.137668,-0.130276,-0.022313,0.033495,0.157831,-0.027242,-0.136218
0.234361,0.199524,0.083658,-0.224723,0.137668,-0.130276,-0.022313,0.033495,0.157831,-0.027242,-0.136218,0.077747
0.236918,0.198334,-0.224723,0.137668,-0.130276,-0.022313,0.033495,0.157831,-0.027242,-0.136218,0.077747,-0.084039
0.236478,0.198334,0.137668,-0.130276,-0.022313,0.033495,0.157831,-0.027242,-0.136218,0.077747,-0.084039,-0.115229
0.234274,0.198334,-0.130276,-0.022313,0.033495,0.157831,-0.027242,-0.136218,0.077747,-0.084039,-0.115229,0.1546
0.235533,0.198334,-0.022313,0.033495,0.157831,-0.027242,-0.136218,0.077747,-0.084039,-0.115229,0.1546,-0.00341
0.234171,0.198334,0.033495,0.157831,-0.027242,-0.136218,0.077747,-0.084039,-0.115229,0.1546,-0.00341,-0.063524
0.2323,0.198334,0.157831,-0.027242,-0.136218,0.077747,-0.084039,-0.115229,0.1546,-0.00341,-0.063524,0.001274
0.234806,0.198334,-0.027242,-0.136218,0.077747,-0.084039,-0.115229,0.1546,-0.00341,-0.063524,0.001274,0.225455
0.234751,0.198334,-0.136218,0.077747,-0.084039,-0.115229,0.1546,-0.00341,-0.063524,0.001274,0.225455,-0.06864
0.233722,0.198334,0.077747,-0.084039,-0.115229,0.1546,-0.00341,-0.063524,0.001274,0.225455,-0.06864,-0.147933
0.233743,0.198334,-0.084039,-0.115229,0.1546,-0.00341,-0.063524,0.001274,0.225455,-0.06864,-0.147933,0.104235
0.237396,0.198334,-0.115229,0.1546,-0.00341,-0.063524,0.001274,0.225455,-0.06864,-0.147933,0.104235,0.095382
0.236286,0.198334,0.1546,-0.00341,-0.063524,0.001274,0.225455,-0.06864,-0.147933,0.104235,0.095382,-0.11294
0.233893,0.198334,-0.00341,-0.063524,0.001274,0.225455,-0.06864,-0.147933,0.104235,0.095382,-0.11294,0.135217
0.23558,0.198334,-0.063524,0.001274,0.225455,-0.06864,-0.147933,0.104235,0.095382,-0.11294,0.135217,-0.115865
0.237125,0.198334,0.001274,0.225455,-0.06864,-0.147933,0.104235,0.095382,-0.11294,0.135217,-0.115865,-0.12542
0.235295,0.198334,0.225455,-0.06864,-0.147933,0.104235,0.095382,-0.11294,0.135217,-0.115865,-0.12542,-0.03381
0.237483,0.197937,-0.06864,-0.147933,0.104235,0.095382,-0.11294,0.135217,-0.115865,-0.12542,-0.03381,0.13077
0.23561,0.197937,-0.147933,0.104235,0.095382,-0.11294,0.135217,-0.115865,-0.12542,-0.03381,0.13077,-0.024324
0.23358,0.197937,0.104235,0.095382,-0.11294,0.135217,-0.115865,-0.12542,-0.03381,0.13077,-0.024324,-0.267284
0.233031,0.197937,0.095382,-0.11294,0.135217,-0.115865,-0.12542,-0.03381,0.13077,-0.024324,-0.267284,0.176798
0.235153,0.197937,-0.11294,0.135217,-0.115865,-0.12542,-0.03381,0.13077,-0.024324,-0.267284,0.176798,0.100955
0.234759,0.197937,0.135217,-0.115865,-0.12542,-0.03381,0.13077,-0.024324,-0.267284,0.176798,0.100955,-0.132942
0.230426,0.197937,-0.115865,-0.12542,-0.03381,0.13077,-0.024324,-0.267284,0.176798,0.100955,-0.132942,0.15187
0.233294,0.197937,-0.12542,-0.03381,0.13077,-0.024324,-0.267284,0.176798,0.100955,-0.132942,0.15187,-0.021107
0.234932,0.197937,-0.03381,0.13077,-0.024324,-0.267284,0.176798,0.100955,-0.132942,0.15187,-0.021107,-0.040042
0.232775,0.197937,0.13077,-0.024324,-0.267284,0.176798,0.100955,-0.132942,0.15187,-0.021107,-0.040042,0.010018
0.235236,0.197937,-0.024324,-0.267284,0.176798,0.100955,-0.132942,0.15187,-0.021107,-0.040042,0.010018,0.205142
0.234894,0.197937,-0.267284,0.176798,0.100955,-0.132942,0.15187,-0.021107,-0.040042,0.010018,0.205142,-0.083453
0.234246,0.197937,0.176798,0.100955,-0.132942,0.15187,-0.021107,-0.040042,0.010018,0.205142,-0.083453,-0.121463
0.234408,0.197937,0.100955,-0.132942,0.15187,-0.021107,-0.040042,0.010018,0.205142,-0.083453,-0.121463,0.083663
0.237731,0.197937,-0.132942,0.15187,-0.021107,-0.040042,0.010018,0.205142,-0.083453,-0.121463,0.083663,0.0836
0.236382,0.197937,0.15187,-0.021107,-0.040042,0.010018,0.205142,-0.083453,-0.121463,0.083663,0.0836,-0.121762
0.234417,0.197937,-0.021107,-0.040042,0.010018,0.205142,-0.083453,-0.121463,0.083663,0.0836,-0.121762,0.144049
0.235771,0.197937,-0.040042,0.010018,0.205142,-0.083453,-0.121463,0.083663,0.0836,-0.121762,0.144049,-0.041917
0.237125,0.197937,0.010018,0.205142,-0.083453,-0.121463,0.083663,0.0836,-0.121762,0.144049,-0.041917,-0.06692
0.235153,0.197937,0.205142,-0.083453,-0.121463,0.083663,0.0836,-0.121762,0.144049,-0.041917,-0.06692,0.030521
0.237483,0.197937,-0.083453,-0.121463,0.083663,0.0836,-0.121762,0.144049,-0.041917,-0.06692,0.030521,0.215076
0.236805,0.197937,-0.121463,0.083663,0.0836,-0.121762,0.144049,-0.041917,-0.06692,0.030521,0.215076,-0.202219
0.235724,0.197937,0.083663,0.0836,-0.121762,0.144049,-0.041917,-0.06692,0.030521,0.215076,-0.202219,-0.112639
0.236218,0.197937,0.0836,-0.121762,0.144049,-0.041917,-0.06692,0.030521,0.215076,-0.202219,-0.112639,-0.013546
0.239696,0.197937,-0.121762,0.144049,-0.041917,-0.06692,0.030521,0.215076,-0.202219,-0.112639,-0.013546,0.16892
0.23643,0.197937,0.144049,-0.041917,-0.06692,0.030521,0.215076,-0.202219,-0.112639,-0.013546,0.16892,-0.109997
0.234608,0.197937,-0.041917,-0.06692,0.030521,0.215076,-0.202219,-0.112639,-0.013546,0.16892,-0.109997,0.07602
0.234389,0.197937,-0.06692,0.030521,0.215076,-0.202219,-0.112639,-0.013546,0.16892,-0.109997,0.07602,0.032159
0.237125,0.197937,0.030521,0.215076,-0.202219,-0.112639,-0.013546,0.16892,-0.109997,0.07602,0.032159,-0.064027
0.235343,0.197937,0.215076,-0.202219,-0.112639,-0.013546,0.16892,-0.109997,0.07602,0.032159,-0.064027,0.003996
0.236573,0.197937,-0.202219,-0.112639,-0.013546,0.16892,-0.109997,0.07602,0.032159,-0.064027,0.003996,0.200161
0.237093,0.197937,-0.112639,-0.013546,0.16892,-0.109997,0.07602,0.032159,-0.064027,0.003996,0.200161,-0.042078
0.236058,0.197937,-0.013546,0.16892,-0.109997,0.07602,0.032159,-0.064027,0.003996,0.200161,-0.042078,-0.128016
0.236122,0.197937,0.16892,-0.109997,0.07602,0.032159,-0.064027,0.003996,0.200161,-0.042078,-0.128016,0.104752
0.23936,0.197937,-0.109997,0.07602,0.032159,-0.064027,0.003996,0.200161,-0.042078,-0.128016,0.104752,0.077919
0.238681,0.197937,0.07602,0.032159,-0.064027,0.003996,0.200161,-0.042078,-0.128016,0.104752,0.077919,-0.13416
0.236614,0.197937,0.032159,-0.064027,0.003996,0.200161,-0.042078,-0.128016,0.104752,0.077919,-0.13416,0.147994
0.238306,0.197937,-0.064027,0.003996,0.200161,-0.042078,-0.128016,0.104752,0.077919,-0.13416,0.147994,-0.119428
0.239565,0.197937,0.003996,0.200161,-0.042078,-0.128016,0.104752,0.077919,-0.13416,0.147994,-0.119428,-0.123299
0.237396,0.197937,0.200161,-0.042078,-0.128016,0.104752,0.077919,-0.13416,0.147994,-0.119428,-0.123299,-0.043039
0.239786,0.197937,-0.042078,-0.128016,0.104752,0.077919,-0.13416,0.147994,-0.119428,-0.123299,-0.043039,0.247095
0.237859,0.197937,-0.128016,0.104752,0.077919,-0.13416,0.147994,-0.119428,-0.123299,-0.043039,0.247095,-0.050981
0.235867,0.197937,0.104752,0.077919,-0.13416,0.147994,-0.119428,-0.123299,-0.043039,0.247095,-0.050981,-0.160446
0.23517,0.197937,0.077919,-0.13416,0.147994,-0.119428,-0.123299,-0.043039,0.247095,-0.050981,-0.160446,0.137198
0.239168,0.197937,-0.13416,0.147994,-0.119428,-0.123299,-0.043039,0.247095,-0.050981,-0.160446,0.137198,0.080861
0.238345,0.197937,0.147994,-0.119428,-0.123299,-0.043039,0.247095,-0.050981,-0.160446,0.137198,0.080861,-0.116355
0.235754,0.197937,-0.119428,-0.123299,-0.043039,0.247095,-0.050981,-0.160446,0.137198,0.080861,-0.116355,0.13012
0.237971,0.197937,-0.123299,-0.043039,0.247095,-0.050981,-0.160446,0.137198,0.080861,-0.116355,0.13012,-0.027185
0.239277,0.197937,-0.043039,0.247095,-0.050981,-0.160446,0.137198,0.080861,-0.116355,0.13012,-0.027185,-0.028831
0.237396,0.197937,0.247095,-0.050981,-0.160446,0.137198,0.080861,-0.116355,0.13012,-0.027185,-0.028831,0.018581
0.239497,0.197937,-0.050981,-0.160446,0.137198,0.080861,-0.116355,0.13012,-0.027185,-0.028831,0.018581,0.180764
0.239059,0.197571,-0.160446,0.137198,0.080861,-0.116355,0.13012,-0.027185,-0.028831,0.018581,0.180764,-0.069021
0.238594,0.197571,0.137198,0.080861,-0.116355,0.13012,-0.027185,-0.028831,0.018581,0.180764,-0.069021,-0.143473
0.238894,0.197571,0.080861,-0.116355,0.13012,-0.027185,-0.028831,0.018581,0.180764,-0.069021,-0.143473,-0.07912
0.241812,0.197571,-0.116355,0.13012,-0.027185,-0.028831,0.018581,0.180764,-0.069021,-0.143473,-0.07912,0.08373
0.2407,0.197571,0.13012,-0.027185,-0.028831,0.018581,0.180764,-0.069021,-0.143473,-0.07912,0.08373,-0.192756
0.238387,0.197571,-0.027185,-0.028831,0.018581,0.180764,-0.069021,-0.143473,-0.07912,0.08373,-0.192756,0.067149
0.237109,0.197571,-0.028831,0.018581,0.180764,-0.069021,-0.143473,-0.07912,0.08373,-0.192756,0.067149,-0.20969
0.238463,0.197571,0.018581,0.180764,-0.069021,-0.143473,-0.07912,0.08373,-0.192756,0.067149,-0.20969,-0.042671
0.235343,0.197571,0.180764,-0.069021,-0.143473,-0.07912,0.08373,-0.192756,0.067149,-0.20969,-0.042671,0.051059
0.23643,0.197571,-0.069021,-0.143473,-0.07912,0.08373,-0.192756,0.067149,-0.20969,-0.042671,0.051059,0.2074
0.233036,0.197571,-0.143473,-0.07912,0.08373,-0.192756,0.067149,-0.20969,-0.042671,0.051059,0.2074,-0.059718
0.232344,0.197571,-0.07912,0.08373,-0.192756,0.067149,-0.20969,-0.042671,0.051059,0.2074,-0.059718,-0.124187
0.233173,0.197571,0.08373,-0.192756,0.067149,-0.20969,-0.042671,0.051059,0.2074,-0.059718,-0.124187,0.118909
0.236536,0.197571,-0.192756,0.067149,-0.20969,-0.042671,0.051059,0.2074,-0.059718,-0.124187,0.118909,-0.075228
0.23557,0.197571,0.067149,-0.20969,-0.042671,0.051059,0.2074,-0.059718,-0.124187,0.118909,-0.075228,0.004756
0.23356,0.197571,-0.20969,-0.042671,0.051059,0.2074,-0.059718,-0.124187,0.118909,-0.075228,0.004756,-0.053704
0.235485,0.197571,-0.042671,0.051059,0.2074,-0.059718,-0.124187,0.118909,-0.075228,0.004756,-0.053704,0.028912
0.234266,0.197571,0.051059,0.2074,-0.059718,-0.124187,0.118909,-0.075228,0.004756,-0.053704,0.028912,-0.034025
0.234343,0.197571,0.2074,-0.059718,-0.124187,0.118909,-0.075228,0.004756,-0.053704,0.028912,-0.034025,-0.004549
0.233473,0.197571,-0.059718,-0.124187,0.118909,-0.075228,0.004756,-0.053704,0.028912,-0.034025,-0.004549,0.125
0.233941,0.197571,-0.124187,0.118909,-0.075228,0.004756,-0.053704,0.028912,-0.034025,-0.004549,0.125,-0.030213
0.23339,0.197571,0.118909,-0.075228,0.004756,-0.053704,0.028912,-0.034025,-0.004549,0.125,-0.030213,-0.299408
0.233316,0.197571,-0.075228,0.004756,-0.053704,0.028912,-0.034025,-0.004549,0.125,-0.030213,-0.299408,0.191295
0.235343,0.197571,0.004756,-0.053704,0.028912,-0.034025,-0.004549,0.125,-0.030213,-0.299408,0.191295,0.054005
0.234854,0.197571,-0.053704,0.028912,-0.034025,-0.004549,0.125,-0.030213,-0.299408,0.191295,0.054005,-0.100596
0.23,0.197571,0.028912,-0.034025,-0.004549,0.125,-0.030213,-0.299408,0.191295,0.054005,-0.100596,0.148732
0.233104,0.197571,-0.034025,-0.004549,0.125,-0.030213,-0.299408,0.191295,0.054005,-0.100596,0.148732,-0.026976
0.233981,0.197571,-0.004549,0.125,-0.030213,-0.299408,0.191295,0.054005,-0.100596,0.148732,-0.026976,-0.057561
0.232347,0.197571,0.125,-0.030213,-0.299408,0.191295,0.054005,-0.100596,0.148732,-0.026976,-0.057561,0.004228
0.234759,0.197571,-0.030213,-0.299408,0.191295,0.054005,-0.100596,0.148732,-0.026976,-0.057561,0.004228,0.213466
0.234322,0.197571,-0.299408,0.191295,0.054005,-0.100596,0.148732,-0.026976,-0.057561,0.004228,0.213466,-0.059742
0.23339,0.197571,0.191295,0.054005,-0.100596,0.148732,-0.026976,-0.057561,0.004228,0.213466,-0.059742,-0.13606
0.233458,0.197571,0.054005,-0.100596,0.148732,-0.026976,-0.057561,0.004228,0.213466,-0.059742,-0.13606,0.071796
0.236918,0.197937,-0.100596,0.148732,-0.026976,-0.057561,0.004228,0.213466,-0.059742,-0.13606,0.071796,0.104135
0.235952,0.197937,0.148732,-0.026976,-0.057561,0.004228,0.213466,-0.059742,-0.13606,0.071796,0.104135,-0.127506
0.23375,0.197937,-0.026976,-0.057561,0.004228,0.213466,-0.059742,-0.13606,0.071796,0.104135,-0.127506,0.123076
0.234913,0.197937,-0.057561,0.004228,0.213466,-0.059742,-0.13606,0.071796,0.104135,-0.127506,0.123076,-0.012267
0.236599,0.197937,0.004228,0.213466,-0.059742,-0.13606,0.071796,0.104135,-0.127506,0.123076,-0.012267,-0.108033
0.234533,0.197937,0.213466,-0.059742,-0.13606,0.071796,0.104135,-0.127506,0.123076,-0.012267,-0.108033,-0.101292
0.236525,0.197937,-0.059742,-0.13606,0.071796,0.104135,-0.127506,0.123076,-0.012267,-0.108033,-0.101292,0.171919
0.236327,0.197937,-0.13606,0.071796,0.104135,-0.127506,0.123076,-0.012267,-0.108033,-0.101292,0.171919,-0.041999
0.234579,0.197937,0.071796,0.104135,-0.127506,0.123076,-0.012267,-0.108033,-0.101292,0.171919,-0.041999,-0.126977
0.232936,0.197937,0.104135,-0.127506,0.123076,-0.012267,-0.108033,-0.101292,0.171919,-0.041999,-0.126977,0.089356
0.235725,0.197937,-0.127506,0.123076,-0.012267,-0.108033,-0.101292,0.171919,-0.041999,-0.126977,0.089356,-0.072015
0.235045,0.197937,0.123076,-0.012267,-0.108033,-0.101292,0.171919,-0.041999,-0.126977,0.089356,-0.072015,-0.097544
0.232989,0.197937,-0.012267,-0.108033,-0.101292,0.171919,-0.041999,-0.126977,0.089356,-0.072015,-0.097544,0.127868
0.234436,0.197937,-0.108033,-0.101292,0.171919,-0.041999,-0.126977,0.089356,-0.072015,-0.097544,0.127868,-0.006361
0.233268,0.197937,-0.101292,0.171919,-0.041999,-0.126977,0.089356,-0.072015,-0.097544,0.127868,-0.006361,-0.048641
0.231684,0.197937,0.171919,-0.041999,-0.126977,0.089356,-0.072015,-0.097544,0.127868,-0.006361,-0.048641,0.039368
0.233758,0.197693,-0.041999,-0.126977,0.089356,-0.072015,-0.097544,0.127868,-0.006361,-0.048641,0.039368,0.192831
0.233655,0.197693,-0.126977,0.089356,-0.072015,-0.097544,0.127868,-0.006361,-0.048641,0.039368,0.192831,-0.053824
0.232867,0.197693,0.089356,-0.072015,-0.097544,0.127868,-0.006361,-0.048641,0.039368,0.192831,-0.053824,-0.118357
0.233506,0.197693,-0.072015,-0.097544,0.127868,-0.006361,-0.048641,0.039368,0.192831,-0.053824,-0.118357,0.089483
0.236631,0.197693,-0.097544,0.127868,-0.006361,-0.048641,0.039368,0.192831,-0.053824,-0.118357,0.089483,0.098297
0.235761,0.197693,0.127868,-0.006361,-0.048641,0.039368,0.192831,-0.053824,-0.118357,0.089483,0.098297,-0.121708
0.233846,0.197693,-0.006361,-0.048641,0.039368,0.192831,-0.053824,-0.118357,0.089483,0.098297,-0.121708,0.14098
0.235294,0.197693,-0.048641,0.039368,0.192831,-0.053824,-0.118357,0.089483,0.098297,-0.121708,0.14098,-0.062598
0.236886,0.197693,0.039368,0.192831,-0.053824,-0.118357,0.089483,0.098297,-0.121708,0.14098,-0.062598,-0.063834
0.234914,0.197693,0.192831,-0.053824,-0.118357,0.089483,0.098297,-0.121708,0.14098,-0.062598,-0.063834,0.027588
0.237195,0.197693,-0.053824,-0.118357,0.089483,0.098297,-0.121708,0.14098,-0.062598,-0.063834,0.027588,0.202846
0.236184,0.197693,-0.118357,0.089483,0.098297,-0.121708,0.14098,-0.062598,-0.063834,0.027588,0.202846,-0.089523
0.235151,0.197693,0.089483,0.098297,-0.121708,0.14098,-0.062598,-0.063834,0.027588,0.202846,-0.089523,-0.160112
0.235598,0.197693,0.098297,-0.121708,0.14098,-0.062598,-0.063834,0.027588,0.202846,-0.089523,-0.160112,-0.040035
0.23888,0.197693,-0.121708,0.14098,-0.062598,-0.063834,0.027588,0.202846,-0.089523,-0.160112,-0.040035,0.068734
0.237435,0.197693,0.14098,-0.062598,-0.063834,0.027588,0.202846,-0.089523,-0.160112,-0.040035,0.068734,-0.074462
0.234847,0.197693,-0.062598,-0.063834,0.027588,0.202846,-0.089523,-0.160112,-0.040035,0.068734,-0.074462,0.114055
0.234198,0.197693,-0.063834,0.027588,0.202846,-0.089523,-0.160112,-0.040035,0.068734,-0.074462,0.114055,-0.088967
0.235312,0.197693,0.027588,0.202846,-0.089523,-0.160112,-0.040035,0.068734,-0.074462,0.114055,-0.088967,-0.10159
0.234105,0.197693,0.202846,-0.089523,-0.160112,-0.040035,0.068734,-0.074462,0.114055,-0.088967,-0.10159,-0.048266
0.235952,0.197693,-0.089523,-0.160112,-0.040035,0.068734,-0.074462,0.114055,-0.088967,-0.10159,-0.048266,0.121615
0.234513,0.197693,-0.160112,-0.040035,0.068734,-0.074462,0.114055,-0.088967,-0.10159,-0.048266,0.121615,-0.033158
0.232867,0.197693,-0.040035,0.068734,-0.074462,0.114055,-0.088967,-0.10159,-0.048266,0.121615,-0.033158,-0.263591
0.232083,0.197693,0.068734,-0.074462,0.114055,-0.088967,-0.10159,-0.048266,0.121615,-0.033158,-0.263591,0.202693
0.234058,0.197693,-0.074462,0.114055,-0.088967,-0.10159,-0.048266,0.121615,-0.033158,-0.263591,0.202693,0.068616
0.23352,0.197693,0.114055,-0.088967,-0.10159,-0.048266,0.121615,-0.033158,-0.263591,0.202693,0.068616,-0.115115
0.229243,0.197693,-0.088967,-0.10159,-0.048266,0.121615,-0.033158,-0.263591,0.202693,0.068616,-0.115115,0.157308
0.232534,0.197693,-0.10159,-0.048266,0.121615,-0.033158,-0.263591,0.202693,0.068616,-0.115115,0.157308,-0.026961
0.233648,0.197693,-0.048266,0.121615,-0.033158,-0.263591,0.202693,0.068616,-0.115115,0.157308,-0.026961,-0.057471
0.231778,0.197693,0.121615,-0.033158,-0.263591,0.202693,0.068616,-0.115115,0.157308,-0.026961,-0.057471,0.036437
0.23433,0.197693,-0.033158,-0.263591,0.202693,0.068616,-0.115115,0.157308,-0.026961,-0.057471,0.036437,0.207614
0.233893,0.197693,-0.263591,0.202693,0.068616,-0.115115,0.157308,-0.026961,-0.057471,0.036437,0.207614,-0.10105
0.232962,0.197693,0.202693,0.068616,-0.115115,0.157308,-0.026961,-0.057471,0.036437,0.207614,-0.10105,-0.127036
0.233553,0.197693,0.068616,-0.115115,0.157308,-0.026961,-0.057471,0.036437,0.207614,-0.10105,-0.127036,0.104103
0.236918,0.197693,-0.115115,0.157308,-0.026961,-0.057471,0.036437,0.207614,-0.10105,-0.127036,0.104103,0.080561
0.235283,0.197693,0.157308,-0.026961,-0.057471,0.036437,0.207614,-0.10105,-0.127036,0.104103,0.080561,-0.115682
0.233227,0.197937,-0.026961,-0.057471,0.036437,0.207614,-0.10105,-0.127036,0.104103,0.080561,-0.115682,0.025663
0.234913,0.197937,-0.057471,0.036437,0.207614,-0.10105,-0.127036,0.104103,0.080561,-0.115682,0.025663,-0.082863
0.236218,0.197937,0.036437,0.207614,-0.10105,-0.127036,0.104103,0.080561,-0.115682,0.025663,-0.082863,-0.107096
0.234343,0.197937,0.207614,-0.10105,-0.127036,0.104103,0.080561,-0.115682,0.025663,-0.082863,-0.107096,0.059802
0.234759,0.197937,-0.10105,-0.127036,0.104103,0.080561,-0.115682,0.025663,-0.082863,-0.107096,0.059802,0.204167
0.233417,0.197937,-0.127036,0.104103,0.080561,-0.115682,0.025663,-0.082863,-0.107096,0.059802,0.204167,-0.086187
0.23168,0.197937,0.104103,0.080561,-0.115682,0.025663,-0.082863,-0.107096,0.059802,0.204167,-0.086187,-0.100433
0.232652,0.197937,0.080561,-0.115682,0.025663,-0.082863,-0.107096,0.059802,0.204167,-0.086187,-0.100433,0.124657
0.235963,0.197937,-0.115682,0.025663,-0.082863,-0.107096,0.059802,0.204167,-0.086187,-0.100433,0.124657,0.045243
0.234568,0.197937,0.025663,-0.082863,-0.107096,0.059802,0.204167,-0.086187,-0.100433,0.124657,0.045243,-0.118496
0.232941,0.197937,-0.082863,-0.107096,0.059802,0.204167,-0.086187,-0.100433,0.124657,0.045243,-0.118496,0.152315
0.234961,0.197937,-0.107096,0.059802,0.204167,-0.086187,-0.100433,0.124657,0.045243,-0.118496,0.152315,-0.032952
0.235694,0.197937,0.059802,0.204167,-0.086187,-0.100433,0.124657,0.045243,-0.118496,0.152315,-0.032952,-0.051955
0.233772,0.197937,0.204167,-0.086187,-0.100433,0.124657,0.045243,-0.118496,0.152315,-0.032952,-0.051955,0.018787
0.236239,0.197937,-0.086187,-0.100433,0.124657,0.045243,-0.118496,0.152315,-0.032952,-0.051955,0.018787,0.202605
0.235706,0.197937,-0.100433,0.124657,0.045243,-0.118496,0.152315,-0.032952,-0.051955,0.018787,0.202605,-0.059841
0.234865,0.197937,0.124657,0.045243,-0.118496,0.152315,-0.032952,-0.051955,0.018787,0.202605,-0.059841,-0.171921
0.23517,0.197937,0.045243,-0.118496,0.152315,-0.032952,-0.051955,0.018787,0.202605,-0.059841,-0.171921,-0.072321
0.238449,0.197937,-0.118496,0.152315,-0.032952,-0.051955,0.018787,0.202605,-0.059841,-0.171921,-0.072321,-0.092179
0.237483,0.197937,0.152315,-0.032952,-0.051955,0.018787,0.202605,-0.059841,-0.171921,-0.072321,-0.092179,0.051331
0.234703,0.197937,-0.032952,-0.051955,0.018787,0.202605,-0.059841,-0.171921,-0.072321,-0.092179,0.051331,-0.056558
0.233532,0.197937,-0.051955,0.018787,0.202605,-0.059841,-0.171921,-0.072321,-0.092179,0.051331,-0.056558,0.019983
0.232036,0.197937,0.018787,0.202605,-0.059841,-0.171921,-0.072321,-0.092179,0.051331,-0.056558,0.019983,-0.019163
0.232869,0.197937,0.202605,-0.059841,-0.171921,-0.072321,-0.092179,0.051331,-0.056558,0.019983,-0.019163,-0.004393
0.231952,0.197937,-0.059841,-0.171921,-0.072321,-0.092179,0.051331,-0.056558,0.019983,-0.019163,-0.004393,0.239041
0.232276,0.197937,-0.171921,-0.072321,-0.092179,0.051331,-0.056558,0.019983,-0.019163,-0.004393,0.239041,-0.209392
0.231965,0.197937,-0.072321,-0.092179,0.051331,-0.056558,0.019983,-0.019163,-0.004393,0.239041,-0.209392,-0.094119
0.231894,0.197937,-0.092179,0.051331,-0.056558,0.019983,-0.019163,-0.004393,0.239041,-0.209392,-0.094119,-0.004435
0.235772,0.197937,0.051331,-0.056558,0.019983,-0.019163,-0.004393,0.239041,-0.209392,-0.094119,-0.004435,0.132703
0.232379,0.197937,-0.056558,0.019983,-0.019163,-0.004393,0.239041,-0.209392,-0.094119,-0.004435,0.132703,-0.088747
0.230852,0.197937,0.019983,-0.019163,-0.004393,0.239041,-0.209392,-0.094119,-0.004435,0.132703,-0.088747,0.098452
0.23078,0.197937,-0.019163,-0.004393,0.239041,-0.209392,-0.094119,-0.004435,0.132703,-0.088747,0.098452,-0.050351
0.232936,0.197937,-0.004393,0.239041,-0.209392,-0.094119,-0.004435,0.132703,-0.088747,0.098452,-0.050351,-0.13002
0.231494,0.197937,0.239041,-0.209392,-0.094119,-0.004435,0.132703,-0.088747,0.098452,-0.050351,-0.13002,-0.076643
0.233092,0.197937,-0.209392,-0.094119,-0.004435,0.132703,-0.088747,0.098452,-0.050351,-0.13002,-0.076643,0.27516
0.232276,0.197937,-0.094119,-0.004435,0.132703,-0.088747,0.098452,-0.050351,-0.13002,-0.076643,0.27516,-0.065369
0.230165,0.197937,-0.004435,0.132703,-0.088747,0.098452,-0.050351,-0.13002,-0.076643,0.27516,-0.065369,-0.117452
0.228917,0.197937,0.132703,-0.088747,0.098452,-0.050351,-0.13002,-0.076643,0.27516,-0.065369,-0.117452,0.121136
0.233392,0.197937,-0.088747,0.098452,-0.050351,-0.13002,-0.076643,0.27516,-0.065369,-0.117452,0.121136,0.065679
0.232332,0.197937,0.098452,-0.050351,-0.13002,-0.076643,0.27516,-0.065369,-0.117452,0.121136,0.065679,-0.091745
0.230426,0.197937,-0.050351,-0.13002,-0.076643,0.27516,-0.065369,-0.117452,0.121136,0.065679,-0.091745,0.127983
0.232392,0.197937,-0.13002,-0.076643,0.27516,-0.065369,-0.117452,0.121136,0.065679,-0.091745,0.127983,-0.035767
0.233458,0.197937,-0.076643,0.27516,-0.065369,-0.117452,0.121136,0.065679,-0.091745,0.127983,-0.035767,-0.05446
0.231968,0.197937,0.27516,-0.065369,-0.117452,0.121136,0.065679,-0.091745,0.127983,-0.035767,-0.05446,0.039369
0.234044,0.197937,-0.065369,-0.117452,0.121136,0.065679,-0.091745,0.127983,-0.035767,-0.05446,0.039369,0.180892
0.233465,0.197937,-0.117452,0.121136,0.065679,-0.091745,0.127983,-0.035767,-0.05446,0.039369,0.180892,-0.077376
0.232582,0.197937,0.121136,0.065679,-0.091745,0.127983,-0.035767,-0.05446,0.039369,0.180892,-0.077376,-0.135728
0.233221,0.197937,0.065679,-0.091745,0.127983,-0.035767,-0.05446,0.039369,0.180892,-0.077376,-0.135728,0.127544
0.236154,0.197937,-0.091745,0.127983,-0.035767,-0.05446,0.039369,0.180892,-0.077376,-0.135728,0.127544,0.074661
0.234902,0.198486,0.127983,-0.035767,-0.05446,0.039369,0.180892,-0.077376,-0.135728,0.127544,0.074661,-0.218058
0.232704,0.198486,-0.035767,-0.05446,0.039369,0.180892,-0.077376,-0.135728,0.127544,0.074661,-0.218058,0.034193
0.23477,0.198486,-0.05446,0.039369,0.180892,-0.077376,-0.135728,0.127544,0.074661,-0.218058,0.034193,-0.181819
0.235979,0.198486,0.039369,0.180892,-0.077376,-0.135728,0.127544,0.074661,-0.218058,0.034193,-0.181819,-0.056701
0.232442,0.198486,0.180892,-0.077376,-0.135728,0.127544,0.074661,-0.218058,0.034193,-0.181819,-0.056701,0.080003
0.232997,0.198486,-0.077376,-0.135728,0.127544,0.074661,-0.218058,0.034193,-0.181819,-0.056701,0.080003,0.170717
0.230047,0.198486,-0.135728,0.127544,0.074661,-0.218058,0.034193,-0.181819,-0.056701,0.080003,0.170717,-0.039009
0.229125,0.198486,0.127544,0.074661,-0.218058,0.034193,-0.181819,-0.056701,0.080003,0.170717,-0.039009,-0.102918
0.230427,0.198486,0.074661,-0.218058,0.034193,-0.181819,-0.056701,0.080003,0.170717,-0.039009,-0.102918,0.097805
0.233202,0.198486,-0.218058,0.034193,-0.181819,-0.056701,0.080003,0.170717,-0.039009,-0.102918,0.097805,0.086187
0.232569,0.198486,0.034193,-0.181819,-0.056701,0.080003,0.170717,-0.039009,-0.102918,0.097805,0.086187,-0.115168
0.2309,0.198486,-0.181819,-0.056701,0.080003,0.170717,-0.039009,-0.102918,0.097805,0.086187,-0.115168,0.051694
0.232487,0.198486,-0.056701,0.080003,0.170717,-0.039009,-0.102918,0.097805,0.086187,-0.115168,0.051694,-0.094216
0.233886,0.198486,0.080003,0.170717,-0.039009,-0.102918,0.097805,0.086187,-0.115168,0.051694,-0.094216,-0.109328
0.232016,0.198486,0.170717,-0.039009,-0.102918,0.097805,0.086187,-0.115168,0.051694,-0.094216,-0.109328,0.039372
0.232854,0.198486,-0.039009,-0.102918,0.097805,0.086187,-0.115168,0.051694,-0.094216,-0.109328,0.039372,0.237954
0.231326,0.197937,-0.102918,0.097805,0.086187,-0.115168,0.051694,-0.094216,-0.109328,0.039372,0.237954,-0.091793
0.22955,0.197937,0.097805,0.086187,-0.115168,0.051694,-0.094216,-0.109328,0.039372,0.237954,-0.091793,-0.123349
0.230191,0.197937,0.086187,-0.115168,0.051694,-0.094216,-0.109328,0.039372,0.237954,-0.091793,-0.123349,0.112384
0.234058,0.197937,-0.115168,0.051694,-0.094216,-0.109328,0.039372,0.237954,-0.091793,-0.123349,0.112384,0.077381
0.232569,0.197937,0.051694,-0.094216,-0.109328,0.039372,0.237954,-0.091793,-0.123349,0.112384,0.077381,-0.120939
0.230568,0.197937,-0.094216,-0.109328,0.039372,0.237954,-0.091793,-0.123349,0.112384,0.077381,-0.120939,0.1308
0.232392,0.197937,-0.109328,0.039372,0.237954,-0.091793,-0.123349,0.112384,0.077381,-0.120939,0.1308,-0.012235
0.233648,0.197937,0.039372,0.237954,-0.091793,-0.123349,0.112384,0.077381,-0.120939,0.1308,-0.012235,-0.10131
0.231684,0.197937,0.237954,-0.091793,-0.123349,0.112384,0.077381,-0.120939,0.1308,-0.012235,-0.10131,-0.103299
0.233806,0.197937,-0.091793,-0.123349,0.112384,0.077381,-0.120939,0.1308,-0.012235,-0.10131,-0.103299,0.150185
0.233608,0.197937,-0.123349,0.112384,0.077381,-0.120939,0.1308,-0.012235,-0.10131,-0.103299,0.150185,-0.024377
0.231965,0.197937,0.112384,0.077381,-0.120939,0.1308,-0.012235,-0.10131,-0.103299,0.150185,-0.024377,-0.097023
0.230286,0.197937,0.077381,-0.120939,0.1308,-0.012235,-0.10131,-0.103299,0.150185,-0.024377,-0.097023,0.10656
0.232727,0.197937,-0.120939,0.1308,-0.012235,-0.10131,-0.103299,0.150185,-0.024377,-0.097023,0.10656,-0.07439
0.232332,0.197937,0.1308,-0.012235,-0.10131,-0.103299,0.150185,-0.024377,-0.097023,0.10656,-0.07439,0.007458
0.230757,0.197937,-0.012235,-0.10131,-0.103299,0.150185,-0.024377,-0.097023,0.10656,-0.07439,0.007458,-0.065203
0.232487,0.197937,-0.10131,-0.103299,0.150185,-0.024377,-0.097023,0.10656,-0.07439,0.007458,-0.065203,0.037381
0.231278,0.197937,-0.103299,0.150185,-0.024377,-0.097023,0.10656,-0.07439,0.007458,-0.065203,0.037381,-0.036507
0.231399,0.197937,0.150185,-0.024377,-0.097023,0.10656,-0.07439,0.007458,-0.065203,0.037381,-0.036507,-0.004212
0.23034,0.197937,-0.024377,-0.097023,0.10656,-0.07439,0.007458,-0.065203,0.037381,-0.036507,-0.004212,0.252677
0.230947,0.197937,-0.097023,0.10656,-0.07439,0.007458,-0.065203,0.037381,-0.036507,-0.004212,0.252677,-0.062511
0.230354,0.197937,0.10656,-0.07439,0.007458,-0.065203,0.037381,-0.036507,-0.004212,0.252677,-0.062511,-0.141107
0.230286,0.197937,-0.07439,0.007458,-0.065203,0.037381,-0.036507,-0.004212,0.252677,-0.062511,-0.141107,0.09784
0.234391,0.197937,0.007458,-0.065203,0.037381,-0.036507,-0.004212,0.252677,-0.062511,-0.141107,0.09784,0.10379
0.233377,0.197937,-0.065203,0.037381,-0.036507,-0.004212,0.252677,-0.062511,-0.141107,0.09784,0.10379,-0.106509
0.231089,0.197937,0.037381,-0.036507,-0.004212,0.252677,-0.062511,-0.141107,0.09784,0.10379,-0.106509,0.11941
0.232677,0.197937,-0.036507,-0.004212,0.252677,-0.062511,-0.141107,0.09784,0.10379,-0.106509,0.11941,-0.029907
0.234361,0.197937,-0.004212,0.252677,-0.062511,-0.141107,0.09784,0.10379,-0.106509,0.11941,-0.029907,-0.063374
0.232632,0.197937,0.252677,-0.062511,-0.141107,0.09784,0.10379,-0.106509,0.11941,-0.029907,-0.063374,0.03351
0.234568,0.197937,-0.062511,-0.141107,0.09784,0.10379,-0.106509,0.11941,-0.029907,-0.063374,0.03351,0.186979
0.234084,0.197937,-0.141107,0.09784,0.10379,-0.106509,0.11941,-0.029907,-0.063374,0.03351,0.186979,-0.065626
0.233057,0.197937,0.09784,0.10379,-0.106509,0.11941,-0.029907,-0.063374,0.03351,0.186979,-0.065626,-0.130065
0.233601,0.197937,0.10379,-0.106509,0.11941,-0.029907,-0.063374,0.03351,0.186979,-0.065626,-0.130065,0.101207
0.236631,0.197937,-0.106509,0.11941,-0.029907,-0.063374,0.03351,0.186979,-0.065626,-0.130065,0.101207,0.074686
0.23557,0.198486,0.11941,-0.029907,-0.063374,0.03351,0.186979,-0.065626,-0.130065,0.101207,0.074686,-0.106894
0.233465,0.198486,-0.029907,-0.063374,0.03351,0.186979,-0.065626,-0.130065,0.101207,0.074686,-0.106894,0.120137
0.235104,0.198486,-0.063374,0.03351,0.186979,-0.065626,-0.130065,0.101207,0.074686,-0.106894,0.120137,-0.000428
0.236313,0.198486,0.03351,0.186979,-0.065626,-0.130065,0.101207,0.074686,-0.106894,0.120137,-0.000428,-0.052104
0.234581,0.198486,0.186979,-0.065626,-0.130065,0.101207,0.074686,-0.106894,0.120137,-0.000428,-0.052104,0.012849
0.236525,0.198486,-0.065626,-0.130065,0.101207,0.074686,-0.106894,0.120137,-0.000428,-0.052104,0.012849,0.197071
0.236518,0.198486,-0.130065,0.101207,0.074686,-0.106894,0.120137,-0.000428,-0.052104,0.012849,0.197071,-0.062854
0.235676,0.198486,0.101207,0.074686,-0.106894,0.120137,-0.000428,-0.052104,0.012849,0.197071,-0.062854,-0.13375
0.235884,0.198486,0.074686,-0.106894,0.120137,-0.000428,-0.052104,0.012849,0.197071,-0.062854,-0.13375,0.098685
0.239072,0.198486,-0.106894,0.120137,-0.000428,-0.052104,0.012849,0.197071,-0.062854,-0.13375,0.098685,-0.09641
0.238057,0.198486,0.120137,-0.000428,-0.052104,0.012849,0.197071,-0.062854,-0.13375,0.098685,-0.09641,0.034357
0.235897,0.198486,-0.000428,-0.052104,0.012849,0.197071,-0.062854,-0.13375,0.098685,-0.09641,0.034357,-0.053813
0.237492,0.198486,-0.052104,0.012849,0.197071,-0.062854,-0.13375,0.098685,-0.09641,0.034357,-0.053813,-0.062398
0.235932,0.198486,0.012849,0.197071,-0.062854,-0.13375,0.098685,-0.09641,0.034357,-0.053813,-0.062398,-0.089895
0.236488,0.198486,0.197071,-0.062854,-0.13375,0.098685,-0.09641,0.034357,-0.053813,-0.062398,-0.089895,-0.103714
0.235618,0.198486,-0.062854,-0.13375,0.098685,-0.09641,0.034357,-0.053813,-0.062398,-0.089895,-0.103714,0.321261
0.234608,0.198486,-0.13375,0.098685,-0.09641,0.034357,-0.053813,-0.062398,-0.089895,-0.103714,0.321261,-0.086277
0.233152,0.198486,0.098685,-0.09641,0.034357,-0.053813,-0.062398,-0.089895,-0.103714,0.321261,-0.086277,-0.159321
0.231467,0.198486,-0.09641,0.034357,-0.053813,-0.062398,-0.089895,-0.103714,0.321261,-0.086277,-0.159321,0.151105
0.236679,0.199005,0.034357,-0.053813,-0.062398,-0.089895,-0.103714,0.321261,-0.086277,-0.159321,0.151105,0.048185
0.235283,0.199005,-0.053813,-0.062398,-0.089895,-0.103714,0.321261,-0.086277,-0.159321,0.151105,0.048185,-0.100955
0.232704,0.199005,-0.062398,-0.089895,-0.103714,0.321261,-0.086277,-0.159321,0.151105,0.048185,-0.100955,0.152555
0.235151,0.199005,-0.089895,-0.103714,0.321261,-0.086277,-0.159321,0.151105,0.048185,-0.100955,0.152555,-0.062546
0.235932,0.199005,-0.103714,0.321261,-0.086277,-0.159321,0.151105,0.048185,-0.100955,0.152555,-0.062546,-0.022502
0.234295,0.199005,0.321261,-0.086277,-0.159321,0.151105,0.048185,-0.100955,0.152555,-0.062546,-0.022502,0.024648
0.236764,0.199005,-0.086277,-0.159321,0.151105,0.048185,-0.100955,0.152555,-0.062546,-0.022502,0.024648,0.054981
0.235754,0.199005,-0.159321,0.151105,0.048185,-0.100955,0.152555,-0.062546,-0.022502,0.024648,0.054981,-0.009511
0.23539,0.199005,0.151105,0.048185,-0.100955,0.152555,-0.062546,-0.022502,0.024648,0.054981,-0.009511,-0.256671
0.235789,0.199005,0.048185,-0.100955,0.152555,-0.062546,-0.022502,0.024648,0.054981,-0.009511,-0.256671,0.153946
0.236679,0.199005,-0.100955,0.152555,-0.062546,-0.022502,0.024648,0.054981,-0.009511,-0.256671,0.153946,0.071726
0.236525,0.199005,0.152555,-0.062546,-0.022502,0.024648,0.054981,-0.009511,-0.256671,0.153946,0.071726,-0.124438
0.232371,0.199005,-0.062546,-0.022502,0.024648,0.054981,-0.009511,-0.256671,0.153946,0.071726,-0.124438,0.152425
0.234865,0.199005,-0.022502,0.024648,0.054981,-0.009511,-0.256671,0.153946,0.071726,-0.124438,0.152425,-0.074316
0.236027,0.199005,0.024648,0.054981,-0.009511,-0.256671,0.153946,0.071726,-0.124438,0.152425,-0.074316,-0.189741
0.23401,0.199005,0.054981,-0.009511,-0.256671,0.153946,0.071726,-0.124438,0.152425,-0.074316,-0.189741,-0.027732
0.236478,0.199005,-0.009511,-0.256671,0.153946,0.071726,-0.124438,0.152425,-0.074316,-0.189741,-0.027732,0.142011
0.235276,0.199005,-0.256671,0.153946,0.071726,-0.124438,0.152425,-0.074316,-0.189741,-0.027732,0.142011,-0.138603
0.232202,0.199005,0.153946,0.071726,-0.124438,0.152425,-0.074316,-0.189741,-0.027732,0.142011,-0.138603,-0.248055
0.231752,0.199005,0.071726,-0.124438,0.152425,-0.074316,-0.189741,-0.027732,0.142011,-0.138603,-0.248055,0.024734
0.234058,0.199005,-0.124438,0.152425,-0.074316,-0.189741,-0.027732,0.142011,-0.138603,-0.248055,0.024734,0.181526
0.231809,0.199005,0.152425,-0.074316,-0.189741,-0.027732,0.142011,-0.138603,-0.248055,0.024734,0.181526,-0.21579
0.227779,0.199005,-0.074316,-0.189741,-0.027732,0.142011,-0.138603,-0.248055,0.024734,0.181526,-0.21579,0.100133
0.228182,0.199005,-0.189741,-0.027732,0.142011,-0.138603,-0.248055,0.024734,0.181526,-0.21579,0.100133,-0.165806
0.231136,0.199005,-0.027732,0.142011,-0.138603,-0.248055,0.024734,0.181526,-0.21579,0.100133,-0.165806,-0.073265
0.227622,0.199005,0.142011,-0.138603,-0.248055,0.024734,0.181526,-0.21579,0.100133,-0.165806,-0.073265,-0.01802
0.229252,0.199005,-0.138603,-0.248055,0.024734,0.181526,-0.21579,0.100133,-0.165806,-0.073265,-0.01802,0.220206
0.226554,0.199005,-0.248055,0.024734,0.181526,-0.21579,0.100133,-0.165806,-0.073265,-0.01802,0.220206,-0.05631
0.22536,0.199005,0.024734,0.181526,-0.21579,0.100133,-0.165806,-0.073265,-0.01802,0.220206,-0.05631,-0.113355
0.225065,0.199005,0.181526,-0.21579,0.100133,-0.165806,-0.073265,-0.01802,0.220206,-0.05631,-0.113355,0.12876
0.228659,0.199005,-0.21579,0.100133,-0.165806,-0.073265,-0.01802,0.220206,-0.05631,-0.113355,0.12876,0.05673
0.227742,0.199005,0.100133,-0.165806,-0.073265,-0.01802,0.220206,-0.05631,-0.113355,0.12876,0.05673,-0.093896
0.225896,0.199005,-0.165806,-0.073265,-0.01802,0.220206,-0.05631,-0.113355,0.12876,0.05673,-0.093896,0.126197
0.227993,0.199005,-0.073265,-0.01802,0.220206,-0.05631,-0.113355,0.12876,0.05673,-0.093896,0.126197,0.016892
0.228917,0.196655,-0.01802,0.220206,-0.05631,-0.113355,0.12876,0.05673,-0.093896,0.126197,0.016892,-0.059533
0.227387,0.196655,0.220206,-0.05631,-0.113355,0.12876,0.05673,-0.093896,0.126197,0.016892,-0.059533,0.013316
0.229441,0.196655,-0.05631,-0.113355,0.12876,0.05673,-0.093896,0.126197,0.016892,-0.059533,0.013316,0.20795
0.229716,0.196655,-0.113355,0.12876,0.05673,-0.093896,0.126197,0.016892,-0.059533,0.013316,0.20795,-0.068205
0.228748,0.196655,0.12876,0.05673,-0.093896,0.126197,0.016892,-0.059533,0.013316,0.20795,-0.068205,-0.140426
0.228965,0.196655,0.05673,-0.093896,0.126197,0.016892,-0.059533,0.013316,0.20795,-0.068205,-0.140426,0.103297
0.232347,0.196655,-0.093896,0.126197,0.016892,-0.059533,0.013316,0.20795,-0.068205,-0.140426,0.103297,0.091814
0.23124,0.196655,0.126197,0.016892,-0.059533,0.013316,0.20795,-0.068205,-0.140426,0.103297,0.091814,-0.12059
0.228959,0.196655,0.016892,-0.059533,0.013316,0.20795,-0.068205,-0.140426,0.103297,0.091814,-0.12059,0.124351
0.230638,0.196655,-0.059533,0.013316,0.20795,-0.068205,-0.140426,0.103297,0.091814,-0.12059,0.124351,-0.029794
0.23213,0.196655,0.013316,0.20795,-0.068205,-0.140426,0.103297,0.091814,-0.12059,0.124351,-0.029794,-0.065777
0.230169,0.196655,0.20795,-0.068205,-0.140426,0.103297,0.091814,-0.12059,0.124351,-0.029794,-0.065777,0.013192
0.232189,0.196655,-0.068205,-0.140426,0.103297,0.091814,-0.12059,0.124351,-0.029794,-0.065777,0.013192,0.203162
0.231706,0.196655,-0.140426,0.103297,0.091814,-0.12059,0.124351,-0.029794,-0.065777,0.013192,0.203162,-0.083016
0.230638,0.196655,0.103297,0.091814,-0.12059,0.124351,-0.029794,-0.065777,0.013192,0.203162,-0.083016,-0.111737
0.230853,0.196655,0.091814,-0.12059,0.124351,-0.029794,-0.065777,0.013192,0.203162,-0.083016,-0.111737,0.100753
0.234153,0.196655,-0.12059,0.124351,-0.029794,-0.065777,0.013192,0.203162,-0.083016,-0.111737,0.100753,0.062768
0.232807,0.196381,0.124351,-0.029794,-0.065777,0.013192,0.203162,-0.083016,-0.111737,0.100753,0.062768,-0.115115
0.230994,0.196381,-0.029794,-0.065777,0.013192,0.203162,-0.083016,-0.111737,0.100753,0.062768,-0.115115,0.145545
0.232629,0.196381,-0.065777,0.013192,0.203162,-0.083016,-0.111737,0.100753,0.062768,-0.115115,0.145545,-0.050459
0.233648,0.196381,0.013192,0.203162,-0.083016,-0.111737,0.100753,0.062768,-0.115115,0.145545,-0.050459,-0.033938
0.231778,0.196381,0.203162,-0.083016,-0.111737,0.100753,0.062768,-0.115115,0.145545,-0.050459,-0.033938,0.010131
0.234139,0.196381,-0.083016,-0.111737,0.100753,0.062768,-0.115115,0.145545,-0.050459,-0.033938,0.010131,0.207269
0.233322,0.196381,-0.111737,0.100753,0.062768,-0.115115,0.145545,-0.050459,-0.033938,0.010131,0.207269,-0.065598
0.232772,0.196381,0.100753,0.062768,-0.115115,0.145545,-0.050459,-0.033938,0.010131,0.207269,-0.065598,-0.124093
0.232936,0.196381,0.062768,-0.115115,0.145545,-0.050459,-0.033938,0.010131,0.207269,-0.065598,-0.124093,0.080556
0.236297,0.196381,-0.115115,0.145545,-0.050459,-0.033938,0.010131,0.207269,-0.065598,-0.124093,0.080556,0.083466
0.235236,0.196381,0.145545,-0.050459,-0.033938,0.010131,0.207269,-0.065598,-0.124093,0.080556,0.083466,-0.112671
0.233227,0.196381,-0.050459,-0.033938,0.010131,0.207269,-0.065598,-0.124093,0.080556,0.083466,-0.112671,0.137668
0.234532,0.196381,-0.033938,0.010131,0.207269,-0.065598,-0.124093,0.080556,0.083466,-0.112671,0.137668,-0.04477
0.235884,0.196381,0.010131,0.207269,-0.065598,-0.124093,0.080556,0.083466,-0.112671,0.137668,-0.04477,-0.051933
0.234058,0.196381,0.207269,-0.065598,-0.124093,0.080556,0.083466,-0.112671,0.137668,-0.04477,-0.051933,0.0188
0.236286,0.196381,-0.065598,-0.124093,0.080556,0.083466,-0.112671,0.137668,-0.04477,-0.051933,0.0188,0.193637
0.235563,0.196381,-0.124093,0.080556,0.083466,-0.112671,0.137668,-0.04477,-0.051933,0.0188,0.193637,-0.086466
0.234722,0.196381,0.080556,0.083466,-0.112671,0.137668,-0.04477,-0.051933,0.0188,0.193637,-0.086466,-0.112725
0.235027,0.196381,0.083466,-0.112671,0.137668,-0.04477,-0.051933,0.0188,0.193637,-0.086466,-0.112725,0.095558
0.238162,0.196381,-0.112671,0.137668,-0.04477,-0.051933,0.0188,0.193637,-0.086466,-0.112725,0.095558,0.071851
0.236764,0.196381,0.137668,-0.04477,-0.051933,0.0188,0.193637,-0.086466,-0.112725,0.095558,0.071851,-0.113058
0.234942,0.196381,-0.04477,-0.051933,0.0188,0.193637,-0.086466,-0.112725,0.095558,0.071851,-0.113058,0.132468
0.236488,0.196381,-0.051933,0.0188,0.193637,-0.086466,-0.112725,0.095558,0.071851,-0.113058,0.132468,-0.033054
0.23765,0.196381,0.0188,0.193637,-0.086466,-0.112725,0.095558,0.071851,-0.113058,0.132468,-0.033054,-0.064099
0.23582,0.196381,0.193637,-0.086466,-0.112725,0.095558,0.071851,-0.113058,0.132468,-0.033054,-0.064099,0.012801
0.237962,0.196381,-0.086466,-0.112725,0.095558,0.071851,-0.113058,0.132468,-0.033054,-0.064099,0.012801,0.197457
0.237428,0.196381,-0.112725,0.095558,0.071851,-0.113058,0.132468,-0.033054,-0.064099,0.012801,0.197457,-0.17267
0.236392,0.196381,0.095558,0.071851,-0.113058,0.132468,-0.033054,-0.064099,0.012801,0.197457,-0.17267,-0.115735
0.236599,0.196381,0.071851,-0.113058,0.132468,-0.033054,-0.064099,0.012801,0.197457,-0.17267,-0.115735,-0.007709
0.239792,0.196381,-0.113058,0.132468,-0.033054,-0.064099,0.012801,0.197457,-0.17267,-0.115735,-0.007709,0.142521
0.237004,0.196381,0.132468,-0.033054,-0.064099,0.012801,0.197457,-0.17267,-0.115735,-0.007709,0.142521,-0.13357
0.235133,0.196381,-0.033054,-0.064099,0.012801,0.197457,-0.17267,-0.115735,-0.007709,0.142521,-0.13357,0.117388
0.235008,0.196381,-0.064099,0.012801,0.197457,-0.17267,-0.115735,-0.007709,0.142521,-0.13357,0.117388,-0.000413
0.237316,0.196381,0.012801,0.197457,-0.17267,-0.115735,-0.007709,0.142521,-0.13357,0.117388,-0.000413,-0.064019
0.235153,0.195343,0.197457,-0.17267,-0.115735,-0.007709,0.142521,-0.13357,0.117388,-0.000413,-0.064019,-0.046013
0.237052,0.195343,-0.17267,-0.115735,-0.007709,0.142521,-0.13357,0.117388,-0.000413,-0.064019,-0.046013,0.110935
0.237045,0.195343,-0.115735,-0.007709,0.142521,-0.13357,0.117388,-0.000413,-0.064019,-0.046013,0.110935,-0.10992
0.23601,0.195343,-0.007709,0.142521,-0.13357,0.117388,-0.000413,-0.064019,-0.046013,0.110935,-0.10992,-0.124098
0.235265,0.195343,0.142521,-0.13357,0.117388,-0.000413,-0.064019,-0.046013,0.110935,-0.10992,-0.124098,0.157178
0.237061,0.195343,-0.13357,0.117388,-0.000413,-0.064019,-0.046013,0.110935,-0.10992,-0.124098,0.157178,0.033459
0.235283,0.195343,0.117388,-0.000413,-0.064019,-0.046013,0.110935,-0.10992,-0.124098,0.157178,0.033459,-0.112774
0.233274,0.195343,-0.000413,-0.064019,-0.046013,0.110935,-0.10992,-0.124098,0.157178,0.033459,-0.112774,0.128989
0.235819,0.195343,-0.064019,-0.046013,0.110935,-0.10992,-0.124098,0.157178,0.033459,-0.112774,0.128989,-0.024101
0.236361,0.195343,-0.046013,0.110935,-0.10992,-0.124098,0.157178,0.033459,-0.112774,0.128989,-0.024101,-0.063841
0.234533,0.195343,0.110935,-0.10992,-0.124098,0.157178,0.033459,-0.112774,0.128989,-0.024101,-0.063841,0.018767
0.236621,0.195343,-0.10992,-0.124098,0.157178,0.033459,-0.112774,0.128989,-0.024101,-0.063841,0.018767,0.072626
0.236232,0.195343,-0.124098,0.157178,0.033459,-0.112774,0.128989,-0.024101,-0.063841,0.018767,0.072626,-0.009511
0.235199,0.195343,0.157178,0.033459,-0.112774,0.128989,-0.024101,-0.063841,0.018767,0.072626,-0.009511,-0.26839
0.235503,0.195343,0.033459,-0.112774,0.128989,-0.024101,-0.063841,0.018767,0.072626,-0.009511,-0.26839,0.14506
0.236679,0.195343,-0.112774,0.128989,-0.024101,-0.063841,0.018767,0.072626,-0.009511,-0.26839,0.14506,0.077586
0.236525,0.195343,0.128989,-0.024101,-0.063841,0.018767,0.072626,-0.009511,-0.26839,0.14506,0.077586,-0.112662
0.232181,0.194824,-0.024101,-0.063841,0.018767,0.072626,-0.009511,-0.26839,0.14506,0.077586,-0.112662,0.158321
0.234532,0.194824,-0.063841,0.018767,0.072626,-0.009511,-0.26839,0.14506,0.077586,-0.112662,0.158321,-0.047749
0.235789,0.194824,0.018767,0.072626,-0.009511,-0.26839,0.14506,0.077586,-0.112662,0.158321,-0.047749,-0.051962
0.233962,0.194824,0.072626,-0.009511,-0.26839,0.14506,0.077586,-0.112662,0.158321,-0.047749,-0.051962,0.009973
0.236525,0.194824,-0.009511,-0.26839,0.14506,0.077586,-0.112662,0.158321,-0.047749,-0.051962,0.009973,0.21737
0.235754,0.194824,-0.26839,0.14506,0.077586,-0.112662,0.158321,-0.047749,-0.051962,0.009973,0.21737,-0.095408
0.234913,0.194824,0.14506,0.077586,-0.112662,0.158321,-0.047749,-0.051962,0.009973,0.21737,-0.095408,-0.103946
0.235074,0.194824,0.077586,-0.112662,0.158321,-0.047749,-0.051962,0.009973,0.21737,-0.095408,-0.103946,0.083803
0.238593,0.194824,-0.112662,0.158321,-0.047749,-0.051962,0.009973,0.21737,-0.095408,-0.103946,0.083803,0.077784
0.237052,0.194824,0.158321,-0.047749,-0.051962,0.009973,0.21737,-0.095408,-0.103946,0.083803,0.077784,-0.104284
0.235372,0.194824,-0.047749,-0.051962,0.009973,0.21737,-0.095408,-0.103946,0.083803,0.077784,-0.104284,0.105934
0.236727,0.194824,-0.051962,0.009973,0.21737,-0.095408,-0.103946,0.083803,0.077784,-0.104284,0.105934,-0.021185
0.237985,0.194824,0.009973,0.21737,-0.095408,-0.103946,0.083803,0.077784,-0.104284,0.105934,-0.021185,-0.064157
0.236297,0.194824,0.21737,-0.095408,-0.103946,0.083803,0.077784,-0.104284,0.105934,-0.021185,-0.064157,-0.004897
0.23801,0.194824,-0.095408,-0.103946,0.083803,0.077784,-0.104284,0.105934,-0.021185,-0.064157,-0.004897,0.188505
0.237668,0.194824,-0.103946,0.083803,0.077784,-0.104284,0.105934,-0.021185,-0.064157,-0.004897,0.188505,-0.056948
0.236631,0.194824,0.083803,0.077784,-0.104284,0.105934,-0.021185,-0.064157,-0.004897,0.188505,-0.056948,-0.15761
0.236552,0.194824,0.077784,-0.104284,0.105934,-0.021185,-0.064157,-0.004897,0.188505,-0.056948,-0.15761,-0.084436
0.2396,0.194824,-0.104284,0.105934,-0.021185,-0.064157,-0.004897,0.188505,-0.056948,-0.15761,-0.084436,-0.107199
0.238681,0.194824,0.105934,-0.021185,-0.064157,-0.004897,0.188505,-0.056948,-0.15761,-0.084436,-0.107199,-0.181855
0.236136,0.194824,-0.021185,-0.064157,-0.004897,0.188505,-0.056948,-0.15761,-0.084436,-0.107199,-0.181855,0.162368
0.23477,0.194824,-0.064157,-0.004897,0.188505,-0.056948,-0.15761,-0.084436,-0.107199,-0.181855,0.162368,-0.120466
0.233031,0.194824,-0.004897,0.188505,-0.056948,-0.15761,-0.084436,-0.107199,-0.181855,0.162368,-0.120466,0.010143
0.230075,0.194824,0.188505,-0.056948,-0.15761,-0.084436,-0.107199,-0.181855,0.162368,-0.120466,0.010143,0.04811
0.232712,0.194824,-0.056948,-0.15761,-0.084436,-0.107199,-0.181855,0.162368,-0.120466,0.010143,0.04811,0.159584
0.230757,0.194824,-0.15761,-0.084436,-0.107199,-0.181855,0.162368,-0.120466,0.010143,0.04811,0.159584,0.00212
0.230922,0.194824,-0.084436,-0.107199,-0.181855,0.162368,-0.120466,0.010143,0.04811,0.159584,0.00212,-0.164831
0.231704,0.194824,-0.107199,-0.181855,0.162368,-0.120466,0.010143,0.04811,0.159584,0.00212,-0.164831,0.10381
0.234295,0.194824,-0.181855,0.162368,-0.120466,0.010143,0.04811,0.159584,0.00212,-0.164831,0.10381,-0.030846
0.23433,0.194824,0.162368,-0.120466,0.010143,0.04811,0.159584,0.00212,-0.164831,0.10381,-0.030846,-0.079995
0.231659,0.194824,-0.120466,0.010143,0.04811,0.159584,0.00212,-0.164831,0.10381,-0.030846,-0.079995,-0.021478
0.233342,0.194824,0.010143,0.04811,0.159584,0.00212,-0.164831,0.10381,-0.030846,-0.079995,-0.021478,-0.120057
0.232841,0.194824,0.04811,0.159584,0.00212,-0.164831,0.10381,-0.030846,-0.079995,-0.021478,-0.120057,-0.143329
0.231542,0.194824,0.159584,0.00212,-0.164831,0.10381,-0.030846,-0.079995,-0.021478,-0.120057,-0.143329,-0.090065
0.231193,0.194824,0.00212,-0.164831,0.10381,-0.030846,-0.079995,-0.021478,-0.120057,-0.143329,-0.090065,0.232019
0.229243,0.194824,-0.164831,0.10381,-0.030846,-0.079995,-0.021478,-0.120057,-0.143329,-0.090065,0.232019,-0.189312
0.22691,0.194824,0.10381,-0.030846,-0.079995,-0.021478,-0.120057,-0.143329,-0.090065,0.232019,-0.189312,-0.098575
0.22544,0.194824,-0.030846,-0.079995,-0.021478,-0.120057,-0.143329,-0.090065,0.232019,-0.189312,-0.098575,-0.052735
0.229225,0.194824,-0.079995,-0.021478,-0.120057,-0.143329,-0.090065,0.232019,-0.189312,-0.098575,-0.052735,0.033658
0.226141,0.194824,-0.021478,-0.120057,-0.143329,-0.090065,0.232019,-0.189312,-0.098575,-0.052735,0.033658,0.001189
0.224534,0.194824,-0.120057,-0.143329,-0.090065,0.232019,-0.189312,-0.098575,-0.052735,0.033658,0.001189,-0.107536
0.223673,0.194824,-0.143329,-0.090065,0.232019,-0.189312,-0.098575,-0.052735,0.033658,0.001189,-0.107536,0.070905
0.224223,0.194824,-0.090065,0.232019,-0.189312,-0.098575,-0.052735,0.033658,0.001189,-0.107536,0.070905,-0.101113
0.224242,0.194824,0.232019,-0.189312,-0.098575,-0.052735,0.033658,0.001189,-0.107536,0.070905,-0.101113,-0.12251
0.222485,0.194824,-0.189312,-0.098575,-0.052735,0.033658,0.001189,-0.107536,0.070905,-0.101113,-0.12251,0.097432
0.223643,0.194824,-0.098575,-0.052735,0.033658,0.001189,-0.107536,0.070905,-0.101113,-0.12251,0.097432,-0.104199
0.22199,0.194824,-0.052735,0.033658,0.001189,-0.107536,0.070905,-0.101113,-0.12251,0.097432,-0.104199,-0.128337
0.219982,0.194824,0.033658,0.001189,-0.107536,0.070905,-0.101113,-0.12251,0.097432,-0.104199,-0.128337,0.135238
0.22158,0.194824,0.001189,-0.107536,0.070905,-0.101113,-0.12251,0.097432,-0.104199,-0.128337,0.135238,0.033711
0.219873,0.194824,-0.107536,0.070905,-0.101113,-0.12251,0.097432,-0.104199,-0.128337,0.135238,0.033711,-0.117899
0.217769,0.194824,0.070905,-0.101113,-0.12251,0.097432,-0.104199,-0.128337,0.135238,0.033711,-0.117899,0.139885
0.219987,0.194824,-0.101113,-0.12251,0.097432,-0.104199,-0.128337,0.135238,0.033711,-0.117899,0.139885,-0.05198
0.22054,0.194824,-0.12251,0.097432,-0.104199,-0.128337,0.135238,0.033711,-0.117899,0.139885,-0.05198,-0.085862
0.218604,0.194824,0.097432,-0.104199,-0.128337,0.135238,0.033711,-0.117899,0.139885,-0.05198,-0.085862,-0.03398
0.220898,0.194824,-0.104199,-0.128337,0.135238,0.033711,-0.117899,0.139885,-0.05198,-0.085862,-0.03398,0.213192
0.220047,0.194824,-0.128337,0.135238,0.033711,-0.117899,0.139885,-0.05198,-0.085862,-0.03398,0.213192,-0.08432
0.218639,0.194824,0.135238,0.033711,-0.117899,0.139885,-0.05198,-0.085862,-0.03398,0.213192,-0.08432,-0.136919
0.218081,0.194824,0.033711,-0.117899,0.139885,-0.05198,-0.085862,-0.03398,0.213192,-0.08432,-0.136919,0.08704
0.22158,0.194824,-0.117899,0.139885,-0.05198,-0.085862,-0.03398,0.213192,-0.08432,-0.136919,0.08704,0.039389
0.220199,0.194824,0.139885,-0.05198,-0.085862,-0.03398,0.213192,-0.08432,-0.136919,0.08704,0.039389,-0.131881
0.217955,0.194824,-0.05198,-0.085862,-0.03398,0.213192,-0.08432,-0.136919,0.08704,0.039389,-0.131881,0.094162
0.219382,0.194824,-0.085862,-0.03398,0.213192,-0.08432,-0.136919,0.08704,0.039389,-0.131881,0.094162,-0.031982
0.220029,0.194824,-0.03398,0.213192,-0.08432,-0.136919,0.08704,0.039389,-0.131881,0.094162,-0.031982,-0.091183
0.217863,0.194824,0.213192,-0.08432,-0.136919,0.08704,0.039389,-0.131881,0.094162,-0.031982,-0.091183,-0.005658
0.219408,0.194824,-0.08432,-0.136919,0.08704,0.039389,-0.131881,0.094162,-0.031982,-0.091183,-0.005658,0.184367
0.218884,0.194824,-0.136919,0.08704,0.039389,-0.131881,0.094162,-0.031982,-0.091183,-0.005658,0.184367,-0.06999
0.217387,0.194824,0.08704,0.039389,-0.131881,0.094162,-0.031982,-0.091183,-0.005658,0.184367,-0.06999,-0.136596
0.217294,0.194824,0.039389,-0.131881,0.094162,-0.031982,-0.091183,-0.005658,0.184367,-0.06999,-0.136596,0.092543
0.220323,0.194824,-0.131881,0.094162,-0.031982,-0.091183,-0.005658,0.184367,-0.06999,-0.136596,0.092543,0.045035
0.219175,0.194824,0.094162,-0.031982,-0.091183,-0.005658,0.184367,-0.06999,-0.136596,0.092543,0.045035,-0.134472
0.216935,0.194824,-0.031982,-0.091183,-0.005658,0.184367,-0.06999,-0.136596,0.092543,0.045035,-0.134472,0.102381
0.218454,0.194824,-0.091183,-0.005658,0.184367,-0.06999,-0.136596,0.092543,0.045035,-0.134472,0.102381,-0.006457
0.219193,0.194824,-0.005658,0.184367,-0.06999,-0.136596,0.092543,0.045035,-0.134472,0.102381,-0.006457,-0.076995
0.216983,0.194824,0.184367,-0.06999,-0.136596,0.092543,0.045035,-0.134472,0.102381,-0.006457,-0.076995,-0.014076
0.218664,0.194824,-0.06999,-0.136596,0.092543,0.045035,-0.134472,0.102381,-0.006457,-0.076995,-0.014076,0.195586
0.218558,0.194824,-0.136596,0.092543,0.045035,-0.134472,0.102381,-0.006457,-0.076995,-0.014076,0.195586,-0.199998
0.217295,0.194824,0.092543,0.045035,-0.134472,0.102381,-0.006457,-0.076995,-0.014076,0.195586,-0.199998,-0.124684
0.217063,0.194824,0.045035,-0.134472,0.102381,-0.006457,-0.076995,-0.014076,0.195586,-0.199998,-0.124684,-0.028522
0.220276,0.194824,-0.134472,0.102381,-0.006457,-0.076995,-0.014076,0.195586,-0.199998,-0.124684,-0.028522,0.117838
0.216994,0.194824,0.102381,-0.006457,-0.076995,-0.014076,0.195586,-0.199998,-0.124684,-0.028522,0.117838,-0.105775
0.214946,0.194824,-0.006457,-0.076995,-0.014076,0.195586,-0.199998,-0.124684,-0.028522,0.117838,-0.105775,0.08473
0.214476,0.194824,-0.076995,-0.014076,0.195586,-0.199998,-0.124684,-0.028522,0.117838,-0.105775,0.08473,-0.000837
0.216417,0.194824,-0.014076,0.195586,-0.199998,-0.124684,-0.028522,0.117838,-0.105775,0.08473,-0.000837,-0.079167
0.214674,0.194824,0.195586,-0.199998,-0.124684,-0.028522,0.117838,-0.105775,0.08473,-0.000837,-0.079167,-0.016535
0.216069,0.196899,-0.199998,-0.124684,-0.028522,0.117838,-0.105775,0.08473,-0.000837,-0.079167,-0.016535,0.07616
0.216055,0.196899,-0.124684,-0.028522,0.117838,-0.105775,0.08473,-0.000837,-0.079167,-0.016535,0.07616,-0.055549
0.214753,0.196899,-0.028522,0.117838,-0.105775,0.08473,-0.000837,-0.079167,-0.016535,0.07616,-0.055549,-0.282743
0.21448,0.196899,0.117838,-0.105775,0.08473,-0.000837,-0.079167,-0.016535,0.07616,-0.055549,-0.282743,0.152695
0.215735,0.196899,-0.105775,0.08473,-0.000837,-0.079167,-0.016535,0.07616,-0.055549,-0.282743,0.152695,-0.07176
0.214821,0.196899,0.08473,-0.000837,-0.079167,-0.016535,0.07616,-0.055549,-0.282743,0.152695,-0.07176,-0.088207
0.210162,0.196899,-0.000837,-0.079167,-0.016535,0.07616,-0.055549,-0.282743,0.152695,-0.07176,-0.088207,-0.008169
0.212681,0.196899,-0.079167,-0.016535,0.07616,-0.055549,-0.282743,0.152695,-0.07176,-0.088207,-0.008169,0.054566
0.211496,0.196899,-0.016535,0.07616,-0.055549,-0.282743,0.152695,-0.07176,-0.088207,-0.008169,0.054566,-0.07783
0.210038,0.196899,0.07616,-0.055549,-0.282743,0.152695,-0.07176,-0.088207,-0.008169,0.054566,-0.07783,-0.032354
0.209903,0.196899,-0.055549,-0.282743,0.152695,-0.07176,-0.088207,-0.008169,0.054566,-0.07783,-0.032354,0.224595
0.210804,0.196899,-0.282743,0.152695,-0.07176,-0.088207,-0.008169,0.054566,-0.07783,-0.032354,0.224595,-0.083179
0.209518,0.196899,0.152695,-0.07176,-0.088207,-0.008169,0.054566,-0.07783,-0.032354,0.224595,-0.083179,-0.123073
0.208983,0.196899,-0.07176,-0.088207,-0.008169,0.054566,-0.07783,-0.032354,0.224595,-0.083179,-0.123073,0.091282
0.212696,0.196899,-0.088207,-0.008169,0.054566,-0.07783,-0.032354,0.224595,-0.083179,-0.123073,0.091282,0.025532
0.211324,0.196899,-0.008169,0.054566,-0.07783,-0.032354,0.224595,-0.083179,-0.123073,0.091282,0.025532,-0.121294
0.209292,0.195984,0.054566,-0.07783,-0.032354,0.224595,-0.083179,-0.123073,0.091282,0.025532,-0.121294,0.130388
0.2108,0.195984,-0.07783,-0.032354,0.224595,-0.083179,-0.123073,0.091282,0.025532,-0.121294,0.130388,-0.020403
0.211222,0.195984,-0.032354,0.224595,-0.083179,-0.123073,0.091282,0.025532,-0.121294,0.130388,-0.020403,-0.102788
0.209215,0.195984,0.224595,-0.083179,-0.123073,0.091282,0.025532,-0.121294,0.130388,-0.020403,-0.102788,-0.029567
0.211369,0.195984,-0.083179,-0.123073,0.091282,0.025532,-0.121294,0.130388,-0.020403,-0.102788,-0.029567,0.083067
0.211033,0.195984,-0.123073,0.091282,0.025532,-0.121294,0.130388,-0.020403,-0.102788,-0.029567,0.083067,-0.124271
0.209335,0.195984,0.091282,0.025532,-0.121294,0.130388,-0.020403,-0.102788,-0.029567,0.083067,-0.124271,-0.135906
0.208846,0.195984,0.025532,-0.121294,0.130388,-0.020403,-0.102788,-0.029567,0.083067,-0.124271,-0.135906,-0.051977
0.210221,0.195984,-0.121294,0.130388,-0.020403,-0.102788,-0.029567,0.083067,-0.124271,-0.135906,-0.051977,0.039372
0.208166,0.195984,0.130388,-0.020403,-0.102788,-0.029567,0.083067,-0.124271,-0.135906,-0.051977,0.039372,-0.076388
0.205916,0.195984,-0.020403,-0.102788,-0.029567,0.083067,-0.124271,-0.135906,-0.051977,0.039372,-0.076388,0.109258
0.205054,0.195984,-0.102788,-0.029567,0.083067,-0.124271,-0.135906,-0.051977,0.039372,-0.076388,0.109258,-0.03398
0.205708,0.195984,-0.029567,0.083067,-0.124271,-0.135906,-0.051977,0.039372,-0.076388,0.109258,-0.03398,-0.049201
0.204439,0.195984,0.083067,-0.124271,-0.135906,-0.051977,0.039372,-0.076388,0.109258,-0.03398,-0.049201,-0.012468
0.206251,0.195984,-0.124271,-0.135906,-0.051977,0.039372,-0.076388,0.109258,-0.03398,-0.049201,-0.012468,0.199926
0.205688,0.195984,-0.135906,-0.051977,0.039372,-0.076388,0.109258,-0.03398,-0.049201,-0.012468,0.199926,-0.093564
0.204872,0.195984,-0.051977,0.039372,-0.076388,0.109258,-0.03398,-0.049201,-0.012468,0.199926,-0.093564,-0.121688
0.204665,0.195984,0.039372,-0.076388,0.109258,-0.03398,-0.049201,-0.012468,0.199926,-0.093564,-0.121688,0.126152
0.207983,0.195984,-0.076388,0.109258,-0.03398,-0.049201,-0.012468,0.199926,-0.093564,-0.121688,0.126152,0.025672
0.206433,0.195984,0.109258,-0.03398,-0.049201,-0.012468,0.199926,-0.093564,-0.121688,0.126152,0.025672,-0.101148
0.204416,0.195984,-0.03398,-0.049201,-0.012468,0.199926,-0.093564,-0.121688,0.126152,0.025672,-0.101148,0.104042
0.206508,0.195984,-0.049201,-0.012468,0.199926,-0.093564,-0.121688,0.126152,0.025672,-0.101148,0.104042,-0.014776
0.206934,0.195984,-0.012468,0.199926,-0.093564,-0.121688,0.126152,0.025672,-0.101148,0.104042,-0.014776,-0.074059
0.205255,0.195984,0.199926,-0.093564,-0.121688,0.126152,0.025672,-0.101148,0.104042,-0.014776,-0.074059,-0.012548
0.20698,0.195984,-0.093564,-0.121688,0.126152,0.025672,-0.101148,0.104042,-0.014776,-0.074059,-0.012548,0.183761
0.206735,0.195984,-0.121688,0.126152,0.025672,-0.101148,0.104042,-0.014776,-0.074059,-0.012548,0.183761,-0.085375
0.205508,0.195984,0.126152,0.025672,-0.101148,0.104042,-0.014776,-0.074059,-0.012548,0.183761,-0.085375,-0.130041
0.2053,0.195984,0.025672,-0.101148,0.104042,-0.014776,-0.074059,-0.012548,0.183761,-0.085375,-0.130041,0.126239
0.208348,0.195984,-0.101148,0.104042,-0.014776,-0.074059,-0.012548,0.183761,-0.085375,-0.130041,0.126239,0.033888
0.206934,0.195984,0.104042,-0.014776,-0.074059,-0.012548,0.183761,-0.085375,-0.130041,0.126239,0.033888,-0.112177
0.204779,0.195984,-0.014776,-0.074059,-0.012548,0.183761,-0.085375,-0.130041,0.126239,0.033888,-0.112177,0.095894
0.206872,0.195984,-0.074059,-0.012548,0.183761,-0.085375,-0.130041,0.126239,0.033888,-0.112177,0.095894,-0.023031
0.207434,0.195984,-0.012548,0.183761,-0.085375,-0.130041,0.126239,0.033888,-0.112177,0.095894,-0.023031,-0.126063
