0.526336,0.39267,-0.088509,0.00771,0.567805,-0.412302,-0.277899,-0.288547,0.052654,-0.592691,0.241843,-0.299548
0.527027,0.39267,0.00771,0.567805,-0.412302,-0.277899,-0.288547,0.052654,-0.592691,0.241843,-0.299548,0.150655
0.519236,0.39267,0.567805,-0.412302,-0.277899,-0.288547,0.052654,-0.592691,0.241843,-0.299548,0.150655,-0.045902
0.522416,0.39267,-0.412302,-0.277899,-0.288547,0.052654,-0.592691,0.241843,-0.299548,0.150655,-0.045902,0.815857
0.51848,0.39267,-0.277899,-0.288547,0.052654,-0.592691,0.241843,-0.299548,0.150655,-0.045902,0.815857,-0.489469
0.520462,0.39267,-0.288547,0.052654,-0.592691,0.241843,-0.299548,0.150655,-0.045902,0.815857,-0.489469,-0.074307
0.519857,0.39267,0.052654,-0.592691,0.241843,-0.299548,0.150655,-0.045902,0.815857,-0.489469,-0.074307,0.151668
0.530566,0.39267,-0.592691,0.241843,-0.299548,0.150655,-0.045902,0.815857,-0.489469,-0.074307,0.151668,0.593689
0.524158,0.39267,0.241843,-0.299548,0.150655,-0.045902,0.815857,-0.489469,-0.074307,0.151668,0.593689,-0.388277
0.523183,0.39267,-0.299548,0.150655,-0.045902,0.815857,-0.489469,-0.074307,0.151668,0.593689,-0.388277,0.145921
0.525172,0.39267,0.150655,-0.045902,0.815857,-0.489469,-0.074307,0.151668,0.593689,-0.388277,0.145921,-0.007788
0.532943,0.39267,-0.045902,0.815857,-0.489469,-0.074307,0.151668,0.593689,-0.388277,0.145921,-0.007788,-0.065401
0.527864,0.39267,0.815857,-0.489469,-0.074307,0.151668,0.593689,-0.388277,0.145921,-0.007788,-0.065401,-0.092166
0.529773,0.39267,-0.489469,-0.074307,0.151668,0.593689,-0.388277,0.145921,-0.007788,-0.065401,-0.092166,0.619416
0.529671,0.39267,-0.074307,0.151668,0.593689,-0.388277,0.145921,-0.007788,-0.065401,-0.092166,0.619416,-0.415514
0.528816,0.39267,0.151668,0.593689,-0.388277,0.145921,-0.007788,-0.065401,-0.092166,0.619416,-0.415514,-0.17014
0.527609,0.39267,0.593689,-0.388277,0.145921,-0.007788,-0.065401,-0.092166,0.619416,-0.415514,-0.17014,0.085602
0.535705,0.39267,-0.388277,0.145921,-0.007788,-0.065401,-0.092166,0.619416,-0.415514,-0.17014,0.085602,0.513081
0.530285,0.39267,0.145921,-0.007788,-0.065401,-0.092166,0.619416,-0.415514,-0.17014,0.085602,0.513081,-0.345493
0.528062,0.39267,-0.007788,-0.065401,-0.092166,0.619416,-0.415514,-0.17014,0.085602,0.513081,-0.345493,0.141638
0.529181,0.39267,-0.065401,-0.092166,0.619416,-0.415514,-0.17014,0.085602,0.513081,-0.345493,0.141638,-0.035951
0.535882,0.39267,-0.092166,0.619416,-0.415514,-0.17014,0.085602,0.513081,-0.345493,0.141638,-0.035951,-0.071658
0.531372,0.39267,0.619416,-0.415514,-0.17014,0.085602,0.513081,-0.345493,0.141638,-0.035951,-0.071658,-0.048324
0.53322,0.39267,-0.415514,-0.17014,0.085602,0.513081,-0.345493,0.141638,-0.035951,-0.071658,-0.048324,0.635455
0.532752,0.39267,-0.17014,0.085602,0.513081,-0.345493,0.141638,-0.035951,-0.071658,-0.048324,0.635455,-0.463346
0.531817,0.39267,0.085602,0.513081,-0.345493,0.141638,-0.035951,-0.071658,-0.048324,0.635455,-0.463346,-0.15425
0.531185,0.39267,0.513081,-0.345493,0.141638,-0.035951,-0.071658,-0.048324,0.635455,-0.463346,-0.15425,0.063417
0.539472,0.39267,-0.345493,0.141638,-0.035951,-0.071658,-0.048324,0.635455,-0.463346,-0.15425,0.063417,0.561278
0.533441,0.39267,0.141638,-0.035951,-0.071658,-0.048324,0.635455,-0.463346,-0.15425,0.063417,0.561278,-0.415367
0.53143,0.39267,-0.035951,-0.071658,-0.048324,0.635455,-0.463346,-0.15425,0.063417,0.561278,-0.415367,0.193739
0.532257,0.39267,-0.071658,-0.048324,0.635455,-0.463346,-0.15425,0.063417,0.561278,-0.415367,0.193739,-0.064472
0.539571,0.39267,-0.048324,0.635455,-0.463346,-0.15425,0.063417,0.561278,-0.415367,0.193739,-0.064472,-0.157064
0.53416,0.39267,0.635455,-0.463346,-0.15425,0.063417,0.561278,-0.415367,0.193739,-0.064472,-0.157064,-0.267275
0.536683,0.39267,-0.463346,-0.15425,0.063417,0.561278,-0.415367,0.193739,-0.064472,-0.157064,-0.267275,0.481177
0.535845,0.39267,-0.15425,0.063417,0.561278,-0.415367,0.193739,-0.064472,-0.157064,-0.267275,0.481177,-0.320591
0.533799,0.39267,0.063417,0.561278,-0.415367,0.193739,-0.064472,-0.157064,-0.267275,0.481177,-0.320591,-0.215651
0.530308,0.39267,0.561278,-0.415367,0.193739,-0.064472,-0.157064,-0.267275,0.481177,-0.320591,-0.215651,0.141868
0.53659,0.39267,-0.415367,0.193739,-0.064472,-0.157064,-0.267275,0.481177,-0.320591,-0.215651,0.141868,0.526425
0.532412,0.39267,0.193739,-0.064472,-0.157064,-0.267275,0.481177,-0.320591,-0.215651,0.141868,0.526425,-0.32443
0.529598,0.39267,-0.064472,-0.157064,-0.267275,0.481177,-0.320591,-0.215651,0.141868,0.526425,-0.32443,0.131351
0.53145,0.39267,-0.157064,-0.267275,0.481177,-0.320591,-0.215651,0.141868,0.526425,-0.32443,0.131351,0.014951
0.538315,0.39267,-0.267275,0.481177,-0.320591,-0.215651,0.141868,0.526425,-0.32443,0.131351,0.014951,-0.03274
0.534087,0.39267,0.481177,-0.320591,-0.215651,0.141868,0.526425,-0.32443,0.131351,0.014951,-0.03274,-0.054784
0.535798,0.39267,-0.320591,-0.215651,0.141868,0.526425,-0.32443,0.131351,0.014951,-0.03274,-0.054784,0.309176
0.535992,0.39267,-0.215651,0.141868,0.526425,-0.32443,0.131351,0.014951,-0.03274,-0.054784,0.309176,-0.299183
0.535566,0.39267,0.141868,0.526425,-0.32443,0.131351,0.014951,-0.03274,-0.054784,0.309176,-0.299183,-0.564279
0.534852,0.39267,0.526425,-0.32443,0.131351,0.014951,-0.03274,-0.054784,0.309176,-0.299183,-0.564279,0.214267
0.53888,0.39267,-0.32443,0.131351,0.014951,-0.03274,-0.054784,0.309176,-0.299183,-0.564279,0.214267,0.024608
0.534987,0.39267,0.131351,0.014951,-0.03274,-0.054784,0.309176,-0.299183,-0.564279,0.214267,0.024608,0.053413
0.527624,0.39267,0.014951,-0.03274,-0.054784,0.309176,-0.299183,-0.564279,0.214267,0.024608,0.053413,-0.479138
0.530425,0.39267,-0.03274,-0.054784,0.309176,-0.299183,-0.564279,0.214267,0.024608,0.053413,-0.479138,0.315628
0.530747,0.39267,-0.054784,0.309176,-0.299183,-0.564279,0.214267,0.024608,0.053413,-0.479138,0.315628,-0.238036
0.531445,0.39267,0.309176,-0.299183,-0.564279,0.214267,0.024608,0.053413,-0.479138,0.315628,-0.238036,0.102639
0.525176,0.39267,-0.299183,-0.564279,0.214267,0.024608,0.053413,-0.479138,0.315628,-0.238036,0.102639,-0.158181
0.529305,0.39267,-0.564279,0.214267,0.024608,0.053413,-0.479138,0.315628,-0.238036,0.102639,-0.158181,-0.479599
0.526191,0.39267,0.214267,0.024608,0.053413,-0.479138,0.315628,-0.238036,0.102639,-0.158181,-0.479599,-0.487875
0.527536,0.39267,0.024608,0.053413,-0.479138,0.315628,-0.238036,0.102639,-0.158181,-0.479599,-0.487875,0.051674
0.525462,0.39267,0.053413,-0.479138,0.315628,-0.238036,0.102639,-0.158181,-0.479599,-0.487875,0.051674,0.488297
0.519161,0.39267,-0.479138,0.315628,-0.238036,0.102639,-0.158181,-0.479599,-0.487875,0.051674,0.488297,-0.194546
0.512731,0.39267,0.315628,-0.238036,0.102639,-0.158181,-0.479599,-0.487875,0.051674,0.488297,-0.194546,0.196769
0.513414,0.400726,-0.238036,0.102639,-0.158181,-0.479599,-0.487875,0.051674,0.488297,-0.194546,0.196769,0.019563
0.519857,0.400726,0.102639,-0.158181,-0.479599,-0.487875,0.051674,0.488297,-0.194546,0.196769,0.019563,-0.134674
0.517292,0.400726,-0.158181,-0.479599,-0.487875,0.051674,0.488297,-0.194546,0.196769,0.019563,-0.134674,-0.246608
0.519884,0.400726,-0.479599,-0.487875,0.051674,0.488297,-0.194546,0.196769,0.019563,-0.134674,-0.246608,0.553801
0.520141,0.400726,-0.487875,0.051674,0.488297,-0.194546,0.196769,0.019563,-0.134674,-0.246608,0.553801,-0.324116
0.518369,0.400726,0.051674,0.488297,-0.194546,0.196769,0.019563,-0.134674,-0.246608,0.553801,-0.324116,-0.139175
0.515115,0.400726,0.488297,-0.194546,0.196769,0.019563,-0.134674,-0.246608,0.553801,-0.324116,-0.139175,0.139227
0.522415,0.400726,-0.194546,0.196769,0.019563,-0.134674,-0.246608,0.553801,-0.324116,-0.139175,0.139227,0.514424
0.518152,0.400726,0.196769,0.019563,-0.134674,-0.246608,0.553801,-0.324116,-0.139175,0.139227,0.514424,-0.338969
0.516319,0.400726,0.019563,-0.134674,-0.246608,0.553801,-0.324116,-0.139175,0.139227,0.514424,-0.338969,0.181736
0.518153,0.400726,-0.134674,-0.246608,0.553801,-0.324116,-0.139175,0.139227,0.514424,-0.338969,0.181736,-0.052076
0.52492,0.400726,-0.246608,0.553801,-0.324116,-0.139175,0.139227,0.514424,-0.338969,0.181736,-0.052076,-0.019793
0.520463,0.400726,0.553801,-0.324116,-0.139175,0.139227,0.514424,-0.338969,0.181736,-0.052076,-0.019793,-0.199588
0.522851,0.400726,-0.324116,-0.139175,0.139227,0.514424,-0.338969,0.181736,-0.052076,-0.019793,-0.199588,0.458916
0.522168,0.400726,-0.139175,0.139227,0.514424,-0.338969,0.181736,-0.052076,-0.019793,-0.199588,0.458916,-0.627187
0.521908,0.400726,0.139227,0.514424,-0.338969,0.181736,-0.052076,-0.019793,-0.199588,0.458916,-0.627187,-0.035263
0.519281,0.400726,0.514424,-0.338969,0.181736,-0.052076,-0.019793,-0.199588,0.458916,-0.627187,-0.035263,0.008114
0.525316,0.400726,-0.338969,0.181736,-0.052076,-0.019793,-0.199588,0.458916,-0.627187,-0.035263,0.008114,0.579347
0.517071,0.400726,0.181736,-0.052076,-0.019793,-0.199588,0.458916,-0.627187,-0.035263,0.008114,0.579347,-0.322183
0.516607,0.400726,-0.052076,-0.019793,-0.199588,0.458916,-0.627187,-0.035263,0.008114,0.579347,-0.322183,0.176054
0.516714,0.400726,-0.019793,-0.199588,0.458916,-0.627187,-0.035263,0.008114,0.579347,-0.322183,0.176054,-0.02997
0.524339,0.400726,-0.199588,0.458916,-0.627187,-0.035263,0.008114,0.579347,-0.322183,0.176054,-0.02997,-0.014277
0.520102,0.400726,0.458916,-0.627187,-0.035263,0.008114,0.579347,-0.322183,0.176054,-0.02997,-0.014277,0.014246
0.522416,0.400726,-0.627187,-0.035263,0.008114,0.579347,-0.322183,0.176054,-0.02997,-0.014277,0.014246,0.601025
0.522023,0.400726,-0.035263,0.008114,0.579347,-0.322183,0.176054,-0.02997,-0.014277,0.014246,0.601025,-0.433545
0.521835,0.400726,0.008114,0.579347,-0.322183,0.176054,-0.02997,-0.014277,0.014246,0.601025,-0.433545,-0.113042
0.522023,0.400726,0.579347,-0.322183,0.176054,-0.02997,-0.014277,0.014246,0.601025,-0.433545,-0.113042,0.074063
0.529908,0.400726,-0.322183,0.176054,-0.02997,-0.014277,0.014246,0.601025,-0.433545,-0.113042,0.074063,0.508241
0.524231,0.400726,0.176054,-0.02997,-0.014277,0.014246,0.601025,-0.433545,-0.113042,0.074063,0.508241,-0.342195
0.522748,0.400726,-0.02997,-0.014277,0.014246,0.601025,-0.433545,-0.113042,0.074063,0.508241,-0.342195,0.178641
0.52372,0.400726,-0.014277,0.014246,0.601025,-0.433545,-0.113042,0.074063,0.508241,-0.342195,0.178641,-0.074805
0.530381,0.400726,0.014246,0.601025,-0.433545,-0.113042,0.074063,0.508241,-0.342195,0.178641,-0.074805,0.00745
0.525898,0.400726,0.601025,-0.433545,-0.113042,0.074063,0.508241,-0.342195,0.178641,-0.074805,0.00745,-0.202399
0.528237,0.400726,-0.433545,-0.113042,0.074063,0.508241,-0.342195,0.178641,-0.074805,0.00745,-0.202399,0.397162
0.527259,0.400726,-0.113042,0.074063,0.508241,-0.342195,0.178641,-0.074805,0.00745,-0.202399,0.397162,-0.588302
0.527356,0.400726,0.074063,0.508241,-0.342195,0.178641,-0.074805,0.00745,-0.202399,0.397162,-0.588302,-0.046513
0.524702,0.400726,0.508241,-0.342195,0.178641,-0.074805,0.00745,-0.202399,0.397162,-0.588302,-0.046513,0.029852
0.529908,0.400726,-0.342195,0.178641,-0.074805,0.00745,-0.202399,0.397162,-0.588302,-0.046513,0.029852,0.162963
0.522199,0.400726,0.178641,-0.074805,0.00745,-0.202399,0.397162,-0.588302,-0.046513,0.029852,0.162963,-0.311102
0.521588,0.407532,-0.074805,0.00745,-0.202399,0.397162,-0.588302,-0.046513,0.029852,0.162963,-0.311102,0.126408
0.52198,0.407532,0.00745,-0.202399,0.397162,-0.588302,-0.046513,0.029852,0.162963,-0.311102,0.126408,0.091513
0.524122,0.407532,-0.202399,0.397162,-0.588302,-0.046513,0.029852,0.162963,-0.311102,0.126408,0.091513,-0.041957
0.52003,0.407532,0.397162,-0.588302,-0.046513,0.029852,0.162963,-0.311102,0.126408,0.091513,-0.041957,0.063751
0.521692,0.407532,-0.588302,-0.046513,0.029852,0.162963,-0.311102,0.126408,0.091513,-0.041957,0.063751,0.5969
0.522893,0.407532,-0.046513,0.029852,0.162963,-0.311102,0.126408,0.091513,-0.041957,0.063751,0.5969,-0.339914
0.522342,0.407532,0.029852,0.162963,-0.311102,0.126408,0.091513,-0.041957,0.063751,0.5969,-0.339914,-0.169005
0.52318,0.407532,0.162963,-0.311102,0.126408,0.091513,-0.041957,0.063751,0.5969,-0.339914,-0.169005,0.113036
0.531006,0.407532,-0.311102,0.126408,0.091513,-0.041957,0.063751,0.5969,-0.339914,-0.169005,0.113036,0.504506
0.526559,0.407532,0.126408,0.091513,-0.041957,0.063751,0.5969,-0.339914,-0.169005,0.113036,0.504506,-0.349001
0.524346,0.407532,0.091513,-0.041957,0.063751,0.5969,-0.339914,-0.169005,0.113036,0.504506,-0.349001,0.123549
0.525827,0.407532,-0.041957,0.063751,0.5969,-0.339914,-0.169005,0.113036,0.504506,-0.349001,0.123549,-0.236775
0.53243,0.407532,0.063751,0.5969,-0.339914,-0.169005,0.113036,0.504506,-0.349001,0.123549,-0.236775,-0.181129
0.527864,0.407532,0.5969,-0.339914,-0.169005,0.113036,0.504506,-0.349001,0.123549,-0.236775,-0.181129,-0.206174
0.52948,0.407532,-0.339914,-0.169005,0.113036,0.504506,-0.349001,0.123549,-0.236775,-0.181129,-0.206174,0.650378
0.526384,0.407532,-0.169005,0.113036,0.504506,-0.349001,0.123549,-0.236775,-0.181129,-0.206174,0.650378,-0.764316
0.52401,0.407532,0.113036,0.504506,-0.349001,0.123549,-0.236775,-0.181129,-0.206174,0.650378,-0.764316,-0.002426
0.5213,0.407532,0.504506,-0.349001,0.123549,-0.236775,-0.181129,-0.206174,0.650378,-0.764316,-0.002426,-0.221966
0.529835,0.407532,-0.349001,0.123549,-0.236775,-0.181129,-0.206174,0.650378,-0.764316,-0.002426,-0.221966,0.690126
0.519811,0.407532,0.123549,-0.236775,-0.181129,-0.206174,0.650378,-0.764316,-0.002426,-0.221966,0.690126,-0.460265
0.519779,0.407532,-0.236775,-0.181129,-0.206174,0.650378,-0.764316,-0.002426,-0.221966,0.690126,-0.460265,0.297508
0.516857,0.407532,-0.181129,-0.206174,0.650378,-0.764316,-0.002426,-0.221966,0.690126,-0.460265,0.297508,-0.11296
0.525936,0.407532,-0.206174,0.650378,-0.764316,-0.002426,-0.221966,0.690126,-0.460265,0.297508,-0.11296,0.15703
0.519885,0.407532,0.650378,-0.764316,-0.002426,-0.221966,0.690126,-0.460265,0.297508,-0.11296,0.15703,-0.228334
0.523795,0.407532,-0.764316,-0.002426,-0.221966,0.690126,-0.460265,0.297508,-0.11296,0.15703,-0.228334,0.739957
0.522313,0.407532,-0.002426,-0.221966,0.690126,-0.460265,0.297508,-0.11296,0.15703,-0.228334,0.739957,-0.473277
0.524373,0.407532,-0.221966,0.690126,-0.460265,0.297508,-0.11296,0.15703,-0.228334,0.739957,-0.473277,-0.129768
0.521372,0.407532,0.690126,-0.460265,0.297508,-0.11296,0.15703,-0.228334,0.739957,-0.473277,-0.129768,-0.030967
0.531079,0.407532,-0.460265,0.297508,-0.11296,0.15703,-0.228334,0.739957,-0.473277,-0.129768,-0.030967,0.10236
0.524885,0.407532,0.297508,-0.11296,0.15703,-0.228334,0.739957,-0.473277,-0.129768,-0.030967,0.10236,-0.354913
0.523183,0.407532,-0.11296,0.15703,-0.228334,0.739957,-0.473277,-0.129768,-0.030967,0.10236,-0.354913,0.153737
0.522777,0.407532,0.15703,-0.228334,0.739957,-0.473277,-0.129768,-0.030967,0.10236,-0.354913,0.153737,-0.007894
0.524122,0.407532,-0.228334,0.739957,-0.473277,-0.129768,-0.030967,0.10236,-0.354913,0.153737,-0.007894,-0.058212
0.519453,0.407532,0.739957,-0.473277,-0.129768,-0.030967,0.10236,-0.354913,0.153737,-0.007894,-0.058212,0.025329
0.521475,0.407532,-0.473277,-0.129768,-0.030967,0.10236,-0.354913,0.153737,-0.007894,-0.058212,0.025329,0.571804
0.521371,0.407532,-0.129768,-0.030967,0.10236,-0.354913,0.153737,-0.007894,-0.058212,0.025329,0.571804,-0.360604
0.520606,0.407532,-0.030967,0.10236,-0.354913,0.153737,-0.007894,-0.058212,0.025329,0.571804,-0.360604,-0.289269
0.520939,0.407532,0.10236,-0.354913,0.153737,-0.007894,-0.058212,0.025329,0.571804,-0.360604,-0.289269,-0.216588
0.528447,0.407532,-0.354913,0.153737,-0.007894,-0.058212,0.025329,0.571804,-0.360604,-0.289269,-0.216588,0.425289
0.523722,0.407532,0.153737,-0.007894,-0.058212,0.025329,0.571804,-0.360604,-0.289269,-0.216588,0.425289,-0.299398
0.519924,0.407532,-0.007894,-0.058212,0.025329,0.571804,-0.360604,-0.289269,-0.216588,0.425289,-0.299398,0.147933
0.517073,0.407532,-0.058212,0.025329,0.571804,-0.360604,-0.289269,-0.216588,0.425289,-0.299398,0.147933,-0.0574
0.522673,0.407532,0.025329,0.571804,-0.360604,-0.289269,-0.216588,0.425289,-0.299398,0.147933,-0.0574,-0.008564
0.518732,0.407532,0.571804,-0.360604,-0.289269,-0.216588,0.425289,-0.299398,0.147933,-0.0574,-0.008564,-0.029351
0.520679,0.407532,-0.360604,-0.289269,-0.216588,0.425289,-0.299398,0.147933,-0.0574,-0.008564,-0.029351,0.569982
0.519924,0.407532,-0.289269,-0.216588,0.425289,-0.299398,0.147933,-0.0574,-0.008564,-0.029351,0.569982,-0.359672
0.519812,0.407532,-0.216588,0.425289,-0.299398,0.147933,-0.0574,-0.008564,-0.029351,0.569982,-0.359672,-0.184171
0.519425,0.407532,0.425289,-0.299398,0.147933,-0.0574,-0.008564,-0.029351,0.569982,-0.359672,-0.184171,0.117876
0.526917,0.407532,-0.299398,0.147933,-0.0574,-0.008564,-0.029351,0.569982,-0.359672,-0.184171,0.117876,0.472794
0.522199,0.407532,0.147933,-0.0574,-0.008564,-0.029351,0.569982,-0.359672,-0.184171,0.117876,0.472794,-0.323974
0.519779,0.407532,-0.0574,-0.008564,-0.029351,0.569982,-0.359672,-0.184171,0.117876,0.472794,-0.323974,0.088742
0.521329,0.407532,-0.008564,-0.029351,0.569982,-0.359672,-0.184171,0.117876,0.472794,-0.323974,0.088742,-0.046669
0.527536,0.407532,-0.029351,0.569982,-0.359672,-0.184171,0.117876,0.472794,-0.323974,0.088742,-0.046669,-0.058678
0.523284,0.407532,0.569982,-0.359672,-0.184171,0.117876,0.472794,-0.323974,0.088742,-0.046669,-0.058678,-0.068451
0.524449,0.407532,-0.359672,-0.184171,0.117876,0.472794,-0.323974,0.088742,-0.046669,-0.058678,-0.068451,0.595633
0.523837,0.407532,-0.184171,0.117876,0.472794,-0.323974,0.088742,-0.046669,-0.058678,-0.068451,0.595633,-0.466822
0.523067,0.407532,0.117876,0.472794,-0.323974,0.088742,-0.046669,-0.058678,-0.068451,0.595633,-0.466822,-0.173702
0.522167,0.407532,0.472794,-0.323974,0.088742,-0.046669,-0.058678,-0.068451,0.595633,-0.466822,-0.173702,0.085017
0.529981,0.407532,-0.323974,0.088742,-0.046669,-0.058678,-0.068451,0.595633,-0.466822,-0.173702,0.085017,0.473917
0.523867,0.407532,0.088742,-0.046669,-0.058678,-0.068451,0.595633,-0.466822,-0.173702,0.085017,0.473917,-0.33582
0.521588,0.407532,-0.046669,-0.058678,-0.068451,0.595633,-0.466822,-0.173702,0.085017,0.473917,-0.33582,0.111292
0.522705,0.407532,-0.058678,-0.068451,0.595633,-0.466822,-0.173702,0.085017,0.473917,-0.33582,0.111292,-0.035644
0.528921,0.407532,-0.068451,0.595633,-0.466822,-0.173702,0.085017,0.473917,-0.33582,0.111292,-0.035644,-0.10332
0.524517,0.407532,0.595633,-0.466822,-0.173702,0.085017,0.473917,-0.33582,0.111292,-0.035644,-0.10332,-0.024614
0.525976,0.407532,-0.466822,-0.173702,0.085017,0.473917,-0.33582,0.111292,-0.035644,-0.10332,-0.024614,0.524906
0.52551,0.407532,-0.173702,0.085017,0.473917,-0.33582,0.111292,-0.035644,-0.10332,-0.024614,0.524906,-0.417512
0.524155,0.407532,0.085017,0.473917,-0.33582,0.111292,-0.035644,-0.10332,-0.024614,0.524906,-0.417512,-0.301134
0.523832,0.407532,0.473917,-0.33582,0.111292,-0.035644,-0.10332,-0.024614,0.524906,-0.417512,-0.301134,-0.27198
0.530713,0.407532,-0.33582,0.111292,-0.035644,-0.10332,-0.024614,0.524906,-0.417512,-0.301134,-0.27198,0.403719
0.525249,0.407532,0.111292,-0.035644,-0.10332,-0.024614,0.524906,-0.417512,-0.301134,-0.27198,0.403719,-0.305051
0.521299,0.407532,-0.035644,-0.10332,-0.024614,0.524906,-0.417512,-0.301134,-0.27198,0.403719,-0.305051,0.17557
0.517721,0.407532,-0.10332,-0.024614,0.524906,-0.417512,-0.301134,-0.27198,0.403719,-0.305051,0.17557,-0.117977
0.523035,0.407532,-0.024614,0.524906,-0.417512,-0.301134,-0.27198,0.403719,-0.305051,0.17557,-0.117977,0.024395
0.51902,0.407532,0.524906,-0.417512,-0.301134,-0.27198,0.403719,-0.305051,0.17557,-0.117977,0.024395,-0.03488
0.52133,0.407532,-0.417512,-0.301134,-0.27198,0.403719,-0.305051,0.17557,-0.117977,0.024395,-0.03488,0.603613
0.519779,0.407532,-0.301134,-0.27198,0.403719,-0.305051,0.17557,-0.117977,0.024395,-0.03488,0.603613,-0.772099
0.5201,0.407532,-0.27198,0.403719,-0.305051,0.17557,-0.117977,0.024395,-0.03488,0.603613,-0.772099,-0.02981
0.519641,0.407532,0.403719,-0.305051,0.17557,-0.117977,0.024395,-0.03488,0.603613,-0.772099,-0.02981,-0.215129
0.527572,0.407532,-0.305051,0.17557,-0.117977,0.024395,-0.03488,0.603613,-0.772099,-0.02981,-0.215129,0.587758
0.517431,0.407532,0.17557,-0.117977,0.024395,-0.03488,0.603613,-0.772099,-0.02981,-0.215129,0.587758,-0.446095
0.517039,0.407532,-0.117977,0.024395,-0.03488,0.603613,-0.772099,-0.02981,-0.215129,0.587758,-0.446095,0.223572
0.514202,0.411835,0.024395,-0.03488,0.603613,-0.772099,-0.02981,-0.215129,0.587758,-0.446095,0.223572,-0.16125
0.52195,0.411835,-0.03488,0.603613,-0.772099,-0.02981,-0.215129,0.587758,-0.446095,0.223572,-0.16125,0.073667
0.516071,0.411835,0.603613,-0.772099,-0.02981,-0.215129,0.587758,-0.446095,0.223572,-0.16125,0.073667,-0.197529
0.519017,0.411835,-0.772099,-0.02981,-0.215129,0.587758,-0.446095,0.223572,-0.16125,0.073667,-0.197529,0.702929
0.516895,0.411835,-0.02981,-0.215129,0.587758,-0.446095,0.223572,-0.16125,0.073667,-0.197529,0.702929,-0.489742
0.517865,0.411835,-0.215129,0.587758,-0.446095,0.223572,-0.16125,0.073667,-0.197529,0.702929,-0.489742,-0.160978
0.515258,0.411835,0.587758,-0.446095,0.223572,-0.16125,0.073667,-0.197529,0.702929,-0.489742,-0.160978,0.013604
0.524517,0.411835,-0.446095,0.223572,-0.16125,0.073667,-0.197529,0.702929,-0.489742,-0.160978,0.013604,0.479603
0.51808,0.411835,0.223572,-0.16125,0.073667,-0.197529,0.702929,-0.489742,-0.160978,0.013604,0.479603,-0.582317
0.515959,0.411835,-0.16125,0.073667,-0.197529,0.702929,-0.489742,-0.160978,0.013604,0.479603,-0.582317,0.075539
0.516139,0.411835,0.073667,-0.197529,0.702929,-0.489742,-0.160978,0.013604,0.479603,-0.582317,0.075539,-0.403878
0.522457,0.411835,-0.197529,0.702929,-0.489742,-0.160978,0.013604,0.479603,-0.582317,0.075539,-0.403878,0.078621
0.51478,0.411835,0.702929,-0.489742,-0.160978,0.013604,0.479603,-0.582317,0.075539,-0.403878,0.078621,-0.15141
0.515777,0.411835,-0.489742,-0.160978,0.013604,0.479603,-0.582317,0.075539,-0.403878,0.078621,-0.15141,0.738191
0.510443,0.411835,-0.160978,0.013604,0.479603,-0.582317,0.075539,-0.403878,0.078621,-0.15141,0.738191,-0.528494
0.511483,0.411835,0.013604,0.479603,-0.582317,0.075539,-0.403878,0.078621,-0.15141,0.738191,-0.528494,-0.1377
0.509477,0.411835,0.479603,-0.582317,0.075539,-0.403878,0.078621,-0.15141,0.738191,-0.528494,-0.1377,0.073218
0.519236,0.411835,-0.582317,0.075539,-0.403878,0.078621,-0.15141,0.738191,-0.528494,-0.1377,0.073218,0.524788
0.512264,0.411835,0.075539,-0.403878,0.078621,-0.15141,0.738191,-0.528494,-0.1377,0.073218,0.524788,-0.324262
0.510443,0.411835,-0.403878,0.078621,-0.15141,0.738191,-0.528494,-0.1377,0.073218,0.524788,-0.324262,0.108001
0.511412,0.411835,0.078621,-0.15141,0.738191,-0.528494,-0.1377,0.073218,0.524788,-0.324262,0.108001,-0.051528
0.518345,0.411835,-0.15141,0.738191,-0.528494,-0.1377,0.073218,0.524788,-0.324262,0.108001,-0.051528,-0.105774
0.514064,0.411835,0.738191,-0.528494,-0.1377,0.073218,0.524788,-0.324262,0.108001,-0.051528,-0.105774,-0.033607
0.515489,0.411835,-0.528494,-0.1377,0.073218,0.524788,-0.324262,0.108001,-0.051528,-0.105774,-0.033607,0.229223
0.51481,0.411835,-0.1377,0.073218,0.524788,-0.324262,0.108001,-0.051528,-0.105774,-0.033607,0.229223,-0.207019
0.513414,0.411835,0.073218,0.524788,-0.324262,0.108001,-0.051528,-0.105774,-0.033607,0.229223,-0.207019,-0.680098
0.512969,0.411835,0.524788,-0.324262,0.108001,-0.051528,-0.105774,-0.033607,0.229223,-0.207019,-0.680098,0.297433
0.515999,0.411835,-0.324262,0.108001,-0.051528,-0.105774,-0.033607,0.229223,-0.207019,-0.680098,0.297433,0.160237
0.513266,0.411835,0.108001,-0.051528,-0.105774,-0.033607,0.229223,-0.207019,-0.680098,0.297433,0.160237,0.146814
0.504259,0.411835,-0.051528,-0.105774,-0.033607,0.229223,-0.207019,-0.680098,0.297433,0.160237,0.146814,-0.157416
0.508206,0.411835,-0.105774,-0.033607,0.229223,-0.207019,-0.680098,0.297433,0.160237,0.146814,-0.157416,0.078339
0.510331,0.411835,-0.033607,0.229223,-0.207019,-0.680098,0.297433,0.160237,0.146814,-0.157416,0.078339,-0.147761
0.512276,0.411835,0.229223,-0.207019,-0.680098,0.297433,0.160237,0.146814,-0.157416,0.078339,-0.147761,0.058304
0.510193,0.411835,-0.207019,-0.680098,0.297433,0.160237,0.146814,-0.157416,0.078339,-0.147761,0.058304,0.179083
0.511229,0.411835,-0.680098,0.297433,0.160237,0.146814,-0.157416,0.078339,-0.147761,0.058304,0.179083,-0.495383
0.509273,0.411835,0.297433,0.160237,0.146814,-0.157416,0.078339,-0.147761,0.058304,0.179083,-0.495383,-0.591522
0.510046,0.411835,0.160237,0.146814,-0.157416,0.078339,-0.147761,0.058304,0.179083,-0.495383,-0.591522,-0.01704
0.512419,0.411835,0.146814,-0.157416,0.078339,-0.147761,0.058304,0.179083,-0.495383,-0.591522,-0.01704,0.432722
0.505854,0.412231,-0.157416,0.078339,-0.147761,0.058304,0.179083,-0.495383,-0.591522,-0.01704,0.432722,-0.242266
0.497985,0.412231,0.078339,-0.147761,0.058304,0.179083,-0.495383,-0.591522,-0.01704,0.432722,-0.242266,0.140857
0.497757,0.412231,-0.147761,0.058304,0.179083,-0.495383,-0.591522,-0.01704,0.432722,-0.242266,0.140857,-0.034624
0.503529,0.412231,0.058304,0.179083,-0.495383,-0.591522,-0.01704,0.432722,-0.242266,0.140857,-0.034624,-0.033342
0.500299,0.412231,0.179083,-0.495383,-0.591522,-0.01704,0.432722,-0.242266,0.140857,-0.034624,-0.033342,0.021368
0.502176,0.412231,-0.495383,-0.591522,-0.01704,0.432722,-0.242266,0.140857,-0.034624,-0.033342,0.021368,0.575552
0.501715,0.412231,-0.591522,-0.01704,0.432722,-0.242266,0.140857,-0.034624,-0.033342,0.021368,0.575552,-0.391588
0.501271,0.412231,-0.01704,0.432722,-0.242266,0.140857,-0.034624,-0.033342,0.021368,0.575552,-0.391588,-0.156916
0.501556,0.412231,0.432722,-0.242266,0.140857,-0.034624,-0.033342,0.021368,0.575552,-0.391588,-0.156916,0.051415
0.50921,0.412231,-0.242266,0.140857,-0.034624,-0.033342,0.021368,0.575552,-0.391588,-0.156916,0.051415,0.404256
0.504013,0.412231,0.140857,-0.034624,-0.033342,0.021368,0.575552,-0.391588,-0.156916,0.051415,0.404256,-0.334332
0.501927,0.412231,-0.034624,-0.033342,0.021368,0.575552,-0.391588,-0.156916,0.051415,0.404256,-0.334332,0.147422
0.502611,0.412231,-0.033342,0.021368,0.575552,-0.391588,-0.156916,0.051415,0.404256,-0.334332,0.147422,-0.141383
0.507986,0.412231,0.021368,0.575552,-0.391588,-0.156916,0.051415,0.404256,-0.334332,0.147422,-0.141383,-0.060163
0.50354,0.412231,0.575552,-0.391588,-0.156916,0.051415,0.404256,-0.334332,0.147422,-0.141383,-0.060163,-0.058074
0.5055,0.412231,-0.391588,-0.156916,0.051415,0.404256,-0.334332,0.147422,-0.141383,-0.060163,-0.058074,0.576157
0.503622,0.412231,-0.156916,0.051415,0.404256,-0.334332,0.147422,-0.141383,-0.060163,-0.058074,0.576157,-0.41323
0.502822,0.412231,0.051415,0.404256,-0.334332,0.147422,-0.141383,-0.060163,-0.058074,0.576157,-0.41323,-0.220609
0.502049,0.412231,0.404256,-0.334332,0.147422,-0.141383,-0.060163,-0.058074,0.576157,-0.41323,-0.220609,0.093805
0.509709,0.412231,-0.334332,0.147422,-0.141383,-0.060163,-0.058074,0.576157,-0.41323,-0.220609,0.093805,0.430961
0.504225,0.412231,0.147422,-0.141383,-0.060163,-0.058074,0.576157,-0.41323,-0.220609,0.093805,0.430961,-0.307972
0.501292,0.412231,-0.141383,-0.060163,-0.058074,0.576157,-0.41323,-0.220609,0.093805,0.430961,-0.307972,0.104943
0.50254,0.412231,-0.060163,-0.058074,0.576157,-0.41323,-0.220609,0.093805,0.430961,-0.307972,0.104943,-0.066795
0.50827,0.412231,-0.058074,0.576157,-0.41323,-0.220609,0.093805,0.430961,-0.307972,0.104943,-0.066795,-0.081622
0.504176,0.412231,0.576157,-0.41323,-0.220609,0.093805,0.430961,-0.307972,0.104943,-0.066795,-0.081622,-0.174503
0.505571,0.412231,-0.41323,-0.220609,0.093805,0.430961,-0.307972,0.104943,-0.066795,-0.081622,-0.174503,0.334771
0.504684,0.412231,-0.220609,0.093805,0.430961,-0.307972,0.104943,-0.066795,-0.081622,-0.174503,0.334771,-0.56846
0.503599,0.412231,0.093805,0.430961,-0.307972,0.104943,-0.066795,-0.081622,-0.174503,0.334771,-0.56846,-0.076515
0.501275,0.412231,0.430961,-0.307972,0.104943,-0.066795,-0.081622,-0.174503,0.334771,-0.56846,-0.076515,0.072318
0.505732,0.412231,-0.307972,0.104943,-0.066795,-0.081622,-0.174503,0.334771,-0.56846,-0.076515,0.072318,0.501981
0.498164,0.412231,0.104943,-0.066795,-0.081622,-0.174503,0.334771,-0.56846,-0.076515,0.072318,0.501981,-0.279734
0.497143,0.412231,-0.066795,-0.081622,-0.174503,0.334771,-0.56846,-0.076515,0.072318,0.501981,-0.279734,0.162388
0.498108,0.412231,-0.081622,-0.174503,0.334771,-0.56846,-0.076515,0.072318,0.501981,-0.279734,0.162388,-0.050609
0.504799,0.412231,-0.174503,0.334771,-0.56846,-0.076515,0.072318,0.501981,-0.279734,0.162388,-0.050609,-0.075834
0.501073,0.412231,0.334771,-0.56846,-0.076515,0.072318,0.501981,-0.279734,0.162388,-0.050609,-0.075834,-0.005043
0.503235,0.412231,-0.56846,-0.076515,0.072318,0.501981,-0.279734,0.162388,-0.050609,-0.075834,-0.005043,0.570102
0.502562,0.412231,-0.076515,0.072318,0.501981,-0.279734,0.162388,-0.050609,-0.075834,-0.005043,0.570102,-0.37554
0.501553,0.412231,0.072318,0.501981,-0.279734,0.162388,-0.050609,-0.075834,-0.005043,0.570102,-0.37554,-0.236422
0.501486,0.412231,0.501981,-0.279734,0.162388,-0.050609,-0.075834,-0.005043,0.570102,-0.37554,-0.236422,0.114972
0.509068,0.412231,-0.279734,0.162388,-0.050609,-0.075834,-0.005043,0.570102,-0.37554,-0.236422,0.114972,0.409516
0.504083,0.412231,0.162388,-0.050609,-0.075834,-0.005043,0.570102,-0.37554,-0.236422,0.114972,0.409516,-0.323694
0.500939,0.412231,-0.050609,-0.075834,-0.005043,0.570102,-0.37554,-0.236422,0.114972,0.409516,-0.323694,0.126097
0.50247,0.412231,-0.075834,-0.005043,0.570102,-0.37554,-0.236422,0.114972,0.409516,-0.323694,0.126097,-0.082748
0.507915,0.412231,-0.005043,0.570102,-0.37554,-0.236422,0.114972,0.409516,-0.323694,0.126097,-0.082748,-0.065573
0.503611,0.412231,0.570102,-0.37554,-0.236422,0.114972,0.409516,-0.323694,0.126097,-0.082748,-0.065573,-0.047633
0.505287,0.412231,-0.37554,-0.236422,0.114972,0.409516,-0.323694,0.126097,-0.082748,-0.065573,-0.047633,0.560819
0.504188,0.412231,-0.236422,0.114972,0.409516,-0.323694,0.126097,-0.082748,-0.065573,-0.047633,0.560819,-0.365564
0.503317,0.412231,0.114972,0.409516,-0.323694,0.126097,-0.082748,-0.065573,-0.047633,0.560819,-0.365564,-0.247574
0.502682,0.412231,0.409516,-0.323694,0.126097,-0.082748,-0.065573,-0.047633,0.560819,-0.365564,-0.247574,0.093886
0.510136,0.412231,-0.323694,0.126097,-0.082748,-0.065573,-0.047633,0.560819,-0.365564,-0.247574,0.093886,0.404697
0.505287,0.412231,0.126097,-0.082748,-0.065573,-0.047633,0.560819,-0.365564,-0.247574,0.093886,0.404697,-0.281596
0.501997,0.412231,-0.082748,-0.065573,-0.047633,0.560819,-0.365564,-0.247574,0.093886,0.404697,-0.281596,0.126559
0.503246,0.412231,-0.065573,-0.047633,0.560819,-0.365564,-0.247574,0.093886,0.404697,-0.281596,0.126559,-0.077582
0.508624,0.412231,-0.047633,0.560819,-0.365564,-0.247574,0.093886,0.404697,-0.281596,0.126559,-0.077582,-0.097802
0.504883,0.412231,0.560819,-0.365564,-0.247574,0.093886,0.404697,-0.281596,0.126559,-0.077582,-0.097802,-0.000098
0.506564,0.412231,-0.365564,-0.247574,0.093886,0.404697,-0.281596,0.126559,-0.077582,-0.097802,-0.000098,0.530358
0.505535,0.412231,-0.247574,0.093886,0.404697,-0.281596,0.126559,-0.077582,-0.097802,-0.000098,0.530358,-0.738676
0.504236,0.412231,0.093886,0.404697,-0.281596,0.126559,-0.077582,-0.097802,-0.000098,0.530358,-0.738676,-0.05577
0.504234,0.412231,0.404697,-0.281596,0.126559,-0.077582,-0.097802,-0.000098,0.530358,-0.738676,-0.05577,-0.275307
0.511276,0.412231,-0.281596,0.126559,-0.077582,-0.097802,-0.000098,0.530358,-0.738676,-0.05577,-0.275307,0.580655
0.50147,0.412231,0.126559,-0.077582,-0.097802,-0.000098,0.530358,-0.738676,-0.05577,-0.275307,0.580655,-0.390378
0.500728,0.412231,-0.077582,-0.097802,-0.000098,0.530358,-0.738676,-0.05577,-0.275307,0.580655,-0.390378,0.267846
0.497057,0.412231,-0.097802,-0.000098,0.530358,-0.738676,-0.05577,-0.275307,0.580655,-0.390378,0.267846,-0.204296
0.504799,0.412231,-0.000098,0.530358,-0.738676,-0.05577,-0.275307,0.580655,-0.390378,0.267846,-0.204296,0.114897
0.499597,0.412231,0.530358,-0.738676,-0.05577,-0.275307,0.580655,-0.390378,0.267846,-0.204296,0.114897,-0.226293
0.503164,0.412231,-0.738676,-0.05577,-0.275307,0.580655,-0.390378,0.267846,-0.204296,0.114897,-0.226293,0.705972
0.500446,0.412231,-0.05577,-0.275307,0.580655,-0.390378,0.267846,-0.204296,0.114897,-0.226293,0.705972,-0.475897
0.501976,0.412231,-0.275307,0.580655,-0.390378,0.267846,-0.204296,0.114897,-0.226293,0.705972,-0.475897,-0.182756
0.498958,0.412231,0.580655,-0.390378,0.267846,-0.204296,0.114897,-0.226293,0.705972,-0.475897,-0.182756,0.061916
0.508357,0.412231,-0.390378,0.267846,-0.204296,0.114897,-0.226293,0.705972,-0.475897,-0.182756,0.061916,0.42406
0.502034,0.412231,0.267846,-0.204296,0.114897,-0.226293,0.705972,-0.475897,-0.182756,0.061916,0.42406,-0.296227
0.499601,0.412231,-0.204296,0.114897,-0.226293,0.705972,-0.475897,-0.182756,0.061916,0.42406,-0.296227,0.061819
0.500426,0.412231,0.114897,-0.226293,0.705972,-0.475897,-0.182756,0.061916,0.42406,-0.296227,0.061819,-0.077115
0.506072,0.412231,-0.226293,0.705972,-0.475897,-0.182756,0.061916,0.42406,-0.296227,0.061819,-0.077115,-0.04924
0.502129,0.412231,0.705972,-0.475897,-0.182756,0.061916,0.42406,-0.296227,0.061819,-0.077115,-0.04924,-0.073523
0.502952,0.412231,-0.475897,-0.182756,0.061916,0.42406,-0.296227,0.061819,-0.077115,-0.04924,-0.073523,0.579359
0.501927,0.413269,-0.182756,0.061916,0.42406,-0.296227,0.061819,-0.077115,-0.04924,-0.073523,0.579359,-0.739472
0.501271,0.413269,0.061916,0.42406,-0.296227,0.061819,-0.077115,-0.04924,-0.073523,0.579359,-0.739472,-0.087015
0.500291,0.413269,0.42406,-0.296227,0.061819,-0.077115,-0.04924,-0.073523,0.579359,-0.739472,-0.087015,-0.2313
0.508002,0.413269,-0.296227,0.061819,-0.077115,-0.04924,-0.073523,0.579359,-0.739472,-0.087015,-0.2313,0.572087
0.498164,0.413269,0.061819,-0.077115,-0.04924,-0.073523,0.579359,-0.739472,-0.087015,-0.2313,0.572087,-0.39333
0.497003,0.413269,-0.077115,-0.04924,-0.073523,0.579359,-0.739472,-0.087015,-0.2313,0.572087,-0.39333,0.039575
0.493911,0.413269,-0.04924,-0.073523,0.579359,-0.739472,-0.087015,-0.2313,0.572087,-0.39333,0.039575,-0.25409
0.501556,0.413269,-0.073523,0.579359,-0.739472,-0.087015,-0.2313,0.572087,-0.39333,0.039575,-0.25409,-0.141295
0.496303,0.413269,0.579359,-0.739472,-0.087015,-0.2313,0.572087,-0.39333,0.039575,-0.25409,-0.141295,-0.029617
0.496831,0.413269,-0.739472,-0.087015,-0.2313,0.572087,-0.39333,0.039575,-0.25409,-0.141295,-0.029617,0.589143
0.493436,0.413269,-0.087015,-0.2313,0.572087,-0.39333,0.039575,-0.25409,-0.141295,-0.029617,0.589143,-0.665201
0.491543,0.413269,-0.2313,0.572087,-0.39333,0.039575,-0.25409,-0.141295,-0.029617,0.589143,-0.665201,-0.11683
0.491146,0.413269,0.572087,-0.39333,0.039575,-0.25409,-0.141295,-0.029617,0.589143,-0.665201,-0.11683,-0.583855
0.499035,0.413269,-0.39333,0.039575,-0.25409,-0.141295,-0.029617,0.589143,-0.665201,-0.11683,-0.583855,0.246433
0.490135,0.413269,0.039575,-0.25409,-0.141295,-0.029617,0.589143,-0.665201,-0.11683,-0.583855,0.246433,-0.567223
0.488567,0.413269,-0.25409,-0.141295,-0.029617,0.589143,-0.665201,-0.11683,-0.583855,0.246433,-0.567223,0.005924
0.480707,0.413269,-0.141295,-0.029617,0.589143,-0.665201,-0.11683,-0.583855,0.246433,-0.567223,0.005924,-0.249389
0.484034,0.413269,-0.029617,0.589143,-0.665201,-0.11683,-0.583855,0.246433,-0.567223,0.005924,-0.249389,0.241335
0.476362,0.413269,0.589143,-0.665201,-0.11683,-0.583855,0.246433,-0.567223,0.005924,-0.249389,0.241335,-0.137072
0.476442,0.413269,-0.665201,-0.11683,-0.583855,0.246433,-0.567223,0.005924,-0.249389,0.241335,-0.137072,0.746555
0.473063,0.413269,-0.11683,-0.583855,0.246433,-0.567223,0.005924,-0.249389,0.241335,-0.137072,0.746555,-0.74793
0.476334,0.413269,-0.583855,0.246433,-0.567223,0.005924,-0.249389,0.241335,-0.137072,0.746555,-0.74793,0.06698
0.474475,0.413269,0.246433,-0.567223,0.005924,-0.249389,0.241335,-0.137072,0.746555,-0.74793,0.06698,-0.259745
0.484577,0.413269,-0.567223,0.005924,-0.249389,0.241335,-0.137072,0.746555,-0.74793,0.06698,-0.259745,0.701377
0.474468,0.413269,0.005924,-0.249389,0.241335,-0.137072,0.746555,-0.74793,0.06698,-0.259745,0.701377,-0.42928
0.475375,0.413269,-0.249389,0.241335,-0.137072,0.746555,-0.74793,0.06698,-0.259745,0.701377,-0.42928,0.354219
0.471852,0.413269,0.241335,-0.137072,0.746555,-0.74793,0.06698,-0.259745,0.701377,-0.42928,0.354219,-0.226031
0.481359,0.413269,-0.137072,0.746555,-0.74793,0.06698,-0.259745,0.701377,-0.42928,0.354219,-0.226031,0.116436
0.475546,0.413269,0.746555,-0.74793,0.06698,-0.259745,0.701377,-0.42928,0.354219,-0.226031,0.116436,-0.178234
0.480338,0.413269,-0.74793,0.06698,-0.259745,0.701377,-0.42928,0.354219,-0.226031,0.116436,-0.178234,0.667804
0.477284,0.413269,0.06698,-0.259745,0.701377,-0.42928,0.354219,-0.226031,0.116436,-0.178234,0.667804,-0.421279
0.478859,0.413269,-0.259745,0.701377,-0.42928,0.354219,-0.226031,0.116436,-0.178234,0.667804,-0.421279,-0.124808
0.476445,0.4151,0.701377,-0.42928,0.354219,-0.226031,0.116436,-0.178234,0.667804,-0.421279,-0.124808,0.10138
0.485473,0.4151,-0.42928,0.354219,-0.226031,0.116436,-0.178234,0.667804,-0.421279,-0.124808,0.10138,0.37835
0.47979,0.4151,0.354219,-0.226031,0.116436,-0.178234,0.667804,-0.421279,-0.124808,0.10138,0.37835,-0.234573
0.478104,0.4151,-0.226031,0.116436,-0.178234,0.667804,-0.421279,-0.124808,0.10138,0.37835,-0.234573,0.108316
0.479474,0.4151,0.116436,-0.178234,0.667804,-0.421279,-0.124808,0.10138,0.37835,-0.234573,0.108316,0.007018
0.484584,0.4151,-0.178234,0.667804,-0.421279,-0.124808,0.10138,0.37835,-0.234573,0.108316,0.007018,-0.208618
0.481417,0.4151,0.667804,-0.421279,-0.124808,0.10138,0.37835,-0.234573,0.108316,0.007018,-0.208618,0.073572
0.482879,0.4151,-0.421279,-0.124808,0.10138,0.37835,-0.234573,0.108316,0.007018,-0.208618,0.073572,0.550868
0.482973,0.4151,-0.124808,0.10138,0.37835,-0.234573,0.108316,0.007018,-0.208618,0.073572,0.550868,-0.367486
0.480159,0.4151,0.10138,0.37835,-0.234573,0.108316,0.007018,-0.208618,0.073572,0.550868,-0.367486,-0.196959
0.481153,0.4151,0.37835,-0.234573,0.108316,0.007018,-0.208618,0.073572,0.550868,-0.367486,-0.196959,0.111935
0.48858,0.4151,-0.234573,0.108316,0.007018,-0.208618,0.073572,0.550868,-0.367486,-0.196959,0.111935,0.431684
0.483635,0.4151,0.108316,0.007018,-0.208618,0.073572,0.550868,-0.367486,-0.196959,0.111935,0.431684,-0.241175
0.48098,0.4151,0.007018,-0.208618,0.073572,0.550868,-0.367486,-0.196959,0.111935,0.431684,-0.241175,0.140298
0.48249,0.4151,-0.208618,0.073572,0.550868,-0.367486,-0.196959,0.111935,0.431684,-0.241175,0.140298,-0.018554
0.488307,0.4151,0.073572,0.550868,-0.367486,-0.196959,0.111935,0.431684,-0.241175,0.140298,-0.018554,-0.056873
0.485059,0.4151,0.550868,-0.367486,-0.196959,0.111935,0.431684,-0.241175,0.140298,-0.018554,-0.056873,0.007166
0.486947,0.4151,-0.367486,-0.196959,0.111935,0.431684,-0.241175,0.140298,-0.018554,-0.056873,0.007166,0.546315
0.486698,0.4151,-0.196959,0.111935,0.431684,-0.241175,0.140298,-0.018554,-0.056873,0.007166,0.546315,-0.334479
0.485933,0.4151,0.111935,0.431684,-0.241175,0.140298,-0.018554,-0.056873,0.007166,0.546315,-0.334479,-0.204061
0.486029,0.4151,0.431684,-0.241175,0.140298,-0.018554,-0.056873,0.007166,0.546315,-0.334479,-0.204061,0.138482
0.493371,0.4151,-0.241175,0.140298,-0.018554,-0.056873,0.007166,0.546315,-0.334479,-0.204061,0.138482,0.40988
0.488886,0.4151,0.140298,-0.018554,-0.056873,0.007166,0.546315,-0.334479,-0.204061,0.138482,0.40988,-0.459558
0.486145,0.4151,-0.018554,-0.056873,0.007166,0.546315,-0.334479,-0.204061,0.138482,0.40988,-0.459558,0.141156
0.488006,0.4151,-0.056873,0.007166,0.546315,-0.334479,-0.204061,0.138482,0.40988,-0.459558,0.141156,-0.363269
0.493509,0.4151,0.007166,0.546315,-0.334479,-0.204061,0.138482,0.40988,-0.459558,0.141156,-0.363269,-0.010455
0.487336,0.4151,0.546315,-0.334479,-0.204061,0.138482,0.40988,-0.459558,0.141156,-0.363269,-0.010455,-0.493953
0.489232,0.4151,-0.334479,-0.204061,0.138482,0.40988,-0.459558,0.141156,-0.363269,-0.010455,-0.493953,0.373313
0.48435,0.4151,-0.204061,0.138482,0.40988,-0.459558,0.141156,-0.363269,-0.010455,-0.493953,0.373313,-0.514718
0.48421,0.4151,0.138482,0.40988,-0.459558,0.141156,-0.363269,-0.010455,-0.493953,0.373313,-0.514718,-0.023437
0.477534,0.4151,0.40988,-0.459558,0.141156,-0.363269,-0.010455,-0.493953,0.373313,-0.514718,-0.023437,0.121151
0.482583,0.4151,-0.459558,0.141156,-0.363269,-0.010455,-0.493953,0.373313,-0.514718,-0.023437,0.121151,0.554779
0.475625,0.4151,0.141156,-0.363269,-0.010455,-0.493953,0.373313,-0.514718,-0.023437,0.121151,0.554779,-0.436788
0.475307,0.4151,-0.363269,-0.010455,-0.493953,0.373313,-0.514718,-0.023437,0.121151,0.554779,-0.436788,0.188614
0.476948,0.4151,-0.010455,-0.493953,0.373313,-0.514718,-0.023437,0.121151,0.554779,-0.436788,0.188614,-0.377705
0.484446,0.4151,-0.493953,0.373313,-0.514718,-0.023437,0.121151,0.554779,-0.436788,0.188614,-0.377705,0.207128
0.478544,0.4151,0.373313,-0.514718,-0.023437,0.121151,0.554779,-0.436788,0.188614,-0.377705,0.207128,-0.12297
0.481093,0.4151,-0.514718,-0.023437,0.121151,0.554779,-0.436788,0.188614,-0.377705,0.207128,-0.12297,0.740541
0.475988,0.4151,-0.023437,0.121151,0.554779,-0.436788,0.188614,-0.377705,0.207128,-0.12297,0.740541,-0.397089
0.478791,0.4151,0.121151,0.554779,-0.436788,0.188614,-0.377705,0.207128,-0.12297,0.740541,-0.397089,-0.145567
0.477125,0.4151,0.554779,-0.436788,0.188614,-0.377705,0.207128,-0.12297,0.740541,-0.397089,-0.145567,0.010255
0.487128,0.4151,-0.436788,0.188614,-0.377705,0.207128,-0.12297,0.740541,-0.397089,-0.145567,0.010255,0.038123
0.481779,0.4151,0.188614,-0.377705,0.207128,-0.12297,0.740541,-0.397089,-0.145567,0.010255,0.038123,-0.237946
0.479815,0.4151,-0.377705,0.207128,-0.12297,0.740541,-0.397089,-0.145567,0.010255,0.038123,-0.237946,-0.054453
0.479953,0.4151,0.207128,-0.12297,0.740541,-0.397089,-0.145567,0.010255,0.038123,-0.237946,-0.054453,-0.108997
0.480469,0.4151,-0.12297,0.740541,-0.397089,-0.145567,0.010255,0.038123,-0.237946,-0.054453,-0.108997,-0.284438
0.477248,0.4151,0.740541,-0.397089,-0.145567,0.010255,0.038123,-0.237946,-0.054453,-0.108997,-0.284438,0.152962
0.47651,0.4151,-0.397089,-0.145567,0.010255,0.038123,-0.237946,-0.054453,-0.108997,-0.284438,0.152962,0.52632
0.475035,0.4151,-0.145567,0.010255,0.038123,-0.237946,-0.054453,-0.108997,-0.284438,0.152962,0.52632,-0.226335
0.471175,0.4151,0.010255,0.038123,-0.237946,-0.054453,-0.108997,-0.284438,0.152962,0.52632,-0.226335,-0.244808
0.473255,0.4151,0.038123,-0.237946,-0.054453,-0.108997,-0.284438,0.152962,0.52632,-0.226335,-0.244808,0.216532
0.48039,0.4151,-0.237946,-0.054453,-0.108997,-0.284438,0.152962,0.52632,-0.226335,-0.244808,0.216532,0.447837
0.477329,0.4151,-0.054453,-0.108997,-0.284438,0.152962,0.52632,-0.226335,-0.244808,0.216532,0.447837,-0.228873
0.474014,0.4151,-0.108997,-0.284438,0.152962,0.52632,-0.226335,-0.244808,0.216532,0.447837,-0.228873,0.128175
0.476948,0.4151,-0.284438,0.152962,0.52632,-0.226335,-0.244808,0.216532,0.447837,-0.228873,0.128175,-0.038843
0.483004,0.4151,0.152962,0.52632,-0.226335,-0.244808,0.216532,0.447837,-0.228873,0.128175,-0.038843,-0.076113
0.479911,0.4151,0.52632,-0.226335,-0.244808,0.216532,0.447837,-0.228873,0.128175,-0.038843,-0.076113,-0.067998
0.481642,0.4151,-0.226335,-0.244808,0.216532,0.447837,-0.228873,0.128175,-0.038843,-0.076113,-0.067998,0.615196
0.481118,0.4151,-0.244808,0.216532,0.447837,-0.228873,0.128175,-0.038843,-0.076113,-0.067998,0.615196,-0.402429
0.48009,0.4151,0.216532,0.447837,-0.228873,0.128175,-0.038843,-0.076113,-0.067998,0.615196,-0.402429,-0.216631
0.479171,0.4151,0.447837,-0.228873,0.128175,-0.038843,-0.076113,-0.067998,0.615196,-0.402429,-0.216631,0.11165
0.487474,0.4151,-0.228873,0.128175,-0.038843,-0.076113,-0.067998,0.615196,-0.402429,-0.216631,0.11165,0.420037
0.482054,0.4151,0.128175,-0.038843,-0.076113,-0.067998,0.615196,-0.402429,-0.216631,0.11165,0.420037,-0.458528
0.47913,0.4151,-0.038843,-0.076113,-0.067998,0.615196,-0.402429,-0.216631,0.11165,0.420037,-0.458528,0.153704
0.480638,0.4151,-0.076113,-0.067998,0.615196,-0.402429,-0.216631,0.11165,0.420037,-0.458528,0.153704,-0.378515
0.486305,0.4151,-0.067998,0.615196,-0.402429,-0.216631,0.11165,0.420037,-0.458528,0.153704,-0.378515,0.111339
0.480116,0.4151,0.615196,-0.402429,-0.216631,0.11165,0.420037,-0.458528,0.153704,-0.378515,0.111339,-0.107818
0.482191,0.4151,-0.402429,-0.216631,0.11165,0.420037,-0.458528,0.153704,-0.378515,0.111339,-0.107818,0.755945
0.47708,0.4151,-0.216631,0.11165,0.420037,-0.458528,0.153704,-0.378515,0.111339,-0.107818,0.755945,-0.463368
0.478585,0.4151,0.11165,0.420037,-0.458528,0.153704,-0.378515,0.111339,-0.107818,0.755945,-0.463368,-0.104803
0.477125,0.4151,0.420037,-0.458528,0.153704,-0.378515,0.111339,-0.107818,0.755945,-0.463368,-0.104803,0.091406
0.487336,0.4151,-0.458528,0.153704,-0.378515,0.111339,-0.107818,0.755945,-0.463368,-0.104803,0.091406,0.502293
0.481093,0.4151,0.153704,-0.378515,0.111339,-0.107818,0.755945,-0.463368,-0.104803,0.091406,0.502293,-0.520532
0.479678,0.4151,-0.378515,0.111339,-0.107818,0.755945,-0.463368,-0.104803,0.091406,0.502293,-0.520532,0.189633
0.480912,0.4151,0.111339,-0.107818,0.755945,-0.463368,-0.104803,0.091406,0.502293,-0.520532,0.189633,-0.414665
0.487685,0.4151,-0.107818,0.755945,-0.463368,-0.104803,0.091406,0.502293,-0.520532,0.189633,-0.414665,0.111428
0.480664,0.421478,0.755945,-0.463368,-0.104803,0.091406,0.502293,-0.520532,0.189633,-0.414665,0.111428,-0.173343
0.483222,0.421478,-0.463368,-0.104803,0.091406,0.502293,-0.520532,0.189633,-0.414665,0.111428,-0.173343,0.775912
0.477626,0.421478,-0.104803,0.091406,0.502293,-0.520532,0.189633,-0.414665,0.111428,-0.173343,0.775912,-0.442974
0.479132,0.421478,0.091406,0.502293,-0.520532,0.189633,-0.414665,0.111428,-0.173343,0.775912,-0.442974,-0.140362
0.476785,0.421478,0.502293,-0.520532,0.189633,-0.414665,0.111428,-0.173343,0.775912,-0.442974,-0.140362,0.101542
0.487267,0.421478,-0.520532,0.189633,-0.414665,0.111428,-0.173343,0.775912,-0.442974,-0.140362,0.101542,0.476518
0.481299,0.421478,0.189633,-0.414665,0.111428,-0.173343,0.775912,-0.442974,-0.140362,0.101542,0.476518,-0.489697
0.479404,0.421478,-0.414665,0.111428,-0.173343,0.775912,-0.442974,-0.140362,0.101542,0.476518,-0.489697,0.153898
0.480775,0.421478,0.111428,-0.173343,0.775912,-0.442974,-0.140362,0.101542,0.476518,-0.489697,0.153898,-0.399073
0.487202,0.421478,-0.173343,0.775912,-0.442974,-0.140362,0.101542,0.476518,-0.489697,0.153898,-0.399073,0.091162
0.480595,0.421478,0.775912,-0.442974,-0.140362,0.101542,0.476518,-0.489697,0.153898,-0.399073,0.091162,-0.122875
0.482672,0.421478,-0.442974,-0.140362,0.101542,0.476518,-0.489697,0.153898,-0.399073,0.091162,-0.122875,0.423548
0.477284,0.421478,-0.140362,0.101542,0.476518,-0.489697,0.153898,-0.399073,0.091162,-0.122875,0.423548,-0.242348
0.478517,0.421478,0.101542,0.476518,-0.489697,0.153898,-0.399073,0.091162,-0.122875,0.423548,-0.242348,-0.646275
0.476853,0.421478,0.476518,-0.489697,0.153898,-0.399073,0.091162,-0.122875,0.423548,-0.242348,-0.646275,0.320463
0.482583,0.421478,-0.489697,0.153898,-0.399073,0.091162,-0.122875,0.423548,-0.242348,-0.646275,0.320463,0.365292
0.479311,0.421478,0.153898,-0.399073,0.091162,-0.122875,0.423548,-0.242348,-0.646275,0.320463,0.365292,-0.121987
0.470556,0.421478,-0.399073,0.091162,-0.122875,0.423548,-0.242348,-0.646275,0.320463,0.365292,-0.121987,0.061737
0.474905,0.421478,0.091162,-0.122875,0.423548,-0.242348,-0.646275,0.320463,0.365292,-0.121987,0.061737,0.072793
0.479854,0.421478,-0.122875,0.423548,-0.242348,-0.646275,0.320463,0.365292,-0.121987,0.061737,0.072793,-0.312839
0.478202,0.421478,0.423548,-0.242348,-0.646275,0.320463,0.365292,-0.121987,0.061737,0.072793,-0.312839,-0.186754
0.479037,0.421478,-0.242348,-0.646275,0.320463,0.365292,-0.121987,0.061737,0.072793,-0.312839,-0.186754,0.405049
0.48002,0.421478,-0.646275,0.320463,0.365292,-0.121987,0.061737,0.072793,-0.312839,-0.186754,0.405049,-0.270959
0.47579,0.421478,0.320463,0.365292,-0.121987,0.061737,0.072793,-0.312839,-0.186754,0.405049,-0.270959,-0.248715
0.473255,0.421478,0.365292,-0.121987,0.061737,0.072793,-0.312839,-0.186754,0.405049,-0.270959,-0.248715,0.145549
0.478749,0.421478,-0.121987,0.061737,0.072793,-0.312839,-0.186754,0.405049,-0.270959,-0.248715,0.145549,0.430099
0.47508,0.421478,0.061737,0.072793,-0.312839,-0.186754,0.405049,-0.270959,-0.248715,0.145549,0.430099,-0.237552
0.471707,0.421478,0.072793,-0.312839,-0.186754,0.405049,-0.270959,-0.248715,0.145549,0.430099,-0.237552,-0.054441
0.473682,0.421478,-0.312839,-0.186754,0.405049,-0.270959,-0.248715,0.145549,0.430099,-0.237552,-0.054441,-0.223969
0.479512,0.421478,-0.186754,0.405049,-0.270959,-0.248715,0.145549,0.430099,-0.237552,-0.054441,-0.223969,-0.277853
0.476294,0.421478,0.405049,-0.270959,-0.248715,0.145549,0.430099,-0.237552,-0.054441,-0.223969,-0.277853,0.112826
0.475556,0.421478,-0.270959,-0.248715,0.145549,0.430099,-0.237552,-0.054441,-0.223969,-0.277853,0.112826,0.558151
0.472521,0.424469,-0.248715,0.145549,0.430099,-0.237552,-0.054441,-0.223969,-0.277853,0.112826,0.558151,-0.325627
0.468744,0.424469,0.145549,0.430099,-0.237552,-0.054441,-0.223969,-0.277853,0.112826,0.558151,-0.325627,-0.252918
0.470281,0.424469,0.430099,-0.237552,-0.054441,-0.223969,-0.277853,0.112826,0.558151,-0.325627,-0.252918,0.190089
0.477861,0.424469,-0.237552,-0.054441,-0.223969,-0.277853,0.112826,0.558151,-0.325627,-0.252918,0.190089,0.383961
0.473449,0.424469,-0.054441,-0.223969,-0.277853,0.112826,0.558151,-0.325627,-0.252918,0.190089,0.383961,-0.216836
0.470015,0.424469,-0.223969,-0.277853,0.112826,0.558151,-0.325627,-0.252918,0.190089,0.383961,-0.216836,0.101229
0.472597,0.424469,-0.277853,0.112826,0.558151,-0.325627,-0.252918,0.190089,0.383961,-0.216836,0.101229,0.016836
0.477806,0.424469,0.112826,0.558151,-0.325627,-0.252918,0.190089,0.383961,-0.216836,0.101229,0.016836,-0.300362
0.474866,0.424469,0.558151,-0.325627,-0.252918,0.190089,0.383961,-0.216836,0.101229,0.016836,-0.300362,-0.377647
0.476238,0.424469,-0.325627,-0.252918,0.190089,0.383961,-0.216836,0.101229,0.016836,-0.300362,-0.377647,0.131581
0.476466,0.424469,-0.252918,0.190089,0.383961,-0.216836,0.101229,0.016836,-0.300362,-0.377647,0.131581,-0.379564
0.472394,0.424469,0.190089,0.383961,-0.216836,0.101229,0.016836,-0.300362,-0.377647,0.131581,-0.379564,-0.155487
0.467252,0.424469,0.383961,-0.216836,0.101229,0.016836,-0.300362,-0.377647,0.131581,-0.379564,-0.155487,0.16297
0.469046,0.424469,-0.216836,0.101229,0.016836,-0.300362,-0.377647,0.131581,-0.379564,-0.155487,0.16297,0.437635
0.46387,0.424469,0.101229,0.016836,-0.300362,-0.377647,0.131581,-0.379564,-0.155487,0.16297,0.437635,-0.179466
0.461746,0.424469,0.016836,-0.300362,-0.377647,0.131581,-0.379564,-0.155487,0.16297,0.437635,-0.179466,0.163507
0.463973,0.424469,-0.300362,-0.377647,0.131581,-0.379564,-0.155487,0.16297,0.437635,-0.179466,0.163507,-0.008404
0.469944,0.424469,-0.377647,0.131581,-0.379564,-0.155487,0.16297,0.437635,-0.179466,0.163507,-0.008404,-0.113113
0.467497,0.424469,0.131581,-0.379564,-0.155487,0.16297,0.437635,-0.179466,0.163507,-0.008404,-0.113113,0.092973
0.469724,0.424469,-0.379564,-0.155487,0.16297,0.437635,-0.179466,0.163507,-0.008404,-0.113113,0.092973,0.551971
0.469609,0.424469,-0.155487,0.16297,0.437635,-0.179466,0.163507,-0.008404,-0.113113,0.092973,0.551971,-0.657986
0.46807,0.424469,0.16297,0.437635,-0.179466,0.163507,-0.008404,-0.113113,0.092973,0.551971,-0.657986,-0.191157
0.469337,0.424469,0.437635,-0.179466,0.163507,-0.008404,-0.113113,0.092973,0.551971,-0.657986,-0.191157,-0.19017
0.476839,0.424469,-0.179466,0.163507,-0.008404,-0.113113,0.092973,0.551971,-0.657986,-0.191157,-0.19017,0.283864
0.467902,0.424469,0.163507,-0.008404,-0.113113,0.092973,0.551971,-0.657986,-0.191157,-0.19017,0.283864,-0.315331
0.465298,0.424469,-0.008404,-0.113113,0.092973,0.551971,-0.657986,-0.191157,-0.19017,0.283864,-0.315331,-0.102994
0.462701,0.424469,-0.113113,0.092973,0.551971,-0.657986,-0.191157,-0.19017,0.283864,-0.315331,-0.102994,0.040348
0.46658,0.424469,0.092973,0.551971,-0.657986,-0.191157,-0.19017,0.283864,-0.315331,-0.102994,0.040348,0.001464
0.462269,0.424469,0.551971,-0.657986,-0.191157,-0.19017,0.283864,-0.315331,-0.102994,0.040348,0.001464,0.058335
0.46086,0.424469,-0.657986,-0.191157,-0.19017,0.283864,-0.315331,-0.102994,0.040348,0.001464,0.058335,0.583115
0.461412,0.424469,-0.191157,-0.19017,0.283864,-0.315331,-0.102994,0.040348,0.001464,0.058335,0.583115,-0.306516
0.461432,0.424469,-0.19017,0.283864,-0.315331,-0.102994,0.040348,0.001464,0.058335,0.583115,-0.306516,-0.18557
0.462231,0.424469,0.283864,-0.315331,-0.102994,0.040348,0.001464,0.058335,0.583115,-0.306516,-0.18557,0.094569
0.470193,0.424469,-0.315331,-0.102994,0.040348,0.001464,0.058335,0.583115,-0.306516,-0.18557,0.094569,-0.039684
0.466018,0.424469,-0.102994,0.040348,0.001464,0.058335,0.583115,-0.306516,-0.18557,0.094569,-0.039684,-0.207013
0.463486,0.424469,0.040348,0.001464,0.058335,0.583115,-0.306516,-0.18557,0.094569,-0.039684,-0.207013,-0.073673
0.464777,0.424469,0.001464,0.058335,0.583115,-0.306516,-0.18557,0.094569,-0.039684,-0.207013,-0.073673,-0.154465
0.464235,0.424469,0.058335,0.583115,-0.306516,-0.18557,0.094569,-0.039684,-0.207013,-0.073673,-0.154465,-0.264028
0.461402,0.424469,0.583115,-0.306516,-0.18557,0.094569,-0.039684,-0.207013,-0.073673,-0.154465,-0.264028,0.144955
0.460393,0.424469,-0.306516,-0.18557,0.094569,-0.039684,-0.207013,-0.073673,-0.154465,-0.264028,0.144955,0.478164
0.458278,0.424469,-0.18557,0.094569,-0.039684,-0.207013,-0.073673,-0.154465,-0.264028,0.144955,0.478164,-0.215279
0.454655,0.424469,0.094569,-0.039684,-0.207013,-0.073673,-0.154465,-0.264028,0.144955,0.478164,-0.215279,-0.309424
0.456648,0.424469,-0.039684,-0.207013,-0.073673,-0.154465,-0.264028,0.144955,0.478164,-0.215279,-0.309424,-0.1763
0.463205,0.424469,-0.207013,-0.073673,-0.154465,-0.264028,0.144955,0.478164,-0.215279,-0.309424,-0.1763,0.082308
0.46026,0.424469,-0.073673,-0.154465,-0.264028,0.144955,0.478164,-0.215279,-0.309424,-0.1763,0.082308,-0.03616
0.45602,0.424469,-0.154465,-0.264028,0.144955,0.478164,-0.215279,-0.309424,-0.1763,0.082308,-0.03616,-0.24085
0.453598,0.424469,-0.264028,0.144955,0.478164,-0.215279,-0.309424,-0.1763,0.082308,-0.03616,-0.24085,0.202437
0.45473,0.424469,0.144955,0.478164,-0.215279,-0.309424,-0.1763,0.082308,-0.03616,-0.24085,0.202437,-0.275513
0.454233,0.424469,0.478164,-0.215279,-0.309424,-0.1763,0.082308,-0.03616,-0.24085,0.202437,-0.275513,-0.074742
0.450917,0.424469,-0.215279,-0.309424,-0.1763,0.082308,-0.03616,-0.24085,0.202437,-0.275513,-0.074742,0.393121
0.453702,0.424469,-0.309424,-0.1763,0.082308,-0.03616,-0.24085,0.202437,-0.275513,-0.074742,0.393121,-0.193069
0.449909,0.424469,-0.1763,0.082308,-0.03616,-0.24085,0.202437,-0.275513,-0.074742,0.393121,-0.193069,-0.223391
0.448877,0.424469,0.082308,-0.03616,-0.24085,0.202437,-0.275513,-0.074742,0.393121,-0.193069,-0.223391,0.274348
0.454299,0.424469,-0.03616,-0.24085,0.202437,-0.275513,-0.074742,0.393121,-0.193069,-0.223391,0.274348,0.428615
0.451642,0.424469,-0.24085,0.202437,-0.275513,-0.074742,0.393121,-0.193069,-0.223391,0.274348,0.428615,-0.180852
0.448563,0.424469,0.202437,-0.275513,-0.074742,0.393121,-0.193069,-0.223391,0.274348,0.428615,-0.180852,0.187609
0.452344,0.424469,-0.275513,-0.074742,0.393121,-0.193069,-0.223391,0.274348,0.428615,-0.180852,0.187609,-0.061872
0.458239,0.424469,-0.074742,0.393121,-0.193069,-0.223391,0.274348,0.428615,-0.180852,0.187609,-0.061872,-0.070806
0.455754,0.424469,0.393121,-0.193069,-0.223391,0.274348,0.428615,-0.180852,0.187609,-0.061872,-0.070806,0.010104
0.458328,0.424469,-0.193069,-0.223391,0.274348,0.428615,-0.180852,0.187609,-0.061872,-0.070806,0.010104,0.615264
0.45748,0.424469,-0.223391,0.274348,0.428615,-0.180852,0.187609,-0.061872,-0.070806,0.010104,0.615264,-0.381757
0.456509,0.424469,0.274348,0.428615,-0.180852,0.187609,-0.061872,-0.070806,0.010104,0.615264,-0.381757,-0.212458
0.456648,0.424469,0.428615,-0.180852,0.187609,-0.061872,-0.070806,0.010104,0.615264,-0.381757,-0.212458,0.074401
0.46508,0.424469,-0.180852,0.187609,-0.061872,-0.070806,0.010104,0.615264,-0.381757,-0.212458,0.074401,0.024463
0.45986,0.424469,0.187609,-0.061872,-0.070806,0.010104,0.615264,-0.381757,-0.212458,0.074401,0.024463,-0.454205
0.456949,0.424469,-0.061872,-0.070806,0.010104,0.615264,-0.381757,-0.212458,0.074401,0.024463,-0.454205,0.14736
0.457969,0.424469,-0.070806,0.010104,0.615264,-0.381757,-0.212458,0.074401,0.024463,-0.454205,0.14736,-0.300897
0.458305,0.424469,0.010104,0.615264,-0.381757,-0.212458,0.074401,0.024463,-0.454205,0.14736,-0.300897,0.102511
0.452056,0.424469,0.615264,-0.381757,-0.212458,0.074401,0.024463,-0.454205,0.14736,-0.300897,0.102511,0.005819
0.454084,0.424469,-0.381757,-0.212458,0.074401,0.024463,-0.454205,0.14736,-0.300897,0.102511,0.005819,0.759064
0.449944,0.430481,-0.212458,0.074401,0.024463,-0.454205,0.14736,-0.300897,0.102511,0.005819,0.759064,-0.379544
0.451356,0.430481,0.074401,0.024463,-0.454205,0.14736,-0.300897,0.102511,0.005819,0.759064,-0.379544,-0.114809
0.451436,0.430481,0.024463,-0.454205,0.14736,-0.300897,0.102511,0.005819,0.759064,-0.379544,-0.114809,0.190286
0.461869,0.430481,-0.454205,0.14736,-0.300897,0.102511,0.005819,0.759064,-0.379544,-0.114809,0.190286,0.198893
0.456668,0.430481,0.14736,-0.300897,0.102511,0.005819,0.759064,-0.379544,-0.114809,0.190286,0.198893,-0.34071
0.455092,0.430481,-0.300897,0.102511,0.005819,0.759064,-0.379544,-0.114809,0.190286,0.198893,-0.34071,-0.294132
0.457703,0.430481,0.102511,0.005819,0.759064,-0.379544,-0.114809,0.190286,0.198893,-0.34071,-0.294132,-0.108996
0.460432,0.430481,0.005819,0.759064,-0.379544,-0.114809,0.190286,0.198893,-0.34071,-0.294132,-0.108996,-0.026355
0.455754,0.430481,0.759064,-0.379544,-0.114809,0.190286,0.198893,-0.34071,-0.294132,-0.108996,-0.026355,0.09163
0.451708,0.430481,-0.379544,-0.114809,0.190286,0.198893,-0.34071,-0.294132,-0.108996,-0.026355,0.09163,0.646681
0.450207,0.430481,-0.114809,0.190286,0.198893,-0.34071,-0.294132,-0.108996,-0.026355,0.09163,0.646681,-0.296319
0.449843,0.430481,0.190286,0.198893,-0.34071,-0.294132,-0.108996,-0.026355,0.09163,0.646681,-0.296319,-0.153176
0.451108,0.430481,0.198893,-0.34071,-0.294132,-0.108996,-0.026355,0.09163,0.646681,-0.296319,-0.153176,0.170578
0.460002,0.430481,-0.34071,-0.294132,-0.108996,-0.026355,0.09163,0.646681,-0.296319,-0.153176,0.170578,0.504761
0.455938,0.430481,-0.294132,-0.108996,-0.026355,0.09163,0.646681,-0.296319,-0.153176,0.170578,0.504761,-0.162882
0.453834,0.430481,-0.108996,-0.026355,0.09163,0.646681,-0.296319,-0.153176,0.170578,0.504761,-0.162882,0.136205
0.456178,0.430481,-0.026355,0.09163,0.646681,-0.296319,-0.153176,0.170578,0.504761,-0.162882,0.136205,-0.003574
0.463099,0.430481,0.09163,0.646681,-0.296319,-0.153176,0.170578,0.504761,-0.162882,0.136205,-0.003574,-0.130509
0.460868,0.430481,0.646681,-0.296319,-0.153176,0.170578,0.504761,-0.162882,0.136205,-0.003574,-0.130509,-0.000036
0.462731,0.430481,-0.296319,-0.153176,0.170578,0.504761,-0.162882,0.136205,-0.003574,-0.130509,-0.000036,0.581415
0.462683,0.430481,-0.153176,0.170578,0.504761,-0.162882,0.136205,-0.003574,-0.130509,-0.000036,0.581415,-0.369623
0.460898,0.430481,0.170578,0.504761,-0.162882,0.136205,-0.003574,-0.130509,-0.000036,0.581415,-0.369623,-0.21897
0.460898,0.430481,0.504761,-0.162882,0.136205,-0.003574,-0.130509,-0.000036,0.581415,-0.369623,-0.21897,0.148046
0.468844,0.430481,-0.162882,0.136205,-0.003574,-0.130509,-0.000036,0.581415,-0.369623,-0.21897,0.148046,0.416991
0.463803,0.430481,0.136205,-0.003574,-0.130509,-0.000036,0.581415,-0.369623,-0.21897,0.148046,0.416991,-0.188888
0.460811,0.430481,-0.003574,-0.130509,-0.000036,0.581415,-0.369623,-0.21897,0.148046,0.416991,-0.188888,0.152951
0.462835,0.430481,-0.130509,-0.000036,0.581415,-0.369623,-0.21897,0.148046,0.416991,-0.188888,0.152951,-0.057922
0.468529,0.430481,-0.000036,0.581415,-0.369623,-0.21897,0.148046,0.416991,-0.188888,0.152951,-0.057922,-0.092687
0.465952,0.430481,0.581415,-0.369623,-0.21897,0.148046,0.416991,-0.188888,0.152951,-0.057922,-0.092687,0.058362
0.468037,0.430481,-0.369623,-0.21897,0.148046,0.416991,-0.188888,0.152951,-0.057922,-0.092687,0.058362,0.568909
0.467248,0.430481,-0.21897,0.148046,0.416991,-0.188888,0.152951,-0.057922,-0.092687,0.058362,0.568909,-0.353545
0.465985,0.430481,0.148046,0.416991,-0.188888,0.152951,-0.057922,-0.092687,0.058362,0.568909,-0.353545,-0.251095
0.466782,0.430481,0.416991,-0.188888,0.152951,-0.057922,-0.092687,0.058362,0.568909,-0.353545,-0.251095,0.104778
0.474526,0.430481,-0.188888,0.152951,-0.057922,-0.092687,0.058362,0.568909,-0.353545,-0.251095,0.104778,-0.030409
0.469724,0.430481,0.152951,-0.057922,-0.092687,0.058362,0.568909,-0.353545,-0.251095,0.104778,-0.030409,-0.217915
0.466306,0.430481,-0.057922,-0.092687,0.058362,0.568909,-0.353545,-0.251095,0.104778,-0.030409,-0.217915,0.103012
0.467734,0.430481,-0.092687,0.058362,0.568909,-0.353545,-0.251095,0.104778,-0.030409,-0.217915,0.103012,0.031012
0.467319,0.434784,0.058362,0.568909,-0.353545,-0.251095,0.104778,-0.030409,-0.217915,0.103012,0.031012,-0.082563
0.464343,0.434784,0.568909,-0.353545,-0.251095,0.104778,-0.030409,-0.217915,0.103012,0.031012,-0.082563,0.038717
0.465749,0.434784,-0.353545,-0.251095,0.104778,-0.030409,-0.217915,0.103012,0.031012,-0.082563,0.038717,0.537484
0.466171,0.434784,-0.251095,0.104778,-0.030409,-0.217915,0.103012,0.031012,-0.082563,0.038717,0.537484,-0.28317
0.465045,0.434784,0.104778,-0.030409,-0.217915,0.103012,0.031012,-0.082563,0.038717,0.537484,-0.28317,-0.280345
0.465574,0.434784,-0.030409,-0.217915,0.103012,0.031012,-0.082563,0.038717,0.537484,-0.28317,-0.280345,0.168831
0.472898,0.434784,-0.217915,0.103012,0.031012,-0.082563,0.038717,0.537484,-0.28317,-0.280345,0.168831,0.400525
0.469049,0.434784,0.103012,0.031012,-0.082563,0.038717,0.537484,-0.28317,-0.280345,0.168831,0.400525,-0.462042
0.46523,0.434784,0.031012,-0.082563,0.038717,0.537484,-0.28317,-0.280345,0.168831,0.400525,-0.462042,0.093834
0.467532,0.434784,-0.082563,0.038717,0.537484,-0.28317,-0.280345,0.168831,0.400525,-0.462042,0.093834,-0.431784
0.472984,0.434784,0.038717,0.537484,-0.28317,-0.280345,0.168831,0.400525,-0.462042,0.093834,-0.431784,0.069898
0.466691,0.434784,0.537484,-0.28317,-0.280345,0.168831,0.400525,-0.462042,0.093834,-0.431784,0.069898,-0.122134
0.467969,0.434784,-0.28317,-0.280345,0.168831,0.400525,-0.462042,0.093834,-0.431784,0.069898,-0.122134,0.409215
0.46208,0.434784,-0.280345,0.168831,0.400525,-0.462042,0.093834,-0.431784,0.069898,-0.122134,0.409215,-0.265616
0.463036,0.434784,0.168831,0.400525,-0.462042,0.093834,-0.431784,0.069898,-0.122134,0.409215,-0.265616,-0.654936
0.461364,0.434784,0.400525,-0.462042,0.093834,-0.431784,0.069898,-0.122134,0.409215,-0.265616,-0.654936,0.354874
0.466959,0.434784,-0.462042,0.093834,-0.431784,0.069898,-0.122134,0.409215,-0.265616,-0.654936,0.354874,0.15064
0.463334,0.434784,0.093834,-0.431784,0.069898,-0.122134,0.409215,-0.265616,-0.654936,0.354874,0.15064,0.217628
0.454364,0.434784,-0.431784,0.069898,-0.122134,0.409215,-0.265616,-0.654936,0.354874,0.15064,0.217628,-0.356903
0.459233,0.434784,0.069898,-0.122134,0.409215,-0.265616,-0.654936,0.354874,0.15064,0.217628,-0.356903,-0.086259
0.461297,0.434784,-0.122134,0.409215,-0.265616,-0.654936,0.354874,0.15064,0.217628,-0.356903,-0.086259,-0.345701
0.464276,0.434784,0.409215,-0.265616,-0.654936,0.354874,0.15064,0.217628,-0.356903,-0.086259,-0.345701,0.178387
0.459393,0.434784,-0.265616,-0.654936,0.354874,0.15064,0.217628,-0.356903,-0.086259,-0.345701,0.178387,0.477391
0.458212,0.434784,-0.654936,0.354874,0.15064,0.217628,-0.356903,-0.086259,-0.345701,0.178387,0.477391,-0.316986
0.453466,0.434784,0.354874,0.15064,0.217628,-0.356903,-0.086259,-0.345701,0.178387,0.477391,-0.316986,-0.216568
0.45592,0.434784,0.15064,0.217628,-0.356903,-0.086259,-0.345701,0.178387,0.477391,-0.316986,-0.216568,0.137068
0.46247,0.434784,0.217628,-0.356903,-0.086259,-0.345701,0.178387,0.477391,-0.316986,-0.216568,0.137068,0.053489
0.458129,0.434784,-0.356903,-0.086259,-0.345701,0.178387,0.477391,-0.316986,-0.216568,0.137068,0.053489,-0.108516
0.455158,0.434784,-0.086259,-0.345701,0.178387,0.477391,-0.316986,-0.216568,0.137068,0.053489,-0.108516,-0.375729
0.45704,0.434784,-0.345701,0.178387,0.477391,-0.316986,-0.216568,0.137068,0.053489,-0.108516,-0.375729,0.173666
0.457774,0.434784,0.178387,0.477391,-0.316986,-0.216568,0.137068,0.053489,-0.108516,-0.375729,0.173666,-0.189536
0.456283,0.434784,0.477391,-0.316986,-0.216568,0.137068,0.053489,-0.108516,-0.375729,0.173666,-0.189536,0.139489
0.451115,0.434784,-0.316986,-0.216568,0.137068,0.053489,-0.108516,-0.375729,0.173666,-0.189536,0.139489,0.449875
0.453504,0.434784,-0.216568,0.137068,0.053489,-0.108516,-0.375729,0.173666,-0.189536,0.139489,0.449875,-0.324686
0.450895,0.434784,0.137068,0.053489,-0.108516,-0.375729,0.173666,-0.189536,0.139489,0.449875,-0.324686,-0.258156
0.452818,0.434784,0.053489,-0.108516,-0.375729,0.173666,-0.189536,0.139489,0.449875,-0.324686,-0.258156,0.12662
0.459004,0.434784,-0.108516,-0.375729,0.173666,-0.189536,0.139489,0.449875,-0.324686,-0.258156,0.12662,0.380559
0.454547,0.434784,-0.375729,0.173666,-0.189536,0.139489,0.449875,-0.324686,-0.258156,0.12662,0.380559,-0.18076
0.450997,0.434784,0.173666,-0.189536,0.139489,0.449875,-0.324686,-0.258156,0.12662,0.380559,-0.18076,0.095489
0.45274,0.434784,-0.189536,0.139489,0.449875,-0.324686,-0.258156,0.12662,0.380559,-0.18076,0.095489,-0.105194
0.457973,0.434784,0.139489,0.449875,-0.324686,-0.258156,0.12662,0.380559,-0.18076,0.095489,-0.105194,-0.099182
0.455489,0.434784,0.449875,-0.324686,-0.258156,0.12662,0.380559,-0.18076,0.095489,-0.105194,-0.099182,-0.037571
0.4568,0.434784,-0.324686,-0.258156,0.12662,0.380559,-0.18076,0.095489,-0.105194,-0.099182,-0.037571,0.499099
0.455357,0.434784,-0.258156,0.12662,0.380559,-0.18076,0.095489,-0.105194,-0.099182,-0.037571,0.499099,-0.344746
0.453994,0.434784,0.12662,0.380559,-0.18076,0.095489,-0.105194,-0.099182,-0.037571,0.499099,-0.344746,-0.27307
0.453477,0.434784,0.380559,-0.18076,0.095489,-0.105194,-0.099182,-0.037571,0.499099,-0.344746,-0.27307,0.107569
0.460335,0.434784,-0.18076,0.095489,-0.105194,-0.099182,-0.037571,0.499099,-0.344746,-0.27307,0.107569,0.380975
0.455607,0.434784,0.095489,-0.105194,-0.099182,-0.037571,0.499099,-0.344746,-0.27307,0.107569,0.380975,-0.219466
0.451853,0.434784,-0.105194,-0.099182,-0.037571,0.499099,-0.344746,-0.27307,0.107569,0.380975,-0.219466,0.071342
0.453333,0.434784,-0.099182,-0.037571,0.499099,-0.344746,-0.27307,0.107569,0.380975,-0.219466,0.071342,-0.081004
0.45857,0.434784,-0.037571,0.499099,-0.344746,-0.27307,0.107569,0.380975,-0.219466,0.071342,-0.081004,-0.123244
0.455555,0.434784,0.499099,-0.344746,-0.27307,0.107569,0.380975,-0.219466,0.071342,-0.081004,-0.123244,0.000792
0.456535,0.434784,-0.344746,-0.27307,0.107569,0.380975,-0.219466,0.071342,-0.081004,-0.123244,0.000792,0.513974
0.455423,0.434784,-0.27307,0.107569,0.380975,-0.219466,0.071342,-0.081004,-0.123244,0.000792,0.513974,-0.364349
0.45373,0.434784,0.107569,0.380975,-0.219466,0.071342,-0.081004,-0.123244,0.000792,0.513974,-0.364349,-0.297139
0.453741,0.434784,0.380975,-0.219466,0.071342,-0.081004,-0.123244,0.000792,0.513974,-0.364349,-0.297139,0.121961
0.460802,0.434784,-0.219466,0.071342,-0.081004,-0.123244,0.000792,0.513974,-0.364349,-0.297139,0.121961,-0.090003
0.455805,0.434784,0.071342,-0.081004,-0.123244,0.000792,0.513974,-0.364349,-0.297139,0.121961,-0.090003,-0.202795
0.451721,0.434784,-0.081004,-0.123244,0.000792,0.513974,-0.364349,-0.297139,0.121961,-0.090003,-0.202795,0.084178
0.4534,0.434784,-0.123244,0.000792,0.513974,-0.364349,-0.297139,0.121961,-0.090003,-0.202795,0.084178,-0.041996
0.45216,0.434784,0.000792,0.513974,-0.364349,-0.297139,0.121961,-0.090003,-0.202795,0.084178,-0.041996,-0.202105
0.449361,0.434784,0.513974,-0.364349,-0.297139,0.121961,-0.090003,-0.202795,0.084178,-0.041996,-0.202105,-0.205775
0.450522,0.434784,-0.364349,-0.297139,0.121961,-0.090003,-0.202795,0.084178,-0.041996,-0.202105,-0.205775,0.374818
0.449944,0.434784,-0.297139,0.121961,-0.090003,-0.202795,0.084178,-0.041996,-0.202105,-0.205775,0.374818,-0.201073
0.447155,0.434784,0.121961,-0.090003,-0.202795,0.084178,-0.041996,-0.202105,-0.205775,0.374818,-0.201073,-0.277735
0.444306,0.434784,-0.090003,-0.202795,0.084178,-0.041996,-0.202105,-0.205775,0.374818,-0.201073,-0.277735,0.162832
0.449492,0.434784,-0.202795,0.084178,-0.041996,-0.202105,-0.205775,0.374818,-0.201073,-0.277735,0.162832,-0.07345
0.446716,0.434784,0.084178,-0.041996,-0.202105,-0.205775,0.374818,-0.201073,-0.277735,0.162832,-0.07345,-0.171961
0.442875,0.434784,-0.041996,-0.202105,-0.205775,0.374818,-0.201073,-0.277735,0.162832,-0.07345,-0.171961,0.119747
0.445129,0.434784,-0.202105,-0.205775,0.374818,-0.201073,-0.277735,0.162832,-0.07345,-0.171961,0.119747,-0.00863
0.444111,0.434784,-0.205775,0.374818,-0.201073,-0.277735,0.162832,-0.07345,-0.171961,0.119747,-0.00863,-0.063033
0.441725,0.429443,0.374818,-0.201073,-0.277735,0.162832,-0.07345,-0.171961,0.119747,-0.00863,-0.063033,0.062939
0.443385,0.429443,-0.201073,-0.277735,0.162832,-0.07345,-0.171961,0.119747,-0.00863,-0.063033,0.062939,0.52121
0.443266,0.429443,-0.277735,0.162832,-0.07345,-0.171961,0.119747,-0.00863,-0.063033,0.062939,0.52121,-0.31982
0.442392,0.429443,0.162832,-0.07345,-0.171961,0.119747,-0.00863,-0.063033,0.062939,0.52121,-0.31982,-0.286772
0.443265,0.429443,-0.07345,-0.171961,0.119747,-0.00863,-0.063033,0.062939,0.52121,-0.31982,-0.286772,0.162638
0.450477,0.429443,-0.171961,0.119747,-0.00863,-0.063033,0.062939,0.52121,-0.31982,-0.286772,0.162638,0.360718
0.446061,0.429443,0.119747,-0.00863,-0.063033,0.062939,0.52121,-0.31982,-0.286772,0.162638,0.360718,-0.211255
0.442093,0.429443,-0.00863,-0.063033,0.062939,0.52121,-0.31982,-0.286772,0.162638,0.360718,-0.211255,0.088142
0.444346,0.429443,-0.063033,0.062939,0.52121,-0.31982,-0.286772,0.162638,0.360718,-0.211255,0.088142,-0.098712
0.449336,0.429443,0.062939,0.52121,-0.31982,-0.286772,0.162638,0.360718,-0.211255,0.088142,-0.098712,-0.101398
0.446415,0.429443,0.52121,-0.31982,-0.286772,0.162638,0.360718,-0.211255,0.088142,-0.098712,-0.101398,-0.03582
0.447633,0.429443,-0.31982,-0.286772,0.162638,0.360718,-0.211255,0.088142,-0.098712,-0.101398,-0.03582,0.527261
0.44627,0.429443,-0.286772,0.162638,0.360718,-0.211255,0.088142,-0.098712,-0.101398,-0.03582,0.527261,-0.329976
0.444868,0.429443,0.162638,0.360718,-0.211255,0.088142,-0.098712,-0.101398,-0.03582,0.527261,-0.329976,-0.240265
0.444371,0.429443,0.360718,-0.211255,0.088142,-0.098712,-0.101398,-0.03582,0.527261,-0.329976,-0.240265,0.148889
0.451661,0.429443,-0.211255,0.088142,-0.098712,-0.101398,-0.03582,0.527261,-0.329976,-0.240265,0.148889,0.333133
0.447108,0.429443,0.088142,-0.098712,-0.101398,-0.03582,0.527261,-0.329976,-0.240265,0.148889,0.333133,-0.192728
0.443787,0.429443,-0.098712,-0.101398,-0.03582,0.527261,-0.329976,-0.240265,0.148889,0.333133,-0.192728,0.126597
0.445847,0.429443,-0.101398,-0.03582,0.527261,-0.329976,-0.240265,0.148889,0.333133,-0.192728,0.126597,-0.089546
0.450451,0.429443,-0.03582,0.527261,-0.329976,-0.240265,0.148889,0.333133,-0.192728,0.126597,-0.089546,-0.106701
0.447788,0.429443,0.527261,-0.329976,-0.240265,0.148889,0.333133,-0.192728,0.126597,-0.089546,-0.106701,-0.003165
0.449536,0.429443,-0.329976,-0.240265,0.148889,0.333133,-0.192728,0.126597,-0.089546,-0.106701,-0.003165,0.578096
0.448301,0.429443,-0.240265,0.148889,0.333133,-0.192728,0.126597,-0.089546,-0.106701,-0.003165,0.578096,-0.379465
0.446828,0.429443,0.148889,0.333133,-0.192728,0.126597,-0.089546,-0.106701,-0.003165,0.578096,-0.379465,-0.265098
0.446784,0.429443,0.333133,-0.192728,0.126597,-0.089546,-0.106701,-0.003165,0.578096,-0.379465,-0.265098,0.18263
0.454761,0.429443,-0.192728,0.126597,-0.089546,-0.106701,-0.003165,0.578096,-0.379465,-0.265098,0.18263,0.329809
0.449536,0.429443,0.126597,-0.089546,-0.106701,-0.003165,0.578096,-0.379465,-0.265098,0.18263,0.329809,-0.193544
0.445877,0.429443,-0.089546,-0.106701,-0.003165,0.578096,-0.379465,-0.265098,0.18263,0.329809,-0.193544,0.065296
0.448399,0.429443,-0.106701,-0.003165,0.578096,-0.379465,-0.265098,0.18263,0.329809,-0.193544,0.065296,-0.037265
0.45295,0.429443,-0.003165,0.578096,-0.379465,-0.265098,0.18263,0.329809,-0.193544,0.065296,-0.037265,-0.135937
0.45028,0.429443,0.578096,-0.379465,-0.265098,0.18263,0.329809,-0.193544,0.065296,-0.037265,-0.135937,0.00608
0.45118,0.429443,-0.379465,-0.265098,0.18263,0.329809,-0.193544,0.065296,-0.037265,-0.135937,0.00608,0.494032
0.450667,0.428528,-0.265098,0.18263,0.329809,-0.193544,0.065296,-0.037265,-0.135937,0.00608,0.494032,-0.313222
0.448793,0.428528,0.18263,0.329809,-0.193544,0.065296,-0.037265,-0.135937,0.00608,0.494032,-0.313222,-0.261308
0.448877,0.428528,0.329809,-0.193544,0.065296,-0.037265,-0.135937,0.00608,0.494032,-0.313222,-0.261308,0.126009
0.455687,0.428528,-0.193544,0.065296,-0.037265,-0.135937,0.00608,0.494032,-0.313222,-0.261308,0.126009,0.034521
0.451378,0.428528,0.065296,-0.037265,-0.135937,0.00608,0.494032,-0.313222,-0.261308,0.126009,0.034521,-0.078869
0.447776,0.428528,-0.037265,-0.135937,0.00608,0.494032,-0.313222,-0.261308,0.126009,0.034521,-0.078869,-0.347203
0.449515,0.428528,-0.135937,0.00608,0.494032,-0.313222,-0.261308,0.126009,0.034521,-0.078869,-0.347203,0.156769
0.449991,0.428528,0.00608,0.494032,-0.313222,-0.261308,0.126009,0.034521,-0.078869,-0.347203,0.156769,-0.162655
0.448902,0.428528,0.494032,-0.313222,-0.261308,0.126009,0.034521,-0.078869,-0.347203,0.156769,-0.162655,0.147718
0.444102,0.428528,-0.313222,-0.261308,0.126009,0.034521,-0.078869,-0.347203,0.156769,-0.162655,0.147718,0.438367
0.44627,0.428528,-0.261308,0.126009,0.034521,-0.078869,-0.347203,0.156769,-0.162655,0.147718,0.438367,-0.301765
0.44402,0.428528,0.126009,0.034521,-0.078869,-0.347203,0.156769,-0.162655,0.147718,0.438367,-0.301765,-0.254833
0.446066,0.428528,0.034521,-0.078869,-0.347203,0.156769,-0.162655,0.147718,0.438367,-0.301765,-0.254833,0.163245
0.452122,0.428528,-0.078869,-0.347203,0.156769,-0.162655,0.147718,0.438367,-0.301765,-0.254833,0.163245,0.324088
0.44796,0.428528,-0.347203,0.156769,-0.162655,0.147718,0.438367,-0.301765,-0.254833,0.163245,0.324088,-0.155016
0.44444,0.428528,0.156769,-0.162655,0.147718,0.438367,-0.301765,-0.254833,0.163245,0.324088,-0.155016,0.107945
0.446697,0.428528,-0.162655,0.147718,0.438367,-0.301765,-0.254833,0.163245,0.324088,-0.155016,0.107945,-0.103997
0.451173,0.428528,0.147718,0.438367,-0.301765,-0.254833,0.163245,0.324088,-0.155016,0.107945,-0.103997,-0.116425
0.449033,0.428528,0.438367,-0.301765,-0.254833,0.163245,0.324088,-0.155016,0.107945,-0.103997,-0.116425,-0.069358
0.450522,0.428528,-0.301765,-0.254833,0.163245,0.324088,-0.155016,0.107945,-0.103997,-0.116425,-0.069358,0.544155
0.449089,0.428528,-0.254833,0.163245,0.324088,-0.155016,0.107945,-0.103997,-0.116425,-0.069358,0.544155,-0.38372
0.447482,0.428528,0.163245,0.324088,-0.155016,0.107945,-0.103997,-0.116425,-0.069358,0.544155,-0.38372,-0.236311
0.446523,0.428528,0.324088,-0.155016,0.107945,-0.103997,-0.116425,-0.069358,0.544155,-0.38372,-0.236311,0.073486
0.454035,0.428528,-0.155016,0.107945,-0.103997,-0.116425,-0.069358,0.544155,-0.38372,-0.236311,0.073486,0.352568
0.448748,0.428528,0.107945,-0.103997,-0.116425,-0.069358,0.544155,-0.38372,-0.236311,0.073486,0.352568,-0.178798
0.445485,0.428528,-0.103997,-0.116425,-0.069358,0.544155,-0.38372,-0.236311,0.073486,0.352568,-0.178798,0.050686
0.4465,0.428528,-0.116425,-0.069358,0.544155,-0.38372,-0.236311,0.073486,0.352568,-0.178798,0.050686,-0.080028
0.45137,0.428528,-0.069358,0.544155,-0.38372,-0.236311,0.073486,0.352568,-0.178798,0.050686,-0.080028,-0.111499
0.448902,0.428528,0.544155,-0.38372,-0.236311,0.073486,0.352568,-0.178798,0.050686,-0.080028,-0.111499,0.010991
0.449601,0.428528,-0.38372,-0.236311,0.073486,0.352568,-0.178798,0.050686,-0.080028,-0.111499,0.010991,0.511281
0.448498,0.428528,-0.236311,0.073486,0.352568,-0.178798,0.050686,-0.080028,-0.111499,0.010991,0.511281,-0.658616
0.446958,0.428528,0.073486,0.352568,-0.178798,0.050686,-0.080028,-0.111499,0.010991,0.511281,-0.658616,-0.168852
0.447111,0.428528,0.352568,-0.178798,0.050686,-0.080028,-0.111499,0.010991,0.511281,-0.658616,-0.168852,-0.207925
0.454167,0.428528,-0.178798,0.050686,-0.080028,-0.111499,0.010991,0.511281,-0.658616,-0.168852,-0.207925,0.287433
0.445081,0.428528,0.050686,-0.080028,-0.111499,0.010991,0.511281,-0.658616,-0.168852,-0.207925,0.287433,-0.325755
0.442744,0.428528,-0.080028,-0.111499,0.010991,0.511281,-0.658616,-0.168852,-0.207925,0.287433,-0.325755,-0.169971
0.439861,0.428528,-0.111499,0.010991,0.511281,-0.658616,-0.168852,-0.207925,0.287433,-0.325755,-0.169971,-0.129226
0.443851,0.428528,0.010991,0.511281,-0.658616,-0.168852,-0.207925,0.287433,-0.325755,-0.169971,-0.129226,-0.208709
0.439327,0.428528,0.511281,-0.658616,-0.168852,-0.207925,0.287433,-0.325755,-0.169971,-0.129226,-0.208709,-0.079197
0.436963,0.428528,-0.658616,-0.168852,-0.207925,0.287433,-0.325755,-0.169971,-0.129226,-0.208709,-0.079197,0.60491
0.435165,0.428528,-0.168852,-0.207925,0.287433,-0.325755,-0.169971,-0.129226,-0.208709,-0.079197,0.60491,-0.318291
0.432256,0.428528,-0.207925,0.287433,-0.325755,-0.169971,-0.129226,-0.208709,-0.079197,0.60491,-0.318291,-0.193283
0.431149,0.428528,0.287433,-0.325755,-0.169971,-0.129226,-0.208709,-0.079197,0.60491,-0.318291,-0.193283,0.150852
0.439586,0.428528,-0.325755,-0.169971,-0.129226,-0.208709,-0.079197,0.60491,-0.318291,-0.193283,0.150852,0.405751
0.435158,0.428528,-0.169971,-0.129226,-0.208709,-0.079197,0.60491,-0.318291,-0.193283,0.150852,0.405751,-0.203287
0.432464,0.428528,-0.129226,-0.208709,-0.079197,0.60491,-0.318291,-0.193283,0.150852,0.405751,-0.203287,0.09963
0.434567,0.428528,-0.208709,-0.079197,0.60491,-0.318291,-0.193283,0.150852,0.405751,-0.203287,0.09963,-0.092487
0.440217,0.428528,-0.079197,0.60491,-0.318291,-0.193283,0.150852,0.405751,-0.203287,0.09963,-0.092487,-0.085017
0.437388,0.428528,0.60491,-0.318291,-0.193283,0.150852,0.405751,-0.203287,0.09963,-0.092487,-0.085017,-0.029594
0.438774,0.428528,-0.318291,-0.193283,0.150852,0.405751,-0.203287,0.09963,-0.092487,-0.085017,-0.029594,0.475237
0.437489,0.428528,-0.193283,0.150852,0.405751,-0.203287,0.09963,-0.092487,-0.085017,-0.029594,0.475237,-0.347855
0.436306,0.428528,0.150852,0.405751,-0.203287,0.09963,-0.092487,-0.085017,-0.029594,0.475237,-0.347855,-0.295873
0.435894,0.428528,0.405751,-0.203287,0.09963,-0.092487,-0.085017,-0.029594,0.475237,-0.347855,-0.295873,0.132626
0.442505,0.428528,-0.203287,0.09963,-0.092487,-0.085017,-0.029594,0.475237,-0.347855,-0.295873,0.132626,0.317827
0.437674,0.428528,0.09963,-0.092487,-0.085017,-0.029594,0.475237,-0.347855,-0.295873,0.132626,0.317827,-0.15219
0.433556,0.428528,-0.092487,-0.085017,-0.029594,0.475237,-0.347855,-0.295873,0.132626,0.317827,-0.15219,0.067119
0.435404,0.428528,-0.085017,-0.029594,0.475237,-0.347855,-0.295873,0.132626,0.317827,-0.15219,0.067119,-0.092455
0.439829,0.428528,-0.029594,0.475237,-0.347855,-0.295873,0.132626,0.317827,-0.15219,0.067119,-0.092455,-0.084998
0.437711,0.428528,0.475237,-0.347855,-0.295873,0.132626,0.317827,-0.15219,0.067119,-0.092455,-0.084998,-0.135545
0.438644,0.428528,-0.347855,-0.295873,0.132626,0.317827,-0.15219,0.067119,-0.092455,-0.084998,-0.135545,0.259506
0.43736,0.428528,-0.295873,0.132626,0.317827,-0.15219,0.067119,-0.092455,-0.084998,-0.135545,0.259506,-0.482782
0.436177,0.428528,0.132626,0.317827,-0.15219,0.067119,-0.092455,-0.084998,-0.135545,0.259506,-0.482782,-0.168936
0.434287,0.428528,0.317827,-0.15219,0.067119,-0.092455,-0.084998,-0.135545,0.259506,-0.482782,-0.168936,0.186631
0.437905,0.428528,-0.15219,0.067119,-0.092455,-0.084998,-0.135545,0.259506,-0.482782,-0.168936,0.186631,0.347976
0.431175,0.428528,0.067119,-0.092455,-0.084998,-0.135545,0.259506,-0.482782,-0.168936,0.186631,0.347976,-0.15593
0.428814,0.428528,-0.092455,-0.084998,-0.135545,0.259506,-0.482782,-0.168936,0.186631,0.347976,-0.15593,0.094028
0.431423,0.431122,-0.084998,-0.135545,0.259506,-0.482782,-0.168936,0.186631,0.347976,-0.15593,0.094028,-0.041079
0.43628,0.431122,-0.135545,0.259506,-0.482782,-0.168936,0.186631,0.347976,-0.15593,0.094028,-0.041079,-0.098192
0.434105,0.431122,0.259506,-0.482782,-0.168936,0.186631,0.347976,-0.15593,0.094028,-0.041079,-0.098192,0.030606
0.435415,0.431122,-0.482782,-0.168936,0.186631,0.347976,-0.15593,0.094028,-0.041079,-0.098192,0.030606,0.538459
0.434843,0.431122,-0.168936,0.186631,0.347976,-0.15593,0.094028,-0.041079,-0.098192,0.030606,0.538459,-0.342514
0.433475,0.431122,0.186631,0.347976,-0.15593,0.094028,-0.041079,-0.098192,0.030606,0.538459,-0.342514,-0.313664
0.433902,0.431122,0.347976,-0.15593,0.094028,-0.041079,-0.098192,0.030606,0.538459,-0.342514,-0.313664,0.178506
0.4414,0.431122,-0.15593,0.094028,-0.041079,-0.098192,0.030606,0.538459,-0.342514,-0.313664,0.178506,0.308193
0.436641,0.431122,0.094028,-0.041079,-0.098192,0.030606,0.538459,-0.342514,-0.313664,0.178506,0.308193,-0.424034
0.432271,0.431122,-0.041079,-0.098192,0.030606,0.538459,-0.342514,-0.313664,0.178506,0.308193,-0.424034,0.08452
0.43476,0.431122,-0.098192,0.030606,0.538459,-0.342514,-0.313664,0.178506,0.308193,-0.424034,0.08452,-0.367096
0.439053,0.431122,0.030606,0.538459,-0.342514,-0.313664,0.178506,0.308193,-0.424034,0.08452,-0.367096,0.076781
0.433142,0.431122,0.538459,-0.342514,-0.313664,0.178506,0.308193,-0.424034,0.08452,-0.367096,0.076781,-0.124126
0.434321,0.431122,-0.342514,-0.313664,0.178506,0.308193,-0.424034,0.08452,-0.367096,0.076781,-0.124126,0.754498
0.429198,0.431122,-0.313664,0.178506,0.308193,-0.424034,0.08452,-0.367096,0.076781,-0.124126,0.754498,-0.442456
0.430271,0.431122,0.178506,0.308193,-0.424034,0.08452,-0.367096,0.076781,-0.124126,0.754498,-0.442456,-0.169525
0.428533,0.431122,0.308193,-0.424034,0.08452,-0.367096,0.076781,-0.124126,0.754498,-0.442456,-0.169525,0.127414
0.439068,0.431122,-0.424034,0.08452,-0.367096,0.076781,-0.124126,0.754498,-0.442456,-0.169525,0.127414,0.390196
0.432907,0.431122,0.08452,-0.367096,0.076781,-0.124126,0.754498,-0.442456,-0.169525,0.127414,0.390196,-0.156301
0.430541,0.431122,-0.367096,0.076781,-0.124126,0.754498,-0.442456,-0.169525,0.127414,0.390196,-0.156301,0.113014
0.43232,0.431122,0.076781,-0.124126,0.754498,-0.442456,-0.169525,0.127414,0.390196,-0.156301,0.113014,-0.240211
0.437762,0.431122,-0.124126,0.754498,-0.442456,-0.169525,0.127414,0.390196,-0.156301,0.113014,-0.240211,-0.299531
0.435584,0.431122,0.754498,-0.442456,-0.169525,0.127414,0.390196,-0.156301,0.113014,-0.240211,-0.299531,-0.178296
0.437157,0.431122,-0.442456,-0.169525,0.127414,0.390196,-0.156301,0.113014,-0.240211,-0.299531,-0.178296,0.641085
0.433813,0.431122,-0.169525,0.127414,0.390196,-0.156301,0.113014,-0.240211,-0.299531,-0.178296,0.641085,-0.380492
0.429632,0.431122,0.127414,0.390196,-0.156301,0.113014,-0.240211,-0.299531,-0.178296,0.641085,-0.380492,-0.25998
0.427134,0.431122,0.390196,-0.156301,0.113014,-0.240211,-0.299531,-0.178296,0.641085,-0.380492,-0.25998,0.204404
0.436099,0.431122,-0.156301,0.113014,-0.240211,-0.299531,-0.178296,0.641085,-0.380492,-0.25998,0.204404,0.3932
0.430791,0.431122,0.113014,-0.240211,-0.299531,-0.178296,0.641085,-0.380492,-0.25998,0.204404,0.3932,-0.15573
0.427155,0.431122,-0.240211,-0.299531,-0.178296,0.641085,-0.380492,-0.25998,0.204404,0.3932,-0.15573,-0.104195
0.430015,0.433075,-0.299531,-0.178296,0.641085,-0.380492,-0.25998,0.204404,0.3932,-0.15573,-0.104195,-0.182899
0.435508,0.433075,-0.178296,0.641085,-0.380492,-0.25998,0.204404,0.3932,-0.15573,-0.104195,-0.182899,-0.287346
0.433334,0.433075,0.641085,-0.380492,-0.25998,0.204404,0.3932,-0.15573,-0.104195,-0.182899,-0.287346,0.130565
0.43188,0.433075,-0.380492,-0.25998,0.204404,0.3932,-0.15573,-0.104195,-0.182899,-0.287346,0.130565,0.502747
0.429325,0.433075,-0.25998,0.204404,0.3932,-0.15573,-0.104195,-0.182899,-0.287346,0.130565,0.502747,-0.301497
0.425301,0.433075,0.204404,0.3932,-0.15573,-0.104195,-0.182899,-0.287346,0.130565,0.502747,-0.301497,-0.23681
0.427134,0.433075,0.3932,-0.15573,-0.104195,-0.182899,-0.287346,0.130565,0.502747,-0.301497,-0.23681,0.22248
0.434169,0.433075,-0.15573,-0.104195,-0.182899,-0.287346,0.130565,0.502747,-0.301497,-0.23681,0.22248,0.310152
0.429959,0.433075,-0.104195,-0.182899,-0.287346,0.130565,0.502747,-0.301497,-0.23681,0.22248,0.310152,-0.187422
0.426646,0.433075,-0.182899,-0.287346,0.130565,0.502747,-0.301497,-0.23681,0.22248,0.310152,-0.187422,-0.062767
0.42976,0.433075,-0.287346,0.130565,0.502747,-0.301497,-0.23681,0.22248,0.310152,-0.187422,-0.062767,-0.218906
0.434095,0.433075,0.130565,0.502747,-0.301497,-0.23681,0.22248,0.310152,-0.187422,-0.062767,-0.218906,-0.3177
0.431476,0.433075,0.502747,-0.301497,-0.23681,0.22248,0.310152,-0.187422,-0.062767,-0.218906,-0.3177,0.098639
0.430599,0.433075,-0.301497,-0.23681,0.22248,0.310152,-0.187422,-0.062767,-0.218906,-0.3177,0.098639,0.481459
0.427538,0.433075,-0.23681,0.22248,0.310152,-0.187422,-0.062767,-0.218906,-0.3177,0.098639,0.481459,-0.218019
0.423083,0.433075,0.22248,0.310152,-0.187422,-0.062767,-0.218906,-0.3177,0.098639,0.481459,-0.218019,-0.385107
0.424469,0.433075,0.310152,-0.187422,-0.062767,-0.218906,-0.3177,0.098639,0.481459,-0.218019,-0.385107,-0.171115
0.43122,0.433075,-0.187422,-0.062767,-0.218906,-0.3177,0.098639,0.481459,-0.218019,-0.385107,-0.171115,0.282585
0.42817,0.433075,-0.062767,-0.218906,-0.3177,0.098639,0.481459,-0.218019,-0.385107,-0.171115,0.282585,-0.103482
0.422772,0.433075,-0.218906,-0.3177,0.098639,0.481459,-0.218019,-0.385107,-0.171115,0.282585,-0.103482,0.158633
0.420366,0.433075,-0.3177,0.098639,0.481459,-0.218019,-0.385107,-0.171115,0.282585,-0.103482,0.158633,-0.194003
0.424343,0.433075,0.098639,0.481459,-0.218019,-0.385107,-0.171115,0.282585,-0.103482,0.158633,-0.194003,-0.354013
0.422887,0.433075,0.481459,-0.218019,-0.385107,-0.171115,0.282585,-0.103482,0.158633,-0.194003,-0.354013,-0.396912
0.425115,0.433075,-0.218019,-0.385107,-0.171115,0.282585,-0.103482,0.158633,-0.194003,-0.354013,-0.396912,0.539109
0.422392,0.433075,-0.385107,-0.171115,0.282585,-0.103482,0.158633,-0.194003,-0.354013,-0.396912,0.539109,-0.280317
0.417409,0.433075,-0.171115,0.282585,-0.103482,0.158633,-0.194003,-0.354013,-0.396912,0.539109,-0.280317,-0.181514
0.411793,0.433075,0.282585,-0.103482,0.158633,-0.194003,-0.354013,-0.396912,0.539109,-0.280317,-0.181514,0.239297
0.419418,0.433075,-0.103482,0.158633,-0.194003,-0.354013,-0.396912,0.539109,-0.280317,-0.181514,0.239297,0.419381
0.415463,0.433075,0.158633,-0.194003,-0.354013,-0.396912,0.539109,-0.280317,-0.181514,0.239297,0.419381,-0.112126
0.412898,0.433075,-0.194003,-0.354013,-0.396912,0.539109,-0.280317,-0.181514,0.239297,0.419381,-0.112126,0.094672
0.41628,0.433075,-0.354013,-0.396912,0.539109,-0.280317,-0.181514,0.239297,0.419381,-0.112126,0.094672,-0.040277
0.422194,0.433075,-0.396912,0.539109,-0.280317,-0.181514,0.239297,0.419381,-0.112126,0.094672,-0.040277,0.004167
0.420614,0.433075,0.539109,-0.280317,-0.181514,0.239297,0.419381,-0.112126,0.094672,-0.040277,0.004167,-0.018066
0.421946,0.433075,-0.280317,-0.181514,0.239297,0.419381,-0.112126,0.094672,-0.040277,0.004167,-0.018066,0.546077
0.42138,0.433075,-0.181514,0.239297,0.419381,-0.112126,0.094672,-0.040277,0.004167,-0.018066,0.546077,-0.312205
0.421439,0.433075,0.239297,0.419381,-0.112126,0.094672,-0.040277,0.004167,-0.018066,0.546077,-0.312205,-0.288133
0.421185,0.433075,0.419381,-0.112126,0.094672,-0.040277,0.004167,-0.018066,0.546077,-0.312205,-0.288133,0.143447
0.428856,0.433075,-0.112126,0.094672,-0.040277,0.004167,-0.018066,0.546077,-0.312205,-0.288133,0.143447,0.328888
0.42448,0.433075,0.094672,-0.040277,0.004167,-0.018066,0.546077,-0.312205,-0.288133,0.143447,0.328888,-0.135524
0.420433,0.433075,-0.040277,0.004167,-0.018066,0.546077,-0.312205,-0.288133,0.143447,0.328888,-0.135524,0.073312
0.42245,0.433075,0.004167,-0.018066,0.546077,-0.312205,-0.288133,0.143447,0.328888,-0.135524,0.073312,-0.063202
0.42707,0.433075,-0.018066,0.546077,-0.312205,-0.288133,0.143447,0.328888,-0.135524,0.073312,-0.063202,-0.041333
0.425167,0.433075,0.546077,-0.312205,-0.288133,0.143447,0.328888,-0.135524,0.073312,-0.063202,-0.041333,-0.005052
0.426196,0.433075,-0.312205,-0.288133,0.143447,0.328888,-0.135524,0.073312,-0.063202,-0.041333,-0.005052,0.518279
0.42531,0.433075,-0.288133,0.143447,0.328888,-0.135524,0.073312,-0.063202,-0.041333,-0.005052,0.518279,-0.304847
0.42473,0.433075,0.143447,0.328888,-0.135524,0.073312,-0.063202,-0.041333,-0.005052,0.518279,-0.304847,-0.312558
0.424659,0.433075,0.328888,-0.135524,0.073312,-0.063202,-0.041333,-0.005052,0.518279,-0.304847,-0.312558,-0.2296
0.431924,0.433075,-0.135524,0.073312,-0.063202,-0.041333,-0.005052,0.518279,-0.304847,-0.312558,-0.2296,0.273432
0.42766,0.433075,0.073312,-0.063202,-0.041333,-0.005052,0.518279,-0.304847,-0.312558,-0.2296,0.273432,-0.125858
0.423279,0.433075,-0.063202,-0.041333,-0.005052,0.518279,-0.304847,-0.312558,-0.2296,0.273432,-0.125858,0.149286
0.420051,0.433075,-0.041333,-0.005052,0.518279,-0.304847,-0.312558,-0.2296,0.273432,-0.125858,0.149286,-0.040411
0.4239,0.433075,-0.005052,0.518279,-0.304847,-0.312558,-0.2296,0.273432,-0.125858,0.149286,-0.040411,-0.000498
0.422129,0.433075,0.518279,-0.304847,-0.312558,-0.2296,0.273432,-0.125858,0.149286,-0.040411,-0.000498,-0.022898
0.424227,0.433075,-0.304847,-0.312558,-0.2296,0.273432,-0.125858,0.149286,-0.040411,-0.000498,-0.022898,0.589895
0.42366,0.433075,-0.312558,-0.2296,0.273432,-0.125858,0.149286,-0.040411,-0.000498,-0.022898,0.589895,-0.313759
0.423652,0.433075,-0.2296,0.273432,-0.125858,0.149286,-0.040411,-0.000498,-0.022898,0.589895,-0.313759,-0.258124
0.423331,0.433075,0.273432,-0.125858,0.149286,-0.040411,-0.000498,-0.022898,0.589895,-0.313759,-0.258124,0.248543
0.431604,0.433075,-0.125858,0.149286,-0.040411,-0.000498,-0.022898,0.589895,-0.313759,-0.258124,0.248543,0.294999
0.427214,0.433075,0.149286,-0.040411,-0.000498,-0.022898,0.589895,-0.313759,-0.258124,0.248543,0.294999,-0.168298
0.423596,0.433075,-0.040411,-0.000498,-0.022898,0.589895,-0.313759,-0.258124,0.248543,0.294999,-0.168298,0.078797
0.427081,0.433075,-0.000498,-0.022898,0.589895,-0.313759,-0.258124,0.248543,0.294999,-0.168298,0.078797,-0.068177
0.431213,0.433075,-0.022898,0.589895,-0.313759,-0.258124,0.248543,0.294999,-0.168298,0.078797,-0.068177,-0.055595
0.428856,0.438568,0.589895,-0.313759,-0.258124,0.248543,0.294999,-0.168298,0.078797,-0.068177,-0.055595,-0.159545
0.429959,0.438568,-0.313759,-0.258124,0.248543,0.294999,-0.168298,0.078797,-0.068177,-0.055595,-0.159545,0.236217
0.429006,0.438568,-0.258124,0.248543,0.294999,-0.168298,0.078797,-0.068177,-0.055595,-0.159545,0.236217,-0.488466
0.428228,0.438568,0.248543,0.294999,-0.168298,0.078797,-0.068177,-0.055595,-0.159545,0.236217,-0.488466,-0.134689
0.425991,0.438568,0.294999,-0.168298,0.078797,-0.068177,-0.055595,-0.159545,0.236217,-0.488466,-0.134689,0.179504
0.429303,0.438568,-0.168298,0.078797,-0.068177,-0.055595,-0.159545,0.236217,-0.488466,-0.134689,0.179504,0.324715
0.422452,0.438568,0.078797,-0.068177,-0.055595,-0.159545,0.236217,-0.488466,-0.134689,0.179504,0.324715,-0.126595
0.420559,0.438568,-0.068177,-0.055595,-0.159545,0.236217,-0.488466,-0.134689,0.179504,0.324715,-0.126595,0.141705
0.423083,0.438568,-0.055595,-0.159545,0.236217,-0.488466,-0.134689,0.179504,0.324715,-0.126595,0.141705,-0.077037
0.427642,0.438568,-0.159545,0.236217,-0.488466,-0.134689,0.179504,0.324715,-0.126595,0.141705,-0.077037,-0.06424
0.425866,0.438568,0.236217,-0.488466,-0.134689,0.179504,0.324715,-0.126595,0.141705,-0.077037,-0.06424,0.030977
0.427852,0.438568,-0.488466,-0.134689,0.179504,0.324715,-0.126595,0.141705,-0.077037,-0.06424,0.030977,0.209065
0.426773,0.438568,-0.134689,0.179504,0.324715,-0.126595,0.141705,-0.077037,-0.06424,0.030977,0.209065,-0.130981
0.425873,0.438568,0.179504,0.324715,-0.126595,0.141705,-0.077037,-0.06424,0.030977,0.209065,-0.130981,-0.773941
0.426308,0.438568,0.324715,-0.126595,0.141705,-0.077037,-0.06424,0.030977,0.209065,-0.130981,-0.773941,0.370951
0.429239,0.438568,-0.126595,0.141705,-0.077037,-0.06424,0.030977,0.209065,-0.130981,-0.773941,0.370951,-0.272408
0.427405,0.438568,0.141705,-0.077037,-0.06424,0.030977,0.209065,-0.130981,-0.773941,0.370951,-0.272408,-0.009302
0.41653,0.438568,-0.077037,-0.06424,0.030977,0.209065,-0.130981,-0.773941,0.370951,-0.272408,-0.009302,0.058106
0.421755,0.438568,-0.06424,0.030977,0.209065,-0.130981,-0.773941,0.370951,-0.272408,-0.009302,0.058106,0.089653
0.417915,0.438568,0.030977,0.209065,-0.130981,-0.773941,0.370951,-0.272408,-0.009302,0.058106,0.089653,-0.134215
0.417784,0.438568,0.209065,-0.130981,-0.773941,0.370951,-0.272408,-0.009302,0.058106,0.089653,-0.134215,0.133843
0.418603,0.438568,-0.130981,-0.773941,0.370951,-0.272408,-0.009302,0.058106,0.089653,-0.134215,0.133843,0.580787
0.419865,0.438568,-0.773941,0.370951,-0.272408,-0.009302,0.058106,0.089653,-0.134215,0.133843,0.580787,-0.365843
0.417974,0.438568,0.370951,-0.272408,-0.009302,0.058106,0.089653,-0.134215,0.133843,0.580787,-0.365843,-0.157277
0.419862,0.438568,-0.272408,-0.009302,0.058106,0.089653,-0.134215,0.133843,0.580787,-0.365843,-0.157277,0.125506
0.428028,0.438568,-0.009302,0.058106,0.089653,-0.134215,0.133843,0.580787,-0.365843,-0.157277,0.125506,0.383297
0.422896,0.438568,0.058106,0.089653,-0.134215,0.133843,0.580787,-0.365843,-0.157277,0.125506,0.383297,-0.226025
0.420685,0.438568,0.089653,-0.134215,0.133843,0.580787,-0.365843,-0.157277,0.125506,0.383297,-0.226025,-0.085063
0.42245,0.438568,-0.134215,0.133843,0.580787,-0.365843,-0.157277,0.125506,0.383297,-0.226025,-0.085063,-0.269634
0.427833,0.440521,0.133843,0.580787,-0.365843,-0.157277,0.125506,0.383297,-0.226025,-0.085063,-0.269634,-0.272008
0.42466,0.440521,0.580787,-0.365843,-0.157277,0.125506,0.383297,-0.226025,-0.085063,-0.269634,-0.272008,0.066908
0.423466,0.440521,-0.365843,-0.157277,0.125506,0.383297,-0.226025,-0.085063,-0.269634,-0.272008,0.066908,0.155179
0.419676,0.440521,-0.157277,0.125506,0.383297,-0.226025,-0.085063,-0.269634,-0.272008,0.066908,0.155179,-0.071199
0.415841,0.440521,0.125506,0.383297,-0.226025,-0.085063,-0.269634,-0.272008,0.066908,0.155179,-0.071199,-0.693478
0.416786,0.440521,0.383297,-0.226025,-0.085063,-0.269634,-0.272008,0.066908,0.155179,-0.071199,-0.693478,0.475558
0.418978,0.440521,-0.226025,-0.085063,-0.269634,-0.272008,0.066908,0.155179,-0.071199,-0.693478,0.475558,0.133323
0.417974,0.440521,-0.085063,-0.269634,-0.272008,0.066908,0.155179,-0.071199,-0.693478,0.475558,0.133323,0.035033
0.408168,0.440521,-0.269634,-0.272008,0.066908,0.155179,-0.071199,-0.693478,0.475558,0.133323,0.035033,0.062472
0.414902,0.440521,-0.272008,0.066908,0.155179,-0.071199,-0.693478,0.475558,0.133323,0.035033,0.062472,0.071636
0.416786,0.440521,0.066908,0.155179,-0.071199,-0.693478,0.475558,0.133323,0.035033,0.062472,0.071636,-0.125066
0.417281,0.440521,0.155179,-0.071199,-0.693478,0.475558,0.133323,0.035033,0.062472,0.071636,-0.125066,0.049163
0.418163,0.440521,-0.071199,-0.693478,0.475558,0.133323,0.035033,0.062472,0.071636,-0.125066,0.049163,0.551364
0.419172,0.440521,-0.693478,0.475558,0.133323,0.035033,0.062472,0.071636,-0.125066,0.049163,0.551364,-0.391291
0.417409,0.440521,0.475558,0.133323,0.035033,0.062472,0.071636,-0.125066,0.049163,0.551364,-0.391291,-0.205585
0.418103,0.440521,0.133323,0.035033,0.062472,0.071636,-0.125066,0.049163,0.551364,-0.391291,-0.205585,0.124887
0.425866,0.440521,0.035033,0.062472,0.071636,-0.125066,0.049163,0.551364,-0.391291,-0.205585,0.124887,0.313522
0.420367,0.440521,0.062472,0.071636,-0.125066,0.049163,0.551364,-0.391291,-0.205585,0.124887,0.313522,-0.201974
0.417472,0.440521,0.071636,-0.125066,0.049163,0.551364,-0.391291,-0.205585,0.124887,0.313522,-0.201974,0.144237
0.419232,0.440521,-0.125066,0.049163,0.551364,-0.391291,-0.205585,0.124887,0.313522,-0.201974,0.144237,-0.116818
0.423647,0.440521,0.049163,0.551364,-0.391291,-0.205585,0.124887,0.313522,-0.201974,0.144237,-0.116818,-0.018249
0.420804,0.440521,0.551364,-0.391291,-0.205585,0.124887,0.313522,-0.201974,0.144237,-0.116818,-0.018249,-0.049284
0.422832,0.440521,-0.391291,-0.205585,0.124887,0.313522,-0.201974,0.144237,-0.116818,-0.018249,-0.049284,0.549477
0.421191,0.440521,-0.205585,0.124887,0.313522,-0.201974,0.144237,-0.116818,-0.018249,-0.049284,0.549477,-0.352289
0.420934,0.440521,0.124887,0.313522,-0.201974,0.144237,-0.116818,-0.018249,-0.049284,0.549477,-0.352289,-0.287294
0.42024,0.440521,0.313522,-0.201974,0.144237,-0.116818,-0.018249,-0.049284,0.549477,-0.352289,-0.287294,0.192502
0.427964,0.440521,-0.201974,0.144237,-0.116818,-0.018249,-0.049284,0.549477,-0.352289,-0.287294,0.192502,0.017726
0.423022,0.440521,0.144237,-0.116818,-0.018249,-0.049284,0.549477,-0.352289,-0.287294,0.192502,0.017726,-0.044936
0.418983,0.440521,-0.116818,-0.018249,-0.049284,0.549477,-0.352289,-0.287294,0.192502,0.017726,-0.044936,-0.374653
0.421692,0.440521,-0.018249,-0.049284,0.549477,-0.352289,-0.287294,0.192502,0.017726,-0.044936,-0.374653,0.196245
0.421941,0.440521,-0.049284,0.549477,-0.352289,-0.287294,0.192502,0.017726,-0.044936,-0.374653,0.196245,-0.213808
0.421308,0.440521,0.549477,-0.352289,-0.287294,0.192502,0.017726,-0.044936,-0.374653,0.196245,-0.213808,0.186822
0.416027,0.440521,-0.352289,-0.287294,0.192502,0.017726,-0.044936,-0.374653,0.196245,-0.213808,0.186822,0.492974
0.418794,0.440521,-0.287294,0.192502,0.017726,-0.044936,-0.374653,0.196245,-0.213808,0.186822,0.492974,-0.32371
0.415778,0.440521,0.192502,0.017726,-0.044936,-0.374653,0.196245,-0.213808,0.186822,0.492974,-0.32371,-0.339389
0.418417,0.440521,0.017726,-0.044936,-0.374653,0.196245,-0.213808,0.186822,0.492974,-0.32371,-0.339389,-0.221192
0.425358,0.440521,-0.044936,-0.374653,0.196245,-0.213808,0.186822,0.492974,-0.32371,-0.339389,-0.221192,0.425664
0.420809,0.440521,-0.374653,0.196245,-0.213808,0.186822,0.492974,-0.32371,-0.339389,-0.221192,0.425664,-0.31528
0.416028,0.440521,0.196245,-0.213808,0.186822,0.492974,-0.32371,-0.339389,-0.221192,0.425664,-0.31528,0.257495
0.412903,0.440521,-0.213808,0.186822,0.492974,-0.32371,-0.339389,-0.221192,0.425664,-0.31528,0.257495,-0.111329
0.418919,0.440521,0.186822,0.492974,-0.32371,-0.339389,-0.221192,0.425664,-0.31528,0.257495,-0.111329,0.026707
0.414464,0.440521,0.492974,-0.32371,-0.339389,-0.221192,0.425664,-0.31528,0.257495,-0.111329,0.026707,-0.052841
0.4181,0.440521,-0.32371,-0.339389,-0.221192,0.425664,-0.31528,0.257495,-0.111329,0.026707,-0.052841,0.557974
