0.247035,0.356262,0.296002,-0.145628,-0.190815,0.187914,0.12424,-0.124582,0.13397,-0.00931,-0.072744,0.066626
0.249182,0.356262,-0.145628,-0.190815,0.187914,0.12424,-0.124582,0.13397,-0.00931,-0.072744,0.066626,0.320863
0.249033,0.356262,-0.190815,0.187914,0.12424,-0.124582,0.13397,-0.00931,-0.072744,0.066626,0.320863,-0.16222
0.247868,0.356262,0.187914,0.12424,-0.124582,0.13397,-0.00931,-0.072744,0.066626,0.320863,-0.16222,-0.195785
0.248936,0.356262,0.12424,-0.124582,0.13397,-0.00931,-0.072744,0.066626,0.320863,-0.16222,-0.195785,0.174291
0.254069,0.356262,-0.124582,0.13397,-0.00931,-0.072744,0.066626,0.320863,-0.16222,-0.195785,0.174291,0.146541
0.25148,0.356262,0.13397,-0.00931,-0.072744,0.066626,0.320863,-0.16222,-0.195785,0.174291,0.146541,-0.150097
0.24835,0.356262,-0.00931,-0.072744,0.066626,0.320863,-0.16222,-0.195785,0.174291,0.146541,-0.150097,0.141763
0.251138,0.356262,-0.072744,0.066626,0.320863,-0.16222,-0.195785,0.174291,0.146541,-0.150097,0.141763,-0.021631
0.253479,0.356262,0.066626,0.320863,-0.16222,-0.195785,0.174291,0.146541,-0.150097,0.141763,-0.021631,-0.079825
0.25108,0.356262,0.320863,-0.16222,-0.195785,0.174291,0.146541,-0.150097,0.141763,-0.021631,-0.079825,0.060724
0.253344,0.356262,-0.16222,-0.195785,0.174291,0.146541,-0.150097,0.141763,-0.021631,-0.079825,0.060724,0.296083
0.252999,0.356262,-0.195785,0.174291,0.146541,-0.150097,0.141763,-0.021631,-0.079825,0.060724,0.296083,-0.147797
0.251725,0.356262,0.174291,0.146541,-0.150097,0.141763,-0.021631,-0.079825,0.060724,0.296083,-0.147797,-0.209679
0.252695,0.356262,0.146541,-0.150097,0.141763,-0.021631,-0.079825,0.060724,0.296083,-0.147797,-0.209679,0.209476
0.257418,0.356262,-0.150097,0.141763,-0.021631,-0.079825,0.060724,0.296083,-0.147797,-0.209679,0.209476,0.097979
0.255066,0.356262,0.141763,-0.021631,-0.079825,0.060724,0.296083,-0.147797,-0.209679,0.209476,0.097979,-0.086305
0.251723,0.356262,-0.021631,-0.079825,0.060724,0.296083,-0.147797,-0.209679,0.209476,0.097979,-0.086305,0.100017
0.255064,0.356262,-0.079825,0.060724,0.296083,-0.147797,-0.209679,0.209476,0.097979,-0.086305,0.100017,-0.024849
0.256625,0.356262,0.060724,0.296083,-0.147797,-0.209679,0.209476,0.097979,-0.086305,0.100017,-0.024849,-0.071433
0.255249,0.356262,0.296083,-0.147797,-0.209679,0.209476,0.097979,-0.086305,0.100017,-0.024849,-0.071433,0.067084
0.256842,0.356262,-0.147797,-0.209679,0.209476,0.097979,-0.086305,0.100017,-0.024849,-0.071433,0.067084,0.28016
0.256447,0.356262,-0.209679,0.209476,0.097979,-0.086305,0.100017,-0.024849,-0.071433,0.067084,0.28016,-0.39074
0.25531,0.356262,0.209476,0.097979,-0.086305,0.100017,-0.024849,-0.071433,0.067084,0.28016,-0.39074,-0.160344
0.256379,0.356262,0.097979,-0.086305,0.100017,-0.024849,-0.071433,0.067084,0.28016,-0.39074,-0.160344,-0.180366
0.260835,0.356262,-0.086305,0.100017,-0.024849,-0.071433,0.067084,0.28016,-0.39074,-0.160344,-0.180366,-0.079133
0.254623,0.356262,0.100017,-0.024849,-0.071433,0.067084,0.28016,-0.39074,-0.160344,-0.180366,-0.079133,-0.103181
0.252066,0.356262,-0.024849,-0.071433,0.067084,0.28016,-0.39074,-0.160344,-0.180366,-0.079133,-0.103181,0.097168
0.249184,0.356262,-0.071433,0.067084,0.28016,-0.39074,-0.160344,-0.180366,-0.079133,-0.103181,0.097168,0.079022
0.247915,0.356262,0.067084,0.28016,-0.39074,-0.160344,-0.180366,-0.079133,-0.103181,0.097168,0.079022,-0.078828
0.246259,0.356262,0.28016,-0.39074,-0.160344,-0.180366,-0.079133,-0.103181,0.097168,0.079022,-0.078828,-0.006159
0.247817,0.36554,-0.39074,-0.160344,-0.180366,-0.079133,-0.103181,0.097168,0.079022,-0.078828,-0.006159,0.124234
0.249082,0.36554,-0.160344,-0.180366,-0.079133,-0.103181,0.097168,0.079022,-0.078828,-0.006159,0.124234,-0.272885
0.24782,0.36554,-0.180366,-0.079133,-0.103181,0.097168,0.079022,-0.078828,-0.006159,0.124234,-0.272885,-0.123919
0.247721,0.36554,-0.079133,-0.103181,0.097168,0.079022,-0.078828,-0.006159,0.124234,-0.272885,-0.123919,0.27559
0.249713,0.36554,-0.103181,0.097168,0.079022,-0.078828,-0.006159,0.124234,-0.272885,-0.123919,0.27559,0.124384
0.245338,0.36554,0.097168,0.079022,-0.078828,-0.006159,0.124234,-0.272885,-0.123919,0.27559,0.124384,-0.039748
0.243349,0.36554,0.079022,-0.078828,-0.006159,0.124234,-0.272885,-0.123919,0.27559,0.124384,-0.039748,0.107251
0.247771,0.36554,-0.078828,-0.006159,0.124234,-0.272885,-0.123919,0.27559,0.124384,-0.039748,0.107251,-0.042986
0.249764,0.36554,-0.006159,0.124234,-0.272885,-0.123919,0.27559,0.124384,-0.039748,0.107251,-0.042986,-0.060828
0.249128,0.36554,0.124234,-0.272885,-0.123919,0.27559,0.124384,-0.039748,0.107251,-0.042986,-0.060828,0.057571
0.250843,0.36554,-0.272885,-0.123919,0.27559,0.124384,-0.039748,0.107251,-0.042986,-0.060828,0.057571,0.131226
0.250157,0.36554,-0.123919,0.27559,0.124384,-0.039748,0.107251,-0.042986,-0.060828,0.057571,0.131226,-0.112778
0.249184,0.36554,0.27559,0.124384,-0.039748,0.107251,-0.042986,-0.060828,0.057571,0.131226,-0.112778,-0.53036
0.250106,0.36554,0.124384,-0.039748,0.107251,-0.042986,-0.060828,0.057571,0.131226,-0.112778,-0.53036,0.341406
0.252205,0.36554,-0.039748,0.107251,-0.042986,-0.060828,0.057571,0.131226,-0.112778,-0.53036,0.341406,0.169954
0.250403,0.36554,0.107251,-0.042986,-0.060828,0.057571,0.131226,-0.112778,-0.53036,0.341406,0.169954,-0.158177
0.241899,0.36554,-0.042986,-0.060828,0.057571,0.131226,-0.112778,-0.53036,0.341406,0.169954,-0.158177,0.228979
0.247382,0.36554,-0.060828,0.057571,0.131226,-0.112778,-0.53036,0.341406,0.169954,-0.158177,0.228979,-0.018512
0.250106,0.36554,0.057571,0.131226,-0.112778,-0.53036,0.341406,0.169954,-0.158177,0.228979,-0.018512,-0.048763
0.24757,0.36554,0.131226,-0.112778,-0.53036,0.341406,0.169954,-0.158177,0.228979,-0.018512,-0.048763,0.082043
0.251235,0.369446,-0.112778,-0.53036,0.341406,0.169954,-0.158177,0.228979,-0.018512,-0.048763,0.082043,0.335363
0.250939,0.369446,-0.53036,0.341406,0.169954,-0.158177,0.228979,-0.018512,-0.048763,0.082043,0.335363,-0.13528
0.25016,0.369446,0.341406,0.169954,-0.158177,0.228979,-0.018512,-0.048763,0.082043,0.335363,-0.13528,-0.178794
0.251473,0.369446,0.169954,-0.158177,0.228979,-0.018512,-0.048763,0.082043,0.335363,-0.13528,-0.178794,0.197152
0.256826,0.369446,-0.158177,0.228979,-0.018512,-0.048763,0.082043,0.335363,-0.13528,-0.178794,0.197152,0.156801
0.254672,0.369446,0.228979,-0.018512,-0.048763,0.082043,0.335363,-0.13528,-0.178794,0.197152,0.156801,-0.086434
0.251821,0.369446,-0.018512,-0.048763,0.082043,0.335363,-0.13528,-0.178794,0.197152,0.156801,-0.086434,0.125192
0.254965,0.369446,-0.048763,0.082043,0.335363,-0.13528,-0.178794,0.197152,0.156801,-0.086434,0.125192,0.000041
0.257463,0.369446,0.082043,0.335363,-0.13528,-0.178794,0.197152,0.156801,-0.086434,0.125192,0.000041,-0.05007
0.256086,0.369446,0.335363,-0.13528,-0.178794,0.197152,0.156801,-0.086434,0.125192,0.000041,-0.05007,0.082736
0.258078,0.369446,-0.13528,-0.178794,0.197152,0.156801,-0.086434,0.125192,0.000041,-0.05007,0.082736,0.357344
0.258079,0.369446,-0.178794,0.197152,0.156801,-0.086434,0.125192,0.000041,-0.05007,0.082736,0.357344,-0.387435
0.257283,0.369446,0.197152,0.156801,-0.086434,0.125192,0.000041,-0.05007,0.082736,0.357344,-0.387435,-0.18329
0.258599,0.369446,0.156801,-0.086434,0.125192,0.000041,-0.05007,0.082736,0.357344,-0.387435,-0.18329,-0.040287
0.264271,0.369446,-0.086434,0.125192,0.000041,-0.05007,0.082736,0.357344,-0.387435,-0.18329,-0.040287,0.296433
0.258127,0.369446,0.125192,0.000041,-0.05007,0.082736,0.357344,-0.387435,-0.18329,-0.040287,0.296433,-0.102221
0.255213,0.369446,0.000041,-0.05007,0.082736,0.357344,-0.387435,-0.18329,-0.040287,0.296433,-0.102221,0.113289
0.254571,0.369446,-0.05007,0.082736,0.357344,-0.387435,-0.18329,-0.040287,0.296433,-0.102221,0.113289,0.081531
0.259291,0.369446,0.082736,0.357344,-0.387435,-0.18329,-0.040287,0.296433,-0.102221,0.113289,0.081531,-0.069319
0.257665,0.369446,0.357344,-0.387435,-0.18329,-0.040287,0.296433,-0.102221,0.113289,0.081531,-0.069319,0.086091
0.259465,0.369446,-0.387435,-0.18329,-0.040287,0.296433,-0.102221,0.113289,0.081531,-0.069319,0.086091,0.359571
0.260758,0.369446,-0.18329,-0.040287,0.296433,-0.102221,0.113289,0.081531,-0.069319,0.086091,0.359571,-0.140859
0.259659,0.369446,-0.040287,0.296433,-0.102221,0.113289,0.081531,-0.069319,0.086091,0.359571,-0.140859,-0.198512
0.261026,0.369446,0.296433,-0.102221,0.113289,0.081531,-0.069319,0.086091,0.359571,-0.140859,-0.198512,0.141067
0.266722,0.369446,-0.102221,0.113289,0.081531,-0.069319,0.086091,0.359571,-0.140859,-0.198512,0.141067,-0.249033
0.264496,0.369446,0.113289,0.081531,-0.069319,0.086091,0.359571,-0.140859,-0.198512,0.141067,-0.249033,-0.064981
0.261355,0.369446,0.081531,-0.069319,0.086091,0.359571,-0.140859,-0.198512,0.141067,-0.249033,-0.064981,0.129281
0.263589,0.369446,-0.069319,0.086091,0.359571,-0.140859,-0.198512,0.141067,-0.249033,-0.064981,0.129281,0.012652
0.259638,0.369446,0.086091,0.359571,-0.140859,-0.198512,0.141067,-0.249033,-0.064981,0.129281,0.012652,-0.034942
0.258605,0.369446,0.359571,-0.140859,-0.198512,0.141067,-0.249033,-0.064981,0.129281,0.012652,-0.034942,0.092425
0.260657,0.369446,-0.140859,-0.198512,0.141067,-0.249033,-0.064981,0.129281,0.012652,-0.034942,0.092425,0.369784
0.260858,0.369446,-0.198512,0.141067,-0.249033,-0.064981,0.129281,0.012652,-0.034942,0.092425,0.369784,-0.409069
0.260304,0.369446,0.141067,-0.249033,-0.064981,0.129281,0.012652,-0.034942,0.092425,0.369784,-0.409069,-0.243738
0.261771,0.369446,-0.249033,-0.064981,0.129281,0.012652,-0.034942,0.092425,0.369784,-0.409069,-0.243738,-0.419522
0.267624,0.369446,-0.064981,0.129281,0.012652,-0.034942,0.092425,0.369784,-0.409069,-0.243738,-0.419522,0.34032
0.261154,0.369446,0.129281,0.012652,-0.034942,0.092425,0.369784,-0.409069,-0.243738,-0.419522,0.34032,-0.10163
0.257287,0.369446,0.012652,-0.034942,0.092425,0.369784,-0.409069,-0.243738,-0.419522,0.34032,-0.10163,0.164907
0.2506,0.369446,-0.034942,0.092425,0.369784,-0.409069,-0.243738,-0.419522,0.34032,-0.10163,0.164907,0.077879
0.256034,0.369446,0.092425,0.369784,-0.409069,-0.243738,-0.419522,0.34032,-0.10163,0.164907,0.077879,-0.068758
0.254413,0.369446,0.369784,-0.409069,-0.243738,-0.419522,0.34032,-0.10163,0.164907,0.077879,-0.068758,0.126269
0.257039,0.369446,-0.409069,-0.243738,-0.419522,0.34032,-0.10163,0.164907,0.077879,-0.068758,0.126269,0.348423
0.258277,0.37088,-0.243738,-0.419522,0.34032,-0.10163,0.164907,0.077879,-0.068758,0.126269,0.348423,-0.156084
0.257184,0.37088,-0.419522,0.34032,-0.10163,0.164907,0.077879,-0.068758,0.126269,0.348423,-0.156084,-0.14432
0.259193,0.37088,0.34032,-0.10163,0.164907,0.077879,-0.068758,0.126269,0.348423,-0.156084,-0.14432,0.213101
0.26472,0.37088,-0.10163,0.164907,0.077879,-0.068758,0.126269,0.348423,-0.156084,-0.14432,0.213101,-0.267535
0.26225,0.37088,0.164907,0.077879,-0.068758,0.126269,0.348423,-0.156084,-0.14432,0.213101,-0.267535,-0.102184
0.259963,0.37088,0.077879,-0.068758,0.126269,0.348423,-0.156084,-0.14432,0.213101,-0.267535,-0.102184,0.14447
0.263339,0.37088,-0.068758,0.126269,0.348423,-0.156084,-0.14432,0.213101,-0.267535,-0.102184,0.14447,-0.003058
0.259094,0.37088,0.126269,0.348423,-0.156084,-0.14432,0.213101,-0.267535,-0.102184,0.14447,-0.003058,-0.019149
0.257468,0.37088,0.348423,-0.156084,-0.14432,0.213101,-0.267535,-0.102184,0.14447,-0.003058,-0.019149,0.086059
0.259763,0.37088,-0.156084,-0.14432,0.213101,-0.267535,-0.102184,0.14447,-0.003058,-0.019149,0.086059,0.381537
0.259715,0.37088,-0.14432,0.213101,-0.267535,-0.102184,0.14447,-0.003058,-0.019149,0.086059,0.381537,-0.153524
0.259411,0.37088,0.213101,-0.267535,-0.102184,0.14447,-0.003058,-0.019149,0.086059,0.381537,-0.153524,-0.204753
0.260778,0.37088,-0.267535,-0.102184,0.14447,-0.003058,-0.019149,0.086059,0.381537,-0.153524,-0.204753,0.251602
0.266822,0.37088,-0.102184,0.14447,-0.003058,-0.019149,0.086059,0.381537,-0.153524,-0.204753,0.251602,0.197754
0.264396,0.37088,0.14447,-0.003058,-0.019149,0.086059,0.381537,-0.153524,-0.204753,0.251602,0.197754,-0.113375
0.261156,0.37088,-0.003058,-0.019149,0.086059,0.381537,-0.153524,-0.204753,0.251602,0.197754,-0.113375,-0.014085
0.265137,0.37088,-0.019149,0.086059,0.381537,-0.153524,-0.204753,0.251602,0.197754,-0.113375,-0.014085,-0.315794
0.268262,0.37088,0.086059,0.381537,-0.153524,-0.204753,0.251602,0.197754,-0.113375,-0.014085,-0.315794,-0.374308
0.266471,0.37088,0.381537,-0.153524,-0.204753,0.251602,0.197754,-0.113375,-0.014085,-0.315794,-0.374308,0.011486
0.266249,0.37088,-0.153524,-0.204753,0.251602,0.197754,-0.113375,-0.014085,-0.315794,-0.374308,0.011486,0.442276
0.261256,0.368408,-0.204753,0.251602,0.197754,-0.113375,-0.014085,-0.315794,-0.374308,0.011486,0.442276,-0.114749
0.25531,0.368408,0.251602,0.197754,-0.113375,-0.014085,-0.315794,-0.374308,0.011486,0.442276,-0.114749,-0.150069
0.255493,0.368408,0.197754,-0.113375,-0.014085,-0.315794,-0.374308,0.011486,0.442276,-0.114749,-0.150069,0.284714
0.262526,0.368408,-0.113375,-0.014085,-0.315794,-0.374308,0.011486,0.442276,-0.114749,-0.150069,0.284714,0.152659
0.260707,0.368408,-0.014085,-0.315794,-0.374308,0.011486,0.442276,-0.114749,-0.150069,0.284714,0.152659,-0.037125
0.258326,0.368408,-0.315794,-0.374308,0.011486,0.442276,-0.114749,-0.150069,0.284714,0.152659,-0.037125,0.160282
0.262841,0.368408,-0.374308,0.011486,0.442276,-0.114749,-0.150069,0.284714,0.152659,-0.037125,0.160282,0.03532
0.265258,0.368408,0.011486,0.442276,-0.114749,-0.150069,0.284714,0.152659,-0.037125,0.160282,0.03532,-0.04232
0.26467,0.368408,0.442276,-0.114749,-0.150069,0.284714,0.152659,-0.037125,0.160282,0.03532,-0.04232,0.070962
0.267202,0.368408,-0.114749,-0.150069,0.284714,0.152659,-0.037125,0.160282,0.03532,-0.04232,0.070962,0.311438
0.267759,0.368408,-0.150069,0.284714,0.152659,-0.037125,0.160282,0.03532,-0.04232,0.070962,0.311438,-0.180972
0.267091,0.368408,0.284714,0.152659,-0.037125,0.160282,0.03532,-0.04232,0.070962,0.311438,-0.180972,-0.232943
0.268212,0.368408,0.152659,-0.037125,0.160282,0.03532,-0.04232,0.070962,0.311438,-0.180972,-0.232943,0.161664
0.273119,0.368408,-0.037125,0.160282,0.03532,-0.04232,0.070962,0.311438,-0.180972,-0.232943,0.161664,-0.230786
0.270273,0.368408,0.160282,0.03532,-0.04232,0.070962,0.311438,-0.180972,-0.232943,0.161664,-0.230786,-0.071837
0.266603,0.368408,0.03532,-0.04232,0.070962,0.311438,-0.180972,-0.232943,0.161664,-0.230786,-0.071837,-0.01419
0.269152,0.368408,-0.04232,0.070962,0.311438,-0.180972,-0.232943,0.161664,-0.230786,-0.071837,-0.01419,-0.135486
0.265507,0.368408,0.070962,0.311438,-0.180972,-0.232943,0.161664,-0.230786,-0.071837,-0.01419,-0.135486,-0.300558
0.26437,0.368408,0.311438,-0.180972,-0.232943,0.161664,-0.230786,-0.071837,-0.01419,-0.135486,-0.300558,-0.066032
0.264146,0.368408,-0.180972,-0.232943,0.161664,-0.230786,-0.071837,-0.01419,-0.135486,-0.300558,-0.066032,0.273767
0.262003,0.368408,-0.232943,0.161664,-0.230786,-0.071837,-0.01419,-0.135486,-0.300558,-0.066032,0.273767,-0.064414
0.257233,0.368408,0.161664,-0.230786,-0.071837,-0.01419,-0.135486,-0.300558,-0.066032,0.273767,-0.064414,-0.106086
0.256182,0.368408,-0.230786,-0.071837,-0.01419,-0.135486,-0.300558,-0.066032,0.273767,-0.064414,-0.106086,0.234131
0.260537,0.368408,-0.071837,-0.01419,-0.135486,-0.300558,-0.066032,0.273767,-0.064414,-0.106086,0.234131,0.032955
0.259515,0.368408,-0.01419,-0.135486,-0.300558,-0.066032,0.273767,-0.064414,-0.106086,0.234131,0.032955,-0.040175
0.257831,0.368408,-0.135486,-0.300558,-0.066032,0.273767,-0.064414,-0.106086,0.234131,0.032955,-0.040175,-0.189434
0.261546,0.368408,-0.300558,-0.066032,0.273767,-0.064414,-0.106086,0.234131,0.032955,-0.040175,-0.189434,0.115749
0.262069,0.368408,-0.066032,0.273767,-0.064414,-0.106086,0.234131,0.032955,-0.040175,-0.189434,0.115749,0.077919
0.261431,0.368408,0.273767,-0.064414,-0.106086,0.234131,0.032955,-0.040175,-0.189434,0.115749,0.077919,0.007895
0.258425,0.368408,-0.064414,-0.106086,0.234131,0.032955,-0.040175,-0.189434,0.115749,0.077919,0.007895,0.442815
0.260261,0.368408,-0.106086,0.234131,0.032955,-0.040175,-0.189434,0.115749,0.077919,0.007895,0.442815,-0.176253
0.261496,0.368408,0.234131,0.032955,-0.040175,-0.189434,0.115749,0.077919,0.007895,0.442815,-0.176253,-0.186509
0.261622,0.368408,0.032955,-0.040175,-0.189434,0.115749,0.077919,0.007895,0.442815,-0.176253,-0.186509,0.20806
0.268629,0.368408,-0.040175,-0.189434,0.115749,0.077919,0.007895,0.442815,-0.176253,-0.186509,0.20806,0.172642
0.265848,0.368408,-0.189434,0.115749,0.077919,0.007895,0.442815,-0.176253,-0.186509,0.20806,0.172642,-0.08175
0.2629,0.368408,0.115749,0.077919,0.007895,0.442815,-0.176253,-0.186509,0.20806,0.172642,-0.08175,0.142437
0.266189,0.368408,0.077919,0.007895,0.442815,-0.176253,-0.186509,0.20806,0.172642,-0.08175,0.142437,-0.03814
0.268915,0.368408,0.007895,0.442815,-0.176253,-0.186509,0.20806,0.172642,-0.08175,0.142437,-0.03814,-0.154071
0.267624,0.368408,0.442815,-0.176253,-0.186509,0.20806,0.172642,-0.08175,0.142437,-0.03814,-0.154071,-0.156912
0.269869,0.368408,-0.176253,-0.186509,0.20806,0.172642,-0.08175,0.142437,-0.03814,-0.154071,-0.156912,0.228732
0.269269,0.368408,-0.186509,0.20806,0.172642,-0.08175,0.142437,-0.03814,-0.154071,-0.156912,0.228732,-0.315032
0.26684,0.368408,0.20806,0.172642,-0.08175,0.142437,-0.03814,-0.154071,-0.156912,0.228732,-0.315032,-0.207235
0.264359,0.362152,0.172642,-0.08175,0.142437,-0.03814,-0.154071,-0.156912,0.228732,-0.315032,-0.207235,-0.366677
0.267976,0.362152,-0.08175,0.142437,-0.03814,-0.154071,-0.156912,0.228732,-0.315032,-0.207235,-0.366677,0.30534
0.262998,0.362152,0.142437,-0.03814,-0.154071,-0.156912,0.228732,-0.315032,-0.207235,-0.366677,0.30534,-0.21656
0.259715,0.362152,-0.03814,-0.154071,-0.156912,0.228732,-0.315032,-0.207235,-0.366677,0.30534,-0.21656,0.134222
0.253883,0.362152,-0.154071,-0.156912,0.228732,-0.315032,-0.207235,-0.366677,0.30534,-0.21656,0.134222,-0.108708
0.258747,0.362152,-0.156912,0.228732,-0.315032,-0.207235,-0.366677,0.30534,-0.21656,0.134222,-0.108708,0.049434
0.255298,0.362152,0.228732,-0.315032,-0.207235,-0.366677,0.30534,-0.21656,0.134222,-0.108708,0.049434,0.185245
0.257435,0.362152,-0.315032,-0.207235,-0.366677,0.30534,-0.21656,0.134222,-0.108708,0.049434,0.185245,0.373917
0.255706,0.362152,-0.207235,-0.366677,0.30534,-0.21656,0.134222,-0.108708,0.049434,0.185245,0.373917,-0.077405
0.256493,0.362152,-0.366677,0.30534,-0.21656,0.134222,-0.108708,0.049434,0.185245,0.373917,-0.077405,-0.179513
0.25944,0.362152,0.30534,-0.21656,0.134222,-0.108708,0.049434,0.185245,0.373917,-0.077405,-0.179513,0.305582
0.26537,0.362152,-0.21656,0.134222,-0.108708,0.049434,0.185245,0.373917,-0.077405,-0.179513,0.305582,0.137615
0.264146,0.362152,0.134222,-0.108708,0.049434,0.185245,0.373917,-0.077405,-0.179513,0.305582,0.137615,-0.078492
0.261305,0.362152,-0.108708,0.049434,0.185245,0.373917,-0.077405,-0.179513,0.305582,0.137615,-0.078492,-0.017241
0.266139,0.362152,0.049434,0.185245,0.373917,-0.077405,-0.179513,0.305582,0.137615,-0.078492,-0.017241,-0.15528
0.268312,0.362152,0.185245,0.373917,-0.077405,-0.179513,0.305582,0.137615,-0.078492,-0.017241,-0.15528,-0.34608
0.267072,0.362152,0.373917,-0.077405,-0.179513,0.305582,0.137615,-0.078492,-0.017241,-0.15528,-0.34608,-0.081966
0.2668,0.362152,-0.077405,-0.179513,0.305582,0.137615,-0.078492,-0.017241,-0.15528,-0.34608,-0.081966,0.202747
0.264349,0.362152,-0.179513,0.305582,0.137615,-0.078492,-0.017241,-0.15528,-0.34608,-0.081966,0.202747,-0.061305
0.258866,0.362152,0.305582,0.137615,-0.078492,-0.017241,-0.15528,-0.34608,-0.081966,0.202747,-0.061305,-0.109268
0.257562,0.362152,0.137615,-0.078492,-0.017241,-0.15528,-0.34608,-0.081966,0.202747,-0.061305,-0.109268,0.212269
0.260786,0.354309,-0.078492,-0.017241,-0.15528,-0.34608,-0.081966,0.202747,-0.061305,-0.109268,0.212269,0.183789
0.259813,0.354309,-0.017241,-0.15528,-0.34608,-0.081966,0.202747,-0.061305,-0.109268,0.212269,0.183789,-0.033955
0.258079,0.354309,-0.15528,-0.34608,-0.081966,0.202747,-0.061305,-0.109268,0.212269,0.183789,-0.033955,0.14402
0.261447,0.354309,-0.34608,-0.081966,0.202747,-0.061305,-0.109268,0.212269,0.183789,-0.033955,0.14402,0.025658
0.264359,0.354309,-0.081966,0.202747,-0.061305,-0.109268,0.212269,0.183789,-0.033955,0.14402,0.025658,-0.023083
0.263821,0.354309,0.202747,-0.061305,-0.109268,0.212269,0.183789,-0.033955,0.14402,0.025658,-0.023083,0.102647
0.266098,0.354309,-0.061305,-0.109268,0.212269,0.183789,-0.033955,0.14402,0.025658,-0.023083,0.102647,0.314297
0.266503,0.354309,-0.109268,0.212269,0.183789,-0.033955,0.14402,0.025658,-0.023083,0.102647,0.314297,-0.16481
0.266139,0.354309,0.212269,0.183789,-0.033955,0.14402,0.025658,-0.023083,0.102647,0.314297,-0.16481,-0.181937
0.26776,0.354309,0.183789,-0.033955,0.14402,0.025658,-0.023083,0.102647,0.314297,-0.16481,-0.181937,0.17789
0.272714,0.354309,-0.033955,0.14402,0.025658,-0.023083,0.102647,0.314297,-0.16481,-0.181937,0.17789,0.122446
0.270122,0.354309,0.14402,0.025658,-0.023083,0.102647,0.314297,-0.16481,-0.181937,0.17789,0.122446,-0.06614
0.267256,0.354309,0.025658,-0.023083,0.102647,0.314297,-0.16481,-0.181937,0.17789,0.122446,-0.06614,0.156744
0.270059,0.354309,-0.023083,0.102647,0.314297,-0.16481,-0.181937,0.17789,0.122446,-0.06614,0.156744,-0.028691
0.271987,0.354309,0.102647,0.314297,-0.16481,-0.181937,0.17789,0.122446,-0.06614,0.156744,-0.028691,-0.043183
0.270945,0.354309,0.314297,-0.16481,-0.181937,0.17789,0.122446,-0.06614,0.156744,-0.028691,-0.043183,-0.037927
0.273409,0.354309,-0.16481,-0.181937,0.17789,0.122446,-0.06614,0.156744,-0.028691,-0.043183,-0.037927,0.13628
0.272959,0.354309,-0.181937,0.17789,0.122446,-0.06614,0.156744,-0.028691,-0.043183,-0.037927,0.13628,-0.270964
0.272281,0.354309,0.17789,0.122446,-0.06614,0.156744,-0.028691,-0.043183,-0.037927,0.13628,-0.270964,-0.207159
0.271684,0.354309,0.122446,-0.06614,0.156744,-0.028691,-0.043183,-0.037927,0.13628,-0.270964,-0.207159,-0.083259
0.273828,0.354309,-0.06614,0.156744,-0.028691,-0.043183,-0.037927,0.13628,-0.270964,-0.207159,-0.083259,0.121499
0.269567,0.354309,0.156744,-0.028691,-0.043183,-0.037927,0.13628,-0.270964,-0.207159,-0.083259,0.121499,0.013571
0.266302,0.354309,-0.028691,-0.043183,-0.037927,0.13628,-0.270964,-0.207159,-0.083259,0.121499,0.013571,0.135826
0.264987,0.354309,-0.043183,-0.037927,0.13628,-0.270964,-0.207159,-0.083259,0.121499,0.013571,0.135826,0.0099
0.266908,0.354309,-0.037927,0.13628,-0.270964,-0.207159,-0.083259,0.121499,0.013571,0.135826,0.0099,0.03096
0.267123,0.354309,0.13628,-0.270964,-0.207159,-0.083259,0.121499,0.013571,0.135826,0.0099,0.03096,-0.043859
0.269264,0.354309,-0.270964,-0.207159,-0.083259,0.121499,0.013571,0.135826,0.0099,0.03096,-0.043859,0.119314
0.26942,0.354309,-0.207159,-0.083259,0.121499,0.013571,0.135826,0.0099,0.03096,-0.043859,0.119314,-0.263092
0.269908,0.354309,-0.083259,0.121499,0.013571,0.135826,0.0099,0.03096,-0.043859,0.119314,-0.263092,-0.117312
0.269216,0.354309,0.121499,0.013571,0.135826,0.0099,0.03096,-0.043859,0.119314,-0.263092,-0.117312,0.244125
0.271097,0.354309,0.013571,0.135826,0.0099,0.03096,-0.043859,0.119314,-0.263092,-0.117312,0.244125,-0.224338
0.266951,0.354309,0.135826,0.0099,0.03096,-0.043859,0.119314,-0.263092,-0.117312,0.244125,-0.224338,-0.043438
0.2651,0.354309,0.0099,0.03096,-0.043859,0.119314,-0.263092,-0.117312,0.244125,-0.224338,-0.043438,-0.011008
0.268951,0.354309,0.03096,-0.043859,0.119314,-0.263092,-0.117312,0.244125,-0.224338,-0.043438,-0.011008,-0.113551
0.265407,0.354309,-0.043859,0.119314,-0.263092,-0.117312,0.244125,-0.224338,-0.043438,-0.011008,-0.113551,-0.263753
0.26472,0.354309,0.119314,-0.263092,-0.117312,0.244125,-0.224338,-0.043438,-0.011008,-0.113551,-0.263753,-0.075678
0.264546,0.354309,-0.263092,-0.117312,0.244125,-0.224338,-0.043438,-0.011008,-0.113551,-0.263753,-0.075678,0.277743
0.26275,0.354309,-0.117312,0.244125,-0.224338,-0.043438,-0.011008,-0.113551,-0.263753,-0.075678,0.277743,-0.077032
0.258569,0.354309,0.244125,-0.224338,-0.043438,-0.011008,-0.113551,-0.263753,-0.075678,0.277743,-0.077032,-0.100077
0.257365,0.354309,-0.224338,-0.043438,-0.011008,-0.113551,-0.263753,-0.075678,0.277743,-0.077032,-0.100077,0.212672
0.261779,0.354309,-0.043438,-0.011008,-0.113551,-0.263753,-0.075678,0.277743,-0.077032,-0.100077,0.212672,0.174613
0.260558,0.354309,-0.011008,-0.113551,-0.263753,-0.075678,0.277743,-0.077032,-0.100077,0.212672,0.174613,-0.046578
0.25897,0.341522,-0.113551,-0.263753,-0.075678,0.277743,-0.077032,-0.100077,0.212672,0.174613,-0.046578,0.122013
0.262342,0.341522,-0.263753,-0.075678,0.277743,-0.077032,-0.100077,0.212672,0.174613,-0.046578,0.122013,-0.041074
0.265108,0.341522,-0.075678,0.277743,-0.077032,-0.100077,0.212672,0.174613,-0.046578,0.122013,-0.041074,0.015059
0.26437,0.341522,0.277743,-0.077032,-0.100077,0.212672,0.174613,-0.046578,0.122013,-0.041074,0.015059,0.055029
0.266299,0.341522,-0.077032,-0.100077,0.212672,0.174613,-0.046578,0.122013,-0.041074,0.015059,0.055029,0.281416
0.26565,0.341522,-0.100077,0.212672,0.174613,-0.046578,0.122013,-0.041074,0.015059,0.055029,0.281416,-0.145179
0.265888,0.341522,0.212672,0.174613,-0.046578,0.122013,-0.041074,0.015059,0.055029,0.281416,-0.145179,-0.213201
0.266758,0.341522,0.174613,-0.046578,0.122013,-0.041074,0.015059,0.055029,0.281416,-0.145179,-0.213201,0.206012
0.271198,0.341522,-0.046578,0.122013,-0.041074,0.015059,0.055029,0.281416,-0.145179,-0.213201,0.206012,0.096633
0.268912,0.341522,0.122013,-0.041074,0.015059,0.055029,0.281416,-0.145179,-0.213201,0.206012,0.096633,-0.059604
0.26555,0.341522,-0.041074,0.015059,0.055029,0.281416,-0.145179,-0.213201,0.206012,0.096633,-0.059604,0.111033
0.2688,0.341522,0.015059,0.055029,0.281416,-0.145179,-0.213201,0.206012,0.096633,-0.059604,0.111033,-0.041433
0.270323,0.341522,0.055029,0.281416,-0.145179,-0.213201,0.206012,0.096633,-0.059604,0.111033,-0.041433,0.014909
0.269383,0.341522,0.281416,-0.145179,-0.213201,0.206012,0.096633,-0.059604,0.111033,-0.041433,0.014909,0.016738
0.271131,0.341522,-0.145179,-0.213201,0.206012,0.096633,-0.059604,0.111033,-0.041433,0.014909,0.016738,0.294225
0.27048,0.341522,-0.213201,0.206012,0.096633,-0.059604,0.111033,-0.041433,0.014909,0.016738,0.294225,-0.12373
0.270714,0.341522,0.206012,0.096633,-0.059604,0.111033,-0.041433,0.014909,0.016738,0.294225,-0.12373,-0.183382
0.270978,0.341522,0.096633,-0.059604,0.111033,-0.041433,0.014909,0.016738,0.294225,-0.12373,-0.183382,0.163006
0.275604,0.341522,-0.059604,0.111033,-0.041433,0.014909,0.016738,0.294225,-0.12373,-0.183382,0.163006,0.136002
0.273663,0.332275,0.111033,-0.041433,0.014909,0.016738,0.294225,-0.12373,-0.183382,0.163006,0.136002,-0.066467
0.270783,0.332275,-0.041433,0.014909,0.016738,0.294225,-0.12373,-0.183382,0.163006,0.136002,-0.066467,0.132298
0.273344,0.332275,0.014909,0.016738,0.294225,-0.12373,-0.183382,0.163006,0.136002,-0.066467,0.132298,-0.080837
0.27548,0.332275,0.016738,0.294225,-0.12373,-0.183382,0.163006,0.136002,-0.066467,0.132298,-0.080837,0.008282
0.274436,0.332275,0.294225,-0.12373,-0.183382,0.163006,0.136002,-0.066467,0.132298,-0.080837,0.008282,0.006732
0.276511,0.332275,-0.12373,-0.183382,0.163006,0.136002,-0.066467,0.132298,-0.080837,0.008282,0.006732,0.3173
0.275245,0.332275,-0.183382,0.163006,0.136002,-0.066467,0.132298,-0.080837,0.008282,0.006732,0.3173,-0.170467
0.275374,0.332275,0.163006,0.136002,-0.066467,0.132298,-0.080837,0.008282,0.006732,0.3173,-0.170467,-0.211009
0.27548,0.332275,0.136002,-0.066467,0.132298,-0.080837,0.008282,0.006732,0.3173,-0.170467,-0.211009,0.200035
0.280451,0.332275,-0.066467,0.132298,-0.080837,0.008282,0.006732,0.3173,-0.170467,-0.211009,0.200035,0.101018
0.277786,0.332275,0.132298,-0.080837,0.008282,0.006732,0.3173,-0.170467,-0.211009,0.200035,0.101018,-0.066817
0.274482,0.332275,-0.080837,0.008282,0.006732,0.3173,-0.170467,-0.211009,0.200035,0.101018,-0.066817,0.097685
0.277615,0.332275,0.008282,0.006732,0.3173,-0.170467,-0.211009,0.200035,0.101018,-0.066817,0.097685,-0.032251
0.279197,0.332275,0.006732,0.3173,-0.170467,-0.211009,0.200035,0.101018,-0.066817,0.097685,-0.032251,-0.0148
0.27815,0.332275,0.3173,-0.170467,-0.211009,0.200035,0.101018,-0.066817,0.097685,-0.032251,-0.0148,0.009684
0.279678,0.332275,-0.170467,-0.211009,0.200035,0.101018,-0.066817,0.097685,-0.032251,-0.0148,0.009684,0.300421
0.279174,0.332275,-0.211009,0.200035,0.101018,-0.066817,0.097685,-0.032251,-0.0148,0.009684,0.300421,-0.138613
0.278943,0.332275,0.200035,0.101018,-0.066817,0.097685,-0.032251,-0.0148,0.009684,0.300421,-0.138613,-0.25532
0.279094,0.332275,0.101018,-0.066817,0.097685,-0.032251,-0.0148,0.009684,0.300421,-0.138613,-0.25532,-0.121993
0.283788,0.332275,-0.066817,0.097685,-0.032251,-0.0148,0.009684,0.300421,-0.138613,-0.25532,-0.121993,0.08452
0.281627,0.332275,0.097685,-0.032251,-0.0148,0.009684,0.300421,-0.138613,-0.25532,-0.121993,0.08452,-0.043916
0.27764,0.332275,-0.032251,-0.0148,0.009684,0.300421,-0.138613,-0.25532,-0.121993,0.08452,-0.043916,0.113453
0.27573,0.332275,-0.0148,0.009684,0.300421,-0.138613,-0.25532,-0.121993,0.08452,-0.043916,0.113453,0.010313
0.277056,0.332275,0.009684,0.300421,-0.138613,-0.25532,-0.121993,0.08452,-0.043916,0.113453,0.010313,-0.092944
0.276367,0.332275,0.300421,-0.138613,-0.25532,-0.121993,0.08452,-0.043916,0.113453,0.010313,-0.092944,0.084631
0.278143,0.332275,-0.138613,-0.25532,-0.121993,0.08452,-0.043916,0.113453,0.010313,-0.092944,0.084631,0.303012
0.278304,0.332275,-0.25532,-0.121993,0.08452,-0.043916,0.113453,0.010313,-0.092944,0.084631,0.303012,-0.161396
0.27685,0.332275,-0.121993,0.08452,-0.043916,0.113453,0.010313,-0.092944,0.084631,0.303012,-0.161396,-0.215513
0.278176,0.332275,0.08452,-0.043916,0.113453,0.010313,-0.092944,0.084631,0.303012,-0.161396,-0.215513,0.210911
0.282914,0.332275,-0.043916,0.113453,0.010313,-0.092944,0.084631,0.303012,-0.161396,-0.215513,0.210911,0.068561
0.280395,0.332275,0.113453,0.010313,-0.092944,0.084631,0.303012,-0.161396,-0.215513,0.210911,0.068561,-0.119366
0.277028,0.332275,0.010313,-0.092944,0.084631,0.303012,-0.161396,-0.215513,0.210911,0.068561,-0.119366,-0.046169
0.280325,0.332275,-0.092944,0.084631,0.303012,-0.161396,-0.215513,0.210911,0.068561,-0.119366,-0.046169,-0.182237
0.281396,0.332275,0.084631,0.303012,-0.161396,-0.215513,0.210911,0.068561,-0.119366,-0.046169,-0.182237,-0.218243
0.27953,0.332275,0.303012,-0.161396,-0.215513,0.210911,0.068561,-0.119366,-0.046169,-0.182237,-0.218243,0.068103
0.278808,0.332275,-0.161396,-0.215513,0.210911,0.068561,-0.119366,-0.046169,-0.182237,-0.218243,0.068103,0.25715
0.275957,0.332275,-0.215513,0.210911,0.068561,-0.119366,-0.046169,-0.182237,-0.218243,0.068103,0.25715,-0.143632
0.272534,0.332275,0.210911,0.068561,-0.119366,-0.046169,-0.182237,-0.218243,0.068103,0.25715,-0.143632,-0.158257
0.273604,0.332275,0.068561,-0.119366,-0.046169,-0.182237,-0.218243,0.068103,0.25715,-0.143632,-0.158257,0.118292
0.27764,0.332275,-0.119366,-0.046169,-0.182237,-0.218243,0.068103,0.25715,-0.143632,-0.158257,0.118292,0.100631
0.27539,0.306183,-0.046169,-0.182237,-0.218243,0.068103,0.25715,-0.143632,-0.158257,0.118292,0.100631,-0.108585
0.272908,0.306183,-0.182237,-0.218243,0.068103,0.25715,-0.143632,-0.158257,0.118292,0.100631,-0.108585,-0.029868
0.274765,0.306183,-0.218243,0.068103,0.25715,-0.143632,-0.158257,0.118292,0.100631,-0.108585,-0.029868,-0.170711
0.276343,0.306183,0.068103,0.25715,-0.143632,-0.158257,0.118292,0.100631,-0.108585,-0.029868,-0.170711,-0.253909
0.274639,0.306183,0.25715,-0.143632,-0.158257,0.118292,0.100631,-0.108585,-0.029868,-0.170711,-0.253909,0.090094
0.27417,0.306183,-0.143632,-0.158257,0.118292,0.100631,-0.108585,-0.029868,-0.170711,-0.253909,0.090094,0.225076
0.271491,0.306183,-0.158257,0.118292,0.100631,-0.108585,-0.029868,-0.170711,-0.253909,0.090094,0.225076,-0.116656
0.267493,0.306183,0.118292,0.100631,-0.108585,-0.029868,-0.170711,-0.253909,0.090094,0.225076,-0.116656,-0.18533
0.268915,0.306183,0.100631,-0.108585,-0.029868,-0.170711,-0.253909,0.090094,0.225076,-0.116656,-0.18533,0.06924
0.272461,0.306183,-0.108585,-0.029868,-0.170711,-0.253909,0.090094,0.225076,-0.116656,-0.18533,0.06924,-0.154673
0.270626,0.306183,-0.029868,-0.170711,-0.253909,0.090094,0.225076,-0.116656,-0.18533,0.06924,-0.154673,-0.138209
0.267709,0.306183,-0.170711,-0.253909,0.090094,0.225076,-0.116656,-0.18533,0.06924,-0.154673,-0.138209,0.150523
0.2688,0.306183,-0.253909,0.090094,0.225076,-0.116656,-0.18533,0.06924,-0.154673,-0.138209,0.150523,-0.044268
0.266358,0.306183,0.090094,0.225076,-0.116656,-0.18533,0.06924,-0.154673,-0.138209,0.150523,-0.044268,-0.035678
0.264171,0.306183,0.225076,-0.116656,-0.18533,0.06924,-0.154673,-0.138209,0.150523,-0.044268,-0.035678,0.004425
0.26655,0.306183,-0.116656,-0.18533,0.06924,-0.154673,-0.138209,0.150523,-0.044268,-0.035678,0.004425,0.26443
0.265851,0.306183,-0.18533,0.06924,-0.154673,-0.138209,0.150523,-0.044268,-0.035678,0.004425,0.26443,-0.151115
0.265288,0.306183,0.06924,-0.154673,-0.138209,0.150523,-0.044268,-0.035678,0.004425,0.26443,-0.151115,-0.193379
0.265357,0.306183,-0.154673,-0.138209,0.150523,-0.044268,-0.035678,0.004425,0.26443,-0.151115,-0.193379,0.129114
0.269534,0.297852,-0.138209,0.150523,-0.044268,-0.035678,0.004425,0.26443,-0.151115,-0.193379,0.129114,0.11536
0.267152,0.297852,0.150523,-0.044268,-0.035678,0.004425,0.26443,-0.151115,-0.193379,0.129114,0.11536,-0.097473
0.264099,0.297852,-0.044268,-0.035678,0.004425,0.26443,-0.151115,-0.193379,0.129114,0.11536,-0.097473,0.100447
0.266139,0.297852,-0.035678,0.004425,0.26443,-0.151115,-0.193379,0.129114,0.11536,-0.097473,0.100447,-0.069865
0.267961,0.297852,0.004425,0.26443,-0.151115,-0.193379,0.129114,0.11536,-0.097473,0.100447,-0.069865,-0.029484
0.266421,0.297852,0.26443,-0.151115,-0.193379,0.129114,0.11536,-0.097473,0.100447,-0.069865,-0.029484,-0.005175
0.268006,0.297852,-0.151115,-0.193379,0.129114,0.11536,-0.097473,0.100447,-0.069865,-0.029484,-0.005175,0.271523
0.266905,0.297852,-0.193379,0.129114,0.11536,-0.097473,0.100447,-0.069865,-0.029484,-0.005175,0.271523,-0.116309
0.266439,0.297852,0.129114,0.11536,-0.097473,0.100447,-0.069865,-0.029484,-0.005175,0.271523,-0.116309,-0.203628
0.266358,0.297852,0.11536,-0.097473,0.100447,-0.069865,-0.029484,-0.005175,0.271523,-0.116309,-0.203628,0.132663
0.270643,0.297852,-0.097473,0.100447,-0.069865,-0.029484,-0.005175,0.271523,-0.116309,-0.203628,0.132663,0.118821
0.268811,0.297852,0.100447,-0.069865,-0.029484,-0.005175,0.271523,-0.116309,-0.203628,0.132663,0.118821,-0.085019
0.2656,0.297852,-0.069865,-0.029484,-0.005175,0.271523,-0.116309,-0.203628,0.132663,0.118821,-0.085019,0.104229
0.267694,0.297852,-0.029484,-0.005175,0.271523,-0.116309,-0.203628,0.132663,0.118821,-0.085019,0.104229,-0.044545
0.269568,0.297852,-0.005175,0.271523,-0.116309,-0.203628,0.132663,0.118821,-0.085019,0.104229,-0.044545,-0.039361
0.268227,0.297852,0.271523,-0.116309,-0.203628,0.132663,0.118821,-0.085019,0.104229,-0.044545,-0.039361,0.032797
0.269869,0.297852,-0.116309,-0.203628,0.132663,0.118821,-0.085019,0.104229,-0.044545,-0.039361,0.032797,0.247681
0.269168,0.297852,-0.203628,0.132663,0.118821,-0.085019,0.104229,-0.044545,-0.039361,0.032797,0.247681,-0.119967
0.268548,0.297852,0.132663,0.118821,-0.085019,0.104229,-0.044545,-0.039361,0.032797,0.247681,-0.119967,-0.198287
0.269065,0.297852,0.118821,-0.085019,0.104229,-0.044545,-0.039361,0.032797,0.247681,-0.119967,-0.198287,0.146072
0.272967,0.297852,-0.085019,0.104229,-0.044545,-0.039361,0.032797,0.247681,-0.119967,-0.198287,0.146072,0.096816
0.271081,0.297852,0.104229,-0.044545,-0.039361,0.032797,0.247681,-0.119967,-0.198287,0.146072,0.096816,-0.244797
0.26796,0.297852,-0.044545,-0.039361,0.032797,0.247681,-0.119967,-0.198287,0.146072,0.096816,-0.244797,0.09133
0.270261,0.297852,-0.039361,0.032797,0.247681,-0.119967,-0.198287,0.146072,0.096816,-0.244797,0.09133,-0.235648
0.271785,0.297852,0.032797,0.247681,-0.119967,-0.198287,0.146072,0.096816,-0.244797,0.09133,-0.235648,0.034095
0.267926,0.297852,0.247681,-0.119967,-0.198287,0.146072,0.096816,-0.244797,0.09133,-0.235648,0.034095,0.020175
0.269365,0.297852,-0.119967,-0.198287,0.146072,0.096816,-0.244797,0.09133,-0.235648,0.034095,0.020175,0.23004
0.26565,0.297852,-0.198287,0.146072,0.096816,-0.244797,0.09133,-0.235648,0.034095,0.020175,0.23004,-0.039522
0.266189,0.297852,0.146072,0.096816,-0.244797,0.09133,-0.235648,0.034095,0.020175,0.23004,-0.039522,-0.197594
0.266508,0.297852,0.096816,-0.244797,0.09133,-0.235648,0.034095,0.020175,0.23004,-0.039522,-0.197594,0.148826
0.270139,0.297852,-0.244797,0.09133,-0.235648,0.034095,0.020175,0.23004,-0.039522,-0.197594,0.148826,0.109414
0.269516,0.297852,0.09133,-0.235648,0.034095,0.020175,0.23004,-0.039522,-0.197594,0.148826,0.109414,-0.069189
0.266403,0.297852,-0.235648,0.034095,0.020175,0.23004,-0.039522,-0.197594,0.148826,0.109414,-0.069189,0.111033
0.268749,0.297852,0.034095,0.020175,0.23004,-0.039522,-0.197594,0.148826,0.109414,-0.069189,0.111033,-0.047854
0.270474,0.297852,0.020175,0.23004,-0.039522,-0.197594,0.148826,0.109414,-0.069189,0.111033,-0.047854,-0.045959
0.269383,0.297852,0.23004,-0.039522,-0.197594,0.148826,0.109414,-0.069189,0.111033,-0.047854,-0.045959,0.032769
0.271131,0.297852,-0.039522,-0.197594,0.148826,0.109414,-0.069189,0.111033,-0.047854,-0.045959,0.032769,0.267766
0.270379,0.297852,-0.197594,0.148826,0.109414,-0.069189,0.111033,-0.047854,-0.045959,0.032769,0.267766,-0.139579
0.269656,0.297852,0.148826,0.109414,-0.069189,0.111033,-0.047854,-0.045959,0.032769,0.267766,-0.139579,-0.173166
0.270172,0.297852,0.109414,-0.069189,0.111033,-0.047854,-0.045959,0.032769,0.267766,-0.139579,-0.173166,0.130418
0.274386,0.291199,-0.069189,0.111033,-0.047854,-0.045959,0.032769,0.267766,-0.139579,-0.173166,0.130418,0.1002
0.272193,0.291199,0.111033,-0.047854,-0.045959,0.032769,0.267766,-0.139579,-0.173166,0.130418,0.1002,-0.098344
0.269471,0.291199,-0.047854,-0.045959,0.032769,0.267766,-0.139579,-0.173166,0.130418,0.1002,-0.098344,0.12793
0.271522,0.291199,-0.045959,0.032769,0.267766,-0.139579,-0.173166,0.130418,0.1002,-0.098344,0.12793,-0.057763
0.273099,0.291199,0.032769,0.267766,-0.139579,-0.173166,0.130418,0.1002,-0.098344,0.12793,-0.057763,-0.030255
0.271551,0.291199,0.267766,-0.139579,-0.173166,0.130418,0.1002,-0.098344,0.12793,-0.057763,-0.030255,0.003797
0.273562,0.291199,-0.139579,-0.173166,0.130418,0.1002,-0.098344,0.12793,-0.057763,-0.030255,0.003797,0.097781
0.272655,0.291199,-0.173166,0.130418,0.1002,-0.098344,0.12793,-0.057763,-0.030255,0.003797,0.097781,-0.052473
0.27218,0.291199,0.130418,0.1002,-0.098344,0.12793,-0.057763,-0.030255,0.003797,0.097781,-0.052473,-0.457549
0.272239,0.291199,0.1002,-0.098344,0.12793,-0.057763,-0.030255,0.003797,0.097781,-0.052473,-0.457549,0.260473
0.273777,0.291199,-0.098344,0.12793,-0.057763,-0.030255,0.003797,0.097781,-0.052473,-0.457549,0.260473,0.09676
0.272953,0.291199,0.12793,-0.057763,-0.030255,0.003797,0.097781,-0.052473,-0.457549,0.260473,0.09676,-0.219159
0.265751,0.291199,-0.057763,-0.030255,0.003797,0.097781,-0.052473,-0.457549,0.260473,0.09676,-0.219159,0.168207
0.269857,0.291199,-0.030255,0.003797,0.097781,-0.052473,-0.457549,0.260473,0.09676,-0.219159,0.168207,-0.249024
0.271381,0.291199,0.003797,0.097781,-0.052473,-0.457549,0.260473,0.09676,-0.219159,0.168207,-0.249024,0.046841
0.267926,0.291199,0.097781,-0.052473,-0.457549,0.260473,0.09676,-0.219159,0.168207,-0.249024,0.046841,0.058255
0.270576,0.291199,-0.052473,-0.457549,0.260473,0.09676,-0.219159,0.168207,-0.249024,0.046841,0.058255,0.28577
0.266654,0.291199,-0.457549,0.260473,0.09676,-0.219159,0.168207,-0.249024,0.046841,0.058255,0.28577,-0.074948
0.267392,0.291199,0.260473,0.09676,-0.219159,0.168207,-0.249024,0.046841,0.058255,0.28577,-0.074948,-0.144149
0.268312,0.291321,0.09676,-0.219159,0.168207,-0.249024,0.046841,0.058255,0.28577,-0.074948,-0.144149,0.136822
0.272815,0.291321,-0.219159,0.168207,-0.249024,0.046841,0.058255,0.28577,-0.074948,-0.144149,0.136822,0.132384
0.271637,0.291321,0.168207,-0.249024,0.046841,0.058255,0.28577,-0.074948,-0.144149,0.136822,0.132384,-0.069504
0.26937,0.291321,-0.249024,0.046841,0.058255,0.28577,-0.074948,-0.144149,0.136822,0.132384,-0.069504,0.115346
0.271522,0.291321,0.046841,0.058255,0.28577,-0.074948,-0.144149,0.136822,0.132384,-0.069504,0.115346,-0.015777
0.273604,0.291321,0.058255,0.28577,-0.074948,-0.144149,0.136822,0.132384,-0.069504,0.115346,-0.015777,-0.059514
0.272511,0.291321,0.28577,-0.074948,-0.144149,0.136822,0.132384,-0.069504,0.115346,-0.015777,-0.059514,0.035904
0.274323,0.291321,-0.074948,-0.144149,0.136822,0.132384,-0.069504,0.115346,-0.015777,-0.059514,0.035904,0.286521
0.274075,0.291321,-0.144149,0.136822,0.132384,-0.069504,0.115346,-0.015777,-0.059514,0.035904,0.286521,-0.137266
0.273141,0.291321,0.136822,0.132384,-0.069504,0.115346,-0.015777,-0.059514,0.035904,0.286521,-0.137266,-0.187594
0.273706,0.291321,0.132384,-0.069504,0.115346,-0.015777,-0.059514,0.035904,0.286521,-0.137266,-0.187594,0.141041
0.278201,0.291321,-0.069504,0.115346,-0.015777,-0.059514,0.035904,0.286521,-0.137266,-0.187594,0.141041,0.152691
0.276052,0.291321,0.115346,-0.015777,-0.059514,0.035904,0.286521,-0.137266,-0.187594,0.141041,0.152691,-0.099121
0.273111,0.291321,-0.015777,-0.059514,0.035904,0.286521,-0.137266,-0.187594,0.141041,0.152691,-0.099121,-0.000623
0.275324,0.291321,-0.059514,0.035904,0.286521,-0.137266,-0.187594,0.141041,0.152691,-0.099121,-0.000623,-0.164997
0.277718,0.291321,0.035904,0.286521,-0.137266,-0.187594,0.141041,0.152691,-0.099121,-0.000623,-0.164997,-0.120568
0.276163,0.291321,0.286521,-0.137266,-0.187594,0.141041,0.152691,-0.099121,-0.000623,-0.164997,-0.120568,0.093776
0.276154,0.291321,-0.137266,-0.187594,0.141041,0.152691,-0.099121,-0.000623,-0.164997,-0.120568,0.093776,0.305645
0.273568,0.291321,-0.187594,0.141041,0.152691,-0.099121,-0.000623,-0.164997,-0.120568,0.093776,0.305645,-0.111223
0.271674,0.291321,0.141041,0.152691,-0.099121,-0.000623,-0.164997,-0.120568,0.093776,0.305645,-0.111223,-0.203805
0.273149,0.291321,0.152691,-0.099121,-0.000623,-0.164997,-0.120568,0.093776,0.305645,-0.111223,-0.203805,-0.10431
0.277946,0.291321,-0.099121,-0.000623,-0.164997,-0.120568,0.093776,0.305645,-0.111223,-0.203805,-0.10431,0.109826
0.276205,0.291321,-0.000623,-0.164997,-0.120568,0.093776,0.305645,-0.111223,-0.203805,-0.10431,0.109826,-0.063039
0.27301,0.291321,-0.164997,-0.120568,0.093776,0.305645,-0.111223,-0.203805,-0.10431,0.109826,-0.063039,0.16375
0.271371,0.291321,-0.120568,0.093776,0.305645,-0.111223,-0.203805,-0.10431,0.109826,-0.063039,0.16375,-0.077297
0.273099,0.291321,0.093776,0.305645,-0.111223,-0.203805,-0.10431,0.109826,-0.063039,0.16375,-0.077297,-0.162292
0.272107,0.291321,0.305645,-0.111223,-0.203805,-0.10431,0.109826,-0.063039,0.16375,-0.077297,-0.162292,-0.127012
0.274678,0.291321,-0.111223,-0.203805,-0.10431,0.109826,-0.063039,0.16375,-0.077297,-0.162292,-0.127012,0.360422
0.273466,0.291321,-0.203805,-0.10431,0.109826,-0.063039,0.16375,-0.077297,-0.162292,-0.127012,0.360422,-0.19756
0.270916,0.291321,-0.10431,0.109826,-0.063039,0.16375,-0.077297,-0.162292,-0.127012,0.360422,-0.19756,-0.246347
0.268915,0.291321,0.109826,-0.063039,0.16375,-0.077297,-0.162292,-0.127012,0.360422,-0.19756,-0.246347,0.11397
0.274589,0.291321,-0.063039,0.16375,-0.077297,-0.162292,-0.127012,0.360422,-0.19756,-0.246347,0.11397,0.019999
0.271485,0.291321,0.16375,-0.077297,-0.162292,-0.127012,0.360422,-0.19756,-0.246347,0.11397,0.019999,-0.23424
0.267608,0.291321,-0.077297,-0.162292,-0.127012,0.360422,-0.19756,-0.246347,0.11397,0.019999,-0.23424,0.093952
0.269404,0.291321,-0.162292,-0.127012,0.360422,-0.19756,-0.246347,0.11397,0.019999,-0.23424,0.093952,-0.114286
0.269719,0.291321,-0.127012,0.360422,-0.19756,-0.246347,0.11397,0.019999,-0.23424,0.093952,-0.114286,-0.155695
0.26602,0.291321,0.360422,-0.19756,-0.246347,0.11397,0.019999,-0.23424,0.093952,-0.114286,-0.155695,-0.073866
0.267503,0.291321,-0.19756,-0.246347,0.11397,0.019999,-0.23424,0.093952,-0.114286,-0.155695,-0.073866,0.417817
0.265701,0.291321,-0.246347,0.11397,0.019999,-0.23424,0.093952,-0.114286,-0.155695,-0.073866,0.417817,-0.090476
0.26324,0.291321,0.11397,0.019999,-0.23424,0.093952,-0.114286,-0.155695,-0.073866,0.417817,-0.090476,-0.130085
0.262069,0.291321,0.019999,-0.23424,0.093952,-0.114286,-0.155695,-0.073866,0.417817,-0.090476,-0.130085,0.170787
0.268679,0.297577,-0.23424,0.093952,-0.114286,-0.155695,-0.073866,0.417817,-0.090476,-0.130085,0.170787,0.138002
0.267252,0.297577,0.093952,-0.114286,-0.155695,-0.073866,0.417817,-0.090476,-0.130085,0.170787,0.138002,-0.256582
0.2652,0.297577,-0.114286,-0.155695,-0.073866,0.417817,-0.090476,-0.130085,0.170787,0.138002,-0.256582,0.046218
0.267895,0.297577,-0.155695,-0.073866,0.417817,-0.090476,-0.130085,0.170787,0.138002,-0.256582,0.046218,-0.190045
0.270071,0.297577,-0.073866,0.417817,-0.090476,-0.130085,0.170787,0.138002,-0.256582,0.046218,-0.190045,0.015119
0.26602,0.297577,0.417817,-0.090476,-0.130085,0.170787,0.138002,-0.256582,0.046218,-0.190045,0.015119,0.039199
0.26675,0.297577,-0.090476,-0.130085,0.170787,0.138002,-0.256582,0.046218,-0.190045,0.015119,0.039199,0.244802
0.263749,0.297577,-0.130085,0.170787,0.138002,-0.256582,0.046218,-0.190045,0.015119,0.039199,0.244802,-0.052244
0.263988,0.297577,0.170787,0.138002,-0.256582,0.046218,-0.190045,0.015119,0.039199,0.244802,-0.052244,-0.1936
0.264609,0.297577,0.138002,-0.256582,0.046218,-0.190045,0.015119,0.039199,0.244802,-0.052244,-0.1936,0.19286
0.268478,0.297577,-0.256582,0.046218,-0.190045,0.015119,0.039199,0.244802,-0.052244,-0.1936,0.19286,0.109236
0.267654,0.297577,0.046218,-0.190045,0.015119,0.039199,0.244802,-0.052244,-0.1936,0.19286,0.109236,-0.078624
0.264599,0.297577,-0.190045,0.015119,0.039199,0.244802,-0.052244,-0.1936,0.19286,0.109236,-0.078624,0.136233
0.267644,0.297577,0.015119,0.039199,0.244802,-0.052244,-0.1936,0.19286,0.109236,-0.078624,0.136233,-0.018928
0.269367,0.297577,0.039199,0.244802,-0.052244,-0.1936,0.19286,0.109236,-0.078624,0.136233,-0.018928,-0.058672
0.268126,0.297577,0.244802,-0.052244,-0.1936,0.19286,0.109236,-0.078624,0.136233,-0.018928,-0.058672,0.023209
0.270273,0.297577,-0.052244,-0.1936,0.19286,0.109236,-0.078624,0.136233,-0.018928,-0.058672,0.023209,0.071344
0.269975,0.297577,-0.1936,0.19286,0.109236,-0.078624,0.136233,-0.018928,-0.058672,0.023209,0.071344,-0.22465
0.269051,0.297577,0.19286,0.109236,-0.078624,0.136233,-0.018928,-0.058672,0.023209,0.071344,-0.22465,-0.438783
0.269417,0.297577,0.109236,-0.078624,0.136233,-0.018928,-0.058672,0.023209,0.071344,-0.22465,-0.438783,0.052804
0.270542,0.297577,-0.078624,0.136233,-0.018928,-0.058672,0.023209,0.071344,-0.22465,-0.438783,0.052804,0.237156
0.267001,0.295624,0.136233,-0.018928,-0.058672,0.023209,0.071344,-0.22465,-0.438783,0.052804,0.237156,-0.084336
0.260062,0.295624,-0.018928,-0.058672,0.023209,0.071344,-0.22465,-0.438783,0.052804,0.237156,-0.084336,0.156495
0.2609,0.295624,-0.058672,0.023209,0.071344,-0.22465,-0.438783,0.052804,0.237156,-0.084336,0.156495,-0.07272
0.264658,0.295624,0.023209,0.071344,-0.22465,-0.438783,0.052804,0.237156,-0.084336,0.156495,-0.07272,-0.180388
0.263323,0.295624,0.071344,-0.22465,-0.438783,0.052804,0.237156,-0.084336,0.156495,-0.07272,-0.180388,-0.054716
0.265797,0.295624,-0.22465,-0.438783,0.052804,0.237156,-0.084336,0.156495,-0.07272,-0.180388,-0.054716,0.378508
0.264649,0.295624,-0.438783,0.052804,0.237156,-0.084336,0.156495,-0.07272,-0.180388,-0.054716,0.378508,-0.09341
0.261795,0.295624,0.052804,0.237156,-0.084336,0.156495,-0.07272,-0.180388,-0.054716,0.378508,-0.09341,-0.132724
0.260927,0.295624,0.237156,-0.084336,0.156495,-0.07272,-0.180388,-0.054716,0.378508,-0.09341,-0.132724,0.220966
0.266922,0.295624,-0.084336,0.156495,-0.07272,-0.180388,-0.054716,0.378508,-0.09341,-0.132724,0.220966,-0.100129
0.265447,0.295624,0.156495,-0.07272,-0.180388,-0.054716,0.378508,-0.09341,-0.132724,0.220966,-0.100129,-0.018184
0.263349,0.295624,-0.07272,-0.180388,-0.054716,0.378508,-0.09341,-0.132724,0.220966,-0.100129,-0.018184,-0.140413
0.26684,0.295624,-0.180388,-0.054716,0.378508,-0.09341,-0.132724,0.220966,-0.100129,-0.018184,-0.140413,0.107546
0.265258,0.295624,-0.054716,0.378508,-0.09341,-0.132724,0.220966,-0.100129,-0.018184,-0.140413,0.107546,0.018258
0.26497,0.295624,0.378508,-0.09341,-0.132724,0.220966,-0.100129,-0.018184,-0.140413,0.107546,0.018258,0.01079
0.262748,0.295624,-0.09341,-0.132724,0.220966,-0.100129,-0.018184,-0.140413,0.107546,0.018258,0.01079,0.343954
0.264449,0.295624,-0.132724,0.220966,-0.100129,-0.018184,-0.140413,0.107546,0.018258,0.01079,0.343954,-0.116245
0.264737,0.295624,0.220966,-0.100129,-0.018184,-0.140413,0.107546,0.018258,0.01079,0.343954,-0.116245,-0.174927
0.264908,0.295624,-0.100129,-0.018184,-0.140413,0.107546,0.018258,0.01079,0.343954,-0.116245,-0.174927,0.180545
0.27034,0.295624,-0.018184,-0.140413,0.107546,0.018258,0.01079,0.343954,-0.116245,-0.174927,0.180545,0.125369
0.268509,0.295624,-0.140413,0.107546,0.018258,0.01079,0.343954,-0.116245,-0.174927,0.180545,0.125369,-0.088347
0.265751,0.295624,0.107546,0.018258,0.01079,0.343954,-0.116245,-0.174927,0.180545,0.125369,-0.088347,0.178472
0.268599,0.295624,0.018258,0.01079,0.343954,-0.116245,-0.174927,0.180545,0.125369,-0.088347,0.178472,-0.064013
0.270575,0.295624,0.01079,0.343954,-0.116245,-0.174927,0.180545,0.125369,-0.088347,0.178472,-0.064013,-0.023615
0.269182,0.295624,0.343954,-0.116245,-0.174927,0.180545,0.125369,-0.088347,0.178472,-0.064013,-0.023615,0.051961
0.271991,0.295624,-0.116245,-0.174927,0.180545,0.125369,-0.088347,0.178472,-0.064013,-0.023615,0.051961,0.284844
0.270985,0.295624,-0.174927,0.180545,0.125369,-0.088347,0.178472,-0.064013,-0.023615,0.051961,0.284844,-0.101147
0.270614,0.295624,0.180545,0.125369,-0.088347,0.178472,-0.064013,-0.023615,0.051961,0.284844,-0.101147,-0.170768
0.271432,0.295624,0.125369,-0.088347,0.178472,-0.064013,-0.023615,0.051961,0.284844,-0.101147,-0.170768,0.176217
0.275909,0.295624,-0.088347,0.178472,-0.064013,-0.023615,0.051961,0.284844,-0.101147,-0.170768,0.176217,0.123264
0.274323,0.295624,0.178472,-0.064013,-0.023615,0.051961,0.284844,-0.101147,-0.170768,0.176217,0.123264,-0.102119
0.271642,0.295624,-0.064013,-0.023615,0.051961,0.284844,-0.101147,-0.170768,0.176217,0.123264,-0.102119,0.021957
0.274409,0.295624,-0.023615,0.051961,0.284844,-0.101147,-0.170768,0.176217,0.123264,-0.102119,0.021957,-0.229057
0.276343,0.295624,0.051961,0.284844,-0.101147,-0.170768,0.176217,0.123264,-0.102119,0.021957,-0.229057,-0.33974
0.274741,0.295624,0.284844,-0.101147,-0.170768,0.176217,0.123264,-0.102119,0.021957,-0.229057,-0.33974,0.001184
0.275085,0.295624,-0.101147,-0.170768,0.176217,0.123264,-0.102119,0.021957,-0.229057,-0.33974,0.001184,0.169206
0.271491,0.295624,-0.170768,0.176217,0.123264,-0.102119,0.021957,-0.229057,-0.33974,0.001184,0.169206,-0.00759
0.266139,0.295624,0.176217,0.123264,-0.102119,0.021957,-0.229057,-0.33974,0.001184,0.169206,-0.00759,-0.386993
0.266157,0.295624,0.123264,-0.102119,0.021957,-0.229057,-0.33974,0.001184,0.169206,-0.00759,-0.386993,0.296891
0.26883,0.293793,-0.102119,0.021957,-0.229057,-0.33974,0.001184,0.169206,-0.00759,-0.386993,0.296891,0.121931
0.26871,0.293793,0.021957,-0.229057,-0.33974,0.001184,0.169206,-0.00759,-0.386993,0.296891,0.121931,-0.072244
0.262601,0.293793,-0.229057,-0.33974,0.001184,0.169206,-0.00759,-0.386993,0.296891,0.121931,-0.072244,0.216463
0.267292,0.293793,-0.33974,0.001184,0.169206,-0.00759,-0.386993,0.296891,0.121931,-0.072244,0.216463,-0.025392
0.269216,0.293793,0.001184,0.169206,-0.00759,-0.386993,0.296891,0.121931,-0.072244,0.216463,-0.025392,-0.01079
0.268076,0.293793,0.169206,-0.00759,-0.386993,0.296891,0.121931,-0.072244,0.216463,-0.025392,-0.01079,0.074425
0.271485,0.293793,-0.00759,-0.386993,0.296891,0.121931,-0.072244,0.216463,-0.025392,-0.01079,0.074425,0.030132
0.271086,0.293793,-0.386993,0.296891,0.121931,-0.072244,0.216463,-0.025392,-0.01079,0.074425,0.030132,-0.007348
0.270916,0.293793,0.296891,0.121931,-0.072244,0.216463,-0.025392,-0.01079,0.074425,0.030132,-0.007348,-0.485543
0.272088,0.293793,0.121931,-0.072244,0.216463,-0.025392,-0.01079,0.074425,0.030132,-0.007348,-0.485543,0.301506
0.272562,0.293793,-0.072244,0.216463,-0.025392,-0.01079,0.074425,0.030132,-0.007348,-0.485543,0.301506,0.093527
0.272447,0.293793,0.216463,-0.025392,-0.01079,0.074425,0.030132,-0.007348,-0.485543,0.301506,0.093527,-0.08841
0.264799,0.293793,-0.025392,-0.01079,0.074425,0.030132,-0.007348,-0.485543,0.301506,0.093527,-0.08841,0.239983
0.269555,0.293793,-0.01079,0.074425,0.030132,-0.007348,-0.485543,0.301506,0.093527,-0.08841,0.239983,-0.067416
0.271028,0.293793,0.074425,0.030132,-0.007348,-0.485543,0.301506,0.093527,-0.08841,0.239983,-0.067416,-0.027001
0.269635,0.293793,0.030132,-0.007348,-0.485543,0.301506,0.093527,-0.08841,0.239983,-0.067416,-0.027001,0.039135
0.273409,0.293793,-0.007348,-0.485543,0.301506,0.093527,-0.08841,0.239983,-0.067416,-0.027001,0.039135,0.081735
0.272351,0.293793,-0.485543,0.301506,0.093527,-0.08841,0.239983,-0.067416,-0.027001,0.039135,0.081735,-0.020184
0.271927,0.292114,0.301506,0.093527,-0.08841,0.239983,-0.067416,-0.027001,0.039135,0.081735,-0.020184,-0.477206
0.272542,0.292114,0.093527,-0.08841,0.239983,-0.067416,-0.027001,0.039135,0.081735,-0.020184,-0.477206,0.283044
0.273828,0.292114,-0.08841,0.239983,-0.067416,-0.027001,0.039135,0.081735,-0.020184,-0.477206,0.283044,0.119313
0.273511,0.292114,0.239983,-0.067416,-0.027001,0.039135,0.081735,-0.020184,-0.477206,0.283044,0.119313,-0.078994
0.266001,0.292114,-0.067416,-0.027001,0.039135,0.081735,-0.020184,-0.477206,0.283044,0.119313,-0.078994,0.198842
0.270462,0.292114,-0.027001,0.039135,0.081735,-0.020184,-0.477206,0.283044,0.119313,-0.078994,0.198842,-0.183602
0.27234,0.292114,0.039135,0.081735,-0.020184,-0.477206,0.283044,0.119313,-0.078994,0.198842,-0.183602,-0.161349
0.271097,0.292114,0.081735,-0.020184,-0.477206,0.283044,0.119313,-0.078994,0.198842,-0.183602,-0.161349,-0.088102
0.274221,0.292114,-0.020184,-0.477206,0.283044,0.119313,-0.078994,0.198842,-0.183602,-0.161349,-0.088102,0.365476
0.271339,0.292114,-0.477206,0.283044,0.119313,-0.078994,0.198842,-0.183602,-0.161349,-0.088102,0.365476,-0.071764
0.2688,0.292114,0.283044,0.119313,-0.078994,0.198842,-0.183602,-0.161349,-0.088102,0.365476,-0.071764,-0.217903
0.267409,0.292114,0.119313,-0.078994,0.198842,-0.183602,-0.161349,-0.088102,0.365476,-0.071764,-0.217903,-0.102954
0.273169,0.292114,-0.078994,0.198842,-0.183602,-0.161349,-0.088102,0.365476,-0.071764,-0.217903,-0.102954,0.109133
0.272042,0.292114,0.198842,-0.183602,-0.161349,-0.088102,0.365476,-0.071764,-0.217903,-0.102954,0.109133,-0.065836
0.268614,0.292114,-0.183602,-0.161349,-0.088102,0.365476,-0.071764,-0.217903,-0.102954,0.109133,-0.065836,0.158481
0.266991,0.292114,-0.161349,-0.088102,0.365476,-0.071764,-0.217903,-0.102954,0.109133,-0.065836,0.158481,0.00031
0.268714,0.292114,-0.088102,0.365476,-0.071764,-0.217903,-0.102954,0.109133,-0.065836,0.158481,0.00031,-0.001096
0.267674,0.292114,0.365476,-0.071764,-0.217903,-0.102954,0.109133,-0.065836,0.158481,0.00031,-0.001096,0.051953
0.270172,0.292114,-0.071764,-0.217903,-0.102954,0.109133,-0.065836,0.158481,0.00031,-0.001096,0.051953,0.307174
0.270177,0.292114,-0.217903,-0.102954,0.109133,-0.065836,0.158481,0.00031,-0.001096,0.051953,0.307174,-0.139922
0.27016,0.292114,-0.102954,0.109133,-0.065836,0.158481,0.00031,-0.001096,0.051953,0.307174,-0.139922,-0.193
0.270978,0.292114,0.109133,-0.065836,0.158481,0.00031,-0.001096,0.051953,0.307174,-0.139922,-0.193,0.20169
0.275807,0.292114,-0.065836,0.158481,0.00031,-0.001096,0.051953,0.307174,-0.139922,-0.193,0.20169,0.123144
0.273612,0.292114,0.158481,0.00031,-0.001096,0.051953,0.307174,-0.139922,-0.193,0.20169,0.123144,-0.26286
0.270581,0.292114,0.00031,-0.001096,0.051953,0.307174,-0.139922,-0.193,0.20169,0.123144,-0.26286,0.105325
0.27375,0.292114,-0.001096,0.051953,0.307174,-0.139922,-0.193,0.20169,0.123144,-0.26286,0.105325,-0.231294
0.275683,0.292114,0.051953,0.307174,-0.139922,-0.193,0.20169,0.123144,-0.26286,0.105325,-0.231294,-0.055394
0.271551,0.292114,0.307174,-0.139922,-0.193,0.20169,0.123144,-0.26286,0.105325,-0.231294,-0.055394,-0.135633
0.273207,0.292114,-0.139922,-0.193,0.20169,0.123144,-0.26286,0.105325,-0.231294,-0.055394,-0.135633,0.169393
0.269572,0.292114,-0.193,0.20169,0.123144,-0.26286,0.105325,-0.231294,-0.055394,-0.135633,0.169393,-0.189159
0.268699,0.292114,0.20169,0.123144,-0.26286,0.105325,-0.231294,-0.055394,-0.135633,0.169393,-0.189159,-0.155094
0.266558,0.292114,0.123144,-0.26286,0.105325,-0.231294,-0.055394,-0.135633,0.169393,-0.189159,-0.155094,-0.060571
0.269232,0.292114,-0.26286,0.105325,-0.231294,-0.055394,-0.135633,0.169393,-0.189159,-0.155094,-0.060571,0.288797
0.266249,0.292114,0.105325,-0.231294,-0.055394,-0.135633,0.169393,-0.189159,-0.155094,-0.060571,0.288797,-0.065707
0.263799,0.292114,-0.231294,-0.055394,-0.135633,0.169393,-0.189159,-0.155094,-0.060571,0.288797,-0.065707,0.100423
0.262841,0.292114,-0.055394,-0.135633,0.169393,-0.189159,-0.155094,-0.060571,0.288797,-0.065707,0.100423,0.044988
0.267409,0.292114,-0.135633,0.169393,-0.189159,-0.155094,-0.060571,0.288797,-0.065707,0.100423,0.044988,-0.058399
0.266371,0.292114,0.169393,-0.189159,-0.155094,-0.060571,0.288797,-0.065707,0.100423,0.044988,-0.058399,0.086933
0.267956,0.292114,-0.189159,-0.155094,-0.060571,0.288797,-0.065707,0.100423,0.044988,-0.058399,0.086933,0.315394
0.268664,0.292114,-0.155094,-0.060571,0.288797,-0.065707,0.100423,0.044988,-0.058399,0.086933,0.315394,-0.149157
0.267744,0.292114,-0.060571,0.288797,-0.065707,0.100423,0.044988,-0.058399,0.086933,0.315394,-0.149157,-0.156992
0.269116,0.290161,0.288797,-0.065707,0.100423,0.044988,-0.058399,0.086933,0.315394,-0.149157,-0.156992,0.191484
0.274081,0.290161,-0.065707,0.100423,0.044988,-0.058399,0.086933,0.315394,-0.149157,-0.156992,0.191484,0.113194
0.271738,0.290161,0.100423,0.044988,-0.058399,0.086933,0.315394,-0.149157,-0.156992,0.191484,0.113194,-0.255566
0.269269,0.290161,0.044988,-0.058399,0.086933,0.315394,-0.149157,-0.156992,0.191484,0.113194,-0.255566,0.108041
0.272281,0.290161,-0.058399,0.086933,0.315394,-0.149157,-0.156992,0.191484,0.113194,-0.255566,0.108041,-0.233723
0.27406,0.290161,0.086933,0.315394,-0.149157,-0.156992,0.191484,0.113194,-0.255566,0.108041,-0.233723,0.024559
0.270038,0.290161,0.315394,-0.149157,-0.156992,0.191484,0.113194,-0.255566,0.108041,-0.233723,0.024559,-0.002223
0.271738,0.290161,-0.149157,-0.156992,0.191484,0.113194,-0.255566,0.108041,-0.233723,0.024559,-0.002223,0.099857
0.268061,0.290161,-0.156992,0.191484,0.113194,-0.255566,0.108041,-0.233723,0.024559,-0.002223,0.099857,-0.167164
0.268448,0.290161,0.191484,0.113194,-0.255566,0.108041,-0.233723,0.024559,-0.002223,0.099857,-0.167164,-0.139623
0.268413,0.290161,0.113194,-0.255566,0.108041,-0.233723,0.024559,-0.002223,0.099857,-0.167164,-0.139623,0.21861
0.269988,0.290161,-0.255566,0.108041,-0.233723,0.024559,-0.002223,0.099857,-0.167164,-0.139623,0.21861,0.154166
0.267353,0.290161,0.108041,-0.233723,0.024559,-0.002223,0.099857,-0.167164,-0.139623,0.21861,0.154166,-0.06925
0.26515,0.290161,-0.233723,0.024559,-0.002223,0.099857,-0.167164,-0.139623,0.21861,0.154166,-0.06925,0.127312
0.268599,0.290161,0.024559,-0.002223,0.099857,-0.167164,-0.139623,0.21861,0.154166,-0.06925,0.127312,0.019698
0.271028,0.290161,-0.002223,0.099857,-0.167164,-0.139623,0.21861,0.154166,-0.06925,0.127312,0.019698,-0.04628
0.269937,0.290161,0.099857,-0.167164,-0.139623,0.21861,0.154166,-0.06925,0.127312,0.019698,-0.04628,0.045563
0.27194,0.290161,-0.167164,-0.139623,0.21861,0.154166,-0.06925,0.127312,0.019698,-0.04628,0.045563,0.301674
0.27225,0.290161,-0.139623,0.21861,0.154166,-0.06925,0.127312,0.019698,-0.04628,0.045563,0.301674,-0.12077
0.271522,0.290405,0.21861,0.154166,-0.06925,0.127312,0.019698,-0.04628,0.045563,0.301674,-0.12077,-0.167834
0.272239,0.290405,0.154166,-0.06925,0.127312,0.019698,-0.04628,0.045563,0.301674,-0.12077,-0.167834,0.147331
0.276978,0.290405,-0.06925,0.127312,0.019698,-0.04628,0.045563,0.301674,-0.12077,-0.167834,0.147331,0.13632
0.275085,0.290405,0.127312,0.019698,-0.04628,0.045563,0.301674,-0.12077,-0.167834,0.147331,0.13632,-0.095756
0.272452,0.290405,0.019698,-0.04628,0.045563,0.301674,-0.12077,-0.167834,0.147331,0.13632,-0.095756,0.122895
0.274765,0.290405,-0.04628,0.045563,0.301674,-0.12077,-0.167834,0.147331,0.13632,-0.095756,0.122895,-0.015824
0.276903,0.290405,0.045563,0.301674,-0.12077,-0.167834,0.147331,0.13632,-0.095756,0.122895,-0.015824,-0.043873
0.275401,0.290405,0.301674,-0.12077,-0.167834,0.147331,0.13632,-0.095756,0.122895,-0.015824,-0.043873,0.032605
0.277326,0.290405,-0.12077,-0.167834,0.147331,0.13632,-0.095756,0.122895,-0.015824,-0.043873,0.032605,0.265917
0.277079,0.290405,-0.167834,0.147331,0.13632,-0.095756,0.122895,-0.015824,-0.043873,0.032605,0.265917,-0.108501
0.276392,0.290405,0.147331,0.13632,-0.095756,0.122895,-0.015824,-0.043873,0.032605,0.265917,-0.108501,-0.198745
0.276903,0.290405,0.13632,-0.095756,0.122895,-0.015824,-0.043873,0.032605,0.265917,-0.108501,-0.198745,0.128809
0.281065,0.290405,-0.095756,0.122895,-0.015824,-0.043873,0.032605,0.265917,-0.108501,-0.198745,0.128809,-0.346256
0.279371,0.290405,0.122895,-0.015824,-0.043873,0.032605,0.265917,-0.108501,-0.198745,0.128809,-0.346256,-0.04374
0.276263,0.290405,-0.015824,-0.043873,0.032605,0.265917,-0.108501,-0.198745,0.128809,-0.346256,-0.04374,-0.116602
0.278279,0.290405,-0.043873,0.032605,0.265917,-0.108501,-0.198745,0.128809,-0.346256,-0.04374,-0.116602,0.100005
0.272846,0.290405,0.032605,0.265917,-0.108501,-0.198745,0.128809,-0.346256,-0.04374,-0.116602,0.100005,-0.014079
0.272158,0.290405,0.265917,-0.108501,-0.198745,0.128809,-0.346256,-0.04374,-0.116602,0.100005,-0.014079,0.032718
0.270323,0.290405,-0.108501,-0.198745,0.128809,-0.346256,-0.04374,-0.116602,0.100005,-0.014079,0.032718,0.350411
0.271895,0.290405,-0.198745,0.128809,-0.346256,-0.04374,-0.116602,0.100005,-0.014079,0.032718,0.350411,-0.107925
0.271674,0.290405,0.128809,-0.346256,-0.04374,-0.116602,0.100005,-0.014079,0.032718,0.350411,-0.107925,-0.181105
0.272189,0.290405,-0.346256,-0.04374,-0.116602,0.100005,-0.014079,0.032718,0.350411,-0.107925,-0.181105,0.196243
0.277691,0.290405,-0.04374,-0.116602,0.100005,-0.014079,0.032718,0.350411,-0.107925,-0.181105,0.196243,0.156191
0.276001,0.290405,-0.116602,0.100005,-0.014079,0.032718,0.350411,-0.107925,-0.181105,0.196243,0.156191,-0.09929
0.273162,0.290405,0.100005,-0.014079,0.032718,0.350411,-0.107925,-0.181105,0.196243,0.156191,-0.09929,0.16939
0.276239,0.290405,-0.014079,0.032718,0.350411,-0.107925,-0.181105,0.196243,0.156191,-0.09929,0.16939,-0.058467
0.278686,0.290405,0.032718,0.350411,-0.107925,-0.181105,0.196243,0.156191,-0.09929,0.16939,-0.058467,-0.047432
0.277131,0.290405,0.350411,-0.107925,-0.181105,0.196243,0.156191,-0.09929,0.16939,-0.058467,-0.047432,0.032551
0.27978,0.290405,-0.107925,-0.181105,0.196243,0.156191,-0.09929,0.16939,-0.058467,-0.047432,0.032551,0.276999
0.278867,0.290405,-0.181105,0.196243,0.156191,-0.09929,0.16939,-0.058467,-0.047432,0.032551,0.276999,-0.089086
0.278125,0.290405,0.196243,0.156191,-0.09929,0.16939,-0.058467,-0.047432,0.032551,0.276999,-0.089086,-0.216076
0.278635,0.290405,0.156191,-0.09929,0.16939,-0.058467,-0.047432,0.032551,0.276999,-0.089086,-0.216076,0.168676
0.282965,0.290405,-0.09929,0.16939,-0.058467,-0.047432,0.032551,0.276999,-0.089086,-0.216076,0.168676,0.127766
0.281576,0.290405,0.16939,-0.058467,-0.047432,0.032551,0.276999,-0.089086,-0.216076,0.168676,0.127766,-0.119682
0.278202,0.290405,-0.058467,-0.047432,0.032551,0.276999,-0.089086,-0.216076,0.168676,0.127766,-0.119682,0.151403
0.280837,0.290405,-0.047432,0.032551,0.276999,-0.089086,-0.216076,0.168676,0.127766,-0.119682,0.151403,-0.052272
0.282832,0.290405,0.032551,0.276999,-0.089086,-0.216076,0.168676,0.127766,-0.119682,0.151403,-0.052272,-0.051366
0.280963,0.290405,0.276999,-0.089086,-0.216076,0.168676,0.127766,-0.119682,0.151403,-0.052272,-0.051366,0.052191
0.283324,0.290405,-0.089086,-0.216076,0.168676,0.127766,-0.119682,0.151403,-0.052272,-0.051366,0.052191,0.29974
0.28251,0.290405,-0.216076,0.168676,0.127766,-0.119682,0.151403,-0.052272,-0.051366,0.052191,0.29974,-0.139446
0.281709,0.290924,0.168676,0.127766,-0.119682,0.151403,-0.052272,-0.051366,0.052191,0.29974,-0.139446,-0.207858
0.282524,0.290924,0.127766,-0.119682,0.151403,-0.052272,-0.051366,0.052191,0.29974,-0.139446,-0.207858,0.173181
0.287194,0.290924,-0.119682,0.151403,-0.052272,-0.051366,0.052191,0.29974,-0.139446,-0.207858,0.173181,0.115211
0.285026,0.290924,0.151403,-0.052272,-0.051366,0.052191,0.29974,-0.139446,-0.207858,0.173181,0.115211,-0.265501
0.28179,0.290924,-0.052272,-0.051366,0.052191,0.29974,-0.139446,-0.207858,0.173181,0.115211,-0.265501,0.089021
0.284488,0.290924,-0.051366,0.052191,0.29974,-0.139446,-0.207858,0.173181,0.115211,-0.265501,0.089021,-0.213742
0.286282,0.290924,0.052191,0.29974,-0.139446,-0.207858,0.173181,0.115211,-0.265501,0.089021,-0.213742,0.011343
0.282143,0.290924,0.29974,-0.139446,-0.207858,0.173181,0.115211,-0.265501,0.089021,-0.213742,0.011343,0.029223
0.28353,0.290924,-0.139446,-0.207858,0.173181,0.115211,-0.265501,0.089021,-0.213742,0.011343,0.029223,0.271947
0.280199,0.290924,-0.207858,0.173181,0.115211,-0.265501,0.089021,-0.213742,0.011343,0.029223,0.271947,-0.049625
0.280376,0.290924,0.173181,0.115211,-0.265501,0.089021,-0.213742,0.011343,0.029223,0.271947,-0.049625,-0.227268
0.280833,0.290924,0.115211,-0.265501,0.089021,-0.213742,0.011343,0.029223,0.271947,-0.049625,-0.227268,0.159608
0.285076,0.290924,-0.265501,0.089021,-0.213742,0.011343,0.029223,0.271947,-0.049625,-0.227268,0.159608,0.151428
0.284304,0.290924,0.089021,-0.213742,0.011343,0.029223,0.271947,-0.049625,-0.227268,0.159608,0.151428,-0.116988
0.280763,0.290924,-0.213742,0.011343,0.029223,0.271947,-0.049625,-0.227268,0.159608,0.151428,-0.116988,0.129359
0.283251,0.290924,0.011343,0.029223,0.271947,-0.049625,-0.227268,0.159608,0.151428,-0.116988,0.129359,-0.045868
0.285611,0.290924,0.029223,0.271947,-0.049625,-0.227268,0.159608,0.151428,-0.116988,0.129359,-0.045868,-0.08496
0.283788,0.290924,0.271947,-0.049625,-0.227268,0.159608,0.151428,-0.116988,0.129359,-0.045868,-0.08496,0.065459
0.285801,0.290924,-0.049625,-0.227268,0.159608,0.151428,-0.116988,0.129359,-0.045868,-0.08496,0.065459,0.288097
0.285088,0.289368,-0.227268,0.159608,0.151428,-0.116988,0.129359,-0.045868,-0.08496,0.065459,0.288097,-0.153283
0.283766,0.289368,0.159608,0.151428,-0.116988,0.129359,-0.045868,-0.08496,0.065459,0.288097,-0.153283,-0.175581
0.284786,0.289368,0.151428,-0.116988,0.129359,-0.045868,-0.08496,0.065459,0.288097,-0.153283,-0.175581,0.173988
0.289268,0.289368,-0.116988,0.129359,-0.045868,-0.08496,0.065459,0.288097,-0.153283,-0.175581,0.173988,0.13897
0.286888,0.289368,0.129359,-0.045868,-0.08496,0.065459,0.288097,-0.153283,-0.175581,0.173988,0.13897,-0.087736
0.284159,0.289368,-0.045868,-0.08496,0.065459,0.288097,-0.153283,-0.175581,0.173988,0.13897,-0.087736,0.093978
0.286864,0.289368,-0.08496,0.065459,0.288097,-0.153283,-0.175581,0.173988,0.13897,-0.087736,0.093978,-0.119728
0.289024,0.289368,0.065459,0.288097,-0.153283,-0.175581,0.173988,0.13897,-0.087736,0.093978,-0.119728,-0.178466
0.28766,0.289368,0.288097,-0.153283,-0.175581,0.173988,0.13897,-0.087736,0.093978,-0.119728,-0.178466,-0.122648
0.289119,0.289368,-0.153283,-0.175581,0.173988,0.13897,-0.087736,0.093978,-0.119728,-0.178466,-0.122648,0.157053
0.287262,0.289368,-0.175581,0.173988,0.13897,-0.087736,0.093978,-0.119728,-0.178466,-0.122648,0.157053,-0.026425
0.284488,0.289368,0.173988,0.13897,-0.087736,0.093978,-0.119728,-0.178466,-0.122648,0.157053,-0.026425,-0.46015
0.282575,0.289368,0.13897,-0.087736,0.093978,-0.119728,-0.178466,-0.122648,0.157053,-0.026425,-0.46015,0.306512
0.285025,0.289368,-0.087736,0.093978,-0.119728,-0.178466,-0.122648,0.157053,-0.026425,-0.46015,0.306512,0.09505
0.284613,0.289368,0.093978,-0.119728,-0.178466,-0.122648,0.157053,-0.026425,-0.46015,0.306512,0.09505,-0.083704
0.277436,0.289368,-0.119728,-0.178466,-0.122648,0.157053,-0.026425,-0.46015,0.306512,0.09505,-0.083704,0.185213
0.282223,0.289368,-0.178466,-0.122648,0.157053,-0.026425,-0.46015,0.306512,0.09505,-0.083704,0.185213,-0.032544
0.283706,0.289368,-0.122648,0.157053,-0.026425,-0.46015,0.306512,0.09505,-0.083704,0.185213,-0.032544,0.001208
0.2824,0.289368,0.157053,-0.026425,-0.46015,0.306512,0.09505,-0.083704,0.185213,-0.032544,0.001208,0.025765
0.285285,0.289368,-0.026425,-0.46015,0.306512,0.09505,-0.083704,0.185213,-0.032544,0.001208,0.025765,0.30179
0.284778,0.289368,-0.46015,0.306512,0.09505,-0.083704,0.185213,-0.032544,0.001208,0.025765,0.30179,-0.116714
0.284797,0.289368,0.306512,0.09505,-0.083704,0.185213,-0.032544,0.001208,0.025765,0.30179,-0.116714,-0.199304
0.285199,0.289368,0.09505,-0.083704,0.185213,-0.032544,0.001208,0.025765,0.30179,-0.116714,-0.199304,0.137565
0.289891,0.289368,-0.083704,0.185213,-0.032544,0.001208,0.025765,0.30179,-0.116714,-0.199304,0.137565,0.129012
0.28808,0.289368,0.185213,-0.032544,0.001208,0.025765,0.30179,-0.116714,-0.199304,0.137565,0.129012,-0.104409
0.284985,0.289368,-0.032544,0.001208,0.025765,0.30179,-0.116714,-0.199304,0.137565,0.129012,-0.104409,0.117386
0.287123,0.289368,0.001208,0.025765,0.30179,-0.116714,-0.199304,0.137565,0.129012,-0.104409,0.117386,-0.04952
0.289128,0.289368,0.025765,0.30179,-0.116714,-0.199304,0.137565,0.129012,-0.104409,0.117386,-0.04952,-0.045825
0.287505,0.289368,0.30179,-0.116714,-0.199304,0.137565,0.129012,-0.104409,0.117386,-0.04952,-0.045825,0.032301
0.289327,0.289368,-0.116714,-0.199304,0.137565,0.129012,-0.104409,0.117386,-0.04952,-0.045825,0.032301,0.243576
0.288559,0.289368,-0.199304,0.137565,0.129012,-0.104409,0.117386,-0.04952,-0.045825,0.032301,0.243576,-0.117137
0.287848,0.289368,0.137565,0.129012,-0.104409,0.117386,-0.04952,-0.045825,0.032301,0.243576,-0.117137,-0.20029
0.28835,0.289368,0.129012,-0.104409,0.117386,-0.04952,-0.045825,0.032301,0.243576,-0.117137,-0.20029,0.148188
0.29213,0.289368,-0.104409,0.117386,-0.04952,-0.045825,0.032301,0.243576,-0.117137,-0.20029,0.148188,0.129482
0.290316,0.289368,0.117386,-0.04952,-0.045825,0.032301,0.243576,-0.117137,-0.20029,0.148188,0.129482,-0.131612
0.28721,0.289368,-0.04952,-0.045825,0.032301,0.243576,-0.117137,-0.20029,0.148188,0.129482,-0.131612,0.138304
0.289509,0.289368,-0.045825,0.032301,0.243576,-0.117137,-0.20029,0.148188,0.129482,-0.131612,0.138304,-0.046365
0.291517,0.289368,0.032301,0.243576,-0.117137,-0.20029,0.148188,0.129482,-0.131612,0.138304,-0.046365,-0.059654
0.289476,0.289368,0.243576,-0.117137,-0.20029,0.148188,0.129482,-0.131612,0.138304,-0.046365,-0.059654,0.022185
0.291619,0.289368,-0.117137,-0.20029,0.148188,0.129482,-0.131612,0.138304,-0.046365,-0.059654,0.022185,0.285426
0.290901,0.289368,-0.20029,0.148188,0.129482,-0.131612,0.138304,-0.046365,-0.059654,0.022185,0.285426,-0.110865
0.289977,0.289368,0.148188,0.129482,-0.131612,0.138304,-0.046365,-0.059654,0.022185,0.285426,-0.110865,-0.211581
0.290321,0.286896,0.129482,-0.131612,0.138304,-0.046365,-0.059654,0.022185,0.285426,-0.110865,-0.211581,0.121939
0.294742,0.286896,-0.131612,0.138304,-0.046365,-0.059654,0.022185,0.285426,-0.110865,-0.211581,0.121939,0.163684
0.293029,0.286896,0.138304,-0.046365,-0.059654,0.022185,0.285426,-0.110865,-0.211581,0.121939,0.163684,-0.125532
0.289755,0.286896,-0.046365,-0.059654,0.022185,0.285426,-0.110865,-0.211581,0.121939,0.163684,-0.125532,0.122478
0.291643,0.286896,-0.059654,0.022185,0.285426,-0.110865,-0.211581,0.121939,0.163684,-0.125532,0.122478,-0.066902
0.294177,0.286896,0.022185,0.285426,-0.110865,-0.211581,0.121939,0.163684,-0.125532,0.122478,-0.066902,-0.114027
0.292234,0.286896,0.285426,-0.110865,-0.211581,0.121939,0.163684,-0.125532,0.122478,-0.066902,-0.114027,-0.162065
0.294128,0.286896,-0.110865,-0.211581,0.121939,0.163684,-0.125532,0.122478,-0.066902,-0.114027,-0.162065,0.186653
0.293094,0.286896,-0.211581,0.121939,0.163684,-0.125532,0.122478,-0.066902,-0.114027,-0.162065,0.186653,-0.083476
0.291331,0.286896,0.121939,0.163684,-0.125532,0.122478,-0.066902,-0.114027,-0.162065,0.186653,-0.083476,-0.186977
0.288816,0.286896,0.163684,-0.125532,0.122478,-0.066902,-0.114027,-0.162065,0.186653,-0.083476,-0.186977,0.18185
0.291713,0.286896,-0.125532,0.122478,-0.066902,-0.114027,-0.162065,0.186653,-0.083476,-0.186977,0.18185,0.126286
0.29042,0.286896,0.122478,-0.066902,-0.114027,-0.162065,0.186653,-0.083476,-0.186977,0.18185,0.126286,-0.272191
0.287521,0.286896,-0.066902,-0.114027,-0.162065,0.186653,-0.083476,-0.186977,0.18185,0.126286,-0.272191,-0.006321
0.290341,0.286896,-0.114027,-0.162065,0.186653,-0.083476,-0.186977,0.18185,0.126286,-0.272191,-0.006321,-0.361528
0.292298,0.286896,-0.162065,0.186653,-0.083476,-0.186977,0.18185,0.126286,-0.272191,-0.006321,-0.361528,-0.061221
0.288075,0.286896,0.186653,-0.083476,-0.186977,0.18185,0.126286,-0.272191,-0.006321,-0.361528,-0.061221,0.081782
0.287977,0.286896,-0.083476,-0.186977,0.18185,0.126286,-0.272191,-0.006321,-0.361528,-0.061221,0.081782,0.303187
0.282356,0.286896,-0.186977,0.18185,0.126286,-0.272191,-0.006321,-0.361528,-0.061221,0.081782,0.303187,-0.082993
0.281401,0.286224,0.18185,0.126286,-0.272191,-0.006321,-0.361528,-0.061221,0.081782,0.303187,-0.082993,-0.228184
0.282678,0.286224,0.126286,-0.272191,-0.006321,-0.361528,-0.061221,0.081782,0.303187,-0.082993,-0.228184,-0.133574
0.287401,0.286224,-0.272191,-0.006321,-0.361528,-0.061221,0.081782,0.303187,-0.082993,-0.228184,-0.133574,-0.179698
0.286112,0.286224,-0.006321,-0.361528,-0.061221,0.081782,0.303187,-0.082993,-0.228184,-0.133574,-0.179698,-0.060182
0.282562,0.286224,-0.361528,-0.061221,0.081782,0.303187,-0.082993,-0.228184,-0.133574,-0.179698,-0.060182,0.175745
0.280478,0.286224,-0.061221,0.081782,0.303187,-0.082993,-0.228184,-0.133574,-0.179698,-0.060182,0.175745,0.043201
0.277667,0.286224,0.081782,0.303187,-0.082993,-0.228184,-0.133574,-0.179698,-0.060182,0.175745,0.043201,-0.018178
0.276723,0.286224,0.303187,-0.082993,-0.228184,-0.133574,-0.179698,-0.060182,0.175745,0.043201,-0.018178,0.032517
0.279473,0.286224,-0.082993,-0.228184,-0.133574,-0.179698,-0.060182,0.175745,0.043201,-0.018178,0.032517,0.324591
0.280147,0.286224,-0.228184,-0.133574,-0.179698,-0.060182,0.175745,0.043201,-0.018178,0.032517,0.324591,-0.333322
0.279864,0.286224,-0.133574,-0.179698,-0.060182,0.175745,0.043201,-0.018178,0.032517,0.324591,-0.333322,-0.159963
0.280372,0.286224,-0.179698,-0.060182,0.175745,0.043201,-0.018178,0.032517,0.324591,-0.333322,-0.159963,-0.040729
0.285437,0.286224,-0.060182,0.175745,0.043201,-0.018178,0.032517,0.324591,-0.333322,-0.159963,-0.040729,0.287384
0.280241,0.286224,0.175745,0.043201,-0.018178,0.032517,0.324591,-0.333322,-0.159963,-0.040729,0.287384,-0.259652
0.277742,0.286224,0.043201,-0.018178,0.032517,0.324591,-0.333322,-0.159963,-0.040729,0.287384,-0.259652,0.077871
0.277105,0.286224,-0.018178,0.032517,0.324591,-0.333322,-0.159963,-0.040729,0.287384,-0.259652,0.077871,-0.191978
0.281601,0.286224,0.032517,0.324591,-0.333322,-0.159963,-0.040729,0.287384,-0.259652,0.077871,-0.191978,0.027758
0.277538,0.286224,0.324591,-0.333322,-0.159963,-0.040729,0.287384,-0.259652,0.077871,-0.191978,0.027758,0.061822
0.278757,0.286224,-0.333322,-0.159963,-0.040729,0.287384,-0.259652,0.077871,-0.191978,0.027758,0.061822,0.272658
0.275753,0.286224,-0.159963,-0.040729,0.287384,-0.259652,0.077871,-0.191978,0.027758,0.061822,0.272658,-0.036355
0.276188,0.286224,-0.040729,0.287384,-0.259652,0.077871,-0.191978,0.027758,0.061822,0.272658,-0.036355,-0.176538
0.277157,0.286224,0.287384,-0.259652,0.077871,-0.191978,0.027758,0.061822,0.272658,-0.036355,-0.176538,0.198224
0.281424,0.286224,-0.259652,0.077871,-0.191978,0.027758,0.061822,0.272658,-0.036355,-0.176538,0.198224,-0.088718
0.280857,0.286224,0.077871,-0.191978,0.027758,0.061822,0.272658,-0.036355,-0.176538,0.198224,-0.088718,0.014807
0.2781,0.286224,-0.191978,0.027758,0.061822,0.272658,-0.036355,-0.176538,0.198224,-0.088718,0.014807,-0.131187
0.281196,0.286224,0.027758,0.061822,0.272658,-0.036355,-0.176538,0.198224,-0.088718,0.014807,-0.131187,0.072497
0.279809,0.286224,0.061822,0.272658,-0.036355,-0.176538,0.198224,-0.088718,0.014807,-0.131187,0.072497,-0.07687
0.280041,0.286224,0.272658,-0.036355,-0.176538,0.198224,-0.088718,0.014807,-0.131187,0.072497,-0.07687,-0.171898
0.27799,0.286224,-0.036355,-0.176538,0.198224,-0.088718,0.014807,-0.131187,0.072497,-0.07687,-0.171898,0.300727
0.279123,0.286224,-0.176538,0.198224,-0.088718,0.014807,-0.131187,0.072497,-0.07687,-0.171898,0.300727,-0.085436
0.277921,0.286224,0.198224,-0.088718,0.014807,-0.131187,0.072497,-0.07687,-0.171898,0.300727,-0.085436,-0.123571
0.275226,0.286224,-0.088718,0.014807,-0.131187,0.072497,-0.07687,-0.171898,0.300727,-0.085436,-0.123571,0.174714
0.279939,0.286224,0.014807,-0.131187,0.072497,-0.07687,-0.171898,0.300727,-0.085436,-0.123571,0.174714,0.180026
0.278603,0.286224,-0.131187,0.072497,-0.07687,-0.171898,0.300727,-0.085436,-0.123571,0.174714,0.180026,-0.047411
0.276671,0.286224,0.072497,-0.07687,-0.171898,0.300727,-0.085436,-0.123571,0.174714,0.180026,-0.047411,0.151625
0.279403,0.286224,-0.07687,-0.171898,0.300727,-0.085436,-0.123571,0.174714,0.180026,-0.047411,0.151625,-0.029162
0.282216,0.286224,-0.171898,0.300727,-0.085436,-0.123571,0.174714,0.180026,-0.047411,0.151625,-0.029162,-0.10098
0.281476,0.286224,0.300727,-0.085436,-0.123571,0.174714,0.180026,-0.047411,0.151625,-0.029162,-0.10098,-0.137952
0.28384,0.286224,-0.085436,-0.123571,0.174714,0.180026,-0.047411,0.151625,-0.029162,-0.10098,-0.137952,0.208464
0.283386,0.286224,-0.123571,0.174714,0.180026,-0.047411,0.151625,-0.029162,-0.10098,-0.137952,0.208464,-0.079209
0.281812,0.286224,0.174714,0.180026,-0.047411,0.151625,-0.029162,-0.10098,-0.137952,0.208464,-0.079209,-0.134235
0.279656,0.286377,0.180026,-0.047411,0.151625,-0.029162,-0.10098,-0.137952,0.208464,-0.079209,-0.134235,0.182318
0.282914,0.286377,-0.047411,0.151625,-0.029162,-0.10098,-0.137952,0.208464,-0.079209,-0.134235,0.182318,-0.059587
0.281678,0.286377,0.151625,-0.029162,-0.10098,-0.137952,0.208464,-0.079209,-0.134235,0.182318,-0.059587,0.024831
0.279584,0.286377,-0.029162,-0.10098,-0.137952,0.208464,-0.079209,-0.134235,0.182318,-0.059587,0.024831,-0.134886
0.282429,0.286377,-0.10098,-0.137952,0.208464,-0.079209,-0.134235,0.182318,-0.059587,0.024831,-0.134886,0.109069
0.281498,0.286377,-0.137952,0.208464,-0.079209,-0.134235,0.182318,-0.059587,0.024831,-0.134886,0.109069,0.001414
0.281886,0.286377,0.208464,-0.079209,-0.134235,0.182318,-0.059587,0.024831,-0.134886,0.109069,0.001414,0.045613
0.27978,0.286377,-0.079209,-0.134235,0.182318,-0.059587,0.024831,-0.134886,0.109069,0.001414,0.045613,0.399437
0.281482,0.286377,-0.134235,0.182318,-0.059587,0.024831,-0.134886,0.109069,0.001414,0.045613,0.399437,-0.139748
0.281504,0.286377,0.182318,-0.059587,0.024831,-0.134886,0.109069,0.001414,0.045613,0.399437,-0.139748,-0.148842
0.282216,0.286377,-0.059587,0.024831,-0.134886,0.109069,0.001414,0.045613,0.399437,-0.139748,-0.148842,0.170581
0.288438,0.286377,0.024831,-0.134886,0.109069,0.001414,0.045613,0.399437,-0.139748,-0.148842,0.170581,0.16563
0.286267,0.286377,-0.134886,0.109069,0.001414,0.045613,0.399437,-0.139748,-0.148842,0.170581,0.16563,-0.057756
0.283953,0.286377,0.109069,0.001414,0.045613,0.399437,-0.139748,-0.148842,0.170581,0.16563,-0.057756,0.104233
0.286605,0.286377,0.001414,0.045613,0.399437,-0.139748,-0.148842,0.170581,0.16563,-0.057756,0.104233,0.000793
0.289179,0.286377,0.045613,0.399437,-0.139748,-0.148842,0.170581,0.16563,-0.057756,0.104233,0.000793,-0.042708
0.288282,0.286377,0.399437,-0.139748,-0.148842,0.170581,0.16563,-0.057756,0.104233,0.000793,-0.042708,0.065728
0.289899,0.286377,-0.139748,-0.148842,0.170581,0.16563,-0.057756,0.104233,0.000793,-0.042708,0.065728,0.281999
0.289911,0.285706,-0.148842,0.170581,0.16563,-0.057756,0.104233,0.000793,-0.042708,0.065728,0.281999,-0.100706
0.289249,0.285706,0.170581,0.16563,-0.057756,0.104233,0.000793,-0.042708,0.065728,0.281999,-0.100706,-0.177983
0.290269,0.285706,0.16563,-0.057756,0.104233,0.000793,-0.042708,0.065728,0.281999,-0.100706,-0.177983,0.169337
0.294638,0.285706,-0.057756,0.104233,0.000793,-0.042708,0.065728,0.281999,-0.100706,-0.177983,0.169337,0.153878
0.293081,0.285706,0.104233,0.000793,-0.042708,0.065728,0.281999,-0.100706,-0.177983,0.169337,0.153878,-0.108908
0.290328,0.285706,0.000793,-0.042708,0.065728,0.281999,-0.100706,-0.177983,0.169337,0.153878,-0.108908,0.153612
0.292948,0.285706,-0.042708,0.065728,0.281999,-0.100706,-0.177983,0.169337,0.153878,-0.108908,0.153612,-0.043341
0.295328,0.285706,0.065728,0.281999,-0.100706,-0.177983,0.169337,0.153878,-0.108908,0.153612,-0.043341,-0.023234
0.293644,0.285706,0.281999,-0.100706,-0.177983,0.169337,0.153878,-0.108908,0.153612,-0.043341,-0.023234,0.03209
0.296016,0.285706,-0.100706,-0.177983,0.169337,0.153878,-0.108908,0.153612,-0.043341,-0.023234,0.03209,0.316637
0.295348,0.285706,-0.177983,0.169337,0.153878,-0.108908,0.153612,-0.043341,-0.023234,0.03209,0.316637,-0.139237
0.294989,0.285706,0.169337,0.153878,-0.108908,0.153612,-0.043341,-0.023234,0.03209,0.316637,-0.139237,-0.190204
0.295485,0.285706,0.153878,-0.108908,0.153612,-0.043341,-0.023234,0.03209,0.316637,-0.139237,-0.190204,0.174385
0.300369,0.285706,-0.108908,0.153612,-0.043341,-0.023234,0.03209,0.316637,-0.139237,-0.190204,0.174385,0.14488
0.298226,0.285706,0.153612,-0.043341,-0.023234,0.03209,0.316637,-0.139237,-0.190204,0.174385,0.14488,-0.09959
0.295295,0.285706,-0.043341,-0.023234,0.03209,0.316637,-0.139237,-0.190204,0.174385,0.14488,-0.09959,0.124861
0.297983,0.285706,-0.023234,0.03209,0.316637,-0.139237,-0.190204,0.174385,0.14488,-0.09959,0.124861,-0.016165
0.300215,0.285706,0.03209,0.316637,-0.139237,-0.190204,0.174385,0.14488,-0.09959,0.124861,-0.016165,-0.030707
0.298681,0.285706,0.316637,-0.139237,-0.190204,0.174385,0.14488,-0.09959,0.124861,-0.016165,-0.030707,0.011386
0.300602,0.285706,-0.139237,-0.190204,0.174385,0.14488,-0.09959,0.124861,-0.016165,-0.030707,0.011386,0.278732
0.300354,0.285706,-0.190204,0.174385,0.14488,-0.09959,0.124861,-0.016165,-0.030707,0.011386,0.278732,-0.119459
0.299882,0.285706,0.174385,0.14488,-0.09959,0.124861,-0.016165,-0.030707,0.011386,0.278732,-0.119459,-0.195437
0.300057,0.285706,0.14488,-0.09959,0.124861,-0.016165,-0.030707,0.011386,0.278732,-0.119459,-0.195437,0.124074
0.304342,0.285706,-0.09959,0.124861,-0.016165,-0.030707,0.011386,0.278732,-0.119459,-0.195437,0.124074,0.14221
0.30251,0.285706,0.124861,-0.016165,-0.030707,0.011386,0.278732,-0.119459,-0.195437,0.124074,0.14221,-0.12768
0.299508,0.285706,-0.016165,-0.030707,0.011386,0.278732,-0.119459,-0.195437,0.124074,0.14221,-0.12768,0.13982
0.301415,0.285706,-0.030707,0.011386,0.278732,-0.119459,-0.195437,0.124074,0.14221,-0.12768,0.13982,-0.068181
0.3036,0.285706,0.011386,0.278732,-0.119459,-0.195437,0.124074,0.14221,-0.12768,0.13982,-0.068181,-0.055203
0.301638,0.285706,0.278732,-0.119459,-0.195437,0.124074,0.14221,-0.12768,0.13982,-0.068181,-0.055203,-0.005966
0.303784,0.285706,-0.119459,-0.195437,0.124074,0.14221,-0.12768,0.13982,-0.068181,-0.055203,-0.005966,0.290393
0.302739,0.285706,-0.195437,0.124074,0.14221,-0.12768,0.13982,-0.068181,-0.055203,-0.005966,0.290393,-0.157979
0.301892,0.285706,0.124074,0.14221,-0.12768,0.13982,-0.068181,-0.055203,-0.005966,0.290393,-0.157979,-0.223558
0.3018,0.285706,0.14221,-0.12768,0.13982,-0.068181,-0.055203,-0.005966,0.290393,-0.157979,-0.223558,0.1692
0.306258,0.285706,-0.12768,0.13982,-0.068181,-0.055203,-0.005966,0.290393,-0.157979,-0.223558,0.1692,0.11139
0.303837,0.285706,0.13982,-0.068181,-0.055203,-0.005966,0.290393,-0.157979,-0.223558,0.1692,0.11139,-0.141737
0.300407,0.285706,-0.068181,-0.055203,-0.005966,0.290393,-0.157979,-0.223558,0.1692,0.11139,-0.141737,0.105476
0.303005,0.285706,-0.055203,-0.005966,0.290393,-0.157979,-0.223558,0.1692,0.11139,-0.141737,0.105476,-0.043969
0.304715,0.285706,-0.005966,0.290393,-0.157979,-0.223558,0.1692,0.11139,-0.141737,0.105476,-0.043969,-0.138176
0.302538,0.285706,0.290393,-0.157979,-0.223558,0.1692,0.11139,-0.141737,0.105476,-0.043969,-0.138176,-0.187394
0.304156,0.285706,-0.157979,-0.223558,0.1692,0.11139,-0.141737,0.105476,-0.043969,-0.138176,-0.187394,0.184628
0.303483,0.285706,-0.223558,0.1692,0.11139,-0.141737,0.105476,-0.043969,-0.138176,-0.187394,0.184628,-0.087975
0.301362,0.285706,0.1692,0.11139,-0.141737,0.105476,-0.043969,-0.138176,-0.187394,0.184628,-0.087975,-0.184099
0.298477,0.285706,0.11139,-0.141737,0.105476,-0.043969,-0.138176,-0.187394,0.184628,-0.087975,-0.184099,0.157842
0.30132,0.285706,-0.141737,0.105476,-0.043969,-0.138176,-0.187394,0.184628,-0.087975,-0.184099,0.157842,0.107434
0.299968,0.284149,0.105476,-0.043969,-0.138176,-0.187394,0.184628,-0.087975,-0.184099,0.157842,0.107434,-0.11345
0.297135,0.284149,-0.043969,-0.138176,-0.187394,0.184628,-0.087975,-0.184099,0.157842,0.107434,-0.11345,0.11137
0.299565,0.284149,-0.138176,-0.187394,0.184628,-0.087975,-0.184099,0.157842,0.107434,-0.11345,0.11137,-0.050622
0.301219,0.284149,-0.187394,0.184628,-0.087975,-0.184099,0.157842,0.107434,-0.11345,0.11137,-0.050622,-0.051326
0.299472,0.284149,0.184628,-0.087975,-0.184099,0.157842,0.107434,-0.11345,0.11137,-0.050622,-0.051326,0.007991
0.301185,0.284149,-0.087975,-0.184099,0.157842,0.107434,-0.11345,0.11137,-0.050622,-0.051326,0.007991,0.295808
0.300407,0.284149,-0.184099,0.157842,0.107434,-0.11345,0.11137,-0.050622,-0.051326,0.007991,0.295808,-0.167785
0.299618,0.284149,0.157842,0.107434,-0.11345,0.11137,-0.050622,-0.051326,0.007991,0.295808,-0.167785,-0.236216
0.299741,0.284149,0.107434,-0.11345,0.11137,-0.050622,-0.051326,0.007991,0.295808,-0.167785,-0.236216,0.134059
0.304289,0.284149,-0.11345,0.11137,-0.050622,-0.051326,0.007991,0.295808,-0.167785,-0.236216,0.134059,0.086888
0.301714,0.284149,0.11137,-0.050622,-0.051326,0.007991,0.295808,-0.167785,-0.236216,0.134059,0.086888,-0.140894
0.298083,0.284149,-0.050622,-0.051326,0.007991,0.295808,-0.167785,-0.236216,0.134059,0.086888,-0.140894,0.100985
0.300146,0.284149,-0.051326,0.007991,0.295808,-0.167785,-0.236216,0.134059,0.086888,-0.140894,0.100985,-0.157054
0.301483,0.284149,0.007991,0.295808,-0.167785,-0.236216,0.134059,0.086888,-0.140894,0.100985,-0.157054,-0.255222
0.299314,0.284149,0.295808,-0.167785,-0.236216,0.134059,0.086888,-0.140894,0.100985,-0.157054,-0.255222,-0.344573
0.300867,0.284149,-0.167785,-0.236216,0.134059,0.086888,-0.140894,0.100985,-0.157054,-0.255222,-0.344573,0.096118
0.298452,0.284149,-0.236216,0.134059,0.086888,-0.140894,0.100985,-0.157054,-0.255222,-0.344573,0.096118,-0.026311
0.294518,0.284149,0.134059,0.086888,-0.140894,0.100985,-0.157054,-0.255222,-0.344573,0.096118,-0.026311,-0.462791
0.289179,0.284149,0.086888,-0.140894,0.100985,-0.157054,-0.255222,-0.344573,0.096118,-0.026311,-0.462791,0.333612
0.290671,0.284149,-0.140894,0.100985,-0.157054,-0.255222,-0.344573,0.096118,-0.026311,-0.462791,0.333612,-0.114159
0.290263,0.284149,0.100985,-0.157054,-0.255222,-0.344573,0.096118,-0.026311,-0.462791,0.333612,-0.114159,0.035406
0.283077,0.284149,-0.157054,-0.255222,-0.344573,0.096118,-0.026311,-0.462791,0.333612,-0.114159,0.035406,-0.106214
0.288263,0.280365,-0.255222,-0.344573,0.096118,-0.026311,-0.462791,0.333612,-0.114159,0.035406,-0.106214,-0.079014
0.286488,0.280365,-0.344573,0.096118,-0.026311,-0.462791,0.333612,-0.114159,0.035406,-0.106214,-0.079014,-0.101213
0.287039,0.280365,0.096118,-0.026311,-0.462791,0.333612,-0.114159,0.035406,-0.106214,-0.079014,-0.101213,-0.135005
0.285388,0.280365,-0.026311,-0.462791,0.333612,-0.114159,0.035406,-0.106214,-0.079014,-0.101213,-0.135005,0.4709
0.284159,0.280365,-0.462791,0.333612,-0.114159,0.035406,-0.106214,-0.079014,-0.101213,-0.135005,0.4709,-0.172803
0.282583,0.280365,0.333612,-0.114159,0.035406,-0.106214,-0.079014,-0.101213,-0.135005,0.4709,-0.172803,-0.164999
0.280474,0.280365,-0.114159,0.035406,-0.106214,-0.079014,-0.101213,-0.135005,0.4709,-0.172803,-0.164999,-0.104018
0.287816,0.280365,0.035406,-0.106214,-0.079014,-0.101213,-0.135005,0.4709,-0.172803,-0.164999,-0.104018,0.085027
0.28513,0.280365,-0.106214,-0.079014,-0.101213,-0.135005,0.4709,-0.172803,-0.164999,-0.104018,0.085027,-0.178443
0.282562,0.280365,-0.079014,-0.101213,-0.135005,0.4709,-0.172803,-0.164999,-0.104018,0.085027,-0.178443,0.104684
0.28094,0.280365,-0.101213,-0.135005,0.4709,-0.172803,-0.164999,-0.104018,0.085027,-0.178443,0.104684,-0.196257
0.282267,0.280365,-0.135005,0.4709,-0.172803,-0.164999,-0.104018,0.085027,-0.178443,0.104684,-0.196257,0.050641
0.279478,0.280365,0.4709,-0.172803,-0.164999,-0.104018,0.085027,-0.178443,0.104684,-0.196257,0.050641,0.055404
0.281113,0.280365,-0.172803,-0.164999,-0.104018,0.085027,-0.178443,0.104684,-0.196257,0.050641,0.055404,0.290975
0.278049,0.280365,-0.164999,-0.104018,0.085027,-0.178443,0.104684,-0.196257,0.050641,0.055404,0.290975,-0.072734
0.278841,0.280365,-0.104018,0.085027,-0.178443,0.104684,-0.196257,0.050641,0.055404,0.290975,-0.072734,-0.200407
0.279707,0.280365,0.085027,-0.178443,0.104684,-0.196257,0.050641,0.055404,0.290975,-0.072734,-0.200407,0.165962
0.284251,0.280365,-0.178443,0.104684,-0.196257,0.050641,0.055404,0.290975,-0.072734,-0.200407,0.165962,-0.13173
0.283118,0.280365,0.104684,-0.196257,0.050641,0.055404,0.290975,-0.072734,-0.200407,0.165962,-0.13173,-0.096345
0.279994,0.280365,-0.196257,0.050641,0.055404,0.290975,-0.072734,-0.200407,0.165962,-0.13173,-0.096345,0.032361
0.282583,0.280365,0.050641,0.055404,0.290975,-0.072734,-0.200407,0.165962,-0.13173,-0.096345,0.032361,-0.208578
0.280525,0.280365,0.055404,0.290975,-0.072734,-0.200407,0.165962,-0.13173,-0.096345,0.032361,-0.208578,-0.24742
0.279018,0.280365,0.290975,-0.072734,-0.200407,0.165962,-0.13173,-0.096345,0.032361,-0.208578,-0.24742,0.010198
0.279524,0.280365,-0.072734,-0.200407,0.165962,-0.13173,-0.096345,0.032361,-0.208578,-0.24742,0.010198,0.396357
0.276263,0.280365,-0.200407,0.165962,-0.13173,-0.096345,0.032361,-0.208578,-0.24742,0.010198,0.396357,-0.095073
0.272382,0.280365,0.165962,-0.13173,-0.096345,0.032361,-0.208578,-0.24742,0.010198,0.396357,-0.095073,-0.097228
0.272542,0.280365,-0.13173,-0.096345,0.032361,-0.208578,-0.24742,0.010198,0.396357,-0.095073,-0.097228,0.213638
0.278763,0.280365,-0.096345,0.032361,-0.208578,-0.24742,0.010198,0.396357,-0.095073,-0.097228,0.213638,0.186498
0.277275,0.280365,0.032361,-0.208578,-0.24742,0.010198,0.396357,-0.095073,-0.097228,0.213638,0.186498,-0.063808
0.275753,0.280365,-0.208578,-0.24742,0.010198,0.396357,-0.095073,-0.097228,0.213638,0.186498,-0.063808,0.184507
0.279096,0.280365,-0.24742,0.010198,0.396357,-0.095073,-0.097228,0.213638,0.186498,-0.063808,0.184507,0.007269
0.282011,0.280365,0.010198,0.396357,-0.095073,-0.097228,0.213638,0.186498,-0.063808,0.184507,0.007269,-0.071465
0.281014,0.280365,0.396357,-0.095073,-0.097228,0.213638,0.186498,-0.063808,0.184507,0.007269,-0.071465,-0.210377
0.283891,0.280365,-0.095073,-0.097228,0.213638,0.186498,-0.063808,0.184507,0.007269,-0.071465,-0.210377,0.040962
0.284004,0.280365,-0.097228,0.213638,0.186498,-0.063808,0.184507,0.007269,-0.071465,-0.210377,0.040962,-0.150821
0.282891,0.280365,0.213638,0.186498,-0.063808,0.184507,0.007269,-0.071465,-0.210377,0.040962,-0.150821,-0.097353
0.279605,0.280365,0.186498,-0.063808,0.184507,0.007269,-0.071465,-0.210377,0.040962,-0.150821,-0.097353,0.207353
0.280246,0.280365,-0.063808,0.184507,0.007269,-0.071465,-0.210377,0.040962,-0.150821,-0.097353,0.207353,0.216283
0.277888,0.280365,0.184507,0.007269,-0.071465,-0.210377,0.040962,-0.150821,-0.097353,0.207353,0.216283,-0.027709
0.276365,0.280365,0.007269,-0.071465,-0.210377,0.040962,-0.150821,-0.097353,0.207353,0.216283,-0.027709,0.145473
0.279608,0.280365,-0.071465,-0.210377,0.040962,-0.150821,-0.097353,0.207353,0.216283,-0.027709,0.145473,0.037214
0.282986,0.280365,-0.210377,0.040962,-0.150821,-0.097353,0.207353,0.216283,-0.027709,0.145473,0.037214,-0.002151
0.282554,0.282074,0.040962,-0.150821,-0.097353,0.207353,0.216283,-0.027709,0.145473,0.037214,-0.002151,0.005859
0.28482,0.282074,-0.150821,-0.097353,0.207353,0.216283,-0.027709,0.145473,0.037214,-0.002151,0.005859,-0.037634
0.285398,0.282074,-0.097353,0.207353,0.216283,-0.027709,0.145473,0.037214,-0.002151,0.005859,-0.037634,-0.132283
0.285365,0.282074,0.207353,0.216283,-0.027709,0.145473,0.037214,-0.002151,0.005859,-0.037634,-0.132283,-0.36384
0.285456,0.282074,0.216283,-0.027709,0.145473,0.037214,-0.002151,0.005859,-0.037634,-0.132283,-0.36384,0.355765
0.28487,0.282074,-0.027709,0.145473,0.037214,-0.002151,0.005859,-0.037634,-0.132283,-0.36384,0.355765,0.131445
0.282809,0.282074,0.145473,0.037214,-0.002151,0.005859,-0.037634,-0.132283,-0.36384,0.355765,0.131445,-0.037629
0.27713,0.282074,0.037214,-0.002151,0.005859,-0.037634,-0.132283,-0.36384,0.355765,0.131445,-0.037629,0.236181
0.282686,0.282074,-0.002151,0.005859,-0.037634,-0.132283,-0.36384,0.355765,0.131445,-0.037629,0.236181,-0.009294
0.284735,0.282074,0.005859,-0.037634,-0.132283,-0.36384,0.355765,0.131445,-0.037629,0.236181,-0.009294,0.011047
0.284148,0.282074,-0.037634,-0.132283,-0.36384,0.355765,0.131445,-0.037629,0.236181,-0.009294,0.011047,-0.017667
0.287821,0.282074,-0.132283,-0.36384,0.355765,0.131445,-0.037629,0.236181,-0.009294,0.011047,-0.017667,0.18939
0.287677,0.282074,-0.36384,0.355765,0.131445,-0.037629,0.236181,-0.009294,0.011047,-0.017667,0.18939,-0.200387
0.287848,0.282074,0.355765,0.131445,-0.037629,0.236181,-0.009294,0.011047,-0.017667,0.18939,-0.200387,-0.092663
0.287574,0.282074,0.131445,-0.037629,0.236181,-0.009294,0.011047,-0.017667,0.18939,-0.200387,-0.092663,0.218134
0.290515,0.282074,-0.037629,0.236181,-0.009294,0.011047,-0.017667,0.18939,-0.200387,-0.092663,0.218134,0.169776
0.287406,0.282074,0.236181,-0.009294,0.011047,-0.017667,0.18939,-0.200387,-0.092663,0.218134,0.169776,-0.071384
0.285967,0.282074,-0.009294,0.011047,-0.017667,0.18939,-0.200387,-0.092663,0.218134,0.169776,-0.071384,0.047734
0.289353,0.282074,0.011047,-0.017667,0.18939,-0.200387,-0.092663,0.218134,0.169776,-0.071384,0.047734,-0.113646
0.291986,0.28479,-0.017667,0.18939,-0.200387,-0.092663,0.218134,0.169776,-0.071384,0.047734,-0.113646,-0.119647
0.290879,0.28479,0.18939,-0.200387,-0.092663,0.218134,0.169776,-0.071384,0.047734,-0.113646,-0.119647,0.125837
0.291619,0.28479,-0.200387,-0.092663,0.218134,0.169776,-0.071384,0.047734,-0.113646,-0.119647,0.125837,0.356301
0.289859,0.28479,-0.092663,0.218134,0.169776,-0.071384,0.047734,-0.113646,-0.119647,0.125837,0.356301,-0.100835
0.288004,0.28479,0.218134,0.169776,-0.071384,0.047734,-0.113646,-0.119647,0.125837,0.356301,-0.100835,-0.131088
0.289958,0.28479,0.169776,-0.071384,0.047734,-0.113646,-0.119647,0.125837,0.356301,-0.100835,-0.131088,0.169853
0.295476,0.28479,-0.071384,0.047734,-0.113646,-0.119647,0.125837,0.356301,-0.100835,-0.131088,0.169853,0.181496
0.293918,0.28479,0.047734,-0.113646,-0.119647,0.125837,0.356301,-0.100835,-0.131088,0.169853,0.181496,-0.071942
0.291892,0.28479,-0.113646,-0.119647,0.125837,0.356301,-0.100835,-0.131088,0.169853,0.181496,-0.071942,0.038548
0.294518,0.28479,-0.119647,0.125837,0.356301,-0.100835,-0.131088,0.169853,0.181496,-0.071942,0.038548,-0.135298
0.297321,0.28479,0.125837,0.356301,-0.100835,-0.131088,0.169853,0.181496,-0.071942,0.038548,-0.135298,-0.13822
0.29621,0.28479,0.356301,-0.100835,-0.131088,0.169853,0.181496,-0.071942,0.038548,-0.135298,-0.13822,0.13348
0.296805,0.28479,-0.100835,-0.131088,0.169853,0.181496,-0.071942,0.038548,-0.135298,-0.13822,0.13348,0.274918
0.294718,0.28479,-0.131088,0.169853,0.181496,-0.071942,0.038548,-0.135298,-0.13822,0.13348,0.274918,-0.080857
0.292583,0.28479,0.169853,0.181496,-0.071942,0.038548,-0.135298,-0.13822,0.13348,0.274918,-0.080857,-0.142351
0.294648,0.28479,0.181496,-0.071942,0.038548,-0.135298,-0.13822,0.13348,0.274918,-0.080857,-0.142351,0.174444
0.298892,0.28479,-0.071942,0.038548,-0.135298,-0.13822,0.13348,0.274918,-0.080857,-0.142351,0.174444,-0.043019
0.297647,0.28479,0.038548,-0.135298,-0.13822,0.13348,0.274918,-0.080857,-0.142351,0.174444,-0.043019,-0.133062
0.295453,0.28479,-0.135298,-0.13822,0.13348,0.274918,-0.080857,-0.142351,0.174444,-0.043019,-0.133062,-0.16174
0.298142,0.28479,-0.13822,0.13348,0.274918,-0.080857,-0.142351,0.174444,-0.043019,-0.133062,-0.16174,-0.113956
0.297478,0.28479,0.13348,0.274918,-0.080857,-0.142351,0.174444,-0.043019,-0.133062,-0.16174,-0.113956,0.112102
0.295423,0.28479,0.274918,-0.080857,-0.142351,0.174444,-0.043019,-0.133062,-0.16174,-0.113956,0.112102,0.001814
0.292924,0.28479,-0.080857,-0.142351,0.174444,-0.043019,-0.133062,-0.16174,-0.113956,0.112102,0.001814,0.379458
0.291162,0.28479,-0.142351,0.174444,-0.043019,-0.133062,-0.16174,-0.113956,0.112102,0.001814,0.379458,-0.094499
0.292896,0.28479,0.174444,-0.043019,-0.133062,-0.16174,-0.113956,0.112102,0.001814,0.379458,-0.094499,-0.172853
0.292924,0.28479,-0.043019,-0.133062,-0.16174,-0.113956,0.112102,0.001814,0.379458,-0.094499,-0.172853,0.208335
0.298787,0.28479,-0.133062,-0.16174,-0.113956,0.112102,0.001814,0.379458,-0.094499,-0.172853,0.208335,0.148278
0.297331,0.28479,-0.16174,-0.113956,0.112102,0.001814,0.379458,-0.094499,-0.172853,0.208335,0.148278,-0.061966
0.294666,0.28479,-0.113956,0.112102,0.001814,0.379458,-0.094499,-0.172853,0.208335,0.148278,-0.061966,0.187129
0.297878,0.28479,0.112102,0.001814,0.379458,-0.094499,-0.172853,0.208335,0.148278,-0.061966,0.187129,-0.054155
0.300163,0.28479,0.001814,0.379458,-0.094499,-0.172853,0.208335,0.148278,-0.061966,0.187129,-0.054155,-0.037719
0.299208,0.28479,0.379458,-0.094499,-0.172853,0.208335,0.148278,-0.061966,0.187129,-0.054155,-0.037719,0.031924
0.302085,0.28479,-0.094499,-0.172853,0.208335,0.148278,-0.061966,0.187129,-0.054155,-0.037719,0.031924,0.303823
0.301254,0.28479,-0.172853,0.208335,0.148278,-0.061966,0.187129,-0.054155,-0.037719,0.031924,0.303823,-0.116274
0.300674,0.28479,0.208335,0.148278,-0.061966,0.187129,-0.054155,-0.037719,0.031924,0.303823,-0.116274,-0.223664
