0.622094,0.306976,0.401815,-0.088568,0.011113,0.053631,-0.086121,0.063357,0.466524,-0.25718,-0.214075,-0.238973
0.627842,0.306976,-0.088568,0.011113,0.053631,-0.086121,0.063357,0.466524,-0.25718,-0.214075,-0.238973,-0.009454
0.624679,0.306976,0.011113,0.053631,-0.086121,0.063357,0.466524,-0.25718,-0.214075,-0.238973,-0.009454,-0.088262
0.622044,0.306976,0.053631,-0.086121,0.063357,0.466524,-0.25718,-0.214075,-0.238973,-0.009454,-0.088262,0.063683
0.619097,0.306976,-0.086121,0.063357,0.466524,-0.25718,-0.214075,-0.238973,-0.009454,-0.088262,0.063683,0.03331
0.61898,0.306976,0.063357,0.466524,-0.25718,-0.214075,-0.238973,-0.009454,-0.088262,0.063683,0.03331,0.02078
0.617888,0.306976,0.466524,-0.25718,-0.214075,-0.238973,-0.009454,-0.088262,0.063683,0.03331,0.02078,-0.022728
0.618675,0.306976,-0.25718,-0.214075,-0.238973,-0.009454,-0.088262,0.063683,0.03331,0.02078,-0.022728,0.617846
0.619086,0.306976,-0.214075,-0.238973,-0.009454,-0.088262,0.063683,0.03331,0.02078,-0.022728,0.617846,-0.336997
0.619343,0.306976,-0.238973,-0.009454,-0.088262,0.063683,0.03331,0.02078,-0.022728,0.617846,-0.336997,-0.019863
0.619062,0.306976,-0.009454,-0.088262,0.063683,0.03331,0.02078,-0.022728,0.617846,-0.336997,-0.019863,0.060729
0.626684,0.306976,-0.088262,0.063683,0.03331,0.02078,-0.022728,0.617846,-0.336997,-0.019863,0.060729,0.203755
0.622536,0.306976,0.063683,0.03331,0.02078,-0.022728,0.617846,-0.336997,-0.019863,0.060729,0.203755,-0.082149
0.622291,0.306976,0.03331,0.02078,-0.022728,0.617846,-0.336997,-0.019863,0.060729,0.203755,-0.082149,-0.295938
0.623039,0.306976,0.02078,-0.022728,0.617846,-0.336997,-0.019863,0.060729,0.203755,-0.082149,-0.295938,0.220747
0.62555,0.306976,-0.022728,0.617846,-0.336997,-0.019863,0.060729,0.203755,-0.082149,-0.295938,0.220747,-0.159839
0.624538,0.306976,0.617846,-0.336997,-0.019863,0.060729,0.203755,-0.082149,-0.295938,0.220747,-0.159839,0.06337
0.620891,0.306976,-0.336997,-0.019863,0.060729,0.203755,-0.082149,-0.295938,0.220747,-0.159839,0.06337,0.419703
0.62361,0.306976,-0.019863,0.060729,0.203755,-0.082149,-0.295938,0.220747,-0.159839,0.06337,0.419703,-0.210131
0.621641,0.306976,0.060729,0.203755,-0.082149,-0.295938,0.220747,-0.159839,0.06337,0.419703,-0.210131,-0.127185
0.622423,0.306976,0.203755,-0.082149,-0.295938,0.220747,-0.159839,0.06337,0.419703,-0.210131,-0.127185,-0.006213
0.627593,0.306976,-0.082149,-0.295938,0.220747,-0.159839,0.06337,0.419703,-0.210131,-0.127185,-0.006213,0.465949
0.625009,0.306976,-0.295938,0.220747,-0.159839,0.06337,0.419703,-0.210131,-0.127185,-0.006213,0.465949,-0.142936
0.623445,0.306976,0.220747,-0.159839,0.06337,0.419703,-0.210131,-0.127185,-0.006213,0.465949,-0.142936,-0.149664
0.623368,0.306976,-0.159839,0.06337,0.419703,-0.210131,-0.127185,-0.006213,0.465949,-0.142936,-0.149664,-0.053483
0.629103,0.306976,0.06337,0.419703,-0.210131,-0.127185,-0.006213,0.465949,-0.142936,-0.149664,-0.053483,-0.18035
0.627345,0.306976,0.419703,-0.210131,-0.127185,-0.006213,0.465949,-0.142936,-0.149664,-0.053483,-0.18035,-0.029938
0.625505,0.306976,-0.210131,-0.127185,-0.006213,0.465949,-0.142936,-0.149664,-0.053483,-0.18035,-0.029938,0.540776
0.624847,0.306976,-0.127185,-0.006213,0.465949,-0.142936,-0.149664,-0.053483,-0.18035,-0.029938,0.540776,-0.284447
0.622627,0.306976,-0.006213,0.465949,-0.142936,-0.149664,-0.053483,-0.18035,-0.029938,0.540776,-0.284447,-0.080318
0.622258,0.306976,0.465949,-0.142936,-0.149664,-0.053483,-0.18035,-0.029938,0.540776,-0.284447,-0.080318,0.000423
0.628918,0.306976,-0.142936,-0.149664,-0.053483,-0.18035,-0.029938,0.540776,-0.284447,-0.080318,0.000423,0.170527
0.625422,0.306976,-0.149664,-0.053483,-0.18035,-0.029938,0.540776,-0.284447,-0.080318,0.000423,0.170527,0.011717
0.624435,0.306976,-0.053483,-0.18035,-0.029938,0.540776,-0.284447,-0.080318,0.000423,0.170527,0.011717,-0.330314
0.62444,0.306976,-0.18035,-0.029938,0.540776,-0.284447,-0.080318,0.000423,0.170527,0.011717,-0.330314,0.214786
0.62654,0.306976,-0.029938,0.540776,-0.284447,-0.080318,0.000423,0.170527,0.011717,-0.330314,0.214786,-0.106932
0.626684,0.306976,0.540776,-0.284447,-0.080318,0.000423,0.170527,0.011717,-0.330314,0.214786,-0.106932,0.043285
0.622618,0.306976,-0.284447,-0.080318,0.000423,0.170527,0.011717,-0.330314,0.214786,-0.106932,0.043285,0.475519
0.625261,0.306976,-0.080318,0.000423,0.170527,0.011717,-0.330314,0.214786,-0.106932,0.043285,0.475519,-0.25809
0.623945,0.306976,0.000423,0.170527,0.011717,-0.330314,0.214786,-0.106932,0.043285,0.475519,-0.25809,-0.114191
0.624479,0.306976,0.170527,0.011717,-0.330314,0.214786,-0.106932,0.043285,0.475519,-0.25809,-0.114191,0.007017
0.630328,0.306976,0.011717,-0.330314,0.214786,-0.106932,0.043285,0.475519,-0.25809,-0.114191,0.007017,0.400106
0.627159,0.306976,-0.330314,0.214786,-0.106932,0.043285,0.475519,-0.25809,-0.114191,0.007017,0.400106,-0.07576
0.625757,0.306976,0.214786,-0.106932,0.043285,0.475519,-0.25809,-0.114191,0.007017,0.400106,-0.07576,-0.062279
0.625843,0.306976,-0.106932,0.043285,0.475519,-0.25809,-0.114191,0.007017,0.400106,-0.07576,-0.062279,0.129206
0.630761,0.306976,0.043285,0.475519,-0.25809,-0.114191,0.007017,0.400106,-0.07576,-0.062279,0.129206,-0.162522
0.62983,0.306976,0.475519,-0.25809,-0.114191,0.007017,0.400106,-0.07576,-0.062279,0.129206,-0.162522,0.036296
0.629066,0.306976,-0.25809,-0.114191,0.007017,0.400106,-0.07576,-0.062279,0.129206,-0.162522,0.036296,0.4391
0.63065,0.306976,-0.114191,0.007017,0.400106,-0.07576,-0.062279,0.129206,-0.162522,0.036296,0.4391,-0.273221
0.628657,0.306976,0.007017,0.400106,-0.07576,-0.062279,0.129206,-0.162522,0.036296,0.4391,-0.273221,-0.114908
0.629103,0.306976,0.400106,-0.07576,-0.062279,0.129206,-0.162522,0.036296,0.4391,-0.273221,-0.114908,-0.000027
0.63449,0.306976,-0.07576,-0.062279,0.129206,-0.162522,0.036296,0.4391,-0.273221,-0.114908,-0.000027,0.36164
0.631144,0.306976,-0.062279,0.129206,-0.162522,0.036296,0.4391,-0.273221,-0.114908,-0.000027,0.36164,-0.08277
0.629736,0.306976,0.129206,-0.162522,0.036296,0.4391,-0.273221,-0.114908,-0.000027,0.36164,-0.08277,-0.035087
0.629735,0.306976,-0.162522,0.036296,0.4391,-0.273221,-0.114908,-0.000027,0.36164,-0.08277,-0.035087,-0.026743
0.63417,0.306976,0.036296,0.4391,-0.273221,-0.114908,-0.000027,0.36164,-0.08277,-0.035087,-0.026743,-0.020642
0.633156,0.306976,0.4391,-0.273221,-0.114908,-0.000027,0.36164,-0.08277,-0.035087,-0.026743,-0.020642,-0.052034
0.632726,0.306976,-0.273221,-0.114908,-0.000027,0.36164,-0.08277,-0.035087,-0.026743,-0.020642,-0.052034,0.482312
0.632399,0.306976,-0.114908,-0.000027,0.36164,-0.08277,-0.035087,-0.026743,-0.020642,-0.052034,0.482312,-0.308485
0.632146,0.306976,-0.000027,0.36164,-0.08277,-0.035087,-0.026743,-0.020642,-0.052034,0.482312,-0.308485,-0.09494
0.631508,0.309448,0.36164,-0.08277,-0.035087,-0.026743,-0.020642,-0.052034,0.482312,-0.308485,-0.09494,0.026975
0.637416,0.309448,-0.08277,-0.035087,-0.026743,-0.020642,-0.052034,0.482312,-0.308485,-0.09494,0.026975,0.267581
0.633644,0.309448,-0.035087,-0.026743,-0.020642,-0.052034,0.482312,-0.308485,-0.09494,0.026975,0.267581,-0.205492
0.632482,0.309448,-0.026743,-0.020642,-0.052034,0.482312,-0.308485,-0.09494,0.026975,0.267581,-0.205492,-0.150729
0.632813,0.309448,-0.020642,-0.052034,0.482312,-0.308485,-0.09494,0.026975,0.267581,-0.205492,-0.150729,-0.257263
0.636089,0.309448,-0.052034,0.482312,-0.308485,-0.09494,0.026975,0.267581,-0.205492,-0.150729,-0.257263,-0.222262
0.633573,0.309448,0.482312,-0.308485,-0.09494,0.026975,0.267581,-0.205492,-0.150729,-0.257263,-0.222262,-0.28423
0.631726,0.309448,-0.308485,-0.09494,0.026975,0.267581,-0.205492,-0.150729,-0.257263,-0.222262,-0.28423,0.365867
0.628573,0.309448,-0.09494,0.026975,0.267581,-0.205492,-0.150729,-0.257263,-0.222262,-0.28423,0.365867,-0.343753
0.625843,0.309448,0.026975,0.267581,-0.205492,-0.150729,-0.257263,-0.222262,-0.28423,0.365867,-0.343753,-0.066639
0.62234,0.309448,0.267581,-0.205492,-0.150729,-0.257263,-0.222262,-0.28423,0.365867,-0.343753,-0.066639,-0.199001
0.626849,0.309448,-0.205492,-0.150729,-0.257263,-0.222262,-0.28423,0.365867,-0.343753,-0.066639,-0.199001,0.269387
0.622618,0.309448,-0.150729,-0.257263,-0.222262,-0.28423,0.365867,-0.343753,-0.066639,-0.199001,0.269387,0.017995
0.621797,0.309448,-0.257263,-0.222262,-0.28423,0.365867,-0.343753,-0.066639,-0.199001,0.269387,0.017995,-0.022136
0.619343,0.309448,-0.222262,-0.28423,0.365867,-0.343753,-0.066639,-0.199001,0.269387,0.017995,-0.022136,0.100663
0.622669,0.309448,-0.28423,0.365867,-0.343753,-0.066639,-0.199001,0.269387,0.017995,-0.022136,0.100663,-0.146602
0.622891,0.309448,0.365867,-0.343753,-0.066639,-0.199001,0.269387,0.017995,-0.022136,0.100663,-0.146602,0.063359
0.622618,0.309448,-0.343753,-0.066639,-0.199001,0.269387,0.017995,-0.022136,0.100663,-0.146602,0.063359,0.453735
0.623857,0.309448,-0.066639,-0.199001,0.269387,0.017995,-0.022136,0.100663,-0.146602,0.063359,0.453735,-0.290946
0.622052,0.309448,-0.199001,0.269387,0.017995,-0.022136,0.100663,-0.146602,0.063359,0.453735,-0.290946,-0.187388
0.622833,0.309448,0.269387,0.017995,-0.022136,0.100663,-0.146602,0.063359,0.453735,-0.290946,-0.187388,-0.219301
0.628421,0.309448,0.017995,-0.022136,0.100663,-0.146602,0.063359,0.453735,-0.290946,-0.187388,-0.219301,0.289601
0.624844,0.309448,-0.022136,0.100663,-0.146602,0.063359,0.453735,-0.290946,-0.187388,-0.219301,0.289601,-0.121947
0.622538,0.309448,0.100663,-0.146602,0.063359,0.453735,-0.290946,-0.187388,-0.219301,0.289601,-0.121947,0.064594
0.619834,0.309448,-0.146602,0.063359,0.453735,-0.290946,-0.187388,-0.219301,0.289601,-0.121947,0.064594,-0.019852
0.623409,0.309448,0.063359,0.453735,-0.290946,-0.187388,-0.219301,0.289601,-0.121947,0.064594,-0.019852,-0.039471
0.621904,0.309448,0.453735,-0.290946,-0.187388,-0.219301,0.289601,-0.121947,0.064594,-0.019852,-0.039471,-0.089625
0.6227,0.309448,-0.290946,-0.187388,-0.219301,0.289601,-0.121947,0.064594,-0.019852,-0.039471,-0.089625,0.53928
0.622456,0.309448,-0.187388,-0.219301,0.289601,-0.121947,0.064594,-0.019852,-0.039471,-0.089625,0.53928,-0.324047
0.62197,0.309448,-0.219301,0.289601,-0.121947,0.064594,-0.019852,-0.039471,-0.089625,0.53928,-0.324047,-0.086766
0.620863,0.309448,0.289601,-0.121947,0.064594,-0.019852,-0.039471,-0.089625,0.53928,-0.324047,-0.086766,0.040659
0.627511,0.309448,-0.121947,0.064594,-0.019852,-0.039471,-0.089625,0.53928,-0.324047,-0.086766,0.040659,0.304286
0.623524,0.309448,0.064594,-0.019852,-0.039471,-0.089625,0.53928,-0.324047,-0.086766,0.040659,0.304286,-0.189351
0.622456,0.309448,-0.019852,-0.039471,-0.089625,0.53928,-0.324047,-0.086766,0.040659,0.304286,-0.189351,-0.115738
0.622957,0.309448,-0.039471,-0.089625,0.53928,-0.324047,-0.086766,0.040659,0.304286,-0.189351,-0.115738,-0.120076
0.626705,0.309448,-0.089625,0.53928,-0.324047,-0.086766,0.040659,0.304286,-0.189351,-0.115738,-0.120076,-0.065949
0.624373,0.309448,0.53928,-0.324047,-0.086766,0.040659,0.304286,-0.189351,-0.115738,-0.120076,-0.065949,-0.082611
0.622947,0.309448,-0.324047,-0.086766,0.040659,0.304286,-0.189351,-0.115738,-0.120076,-0.065949,-0.082611,0.330417
0.621468,0.309448,-0.086766,0.040659,0.304286,-0.189351,-0.115738,-0.120076,-0.065949,-0.082611,0.330417,-0.415104
0.620655,0.309448,0.040659,0.304286,-0.189351,-0.115738,-0.120076,-0.065949,-0.082611,0.330417,-0.415104,-0.052992
0.619635,0.309448,0.304286,-0.189351,-0.115738,-0.120076,-0.065949,-0.082611,0.330417,-0.415104,-0.052992,0.087115
0.623714,0.309448,-0.189351,-0.115738,-0.120076,-0.065949,-0.082611,0.330417,-0.415104,-0.052992,0.087115,0.335924
0.618593,0.309448,-0.115738,-0.120076,-0.065949,-0.082611,0.330417,-0.415104,-0.052992,0.087115,0.335924,-0.00867
0.617939,0.309448,-0.120076,-0.065949,-0.082611,0.330417,-0.415104,-0.052992,0.087115,0.335924,-0.00867,-0.048842
0.619015,0.309448,-0.065949,-0.082611,0.330417,-0.415104,-0.052992,0.087115,0.335924,-0.00867,-0.048842,0.114038
0.623162,0.309448,-0.082611,0.330417,-0.415104,-0.052992,0.087115,0.335924,-0.00867,-0.048842,0.114038,-0.133248
0.623055,0.309448,0.330417,-0.415104,-0.052992,0.087115,0.335924,-0.00867,-0.048842,0.114038,-0.133248,0.103364
0.622453,0.309448,-0.415104,-0.052992,0.087115,0.335924,-0.00867,-0.048842,0.114038,-0.133248,0.103364,0.16526
0.623857,0.309448,-0.052992,0.087115,0.335924,-0.00867,-0.048842,0.114038,-0.133248,0.103364,0.16526,-0.089063
0.622216,0.309448,0.087115,0.335924,-0.00867,-0.048842,0.114038,-0.133248,0.103364,0.16526,-0.089063,-0.480337
0.623491,0.312836,0.335924,-0.00867,-0.048842,0.114038,-0.133248,0.103364,0.16526,-0.089063,-0.480337,0.040692
0.625528,0.312836,-0.00867,-0.048842,0.114038,-0.133248,0.103364,0.16526,-0.089063,-0.480337,0.040692,0.089905
0.624431,0.312836,-0.048842,0.114038,-0.133248,0.103364,0.16526,-0.089063,-0.480337,0.040692,0.089905,-0.04862
0.618512,0.312836,0.114038,-0.133248,0.103364,0.16526,-0.089063,-0.480337,0.040692,0.089905,-0.04862,-0.101945
0.619015,0.312836,-0.133248,0.103364,0.16526,-0.089063,-0.480337,0.040692,0.089905,-0.04862,-0.101945,0.146309
0.620126,0.312836,0.103364,0.16526,-0.089063,-0.480337,0.040692,0.089905,-0.04862,-0.101945,0.146309,-0.00587
0.619525,0.312836,0.16526,-0.089063,-0.480337,0.040692,0.089905,-0.04862,-0.101945,0.146309,-0.00587,-0.069187
0.618266,0.312836,-0.089063,-0.480337,0.040692,0.089905,-0.04862,-0.101945,0.146309,-0.00587,-0.069187,0.59779
0.620071,0.312836,-0.480337,0.040692,0.089905,-0.04862,-0.101945,0.146309,-0.00587,-0.069187,0.59779,-0.583299
0.619999,0.312836,0.040692,0.089905,-0.04862,-0.101945,0.146309,-0.00587,-0.069187,0.59779,-0.583299,0.079973
0.619144,0.312836,0.089905,-0.04862,-0.101945,0.146309,-0.00587,-0.069187,0.59779,-0.583299,0.079973,-0.224849
0.626518,0.312836,-0.04862,-0.101945,0.146309,-0.00587,-0.069187,0.59779,-0.583299,0.079973,-0.224849,0.235572
0.619331,0.312836,-0.101945,0.146309,-0.00587,-0.069187,0.59779,-0.583299,0.079973,-0.224849,0.235572,-0.280111
0.620318,0.312836,0.146309,-0.00587,-0.069187,0.59779,-0.583299,0.079973,-0.224849,0.235572,-0.280111,-0.338569
0.617541,0.312836,-0.00587,-0.069187,0.59779,-0.583299,0.079973,-0.224849,0.235572,-0.280111,-0.338569,-0.111581
0.620454,0.312836,-0.069187,0.59779,-0.583299,0.079973,-0.224849,0.235572,-0.280111,-0.338569,-0.111581,-0.220416
0.616989,0.312836,0.59779,-0.583299,0.079973,-0.224849,0.235572,-0.280111,-0.338569,-0.111581,-0.220416,0.115517
0.612797,0.312836,-0.583299,0.079973,-0.224849,0.235572,-0.280111,-0.338569,-0.111581,-0.220416,0.115517,0.580513
0.611414,0.312836,0.079973,-0.224849,0.235572,-0.280111,-0.338569,-0.111581,-0.220416,0.115517,0.580513,-0.233561
0.608677,0.312836,-0.224849,0.235572,-0.280111,-0.338569,-0.111581,-0.220416,0.115517,0.580513,-0.233561,-0.013203
0.610114,0.312836,0.235572,-0.280111,-0.338569,-0.111581,-0.220416,0.115517,0.580513,-0.233561,-0.013203,0.014395
0.617316,0.312836,-0.280111,-0.338569,-0.111581,-0.220416,0.115517,0.580513,-0.233561,-0.013203,0.014395,0.512506
0.614425,0.312836,-0.338569,-0.111581,-0.220416,0.115517,0.580513,-0.233561,-0.013203,0.014395,0.512506,-0.095036
0.614262,0.312836,-0.111581,-0.220416,0.115517,0.580513,-0.233561,-0.013203,0.014395,0.512506,-0.095036,0.010863
0.61444,0.312836,-0.220416,0.115517,0.580513,-0.233561,-0.013203,0.014395,0.512506,-0.095036,0.010863,0.093394
0.620781,0.312836,0.115517,0.580513,-0.233561,-0.013203,0.014395,0.512506,-0.095036,0.010863,0.093394,-0.079144
0.619607,0.312836,0.580513,-0.233561,-0.013203,0.014395,0.512506,-0.095036,0.010863,0.093394,-0.079144,-0.009564
0.619741,0.312836,-0.233561,-0.013203,0.014395,0.512506,-0.095036,0.010863,0.093394,-0.079144,-0.009564,0.48446
0.620893,0.312836,-0.013203,0.014395,0.512506,-0.095036,0.010863,0.093394,-0.079144,-0.009564,0.48446,-0.269782
0.619916,0.312836,0.014395,0.512506,-0.095036,0.010863,0.093394,-0.079144,-0.009564,0.48446,-0.269782,-0.126655
0.619798,0.312836,0.512506,-0.095036,0.010863,0.093394,-0.079144,-0.009564,0.48446,-0.269782,-0.126655,0.027338
0.625775,0.312836,-0.095036,0.010863,0.093394,-0.079144,-0.009564,0.48446,-0.269782,-0.126655,0.027338,0.377181
0.622453,0.312836,0.010863,0.093394,-0.079144,-0.009564,0.48446,-0.269782,-0.126655,0.027338,0.377181,-0.048674
0.620893,0.312836,0.093394,-0.079144,-0.009564,0.48446,-0.269782,-0.126655,0.027338,0.377181,-0.048674,-0.028702
0.62123,0.312836,-0.079144,-0.009564,0.48446,-0.269782,-0.126655,0.027338,0.377181,-0.048674,-0.028702,0.094421
0.625879,0.312836,-0.009564,0.48446,-0.269782,-0.126655,0.027338,0.377181,-0.048674,-0.028702,0.094421,-0.093728
0.62528,0.312836,0.48446,-0.269782,-0.126655,0.027338,0.377181,-0.048674,-0.028702,0.094421,-0.093728,-0.01032
0.624927,0.312836,-0.269782,-0.126655,0.027338,0.377181,-0.048674,-0.028702,0.094421,-0.093728,-0.01032,0.570661
0.626087,0.312836,-0.126655,0.027338,0.377181,-0.048674,-0.028702,0.094421,-0.093728,-0.01032,0.570661,-0.588459
0.624935,0.312836,0.027338,0.377181,-0.048674,-0.028702,0.094421,-0.093728,-0.01032,0.570661,-0.588459,0.033843
0.624808,0.312836,0.377181,-0.048674,-0.028702,0.094421,-0.093728,-0.01032,0.570661,-0.588459,0.033843,-0.153686
0.631824,0.312836,-0.048674,-0.028702,0.094421,-0.093728,-0.01032,0.570661,-0.588459,0.033843,-0.153686,0.371544
0.624597,0.312836,-0.028702,0.094421,-0.093728,-0.01032,0.570661,-0.588459,0.033843,-0.153686,0.371544,-0.062154
0.625013,0.312836,0.094421,-0.093728,-0.01032,0.570661,-0.588459,0.033843,-0.153686,0.371544,-0.062154,0.038751
0.623121,0.312836,-0.093728,-0.01032,0.570661,-0.588459,0.033843,-0.153686,0.371544,-0.062154,0.038751,-0.040121
0.627696,0.312836,-0.01032,0.570661,-0.588459,0.033843,-0.153686,0.371544,-0.062154,0.038751,-0.040121,-0.194616
0.626932,0.312836,0.570661,-0.588459,0.033843,-0.153686,0.371544,-0.062154,0.038751,-0.040121,-0.194616,-0.083706
0.627408,0.312836,-0.588459,0.033843,-0.153686,0.371544,-0.062154,0.038751,-0.040121,-0.194616,-0.083706,0.555632
0.626915,0.312836,0.033843,-0.153686,0.371544,-0.062154,0.038751,-0.040121,-0.194616,-0.083706,0.555632,-0.237879
0.624522,0.312836,-0.153686,0.371544,-0.062154,0.038751,-0.040121,-0.194616,-0.083706,0.555632,-0.237879,-0.107506
0.623491,0.312836,0.371544,-0.062154,0.038751,-0.040121,-0.194616,-0.083706,0.555632,-0.237879,-0.107506,0.067574
0.630328,0.312836,-0.062154,0.038751,-0.040121,-0.194616,-0.083706,0.555632,-0.237879,-0.107506,0.067574,0.070009
0.627408,0.312836,0.038751,-0.040121,-0.194616,-0.083706,0.555632,-0.237879,-0.107506,0.067574,0.070009,-0.102442
0.626087,0.312836,-0.040121,-0.194616,-0.083706,0.555632,-0.237879,-0.107506,0.067574,0.070009,-0.102442,0.005017
0.626918,0.312836,-0.194616,-0.083706,0.555632,-0.237879,-0.107506,0.067574,0.070009,-0.102442,0.005017,0.135295
0.627779,0.312836,-0.083706,0.555632,-0.237879,-0.107506,0.067574,0.070009,-0.102442,0.005017,0.135295,-0.047127
0.626518,0.312836,0.555632,-0.237879,-0.107506,0.067574,0.070009,-0.102442,0.005017,0.135295,-0.047127,0.00274
0.62658,0.312836,-0.237879,-0.107506,0.067574,0.070009,-0.102442,0.005017,0.135295,-0.047127,0.00274,0.519441
0.628241,0.312836,-0.107506,0.067574,0.070009,-0.102442,0.005017,0.135295,-0.047127,0.00274,0.519441,-0.239129
0.627663,0.312836,0.067574,0.070009,-0.102442,0.005017,0.135295,-0.047127,0.00274,0.519441,-0.239129,-0.121679
0.627696,0.312836,0.070009,-0.102442,0.005017,0.135295,-0.047127,0.00274,0.519441,-0.239129,-0.121679,0.0406
0.634073,0.312836,-0.102442,0.005017,0.135295,-0.047127,0.00274,0.519441,-0.239129,-0.121679,0.0406,0.368658
0.631144,0.312836,0.005017,0.135295,-0.047127,0.00274,0.519441,-0.239129,-0.121679,0.0406,0.368658,-0.028344
0.629653,0.312836,0.135295,-0.047127,0.00274,0.519441,-0.239129,-0.121679,0.0406,0.368658,-0.028344,-0.048676
0.63015,0.312836,-0.047127,0.00274,0.519441,-0.239129,-0.121679,0.0406,0.368658,-0.028344,-0.048676,0.021015
0.63467,0.312836,0.00274,0.519441,-0.239129,-0.121679,0.0406,0.368658,-0.028344,-0.048676,0.021015,-0.027659
0.634323,0.312836,0.519441,-0.239129,-0.121679,0.0406,0.368658,-0.028344,-0.048676,0.021015,-0.027659,-0.065933
0.633727,0.312836,-0.239129,-0.121679,0.0406,0.368658,-0.028344,-0.048676,0.021015,-0.027659,-0.065933,0.586701
0.633984,0.312836,-0.121679,0.0406,0.368658,-0.028344,-0.048676,0.021015,-0.027659,-0.065933,0.586701,-0.384983
0.633646,0.312836,0.0406,0.368658,-0.028344,-0.048676,0.021015,-0.027659,-0.065933,0.586701,-0.384983,-0.088341
0.632838,0.312836,0.368658,-0.028344,-0.048676,0.021015,-0.027659,-0.065933,0.586701,-0.384983,-0.088341,0.040568
0.640016,0.312836,-0.028344,-0.048676,0.021015,-0.027659,-0.065933,0.586701,-0.384983,-0.088341,0.040568,0.281976
0.635315,0.312836,-0.048676,0.021015,-0.027659,-0.065933,0.586701,-0.384983,-0.088341,0.040568,0.281976,-0.028245
0.634235,0.312836,0.021015,-0.027659,-0.065933,0.586701,-0.384983,-0.088341,0.040568,0.281976,-0.028245,-0.110357
0.634731,0.312836,-0.027659,-0.065933,0.586701,-0.384983,-0.088341,0.040568,0.281976,-0.028245,-0.110357,0.117426
0.63818,0.312836,-0.065933,0.586701,-0.384983,-0.088341,0.040568,0.281976,-0.028245,-0.110357,0.117426,-0.158451
0.637834,0.312836,0.586701,-0.384983,-0.088341,0.040568,0.281976,-0.028245,-0.110357,0.117426,-0.158451,0.028994
0.636486,0.312836,-0.384983,-0.088341,0.040568,0.281976,-0.028245,-0.110357,0.117426,-0.158451,0.028994,0.493911
0.63792,0.312836,-0.088341,0.040568,0.281976,-0.028245,-0.110357,0.117426,-0.158451,0.028994,0.493911,-0.303885
0.635985,0.312836,0.040568,0.281976,-0.028245,-0.110357,0.117426,-0.158451,0.028994,0.493911,-0.303885,-0.10941
0.63634,0.312836,0.281976,-0.028245,-0.110357,0.117426,-0.158451,0.028994,0.493911,-0.303885,-0.10941,-0.034968
0.642371,0.312836,-0.028245,-0.110357,0.117426,-0.158451,0.028994,0.493911,-0.303885,-0.10941,-0.034968,0.413774
0.638667,0.312836,-0.110357,0.117426,-0.158451,0.028994,0.493911,-0.303885,-0.10941,-0.034968,0.413774,-0.104001
0.637332,0.312836,0.117426,-0.158451,0.028994,0.493911,-0.303885,-0.10941,-0.034968,0.413774,-0.104001,-0.041684
0.636905,0.312836,-0.158451,0.028994,0.493911,-0.303885,-0.10941,-0.034968,0.413774,-0.104001,-0.041684,0.042212
0.641957,0.312836,0.028994,0.493911,-0.303885,-0.10941,-0.034968,0.413774,-0.104001,-0.041684,0.042212,-0.076853
0.640688,0.312836,0.493911,-0.303885,-0.10941,-0.034968,0.413774,-0.104001,-0.041684,0.042212,-0.076853,-0.136083
0.64018,0.312836,-0.303885,-0.10941,-0.034968,0.413774,-0.104001,-0.041684,0.042212,-0.076853,-0.136083,0.301927
0.640694,0.312836,-0.10941,-0.034968,0.413774,-0.104001,-0.041684,0.042212,-0.076853,-0.136083,0.301927,-0.3929
0.639758,0.312836,-0.034968,0.413774,-0.104001,-0.041684,0.042212,-0.076853,-0.136083,0.301927,-0.3929,-0.102263
0.638096,0.312836,0.413774,-0.104001,-0.041684,0.042212,-0.076853,-0.136083,0.301927,-0.3929,-0.102263,0.088513
0.641782,0.312836,-0.104001,-0.041684,0.042212,-0.076853,-0.136083,0.301927,-0.3929,-0.102263,0.088513,0.262169
0.636989,0.312836,-0.041684,0.042212,-0.076853,-0.136083,0.301927,-0.3929,-0.102263,0.088513,0.262169,0.019975
0.63574,0.312836,0.042212,-0.076853,-0.136083,0.301927,-0.3929,-0.102263,0.088513,0.262169,0.019975,-0.103718
0.636822,0.312836,-0.076853,-0.136083,0.301927,-0.3929,-0.102263,0.088513,0.262169,0.019975,-0.103718,0.076603
0.640024,0.312836,-0.136083,0.301927,-0.3929,-0.102263,0.088513,0.262169,0.019975,-0.103718,0.076603,-0.117958
0.640268,0.312836,0.301927,-0.3929,-0.102263,0.088513,0.262169,0.019975,-0.103718,0.076603,-0.117958,-0.135606
0.639003,0.312836,-0.3929,-0.102263,0.088513,0.262169,0.019975,-0.103718,0.076603,-0.117958,-0.135606,0.33559
0.639937,0.312836,-0.102263,0.088513,0.262169,0.019975,-0.103718,0.076603,-0.117958,-0.135606,0.33559,-0.481358
0.638498,0.312836,0.088513,0.262169,0.019975,-0.103718,0.076603,-0.117958,-0.135606,0.33559,-0.481358,-0.067802
0.636841,0.312836,0.262169,0.019975,-0.103718,0.076603,-0.117958,-0.135606,0.33559,-0.481358,-0.067802,-0.020865
0.64094,0.312836,0.019975,-0.103718,0.076603,-0.117958,-0.135606,0.33559,-0.481358,-0.067802,-0.020865,0.309081
0.635064,0.312836,-0.103718,0.076603,-0.117958,-0.135606,0.33559,-0.481358,-0.067802,-0.020865,0.309081,-0.000852
0.634235,0.312836,0.076603,-0.117958,-0.135606,0.33559,-0.481358,-0.067802,-0.020865,0.309081,-0.000852,-0.151461
0.63398,0.312836,-0.117958,-0.135606,0.33559,-0.481358,-0.067802,-0.020865,0.309081,-0.000852,-0.151461,0.096672
0.637761,0.312836,-0.135606,0.33559,-0.481358,-0.067802,-0.020865,0.309081,-0.000852,-0.151461,0.096672,-0.130791
0.637751,0.312836,0.33559,-0.481358,-0.067802,-0.020865,0.309081,-0.000852,-0.151461,0.096672,-0.130791,0.049527
0.6359,0.312836,-0.481358,-0.067802,-0.020865,0.309081,-0.000852,-0.151461,0.096672,-0.130791,0.049527,0.362588
0.637081,0.312836,-0.067802,-0.020865,0.309081,-0.000852,-0.151461,0.096672,-0.130791,0.049527,0.362588,-0.248151
0.635483,0.312836,-0.020865,0.309081,-0.000852,-0.151461,0.096672,-0.130791,0.049527,0.362588,-0.248151,-0.157183
0.636089,0.312836,0.309081,-0.000852,-0.151461,0.096672,-0.130791,0.049527,0.362588,-0.248151,-0.157183,0.006313
0.64052,0.301636,-0.000852,-0.151461,0.096672,-0.130791,0.049527,0.362588,-0.248151,-0.157183,0.006313,0.254891
0.637492,0.301636,-0.151461,0.096672,-0.130791,0.049527,0.362588,-0.248151,-0.157183,0.006313,0.254891,-0.233614
0.635573,0.301636,0.096672,-0.130791,0.049527,0.362588,-0.248151,-0.157183,0.006313,0.254891,-0.233614,-0.055498
0.63565,0.301636,-0.130791,0.049527,0.362588,-0.248151,-0.157183,0.006313,0.254891,-0.233614,-0.055498,-0.204335
0.638766,0.301636,0.049527,0.362588,-0.248151,-0.157183,0.006313,0.254891,-0.233614,-0.055498,-0.204335,-0.102242
0.63591,0.301636,0.362588,-0.248151,-0.157183,0.006313,0.254891,-0.233614,-0.055498,-0.204335,-0.102242,-0.031587
0.635231,0.301636,-0.248151,-0.157183,0.006313,0.254891,-0.233614,-0.055498,-0.204335,-0.102242,-0.031587,0.48191
0.632732,0.301636,-0.157183,0.006313,0.254891,-0.233614,-0.055498,-0.204335,-0.102242,-0.031587,0.48191,-0.355973
0.63148,0.301636,0.006313,0.254891,-0.233614,-0.055498,-0.204335,-0.102242,-0.031587,0.48191,-0.355973,-0.115174
0.631093,0.301636,0.254891,-0.233614,-0.055498,-0.204335,-0.102242,-0.031587,0.48191,-0.355973,-0.115174,-0.000146
0.636997,0.301636,-0.233614,-0.055498,-0.204335,-0.102242,-0.031587,0.48191,-0.355973,-0.115174,-0.000146,0.110696
0.632643,0.301636,-0.055498,-0.204335,-0.102242,-0.031587,0.48191,-0.355973,-0.115174,-0.000146,0.110696,-0.028401
0.631233,0.301636,-0.204335,-0.102242,-0.031587,0.48191,-0.355973,-0.115174,-0.000146,0.110696,-0.028401,-0.373604
0.631231,0.301636,-0.102242,-0.031587,0.48191,-0.355973,-0.115174,-0.000146,0.110696,-0.028401,-0.373604,0.18304
0.632588,0.301636,-0.031587,0.48191,-0.355973,-0.115174,-0.000146,0.110696,-0.028401,-0.373604,0.18304,-0.168995
0.63224,0.301636,0.48191,-0.355973,-0.115174,-0.000146,0.110696,-0.028401,-0.373604,0.18304,-0.168995,0.009439
0.627656,0.301636,-0.355973,-0.115174,-0.000146,0.110696,-0.028401,-0.373604,0.18304,-0.168995,0.009439,0.404082
0.629902,0.301636,-0.115174,-0.000146,0.110696,-0.028401,-0.373604,0.18304,-0.168995,0.009439,0.404082,-0.259042
0.627828,0.301636,-0.000146,0.110696,-0.028401,-0.373604,0.18304,-0.168995,0.009439,0.404082,-0.259042,-0.161954
0.627944,0.301636,0.110696,-0.028401,-0.373604,0.18304,-0.168995,0.009439,0.404082,-0.259042,-0.161954,0.047381
0.632906,0.301636,-0.028401,-0.373604,0.18304,-0.168995,0.009439,0.404082,-0.259042,-0.161954,0.047381,0.272725
0.62973,0.301636,-0.373604,0.18304,-0.168995,0.009439,0.404082,-0.259042,-0.161954,0.047381,0.272725,-0.02166
0.627744,0.301636,0.18304,-0.168995,0.009439,0.404082,-0.259042,-0.161954,0.047381,0.272725,-0.02166,-0.102946
0.628325,0.301636,-0.168995,0.009439,0.404082,-0.259042,-0.161954,0.047381,0.272725,-0.02166,-0.102946,0.047932
0.631674,0.301636,0.009439,0.404082,-0.259042,-0.161954,0.047381,0.272725,-0.02166,-0.102946,0.047932,-0.155792
0.631408,0.301636,0.404082,-0.259042,-0.161954,0.047381,0.272725,-0.02166,-0.102946,0.047932,-0.155792,0.016069
0.630146,0.301636,-0.259042,-0.161954,0.047381,0.272725,-0.02166,-0.102946,0.047932,-0.155792,0.016069,0.398159
0.630733,0.301636,-0.161954,0.047381,0.272725,-0.02166,-0.102946,0.047932,-0.155792,0.016069,0.398159,-0.496158
0.628823,0.301636,0.047381,0.272725,-0.02166,-0.102946,0.047932,-0.155792,0.016069,0.398159,-0.496158,-0.080608
0.62902,0.301636,0.272725,-0.02166,-0.102946,0.047932,-0.155792,0.016069,0.398159,-0.496158,-0.080608,-0.187873
0.633906,0.301636,-0.02166,-0.102946,0.047932,-0.155792,0.016069,0.398159,-0.496158,-0.080608,-0.187873,0.298224
0.627822,0.301636,-0.102946,0.047932,-0.155792,0.016069,0.398159,-0.496158,-0.080608,-0.187873,0.298224,-0.06216
0.626832,0.301636,0.047932,-0.155792,0.016069,0.398159,-0.496158,-0.080608,-0.187873,0.298224,-0.06216,-0.02184
0.624522,0.301636,-0.155792,0.016069,0.398159,-0.496158,-0.080608,-0.187873,0.298224,-0.06216,-0.02184,-0.127645
0.628192,0.301636,0.016069,0.398159,-0.496158,-0.080608,-0.187873,0.298224,-0.06216,-0.02184,-0.127645,-0.167279
0.627428,0.301636,0.398159,-0.496158,-0.080608,-0.187873,0.298224,-0.06216,-0.02184,-0.127645,-0.167279,-0.183186
0.627159,0.301636,-0.496158,-0.080608,-0.187873,0.298224,-0.06216,-0.02184,-0.127645,-0.167279,-0.183186,0.512791
0.625591,0.301636,-0.080608,-0.187873,0.298224,-0.06216,-0.02184,-0.127645,-0.167279,-0.183186,0.512791,-0.297288
0.623533,0.301636,-0.187873,0.298224,-0.06216,-0.02184,-0.127645,-0.167279,-0.183186,0.512791,-0.297288,-0.153701
0.621273,0.301636,0.298224,-0.06216,-0.02184,-0.127645,-0.167279,-0.183186,0.512791,-0.297288,-0.153701,-0.17256
0.627593,0.301636,-0.06216,-0.02184,-0.127645,-0.167279,-0.183186,0.512791,-0.297288,-0.153701,-0.17256,0.176357
0.623937,0.301636,-0.02184,-0.127645,-0.167279,-0.183186,0.512791,-0.297288,-0.153701,-0.17256,0.176357,0.037906
0.622044,0.301636,-0.127645,-0.167279,-0.183186,0.512791,-0.297288,-0.153701,-0.17256,0.176357,0.037906,-0.068865
0.619916,0.301636,-0.167279,-0.183186,0.512791,-0.297288,-0.153701,-0.17256,0.176357,0.037906,-0.068865,0.127248
0.622094,0.301636,-0.183186,0.512791,-0.297288,-0.153701,-0.17256,0.176357,0.037906,-0.068865,0.127248,-0.119718
0.622562,0.301636,0.512791,-0.297288,-0.153701,-0.17256,0.176357,0.037906,-0.068865,0.127248,-0.119718,-0.003192
0.621713,0.301636,-0.297288,-0.153701,-0.17256,0.176357,0.037906,-0.068865,0.127248,-0.119718,-0.003192,0.499843
0.62328,0.301636,-0.153701,-0.17256,0.176357,0.037906,-0.068865,0.127248,-0.119718,-0.003192,0.499843,-0.571351
0.621805,0.301636,-0.17256,0.176357,0.037906,-0.068865,0.127248,-0.119718,-0.003192,0.499843,-0.571351,0.046867
0.621766,0.301636,0.176357,0.037906,-0.068865,0.127248,-0.119718,-0.003192,0.499843,-0.571351,0.046867,-0.225404
0.627924,0.301636,0.037906,-0.068865,0.127248,-0.119718,-0.003192,0.499843,-0.571351,0.046867,-0.225404,0.309094
0.620891,0.301636,-0.068865,0.127248,-0.119718,-0.003192,0.499843,-0.571351,0.046867,-0.225404,0.309094,-0.048652
0.621468,0.301636,0.127248,-0.119718,-0.003192,0.499843,-0.571351,0.046867,-0.225404,0.309094,-0.048652,0.004488
0.618687,0.301636,-0.119718,-0.003192,0.499843,-0.571351,0.046867,-0.225404,0.309094,-0.048652,0.004488,0.013556
0.622505,0.30188,-0.003192,0.499843,-0.571351,0.046867,-0.225404,0.309094,-0.048652,0.004488,0.013556,-0.12602
0.621904,0.30188,0.499843,-0.571351,0.046867,-0.225404,0.309094,-0.048652,0.004488,0.013556,-0.12602,0.030157
0.621959,0.30188,-0.571351,0.046867,-0.225404,0.309094,-0.048652,0.004488,0.013556,-0.12602,0.030157,0.425151
0.622126,0.30188,0.046867,-0.225404,0.309094,-0.048652,0.004488,0.013556,-0.12602,0.030157,0.425151,-0.236495
0.620573,0.30188,-0.225404,0.309094,-0.048652,0.004488,0.013556,-0.12602,0.030157,0.425151,-0.236495,-0.140193
0.620945,0.30188,0.309094,-0.048652,0.004488,0.013556,-0.12602,0.030157,0.425151,-0.236495,-0.140193,0.047346
0.626188,0.30188,-0.048652,0.004488,0.013556,-0.12602,0.030157,0.425151,-0.236495,-0.140193,0.047346,0.263731
0.623277,0.30188,0.004488,0.013556,-0.12602,0.030157,0.425151,-0.236495,-0.140193,0.047346,0.263731,0.045121
0.62155,0.30188,0.013556,-0.12602,0.030157,0.425151,-0.236495,-0.140193,0.047346,0.263731,0.045121,-0.129322
0.622134,0.30188,-0.12602,0.030157,0.425151,-0.236495,-0.140193,0.047346,0.263731,0.045121,-0.129322,0.060694
0.625385,0.30188,0.030157,0.425151,-0.236495,-0.140193,0.047346,0.263731,0.045121,-0.129322,0.060694,-0.08009
0.62594,0.30188,0.425151,-0.236495,-0.140193,0.047346,0.263731,0.045121,-0.129322,0.060694,-0.08009,-0.023534
0.624349,0.30188,-0.236495,-0.140193,0.047346,0.263731,0.045121,-0.129322,0.060694,-0.08009,-0.023534,0.501919
0.625095,0.30188,-0.140193,0.047346,0.263731,0.045121,-0.129322,0.060694,-0.08009,-0.023534,0.501919,-0.318548
0.62411,0.30188,0.047346,0.263731,0.045121,-0.129322,0.060694,-0.08009,-0.023534,0.501919,-0.318548,-0.073678
0.62382,0.30188,0.263731,0.045121,-0.129322,0.060694,-0.08009,-0.023534,0.501919,-0.318548,-0.073678,0.040648
0.629996,0.30188,0.045121,-0.129322,0.060694,-0.08009,-0.023534,0.501919,-0.318548,-0.073678,0.040648,0.096864
0.626084,0.30188,-0.129322,0.060694,-0.08009,-0.023534,0.501919,-0.318548,-0.073678,0.040648,0.096864,-0.01513
0.625178,0.30188,0.060694,-0.08009,-0.023534,0.501919,-0.318548,-0.073678,0.040648,0.096864,-0.01513,-0.303595
0.625678,0.30188,-0.08009,-0.023534,0.501919,-0.318548,-0.073678,0.040648,0.096864,-0.01513,-0.303595,0.174594
0.62687,0.30188,-0.023534,0.501919,-0.318548,-0.073678,0.040648,0.096864,-0.01513,-0.303595,0.174594,-0.106868
0.626684,0.30188,0.501919,-0.318548,-0.073678,0.040648,0.096864,-0.01513,-0.303595,0.174594,-0.106868,0.016547
0.622947,0.30188,-0.318548,-0.073678,0.040648,0.096864,-0.01513,-0.303595,0.174594,-0.106868,0.016547,0.495331
0.625095,0.30188,-0.073678,0.040648,0.096864,-0.01513,-0.303595,0.174594,-0.106868,0.016547,0.495331,-0.284928
0.62378,0.30188,0.040648,0.096864,-0.01513,-0.303595,0.174594,-0.106868,0.016547,0.495331,-0.284928,-0.033359
0.623984,0.30188,0.096864,-0.01513,-0.303595,0.174594,-0.106868,0.016547,0.495331,-0.284928,-0.033359,-0.107177
0.630079,0.30188,-0.01513,-0.303595,0.174594,-0.106868,0.016547,0.495331,-0.284928,-0.033359,-0.107177,0.44675
0.62658,0.30188,-0.303595,0.174594,-0.106868,0.016547,0.495331,-0.284928,-0.033359,-0.107177,0.44675,-0.089226
0.62617,0.30188,0.174594,-0.106868,0.016547,0.495331,-0.284928,-0.033359,-0.107177,0.44675,-0.089226,0.012081
0.624852,0.30188,-0.106868,0.016547,0.495331,-0.284928,-0.033359,-0.107177,0.44675,-0.089226,0.012081,-0.175335
0.630346,0.30188,0.016547,0.495331,-0.284928,-0.033359,-0.107177,0.44675,-0.089226,0.012081,-0.175335,-0.067138
0.62925,0.30188,0.495331,-0.284928,-0.033359,-0.107177,0.44675,-0.089226,0.012081,-0.175335,-0.067138,-0.184555
0.629398,0.30188,-0.284928,-0.033359,-0.107177,0.44675,-0.089226,0.012081,-0.175335,-0.067138,-0.184555,0.52254
0.627247,0.30188,-0.033359,-0.107177,0.44675,-0.089226,0.012081,-0.175335,-0.067138,-0.184555,0.52254,-0.365918
0.626422,0.30188,-0.107177,0.44675,-0.089226,0.012081,-0.175335,-0.067138,-0.184555,0.52254,-0.365918,0.007047
0.624149,0.30188,0.44675,-0.089226,0.012081,-0.175335,-0.067138,-0.184555,0.52254,-0.365918,0.007047,0.007005
0.630577,0.30188,-0.089226,0.012081,-0.175335,-0.067138,-0.184555,0.52254,-0.365918,0.007047,0.007005,0.359755
0.626084,0.30188,0.012081,-0.175335,-0.067138,-0.184555,0.52254,-0.365918,0.007047,0.007005,0.359755,-0.055483
0.62617,0.30188,-0.175335,-0.067138,-0.184555,0.52254,-0.365918,0.007047,0.007005,0.359755,-0.055483,-0.190598
0.626256,0.30188,-0.067138,-0.184555,0.52254,-0.365918,0.007047,0.007005,0.359755,-0.055483,-0.190598,0.054397
0.630678,0.30188,-0.184555,0.52254,-0.365918,0.007047,0.007005,0.359755,-0.055483,-0.190598,0.054397,-0.235557
0.629996,0.30188,0.52254,-0.365918,0.007047,0.007005,0.359755,-0.055483,-0.190598,0.054397,-0.235557,-0.057211
0.627656,0.30188,-0.365918,0.007047,0.007005,0.359755,-0.055483,-0.190598,0.054397,-0.235557,-0.057211,0.577345
0.628324,0.30188,0.007047,0.007005,0.359755,-0.055483,-0.190598,0.054397,-0.235557,-0.057211,0.577345,-0.29243
0.62543,0.30188,0.007005,0.359755,-0.055483,-0.190598,0.054397,-0.235557,-0.057211,0.577345,-0.29243,-0.053652
0.624725,0.30188,0.359755,-0.055483,-0.190598,0.054397,-0.235557,-0.057211,0.577345,-0.29243,-0.053652,-0.033553
0.631824,0.30188,-0.055483,-0.190598,0.054397,-0.235557,-0.057211,0.577345,-0.29243,-0.053652,-0.033553,0.380577
0.628236,0.30188,-0.190598,0.054397,-0.235557,-0.057211,0.577345,-0.29243,-0.053652,-0.033553,0.380577,-0.014871
0.627578,0.30188,0.054397,-0.235557,-0.057211,0.577345,-0.29243,-0.053652,-0.033553,0.380577,-0.014871,-0.096193
0.627166,0.30188,-0.235557,-0.057211,0.577345,-0.29243,-0.053652,-0.033553,0.380577,-0.014871,-0.096193,0.115958
0.63184,0.30188,-0.057211,0.577345,-0.29243,-0.053652,-0.033553,0.380577,-0.014871,-0.096193,0.115958,-0.217118
0.631658,0.30188,0.577345,-0.29243,-0.053652,-0.033553,0.380577,-0.014871,-0.096193,0.115958,-0.217118,-0.192575
0.630478,0.30188,-0.29243,-0.053652,-0.033553,0.380577,-0.014871,-0.096193,0.115958,-0.217118,-0.192575,0.126106
0.631899,0.30188,-0.053652,-0.033553,0.380577,-0.014871,-0.096193,0.115958,-0.217118,-0.192575,0.126106,-0.136378
0.629237,0.30188,-0.033553,0.380577,-0.014871,-0.096193,0.115958,-0.217118,-0.192575,0.126106,-0.136378,-0.348771
0.62687,0.30188,0.380577,-0.014871,-0.096193,0.115958,-0.217118,-0.192575,0.126106,-0.136378,-0.348771,0.000581
0.628421,0.30188,-0.014871,-0.096193,0.115958,-0.217118,-0.192575,0.126106,-0.136378,-0.348771,0.000581,0.445088
0.626745,0.30188,-0.096193,0.115958,-0.217118,-0.192575,0.126106,-0.136378,-0.348771,0.000581,0.445088,-0.06887
0.622456,0.30188,0.115958,-0.217118,-0.192575,0.126106,-0.136378,-0.348771,0.000581,0.445088,-0.06887,-0.008396
0.622463,0.30188,-0.217118,-0.192575,0.126106,-0.136378,-0.348771,0.000581,0.445088,-0.06887,-0.008396,0.10161
0.627944,0.30188,-0.192575,0.126106,-0.136378,-0.348771,0.000581,0.445088,-0.06887,-0.008396,0.10161,-0.033647
0.627097,0.30188,0.126106,-0.136378,-0.348771,0.000581,0.445088,-0.06887,-0.008396,0.10161,-0.033647,0.009439
0.626994,0.30188,-0.136378,-0.348771,0.000581,0.445088,-0.06887,-0.008396,0.10161,-0.033647,0.009439,0.492471
0.628241,0.30188,-0.348771,0.000581,0.445088,-0.06887,-0.008396,0.10161,-0.033647,0.009439,0.492471,-0.2798
0.627828,0.30188,0.000581,0.445088,-0.06887,-0.008396,0.10161,-0.033647,0.009439,0.492471,-0.2798,-0.114788
0.627944,0.30188,0.445088,-0.06887,-0.008396,0.10161,-0.033647,0.009439,0.492471,-0.2798,-0.114788,-0.006752
0.633989,0.30188,-0.06887,-0.008396,0.10161,-0.033647,0.009439,0.492471,-0.2798,-0.114788,-0.006752,0.327317
0.630561,0.30188,-0.008396,0.10161,-0.033647,0.009439,0.492471,-0.2798,-0.114788,-0.006752,0.327317,-0.0216
0.629154,0.30188,0.10161,-0.033647,0.009439,0.492471,-0.2798,-0.114788,-0.006752,0.327317,-0.0216,-0.123457
0.629071,0.30188,-0.033647,0.009439,0.492471,-0.2798,-0.114788,-0.006752,0.327317,-0.0216,-0.123457,-0.026707
0.633088,0.30188,0.009439,0.492471,-0.2798,-0.114788,-0.006752,0.327317,-0.0216,-0.123457,-0.026707,-0.189679
0.632823,0.30188,0.492471,-0.2798,-0.114788,-0.006752,0.327317,-0.0216,-0.123457,-0.026707,-0.189679,-0.172177
0.63131,0.30188,-0.2798,-0.114788,-0.006752,0.327317,-0.0216,-0.123457,-0.026707,-0.189679,-0.172177,0.281153
0.630983,0.30188,-0.114788,-0.006752,0.327317,-0.0216,-0.123457,-0.026707,-0.189679,-0.172177,0.281153,-0.197341
0.628657,0.30188,-0.006752,0.327317,-0.0216,-0.123457,-0.026707,-0.189679,-0.172177,0.281153,-0.197341,-0.302383
0.62654,0.30188,0.327317,-0.0216,-0.123457,-0.026707,-0.189679,-0.172177,0.281153,-0.197341,-0.302383,0.047361
0.629996,0.30188,-0.0216,-0.123457,-0.026707,-0.189679,-0.172177,0.281153,-0.197341,-0.302383,0.047361,0.338585
0.627574,0.30188,-0.123457,-0.026707,-0.189679,-0.172177,0.281153,-0.197341,-0.302383,0.047361,0.338585,0.059131
0.623857,0.30188,-0.026707,-0.189679,-0.172177,0.281153,-0.197341,-0.302383,0.047361,0.338585,0.059131,-0.237561
0.62444,0.30188,-0.189679,-0.172177,0.281153,-0.197341,-0.302383,0.047361,0.338585,0.059131,-0.237561,0.040758
0.628606,0.30188,-0.172177,0.281153,-0.197341,-0.302383,0.047361,0.338585,0.059131,-0.237561,0.040758,-0.261614
0.629333,0.30188,0.281153,-0.197341,-0.302383,0.047361,0.338585,0.059131,-0.237561,0.040758,-0.261614,0.090073
0.626415,0.30188,-0.197341,-0.302383,0.047361,0.338585,0.059131,-0.237561,0.040758,-0.261614,0.090073,0.53677
0.626915,0.30188,-0.302383,0.047361,0.338585,0.059131,-0.237561,0.040758,-0.261614,0.090073,0.53677,-0.312466
0.623698,0.30188,0.047361,0.338585,0.059131,-0.237561,0.040758,-0.261614,0.090073,0.53677,-0.312466,-0.026632
0.624808,0.30188,0.338585,0.059131,-0.237561,0.040758,-0.261614,0.090073,0.53677,-0.312466,-0.026632,-0.067138
0.631408,0.30188,0.059131,-0.237561,0.040758,-0.261614,0.090073,0.53677,-0.312466,-0.026632,-0.067138,0.542808
0.627574,0.30188,-0.237561,0.040758,-0.261614,0.090073,0.53677,-0.312466,-0.026632,-0.067138,0.542808,-0.231651
0.627247,0.30188,0.040758,-0.261614,0.090073,0.53677,-0.312466,-0.026632,-0.067138,0.542808,-0.231651,0.080048
0.626422,0.30188,-0.261614,0.090073,0.53677,-0.312466,-0.026632,-0.067138,0.542808,-0.231651,0.080048,0.020863
0.633088,0.30188,0.090073,0.53677,-0.312466,-0.026632,-0.067138,0.542808,-0.231651,0.080048,0.020863,-0.040899
0.630245,0.30188,0.53677,-0.312466,-0.026632,-0.067138,0.542808,-0.231651,0.080048,0.020863,-0.040899,-0.099043
0.631227,0.30188,-0.312466,-0.026632,-0.067138,0.542808,-0.231651,0.080048,0.020863,-0.040899,-0.099043,0.555793
0.631482,0.30188,-0.026632,-0.067138,0.542808,-0.231651,0.080048,0.020863,-0.040899,-0.099043,0.555793,-0.342118
0.630981,0.30188,-0.067138,0.542808,-0.231651,0.080048,0.020863,-0.040899,-0.099043,0.555793,-0.342118,-0.115143
0.629765,0.30188,0.542808,-0.231651,0.080048,0.020863,-0.040899,-0.099043,0.555793,-0.342118,-0.115143,0.033805
0.636579,0.30188,-0.231651,0.080048,0.020863,-0.040899,-0.099043,0.555793,-0.342118,-0.115143,0.033805,0.063233
0.632393,0.30188,0.080048,0.020863,-0.040899,-0.099043,0.555793,-0.342118,-0.115143,0.033805,0.063233,0.053008
0.630983,0.30188,0.020863,-0.040899,-0.099043,0.555793,-0.342118,-0.115143,0.033805,0.063233,0.053008,-0.37395
0.631397,0.30188,-0.040899,-0.099043,0.555793,-0.342118,-0.115143,0.033805,0.063233,0.053008,-0.37395,0.149321
0.632173,0.30188,-0.099043,0.555793,-0.342118,-0.115143,0.033805,0.063233,0.053008,-0.37395,0.149321,-0.101518
0.632823,0.30188,0.555793,-0.342118,-0.115143,0.033805,0.063233,0.053008,-0.37395,0.149321,-0.101518,0.009326
0.628236,0.30188,-0.342118,-0.115143,0.033805,0.063233,0.053008,-0.37395,0.149321,-0.101518,0.009326,0.486644
0.630068,0.30188,-0.115143,0.033805,0.063233,0.053008,-0.37395,0.149321,-0.101518,0.009326,0.486644,-0.286968
0.628823,0.30188,0.033805,0.063233,0.053008,-0.37395,0.149321,-0.101518,0.009326,0.486644,-0.286968,-0.067464
0.628937,0.30188,0.063233,0.053008,-0.37395,0.149321,-0.101518,0.009326,0.486644,-0.286968,-0.067464,-0.02719
0.634907,0.30188,0.053008,-0.37395,0.149321,-0.101518,0.009326,0.486644,-0.286968,-0.067464,-0.02719,0.395946
0.631393,0.30188,-0.37395,0.149321,-0.101518,0.009326,0.486644,-0.286968,-0.067464,-0.02719,0.395946,-0.062396
0.630567,0.30188,0.149321,-0.101518,0.009326,0.486644,-0.286968,-0.067464,-0.02719,0.395946,-0.062396,-0.041868
0.630234,0.30188,-0.101518,0.009326,0.486644,-0.286968,-0.067464,-0.02719,0.395946,-0.062396,-0.041868,0.082565
0.635087,0.30188,0.009326,0.486644,-0.286968,-0.067464,-0.02719,0.395946,-0.062396,-0.041868,0.082565,-0.136888
0.634323,0.30188,0.486644,-0.286968,-0.067464,-0.02719,0.395946,-0.062396,-0.041868,0.082565,-0.136888,0.022434
0.633811,0.30188,-0.286968,-0.067464,-0.02719,0.395946,-0.062396,-0.041868,0.082565,-0.136888,0.022434,0.422343
0.63482,0.299011,-0.067464,-0.02719,0.395946,-0.062396,-0.041868,0.082565,-0.136888,0.022434,0.422343,-0.29536
0.633146,0.299011,-0.02719,0.395946,-0.062396,-0.041868,0.082565,-0.136888,0.022434,0.422343,-0.29536,-0.095138
0.633421,0.299011,0.395946,-0.062396,-0.041868,0.082565,-0.136888,0.022434,0.422343,-0.29536,-0.095138,-0.000359
0.638589,0.299011,-0.062396,-0.041868,0.082565,-0.136888,0.022434,0.422343,-0.29536,-0.095138,-0.000359,0.39812
0.63498,0.299011,-0.041868,0.082565,-0.136888,0.022434,0.422343,-0.29536,-0.095138,-0.000359,0.39812,-0.144722
0.633817,0.299011,0.082565,-0.136888,0.022434,0.422343,-0.29536,-0.095138,-0.000359,0.39812,-0.144722,-0.021235
0.633813,0.299011,-0.136888,0.022434,0.422343,-0.29536,-0.095138,-0.000359,0.39812,-0.144722,-0.021235,0.062461
0.638682,0.299011,0.022434,0.422343,-0.29536,-0.095138,-0.000359,0.39812,-0.144722,-0.021235,0.062461,-0.11037
0.636913,0.299011,0.422343,-0.29536,-0.095138,-0.000359,0.39812,-0.144722,-0.021235,0.062461,-0.11037,-0.05974
0.636654,0.299011,-0.29536,-0.095138,-0.000359,0.39812,-0.144722,-0.021235,0.062461,-0.11037,-0.05974,0.527427
0.637416,0.299011,-0.095138,-0.000359,0.39812,-0.144722,-0.021235,0.062461,-0.11037,-0.05974,0.527427,-0.564064
0.636069,0.299011,-0.000359,0.39812,-0.144722,-0.021235,0.062461,-0.11037,-0.05974,0.527427,-0.564064,-0.088305
0.635338,0.299011,0.39812,-0.144722,-0.021235,0.062461,-0.11037,-0.05974,0.527427,-0.564064,-0.088305,-0.421156
0.641782,0.299011,-0.144722,-0.021235,0.062461,-0.11037,-0.05974,0.527427,-0.564064,-0.088305,-0.421156,0.211915
0.634897,0.299011,-0.021235,0.062461,-0.11037,-0.05974,0.527427,-0.564064,-0.088305,-0.421156,0.211915,0.032509
0.633817,0.299011,0.062461,-0.11037,-0.05974,0.527427,-0.564064,-0.088305,-0.421156,0.211915,0.032509,0.005604
0.628657,0.299011,-0.11037,-0.05974,0.527427,-0.564064,-0.088305,-0.421156,0.211915,0.032509,0.005604,0.061741
0.631259,0.299011,-0.05974,0.527427,-0.564064,-0.088305,-0.421156,0.211915,0.032509,0.005604,0.061741,-0.095386
0.631658,0.299011,0.527427,-0.564064,-0.088305,-0.421156,0.211915,0.032509,0.005604,0.061741,-0.095386,0.070012
0.631726,0.299011,-0.564064,-0.088305,-0.421156,0.211915,0.032509,0.005604,0.061741,-0.095386,0.070012,0.510397
0.632482,0.299011,-0.088305,-0.421156,0.211915,0.032509,0.005604,0.061741,-0.095386,0.070012,0.510397,-0.322617
0.631314,0.299011,-0.421156,0.211915,0.032509,0.005604,0.061741,-0.095386,0.070012,0.510397,-0.322617,-0.04727
0.632173,0.299011,0.211915,0.032509,0.005604,0.061741,-0.095386,0.070012,0.510397,-0.322617,-0.04727,-0.041279
0.638421,0.299011,0.032509,0.005604,0.061741,-0.095386,0.070012,0.510397,-0.322617,-0.04727,-0.041279,0.10405
0.634479,0.299011,0.005604,0.061741,-0.095386,0.070012,0.510397,-0.322617,-0.04727,-0.041279,0.10405,-0.184718
0.633901,0.299011,0.061741,-0.095386,0.070012,0.510397,-0.322617,-0.04727,-0.041279,0.10405,-0.184718,0.005687
0.633396,0.299011,-0.095386,0.070012,0.510397,-0.322617,-0.04727,-0.041279,0.10405,-0.184718,0.005687,0.095978
0.63467,0.299011,0.070012,0.510397,-0.322617,-0.04727,-0.041279,0.10405,-0.184718,0.005687,0.095978,-0.129693
0.632406,0.299011,0.510397,-0.322617,-0.04727,-0.041279,0.10405,-0.184718,0.005687,0.095978,-0.129693,0.002177
0.632476,0.299011,-0.322617,-0.04727,-0.041279,0.10405,-0.184718,0.005687,0.095978,-0.129693,0.002177,0.462324
0.63365,0.299011,-0.04727,-0.041279,0.10405,-0.184718,0.005687,0.095978,-0.129693,0.002177,0.462324,-0.499279
0.632063,0.299011,-0.041279,0.10405,-0.184718,0.005687,0.095978,-0.129693,0.002177,0.462324,-0.499279,-0.060686
0.632089,0.299011,0.10405,-0.184718,0.005687,0.095978,-0.129693,0.002177,0.462324,-0.499279,-0.060686,-0.162613
0.637751,0.299011,-0.184718,0.005687,0.095978,-0.129693,0.002177,0.462324,-0.499279,-0.060686,-0.162613,0.320444
0.631643,0.299011,0.005687,0.095978,-0.129693,0.002177,0.462324,-0.499279,-0.060686,-0.162613,0.320444,-0.069117
0.6309,0.299011,0.095978,-0.129693,0.002177,0.462324,-0.499279,-0.060686,-0.162613,0.320444,-0.069117,-0.164009
0.628906,0.299011,-0.129693,0.002177,0.462324,-0.499279,-0.060686,-0.162613,0.320444,-0.069117,-0.164009,-0.033455
0.632838,0.299011,0.002177,0.462324,-0.499279,-0.060686,-0.162613,0.320444,-0.069117,-0.164009,-0.033455,-0.256373
0.63199,0.299011,0.462324,-0.499279,-0.060686,-0.162613,0.320444,-0.069117,-0.164009,-0.033455,-0.256373,0.029711
0.629979,0.299011,-0.499279,-0.060686,-0.162613,0.320444,-0.069117,-0.164009,-0.033455,-0.256373,0.029711,0.477746
0.629569,0.299011,-0.060686,-0.162613,0.320444,-0.069117,-0.164009,-0.033455,-0.256373,0.029711,0.477746,-0.252186
0.626422,0.299011,-0.162613,0.320444,-0.069117,-0.164009,-0.033455,-0.256373,0.029711,0.477746,-0.252186,-0.141638
0.626787,0.299011,0.320444,-0.069117,-0.164009,-0.033455,-0.256373,0.029711,0.477746,-0.252186,-0.141638,0.108169
0.632656,0.299011,-0.069117,-0.164009,-0.033455,-0.256373,0.029711,0.477746,-0.252186,-0.141638,0.108169,0.212046
0.629564,0.299011,-0.164009,-0.033455,-0.256373,0.029711,0.477746,-0.252186,-0.141638,0.108169,0.212046,0.032572
0.627827,0.299011,-0.033455,-0.256373,0.029711,0.477746,-0.252186,-0.141638,0.108169,0.212046,0.032572,-0.096223
0.629154,0.299011,-0.256373,0.029711,0.477746,-0.252186,-0.141638,0.108169,0.212046,0.032572,-0.096223,0.020833
0.631757,0.299011,0.029711,0.477746,-0.252186,-0.141638,0.108169,0.212046,0.032572,-0.096223,0.020833,-0.135672
0.632157,0.299011,0.477746,-0.252186,-0.141638,0.108169,0.212046,0.032572,-0.096223,0.020833,-0.135672,-0.273285
0.630977,0.299011,-0.252186,-0.141638,0.108169,0.212046,0.032572,-0.096223,0.020833,-0.135672,-0.273285,0.179767
0.631233,0.299011,-0.141638,0.108169,0.212046,0.032572,-0.096223,0.020833,-0.135672,-0.273285,0.179767,-0.156568
0.629569,0.299011,0.108169,0.212046,0.032572,-0.096223,0.020833,-0.135672,-0.273285,0.179767,-0.156568,-0.355311
0.626209,0.296417,0.212046,0.032572,-0.096223,0.020833,-0.135672,-0.273285,0.179767,-0.156568,-0.355311,0.007278
0.628421,0.296417,0.032572,-0.096223,0.020833,-0.135672,-0.273285,0.179767,-0.156568,-0.355311,0.007278,0.418046
0.626497,0.296417,-0.096223,0.020833,-0.135672,-0.273285,0.179767,-0.156568,-0.355311,0.007278,0.418046,-0.041986
0.622126,0.296417,0.020833,-0.135672,-0.273285,0.179767,-0.156568,-0.355311,0.007278,0.418046,-0.041986,-0.048798
0.622216,0.296417,-0.135672,-0.273285,0.179767,-0.156568,-0.355311,0.007278,0.418046,-0.041986,-0.048798,0.067723
0.627366,0.296417,-0.273285,0.179767,-0.156568,-0.355311,0.007278,0.418046,-0.041986,-0.048798,0.067723,-0.127596
0.626849,0.296417,0.179767,-0.156568,-0.355311,0.007278,0.418046,-0.041986,-0.048798,0.067723,-0.127596,-0.210785
0.626249,0.296417,-0.156568,-0.355311,0.007278,0.418046,-0.041986,-0.048798,0.067723,-0.127596,-0.210785,0.339419
0.627081,0.296417,-0.355311,0.007278,0.418046,-0.041986,-0.048798,0.067723,-0.127596,-0.210785,0.339419,-0.23011
0.625513,0.296417,0.007278,0.418046,-0.041986,-0.048798,0.067723,-0.127596,-0.210785,0.339419,-0.23011,-0.053389
0.622915,0.296417,0.418046,-0.041986,-0.048798,0.067723,-0.127596,-0.210785,0.339419,-0.23011,-0.053389,-0.032956
0.627097,0.296417,-0.041986,-0.048798,0.067723,-0.127596,-0.210785,0.339419,-0.23011,-0.053389,-0.032956,0.344693
0.624266,0.296417,-0.048798,0.067723,-0.127596,-0.210785,0.339419,-0.23011,-0.053389,-0.032956,0.344693,-0.028549
0.62361,0.296417,0.067723,-0.127596,-0.210785,0.339419,-0.23011,-0.053389,-0.032956,0.344693,-0.028549,-0.23011
0.623204,0.296417,-0.127596,-0.210785,0.339419,-0.23011,-0.053389,-0.032956,0.344693,-0.028549,-0.23011,0.027113
0.627448,0.296417,-0.210785,0.339419,-0.23011,-0.053389,-0.032956,0.344693,-0.028549,-0.23011,0.027113,-0.266972
0.627097,0.296417,0.339419,-0.23011,-0.053389,-0.032956,0.344693,-0.028549,-0.23011,0.027113,-0.266972,0.036752
0.624266,0.296417,-0.23011,-0.053389,-0.032956,0.344693,-0.028549,-0.23011,0.027113,-0.266972,0.036752,0.271596
0.6246,0.296417,-0.053389,-0.032956,0.344693,-0.028549,-0.23011,0.027113,-0.266972,0.036752,0.271596,-0.169342
0.621312,0.296417,-0.032956,0.344693,-0.028549,-0.23011,0.027113,-0.266972,0.036752,0.271596,-0.169342,-0.353142
0.621766,0.296417,0.344693,-0.028549,-0.23011,0.027113,-0.266972,0.036752,0.271596,-0.169342,-0.353142,0.020775
0.625115,0.296417,-0.028549,-0.23011,0.027113,-0.266972,0.036752,0.271596,-0.169342,-0.353142,0.020775,0.389231
0.62303,0.296417,-0.23011,0.027113,-0.266972,0.036752,0.271596,-0.169342,-0.353142,0.020775,0.389231,-0.035321
0.618676,0.296417,0.027113,-0.266972,0.036752,0.271596,-0.169342,-0.353142,0.020775,0.389231,-0.035321,-0.055519
0.618933,0.296417,-0.266972,0.036752,0.271596,-0.169342,-0.353142,0.020775,0.389231,-0.035321,-0.055519,0.067162
0.623738,0.296417,0.036752,0.271596,-0.169342,-0.353142,0.020775,0.389231,-0.035321,-0.055519,0.067162,0.007179
0.623302,0.296417,0.271596,-0.169342,-0.353142,0.020775,0.389231,-0.035321,-0.055519,0.067162,0.007179,-0.149956
0.622618,0.296417,-0.169342,-0.353142,0.020775,0.389231,-0.035321,-0.055519,0.067162,0.007179,-0.149956,0.345255
0.623445,0.296417,-0.353142,0.020775,0.389231,-0.035321,-0.055519,0.067162,0.007179,-0.149956,0.345255,-0.436569
0.623533,0.296417,0.020775,0.389231,-0.035321,-0.055519,0.067162,0.007179,-0.149956,0.345255,-0.436569,0.006825
0.621684,0.296417,0.389231,-0.035321,-0.055519,0.067162,0.007179,-0.149956,0.345255,-0.436569,0.006825,-0.092373
0.62594,0.296417,-0.035321,-0.055519,0.067162,0.007179,-0.149956,0.345255,-0.436569,0.006825,-0.092373,0.449749
0.620562,0.296417,-0.055519,0.067162,0.007179,-0.149956,0.345255,-0.436569,0.006825,-0.092373,0.449749,-0.135533
0.620646,0.296417,0.067162,0.007179,-0.149956,0.345255,-0.436569,0.006825,-0.092373,0.449749,-0.135533,0.058215
0.619507,0.296417,0.007179,-0.149956,0.345255,-0.436569,0.006825,-0.092373,0.449749,-0.135533,0.058215,-0.039974
0.625055,0.296417,-0.149956,0.345255,-0.436569,0.006825,-0.092373,0.449749,-0.135533,0.058215,-0.039974,-0.053019
0.623384,0.296417,0.345255,-0.436569,0.006825,-0.092373,0.449749,-0.135533,0.058215,-0.039974,-0.053019,0.003313
0.624101,0.296417,-0.436569,0.006825,-0.092373,0.449749,-0.135533,0.058215,-0.039974,-0.053019,0.003313,0.514593
0.62361,0.296417,0.006825,-0.092373,0.449749,-0.135533,0.058215,-0.039974,-0.053019,0.003313,0.514593,-0.35851
0.622957,0.296417,-0.092373,0.449749,-0.135533,0.058215,-0.039974,-0.053019,0.003313,0.514593,-0.35851,-0.180723
0.622998,0.296417,0.449749,-0.135533,0.058215,-0.039974,-0.053019,0.003313,0.514593,-0.35851,-0.180723,-0.199429
0.629333,0.296417,-0.135533,0.058215,-0.039974,-0.053019,0.003313,0.514593,-0.35851,-0.180723,-0.199429,0.229722
0.624927,0.296417,0.058215,-0.039974,-0.053019,0.003313,0.514593,-0.35851,-0.180723,-0.199429,0.229722,-0.068638
0.622703,0.296417,-0.039974,-0.053019,0.003313,0.514593,-0.35851,-0.180723,-0.199429,0.229722,-0.068638,-0.042192
0.620245,0.296417,-0.053019,0.003313,0.514593,-0.35851,-0.180723,-0.199429,0.229722,-0.068638,-0.042192,0.046944
0.62308,0.296417,0.003313,0.514593,-0.35851,-0.180723,-0.199429,0.229722,-0.068638,-0.042192,0.046944,-0.046109
0.622233,0.296417,0.514593,-0.35851,-0.180723,-0.199429,0.229722,-0.068638,-0.042192,0.046944,-0.046109,-0.036408
0.621713,0.296417,-0.35851,-0.180723,-0.199429,0.229722,-0.068638,-0.042192,0.046944,-0.046109,-0.036408,0.492627
0.622291,0.296417,-0.180723,-0.199429,0.229722,-0.068638,-0.042192,0.046944,-0.046109,-0.036408,0.492627,-0.350714
0.621723,0.296417,-0.199429,0.229722,-0.068638,-0.042192,0.046944,-0.046109,-0.036408,0.492627,-0.350714,-0.039921
0.621273,0.296417,0.229722,-0.068638,-0.042192,0.046944,-0.046109,-0.036408,0.492627,-0.350714,-0.039921,-0.059508
0.627345,0.296417,-0.068638,-0.042192,0.046944,-0.046109,-0.036408,0.492627,-0.350714,-0.039921,-0.059508,0.377526
0.62303,0.296417,-0.042192,0.046944,-0.046109,-0.036408,0.492627,-0.350714,-0.039921,-0.059508,0.377526,-0.109004
0.622538,0.296417,0.046944,-0.046109,-0.036408,0.492627,-0.350714,-0.039921,-0.059508,0.377526,-0.109004,-0.102429
0.621805,0.296417,-0.046109,-0.036408,0.492627,-0.350714,-0.039921,-0.059508,0.377526,-0.109004,-0.102429,0.094213
0.626457,0.296417,-0.036408,0.492627,-0.350714,-0.039921,-0.059508,0.377526,-0.109004,-0.102429,0.094213,-0.140323
0.625115,0.296417,0.492627,-0.350714,-0.039921,-0.059508,0.377526,-0.109004,-0.102429,0.094213,-0.140323,-0.016725
0.623854,0.296417,-0.350714,-0.039921,-0.059508,0.377526,-0.109004,-0.102429,0.094213,-0.140323,-0.016725,0.440484
0.625013,0.296417,-0.039921,-0.059508,0.377526,-0.109004,-0.102429,0.094213,-0.140323,-0.016725,0.440484,-0.331226
0.623286,0.296417,-0.059508,0.377526,-0.109004,-0.102429,0.094213,-0.140323,-0.016725,0.440484,-0.331226,-0.100288
0.62308,0.296417,0.377526,-0.109004,-0.102429,0.094213,-0.140323,-0.016725,0.440484,-0.331226,-0.100288,-0.04628
0.628504,0.296417,-0.109004,-0.102429,0.094213,-0.140323,-0.016725,0.440484,-0.331226,-0.100288,-0.04628,0.357842
0.624431,0.296417,-0.102429,0.094213,-0.140323,-0.016725,0.440484,-0.331226,-0.100288,-0.04628,0.357842,-0.115783
0.623197,0.296417,0.094213,-0.140323,-0.016725,0.440484,-0.331226,-0.100288,-0.04628,0.357842,-0.115783,-0.042094
0.622627,0.296417,-0.140323,-0.016725,0.440484,-0.331226,-0.100288,-0.04628,0.357842,-0.115783,-0.042094,0.02718
0.627035,0.296417,-0.016725,0.440484,-0.331226,-0.100288,-0.04628,0.357842,-0.115783,-0.042094,0.02718,-0.12707
0.62561,0.296417,0.440484,-0.331226,-0.100288,-0.04628,0.357842,-0.115783,-0.042094,0.02718,-0.12707,-0.030172
0.625092,0.296417,-0.331226,-0.100288,-0.04628,0.357842,-0.115783,-0.042094,0.02718,-0.12707,-0.030172,0.447601
0.625426,0.296417,-0.100288,-0.04628,0.357842,-0.115783,-0.042094,0.02718,-0.12707,-0.030172,0.447601,-0.304636
0.623863,0.296417,-0.04628,0.357842,-0.115783,-0.042094,0.02718,-0.12707,-0.030172,0.447601,-0.304636,-0.167432
0.623491,0.296417,0.357842,-0.115783,-0.042094,0.02718,-0.12707,-0.030172,0.447601,-0.304636,-0.167432,0.027271
0.629001,0.296417,-0.115783,-0.042094,0.02718,-0.12707,-0.030172,0.447601,-0.304636,-0.167432,0.027271,0.244102
0.625257,0.296417,-0.042094,0.02718,-0.12707,-0.030172,0.447601,-0.304636,-0.167432,0.027271,0.244102,-0.001719
0.623197,0.296417,0.02718,-0.12707,-0.030172,0.447601,-0.304636,-0.167432,0.027271,0.244102,-0.001719,-0.176336
0.623533,0.296417,-0.12707,-0.030172,0.447601,-0.304636,-0.167432,0.027271,0.244102,-0.001719,-0.176336,0.060694
0.62654,0.296417,-0.030172,0.447601,-0.304636,-0.167432,0.027271,0.244102,-0.001719,-0.176336,0.060694,-0.106868
0.626518,0.296417,0.447601,-0.304636,-0.167432,0.027271,0.244102,-0.001719,-0.176336,0.060694,-0.106868,-0.090161
0.624349,0.296417,-0.304636,-0.167432,0.027271,0.244102,-0.001719,-0.176336,0.060694,-0.106868,-0.090161,0.453597
0.625095,0.296417,-0.167432,0.027271,0.244102,-0.001719,-0.176336,0.060694,-0.106868,-0.090161,0.453597,-0.364603
0.62378,0.296417,0.027271,0.244102,-0.001719,-0.176336,0.060694,-0.106868,-0.090161,0.453597,-0.364603,-0.160344
0.622669,0.296417,0.244102,-0.001719,-0.176336,0.060694,-0.106868,-0.090161,0.453597,-0.364603,-0.160344,-0.364688
0.628256,0.296417,-0.001719,-0.176336,0.060694,-0.106868,-0.090161,0.453597,-0.364603,-0.160344,-0.364688,0.010601
0.623771,0.296417,-0.176336,0.060694,-0.106868,-0.090161,0.453597,-0.364603,-0.160344,-0.364688,0.010601,-0.219701
0.621797,0.296417,0.060694,-0.106868,-0.090161,0.453597,-0.364603,-0.160344,-0.364688,0.010601,-0.219701,0.056392
0.617296,0.296417,-0.106868,-0.090161,0.453597,-0.364603,-0.160344,-0.364688,0.010601,-0.219701,0.056392,0.019805
0.617428,0.296417,-0.090161,0.453597,-0.364603,-0.160344,-0.364688,0.010601,-0.219701,0.056392,0.019805,-0.091102
0.614706,0.296417,0.453597,-0.364603,-0.160344,-0.364688,0.010601,-0.219701,0.056392,0.019805,-0.091102,-0.100523
0.615404,0.296417,-0.364603,-0.160344,-0.364688,0.010601,-0.219701,0.056392,0.019805,-0.091102,-0.100523,0.279862
0.615649,0.296417,-0.160344,-0.364688,0.010601,-0.219701,0.056392,0.019805,-0.091102,-0.100523,0.279862,-0.390862
0.614522,0.296417,-0.364688,0.010601,-0.219701,0.056392,0.019805,-0.091102,-0.100523,0.279862,-0.390862,-0.078718
0.613275,0.296417,0.010601,-0.219701,0.056392,0.019805,-0.091102,-0.100523,0.279862,-0.390862,-0.078718,-0.011569
0.616744,0.296417,-0.219701,0.056392,0.019805,-0.091102,-0.100523,0.279862,-0.390862,-0.078718,-0.011569,0.371285
0.611903,0.296417,0.056392,0.019805,-0.091102,-0.100523,0.279862,-0.390862,-0.078718,-0.011569,0.371285,-0.107659
0.610926,0.296417,0.019805,-0.091102,-0.100523,0.279862,-0.390862,-0.078718,-0.011569,0.371285,-0.107659,-0.068675
0.610783,0.296417,-0.091102,-0.100523,0.279862,-0.390862,-0.078718,-0.011569,0.371285,-0.107659,-0.068675,-0.026345
0.615389,0.296417,-0.100523,0.279862,-0.390862,-0.078718,-0.011569,0.371285,-0.107659,-0.068675,-0.026345,-0.057657
0.614055,0.296417,0.279862,-0.390862,-0.078718,-0.011569,0.371285,-0.107659,-0.068675,-0.026345,-0.057657,-0.080213
0.613204,0.296417,-0.390862,-0.078718,-0.011569,0.371285,-0.107659,-0.068675,-0.026345,-0.057657,-0.080213,0.396955
0.612877,0.296417,-0.078718,-0.011569,0.371285,-0.107659,-0.068675,-0.026345,-0.057657,-0.080213,0.396955,-0.5537
0.612163,0.296417,-0.011569,0.371285,-0.107659,-0.068675,-0.026345,-0.057657,-0.080213,0.396955,-0.5537,-0.091425
0.611166,0.296417,0.371285,-0.107659,-0.068675,-0.026345,-0.057657,-0.080213,0.396955,-0.5537,-0.091425,-0.218785
0.616091,0.296417,-0.107659,-0.068675,-0.026345,-0.057657,-0.080213,0.396955,-0.5537,-0.091425,-0.218785,0.303217
0.609225,0.296417,-0.068675,-0.026345,-0.057657,-0.080213,0.396955,-0.5537,-0.091425,-0.218785,0.303217,-0.204064
0.60809,0.296417,-0.026345,-0.057657,-0.080213,0.396955,-0.5537,-0.091425,-0.218785,0.303217,-0.204064,0.028771
0.605368,0.296417,-0.057657,-0.080213,0.396955,-0.5537,-0.091425,-0.218785,0.303217,-0.204064,0.028771,-0.032721
0.609144,0.296417,-0.080213,0.396955,-0.5537,-0.091425,-0.218785,0.303217,-0.204064,0.028771,-0.032721,-0.095295
0.606603,0.296417,0.396955,-0.5537,-0.091425,-0.218785,0.303217,-0.204064,0.028771,-0.032721,-0.095295,-0.123406
0.606961,0.296417,-0.5537,-0.091425,-0.218785,0.303217,-0.204064,0.028771,-0.032721,-0.095295,-0.123406,0.508056
0.606554,0.296417,-0.091425,-0.218785,0.303217,-0.204064,0.028771,-0.032721,-0.095295,-0.123406,0.508056,-0.322039
0.605368,0.296417,-0.218785,0.303217,-0.204064,0.028771,-0.032721,-0.095295,-0.123406,0.508056,-0.322039,-0.14922
0.603829,0.296417,0.303217,-0.204064,0.028771,-0.032721,-0.095295,-0.123406,0.508056,-0.322039,-0.14922,-0.030239
0.610158,0.296417,-0.204064,0.028771,-0.032721,-0.095295,-0.123406,0.508056,-0.322039,-0.14922,-0.030239,0.296106
0.606154,0.314545,0.028771,-0.032721,-0.095295,-0.123406,0.508056,-0.322039,-0.14922,-0.030239,0.296106,-0.261611
0.604296,0.314545,-0.032721,-0.095295,-0.123406,0.508056,-0.322039,-0.14922,-0.030239,0.296106,-0.261611,-0.287097
0.60392,0.314545,-0.095295,-0.123406,0.508056,-0.322039,-0.14922,-0.030239,0.296106,-0.261611,-0.287097,-0.275682
0.60761,0.314545,-0.123406,0.508056,-0.322039,-0.14922,-0.030239,0.296106,-0.261611,-0.287097,-0.275682,-0.270597
0.604349,0.314545,0.508056,-0.322039,-0.14922,-0.030239,0.296106,-0.261611,-0.287097,-0.275682,-0.270597,0.038362
0.600766,0.314545,-0.322039,-0.14922,-0.030239,0.296106,-0.261611,-0.287097,-0.275682,-0.270597,0.038362,0.466409
0.597322,0.314545,-0.14922,-0.030239,0.296106,-0.261611,-0.287097,-0.275682,-0.270597,0.038362,0.466409,-0.29806
0.593932,0.314545,-0.030239,0.296106,-0.261611,-0.287097,-0.275682,-0.270597,0.038362,0.466409,-0.29806,-0.146819
0.594414,0.314545,0.296106,-0.261611,-0.287097,-0.275682,-0.270597,0.038362,0.466409,-0.29806,-0.146819,0.015454
0.600259,0.314545,-0.261611,-0.287097,-0.275682,-0.270597,0.038362,0.466409,-0.29806,-0.146819,0.015454,0.038294
0.59653,0.314545,-0.287097,-0.275682,-0.270597,0.038362,0.466409,-0.29806,-0.146819,0.015454,0.038294,-0.130516
0.594692,0.314545,-0.275682,-0.270597,0.038362,0.466409,-0.29806,-0.146819,0.015454,0.038294,-0.130516,-0.080787
0.594885,0.314545,-0.270597,0.038362,0.466409,-0.29806,-0.146819,0.015454,0.038294,-0.130516,-0.080787,0.119727
0.595366,0.314545,0.038362,0.466409,-0.29806,-0.146819,0.015454,0.038294,-0.130516,-0.080787,0.119727,-0.104771
0.593727,0.314545,0.466409,-0.29806,-0.146819,0.015454,0.038294,-0.130516,-0.080787,0.119727,-0.104771,-0.005726
0.592713,0.314545,-0.29806,-0.146819,0.015454,0.038294,-0.130516,-0.080787,0.119727,-0.104771,-0.005726,0.420309
0.594214,0.314545,-0.146819,0.015454,0.038294,-0.130516,-0.080787,0.119727,-0.104771,-0.005726,0.420309,-0.309751
0.5929,0.314545,0.015454,0.038294,-0.130516,-0.080787,0.119727,-0.104771,-0.005726,0.420309,-0.309751,-0.247275
0.592828,0.314545,0.038294,-0.130516,-0.080787,0.119727,-0.104771,-0.005726,0.420309,-0.309751,-0.247275,-0.260701
0.598103,0.314545,-0.130516,-0.080787,0.119727,-0.104771,-0.005726,0.420309,-0.309751,-0.247275,-0.260701,0.314473
0.594222,0.314545,-0.080787,0.119727,-0.104771,-0.005726,0.420309,-0.309751,-0.247275,-0.260701,0.314473,-0.317693
0.59112,0.314545,0.119727,-0.104771,-0.005726,0.420309,-0.309751,-0.247275,-0.260701,0.314473,-0.317693,-0.011721
0.587841,0.314545,-0.104771,-0.005726,0.420309,-0.309751,-0.247275,-0.260701,0.314473,-0.317693,-0.011721,-0.231952
0.5918,0.314545,-0.005726,0.420309,-0.309751,-0.247275,-0.260701,0.314473,-0.317693,-0.011721,-0.231952,0.022185
0.587799,0.314545,0.420309,-0.309751,-0.247275,-0.260701,0.314473,-0.317693,-0.011721,-0.231952,0.022185,-0.079068
0.587652,0.314545,-0.309751,-0.247275,-0.260701,0.314473,-0.317693,-0.011721,-0.231952,0.022185,-0.079068,0.312598
0.58473,0.314545,-0.247275,-0.260701,0.314473,-0.317693,-0.011721,-0.231952,0.022185,-0.079068,0.312598,-0.528133
0.58501,0.314545,-0.260701,0.314473,-0.317693,-0.011721,-0.231952,0.022185,-0.079068,0.312598,-0.528133,-0.278584
0.584011,0.314545,0.314473,-0.317693,-0.011721,-0.231952,0.022185,-0.079068,0.312598,-0.528133,-0.278584,-0.124767
0.587957,0.314545,-0.317693,-0.011721,-0.231952,0.022185,-0.079068,0.312598,-0.528133,-0.278584,-0.124767,0.450758
0.581292,0.314545,-0.011721,-0.231952,0.022185,-0.079068,0.312598,-0.528133,-0.278584,-0.124767,0.450758,-0.122104
0.577768,0.314545,-0.231952,0.022185,-0.079068,0.312598,-0.528133,-0.278584,-0.124767,0.450758,-0.122104,0.05563
0.576187,0.314545,0.022185,-0.079068,0.312598,-0.528133,-0.278584,-0.124767,0.450758,-0.122104,0.05563,0.042404
0.5819,0.314545,-0.079068,0.312598,-0.528133,-0.278584,-0.124767,0.450758,-0.122104,0.05563,0.042404,-0.107467
0.580354,0.314545,0.312598,-0.528133,-0.278584,-0.124767,0.450758,-0.122104,0.05563,0.042404,-0.107467,0.045231
0.581058,0.314545,-0.528133,-0.278584,-0.124767,0.450758,-0.122104,0.05563,0.042404,-0.107467,0.045231,0.484676
0.581593,0.314545,-0.278584,-0.124767,0.450758,-0.122104,0.05563,0.042404,-0.107467,0.045231,0.484676,-0.316834
0.580235,0.314545,-0.124767,0.450758,-0.122104,0.05563,0.042404,-0.107467,0.045231,0.484676,-0.316834,-0.143482
0.580807,0.314545,0.450758,-0.122104,0.05563,0.042404,-0.107467,0.045231,0.484676,-0.316834,-0.143482,0.034703
0.586934,0.314545,-0.122104,0.05563,0.042404,-0.107467,0.045231,0.484676,-0.316834,-0.143482,0.034703,0.404838
0.582936,0.314545,0.05563,0.042404,-0.107467,0.045231,0.484676,-0.316834,-0.143482,0.034703,0.404838,-0.178737
0.581124,0.314545,0.042404,-0.107467,0.045231,0.484676,-0.316834,-0.143482,0.034703,0.404838,-0.178737,-0.036838
0.581563,0.314545,-0.107467,0.045231,0.484676,-0.316834,-0.143482,0.034703,0.404838,-0.178737,-0.036838,0.036481
0.586677,0.314545,0.045231,0.484676,-0.316834,-0.143482,0.034703,0.404838,-0.178737,-0.036838,0.036481,-0.071044
0.584421,0.344147,0.484676,-0.316834,-0.143482,0.034703,0.404838,-0.178737,-0.036838,0.036481,-0.071044,-0.047742
0.583956,0.344147,-0.316834,-0.143482,0.034703,0.404838,-0.178737,-0.036838,0.036481,-0.071044,-0.047742,0.549426
0.584416,0.344147,-0.143482,0.034703,0.404838,-0.178737,-0.036838,0.036481,-0.071044,-0.047742,0.549426,-0.355695
0.583519,0.344147,0.034703,0.404838,-0.178737,-0.036838,0.036481,-0.071044,-0.047742,0.549426,-0.355695,-0.137846
0.582916,0.344147,0.404838,-0.178737,-0.036838,0.036481,-0.071044,-0.047742,0.549426,-0.355695,-0.137846,0.009788
0.589849,0.344147,-0.178737,-0.036838,0.036481,-0.071044,-0.047742,0.549426,-0.355695,-0.137846,0.009788,0.462587
0.585369,0.344147,-0.036838,0.036481,-0.071044,-0.047742,0.549426,-0.355695,-0.137846,0.009788,0.462587,-0.148284
0.583631,0.344147,0.036481,-0.071044,-0.047742,0.549426,-0.355695,-0.137846,0.009788,0.462587,-0.148284,-0.042986
0.583754,0.344147,-0.071044,-0.047742,0.549426,-0.355695,-0.137846,0.009788,0.462587,-0.148284,-0.042986,0.017998
0.589589,0.344147,-0.047742,0.549426,-0.355695,-0.137846,0.009788,0.462587,-0.148284,-0.042986,0.017998,-0.00919
0.587721,0.344147,0.549426,-0.355695,-0.137846,0.009788,0.462587,-0.148284,-0.042986,0.017998,-0.00919,-0.067248
0.587179,0.344147,-0.355695,-0.137846,0.009788,0.462587,-0.148284,-0.042986,0.017998,-0.00919,-0.067248,0.245241
0.587406,0.344147,-0.137846,0.009788,0.462587,-0.148284,-0.042986,0.017998,-0.00919,-0.067248,0.245241,-0.17452
0.58729,0.344147,0.009788,0.462587,-0.148284,-0.042986,0.017998,-0.00919,-0.067248,0.245241,-0.17452,-0.517324
0.586442,0.344147,0.462587,-0.148284,-0.042986,0.017998,-0.00919,-0.067248,0.245241,-0.17452,-0.517324,0.121332
0.589534,0.344147,-0.148284,-0.042986,0.017998,-0.00919,-0.067248,0.245241,-0.17452,-0.517324,0.121332,0.417832
0.587337,0.344147,-0.042986,0.017998,-0.00919,-0.067248,0.245241,-0.17452,-0.517324,0.121332,0.417832,-0.054456
0.580811,0.344147,0.017998,-0.00919,-0.067248,0.245241,-0.17452,-0.517324,0.121332,0.417832,-0.054456,-0.030517
0.582345,0.344147,-0.00919,-0.067248,0.245241,-0.17452,-0.517324,0.121332,0.417832,-0.054456,-0.030517,0.061764
0.587621,0.344147,-0.067248,0.245241,-0.17452,-0.517324,0.121332,0.417832,-0.054456,-0.030517,0.061764,-0.052919
0.586934,0.344147,0.245241,-0.17452,-0.517324,0.121332,0.417832,-0.054456,-0.030517,0.061764,-0.052919,0.051198
0.586549,0.344147,-0.17452,-0.517324,0.121332,0.417832,-0.054456,-0.030517,0.061764,-0.052919,0.051198,0.497521
0.587327,0.344147,-0.517324,0.121332,0.417832,-0.054456,-0.030517,0.061764,-0.052919,0.051198,0.497521,-0.320153
0.58666,0.344147,0.121332,0.417832,-0.054456,-0.030517,0.061764,-0.052919,0.051198,0.497521,-0.320153,-0.176423
0.587306,0.344147,0.417832,-0.054456,-0.030517,0.061764,-0.052919,0.051198,0.497521,-0.320153,-0.176423,0.078444
0.593569,0.344147,-0.054456,-0.030517,0.061764,-0.052919,0.051198,0.497521,-0.320153,-0.176423,0.078444,0.466004
0.589546,0.344147,-0.030517,0.061764,-0.052919,0.051198,0.497521,-0.320153,-0.176423,0.078444,0.466004,-0.243578
0.587327,0.344147,0.061764,-0.052919,0.051198,0.497521,-0.320153,-0.176423,0.078444,0.466004,-0.243578,0.026356
0.588314,0.344147,-0.052919,0.051198,0.497521,-0.320153,-0.176423,0.078444,0.466004,-0.243578,0.026356,0.018267
0.594175,0.344147,0.051198,0.497521,-0.320153,-0.176423,0.078444,0.466004,-0.243578,0.026356,0.018267,-0.041119
0.591114,0.344147,0.497521,-0.320153,-0.176423,0.078444,0.466004,-0.243578,0.026356,0.018267,-0.041119,-0.087043
0.591445,0.344147,-0.320153,-0.176423,0.078444,0.466004,-0.243578,0.026356,0.018267,-0.041119,-0.087043,0.627447
0.591674,0.344147,-0.176423,0.078444,0.466004,-0.243578,0.026356,0.018267,-0.041119,-0.087043,0.627447,-0.706869
0.591158,0.344147,0.078444,0.466004,-0.243578,0.026356,0.018267,-0.041119,-0.087043,0.627447,-0.706869,-0.02586
0.590062,0.344147,0.466004,-0.243578,0.026356,0.018267,-0.041119,-0.087043,0.627447,-0.706869,-0.02586,-0.203222
0.597943,0.344147,-0.243578,0.026356,0.018267,-0.041119,-0.087043,0.627447,-0.706869,-0.02586,-0.203222,0.201006
0.589072,0.344147,0.026356,0.018267,-0.041119,-0.087043,0.627447,-0.706869,-0.02586,-0.203222,0.201006,-0.141868
0.588747,0.344147,0.018267,-0.041119,-0.087043,0.627447,-0.706869,-0.02586,-0.203222,0.201006,-0.141868,-0.279608
0.586188,0.344147,-0.041119,-0.087043,0.627447,-0.706869,-0.02586,-0.203222,0.201006,-0.141868,-0.279608,0.198502
0.588722,0.344147,-0.087043,0.627447,-0.706869,-0.02586,-0.203222,0.201006,-0.141868,-0.279608,0.198502,-0.17707
0.586934,0.344147,0.627447,-0.706869,-0.02586,-0.203222,0.201006,-0.141868,-0.279608,0.198502,-0.17707,0.156836
0.583406,0.344147,-0.706869,-0.02586,-0.203222,0.201006,-0.141868,-0.279608,0.198502,-0.17707,0.156836,0.470658
0.585909,0.344147,-0.02586,-0.203222,0.201006,-0.141868,-0.279608,0.198502,-0.17707,0.156836,0.470658,-0.244
0.583676,0.344147,-0.203222,0.201006,-0.141868,-0.279608,0.198502,-0.17707,0.156836,0.470658,-0.244,-0.213582
0.585657,0.344147,0.201006,-0.141868,-0.279608,0.198502,-0.17707,0.156836,0.470658,-0.244,-0.213582,0.090827
0.591588,0.344147,-0.141868,-0.279608,0.198502,-0.17707,0.156836,0.470658,-0.244,-0.213582,0.090827,0.584878
0.58852,0.344147,-0.279608,0.198502,-0.17707,0.156836,0.470658,-0.244,-0.213582,0.090827,0.584878,-0.444325
0.585831,0.344147,0.198502,-0.17707,0.156836,0.470658,-0.244,-0.213582,0.090827,0.584878,-0.444325,0.139097
0.586975,0.344147,-0.17707,0.156836,0.470658,-0.244,-0.213582,0.090827,0.584878,-0.444325,0.139097,-0.006983
0.594334,0.344147,0.156836,0.470658,-0.244,-0.213582,0.090827,0.584878,-0.444325,0.139097,-0.006983,-0.109995
0.588745,0.344147,0.470658,-0.244,-0.213582,0.090827,0.584878,-0.444325,0.139097,-0.006983,-0.109995,-0.005182
0.590495,0.344147,-0.244,-0.213582,0.090827,0.584878,-0.444325,0.139097,-0.006983,-0.109995,-0.005182,0.524536
0.590407,0.344147,-0.213582,0.090827,0.584878,-0.444325,0.139097,-0.006983,-0.109995,-0.005182,0.524536,-0.37154
0.589024,0.344147,0.090827,0.584878,-0.444325,0.139097,-0.006983,-0.109995,-0.005182,0.524536,-0.37154,-0.233306
0.588959,0.344147,0.584878,-0.444325,0.139097,-0.006983,-0.109995,-0.005182,0.524536,-0.37154,-0.233306,0.065951
0.595554,0.344147,-0.444325,0.139097,-0.006983,-0.109995,-0.005182,0.524536,-0.37154,-0.233306,0.065951,0.41581
0.590891,0.344147,0.139097,-0.006983,-0.109995,-0.005182,0.524536,-0.37154,-0.233306,0.065951,0.41581,-0.224681
0.587958,0.344147,-0.006983,-0.109995,-0.005182,0.524536,-0.37154,-0.233306,0.065951,0.41581,-0.224681,-0.11838
0.588788,0.344147,-0.109995,-0.005182,0.524536,-0.37154,-0.233306,0.065951,0.41581,-0.224681,-0.11838,-0.044719
0.594017,0.344147,-0.005182,0.524536,-0.37154,-0.233306,0.065951,0.41581,-0.224681,-0.11838,-0.044719,-0.165904
0.591193,0.344147,0.524536,-0.37154,-0.233306,0.065951,0.41581,-0.224681,-0.11838,-0.044719,-0.165904,-0.222466
0.589704,0.344147,-0.37154,-0.233306,0.065951,0.41581,-0.224681,-0.11838,-0.044719,-0.165904,-0.222466,0.563496
0.589142,0.344147,-0.233306,0.065951,0.41581,-0.224681,-0.11838,-0.044719,-0.165904,-0.222466,0.563496,-0.909064
0.587054,0.344147,0.065951,0.41581,-0.224681,-0.11838,-0.044719,-0.165904,-0.222466,0.563496,-0.909064,-0.19194
0.584246,0.344147,0.41581,-0.224681,-0.11838,-0.044719,-0.165904,-0.222466,0.563496,-0.909064,-0.19194,-0.265164
0.591351,0.344147,-0.224681,-0.11838,-0.044719,-0.165904,-0.222466,0.563496,-0.909064,-0.19194,-0.265164,0.560016
0.579886,0.344147,-0.11838,-0.044719,-0.165904,-0.222466,0.563496,-0.909064,-0.19194,-0.265164,0.560016,-0.434445
0.577457,0.344147,-0.044719,-0.165904,-0.222466,0.563496,-0.909064,-0.19194,-0.265164,0.560016,-0.434445,0.208113
0.574093,0.344147,-0.165904,-0.222466,0.563496,-0.909064,-0.19194,-0.265164,0.560016,-0.434445,0.208113,0.054434
0.581197,0.344147,-0.222466,0.563496,-0.909064,-0.19194,-0.265164,0.560016,-0.434445,0.208113,0.054434,-0.039134
0.575687,0.344147,0.563496,-0.909064,-0.19194,-0.265164,0.560016,-0.434445,0.208113,0.054434,-0.039134,0.045298
0.578326,0.344147,-0.909064,-0.19194,-0.265164,0.560016,-0.434445,0.208113,0.054434,-0.039134,0.045298,0.582508
0.579015,0.344147,-0.19194,-0.265164,0.560016,-0.434445,0.208113,0.054434,-0.039134,0.045298,0.582508,-0.403275
0.57852,0.344147,-0.265164,0.560016,-0.434445,0.208113,0.054434,-0.039134,0.045298,0.582508,-0.403275,-0.149271
0.579094,0.344147,0.560016,-0.434445,0.208113,0.054434,-0.039134,0.045298,0.582508,-0.403275,-0.149271,0.010058
0.586462,0.344147,-0.434445,0.208113,0.054434,-0.039134,0.045298,0.582508,-0.403275,-0.149271,0.010058,0.100663
0.58137,0.344147,0.208113,0.054434,-0.039134,0.045298,0.582508,-0.403275,-0.149271,0.010058,0.100663,-0.152657
0.579483,0.344147,0.054434,-0.039134,0.045298,0.582508,-0.403275,-0.149271,0.010058,0.100663,-0.152657,-0.434919
0.579611,0.344147,-0.039134,0.045298,0.582508,-0.403275,-0.149271,0.010058,0.100663,-0.152657,-0.434919,0.163868
0.580885,0.344147,0.045298,0.582508,-0.403275,-0.149271,0.010058,0.100663,-0.152657,-0.434919,0.163868,-0.215386
0.578951,0.344147,0.582508,-0.403275,-0.149271,0.010058,0.100663,-0.152657,-0.434919,0.163868,-0.215386,0.06983
0.573433,0.344147,-0.403275,-0.149271,0.010058,0.100663,-0.152657,-0.434919,0.163868,-0.215386,0.06983,0.465256
0.575513,0.344147,-0.149271,0.010058,0.100663,-0.152657,-0.434919,0.163868,-0.215386,0.06983,0.465256,-0.276463
0.572778,0.344147,0.010058,0.100663,-0.152657,-0.434919,0.163868,-0.215386,0.06983,0.465256,-0.276463,-0.282082
0.573666,0.344147,0.100663,-0.152657,-0.434919,0.163868,-0.215386,0.06983,0.465256,-0.276463,-0.282082,0.089628
0.579574,0.344147,-0.152657,-0.434919,0.163868,-0.215386,0.06983,0.465256,-0.276463,-0.282082,0.089628,0.436594
0.57607,0.344147,-0.434919,0.163868,-0.215386,0.06983,0.465256,-0.276463,-0.282082,0.089628,0.436594,-0.250137
0.57249,0.344147,0.163868,-0.215386,0.06983,0.465256,-0.276463,-0.282082,0.089628,0.436594,-0.250137,0.011853
0.573629,0.344147,-0.215386,0.06983,0.465256,-0.276463,-0.282082,0.089628,0.436594,-0.250137,0.011853,-0.06233
0.579172,0.344147,0.06983,0.465256,-0.276463,-0.282082,0.089628,0.436594,-0.250137,0.011853,-0.06233,-0.062996
0.575997,0.344147,0.465256,-0.276463,-0.282082,0.089628,0.436594,-0.250137,0.011853,-0.06233,-0.062996,-0.149049
0.576148,0.344147,-0.276463,-0.282082,0.089628,0.436594,-0.250137,0.011853,-0.06233,-0.062996,-0.149049,0.587219
0.575357,0.344147,-0.282082,0.089628,0.436594,-0.250137,0.011853,-0.06233,-0.062996,-0.149049,0.587219,-0.447967
0.574558,0.344147,0.089628,0.436594,-0.250137,0.011853,-0.06233,-0.062996,-0.149049,0.587219,-0.447967,-0.202277
0.572662,0.344147,0.436594,-0.250137,0.011853,-0.06233,-0.062996,-0.149049,0.587219,-0.447967,-0.202277,0.016602
0.58012,0.344147,-0.250137,0.011853,-0.06233,-0.062996,-0.149049,0.587219,-0.447967,-0.202277,0.016602,0.527432
0.57444,0.344147,0.011853,-0.06233,-0.062996,-0.149049,0.587219,-0.447967,-0.202277,0.016602,0.527432,-0.693075
0.571871,0.344147,-0.06233,-0.062996,-0.149049,0.587219,-0.447967,-0.202277,0.016602,0.527432,-0.693075,0.144503
0.572082,0.384949,-0.062996,-0.149049,0.587219,-0.447967,-0.202277,0.016602,0.527432,-0.693075,0.144503,-0.328192
0.578783,0.384949,-0.149049,0.587219,-0.447967,-0.202277,0.016602,0.527432,-0.693075,0.144503,-0.328192,0.065031
0.569969,0.384949,0.587219,-0.447967,-0.202277,0.016602,0.527432,-0.693075,0.144503,-0.328192,0.065031,-0.212447
0.571809,0.384949,-0.447967,-0.202277,0.016602,0.527432,-0.693075,0.144503,-0.328192,0.065031,-0.212447,0.731069
0.567631,0.384949,-0.202277,0.016602,0.527432,-0.693075,0.144503,-0.328192,0.065031,-0.212447,0.731069,-0.516663
0.56846,0.384949,0.016602,0.527432,-0.693075,0.144503,-0.328192,0.065031,-0.212447,0.731069,-0.516663,-0.079738
0.565747,0.384949,0.527432,-0.693075,0.144503,-0.328192,0.065031,-0.212447,0.731069,-0.516663,-0.079738,-0.025334
0.575067,0.384949,-0.693075,0.144503,-0.328192,0.065031,-0.212447,0.731069,-0.516663,-0.079738,-0.025334,0.61437
0.568494,0.384949,0.144503,-0.328192,0.065031,-0.212447,0.731069,-0.516663,-0.079738,-0.025334,0.61437,-0.47806
0.567478,0.384949,-0.328192,0.065031,-0.212447,0.731069,-0.516663,-0.079738,-0.025334,0.61437,-0.47806,0.156217
0.567154,0.384949,0.065031,-0.212447,0.731069,-0.516663,-0.079738,-0.025334,0.61437,-0.47806,0.156217,-0.092135
0.574981,0.384949,-0.212447,0.731069,-0.516663,-0.079738,-0.025334,0.61437,-0.47806,0.156217,-0.092135,-0.037715
0.568892,0.384949,0.731069,-0.516663,-0.079738,-0.025334,0.61437,-0.47806,0.156217,-0.092135,-0.037715,-0.152891
0.570882,0.384949,-0.516663,-0.079738,-0.025334,0.61437,-0.47806,0.156217,-0.092135,-0.037715,-0.152891,0.629543
0.56971,0.384949,-0.079738,-0.025334,0.61437,-0.47806,0.156217,-0.092135,-0.037715,-0.152891,0.629543,-0.48668
0.56923,0.384949,-0.025334,0.61437,-0.47806,0.156217,-0.092135,-0.037715,-0.152891,0.629543,-0.48668,-0.188333
0.567279,0.384949,0.61437,-0.47806,0.156217,-0.092135,-0.037715,-0.152891,0.629543,-0.48668,-0.188333,0.028874
0.5753,0.384949,-0.47806,0.156217,-0.092135,-0.037715,-0.152891,0.629543,-0.48668,-0.188333,0.028874,0.178113
0.569109,0.384949,0.156217,-0.092135,-0.037715,-0.152891,0.629543,-0.48668,-0.188333,0.028874,0.178113,-0.174261
0.566709,0.384949,-0.092135,-0.037715,-0.152891,0.629543,-0.48668,-0.188333,0.028874,0.178113,-0.174261,-0.360816
0.567078,0.384949,-0.037715,-0.152891,0.629543,-0.48668,-0.188333,0.028874,0.178113,-0.174261,-0.360816,0.172163
0.569351,0.384949,-0.152891,0.629543,-0.48668,-0.188333,0.028874,0.178113,-0.174261,-0.360816,0.172163,-0.138562
0.567126,0.384949,0.629543,-0.48668,-0.188333,0.028874,0.178113,-0.174261,-0.360816,0.172163,-0.138562,0.045893
0.562515,0.384949,-0.48668,-0.188333,0.028874,0.178113,-0.174261,-0.360816,0.172163,-0.138562,0.045893,0.191073
0.564715,0.384949,-0.188333,0.028874,0.178113,-0.174261,-0.360816,0.172163,-0.138562,0.045893,0.191073,-0.145265
0.562944,0.384949,0.028874,0.178113,-0.174261,-0.360816,0.172163,-0.138562,0.045893,0.191073,-0.145265,-0.602034
0.563532,0.384949,0.178113,-0.174261,-0.360816,0.172163,-0.138562,0.045893,0.191073,-0.145265,-0.602034,0.165038
0.565976,0.384949,-0.174261,-0.360816,0.172163,-0.138562,0.045893,0.191073,-0.145265,-0.602034,0.165038,0.336645
0.56412,0.384949,-0.360816,0.172163,-0.138562,0.045893,0.191073,-0.145265,-0.602034,0.165038,0.336645,0.041466
0.55641,0.384949,0.172163,-0.138562,0.045893,0.191073,-0.145265,-0.602034,0.165038,0.336645,0.041466,-0.317138
0.558528,0.384949,-0.138562,0.045893,0.191073,-0.145265,-0.602034,0.165038,0.336645,0.041466,-0.317138,-0.031153
0.562846,0.384949,0.045893,0.191073,-0.145265,-0.602034,0.165038,0.336645,0.041466,-0.317138,-0.031153,-0.325058
0.563377,0.384949,0.191073,-0.145265,-0.602034,0.165038,0.336645,0.041466,-0.317138,-0.031153,-0.325058,0.069649
0.559315,0.384949,-0.145265,-0.602034,0.165038,0.336645,0.041466,-0.317138,-0.031153,-0.325058,0.069649,0.555109
0.558916,0.384949,-0.602034,0.165038,0.336645,0.041466,-0.317138,-0.031153,-0.325058,0.069649,0.555109,-0.370095
0.554742,0.384949,0.165038,0.336645,0.041466,-0.317138,-0.031153,-0.325058,0.069649,0.555109,-0.370095,-0.184669
0.555638,0.384949,0.336645,0.041466,-0.317138,-0.031153,-0.325058,0.069649,0.555109,-0.370095,-0.184669,0.046816
0.562766,0.384949,0.041466,-0.317138,-0.031153,-0.325058,0.069649,0.555109,-0.370095,-0.184669,0.046816,0.549323
0.558023,0.384949,-0.317138,-0.031153,-0.325058,0.069649,0.555109,-0.370095,-0.184669,0.046816,0.549323,-0.409419
0.555653,0.384949,-0.031153,-0.325058,0.069649,0.555109,-0.370095,-0.184669,0.046816,0.549323,-0.409419,0.104436
0.556254,0.384949,-0.325058,0.069649,0.555109,-0.370095,-0.184669,0.046816,0.549323,-0.409419,0.104436,-0.025224
0.563303,0.385101,0.069649,0.555109,-0.370095,-0.184669,0.046816,0.549323,-0.409419,0.104436,-0.025224,-0.053881
0.558051,0.385101,0.555109,-0.370095,-0.184669,0.046816,0.549323,-0.409419,0.104436,-0.025224,-0.053881,-0.095443
0.559391,0.385101,-0.370095,-0.184669,0.046816,0.549323,-0.409419,0.104436,-0.025224,-0.053881,-0.095443,0.580728
0.559068,0.385101,-0.184669,0.046816,0.549323,-0.409419,0.104436,-0.025224,-0.053881,-0.095443,0.580728,-0.47199
0.558377,0.385101,0.046816,0.549323,-0.409419,0.104436,-0.025224,-0.053881,-0.095443,0.580728,-0.47199,-0.167137
0.55715,0.385101,0.549323,-0.409419,0.104436,-0.025224,-0.053881,-0.095443,0.580728,-0.47199,-0.167137,0.029128
0.564599,0.385101,-0.409419,0.104436,-0.025224,-0.053881,-0.095443,0.580728,-0.47199,-0.167137,0.029128,0.1818
0.558555,0.385101,0.104436,-0.025224,-0.053881,-0.095443,0.580728,-0.47199,-0.167137,0.029128,0.1818,-0.159872
0.55641,0.385101,-0.025224,-0.053881,-0.095443,0.580728,-0.47199,-0.167137,0.029128,0.1818,-0.159872,-0.395854
0.556785,0.385101,-0.053881,-0.095443,0.580728,-0.47199,-0.167137,0.029128,0.1818,-0.159872,-0.395854,0.180181
0.55912,0.385101,-0.095443,0.580728,-0.47199,-0.167137,0.029128,0.1818,-0.159872,-0.395854,0.180181,-0.129168
0.557066,0.385101,0.580728,-0.47199,-0.167137,0.029128,0.1818,-0.159872,-0.395854,0.180181,-0.129168,0.075493
0.551973,0.385101,-0.47199,-0.167137,0.029128,0.1818,-0.159872,-0.395854,0.180181,-0.129168,0.075493,0.446138
0.554291,0.385101,-0.167137,0.029128,0.1818,-0.159872,-0.395854,0.180181,-0.129168,0.075493,0.446138,-0.291531
0.55263,0.385101,0.029128,0.1818,-0.159872,-0.395854,0.180181,-0.129168,0.075493,0.446138,-0.291531,-0.207343
0.553602,0.385101,0.1818,-0.159872,-0.395854,0.180181,-0.129168,0.075493,0.446138,-0.291531,-0.207343,0.029202
0.559341,0.385101,-0.159872,-0.395854,0.180181,-0.129168,0.075493,0.446138,-0.291531,-0.207343,0.029202,0.134089
0.555598,0.385101,-0.395854,0.180181,-0.129168,0.075493,0.446138,-0.291531,-0.207343,0.029202,0.134089,-0.409392
0.552932,0.385101,0.180181,-0.129168,0.075493,0.446138,-0.291531,-0.207343,0.029202,0.134089,-0.409392,0.096116
0.553308,0.385101,-0.129168,0.075493,0.446138,-0.291531,-0.207343,0.029202,0.134089,-0.409392,0.096116,0.050913
0.555035,0.385101,0.075493,0.446138,-0.291531,-0.207343,0.029202,0.134089,-0.409392,0.096116,0.050913,-0.081671
0.549755,0.385101,0.446138,-0.291531,-0.207343,0.029202,0.134089,-0.409392,0.096116,0.050913,-0.081671,0.017252
0.550995,0.385101,-0.291531,-0.207343,0.029202,0.134089,-0.409392,0.096116,0.050913,-0.081671,0.017252,0.537778
0.551651,0.385101,-0.207343,0.029202,0.134089,-0.409392,0.096116,0.050913,-0.081671,0.017252,0.537778,-0.396318
0.550598,0.385101,0.029202,0.134089,-0.409392,0.096116,0.050913,-0.081671,0.017252,0.537778,-0.396318,-0.147898
0.550821,0.385101,0.134089,-0.409392,0.096116,0.050913,-0.081671,0.017252,0.537778,-0.396318,-0.147898,0.058443
0.557748,0.385101,-0.409392,0.096116,0.050913,-0.081671,0.017252,0.537778,-0.396318,-0.147898,0.058443,0.580316
0.552652,0.385101,0.096116,0.050913,-0.081671,0.017252,0.537778,-0.396318,-0.147898,0.058443,0.580316,-0.435613
0.550747,0.385101,0.050913,-0.081671,0.017252,0.537778,-0.396318,-0.147898,0.058443,0.580316,-0.435613,0.16185
0.5515,0.385101,-0.081671,0.017252,0.537778,-0.396318,-0.147898,0.058443,0.580316,-0.435613,0.16185,-0.072237
0.558968,0.385101,0.017252,0.537778,-0.396318,-0.147898,0.058443,0.580316,-0.435613,0.16185,-0.072237,-0.011949
0.553364,0.385101,0.537778,-0.396318,-0.147898,0.058443,0.580316,-0.435613,0.16185,-0.072237,-0.011949,-0.111755
0.555446,0.385101,-0.396318,-0.147898,0.058443,0.580316,-0.435613,0.16185,-0.072237,-0.011949,-0.111755,0.581617
0.554518,0.385101,-0.147898,0.058443,0.580316,-0.435613,0.16185,-0.072237,-0.011949,-0.111755,0.581617,-0.450998
0.554364,0.385101,0.058443,0.580316,-0.435613,0.16185,-0.072237,-0.011949,-0.111755,0.581617,-0.450998,-0.136676
0.552925,0.385101,0.580316,-0.435613,0.16185,-0.072237,-0.011949,-0.111755,0.581617,-0.450998,-0.136676,0.046783
0.560405,0.385101,-0.435613,0.16185,-0.072237,-0.011949,-0.111755,0.581617,-0.450998,-0.136676,0.046783,0.505262
0.554614,0.385101,0.16185,-0.072237,-0.011949,-0.111755,0.581617,-0.450998,-0.136676,0.046783,0.505262,-0.389466
0.552857,0.385101,-0.072237,-0.011949,-0.111755,0.581617,-0.450998,-0.136676,0.046783,0.505262,-0.389466,0.103506
0.553459,0.385101,-0.011949,-0.111755,0.581617,-0.450998,-0.136676,0.046783,0.505262,-0.389466,0.103506,-0.013361
0.559955,0.385101,-0.111755,0.581617,-0.450998,-0.136676,0.046783,0.505262,-0.389466,0.103506,-0.013361,-0.070977
0.554948,0.385101,0.581617,-0.450998,-0.136676,0.046783,0.505262,-0.389466,0.103506,-0.013361,-0.070977,-0.088639
0.556279,0.385101,-0.450998,-0.136676,0.046783,0.505262,-0.389466,0.103506,-0.013361,-0.070977,-0.088639,0.594849
0.556107,0.385101,-0.136676,0.046783,0.505262,-0.389466,0.103506,-0.013361,-0.070977,-0.088639,0.594849,-0.481419
0.555195,0.385101,0.046783,0.505262,-0.389466,0.103506,-0.013361,-0.070977,-0.088639,0.594849,-0.481419,-0.160383
0.554054,0.385101,0.505262,-0.389466,0.103506,-0.013361,-0.070977,-0.088639,0.594849,-0.481419,-0.160383,0.005743
0.561699,0.385101,-0.389466,0.103506,-0.013361,-0.070977,-0.088639,0.594849,-0.481419,-0.160383,0.005743,0.576403
0.555522,0.385101,0.103506,-0.013361,-0.070977,-0.088639,0.594849,-0.481419,-0.160383,0.005743,0.576403,-0.700387
0.55346,0.385101,-0.013361,-0.070977,-0.088639,0.594849,-0.481419,-0.160383,0.005743,0.576403,-0.700387,0.173009
0.553534,0.385101,-0.070977,-0.088639,0.594849,-0.481419,-0.160383,0.005743,0.576403,-0.700387,0.173009,-0.36438
0.560942,0.385101,-0.088639,0.594849,-0.481419,-0.160383,0.005743,0.576403,-0.700387,0.173009,-0.36438,0.105022
0.551933,0.385101,0.594849,-0.481419,-0.160383,0.005743,0.576403,-0.700387,0.173009,-0.36438,0.105022,-0.162709
0.554161,0.385101,-0.481419,-0.160383,0.005743,0.576403,-0.700387,0.173009,-0.36438,0.105022,-0.162709,0.723815
0.549469,0.385101,-0.160383,0.005743,0.576403,-0.700387,0.173009,-0.36438,0.105022,-0.162709,0.723815,-0.484271
0.550824,0.385101,0.005743,0.576403,-0.700387,0.173009,-0.36438,0.105022,-0.162709,0.723815,-0.484271,-0.118525
0.548722,0.385101,0.576403,-0.700387,0.173009,-0.36438,0.105022,-0.162709,0.723815,-0.484271,-0.118525,0.023433
0.558051,0.385101,-0.700387,0.173009,-0.36438,0.105022,-0.162709,0.723815,-0.484271,-0.118525,0.023433,0.597098
0.551823,0.385101,0.173009,-0.36438,0.105022,-0.162709,0.723815,-0.484271,-0.118525,0.023433,0.597098,-0.429237
0.550296,0.385101,-0.36438,0.105022,-0.162709,0.723815,-0.484271,-0.118525,0.023433,0.597098,-0.429237,0.096973
0.550598,0.385101,0.105022,-0.162709,0.723815,-0.484271,-0.118525,0.023433,0.597098,-0.429237,0.096973,-0.036856
0.558286,0.385101,-0.162709,0.723815,-0.484271,-0.118525,0.023433,0.597098,-0.429237,0.096973,-0.036856,-0.017722
0.552762,0.385101,0.723815,-0.484271,-0.118525,0.023433,0.597098,-0.429237,0.096973,-0.036856,-0.017722,-0.117219
0.55401,0.385101,-0.484271,-0.118525,0.023433,0.597098,-0.429237,0.096973,-0.036856,-0.017722,-0.117219,0.580258
0.553536,0.385101,-0.118525,0.023433,0.597098,-0.429237,0.096973,-0.036856,-0.017722,-0.117219,0.580258,-0.473563
0.553308,0.385101,0.023433,0.597098,-0.429237,0.096973,-0.036856,-0.017722,-0.117219,0.580258,-0.473563,-0.153887
0.551797,0.385101,0.597098,-0.429237,0.096973,-0.036856,-0.017722,-0.117219,0.580258,-0.473563,-0.153887,0.023408
0.559265,0.385101,-0.429237,0.096973,-0.036856,-0.017722,-0.117219,0.580258,-0.473563,-0.153887,0.023408,0.509492
0.55318,0.385101,0.096973,-0.036856,-0.017722,-0.117219,0.580258,-0.473563,-0.153887,0.023408,0.509492,-0.661934
0.551199,0.385101,-0.036856,-0.017722,-0.117219,0.580258,-0.473563,-0.153887,0.023408,0.509492,-0.661934,0.13107
0.5515,0.385101,-0.017722,-0.117219,0.580258,-0.473563,-0.153887,0.023408,0.509492,-0.661934,0.13107,-0.321833
0.558059,0.385101,-0.117219,0.580258,-0.473563,-0.153887,0.023408,0.509492,-0.661934,0.13107,-0.321833,0.093122
0.54953,0.385101,0.580258,-0.473563,-0.153887,0.023408,0.509492,-0.661934,0.13107,-0.321833,0.093122,-0.190403
0.551221,0.385101,-0.473563,-0.153887,0.023408,0.509492,-0.661934,0.13107,-0.321833,0.093122,-0.190403,0.766474
0.547069,0.385101,-0.153887,0.023408,0.509492,-0.661934,0.13107,-0.321833,0.093122,-0.190403,0.766474,-0.569505
0.548272,0.385101,0.023408,0.509492,-0.661934,0.13107,-0.321833,0.093122,-0.190403,0.766474,-0.569505,-0.059844
0.545809,0.385101,0.509492,-0.661934,0.13107,-0.321833,0.093122,-0.190403,0.766474,-0.569505,-0.059844,-0.011253
0.555704,0.385101,-0.661934,0.13107,-0.321833,0.093122,-0.190403,0.766474,-0.569505,-0.059844,-0.011253,0.617326
0.548366,0.385101,0.13107,-0.321833,0.093122,-0.190403,0.766474,-0.569505,-0.059844,-0.011253,0.617326,-0.432904
0.547594,0.385101,-0.321833,0.093122,-0.190403,0.766474,-0.569505,-0.059844,-0.011253,0.617326,-0.432904,0.11949
0.547448,0.385101,0.093122,-0.190403,0.766474,-0.569505,-0.059844,-0.011253,0.617326,-0.432904,0.11949,-0.030906
0.555412,0.385101,-0.190403,0.766474,-0.569505,-0.059844,-0.011253,0.617326,-0.432904,0.11949,-0.030906,-0.191981
0.54983,0.385101,0.766474,-0.569505,-0.059844,-0.011253,0.617326,-0.432904,0.11949,-0.030906,-0.191981,-0.41457
0.551371,0.385101,-0.569505,-0.059844,-0.011253,0.617326,-0.432904,0.11949,-0.030906,-0.191981,-0.41457,0.210963
0.550973,0.385101,-0.059844,-0.011253,0.617326,-0.432904,0.11949,-0.030906,-0.191981,-0.41457,0.210963,-0.559746
0.548497,0.385101,-0.011253,0.617326,-0.432904,0.11949,-0.030906,-0.191981,-0.41457,0.210963,-0.559746,-0.019099
0.543129,0.38797,0.617326,-0.432904,0.11949,-0.030906,-0.191981,-0.41457,0.210963,-0.559746,-0.019099,0.046622
0.545864,0.38797,-0.432904,0.11949,-0.030906,-0.191981,-0.41457,0.210963,-0.559746,-0.019099,0.046622,0.590944
0.538606,0.38797,0.11949,-0.030906,-0.191981,-0.41457,0.210963,-0.559746,-0.019099,0.046622,0.590944,-0.374854
0.538358,0.38797,-0.030906,-0.191981,-0.41457,0.210963,-0.559746,-0.019099,0.046622,0.590944,-0.374854,0.162854
0.538964,0.38797,-0.191981,-0.41457,0.210963,-0.559746,-0.019099,0.046622,0.590944,-0.374854,0.162854,-0.197281
0.54663,0.38797,-0.41457,0.210963,-0.559746,-0.019099,0.046622,0.590944,-0.374854,0.162854,-0.197281,-0.153475
0.54177,0.38797,0.210963,-0.559746,-0.019099,0.046622,0.590944,-0.374854,0.162854,-0.197281,-0.153475,-0.22563
0.543881,0.38797,-0.559746,-0.019099,0.046622,0.590944,-0.374854,0.162854,-0.197281,-0.153475,-0.22563,0.688406
0.541325,0.38797,-0.019099,0.046622,0.590944,-0.374854,0.162854,-0.197281,-0.153475,-0.22563,0.688406,-0.468073
0.539334,0.38797,0.046622,0.590944,-0.374854,0.162854,-0.197281,-0.153475,-0.22563,0.688406,-0.468073,-0.138783
0.536397,0.38797,0.590944,-0.374854,0.162854,-0.197281,-0.153475,-0.22563,0.688406,-0.468073,-0.138783,0.05798
0.545342,0.38797,-0.374854,0.162854,-0.197281,-0.153475,-0.22563,0.688406,-0.468073,-0.138783,0.05798,0.498131
0.539273,0.38797,0.162854,-0.197281,-0.153475,-0.22563,0.688406,-0.468073,-0.138783,0.05798,0.498131,-0.384986
0.53747,0.38797,-0.197281,-0.153475,-0.22563,0.688406,-0.468073,-0.138783,0.05798,0.498131,-0.384986,0.104711
0.538224,0.38797,-0.153475,-0.22563,0.688406,-0.468073,-0.138783,0.05798,0.498131,-0.384986,0.104711,0.015265
0.544691,0.38797,-0.22563,0.688406,-0.468073,-0.138783,0.05798,0.498131,-0.384986,0.104711,0.015265,-0.07351
0.539694,0.38797,0.688406,-0.468073,-0.138783,0.05798,0.498131,-0.384986,0.104711,0.015265,-0.07351,-0.044498
0.541053,0.38797,-0.468073,-0.138783,0.05798,0.498131,-0.384986,0.104711,0.015265,-0.07351,-0.044498,0.571639
0.541251,0.38797,-0.138783,0.05798,0.498131,-0.384986,0.104711,0.015265,-0.07351,-0.044498,0.571639,-0.463801
0.540297,0.38797,0.05798,0.498131,-0.384986,0.104711,0.015265,-0.07351,-0.044498,0.571639,-0.463801,-0.16207
0.539719,0.38797,0.498131,-0.384986,0.104711,0.015265,-0.07351,-0.044498,0.571639,-0.463801,-0.16207,-0.01609
0.547134,0.38797,-0.384986,0.104711,0.015265,-0.07351,-0.044498,0.571639,-0.463801,-0.16207,-0.01609,0.550435
0.541127,0.38797,0.104711,0.015265,-0.07351,-0.044498,0.571639,-0.463801,-0.16207,-0.01609,0.550435,-0.647554
0.539025,0.38797,0.015265,-0.07351,-0.044498,0.571639,-0.463801,-0.16207,-0.01609,0.550435,-0.647554,-0.021135
0.538816,0.38797,-0.07351,-0.044498,0.571639,-0.463801,-0.16207,-0.01609,0.550435,-0.647554,-0.021135,-0.482531
0.545958,0.38797,-0.044498,0.571639,-0.463801,-0.16207,-0.01609,0.550435,-0.647554,-0.021135,-0.482531,-0.222211
0.537549,0.38797,0.571639,-0.463801,-0.16207,-0.01609,0.550435,-0.647554,-0.021135,-0.482531,-0.222211,-0.27466
0.537274,0.38797,-0.463801,-0.16207,-0.01609,0.550435,-0.647554,-0.021135,-0.482531,-0.222211,-0.27466,0.520038
0.53099,0.38797,-0.16207,-0.01609,0.550435,-0.647554,-0.021135,-0.482531,-0.222211,-0.27466,0.520038,-0.328956
0.528086,0.38797,-0.01609,0.550435,-0.647554,-0.021135,-0.482531,-0.222211,-0.27466,0.520038,-0.328956,-0.096906
0.524484,0.38797,0.550435,-0.647554,-0.021135,-0.482531,-0.222211,-0.27466,0.520038,-0.328956,-0.096906,0.0687
0.531299,0.38797,-0.647554,-0.021135,-0.482531,-0.222211,-0.27466,0.520038,-0.328956,-0.096906,0.0687,0.063757
0.526997,0.38797,-0.021135,-0.482531,-0.222211,-0.27466,0.520038,-0.328956,-0.096906,0.0687,0.063757,-0.130466
0.525728,0.38797,-0.482531,-0.222211,-0.27466,0.520038,-0.328956,-0.096906,0.0687,0.063757,-0.130466,0.072706
0.526628,0.38797,-0.222211,-0.27466,0.520038,-0.328956,-0.096906,0.0687,0.063757,-0.130466,0.072706,0.064649
0.527463,0.38797,-0.27466,0.520038,-0.328956,-0.096906,0.0687,0.063757,-0.130466,0.072706,0.064649,-0.064975
0.525752,0.38797,0.520038,-0.328956,-0.096906,0.0687,0.063757,-0.130466,0.072706,0.064649,-0.064975,0.058207
0.526705,0.38797,-0.328956,-0.096906,0.0687,0.063757,-0.130466,0.072706,0.064649,-0.064975,0.058207,0.624888
0.527551,0.39267,-0.096906,0.0687,0.063757,-0.130466,0.072706,0.064649,-0.064975,0.058207,0.624888,-0.426665
0.5267,0.39267,0.0687,0.063757,-0.130466,0.072706,0.064649,-0.064975,0.058207,0.624888,-0.426665,-0.19799
0.527463,0.39267,0.063757,-0.130466,0.072706,0.064649,-0.064975,0.058207,0.624888,-0.426665,-0.19799,0.11907
0.535632,0.39267,-0.130466,0.072706,0.064649,-0.064975,0.058207,0.624888,-0.426665,-0.19799,0.11907,0.546845
0.530066,0.39267,0.072706,0.064649,-0.064975,0.058207,0.624888,-0.426665,-0.19799,0.11907,0.546845,-0.356878
0.527478,0.39267,0.064649,-0.064975,0.058207,0.624888,-0.426665,-0.19799,0.11907,0.546845,-0.356878,0.090993
0.529035,0.39267,-0.064975,0.058207,0.624888,-0.426665,-0.19799,0.11907,0.546845,-0.356878,0.090993,0.003508
0.536176,0.39267,0.058207,0.624888,-0.426665,-0.19799,0.11907,0.546845,-0.356878,0.090993,0.003508,-0.088509
0.531518,0.39267,0.624888,-0.426665,-0.19799,0.11907,0.546845,-0.356878,0.090993,0.003508,-0.088509,0.00771
0.532706,0.39267,-0.426665,-0.19799,0.11907,0.546845,-0.356878,0.090993,0.003508,-0.088509,0.00771,0.567805
0.532752,0.39267,-0.19799,0.11907,0.546845,-0.356878,0.090993,0.003508,-0.088509,0.00771,0.567805,-0.412302
0.531597,0.39267,0.11907,0.546845,-0.356878,0.090993,0.003508,-0.088509,0.00771,0.567805,-0.412302,-0.277899
0.531698,0.39267,0.546845,-0.356878,0.090993,0.003508,-0.088509,0.00771,0.567805,-0.412302,-0.277899,-0.288547
0.539101,0.39267,-0.356878,0.090993,0.003508,-0.088509,0.00771,0.567805,-0.412302,-0.277899,-0.288547,0.052654
0.533735,0.39267,0.090993,0.003508,-0.088509,0.00771,0.567805,-0.412302,-0.277899,-0.288547,0.052654,-0.592691
0.53011,0.39267,0.003508,-0.088509,0.00771,0.567805,-0.412302,-0.277899,-0.288547,0.052654,-0.592691,0.241843
