0.294023,0.462952,-0.14988,0.161275,-0.052625,0.075714,0.542926,-0.254114,-0.228874,0.21676,0.225505,-0.234549
0.290484,0.462952,0.161275,-0.052625,0.075714,0.542926,-0.254114,-0.228874,0.21676,0.225505,-0.234549,0.106009
0.293837,0.462952,-0.052625,0.075714,0.542926,-0.254114,-0.228874,0.21676,0.225505,-0.234549,0.106009,-0.243037
0.297321,0.462952,0.075714,0.542926,-0.254114,-0.228874,0.21676,0.225505,-0.234549,0.106009,-0.243037,-0.317448
0.293696,0.462952,0.542926,-0.254114,-0.228874,0.21676,0.225505,-0.234549,0.106009,-0.243037,-0.317448,-0.169738
0.295334,0.462952,-0.254114,-0.228874,0.21676,0.225505,-0.234549,0.106009,-0.243037,-0.317448,-0.169738,0.19424
0.291579,0.462952,-0.228874,0.21676,0.225505,-0.234549,0.106009,-0.243037,-0.317448,-0.169738,0.19424,-0.16593
0.286657,0.462952,0.21676,0.225505,-0.234549,0.106009,-0.243037,-0.317448,-0.169738,0.19424,-0.16593,-0.619386
0.284014,0.462952,0.225505,-0.234549,0.106009,-0.243037,-0.317448,-0.169738,0.19424,-0.16593,-0.619386,0.51193
0.287039,0.462952,-0.234549,0.106009,-0.243037,-0.317448,-0.169738,0.19424,-0.16593,-0.619386,0.51193,0.141383
0.284458,0.462952,0.106009,-0.243037,-0.317448,-0.169738,0.19424,-0.16593,-0.619386,0.51193,0.141383,-0.087169
0.274787,0.462952,-0.243037,-0.317448,-0.169738,0.19424,-0.16593,-0.619386,0.51193,0.141383,-0.087169,0.225845
0.282788,0.462952,-0.317448,-0.169738,0.19424,-0.16593,-0.619386,0.51193,0.141383,-0.087169,0.225845,0.020762
0.284992,0.462952,-0.169738,0.19424,-0.16593,-0.619386,0.51193,0.141383,-0.087169,0.225845,0.020762,0.001043
0.283634,0.46347,0.19424,-0.16593,-0.619386,0.51193,0.141383,-0.087169,0.225845,0.020762,0.001043,0.035638
0.287147,0.46347,-0.16593,-0.619386,0.51193,0.141383,-0.087169,0.225845,0.020762,0.001043,0.035638,0.503561
0.287469,0.46347,-0.619386,0.51193,0.141383,-0.087169,0.225845,0.020762,0.001043,0.035638,0.503561,-0.276653
0.287486,0.46347,0.51193,0.141383,-0.087169,0.225845,0.020762,0.001043,0.035638,0.503561,-0.276653,-0.317819
0.288039,0.46347,0.141383,-0.087169,0.225845,0.020762,0.001043,0.035638,0.503561,-0.276653,-0.317819,-0.20133
0.295843,0.46347,-0.087169,0.225845,0.020762,0.001043,0.035638,0.503561,-0.276653,-0.317819,-0.20133,-0.066416
0.291566,0.46347,0.225845,0.020762,0.001043,0.035638,0.503561,-0.276653,-0.317819,-0.20133,-0.066416,-0.331744
0.28664,0.46347,0.020762,0.001043,0.035638,0.503561,-0.276653,-0.317819,-0.20133,-0.066416,-0.331744,-0.247078
0.283509,0.46347,0.001043,0.035638,0.503561,-0.276653,-0.317819,-0.20133,-0.066416,-0.331744,-0.247078,-0.073868
0.282473,0.46347,0.035638,0.503561,-0.276653,-0.317819,-0.20133,-0.066416,-0.331744,-0.247078,-0.073868,0.008423
0.277284,0.46347,0.503561,-0.276653,-0.317819,-0.20133,-0.066416,-0.331744,-0.247078,-0.073868,0.008423,-0.213765
0.273409,0.46347,-0.276653,-0.317819,-0.20133,-0.066416,-0.331744,-0.247078,-0.073868,0.008423,-0.213765,0.428454
0.27225,0.46347,-0.317819,-0.20133,-0.066416,-0.331744,-0.247078,-0.073868,0.008423,-0.213765,0.428454,-0.052555
0.272382,0.46347,-0.20133,-0.066416,-0.331744,-0.247078,-0.073868,0.008423,-0.213765,0.428454,-0.052555,-0.158102
0.269015,0.46347,-0.066416,-0.331744,-0.247078,-0.073868,0.008423,-0.213765,0.428454,-0.052555,-0.158102,0.401163
0.275757,0.46347,-0.331744,-0.247078,-0.073868,0.008423,-0.213765,0.428454,-0.052555,-0.158102,0.401163,0.308093
0.274933,0.46347,-0.247078,-0.073868,0.008423,-0.213765,0.428454,-0.052555,-0.158102,0.401163,0.308093,-0.378103
0.272452,0.46347,-0.073868,0.008423,-0.213765,0.428454,-0.052555,-0.158102,0.401163,0.308093,-0.378103,0.107345
0.278738,0.46347,0.008423,-0.213765,0.428454,-0.052555,-0.158102,0.401163,0.308093,-0.378103,0.107345,-0.286444
0.283551,0.46347,-0.213765,0.428454,-0.052555,-0.158102,0.401163,0.308093,-0.378103,0.107345,-0.286444,0.073193
0.27764,0.46347,0.428454,-0.052555,-0.158102,0.401163,0.308093,-0.378103,0.107345,-0.286444,0.073193,0.107299
0.279319,0.468414,-0.052555,-0.158102,0.401163,0.308093,-0.378103,0.107345,-0.286444,0.073193,0.107299,0.401498
0.274838,0.468414,-0.158102,0.401163,0.308093,-0.378103,0.107345,-0.286444,0.073193,0.107299,0.401498,-0.122181
0.275985,0.468414,0.401163,0.308093,-0.378103,0.107345,-0.286444,0.073193,0.107299,0.401498,-0.122181,-0.245745
0.277667,0.468414,0.308093,-0.378103,0.107345,-0.286444,0.073193,0.107299,0.401498,-0.122181,-0.245745,0.293809
0.283942,0.468414,-0.378103,0.107345,-0.286444,0.073193,0.107299,0.401498,-0.122181,-0.245745,0.293809,-0.020231
