0.232415,0.200165,0.155964,-0.079995,0.101401,0.020068,-0.074956,0.007241,0.212863,-0.074399,-0.120998,0.13049
0.235868,0.200165,-0.079995,0.101401,0.020068,-0.074956,0.007241,0.212863,-0.074399,-0.120998,0.13049,0.071719
0.234663,0.200165,0.101401,0.020068,-0.074956,0.007241,0.212863,-0.074399,-0.120998,0.13049,0.071719,-0.10976
0.232704,0.200165,0.020068,-0.074956,0.007241,0.212863,-0.074399,-0.120998,0.13049,0.071719,-0.10976,0.114084
0.234818,0.200165,-0.074956,0.007241,0.212863,-0.074399,-0.120998,0.13049,0.071719,-0.10976,0.114084,-0.015217
0.235979,0.200165,0.007241,0.212863,-0.074399,-0.120998,0.13049,0.071719,-0.10976,0.114084,-0.015217,-0.066695
0.2342,0.200165,0.212863,-0.074399,-0.120998,0.13049,0.071719,-0.10976,0.114084,-0.015217,-0.066695,0.02467
0.236047,0.200165,-0.074399,-0.120998,0.13049,0.071719,-0.10976,0.114084,-0.015217,-0.066695,0.02467,0.199617
0.235801,0.200165,-0.120998,0.13049,0.071719,-0.10976,0.114084,-0.015217,-0.066695,0.02467,0.199617,-0.07761
0.234722,0.200165,0.13049,0.071719,-0.10976,0.114084,-0.015217,-0.066695,0.02467,0.199617,-0.07761,-0.124613
0.235122,0.200165,0.071719,-0.10976,0.114084,-0.015217,-0.066695,0.02467,0.199617,-0.07761,-0.124613,0.125176
0.238353,0.200165,-0.10976,0.114084,-0.015217,-0.066695,0.02467,0.199617,-0.07761,-0.124613,0.125176,-0.105102
0.237099,0.199768,0.114084,-0.015217,-0.066695,0.02467,0.199617,-0.07761,-0.124613,0.125176,-0.105102,-0.086207
0.235085,0.199768,-0.015217,-0.066695,0.02467,0.199617,-0.07761,-0.124613,0.125176,-0.105102,-0.086207,-0.044887
0.237109,0.199768,-0.066695,0.02467,0.199617,-0.07761,-0.124613,0.125176,-0.105102,-0.086207,-0.044887,-0.070887
0.235408,0.199768,0.02467,0.199617,-0.07761,-0.124613,0.125176,-0.105102,-0.086207,-0.044887,-0.070887,0.01595
0.23401,0.199768,0.199617,-0.07761,-0.124613,0.125176,-0.105102,-0.086207,-0.044887,-0.070887,0.01595,-0.042342
0.233282,0.199768,-0.07761,-0.124613,0.125176,-0.105102,-0.086207,-0.044887,-0.070887,0.01595,-0.042342,0.103907
0.232133,0.199768,-0.124613,0.125176,-0.105102,-0.086207,-0.044887,-0.070887,0.01595,-0.042342,0.103907,-0.208372
0.232392,0.199768,0.125176,-0.105102,-0.086207,-0.044887,-0.070887,0.01595,-0.042342,0.103907,-0.208372,-0.058771
0.231704,0.199768,-0.105102,-0.086207,-0.044887,-0.070887,0.01595,-0.042342,0.103907,-0.208372,-0.058771,-0.015916
0.233392,0.199768,-0.086207,-0.044887,-0.070887,0.01595,-0.042342,0.103907,-0.208372,-0.058771,-0.015916,0.13808
0.230009,0.199768,-0.044887,-0.070887,0.01595,-0.042342,0.103907,-0.208372,-0.058771,-0.015916,0.13808,-0.085557
0.229054,0.199768,-0.070887,0.01595,-0.042342,0.103907,-0.208372,-0.058771,-0.015916,0.13808,-0.085557,0.132925
0.228795,0.199768,0.01595,-0.042342,0.103907,-0.208372,-0.058771,-0.015916,0.13808,-0.085557,0.132925,-0.018084
0.231042,0.199768,-0.042342,0.103907,-0.208372,-0.058771,-0.015916,0.13808,-0.085557,0.132925,-0.018084,-0.051162
0.22965,0.199768,0.103907,-0.208372,-0.058771,-0.015916,0.13808,-0.085557,0.132925,-0.018084,-0.051162,0.02482
0.231809,0.199768,-0.208372,-0.058771,-0.015916,0.13808,-0.085557,0.132925,-0.018084,-0.051162,0.02482,0.229714
0.231516,0.199768,-0.058771,-0.015916,0.13808,-0.085557,0.132925,-0.018084,-0.051162,0.02482,0.229714,-0.094831
0.230685,0.199768,-0.015916,0.13808,-0.085557,0.132925,-0.018084,-0.051162,0.02482,0.229714,-0.094831,-0.111855
0.231089,0.199768,0.13808,-0.085557,0.132925,-0.018084,-0.051162,0.02482,0.229714,-0.094831,-0.111855,0.124307
0.234819,0.199768,-0.085557,0.132925,-0.018084,-0.051162,0.02482,0.229714,-0.094831,-0.111855,0.124307,0.054017
0.233282,0.199768,0.132925,-0.018084,-0.051162,0.02482,0.229714,-0.094831,-0.111855,0.124307,0.054017,-0.100662
0.231469,0.199768,-0.018084,-0.051162,0.02482,0.229714,-0.094831,-0.111855,0.124307,0.054017,-0.100662,0.045966
0.233485,0.199768,-0.051162,0.02482,0.229714,-0.094831,-0.111855,0.124307,0.054017,-0.100662,0.045966,-0.117751
0.234361,0.199768,0.02482,0.229714,-0.094831,-0.111855,0.124307,0.054017,-0.100662,0.045966,-0.117751,-0.091952
0.232727,0.199768,0.229714,-0.094831,-0.111855,0.124307,0.054017,-0.100662,0.045966,-0.117751,-0.091952,0.053908
0.233473,0.199768,-0.094831,-0.111855,0.124307,0.054017,-0.100662,0.045966,-0.117751,-0.091952,0.053908,0.200283
0.231564,0.199768,-0.111855,0.124307,0.054017,-0.100662,0.045966,-0.117751,-0.091952,0.053908,0.200283,-0.074228
0.23007,0.199768,0.124307,0.054017,-0.100662,0.045966,-0.117751,-0.091952,0.053908,0.200283,-0.074228,-0.091328
0.230947,0.199768,0.054017,-0.100662,0.045966,-0.117751,-0.091952,0.053908,0.200283,-0.074228,-0.091328,0.100851
0.2342,0.199768,-0.100662,0.045966,-0.117751,-0.091952,0.053908,0.200283,-0.074228,-0.091328,0.100851,0.071597
0.232997,0.199768,0.045966,-0.117751,-0.091952,0.053908,0.200283,-0.074228,-0.091328,0.100851,0.071597,-0.1065
0.231516,0.199768,-0.117751,-0.091952,0.053908,0.200283,-0.074228,-0.091328,0.100851,0.071597,-0.1065,0.131167
0.233152,0.199768,-0.091952,0.053908,0.200283,-0.074228,-0.091328,0.100851,0.071597,-0.1065,0.131167,-0.038747
0.234313,0.199768,0.053908,0.200283,-0.074228,-0.091328,0.100851,0.071597,-0.1065,0.131167,-0.038747,-0.042848
0.232585,0.200165,0.200283,-0.074228,-0.091328,0.100851,0.071597,-0.1065,0.131167,-0.038747,-0.042848,0.024719
0.234711,0.200165,-0.074228,-0.091328,0.100851,0.071597,-0.1065,0.131167,-0.038747,-0.042848,0.024719,0.216611
0.234084,0.200165,-0.091328,0.100851,0.071597,-0.1065,0.131167,-0.038747,-0.042848,0.024719,0.216611,-0.086351
0.23339,0.200165,0.100851,0.071597,-0.1065,0.131167,-0.038747,-0.042848,0.024719,0.216611,-0.086351,-0.127221
0.233791,0.200165,0.071597,-0.1065,0.131167,-0.038747,-0.042848,0.024719,0.216611,-0.086351,-0.127221,0.127828
0.2373,0.200165,-0.1065,0.131167,-0.038747,-0.042848,0.024719,0.216611,-0.086351,-0.127221,0.127828,0.060003
0.235904,0.200165,0.131167,-0.038747,-0.042848,0.024719,0.216611,-0.086351,-0.127221,0.127828,0.060003,-0.121708
0.233846,0.200165,-0.038747,-0.042848,0.024719,0.216611,-0.086351,-0.127221,0.127828,0.060003,-0.121708,0.12026
0.235915,0.200165,-0.042848,0.024719,0.216611,-0.086351,-0.127221,0.127828,0.060003,-0.121708,0.12026,-0.003385
0.236886,0.200165,0.024719,0.216611,-0.086351,-0.127221,0.127828,0.060003,-0.121708,0.12026,-0.003385,-0.102297
0.234914,0.200165,0.216611,-0.086351,-0.127221,0.127828,0.060003,-0.121708,0.12026,-0.003385,-0.102297,-0.11319
0.23686,0.200165,-0.086351,-0.127221,0.127828,0.060003,-0.121708,0.12026,-0.003385,-0.102297,-0.11319,0.172102
0.236805,0.200165,-0.127221,0.127828,0.060003,-0.121708,0.12026,-0.003385,-0.102297,-0.11319,0.172102,-0.039056
0.235151,0.200165,0.127828,0.060003,-0.121708,0.12026,-0.003385,-0.102297,-0.11319,0.172102,-0.039056,-0.121223
0.233316,0.200165,0.060003,-0.121708,0.12026,-0.003385,-0.102297,-0.11319,0.172102,-0.039056,-0.121223,0.124795
0.236106,0.200165,-0.121708,0.12026,-0.003385,-0.102297,-0.11319,0.172102,-0.039056,-0.121223,0.124795,0.077674
0.235474,0.200165,0.12026,-0.003385,-0.102297,-0.11319,0.172102,-0.039056,-0.121223,0.124795,0.077674,-0.086409
0.233512,0.199524,-0.003385,-0.102297,-0.11319,0.172102,-0.039056,-0.121223,0.124795,0.077674,-0.086409,0.126364
0.235533,0.199524,-0.102297,-0.11319,0.172102,-0.039056,-0.121223,0.124795,0.077674,-0.086409,0.126364,-0.018202
0.23679,0.199524,-0.11319,0.172102,-0.039056,-0.121223,0.124795,0.077674,-0.086409,0.126364,-0.018202,-0.108305
0.235391,0.199524,0.172102,-0.039056,-0.121223,0.124795,0.077674,-0.086409,0.126364,-0.018202,-0.108305,-0.122049
0.237435,0.199524,-0.039056,-0.121223,0.124795,0.077674,-0.086409,0.126364,-0.018202,-0.108305,-0.122049,0.186885
0.237141,0.199524,-0.121223,0.124795,0.077674,-0.086409,0.126364,-0.018202,-0.108305,-0.122049,0.186885,-0.162734
0.23539,0.199524,0.124795,0.077674,-0.086409,0.126364,-0.018202,-0.108305,-0.122049,0.186885,-0.162734,-0.088547
0.233411,0.199524,0.077674,-0.086409,0.126364,-0.018202,-0.108305,-0.122049,0.186885,-0.162734,-0.088547,-0.030872
0.23644,0.199524,-0.086409,0.126364,-0.018202,-0.108305,-0.122049,0.186885,-0.162734,-0.088547,-0.030872,0.188679
0.233806,0.199524,0.126364,-0.018202,-0.108305,-0.122049,0.186885,-0.162734,-0.088547,-0.030872,0.188679,-0.118323
0.232371,0.199524,-0.018202,-0.108305,-0.122049,0.186885,-0.162734,-0.088547,-0.030872,0.188679,-0.118323,0.013735
0.23187,0.199524,-0.108305,-0.122049,0.186885,-0.162734,-0.088547,-0.030872,0.188679,-0.118323,0.013735,-0.070874
0.234932,0.199524,-0.122049,0.186885,-0.162734,-0.088547,-0.030872,0.188679,-0.118323,0.013735,-0.070874,-0.100839
0.233012,0.199524,0.186885,-0.162734,-0.088547,-0.030872,0.188679,-0.118323,0.013735,-0.070874,-0.100839,0.065561
0.233235,0.199524,-0.162734,-0.088547,-0.030872,0.188679,-0.118323,0.013735,-0.070874,-0.100839,0.065561,0.221157
0.232086,0.199524,-0.088547,-0.030872,0.188679,-0.118323,0.013735,-0.070874,-0.100839,0.065561,0.221157,-0.100746
0.230449,0.199524,-0.030872,0.188679,-0.118323,0.013735,-0.070874,-0.100839,0.065561,0.221157,-0.100746,-0.082631
0.231515,0.199524,0.188679,-0.118323,0.013735,-0.070874,-0.100839,0.065561,0.221157,-0.100746,-0.082631,0.124465
0.235105,0.199524,-0.118323,0.013735,-0.070874,-0.100839,0.065561,0.221157,-0.100746,-0.082631,0.124465,0.036427
0.233473,0.199524,0.013735,-0.070874,-0.100839,0.065561,0.221157,-0.100746,-0.082631,0.124465,0.036427,-0.100733
0.232133,0.199524,-0.070874,-0.100839,0.065561,0.221157,-0.100746,-0.082631,0.124465,0.036427,-0.100733,0.128428
0.234151,0.199524,-0.100839,0.065561,0.221157,-0.100746,-0.082631,0.124465,0.036427,-0.100733,0.128428,-0.018154
0.234741,0.199524,0.065561,0.221157,-0.100746,-0.082631,0.124465,0.036427,-0.100733,0.128428,-0.018154,-0.040042
0.233107,0.199524,0.221157,-0.100746,-0.082631,0.124465,0.036427,-0.100733,0.128428,-0.018154,-0.040042,-0.031004
0.235188,0.199524,-0.100746,-0.082631,0.124465,0.036427,-0.100733,0.128428,-0.018154,-0.040042,-0.031004,0.086906
0.234894,0.199524,-0.082631,0.124465,0.036427,-0.100733,0.128428,-0.018154,-0.040042,-0.031004,0.086906,-0.097823
0.234246,0.199524,0.124465,0.036427,-0.100733,0.128428,-0.018154,-0.040042,-0.031004,0.086906,-0.097823,-0.097291
0.233743,0.199524,0.036427,-0.100733,0.128428,-0.018154,-0.040042,-0.031004,0.086906,-0.097823,-0.097291,0.106807
0.235153,0.199524,-0.100733,0.128428,-0.018154,-0.040042,-0.031004,0.086906,-0.097823,-0.097291,0.106807,0.065765
0.233568,0.199524,0.128428,-0.018154,-0.040042,-0.031004,0.086906,-0.097823,-0.097291,0.106807,0.065765,-0.100737
0.231991,0.199524,-0.018154,-0.040042,-0.031004,0.086906,-0.097823,-0.097291,0.106807,0.065765,-0.100737,0.13434
0.233722,0.199524,-0.040042,-0.031004,0.086906,-0.097823,-0.097291,0.106807,0.065765,-0.100737,0.13434,-0.032893
0.234789,0.199524,-0.031004,0.086906,-0.097823,-0.097291,0.106807,0.065765,-0.100737,0.13434,-0.032893,-0.048852
0.233154,0.199524,0.086906,-0.097823,-0.097291,0.106807,0.065765,-0.100737,0.13434,-0.032893,-0.048852,0.036432
0.235331,0.199524,-0.097823,-0.097291,0.106807,0.065765,-0.100737,0.13434,-0.032893,-0.048852,0.036432,0.205249
0.234799,0.200287,-0.097291,0.106807,0.065765,-0.100737,0.13434,-0.032893,-0.048852,0.036432,0.205249,-0.074603
0.234008,0.200287,0.106807,0.065765,-0.100737,0.13434,-0.032893,-0.048852,0.036432,0.205249,-0.074603,-0.130402
0.234599,0.200287,0.065765,-0.100737,0.13434,-0.032893,-0.048852,0.036432,0.205249,-0.074603,-0.130402,0.116186
0.237922,0.200287,-0.100737,0.13434,-0.032893,-0.048852,0.036432,0.205249,-0.074603,-0.130402,0.116186,0.065938
0.236717,0.200287,0.13434,-0.032893,-0.048852,0.036432,0.205249,-0.074603,-0.130402,0.116186,0.065938,-0.11009
0.234608,0.200287,-0.032893,-0.048852,0.036432,0.205249,-0.074603,-0.130402,0.116186,0.065938,-0.11009,0.111686
0.236488,0.200287,-0.048852,0.036432,0.205249,-0.074603,-0.130402,0.116186,0.065938,-0.11009,0.111686,-0.000403
0.237554,0.200287,0.036432,0.205249,-0.074603,-0.130402,0.116186,0.065938,-0.11009,0.111686,-0.000403,-0.117289
0.235772,0.200287,0.205249,-0.074603,-0.130402,0.116186,0.065938,-0.11009,0.111686,-0.000403,-0.117289,-0.113389
0.237578,0.200287,-0.074603,-0.130402,0.116186,0.065938,-0.11009,0.111686,-0.000403,-0.117289,-0.113389,0.1694
0.237572,0.200287,-0.130402,0.116186,0.065938,-0.11009,0.111686,-0.000403,-0.117289,-0.113389,0.1694,-0.159835
0.235676,0.200287,0.116186,0.065938,-0.11009,0.111686,-0.000403,-0.117289,-0.113389,0.1694,-0.159835,-0.082727
0.233838,0.200287,0.065938,-0.11009,0.111686,-0.000403,-0.117289,-0.113389,0.1694,-0.159835,-0.082727,-0.013354
0.236584,0.200287,-0.11009,0.111686,-0.000403,-0.117289,-0.113389,0.1694,-0.159835,-0.082727,-0.013354,0.177126
0.233996,0.200287,0.111686,-0.000403,-0.117289,-0.113389,0.1694,-0.159835,-0.082727,-0.013354,0.177126,-0.10084
0.232656,0.200287,-0.000403,-0.117289,-0.113389,0.1694,-0.159835,-0.082727,-0.013354,0.177126,-0.10084,0.096213
0.232439,0.200287,-0.117289,-0.113389,0.1694,-0.159835,-0.082727,-0.013354,0.177126,-0.10084,0.096213,0.008397
0.235312,0.20108,-0.113389,0.1694,-0.159835,-0.082727,-0.013354,0.177126,-0.10084,0.096213,0.008397,-0.119465
0.233677,0.20108,0.1694,-0.159835,-0.082727,-0.013354,0.177126,-0.10084,0.096213,0.008397,-0.119465,-0.103808
0.235236,0.20108,-0.159835,-0.082727,-0.013354,0.177126,-0.10084,0.096213,0.008397,-0.119465,-0.103808,0.171347
0.235372,0.20108,-0.082727,-0.013354,0.177126,-0.10084,0.096213,0.008397,-0.119465,-0.103808,0.171347,-0.036094
0.233437,0.20108,-0.013354,0.177126,-0.10084,0.096213,0.008397,-0.119465,-0.103808,0.171347,-0.036094,-0.112021
0.231752,0.20108,0.177126,-0.10084,0.096213,0.008397,-0.119465,-0.103808,0.171347,-0.036094,-0.112021,0.121525
0.234533,0.20108,-0.10084,0.096213,0.008397,-0.119465,-0.103808,0.171347,-0.036094,-0.112021,0.121525,0.089304
0.233949,0.20108,0.096213,0.008397,-0.119465,-0.103808,0.171347,-0.036094,-0.112021,0.121525,0.089304,-0.214938
0.232133,0.20108,0.008397,-0.119465,-0.103808,0.171347,-0.036094,-0.112021,0.121525,0.089304,-0.214938,0.128023
0.234103,0.20108,-0.119465,-0.103808,0.171347,-0.036094,-0.112021,0.121525,0.089304,-0.214938,0.128023,-0.141349
0.235551,0.20108,-0.103808,0.171347,-0.036094,-0.112021,0.121525,0.089304,-0.214938,0.128023,-0.141349,0.004253
0.232063,0.20108,0.171347,-0.036094,-0.112021,0.121525,0.089304,-0.214938,0.128023,-0.141349,0.004253,0.059814
0.234139,0.20108,-0.036094,-0.112021,0.121525,0.089304,-0.214938,0.128023,-0.141349,0.004253,0.059814,0.154233
0.231848,0.20108,-0.112021,0.121525,0.089304,-0.214938,0.128023,-0.141349,0.004253,0.059814,0.154233,-0.039043
0.231917,0.20108,0.121525,0.089304,-0.214938,0.128023,-0.141349,0.004253,0.059814,0.154233,-0.039043,-0.11809
0.232889,0.20108,0.089304,-0.214938,0.128023,-0.141349,0.004253,0.059814,0.154233,-0.039043,-0.11809,0.086385
0.235391,0.20108,-0.214938,0.128023,-0.141349,0.004253,0.059814,0.154233,-0.039043,-0.11809,0.086385,0.080497
0.234759,0.20108,0.128023,-0.141349,0.004253,0.059814,0.154233,-0.039043,-0.11809,0.086385,0.080497,-0.097955
0.232846,0.20108,-0.141349,0.004253,0.059814,0.154233,-0.039043,-0.11809,0.086385,0.080497,-0.097955,0.137632
0.234246,0.20108,0.004253,0.059814,0.154233,-0.039043,-0.11809,0.086385,0.080497,-0.097955,0.137632,-0.021128
0.235551,0.20108,0.059814,0.154233,-0.039043,-0.11809,0.086385,0.080497,-0.097955,0.137632,-0.021128,-0.054927
0.233962,0.20108,0.154233,-0.039043,-0.11809,0.086385,0.080497,-0.097955,0.137632,-0.021128,-0.054927,0.02466
0.236191,0.20108,-0.039043,-0.11809,0.086385,0.080497,-0.097955,0.137632,-0.021128,-0.054927,0.02466,0.205677
0.235849,0.20108,-0.11809,0.086385,0.080497,-0.097955,0.137632,-0.021128,-0.054927,0.02466,0.205677,-0.213597
0.234961,0.20108,0.086385,0.080497,-0.097955,0.137632,-0.021128,-0.054927,0.02466,0.205677,-0.213597,-0.094709
0.23536,0.20108,0.080497,-0.097955,0.137632,-0.021128,-0.054927,0.02466,0.205677,-0.213597,-0.094709,-0.022259
0.238689,0.20108,-0.097955,0.137632,-0.021128,-0.054927,0.02466,0.205677,-0.213597,-0.094709,-0.022259,0.159755
0.235236,0.20108,0.137632,-0.021128,-0.054927,0.02466,0.205677,-0.213597,-0.094709,-0.022259,0.159755,-0.112685
0.233703,0.20108,-0.021128,-0.054927,0.02466,0.205677,-0.213597,-0.094709,-0.022259,0.159755,-0.112685,0.102246
0.233342,0.20108,-0.054927,0.02466,0.205677,-0.213597,-0.094709,-0.022259,0.159755,-0.112685,0.102246,-0.000443
0.235932,0.20108,0.02466,0.205677,-0.213597,-0.094709,-0.022259,0.159755,-0.112685,0.102246,-0.000443,-0.060795
0.234105,0.20108,0.205677,-0.213597,-0.094709,-0.022259,0.159755,-0.112685,0.102246,-0.000443,-0.060795,0.009982
0.235761,0.20108,-0.213597,-0.094709,-0.022259,0.159755,-0.112685,0.102246,-0.000443,-0.060795,0.009982,0.22025
0.235754,0.20108,-0.094709,-0.022259,0.159755,-0.112685,0.102246,-0.000443,-0.060795,0.009982,0.22025,-0.08947
0.23477,0.20108,-0.022259,0.159755,-0.112685,0.102246,-0.000443,-0.060795,0.009982,0.22025,-0.08947,-0.115749
0.234932,0.199249,0.159755,-0.112685,0.102246,-0.000443,-0.060795,0.009982,0.22025,-0.08947,-0.115749,0.131119
0.238497,0.199249,-0.112685,0.102246,-0.000443,-0.060795,0.009982,0.22025,-0.08947,-0.115749,0.131119,0.048223
0.237052,0.199249,0.102246,-0.000443,-0.060795,0.009982,0.22025,-0.08947,-0.115749,0.131119,0.048223,-0.104297
0.235181,0.199249,-0.000443,-0.060795,0.009982,0.22025,-0.08947,-0.115749,0.131119,0.048223,-0.104297,0.126754
0.237301,0.199249,-0.060795,0.009982,0.22025,-0.08947,-0.115749,0.131119,0.048223,-0.104297,0.126754,-0.027142
0.23808,0.199249,0.009982,0.22025,-0.08947,-0.115749,0.131119,0.048223,-0.104297,0.126754,-0.027142,-0.055345
0.236393,0.199249,0.22025,-0.08947,-0.115749,0.131119,0.048223,-0.104297,0.126754,-0.027142,-0.055345,0.015706
0.238441,0.199249,-0.08947,-0.115749,0.131119,0.048223,-0.104297,0.126754,-0.027142,-0.055345,0.015706,0.079004
0.238003,0.199249,-0.115749,0.131119,0.048223,-0.104297,0.126754,-0.027142,-0.055345,0.015706,0.079004,-0.024257
0.237109,0.199249,0.131119,0.048223,-0.104297,0.126754,-0.027142,-0.055345,0.015706,0.079004,-0.024257,-0.269473
0.237363,0.199249,0.048223,-0.104297,0.126754,-0.027142,-0.055345,0.015706,0.079004,-0.024257,-0.269473,0.183993
0.238641,0.199249,-0.104297,0.126754,-0.027142,-0.055345,0.015706,0.079004,-0.024257,-0.269473,0.183993,0.065963
0.238249,0.199249,0.126754,-0.027142,-0.055345,0.015706,0.079004,-0.024257,-0.269473,0.183993,0.065963,-0.116059
0.233893,0.199249,-0.027142,-0.055345,0.015706,0.079004,-0.024257,-0.269473,0.183993,0.065963,-0.116059,0.141464
0.23687,0.199249,-0.055345,0.015706,0.079004,-0.024257,-0.269473,0.183993,0.065963,-0.116059,0.141464,-0.01525
0.237937,0.199249,0.015706,0.079004,-0.024257,-0.269473,0.183993,0.065963,-0.116059,0.141464,-0.01525,-0.070173
0.236059,0.199249,0.079004,-0.024257,-0.269473,0.183993,0.065963,-0.116059,0.141464,-0.01525,-0.070173,0.045266
0.238345,0.200806,-0.024257,-0.269473,0.183993,0.065963,-0.116059,0.141464,-0.01525,-0.070173,0.045266,0.201027
0.238099,0.200806,-0.269473,0.183993,0.065963,-0.116059,0.141464,-0.01525,-0.070173,0.045266,0.201027,-0.089804
0.236966,0.200806,0.183993,0.065963,-0.116059,0.141464,-0.01525,-0.070173,0.045266,0.201027,-0.089804,-0.086686
0.237698,0.200806,0.065963,-0.116059,0.141464,-0.01525,-0.070173,0.045266,0.201027,-0.089804,-0.086686,0.069304
0.240945,0.200806,-0.116059,0.141464,-0.01525,-0.070173,0.045266,0.201027,-0.089804,-0.086686,0.069304,0.098841
0.239497,0.200806,0.141464,-0.01525,-0.070173,0.045266,0.201027,-0.089804,-0.086686,0.069304,0.098841,-0.125594
0.238099,0.200806,-0.01525,-0.070173,0.045266,0.201027,-0.089804,-0.086686,0.069304,0.098841,-0.125594,0.151594
0.239217,0.200806,-0.070173,0.045266,0.201027,-0.089804,-0.086686,0.069304,0.098841,-0.125594,0.151594,-0.030245
0.240813,0.200806,0.045266,0.201027,-0.089804,-0.086686,0.069304,0.098841,-0.125594,0.151594,-0.030245,-0.043973
0.238785,0.200806,0.201027,-0.089804,-0.086686,0.069304,0.098841,-0.125594,0.151594,-0.030245,-0.043973,0.012561
0.241229,0.200806,-0.089804,-0.086686,0.069304,0.098841,-0.125594,0.151594,-0.030245,-0.043973,0.012561,0.220431
0.240742,0.200806,-0.086686,0.069304,0.098841,-0.125594,0.151594,-0.030245,-0.043973,0.012561,0.220431,-0.066203
0.240034,0.200806,0.069304,0.098841,-0.125594,0.151594,-0.030245,-0.043973,0.012561,0.220431,-0.066203,-0.123199
0.240236,0.200806,0.098841,-0.125594,0.151594,-0.030245,-0.043973,0.012561,0.220431,-0.066203,-0.123199,0.117537
0.24379,0.200806,-0.125594,0.151594,-0.030245,-0.043973,0.012561,0.220431,-0.066203,-0.123199,0.117537,-0.071292
0.242725,0.200806,0.151594,-0.030245,-0.043973,0.012561,0.220431,-0.066203,-0.123199,0.117537,-0.071292,0.017231
0.240742,0.200806,-0.030245,-0.043973,0.012561,0.220431,-0.066203,-0.123199,0.117537,-0.071292,0.017231,-0.06603
0.242634,0.200806,-0.043973,0.012561,0.220431,-0.066203,-0.123199,0.117537,-0.071292,0.017231,-0.06603,0.038561
0.241486,0.200806,0.012561,0.220431,-0.066203,-0.123199,0.117537,-0.071292,0.017231,-0.06603,0.038561,-0.035108
0.241763,0.200806,0.220431,-0.066203,-0.123199,0.117537,-0.071292,0.017231,-0.06603,0.038561,-0.035108,0.048287
0.2407,0.200806,-0.066203,-0.123199,0.117537,-0.071292,0.017231,-0.06603,0.038561,-0.035108,0.048287,0.260386
0.24132,0.200806,-0.123199,0.117537,-0.071292,0.017231,-0.06603,0.038561,-0.035108,0.048287,0.260386,-0.08143
0.240755,0.200806,0.117537,-0.071292,0.017231,-0.06603,0.038561,-0.035108,0.048287,0.260386,-0.08143,-0.12067
0.241534,0.200806,-0.071292,0.017231,-0.06603,0.038561,-0.035108,0.048287,0.260386,-0.08143,-0.12067,0.172215
0.245725,0.200806,0.017231,-0.06603,0.038561,-0.035108,0.048287,0.260386,-0.08143,-0.12067,0.172215,0.090622
0.244418,0.200806,-0.06603,0.038561,-0.035108,0.048287,0.260386,-0.08143,-0.12067,0.172215,0.090622,-0.084879
0.242479,0.200806,0.038561,-0.035108,0.048287,0.260386,-0.08143,-0.12067,0.172215,0.090622,-0.084879,0.169743
0.245246,0.200806,-0.035108,0.048287,0.260386,-0.08143,-0.12067,0.172215,0.090622,-0.084879,0.169743,-0.112557
0.246701,0.200806,0.048287,0.260386,-0.08143,-0.12067,0.172215,0.090622,-0.084879,0.169743,-0.112557,-0.135392
0.245338,0.200806,0.260386,-0.08143,-0.12067,0.172215,0.090622,-0.084879,0.169743,-0.112557,-0.135392,-0.044726
0.24806,0.200806,-0.08143,-0.12067,0.172215,0.090622,-0.084879,0.169743,-0.112557,-0.135392,-0.044726,0.313203
0.246257,0.200806,-0.12067,0.172215,0.090622,-0.084879,0.169743,-0.112557,-0.135392,-0.044726,0.313203,-0.054423
0.244084,0.200806,0.172215,0.090622,-0.084879,0.169743,-0.112557,-0.135392,-0.044726,0.313203,-0.054423,-0.172897
0.243364,0.200806,0.090622,-0.084879,0.169743,-0.112557,-0.135392,-0.044726,0.313203,-0.054423,-0.172897,-0.032601
0.248397,0.200806,-0.084879,0.169743,-0.112557,-0.135392,-0.044726,0.313203,-0.054423,-0.172897,-0.032601,0.126692
0.247525,0.229889,0.169743,-0.112557,-0.135392,-0.044726,0.313203,-0.054423,-0.172897,-0.032601,0.126692,-0.048674
0.244753,0.229889,-0.112557,-0.135392,-0.044726,0.313203,-0.054423,-0.172897,-0.032601,0.126692,-0.048674,0.148533
0.244229,0.229889,-0.135392,-0.044726,0.313203,-0.054423,-0.172897,-0.032601,0.126692,-0.048674,0.148533,0.045496
0.246265,0.229889,-0.044726,0.313203,-0.054423,-0.172897,-0.032601,0.126692,-0.048674,0.148533,0.045496,0.00639
0.245483,0.229889,0.313203,-0.054423,-0.172897,-0.032601,0.126692,-0.048674,0.148533,0.045496,0.00639,0.094086
0.247866,0.229889,-0.054423,-0.172897,-0.032601,0.126692,-0.048674,0.148533,0.045496,0.00639,0.094086,0.260264
0.248594,0.229889,-0.172897,-0.032601,0.126692,-0.048674,0.148533,0.045496,0.00639,0.094086,0.260264,-0.107039
0.248696,0.229889,-0.032601,0.126692,-0.048674,0.148533,0.045496,0.00639,0.094086,0.260264,-0.107039,-0.110638
0.250203,0.229889,0.126692,-0.048674,0.148533,0.045496,0.00639,0.094086,0.260264,-0.107039,-0.110638,0.202934
0.254364,0.229889,-0.048674,0.148533,0.045496,0.00639,0.094086,0.260264,-0.107039,-0.110638,0.202934,0.134927
0.252656,0.229889,0.148533,0.045496,0.00639,0.094086,0.260264,-0.107039,-0.110638,0.202934,0.134927,-0.073926
0.25089,0.229889,0.045496,0.00639,0.094086,0.260264,-0.107039,-0.110638,0.202934,0.134927,-0.073926,0.183912
0.254129,0.229889,0.00639,0.094086,0.260264,-0.107039,-0.110638,0.202934,0.134927,-0.073926,0.183912,0.000036
0.25628,0.229889,0.094086,0.260264,-0.107039,-0.110638,0.202934,0.134927,-0.073926,0.183912,0.000036,-0.01897
0.255102,0.229889,0.260264,-0.107039,-0.110638,0.202934,0.134927,-0.073926,0.183912,0.000036,-0.01897,0.073443
0.258028,0.229889,-0.107039,-0.110638,0.202934,0.134927,-0.073926,0.183912,0.000036,-0.01897,0.073443,0.294597
0.258029,0.229889,-0.110638,0.202934,0.134927,-0.073926,0.183912,0.000036,-0.01897,0.073443,0.294597,-0.080362
0.257728,0.229889,0.202934,0.134927,-0.073926,0.183912,0.000036,-0.01897,0.073443,0.294597,-0.080362,-0.134944
0.258896,0.229889,0.134927,-0.073926,0.183912,0.000036,-0.01897,0.073443,0.294597,-0.080362,-0.134944,0.17852
0.263572,0.229889,-0.073926,0.183912,0.000036,-0.01897,0.073443,0.294597,-0.080362,-0.134944,0.17852,0.171666
0.2623,0.252075,0.183912,0.000036,-0.01897,0.073443,0.294597,-0.080362,-0.134944,0.17852,0.171666,-0.081327
0.260162,0.252075,0.000036,-0.01897,0.073443,0.294597,-0.080362,-0.134944,0.17852,0.171666,-0.081327,0.179257
0.26299,0.252075,-0.01897,0.073443,0.294597,-0.080362,-0.134944,0.17852,0.171666,-0.081327,0.179257,0.009812
0.265707,0.252075,0.073443,0.294597,-0.080362,-0.134944,0.17852,0.171666,-0.081327,0.179257,0.009812,0.002265
0.26442,0.252075,0.294597,-0.080362,-0.134944,0.17852,0.171666,-0.081327,0.179257,0.009812,0.002265,0.106019
0.267252,0.252075,-0.080362,-0.134944,0.17852,0.171666,-0.081327,0.179257,0.009812,0.002265,0.106019,0.27348
0.267407,0.252075,-0.134944,0.17852,0.171666,-0.081327,0.179257,0.009812,0.002265,0.106019,0.27348,-0.033108
0.267443,0.252075,0.17852,0.171666,-0.081327,0.179257,0.009812,0.002265,0.106019,0.27348,-0.033108,-0.112418
0.269116,0.252075,0.171666,-0.081327,0.179257,0.009812,0.002265,0.106019,0.27348,-0.033108,-0.112418,0.208388
0.273423,0.252075,-0.081327,0.179257,0.009812,0.002265,0.106019,0.27348,-0.033108,-0.112418,0.208388,0.158952
0.272903,0.252075,0.179257,0.009812,0.002265,0.106019,0.27348,-0.033108,-0.112418,0.208388,0.158952,-0.076322
0.271137,0.252075,0.009812,0.002265,0.106019,0.27348,-0.033108,-0.112418,0.208388,0.158952,-0.076322,0.201399
0.274409,0.252075,0.002265,0.106019,0.27348,-0.033108,-0.112418,0.208388,0.158952,-0.076322,0.201399,-0.006031
0.276903,0.252075,0.106019,0.27348,-0.033108,-0.112418,0.208388,0.158952,-0.076322,0.201399,-0.006031,-0.001687
0.275706,0.252075,0.27348,-0.033108,-0.112418,0.208388,0.158952,-0.076322,0.201399,-0.006031,-0.001687,0.114263
0.278859,0.252075,-0.033108,-0.112418,0.208388,0.158952,-0.076322,0.201399,-0.006031,-0.001687,0.114263,0.314775
0.278765,0.252075,-0.112418,0.208388,0.158952,-0.076322,0.201399,-0.006031,-0.001687,0.114263,0.314775,-0.076151
0.278738,0.252075,0.208388,0.158952,-0.076322,0.201399,-0.006031,-0.001687,0.114263,0.314775,-0.076151,-0.141596
0.280525,0.252075,0.158952,-0.076322,0.201399,-0.006031,-0.001687,0.114263,0.314775,-0.076151,-0.141596,-0.064435
0.285437,0.252075,-0.076322,0.201399,-0.006031,-0.001687,0.114263,0.314775,-0.076151,-0.141596,-0.064435,0.144285
0.284252,0.252075,0.201399,-0.006031,-0.001687,0.114263,0.314775,-0.076151,-0.141596,-0.064435,0.144285,-0.027711
0.282047,0.252075,-0.006031,-0.001687,0.114263,0.314775,-0.076151,-0.141596,-0.064435,0.144285,-0.027711,0.188775
0.281042,0.252075,-0.001687,0.114263,0.314775,-0.076151,-0.141596,-0.064435,0.144285,-0.027711,0.188775,0.050662
0.283294,0.252075,0.114263,0.314775,-0.076151,-0.141596,-0.064435,0.144285,-0.027711,0.188775,0.050662,0.007764
0.282862,0.252075,0.314775,-0.076151,-0.141596,-0.064435,0.144285,-0.027711,0.188775,0.050662,0.007764,0.115588
0.285801,0.252075,-0.076151,-0.141596,-0.064435,0.144285,-0.027711,0.188775,0.050662,0.007764,0.115588,0.361766
0.286588,0.252075,-0.141596,-0.064435,0.144285,-0.027711,0.188775,0.050662,0.007764,0.115588,0.361766,-0.080359
0.286709,0.252075,-0.064435,0.144285,-0.027711,0.188775,0.050662,0.007764,0.115588,0.361766,-0.080359,-0.134162
0.288506,0.252075,0.144285,-0.027711,0.188775,0.050662,0.007764,0.115588,0.361766,-0.080359,-0.134162,0.2542
0.294114,0.252075,-0.027711,0.188775,0.050662,0.007764,0.115588,0.361766,-0.080359,-0.134162,0.2542,0.208822
0.292872,0.252075,0.188775,0.050662,0.007764,0.115588,0.361766,-0.080359,-0.134162,0.2542,0.208822,-0.068593
0.290797,0.252075,0.050662,0.007764,0.115588,0.361766,-0.080359,-0.134162,0.2542,0.208822,-0.068593,0.179064
0.294727,0.252075,0.007764,0.115588,0.361766,-0.080359,-0.134162,0.2542,0.208822,-0.068593,0.179064,0.042309
0.297951,0.252075,0.115588,0.361766,-0.080359,-0.134162,0.2542,0.208822,-0.068593,0.179064,0.042309,-0.130116
0.296893,0.252075,0.361766,-0.080359,-0.134162,0.2542,0.208822,-0.068593,0.179064,0.042309,-0.130116,-0.178983
0.299651,0.252075,-0.080359,-0.134162,0.2542,0.208822,-0.068593,0.179064,0.042309,-0.130116,-0.178983,0.227621
0.300301,0.252075,-0.134162,0.2542,0.208822,-0.068593,0.179064,0.042309,-0.130116,-0.178983,0.227621,-0.132107
0.298299,0.252075,0.2542,0.208822,-0.068593,0.179064,0.042309,-0.130116,-0.178983,0.227621,-0.132107,-0.223609
0.295537,0.252075,0.208822,-0.068593,0.179064,0.042309,-0.130116,-0.178983,0.227621,-0.132107,-0.223609,0.12616
0.29905,0.280365,-0.068593,0.179064,0.042309,-0.130116,-0.178983,0.227621,-0.132107,-0.223609,0.12616,0.15794
0.297015,0.280365,0.179064,0.042309,-0.130116,-0.178983,0.227621,-0.132107,-0.223609,0.12616,0.15794,-0.122991
0.293566,0.280365,0.042309,-0.130116,-0.178983,0.227621,-0.132107,-0.223609,0.12616,0.15794,-0.122991,0.209504
0.295513,0.280365,-0.130116,-0.178983,0.227621,-0.132107,-0.223609,0.12616,0.15794,-0.122991,0.209504,0.052585
0.297951,0.280365,-0.178983,0.227621,-0.132107,-0.223609,0.12616,0.15794,-0.122991,0.209504,0.052585,0.01054
0.296053,0.280365,0.227621,-0.132107,-0.223609,0.12616,0.15794,-0.122991,0.209504,0.052585,0.01054,0.166071
0.299281,0.280365,-0.132107,-0.223609,0.12616,0.15794,-0.122991,0.209504,0.052585,0.01054,0.166071,0.35045
0.30009,0.280365,-0.223609,0.12616,0.15794,-0.122991,0.209504,0.052585,0.01054,0.166071,0.35045,-0.085307
0.300252,0.280365,0.12616,0.15794,-0.122991,0.209504,0.052585,0.01054,0.166071,0.35045,-0.085307,-0.124323
0.302805,0.280365,0.15794,-0.122991,0.209504,0.052585,0.01054,0.166071,0.35045,-0.085307,-0.124323,0.181171
0.30818,0.280365,-0.122991,0.209504,0.052585,0.01054,0.166071,0.35045,-0.085307,-0.124323,0.181171,0.203281
0.306875,0.280365,0.209504,0.052585,0.01054,0.166071,0.35045,-0.085307,-0.124323,0.181171,0.203281,-0.143356
0.304973,0.280365,0.052585,0.01054,0.166071,0.35045,-0.085307,-0.124323,0.181171,0.203281,-0.143356,0.202645
0.307745,0.280365,0.01054,0.166071,0.35045,-0.085307,-0.124323,0.181171,0.203281,-0.143356,0.202645,0.011947
0.310852,0.280365,0.166071,0.35045,-0.085307,-0.124323,0.181171,0.203281,-0.143356,0.202645,0.011947,-0.035845
0.308661,0.280365,0.35045,-0.085307,-0.124323,0.181171,0.203281,-0.143356,0.202645,0.011947,-0.035845,0.073864
0.311754,0.280365,-0.085307,-0.124323,0.181171,0.203281,-0.143356,0.202645,0.011947,-0.035845,0.073864,0.355425
0.311936,0.280365,-0.124323,0.181171,0.203281,-0.143356,0.202645,0.011947,-0.035845,0.073864,0.355425,-0.104238
0.311389,0.280365,0.181171,0.203281,-0.143356,0.202645,0.011947,-0.035845,0.073864,0.355425,-0.104238,-0.12327
0.312516,0.280365,0.203281,-0.143356,0.202645,0.011947,-0.035845,0.073864,0.355425,-0.104238,-0.12327,0.205977
0.317927,0.282318,-0.143356,0.202645,0.011947,-0.035845,0.073864,0.355425,-0.104238,-0.12327,0.205977,0.163787
0.316344,0.282318,0.202645,0.011947,-0.035845,0.073864,0.355425,-0.104238,-0.12327,0.205977,0.163787,-0.099344
0.314471,0.282318,0.011947,-0.035845,0.073864,0.355425,-0.104238,-0.12327,0.205977,0.163787,-0.099344,0.211758
0.3176,0.282318,-0.035845,0.073864,0.355425,-0.104238,-0.12327,0.205977,0.163787,-0.099344,0.211758,0.023314
0.320085,0.282318,0.073864,0.355425,-0.104238,-0.12327,0.205977,0.163787,-0.099344,0.211758,0.023314,-0.037388
0.318578,0.282318,0.355425,-0.104238,-0.12327,0.205977,0.163787,-0.099344,0.211758,0.023314,-0.037388,0.060094
0.321785,0.282318,-0.104238,-0.12327,0.205977,0.163787,-0.099344,0.211758,0.023314,-0.037388,0.060094,0.38253
0.322138,0.282318,-0.12327,0.205977,0.163787,-0.099344,0.211758,0.023314,-0.037388,0.060094,0.38253,-0.109478
0.321572,0.282318,0.205977,0.163787,-0.099344,0.211758,0.023314,-0.037388,0.060094,0.38253,-0.109478,-0.176839
0.322482,0.282318,0.163787,-0.099344,0.211758,0.023314,-0.037388,0.060094,0.38253,-0.109478,-0.176839,0.206152
0.32826,0.282318,-0.099344,0.211758,0.023314,-0.037388,0.060094,0.38253,-0.109478,-0.176839,0.206152,0.199329
0.326611,0.282318,0.211758,0.023314,-0.037388,0.060094,0.38253,-0.109478,-0.176839,0.206152,0.199329,-0.111932
0.323945,0.282318,0.023314,-0.037388,0.060094,0.38253,-0.109478,-0.176839,0.206152,0.199329,-0.111932,0.187836
0.327054,0.282318,-0.037388,0.060094,0.38253,-0.109478,-0.176839,0.206152,0.199329,-0.111932,0.187836,0.03143
0.330056,0.282318,0.060094,0.38253,-0.109478,-0.176839,0.206152,0.199329,-0.111932,0.187836,0.03143,-0.060959
0.328371,0.282318,0.38253,-0.109478,-0.176839,0.206152,0.199329,-0.111932,0.187836,0.03143,-0.060959,0.041962
0.331195,0.282318,-0.109478,-0.176839,0.206152,0.199329,-0.111932,0.187836,0.03143,-0.060959,0.041962,0.383452
0.331667,0.282318,-0.176839,0.206152,0.199329,-0.111932,0.187836,0.03143,-0.060959,0.041962,0.383452,-0.110916
0.330752,0.282318,0.206152,0.199329,-0.111932,0.187836,0.03143,-0.060959,0.041962,0.383452,-0.110916,-0.150528
0.331383,0.282318,0.199329,-0.111932,0.187836,0.03143,-0.060959,0.041962,0.383452,-0.110916,-0.150528,0.14279
0.337136,0.282318,-0.111932,0.187836,0.03143,-0.060959,0.041962,0.383452,-0.110916,-0.150528,0.14279,-0.124918
0.335476,0.282318,0.187836,0.03143,-0.060959,0.041962,0.383452,-0.110916,-0.150528,0.14279,-0.124918,0.050029
0.333222,0.282318,0.03143,-0.060959,0.041962,0.383452,-0.110916,-0.150528,0.14279,-0.124918,0.050029,0.134814
0.335361,0.282318,-0.060959,0.041962,0.383452,-0.110916,-0.150528,0.14279,-0.124918,0.050029,0.134814,0.03566
0.333488,0.282318,0.041962,0.383452,-0.110916,-0.150528,0.14279,-0.124918,0.050029,0.134814,0.03566,-0.032188
0.334239,0.282318,0.383452,-0.110916,-0.150528,0.14279,-0.124918,0.050029,0.134814,0.03566,-0.032188,-0.002777
0.336258,0.282318,-0.110916,-0.150528,0.14279,-0.124918,0.050029,0.134814,0.03566,-0.032188,-0.002777,0.211298
0.336791,0.282318,-0.150528,0.14279,-0.124918,0.050029,0.134814,0.03566,-0.032188,-0.002777,0.211298,-0.215948
0.336309,0.282318,0.14279,-0.124918,0.050029,0.134814,0.03566,-0.032188,-0.002777,0.211298,-0.215948,-0.057701
0.336268,0.282318,-0.124918,0.050029,0.134814,0.03566,-0.032188,-0.002777,0.211298,-0.215948,-0.057701,0.199499
0.33943,0.282318,0.050029,0.134814,0.03566,-0.032188,-0.002777,0.211298,-0.215948,-0.057701,0.199499,0.17691
0.336202,0.282318,0.134814,0.03566,-0.032188,-0.002777,0.211298,-0.215948,-0.057701,0.199499,0.17691,0.096621
0.335339,0.282318,0.03566,-0.032188,-0.002777,0.211298,-0.215948,-0.057701,0.199499,0.17691,0.096621,0.046939
0.338322,0.282318,-0.032188,-0.002777,0.211298,-0.215948,-0.057701,0.199499,0.17691,0.096621,0.046939,0.032576
0.340965,0.282318,-0.002777,0.211298,-0.215948,-0.057701,0.199499,0.17691,0.096621,0.046939,0.032576,0.000968
0.342406,0.282318,0.211298,-0.215948,-0.057701,0.199499,0.17691,0.096621,0.046939,0.032576,0.000968,0.038017
0.343105,0.282318,-0.215948,-0.057701,0.199499,0.17691,0.096621,0.046939,0.032576,0.000968,0.038017,0.383978
0.34359,0.282318,-0.057701,0.199499,0.17691,0.096621,0.046939,0.032576,0.000968,0.038017,0.383978,-0.124505
0.343604,0.282318,0.199499,0.17691,0.096621,0.046939,0.032576,0.000968,0.038017,0.383978,-0.124505,-0.200265
0.34417,0.282318,0.17691,0.096621,0.046939,0.032576,0.000968,0.038017,0.383978,-0.124505,-0.200265,-0.078936
0.349877,0.282318,0.096621,0.046939,0.032576,0.000968,0.038017,0.383978,-0.124505,-0.200265,-0.078936,0.201378
0.348032,0.282318,0.046939,0.032576,0.000968,0.038017,0.383978,-0.124505,-0.200265,-0.078936,0.201378,-0.096123
0.34506,0.282318,0.032576,0.000968,0.038017,0.383978,-0.124505,-0.200265,-0.078936,0.201378,-0.096123,0.19668
0.343886,0.282196,0.000968,0.038017,0.383978,-0.124505,-0.200265,-0.078936,0.201378,-0.096123,0.19668,0.059995
0.346882,0.282196,0.038017,0.383978,-0.124505,-0.200265,-0.078936,0.201378,-0.096123,0.19668,0.059995,-0.037799
0.345453,0.282196,0.383978,-0.124505,-0.200265,-0.078936,0.201378,-0.096123,0.19668,0.059995,-0.037799,0.072391
0.348373,0.282196,-0.124505,-0.200265,-0.078936,0.201378,-0.096123,0.19668,0.059995,-0.037799,0.072391,0.393069
0.349261,0.282196,-0.200265,-0.078936,0.201378,-0.096123,0.19668,0.059995,-0.037799,0.072391,0.393069,-0.133351
0.348701,0.282196,-0.078936,0.201378,-0.096123,0.19668,0.059995,-0.037799,0.072391,0.393069,-0.133351,-0.129247
0.349775,0.282196,0.201378,-0.096123,0.19668,0.059995,-0.037799,0.072391,0.393069,-0.133351,-0.129247,0.139764
0.355593,0.282196,-0.096123,0.19668,0.059995,-0.037799,0.072391,0.393069,-0.133351,-0.129247,0.139764,-0.143709
0.353624,0.282196,0.19668,0.059995,-0.037799,0.072391,0.393069,-0.133351,-0.129247,0.139764,-0.143709,0.06875
0.351715,0.282196,0.059995,-0.037799,0.072391,0.393069,-0.133351,-0.129247,0.139764,-0.143709,0.06875,0.099376
0.35378,0.282196,-0.037799,0.072391,0.393069,-0.133351,-0.129247,0.139764,-0.143709,0.06875,0.099376,0.064805
0.351654,0.282196,0.072391,0.393069,-0.133351,-0.129247,0.139764,-0.143709,0.06875,0.099376,0.064805,-0.069767
0.352672,0.282196,0.393069,-0.133351,-0.129247,0.139764,-0.143709,0.06875,0.099376,0.064805,-0.069767,0.084312
0.35414,0.282196,-0.133351,-0.129247,0.139764,-0.143709,0.06875,0.099376,0.064805,-0.069767,0.084312,0.382579
0.355096,0.282196,-0.129247,0.139764,-0.143709,0.06875,0.099376,0.064805,-0.069767,0.084312,0.382579,-0.138391
0.354066,0.282196,0.139764,-0.143709,0.06875,0.099376,0.064805,-0.069767,0.084312,0.382579,-0.138391,-0.138468
0.355312,0.282196,-0.143709,0.06875,0.099376,0.064805,-0.069767,0.084312,0.382579,-0.138391,-0.138468,0.172422
0.360952,0.282196,0.06875,0.099376,0.064805,-0.069767,0.084312,0.382579,-0.138391,-0.138468,0.172422,0.16733
0.358917,0.282196,0.099376,0.064805,-0.069767,0.084312,0.382579,-0.138391,-0.138468,0.172422,0.16733,0.06707
0.356879,0.282196,0.064805,-0.069767,0.084312,0.382579,-0.138391,-0.138468,0.172422,0.16733,0.06707,-0.07174
0.359417,0.282196,-0.069767,0.084312,0.382579,-0.138391,-0.138468,0.172422,0.16733,0.06707,-0.07174,-0.076238
0.361878,0.282196,0.084312,0.382579,-0.138391,-0.138468,0.172422,0.16733,0.06707,-0.07174,-0.076238,-0.188696
0.362864,0.280243,0.382579,-0.138391,-0.138468,0.172422,0.16733,0.06707,-0.07174,-0.076238,-0.188696,0.135543
0.36181,0.280243,-0.138391,-0.138468,0.172422,0.16733,0.06707,-0.07174,-0.076238,-0.188696,0.135543,0.157222
0.360691,0.280243,-0.138468,0.172422,0.16733,0.06707,-0.07174,-0.076238,-0.188696,0.135543,0.157222,0.027068
0.357917,0.280243,0.172422,0.16733,0.06707,-0.07174,-0.076238,-0.188696,0.135543,0.157222,0.027068,-0.398691
0.359913,0.280243,0.16733,0.06707,-0.07174,-0.076238,-0.188696,0.135543,0.157222,0.027068,-0.398691,0.298312
0.362226,0.280243,0.06707,-0.07174,-0.076238,-0.188696,0.135543,0.157222,0.027068,-0.398691,0.298312,0.096698
0.362623,0.280243,-0.07174,-0.076238,-0.188696,0.135543,0.157222,0.027068,-0.398691,0.298312,0.096698,0.106799
0.356764,0.280243,-0.076238,-0.188696,0.135543,0.157222,0.027068,-0.398691,0.298312,0.096698,0.106799,0.134819
0.361152,0.280243,-0.188696,0.135543,0.157222,0.027068,-0.398691,0.298312,0.096698,0.106799,0.134819,-0.033022
0.362573,0.280243,0.135543,0.157222,0.027068,-0.398691,0.298312,0.096698,0.106799,0.134819,-0.033022,0.031331
0.364141,0.280243,0.157222,0.027068,-0.398691,0.298312,0.096698,0.106799,0.134819,-0.033022,0.031331,-0.093585
0.366116,0.280243,0.027068,-0.398691,0.298312,0.096698,0.106799,0.134819,-0.033022,0.031331,-0.093585,0.295038
0.365633,0.280243,-0.398691,0.298312,0.096698,0.106799,0.134819,-0.033022,0.031331,-0.093585,0.295038,-0.299548
0.366091,0.280243,0.298312,0.096698,0.106799,0.134819,-0.033022,0.031331,-0.093585,0.295038,-0.299548,-0.025008
0.36472,0.280243,0.096698,0.106799,0.134819,-0.033022,0.031331,-0.093585,0.295038,-0.299548,-0.025008,0.138838
0.369041,0.280243,0.106799,0.134819,-0.033022,0.031331,-0.093585,0.295038,-0.299548,-0.025008,0.138838,0.169125
0.364658,0.280243,0.134819,-0.033022,0.031331,-0.093585,0.295038,-0.299548,-0.025008,0.138838,0.169125,0.084612
0.364292,0.280243,-0.033022,0.031331,-0.093585,0.295038,-0.299548,-0.025008,0.138838,0.169125,0.084612,0.044324
0.366325,0.280243,0.031331,-0.093585,0.295038,-0.299548,-0.025008,0.138838,0.169125,0.084612,0.044324,0.035311
0.3688,0.280243,-0.093585,0.295038,-0.299548,-0.025008,0.138838,0.169125,0.084612,0.044324,0.035311,-0.02109
0.370037,0.280243,0.295038,-0.299548,-0.025008,0.138838,0.169125,0.084612,0.044324,0.035311,-0.02109,0.029292
0.370684,0.280243,-0.299548,-0.025008,0.138838,0.169125,0.084612,0.044324,0.035311,-0.02109,0.029292,0.381127
0.371198,0.280243,-0.025008,0.138838,0.169125,0.084612,0.044324,0.035311,-0.02109,0.029292,0.381127,-0.137818
0.370891,0.280243,0.138838,0.169125,0.084612,0.044324,0.035311,-0.02109,0.029292,0.381127,-0.137818,-0.143008
0.371318,0.280243,0.169125,0.084612,0.044324,0.035311,-0.02109,0.029292,0.381127,-0.137818,-0.143008,0.136781
0.376871,0.280243,0.084612,0.044324,0.035311,-0.02109,0.029292,0.381127,-0.137818,-0.143008,0.136781,0.175435
0.374868,0.280243,0.044324,0.035311,-0.02109,0.029292,0.381127,-0.137818,-0.143008,0.136781,0.175435,0.037754
0.372788,0.280243,0.035311,-0.02109,0.029292,0.381127,-0.137818,-0.143008,0.136781,0.175435,0.037754,-0.023772
0.374778,0.280243,-0.02109,0.029292,0.381127,-0.137818,-0.143008,0.136781,0.175435,0.037754,-0.023772,-0.074434
0.37733,0.280243,0.029292,0.381127,-0.137818,-0.143008,0.136781,0.175435,0.037754,-0.023772,-0.074434,-0.281418
0.377879,0.280243,0.381127,-0.137818,-0.143008,0.136781,0.175435,0.037754,-0.023772,-0.074434,-0.281418,-0.055374
0.377534,0.280243,-0.137818,-0.143008,0.136781,0.175435,0.037754,-0.023772,-0.074434,-0.281418,-0.055374,0.312152
0.376453,0.280243,-0.143008,0.136781,0.175435,0.037754,-0.023772,-0.074434,-0.281418,-0.055374,0.312152,-0.056399
0.372361,0.280243,0.136781,0.175435,0.037754,-0.023772,-0.074434,-0.281418,-0.055374,0.312152,-0.056399,-0.17554
0.371553,0.280243,0.175435,0.037754,-0.023772,-0.074434,-0.281418,-0.055374,0.312152,-0.056399,-0.17554,-0.069737
0.376102,0.280243,0.037754,-0.023772,-0.074434,-0.281418,-0.055374,0.312152,-0.056399,-0.17554,-0.069737,0.300288
0.375282,0.280243,-0.023772,-0.074434,-0.281418,-0.055374,0.312152,-0.056399,-0.17554,-0.069737,0.300288,-0.136958
0.372729,0.280243,-0.074434,-0.281418,-0.055374,0.312152,-0.056399,-0.17554,-0.069737,0.300288,-0.136958,0.216218
0.371714,0.280243,-0.281418,-0.055374,0.312152,-0.056399,-0.17554,-0.069737,0.300288,-0.136958,0.216218,0.01141
0.376088,0.280243,-0.055374,0.312152,-0.056399,-0.17554,-0.069737,0.300288,-0.136958,0.216218,0.01141,-0.009556
0.374094,0.280243,0.312152,-0.056399,-0.17554,-0.069737,0.300288,-0.136958,0.216218,0.01141,-0.009556,0.045305
0.377237,0.280243,-0.056399,-0.17554,-0.069737,0.300288,-0.136958,0.216218,0.01141,-0.009556,0.045305,0.424324
0.377403,0.280243,-0.17554,-0.069737,0.300288,-0.136958,0.216218,0.01141,-0.009556,0.045305,0.424324,-0.1806
0.377264,0.280243,-0.069737,0.300288,-0.136958,0.216218,0.01141,-0.009556,0.045305,0.424324,-0.1806,-0.116139
0.377922,0.280243,0.300288,-0.136958,0.216218,0.01141,-0.009556,0.045305,0.424324,-0.1806,-0.116139,0.093054
0.384073,0.280243,-0.136958,0.216218,0.01141,-0.009556,0.045305,0.424324,-0.1806,-0.116139,0.093054,-0.069702
0.381462,0.280243,0.216218,0.01141,-0.009556,0.045305,0.424324,-0.1806,-0.116139,0.093054,-0.069702,0.034071
0.379781,0.2771,0.01141,-0.009556,0.045305,0.424324,-0.1806,-0.116139,0.093054,-0.069702,0.034071,0.09582
0.381128,0.2771,-0.009556,0.045305,0.424324,-0.1806,-0.116139,0.093054,-0.069702,0.034071,0.09582,0.040592
0.380118,0.2771,0.045305,0.424324,-0.1806,-0.116139,0.093054,-0.069702,0.034071,0.09582,0.040592,-0.088428
0.380612,0.2771,0.424324,-0.1806,-0.116139,0.093054,-0.069702,0.034071,0.09582,0.040592,-0.088428,0.086435
0.381999,0.2771,-0.1806,-0.116139,0.093054,-0.069702,0.034071,0.09582,0.040592,-0.088428,0.086435,0.416423
0.382586,0.2771,-0.116139,0.093054,-0.069702,0.034071,0.09582,0.040592,-0.088428,0.086435,0.416423,-0.152814
0.381307,0.2771,0.093054,-0.069702,0.034071,0.09582,0.040592,-0.088428,0.086435,0.416423,-0.152814,-0.212717
0.382559,0.2771,-0.069702,0.034071,0.09582,0.040592,-0.088428,0.086435,0.416423,-0.152814,-0.212717,-0.100999
0.388576,0.2771,0.034071,0.09582,0.040592,-0.088428,0.086435,0.416423,-0.152814,-0.212717,-0.100999,0.198056
0.386373,0.2771,0.09582,0.040592,-0.088428,0.086435,0.416423,-0.152814,-0.212717,-0.100999,0.198056,0.051314
0.383304,0.2771,0.040592,-0.088428,0.086435,0.416423,-0.152814,-0.212717,-0.100999,0.198056,0.051314,0.08058
0.381844,0.2771,-0.088428,0.086435,0.416423,-0.152814,-0.212717,-0.100999,0.198056,0.051314,0.08058,0.016052
0.384709,0.2771,0.086435,0.416423,-0.152814,-0.212717,-0.100999,0.198056,0.051314,0.08058,0.016052,-0.010423
0.385451,0.2771,0.416423,-0.152814,-0.212717,-0.100999,0.198056,0.051314,0.08058,0.016052,-0.010423,-0.050418
0.386614,0.2771,-0.152814,-0.212717,-0.100999,0.198056,0.051314,0.08058,0.016052,-0.010423,-0.050418,0.276987
0.386845,0.2771,-0.212717,-0.100999,0.198056,0.051314,0.08058,0.016052,-0.010423,-0.050418,0.276987,-0.299104
0.386695,0.2771,-0.100999,0.198056,0.051314,0.08058,0.016052,-0.010423,-0.050418,0.276987,-0.299104,-0.046458
0.385967,0.2771,0.198056,0.051314,0.08058,0.016052,-0.010423,-0.050418,0.276987,-0.299104,-0.046458,0.16881
0.389962,0.2771,0.051314,0.08058,0.016052,-0.010423,-0.050418,0.276987,-0.299104,-0.046458,0.16881,0.183083
0.385652,0.2771,0.08058,0.016052,-0.010423,-0.050418,0.276987,-0.299104,-0.046458,0.16881,0.183083,0.069074
0.384982,0.2771,0.016052,-0.010423,-0.050418,0.276987,-0.299104,-0.046458,0.16881,0.183083,0.069074,0.014606
0.387416,0.2771,-0.010423,-0.050418,0.276987,-0.299104,-0.046458,0.16881,0.183083,0.069074,0.014606,0.062782
0.390055,0.2771,-0.050418,0.276987,-0.299104,-0.046458,0.16881,0.183083,0.069074,0.014606,0.062782,-0.057289
0.391049,0.275543,0.276987,-0.299104,-0.046458,0.16881,0.183083,0.069074,0.014606,0.062782,-0.057289,0.032513
0.391259,0.275543,-0.299104,-0.046458,0.16881,0.183083,0.069074,0.014606,0.062782,-0.057289,0.032513,0.421237
0.39216,0.275543,-0.046458,0.16881,0.183083,0.069074,0.014606,0.062782,-0.057289,0.032513,0.421237,-0.197547
0.391338,0.275543,0.16881,0.183083,0.069074,0.014606,0.062782,-0.057289,0.032513,0.421237,-0.197547,-0.089583
0.391805,0.275543,0.183083,0.069074,0.014606,0.062782,-0.057289,0.032513,0.421237,-0.197547,-0.089583,0.086395
0.397851,0.275543,0.069074,0.014606,0.062782,-0.057289,0.032513,0.421237,-0.197547,-0.089583,0.086395,0.20653
0.395022,0.275543,0.014606,0.062782,-0.057289,0.032513,0.421237,-0.197547,-0.089583,0.086395,0.20653,0.023858
0.393739,0.275543,0.062782,-0.057289,0.032513,0.421237,-0.197547,-0.089583,0.086395,0.20653,0.023858,0.062568
0.394977,0.275543,-0.057289,0.032513,0.421237,-0.197547,-0.089583,0.086395,0.20653,0.023858,0.062568,0.008241
0.397937,0.275543,0.032513,0.421237,-0.197547,-0.089583,0.086395,0.20653,0.023858,0.062568,0.008241,-0.050134
0.398279,0.275543,0.421237,-0.197547,-0.089583,0.086395,0.20653,0.023858,0.062568,0.008241,-0.050134,0.023683
0.399173,0.275543,-0.197547,-0.089583,0.086395,0.20653,0.023858,0.062568,0.008241,-0.050134,0.023683,0.393633
0.399291,0.275543,-0.089583,0.086395,0.20653,0.023858,0.062568,0.008241,-0.050134,0.023683,0.393633,-0.152391
0.398575,0.275543,0.086395,0.20653,0.023858,0.062568,0.008241,-0.050134,0.023683,0.393633,-0.152391,-0.159648
0.398914,0.275543,0.20653,0.023858,0.062568,0.008241,-0.050134,0.023683,0.393633,-0.152391,-0.159648,0.121564
0.404536,0.275543,0.023858,0.062568,0.008241,-0.050134,0.023683,0.393633,-0.152391,-0.159648,0.121564,0.195856
0.402364,0.275543,0.062568,0.008241,-0.050134,0.023683,0.393633,-0.152391,-0.159648,0.121564,0.195856,0.024657
0.400088,0.275543,0.008241,-0.050134,0.023683,0.393633,-0.152391,-0.159648,0.121564,0.195856,0.024657,0.059744
0.401822,0.275543,-0.050134,0.023683,0.393633,-0.152391,-0.159648,0.121564,0.195856,0.024657,0.059744,-0.030616
0.404616,0.275543,0.023683,0.393633,-0.152391,-0.159648,0.121564,0.195856,0.024657,0.059744,-0.030616,-0.046898
0.404967,0.275543,0.393633,-0.152391,-0.159648,0.121564,0.195856,0.024657,0.059744,-0.030616,-0.046898,0.040608
0.405817,0.275543,-0.152391,-0.159648,0.121564,0.195856,0.024657,0.059744,-0.030616,-0.046898,0.040608,0.412644
0.405382,0.275543,-0.159648,0.121564,0.195856,0.024657,0.059744,-0.030616,-0.046898,0.040608,0.412644,-0.206387
0.404715,0.275543,0.121564,0.195856,0.024657,0.059744,-0.030616,-0.046898,0.040608,0.412644,-0.206387,-0.126698
0.405293,0.275543,0.195856,0.024657,0.059744,-0.030616,-0.046898,0.040608,0.412644,-0.206387,-0.126698,0.100961
0.41116,0.275543,0.024657,0.059744,-0.030616,-0.046898,0.040608,0.412644,-0.206387,-0.126698,0.100961,0.342455
0.408232,0.275543,0.059744,-0.030616,-0.046898,0.040608,0.412644,-0.206387,-0.126698,0.100961,0.342455,-0.233074
0.406433,0.275543,-0.030616,-0.046898,0.040608,0.412644,-0.206387,-0.126698,0.100961,0.342455,-0.233074,0.192584
0.407867,0.275543,-0.046898,0.040608,0.412644,-0.206387,-0.126698,0.100961,0.342455,-0.233074,0.192584,-0.022072
0.412727,0.275543,0.040608,0.412644,-0.206387,-0.126698,0.100961,0.342455,-0.233074,0.192584,-0.022072,-0.04801
0.40942,0.275543,0.412644,-0.206387,-0.126698,0.100961,0.342455,-0.233074,0.192584,-0.022072,-0.04801,0.040438
0.41215,0.275543,-0.206387,-0.126698,0.100961,0.342455,-0.233074,0.192584,-0.022072,-0.04801,0.040438,0.369951
0.411838,0.275543,-0.126698,0.100961,0.342455,-0.233074,0.192584,-0.022072,-0.04801,0.040438,0.369951,-0.164173
0.411158,0.275543,0.100961,0.342455,-0.233074,0.192584,-0.022072,-0.04801,0.040438,0.369951,-0.164173,-0.220866
0.411731,0.275543,0.342455,-0.233074,0.192584,-0.022072,-0.04801,0.040438,0.369951,-0.164173,-0.220866,-0.122521
0.416968,0.275543,-0.233074,0.192584,-0.022072,-0.04801,0.040438,0.369951,-0.164173,-0.220866,-0.122521,-0.055612
0.414649,0.275543,0.192584,-0.022072,-0.04801,0.040438,0.369951,-0.164173,-0.220866,-0.122521,-0.055612,0.042668
0.411526,0.275543,-0.022072,-0.04801,0.040438,0.369951,-0.164173,-0.220866,-0.122521,-0.055612,0.042668,0.113463
0.40979,0.275543,-0.04801,0.040438,0.369951,-0.164173,-0.220866,-0.122521,-0.055612,0.042668,0.113463,0.021959
0.409,0.275543,0.040438,0.369951,-0.164173,-0.220866,-0.122521,-0.055612,0.042668,0.113463,0.021959,-0.122521
0.409606,0.275543,0.369951,-0.164173,-0.220866,-0.122521,-0.055612,0.042668,0.113463,0.021959,-0.122521,-0.11661
0.411215,0.275543,-0.164173,-0.220866,-0.122521,-0.055612,0.042668,0.113463,0.021959,-0.122521,-0.11661,0.35806
0.411526,0.275543,-0.220866,-0.122521,-0.055612,0.042668,0.113463,0.021959,-0.122521,-0.11661,0.35806,-0.14124
0.40979,0.275543,-0.122521,-0.055612,0.042668,0.113463,0.021959,-0.122521,-0.11661,0.35806,-0.14124,-0.105495
0.408133,0.275543,-0.055612,0.042668,0.113463,0.021959,-0.122521,-0.11661,0.35806,-0.14124,-0.105495,0.145389
0.413215,0.275543,0.042668,0.113463,0.021959,-0.122521,-0.11661,0.35806,-0.14124,-0.105495,0.145389,0.221004
0.411215,0.275543,0.113463,0.021959,-0.122521,-0.11661,0.35806,-0.14124,-0.105495,0.145389,0.221004,0.012654
0.409721,0.275543,0.021959,-0.122521,-0.11661,0.35806,-0.14124,-0.105495,0.145389,0.221004,0.012654,0.079733
0.41178,0.275543,-0.122521,-0.11661,0.35806,-0.14124,-0.105495,0.145389,0.221004,0.012654,0.079733,-0.008825
0.41491,0.275543,-0.11661,0.35806,-0.14124,-0.105495,0.145389,0.221004,0.012654,0.079733,-0.008825,-0.048742
0.415089,0.275543,0.35806,-0.14124,-0.105495,0.145389,0.221004,0.012654,0.079733,-0.008825,-0.048742,0.0182
0.416215,0.275543,-0.14124,-0.105495,0.145389,0.221004,0.012654,0.079733,-0.008825,-0.048742,0.0182,0.418108
0.416091,0.271759,-0.105495,0.145389,0.221004,0.012654,0.079733,-0.008825,-0.048742,0.0182,0.418108,-0.201109
0.415403,0.271759,0.145389,0.221004,0.012654,0.079733,-0.008825,-0.048742,0.0182,0.418108,-0.201109,-0.111448
0.41566,0.271759,0.221004,0.012654,0.079733,-0.008825,-0.048742,0.0182,0.418108,-0.201109,-0.111448,0.048964
0.421561,0.271759,0.012654,0.079733,-0.008825,-0.048742,0.0182,0.418108,-0.201109,-0.111448,0.048964,-0.061911
0.418729,0.271759,0.079733,-0.008825,-0.048742,0.0182,0.418108,-0.201109,-0.111448,0.048964,-0.061911,0.043946
0.417158,0.271759,-0.008825,-0.048742,0.0182,0.418108,-0.201109,-0.111448,0.048964,-0.061911,0.043946,0.040229
0.417849,0.271759,-0.048742,0.0182,0.418108,-0.201109,-0.111448,0.048964,-0.061911,0.043946,0.040229,0.02692
0.416974,0.271759,0.0182,0.418108,-0.201109,-0.111448,0.048964,-0.061911,0.043946,0.040229,0.02692,-0.071454
0.417595,0.271759,0.418108,-0.201109,-0.111448,0.048964,-0.061911,0.043946,0.040229,0.02692,-0.071454,0.080301
0.418163,0.271759,-0.201109,-0.111448,0.048964,-0.061911,0.043946,0.040229,0.02692,-0.071454,0.080301,0.407484
0.418542,0.271759,-0.111448,0.048964,-0.061911,0.043946,0.040229,0.02692,-0.071454,0.080301,0.407484,-0.197578
0.417535,0.271759,0.048964,-0.061911,0.043946,0.040229,0.02692,-0.071454,0.080301,0.407484,-0.197578,-0.143424
0.418668,0.271759,-0.061911,0.043946,0.040229,0.02692,-0.071454,0.080301,0.407484,-0.197578,-0.143424,0.111812
0.424407,0.271759,0.043946,0.040229,0.02692,-0.071454,0.080301,0.407484,-0.197578,-0.143424,0.111812,0.233387
0.42163,0.271759,0.040229,0.02692,-0.071454,0.080301,0.407484,-0.197578,-0.143424,0.111812,0.233387,0.018102
0.419613,0.271759,0.02692,-0.071454,0.080301,0.407484,-0.197578,-0.143424,0.111812,0.233387,0.018102,0.055072
0.421186,0.271759,-0.071454,0.080301,0.407484,-0.197578,-0.143424,0.111812,0.233387,0.018102,0.055072,0.000314
0.424469,0.271759,0.080301,0.407484,-0.197578,-0.143424,0.111812,0.233387,0.018102,0.055072,0.000314,-0.027797
0.424724,0.271759,0.407484,-0.197578,-0.143424,0.111812,0.233387,0.018102,0.055072,0.000314,-0.027797,0.076207
0.425496,0.271759,-0.197578,-0.143424,0.111812,0.233387,0.018102,0.055072,0.000314,-0.027797,0.076207,0.213554
0.425501,0.271759,-0.143424,0.111812,0.233387,0.018102,0.055072,0.000314,-0.027797,0.076207,0.213554,-0.053564
0.425111,0.271759,0.111812,0.233387,0.018102,0.055072,0.000314,-0.027797,0.076207,0.213554,-0.053564,-0.421393
0.426181,0.271759,0.233387,0.018102,0.055072,0.000314,-0.027797,0.076207,0.213554,-0.053564,-0.421393,0.325221
0.429175,0.271759,0.018102,0.055072,0.000314,-0.027797,0.076207,0.213554,-0.053564,-0.421393,0.325221,0.062678
0.428426,0.271759,0.055072,0.000314,-0.027797,0.076207,0.213554,-0.053564,-0.421393,0.325221,0.062678,0.205328
0.422519,0.271759,0.000314,-0.027797,0.076207,0.213554,-0.053564,-0.421393,0.325221,0.062678,0.205328,-0.02613
0.427081,0.269806,-0.027797,0.076207,0.213554,-0.053564,-0.421393,0.325221,0.062678,0.205328,-0.02613,0.083033
0.42796,0.269806,0.076207,0.213554,-0.053564,-0.421393,0.325221,0.062678,0.205328,-0.02613,0.083033,-0.07442
0.430836,0.269806,0.213554,-0.053564,-0.421393,0.325221,0.062678,0.205328,-0.02613,0.083033,-0.07442,0.021607
0.430471,0.269806,-0.053564,-0.421393,0.325221,0.062678,0.205328,-0.02613,0.083033,-0.07442,0.021607,0.525592
0.43163,0.269806,-0.421393,0.325221,0.062678,0.205328,-0.02613,0.083033,-0.07442,0.021607,0.525592,-0.252934
0.430591,0.269806,0.325221,0.062678,0.205328,-0.02613,0.083033,-0.07442,0.021607,0.525592,-0.252934,-0.077968
0.430893,0.269806,0.062678,0.205328,-0.02613,0.083033,-0.07442,0.021607,0.525592,-0.252934,-0.077968,0.086412
0.438228,0.269806,0.205328,-0.02613,0.083033,-0.07442,0.021607,0.525592,-0.252934,-0.077968,0.086412,0.280356
0.434707,0.269806,-0.02613,0.083033,-0.07442,0.021607,0.525592,-0.252934,-0.077968,0.086412,0.280356,-0.161172
0.43362,0.269806,0.083033,-0.07442,0.021607,0.525592,-0.252934,-0.077968,0.086412,0.280356,-0.161172,0.066839
0.434825,0.269806,-0.07442,0.021607,0.525592,-0.252934,-0.077968,0.086412,0.280356,-0.161172,0.066839,-0.217251
0.43873,0.269806,0.021607,0.525592,-0.252934,-0.077968,0.086412,0.280356,-0.161172,0.066839,-0.217251,0.091112
0.436486,0.269806,0.525592,-0.252934,-0.077968,0.086412,0.280356,-0.161172,0.066839,-0.217251,0.091112,-0.038697
0.437416,0.269806,-0.252934,-0.077968,0.086412,0.280356,-0.161172,0.066839,-0.217251,0.091112,-0.038697,0.525875
0.434393,0.269806,-0.077968,0.086412,0.280356,-0.161172,0.066839,-0.217251,0.091112,-0.038697,0.525875,-0.226783
0.435662,0.269806,0.086412,0.280356,-0.161172,0.066839,-0.217251,0.091112,-0.038697,0.525875,-0.226783,-0.078604
0.435122,0.269806,0.280356,-0.161172,0.066839,-0.217251,0.091112,-0.038697,0.525875,-0.226783,-0.078604,0.09623
0.442439,0.269806,-0.161172,0.066839,-0.217251,0.091112,-0.038697,0.525875,-0.226783,-0.078604,0.09623,0.263834
0.439292,0.269806,0.066839,-0.217251,0.091112,-0.038697,0.525875,-0.226783,-0.078604,0.09623,0.263834,0.076516
0.4382,0.269806,-0.217251,0.091112,-0.038697,0.525875,-0.226783,-0.078604,0.09623,0.263834,0.076516,0.01205
0.439537,0.269806,0.091112,-0.038697,0.525875,-0.226783,-0.078604,0.09623,0.263834,0.076516,0.01205,0.052748
0.443201,0.269806,-0.038697,0.525875,-0.226783,-0.078604,0.09623,0.263834,0.076516,0.01205,0.052748,-0.077546
0.444262,0.269806,0.525875,-0.226783,-0.078604,0.09623,0.263834,0.076516,0.01205,0.052748,-0.077546,0.100623
0.444428,0.269806,-0.226783,-0.078604,0.09623,0.263834,0.076516,0.01205,0.052748,-0.077546,0.100623,0.428242
0.445158,0.269806,-0.078604,0.09623,0.263834,0.076516,0.01205,0.052748,-0.077546,0.100623,0.428242,-0.220696
0.444085,0.269806,0.09623,0.263834,0.076516,0.01205,0.052748,-0.077546,0.100623,0.428242,-0.220696,-0.113069
0.445479,0.269806,0.263834,0.076516,0.01205,0.052748,-0.077546,0.100623,0.428242,-0.220696,-0.113069,0.116322
0.451398,0.269806,0.076516,0.01205,0.052748,-0.077546,0.100623,0.428242,-0.220696,-0.113069,0.116322,0.272482
0.448354,0.269806,0.01205,0.052748,-0.077546,0.100623,0.428242,-0.220696,-0.113069,0.116322,0.272482,0.006836
0.446793,0.269806,0.052748,-0.077546,0.100623,0.428242,-0.220696,-0.113069,0.116322,0.272482,0.006836,0.084949
0.448399,0.269806,-0.077546,0.100623,0.428242,-0.220696,-0.113069,0.116322,0.272482,0.006836,0.084949,-0.018172
0.45216,0.269806,0.100623,0.428242,-0.220696,-0.113069,0.116322,0.272482,0.006836,0.084949,-0.018172,-0.036322
0.452254,0.269806,0.428242,-0.220696,-0.113069,0.116322,0.272482,0.006836,0.084949,-0.018172,-0.036322,0.063104
0.453423,0.269806,-0.220696,-0.113069,0.116322,0.272482,0.006836,0.084949,-0.018172,-0.036322,0.063104,0.455451
0.453173,0.269806,-0.113069,0.116322,0.272482,0.006836,0.084949,-0.018172,-0.036322,0.063104,0.455451,-0.223765
0.452674,0.269806,0.116322,0.272482,0.006836,0.084949,-0.018172,-0.036322,0.063104,0.455451,-0.223765,-0.124474
0.453543,0.269806,0.272482,0.006836,0.084949,-0.018172,-0.036322,0.063104,0.455451,-0.223765,-0.124474,0.098387
0.459802,0.269806,0.006836,0.084949,-0.018172,-0.036322,0.063104,0.455451,-0.223765,-0.124474,0.098387,0.295499
0.456734,0.269806,0.084949,-0.018172,-0.036322,0.063104,0.455451,-0.223765,-0.124474,0.098387,0.295499,-0.007041
0.455026,0.269806,-0.018172,-0.036322,0.063104,0.455451,-0.223765,-0.124474,0.098387,0.295499,-0.007041,0.06274
0.456376,0.269806,-0.036322,0.063104,0.455451,-0.223765,-0.124474,0.098387,0.295499,-0.007041,0.06274,0.02082
0.460432,0.269806,0.063104,0.455451,-0.223765,-0.124474,0.098387,0.295499,-0.007041,0.06274,0.02082,-0.047319
0.460335,0.269806,0.455451,-0.223765,-0.124474,0.098387,0.295499,-0.007041,0.06274,0.02082,-0.047319,0.092431
0.461194,0.269806,-0.223765,-0.124474,0.098387,0.295499,-0.007041,0.06274,0.02082,-0.047319,0.092431,0.429635
0.461479,0.269806,-0.124474,0.098387,0.295499,-0.007041,0.06274,0.02082,-0.047319,0.092431,0.429635,-0.16281
0.460831,0.269806,0.098387,0.295499,-0.007041,0.06274,0.02082,-0.047319,0.092431,0.429635,-0.16281,-0.205082
0.462097,0.269806,0.295499,-0.007041,0.06274,0.02082,-0.047319,0.092431,0.429635,-0.16281,-0.205082,-0.081786
0.467968,0.269806,-0.007041,0.06274,0.02082,-0.047319,0.092431,0.429635,-0.16281,-0.205082,-0.081786,0.068105
0.465749,0.269806,0.06274,0.02082,-0.047319,0.092431,0.429635,-0.16281,-0.205082,-0.081786,0.068105,0.056621
0.46295,0.269806,0.02082,-0.047319,0.092431,0.429635,-0.16281,-0.205082,-0.081786,0.068105,0.056621,-0.156871
0.461833,0.269806,-0.047319,0.092431,0.429635,-0.16281,-0.205082,-0.081786,0.068105,0.056621,-0.156871,0.040398
0.462765,0.269806,0.092431,0.429635,-0.16281,-0.205082,-0.081786,0.068105,0.056621,-0.156871,0.040398,-0.159439
0.463539,0.269806,0.429635,-0.16281,-0.205082,-0.081786,0.068105,0.056621,-0.156871,0.040398,-0.159439,0.058328
0.461394,0.269806,-0.16281,-0.205082,-0.081786,0.068105,0.056621,-0.156871,0.040398,-0.159439,0.058328,0.546428
0.461947,0.269806,-0.205082,-0.081786,0.068105,0.056621,-0.156871,0.040398,-0.159439,0.058328,0.546428,-0.231706
0.459765,0.269806,-0.081786,0.068105,0.056621,-0.156871,0.040398,-0.159439,0.058328,0.546428,-0.231706,-0.05763
0.460565,0.269806,0.068105,0.056621,-0.156871,0.040398,-0.159439,0.058328,0.546428,-0.231706,-0.05763,0.188236
0.468035,0.269806,0.056621,-0.156871,0.040398,-0.159439,0.058328,0.546428,-0.231706,-0.05763,0.188236,0.340289
0.464876,0.269806,-0.156871,0.040398,-0.159439,0.058328,0.546428,-0.231706,-0.05763,0.188236,0.340289,-0.026264
0.46409,0.269806,0.040398,-0.159439,0.058328,0.546428,-0.231706,-0.05763,0.188236,0.340289,-0.026264,0.125
0.466657,0.269806,-0.159439,0.058328,0.546428,-0.231706,-0.05763,0.188236,0.340289,-0.026264,0.125,-0.013386
0.471293,0.269806,0.058328,0.546428,-0.231706,-0.05763,0.188236,0.340289,-0.026264,0.125,-0.013386,0.000659
0.470936,0.292114,0.546428,-0.231706,-0.05763,0.188236,0.340289,-0.026264,0.125,-0.013386,0.000659,0.053384
0.472634,0.292114,-0.231706,-0.05763,0.188236,0.340289,-0.026264,0.125,-0.013386,0.000659,0.053384,0.506008
0.472453,0.292114,-0.05763,0.188236,0.340289,-0.026264,0.125,-0.013386,0.000659,0.053384,0.506008,-0.442259
0.472462,0.292114,0.188236,0.340289,-0.026264,0.125,-0.013386,0.000659,0.053384,0.506008,-0.442259,-0.033435
0.473187,0.292114,0.340289,-0.026264,0.125,-0.013386,0.000659,0.053384,0.506008,-0.442259,-0.033435,-0.124293
0.480048,0.292114,-0.026264,0.125,-0.013386,0.000659,0.053384,0.506008,-0.442259,-0.033435,-0.124293,0.600223
0.47406,0.292114,0.125,-0.013386,0.000659,0.053384,0.506008,-0.442259,-0.033435,-0.124293,0.600223,-0.313086
0.473607,0.292114,-0.013386,0.000659,0.053384,0.506008,-0.442259,-0.033435,-0.124293,0.600223,-0.313086,0.313862
0.47192,0.292114,0.000659,0.053384,0.506008,-0.442259,-0.033435,-0.124293,0.600223,-0.313086,0.313862,-0.084373
0.480059,0.292114,0.053384,0.506008,-0.442259,-0.033435,-0.124293,0.600223,-0.313086,0.313862,-0.084373,0.147155
0.475818,0.292114,0.506008,-0.442259,-0.033435,-0.124293,0.600223,-0.313086,0.313862,-0.084373,0.147155,-0.063149
0.480064,0.292114,-0.442259,-0.033435,-0.124293,0.600223,-0.313086,0.313862,-0.084373,0.147155,-0.063149,0.339654
0.478925,0.292114,-0.033435,-0.124293,0.600223,-0.313086,0.313862,-0.084373,0.147155,-0.063149,0.339654,-0.080098
0.480912,0.292114,-0.124293,0.600223,-0.313086,0.313862,-0.084373,0.147155,-0.063149,0.339654,-0.080098,-0.435153
0.480059,0.292114,0.600223,-0.313086,0.313862,-0.084373,0.147155,-0.063149,0.339654,-0.080098,-0.435153,0.304253
0.484646,0.292114,-0.313086,0.313862,-0.084373,0.147155,-0.063149,0.339654,-0.080098,-0.435153,0.304253,0.170323
0.483567,0.292114,0.313862,-0.084373,0.147155,-0.063149,0.339654,-0.080098,-0.435153,0.304253,0.170323,0.035177
0.477694,0.292114,-0.084373,0.147155,-0.063149,0.339654,-0.080098,-0.435153,0.304253,0.170323,0.035177,0.011927
0.481804,0.292114,0.147155,-0.063149,0.339654,-0.080098,-0.435153,0.304253,0.170323,0.035177,0.011927,-0.156558
0.484103,0.292114,-0.063149,0.339654,-0.080098,-0.435153,0.304253,0.170323,0.035177,0.011927,-0.156558,0.096845
0.484577,0.292114,0.339654,-0.080098,-0.435153,0.304253,0.170323,0.035177,0.011927,-0.156558,0.096845,0.027772
0.484738,0.292114,-0.080098,-0.435153,0.304253,0.170323,0.035177,0.011927,-0.156558,0.096845,0.027772,0.622035
0.482629,0.292114,-0.435153,0.304253,0.170323,0.035177,0.011927,-0.156558,0.096845,0.027772,0.622035,-0.277331
0.483934,0.292114,0.304253,0.170323,0.035177,0.011927,-0.156558,0.096845,0.027772,0.622035,-0.277331,-0.018567
0.484309,0.292114,0.170323,0.035177,0.011927,-0.156558,0.096845,0.027772,0.622035,-0.277331,-0.018567,0.118282
0.492675,0.292114,0.035177,0.011927,-0.156558,0.096845,0.027772,0.622035,-0.277331,-0.018567,0.118282,0.359357
0.488955,0.292114,0.011927,-0.156558,0.096845,0.027772,0.622035,-0.277331,-0.018567,0.118282,0.359357,0.010685
0.488706,0.292114,-0.156558,0.096845,0.027772,0.622035,-0.277331,-0.018567,0.118282,0.359357,0.010685,0.065555
0.490293,0.292114,0.096845,0.027772,0.622035,-0.277331,-0.018567,0.118282,0.359357,0.010685,0.065555,0.054807
0.495111,0.292114,0.027772,0.622035,-0.277331,-0.018567,0.118282,0.359357,0.010685,0.065555,0.054807,-0.006448
0.495254,0.292114,0.622035,-0.277331,-0.018567,0.118282,0.359357,0.010685,0.065555,0.054807,-0.006448,0.084545
0.496131,0.292114,-0.277331,-0.018567,0.118282,0.359357,0.010685,0.065555,0.054807,-0.006448,0.084545,0.533833
0.496863,0.302399,-0.018567,0.118282,0.359357,0.010685,0.065555,0.054807,-0.006448,0.084545,0.533833,-0.256593
0.496777,0.302399,0.118282,0.359357,0.010685,0.065555,0.054807,-0.006448,0.084545,0.533833,-0.256593,-0.055787
0.497907,0.302399,0.359357,0.010685,0.065555,0.054807,-0.006448,0.084545,0.533833,-0.256593,-0.055787,0.077854
0.505025,0.302399,0.010685,0.065555,0.054807,-0.006448,0.084545,0.533833,-0.256593,-0.055787,0.077854,0.095396
0.501611,0.302399,0.065555,0.054807,-0.006448,0.084545,0.533833,-0.256593,-0.055787,0.077854,0.095396,-0.052097
0.500869,0.302399,0.054807,-0.006448,0.084545,0.533833,-0.256593,-0.055787,0.077854,0.095396,-0.052097,-0.017706
0.501905,0.302399,-0.006448,0.084545,0.533833,-0.256593,-0.055787,0.077854,0.095396,-0.052097,-0.017706,0.002509
0.503176,0.302399,0.084545,0.533833,-0.256593,-0.055787,0.077854,0.095396,-0.052097,-0.017706,0.002509,-0.239429
0.502482,0.302399,0.533833,-0.256593,-0.055787,0.077854,0.095396,-0.052097,-0.017706,0.002509,-0.239429,0.021544
0.502246,0.302399,-0.256593,-0.055787,0.077854,0.095396,-0.052097,-0.017706,0.002509,-0.239429,0.021544,0.407715
0.50228,0.302399,-0.055787,0.077854,0.095396,-0.052097,-0.017706,0.002509,-0.239429,0.021544,0.407715,-0.097389
0.499091,0.302399,0.077854,0.095396,-0.052097,-0.017706,0.002509,-0.239429,0.021544,0.407715,-0.097389,-0.098425
0.499378,0.302399,0.095396,-0.052097,-0.017706,0.002509,-0.239429,0.021544,0.407715,-0.097389,-0.098425,0.189678
0.504812,0.302399,-0.052097,-0.017706,0.002509,-0.239429,0.021544,0.407715,-0.097389,-0.098425,0.189678,0.432583
0.503518,0.302399,-0.017706,0.002509,-0.239429,0.021544,0.407715,-0.097389,-0.098425,0.189678,0.432583,-0.01471
0.502209,0.302399,0.002509,-0.239429,0.021544,0.407715,-0.097389,-0.098425,0.189678,0.432583,-0.01471,0.123026
0.504731,0.302399,-0.239429,0.021544,0.407715,-0.097389,-0.098425,0.189678,0.432583,-0.01471,0.123026,0.040723
0.510473,0.302399,0.021544,0.407715,-0.097389,-0.098425,0.189678,0.432583,-0.01471,0.123026,0.040723,0.040847
0.510278,0.302399,0.407715,-0.097389,-0.098425,0.189678,0.432583,-0.01471,0.123026,0.040723,0.040847,0.009659
0.511906,0.302399,-0.097389,-0.098425,0.189678,0.432583,-0.01471,0.123026,0.040723,0.040847,0.009659,0.628296
0.512444,0.302399,-0.098425,0.189678,0.432583,-0.01471,0.123026,0.040723,0.040847,0.009659,0.628296,-0.552272
0.512984,0.302399,0.189678,0.432583,-0.01471,0.123026,0.040723,0.040847,0.009659,0.628296,-0.552272,0.068176
0.513112,0.302399,0.432583,-0.01471,0.123026,0.040723,0.040847,0.009659,0.628296,-0.552272,0.068176,-0.160009
0.521402,0.302399,-0.01471,0.123026,0.040723,0.040847,0.009659,0.628296,-0.552272,0.068176,-0.160009,0.63029
0.514126,0.302399,0.123026,0.040723,0.040847,0.009659,0.628296,-0.552272,0.068176,-0.160009,0.63029,-0.342217
0.515025,0.302399,0.040723,0.040847,0.009659,0.628296,-0.552272,0.068176,-0.160009,0.63029,-0.342217,0.328341
0.512913,0.302399,0.040847,0.009659,0.628296,-0.552272,0.068176,-0.160009,0.63029,-0.342217,0.328341,-0.057451
0.521228,0.302399,0.009659,0.628296,-0.552272,0.068176,-0.160009,0.63029,-0.342217,0.328341,-0.057451,0.11245
0.516717,0.302399,0.628296,-0.552272,0.068176,-0.160009,0.63029,-0.342217,0.328341,-0.057451,0.11245,-0.024216
0.52104,0.302399,-0.552272,0.068176,-0.160009,0.63029,-0.342217,0.328341,-0.057451,0.11245,-0.024216,0.605882
0.520285,0.302399,0.068176,-0.160009,0.63029,-0.342217,0.328341,-0.057451,0.11245,-0.024216,0.605882,-0.25571
0.521763,0.302399,-0.160009,0.63029,-0.342217,0.328341,-0.057451,0.11245,-0.024216,0.605882,-0.25571,-0.013412
0.521445,0.302399,0.63029,-0.342217,0.328341,-0.057451,0.11245,-0.024216,0.605882,-0.25571,-0.013412,0.063137
0.529396,0.302399,-0.342217,0.328341,-0.057451,0.11245,-0.024216,0.605882,-0.25571,-0.013412,0.063137,0.415448
0.526049,0.302399,0.328341,-0.057451,0.11245,-0.024216,0.605882,-0.25571,-0.013412,0.063137,0.415448,-0.069758
0.525874,0.302399,-0.057451,0.11245,-0.024216,0.605882,-0.25571,-0.013412,0.063137,0.415448,-0.069758,0.090914
0.5267,0.302399,0.11245,-0.024216,0.605882,-0.25571,-0.013412,0.063137,0.415448,-0.069758,0.090914,-0.002135
0.532137,0.302399,-0.024216,0.605882,-0.25571,-0.013412,0.063137,0.415448,-0.069758,0.090914,-0.002135,0.012753
0.531225,0.302399,0.605882,-0.25571,-0.013412,0.063137,0.415448,-0.069758,0.090914,-0.002135,0.012753,0.058156
0.532412,0.302399,-0.25571,-0.013412,0.063137,0.415448,-0.069758,0.090914,-0.002135,0.012753,0.058156,0.279799
0.532384,0.302399,-0.013412,0.063137,0.415448,-0.069758,0.090914,-0.002135,0.012753,0.058156,0.279799,-0.100533
0.532551,0.302399,0.063137,0.415448,-0.069758,0.090914,-0.002135,0.012753,0.058156,0.279799,-0.100533,-0.391343
0.53331,0.302399,0.415448,-0.069758,0.090914,-0.002135,0.012753,0.058156,0.279799,-0.100533,-0.391343,0.271678
0.536959,0.302399,-0.069758,0.090914,-0.002135,0.012753,0.058156,0.279799,-0.100533,-0.391343,0.271678,0.250294
0.53565,0.302399,0.090914,-0.002135,0.012753,0.058156,0.279799,-0.100533,-0.391343,0.271678,0.250294,0.139841
0.53055,0.302399,-0.002135,0.012753,0.058156,0.279799,-0.100533,-0.391343,0.271678,0.250294,0.139841,-0.197331
0.534094,0.302399,0.012753,0.058156,0.279799,-0.100533,-0.391343,0.271678,0.250294,0.139841,-0.197331,0.083266
0.537355,0.302399,0.058156,0.279799,-0.100533,-0.391343,0.271678,0.250294,0.139841,-0.197331,0.083266,-0.282134
0.539175,0.302399,0.279799,-0.100533,-0.391343,0.271678,0.250294,0.139841,-0.197331,0.083266,-0.282134,0.013075
0.53661,0.302399,-0.100533,-0.391343,0.271678,0.250294,0.139841,-0.197331,0.083266,-0.282134,0.013075,0.39968
0.537692,0.302399,-0.391343,0.271678,0.250294,0.139841,-0.197331,0.083266,-0.282134,0.013075,0.39968,-0.151945
0.53402,0.302399,0.271678,0.250294,0.139841,-0.197331,0.083266,-0.282134,0.013075,0.39968,-0.151945,-0.036137
0.534191,0.302399,0.250294,0.139841,-0.197331,0.083266,-0.282134,0.013075,0.39968,-0.151945,-0.036137,0.10916
0.539397,0.302399,0.139841,-0.197331,0.083266,-0.282134,0.013075,0.39968,-0.151945,-0.036137,0.10916,0.400666
0.537422,0.302399,-0.197331,0.083266,-0.282134,0.013075,0.39968,-0.151945,-0.036137,0.10916,0.400666,-0.001682
0.536953,0.302399,0.083266,-0.282134,0.013075,0.39968,-0.151945,-0.036137,0.10916,0.400666,-0.001682,0.05979
0.538372,0.302399,-0.282134,0.013075,0.39968,-0.151945,-0.036137,0.10916,0.400666,-0.001682,0.05979,0.096299
0.543575,0.302399,0.013075,0.39968,-0.151945,-0.036137,0.10916,0.400666,-0.001682,0.05979,0.096299,-0.114801
0.543554,0.302399,0.39968,-0.151945,-0.036137,0.10916,0.400666,-0.001682,0.05979,0.096299,-0.114801,-0.239737
0.544328,0.302399,-0.151945,-0.036137,0.10916,0.400666,-0.001682,0.05979,0.096299,-0.114801,-0.239737,0.267359
0.545573,0.302399,-0.036137,0.10916,0.400666,-0.001682,0.05979,0.096299,-0.114801,-0.239737,0.267359,-0.313319
0.544088,0.302399,0.10916,0.400666,-0.001682,0.05979,0.096299,-0.114801,-0.239737,0.267359,-0.313319,0.05531
0.540978,0.302399,0.400666,-0.001682,0.05979,0.096299,-0.114801,-0.239737,0.267359,-0.313319,0.05531,0.012299
0.544447,0.302399,-0.001682,0.05979,0.096299,-0.114801,-0.239737,0.267359,-0.313319,0.05531,0.012299,0.477592
0.540385,0.302399,0.05979,0.096299,-0.114801,-0.239737,0.267359,-0.313319,0.05531,0.012299,0.477592,-0.070707
0.541102,0.302399,0.096299,-0.114801,-0.239737,0.267359,-0.313319,0.05531,0.012299,0.477592,-0.070707,0.124214
0.541262,0.302399,-0.114801,-0.239737,0.267359,-0.313319,0.05531,0.012299,0.477592,-0.070707,0.124214,0.033108
0.547451,0.302399,-0.239737,0.267359,-0.313319,0.05531,0.012299,0.477592,-0.070707,0.124214,0.033108,0.058373
0.546536,0.302399,0.267359,-0.313319,0.05531,0.012299,0.477592,-0.070707,0.124214,0.033108,0.058373,0.063797
0.548141,0.302399,-0.313319,0.05531,0.012299,0.477592,-0.070707,0.124214,0.033108,0.058373,0.063797,0.519356
0.548569,0.302399,0.05531,0.012299,0.477592,-0.070707,0.124214,0.033108,0.058373,0.063797,0.519356,-0.29038
0.549322,0.302399,0.012299,0.477592,-0.070707,0.124214,0.033108,0.058373,0.063797,0.519356,-0.29038,-0.036822
0.550146,0.302399,0.477592,-0.070707,0.124214,0.033108,0.058373,0.063797,0.519356,-0.29038,-0.036822,0.058501
0.556839,0.302399,-0.070707,0.124214,0.033108,0.058373,0.063797,0.519356,-0.29038,-0.036822,0.058501,0.357516
0.553104,0.297577,0.124214,0.033108,0.058373,0.063797,0.519356,-0.29038,-0.036822,0.058501,0.357516,-0.059567
0.552631,0.297577,0.033108,0.058373,0.063797,0.519356,-0.29038,-0.036822,0.058501,0.357516,-0.059567,0.027304
0.553383,0.297577,0.058373,0.063797,0.519356,-0.29038,-0.036822,0.058501,0.357516,-0.059567,0.027304,-0.042927
0.557983,0.297577,0.063797,0.519356,-0.29038,-0.036822,0.058501,0.357516,-0.059567,0.027304,-0.042927,-0.206464
0.557217,0.297577,0.519356,-0.29038,-0.036822,0.058501,0.357516,-0.059567,0.027304,-0.042927,-0.206464,-0.222536
0.557568,0.297577,-0.29038,-0.036822,0.058501,0.357516,-0.059567,0.027304,-0.042927,-0.206464,-0.222536,0.467741
0.557017,0.297577,-0.036822,0.058501,0.357516,-0.059567,0.027304,-0.042927,-0.206464,-0.222536,0.467741,-0.196736
0.554364,0.297577,0.058501,0.357516,-0.059567,0.027304,-0.042927,-0.206464,-0.222536,0.467741,-0.196736,0.004294
0.551496,0.297577,0.357516,-0.059567,0.027304,-0.042927,-0.206464,-0.222536,0.467741,-0.196736,0.004294,0.023276
0.55752,0.297577,-0.059567,0.027304,-0.042927,-0.206464,-0.222536,0.467741,-0.196736,0.004294,0.023276,0.429715
0.554992,0.297577,0.027304,-0.042927,-0.206464,-0.222536,0.467741,-0.196736,0.004294,0.023276,0.429715,-0.053754
0.555048,0.297577,-0.042927,-0.206464,-0.222536,0.467741,-0.196736,0.004294,0.023276,0.429715,-0.053754,0.033694
0.555347,0.297577,-0.206464,-0.222536,0.467741,-0.196736,0.004294,0.023276,0.429715,-0.053754,0.033694,0.105812
0.560866,0.297577,-0.222536,0.467741,-0.196736,0.004294,0.023276,0.429715,-0.053754,0.033694,0.105812,-0.048463
0.560177,0.297577,0.467741,-0.196736,0.004294,0.023276,0.429715,-0.053754,0.033694,0.105812,-0.048463,0.057838
0.560609,0.297577,-0.196736,0.004294,0.023276,0.429715,-0.053754,0.033694,0.105812,-0.048463,0.057838,0.472215
0.561963,0.297577,0.004294,0.023276,0.429715,-0.053754,0.033694,0.105812,-0.048463,0.057838,0.472215,-0.259671
0.561342,0.297577,0.023276,0.429715,-0.053754,0.033694,0.105812,-0.048463,0.057838,0.472215,-0.259671,-0.02535
0.562084,0.297577,0.429715,-0.053754,0.033694,0.105812,-0.048463,0.057838,0.472215,-0.259671,-0.02535,-0.012981
0.568124,0.297577,-0.053754,0.033694,0.105812,-0.048463,0.057838,0.472215,-0.259671,-0.02535,-0.012981,0.41197
0.564809,0.297577,0.033694,0.105812,-0.048463,0.057838,0.472215,-0.259671,-0.02535,-0.012981,0.41197,-0.096151
0.564485,0.297577,0.105812,-0.048463,0.057838,0.472215,-0.259671,-0.02535,-0.012981,0.41197,-0.096151,0.053178
0.564319,0.297577,-0.048463,0.057838,0.472215,-0.259671,-0.02535,-0.012981,0.41197,-0.096151,0.053178,0.022944
0.569581,0.297577,0.057838,0.472215,-0.259671,-0.02535,-0.012981,0.41197,-0.096151,0.053178,0.022944,-0.055768
0.568354,0.297577,0.472215,-0.259671,-0.02535,-0.012981,0.41197,-0.096151,0.053178,0.022944,-0.055768,-0.176602
0.569032,0.297577,-0.259671,-0.02535,-0.012981,0.41197,-0.096151,0.053178,0.022944,-0.055768,-0.176602,0.385549
0.569325,0.297577,-0.02535,-0.012981,0.41197,-0.096151,0.053178,0.022944,-0.055768,-0.176602,0.385549,-0.188503
0.568614,0.297577,-0.012981,0.41197,-0.096151,0.053178,0.022944,-0.055768,-0.176602,0.385549,-0.188503,-0.061672
0.566359,0.297577,0.41197,-0.096151,0.053178,0.022944,-0.055768,-0.176602,0.385549,-0.188503,-0.061672,0.065063
0.571279,0.297577,-0.096151,0.053178,0.022944,-0.055768,-0.176602,0.385549,-0.188503,-0.061672,0.065063,0.348176
0.568878,0.297577,0.053178,0.022944,-0.055768,-0.176602,0.385549,-0.188503,-0.061672,0.065063,0.348176,-0.017676
0.568093,0.297577,0.022944,-0.055768,-0.176602,0.385549,-0.188503,-0.061672,0.065063,0.348176,-0.017676,0.035869
0.568922,0.297577,-0.055768,-0.176602,0.385549,-0.188503,-0.061672,0.065063,0.348176,-0.017676,0.035869,0.053809
0.573357,0.297577,-0.176602,0.385549,-0.188503,-0.061672,0.065063,0.348176,-0.017676,0.035869,0.053809,-0.007922
0.573132,0.297577,0.385549,-0.188503,-0.061672,0.065063,0.348176,-0.017676,0.035869,0.053809,-0.007922,0.027207
0.573588,0.297577,-0.188503,-0.061672,0.065063,0.348176,-0.017676,0.035869,0.053809,-0.007922,0.027207,0.4969
0.574271,0.297577,-0.061672,0.065063,0.348176,-0.017676,0.035869,0.053809,-0.007922,0.027207,0.4969,-0.527856
0.574171,0.297577,0.065063,0.348176,-0.017676,0.035869,0.053809,-0.007922,0.027207,0.4969,-0.527856,0.090585
0.574516,0.297577,0.348176,-0.017676,0.035869,0.053809,-0.007922,0.027207,0.4969,-0.527856,0.090585,-0.233511
0.580822,0.297577,-0.017676,0.035869,0.053809,-0.007922,0.027207,0.4969,-0.527856,0.090585,-0.233511,0.496964
0.57413,0.297577,0.035869,0.053809,-0.007922,0.027207,0.4969,-0.527856,0.090585,-0.233511,0.496964,-0.21941
0.57528,0.297577,0.053809,-0.007922,0.027207,0.4969,-0.527856,0.090585,-0.233511,0.496964,-0.21941,0.183584
0.572314,0.297577,-0.007922,0.027207,0.4969,-0.527856,0.090585,-0.233511,0.496964,-0.21941,0.183584,0.023618
0.578627,0.28299,0.027207,0.4969,-0.527856,0.090585,-0.233511,0.496964,-0.21941,0.183584,0.023618,-0.020615
0.575842,0.28299,0.4969,-0.527856,0.090585,-0.233511,0.496964,-0.21941,0.183584,0.023618,-0.020615,0.014645
0.57817,0.28299,-0.527856,0.090585,-0.233511,0.496964,-0.21941,0.183584,0.023618,-0.020615,0.014645,0.302666
0.578469,0.28299,0.090585,-0.233511,0.496964,-0.21941,0.183584,0.023618,-0.020615,0.014645,0.302666,-0.123477
0.578208,0.28299,-0.233511,0.496964,-0.21941,0.183584,0.023618,-0.020615,0.014645,0.302666,-0.123477,-0.290562
0.578394,0.28299,0.496964,-0.21941,0.183584,0.023618,-0.020615,0.014645,0.302666,-0.123477,-0.290562,0.077754
0.582228,0.28299,-0.21941,0.183584,0.023618,-0.020615,0.014645,0.302666,-0.123477,-0.290562,0.077754,0.340737
0.580667,0.28299,0.183584,0.023618,-0.020615,0.014645,0.302666,-0.123477,-0.290562,0.077754,0.340737,0.038353
0.57699,0.28299,0.023618,-0.020615,0.014645,0.302666,-0.123477,-0.290562,0.077754,0.340737,0.038353,-0.055485
0.577975,0.28299,-0.020615,0.014645,0.302666,-0.123477,-0.290562,0.077754,0.340737,0.038353,-0.055485,0.085974
0.582291,0.28299,0.014645,0.302666,-0.123477,-0.290562,0.077754,0.340737,0.038353,-0.055485,0.085974,0.016051
0.582776,0.28299,0.302666,-0.123477,-0.290562,0.077754,0.340737,0.038353,-0.055485,0.085974,0.016051,0.007958
0.582075,0.28299,-0.123477,-0.290562,0.077754,0.340737,0.038353,-0.055485,0.085974,0.016051,0.007958,0.412197
0.58316,0.28299,-0.290562,0.077754,0.340737,0.038353,-0.055485,0.085974,0.016051,0.007958,0.412197,-0.186807
0.583363,0.28299,0.077754,0.340737,0.038353,-0.055485,0.085974,0.016051,0.007958,0.412197,-0.186807,-0.075737
0.583463,0.28299,0.340737,0.038353,-0.055485,0.085974,0.016051,0.007958,0.412197,-0.186807,-0.075737,0.00346
0.588666,0.28299,0.038353,-0.055485,0.085974,0.016051,0.007958,0.412197,-0.186807,-0.075737,0.00346,0.319587
0.586313,0.28299,-0.055485,0.085974,0.016051,0.007958,0.412197,-0.186807,-0.075737,0.00346,0.319587,-0.016952
0.585359,0.28299,0.085974,0.016051,0.007958,0.412197,-0.186807,-0.075737,0.00346,0.319587,-0.016952,-0.049233
0.585402,0.28299,0.016051,0.007958,0.412197,-0.186807,-0.075737,0.00346,0.319587,-0.016952,-0.049233,0.068369
0.589432,0.28299,0.007958,0.412197,-0.186807,-0.075737,0.00346,0.319587,-0.016952,-0.049233,0.068369,-0.034514
0.589218,0.28299,0.412197,-0.186807,-0.075737,0.00346,0.319587,-0.016952,-0.049233,0.068369,-0.034514,0.001073
0.588598,0.28299,-0.186807,-0.075737,0.00346,0.319587,-0.016952,-0.049233,0.068369,-0.034514,0.001073,0.499281
0.589458,0.28299,-0.075737,0.00346,0.319587,-0.016952,-0.049233,0.068369,-0.034514,0.001073,0.499281,-0.528465
0.589024,0.28299,0.00346,0.319587,-0.016952,-0.049233,0.068369,-0.034514,0.001073,0.499281,-0.528465,0.112416
0.589038,0.28299,0.319587,-0.016952,-0.049233,0.068369,-0.034514,0.001073,0.499281,-0.528465,0.112416,-0.260106
0.595316,0.28299,-0.016952,-0.049233,0.068369,-0.034514,0.001073,0.499281,-0.528465,0.112416,-0.260106,0.232472
0.588677,0.28299,-0.049233,0.068369,-0.034514,0.001073,0.499281,-0.528465,0.112416,-0.260106,0.232472,-0.185768
0.590091,0.28299,0.068369,-0.034514,0.001073,0.499281,-0.528465,0.112416,-0.260106,0.232472,-0.185768,0.138604
0.586818,0.28299,-0.034514,0.001073,0.499281,-0.528465,0.112416,-0.260106,0.232472,-0.185768,0.138604,0.049575
0.589747,0.28299,0.001073,0.499281,-0.528465,0.112416,-0.260106,0.232472,-0.185768,0.138604,0.049575,-0.059652
0.587406,0.28299,0.499281,-0.528465,0.112416,-0.260106,0.232472,-0.185768,0.138604,0.049575,-0.059652,0.026106
0.589151,0.28299,-0.528465,0.112416,-0.260106,0.232472,-0.185768,0.138604,0.049575,-0.059652,0.026106,0.505931
0.589774,0.28299,0.112416,-0.260106,0.232472,-0.185768,0.138604,0.049575,-0.059652,0.026106,0.505931,-0.226523
0.589024,0.28299,-0.260106,0.232472,-0.185768,0.138604,0.049575,-0.059652,0.026106,0.505931,-0.226523,-0.063848
0.589353,0.28299,0.232472,-0.185768,0.138604,0.049575,-0.059652,0.026106,0.505931,-0.226523,-0.063848,-0.003345
0.595713,0.28299,-0.185768,0.138604,0.049575,-0.059652,0.026106,0.505931,-0.226523,-0.063848,-0.003345,0.417956
0.592872,0.28299,0.138604,0.049575,-0.059652,0.026106,0.505931,-0.226523,-0.063848,-0.003345,0.417956,-0.137171
0.592071,0.28299,0.049575,-0.059652,0.026106,0.505931,-0.226523,-0.063848,-0.003345,0.417956,-0.137171,0.027027
0.592029,0.28299,-0.059652,0.026106,0.505931,-0.226523,-0.063848,-0.003345,0.417956,-0.137171,0.027027,0.037679
0.597274,0.28299,0.026106,0.505931,-0.226523,-0.063848,-0.003345,0.417956,-0.137171,0.027027,0.037679,-0.022812
0.595554,0.28299,0.505931,-0.226523,-0.063848,-0.003345,0.417956,-0.137171,0.027027,0.037679,-0.022812,-0.050508
0.595893,0.28299,-0.226523,-0.063848,-0.003345,0.417956,-0.137171,0.027027,0.037679,-0.022812,-0.050508,0.467413
0.596364,0.28299,-0.063848,-0.003345,0.417956,-0.137171,0.027027,0.037679,-0.022812,-0.050508,0.467413,-0.464008
0.596079,0.28299,-0.003345,0.417956,-0.137171,0.027027,0.037679,-0.022812,-0.050508,0.467413,-0.464008,0.050358
0.595445,0.28299,0.417956,-0.137171,0.027027,0.037679,-0.022812,-0.050508,0.467413,-0.464008,0.050358,-0.168684
0.6013,0.28299,-0.137171,0.027027,0.037679,-0.022812,-0.050508,0.467413,-0.464008,0.050358,-0.168684,0.368283
0.595495,0.28299,0.027027,0.037679,-0.022812,-0.050508,0.467413,-0.464008,0.050358,-0.168684,0.368283,-0.08019
0.596125,0.28299,0.037679,-0.022812,-0.050508,0.467413,-0.464008,0.050358,-0.168684,0.368283,-0.08019,0.084822
0.594011,0.28299,-0.022812,-0.050508,0.467413,-0.464008,0.050358,-0.168684,0.368283,-0.08019,0.084822,-0.096317
0.598629,0.28299,-0.050508,0.467413,-0.464008,0.050358,-0.168684,0.368283,-0.08019,0.084822,-0.096317,-0.105675
0.597624,0.28299,0.467413,-0.464008,0.050358,-0.168684,0.368283,-0.08019,0.084822,-0.096317,-0.105675,-0.195933
0.598686,0.28299,-0.464008,0.050358,-0.168684,0.368283,-0.08019,0.084822,-0.096317,-0.105675,-0.195933,0.408307
0.597481,0.28299,0.050358,-0.168684,0.368283,-0.08019,0.084822,-0.096317,-0.105675,-0.195933,0.408307,-0.348141
0.596159,0.28299,-0.168684,0.368283,-0.08019,0.084822,-0.096317,-0.105675,-0.195933,0.408307,-0.348141,0.018457
0.5937,0.28299,0.368283,-0.08019,0.084822,-0.096317,-0.105675,-0.195933,0.408307,-0.348141,0.018457,-0.02258
0.598821,0.28299,-0.08019,0.084822,-0.096317,-0.105675,-0.195933,0.408307,-0.348141,0.018457,-0.02258,0.368492
0.59446,0.28299,0.084822,-0.096317,-0.105675,-0.195933,0.408307,-0.348141,0.018457,-0.02258,0.368492,-0.029259
0.594692,0.28299,-0.096317,-0.105675,-0.195933,0.408307,-0.348141,0.018457,-0.02258,0.368492,-0.029259,-0.004437
0.594409,0.28299,-0.105675,-0.195933,0.408307,-0.348141,0.018457,-0.02258,0.368492,-0.029259,-0.004437,0.127665
0.599028,0.28299,-0.195933,0.408307,-0.348141,0.018457,-0.02258,0.368492,-0.029259,-0.004437,0.127665,-0.119226
0.598661,0.28299,0.408307,-0.348141,0.018457,-0.02258,0.368492,-0.029259,-0.004437,0.127665,-0.119226,0.076341
0.598606,0.28299,-0.348141,0.018457,-0.02258,0.368492,-0.029259,-0.004437,0.127665,-0.119226,0.076341,0.381173
0.600201,0.28299,0.018457,-0.02258,0.368492,-0.029259,-0.004437,0.127665,-0.119226,0.076341,0.381173,-0.171488
0.598711,0.28299,-0.02258,0.368492,-0.029259,-0.004437,0.127665,-0.119226,0.076341,0.381173,-0.171488,-0.199564
0.599666,0.28299,0.368492,-0.029259,-0.004437,0.127665,-0.119226,0.076341,0.381173,-0.171488,-0.199564,-0.214769
0.604429,0.28299,-0.029259,-0.004437,0.127665,-0.119226,0.076341,0.381173,-0.171488,-0.199564,-0.214769,0.299629
0.602291,0.28299,-0.004437,0.127665,-0.119226,0.076341,0.381173,-0.171488,-0.199564,-0.214769,0.299629,-0.016424
0.5998,0.28299,0.127665,-0.119226,0.076341,0.381173,-0.171488,-0.199564,-0.214769,0.299629,-0.016424,-0.00426
0.597114,0.28299,-0.119226,0.076341,0.381173,-0.171488,-0.199564,-0.214769,0.299629,-0.016424,-0.00426,0.006011
0.600865,0.28299,0.076341,0.381173,-0.171488,-0.199564,-0.214769,0.299629,-0.016424,-0.00426,0.006011,-0.061768
0.600659,0.28299,0.381173,-0.171488,-0.199564,-0.214769,0.299629,-0.016424,-0.00426,0.006011,-0.061768,-0.185079
0.600606,0.28299,-0.171488,-0.199564,-0.214769,0.299629,-0.016424,-0.00426,0.006011,-0.061768,-0.185079,0.443745
0.600681,0.28299,-0.199564,-0.214769,0.299629,-0.016424,-0.00426,0.006011,-0.061768,-0.185079,0.443745,-0.248144
0.59991,0.28299,-0.214769,0.299629,-0.016424,-0.00426,0.006011,-0.061768,-0.185079,0.443745,-0.248144,-0.026078
0.597593,0.28299,0.299629,-0.016424,-0.00426,0.006011,-0.061768,-0.185079,0.443745,-0.248144,-0.026078,-0.259291
0.603144,0.28299,-0.016424,-0.00426,0.006011,-0.061768,-0.185079,0.443745,-0.248144,-0.026078,-0.259291,0.286575
0.600046,0.28299,-0.00426,0.006011,-0.061768,-0.185079,0.443745,-0.248144,-0.026078,-0.259291,0.286575,0.002706
0.59972,0.28299,0.006011,-0.061768,-0.185079,0.443745,-0.248144,-0.026078,-0.259291,0.286575,0.002706,0.027743
0.596477,0.28299,-0.061768,-0.185079,0.443745,-0.248144,-0.026078,-0.259291,0.286575,0.002706,0.027743,0.025268
0.600065,0.28299,-0.185079,0.443745,-0.248144,-0.026078,-0.259291,0.286575,0.002706,0.027743,0.025268,-0.042578
0.600099,0.28299,0.443745,-0.248144,-0.026078,-0.259291,0.286575,0.002706,0.027743,0.025268,-0.042578,-0.006754
0.600446,0.28299,-0.248144,-0.026078,-0.259291,0.286575,0.002706,0.027743,0.025268,-0.042578,-0.006754,0.484874
0.600761,0.28299,-0.026078,-0.259291,0.286575,0.002706,0.027743,0.025268,-0.042578,-0.006754,0.484874,-0.255702
0.60023,0.28299,-0.259291,0.286575,0.002706,0.027743,0.025268,-0.042578,-0.006754,0.484874,-0.255702,-0.039024
0.600145,0.28299,0.286575,0.002706,0.027743,0.025268,-0.042578,-0.006754,0.484874,-0.255702,-0.039024,-0.017146
0.6062,0.258209,0.002706,0.027743,0.025268,-0.042578,-0.006754,0.484874,-0.255702,-0.039024,-0.017146,0.185782
0.603014,0.258209,0.027743,0.025268,-0.042578,-0.006754,0.484874,-0.255702,-0.039024,-0.017146,0.185782,-0.119219
0.602527,0.258209,0.025268,-0.042578,-0.006754,0.484874,-0.255702,-0.039024,-0.017146,0.185782,-0.119219,-0.151947
0.602313,0.258209,-0.042578,-0.006754,0.484874,-0.255702,-0.039024,-0.017146,0.185782,-0.119219,-0.151947,0.141259
0.604632,0.258209,-0.006754,0.484874,-0.255702,-0.039024,-0.017146,0.185782,-0.119219,-0.151947,0.141259,-0.09438
0.603144,0.258209,0.484874,-0.255702,-0.039024,-0.017146,0.185782,-0.119219,-0.151947,0.141259,-0.09438,0.037913
0.601247,0.258209,-0.255702,-0.039024,-0.017146,0.185782,-0.119219,-0.151947,0.141259,-0.09438,0.037913,0.305627
0.603009,0.258209,-0.039024,-0.017146,0.185782,-0.119219,-0.151947,0.141259,-0.09438,0.037913,0.305627,-0.287871
0.601832,0.258209,-0.017146,0.185782,-0.119219,-0.151947,0.141259,-0.09438,0.037913,0.305627,-0.287871,-0.006801
0.602305,0.258209,0.185782,-0.119219,-0.151947,0.141259,-0.09438,0.037913,0.305627,-0.287871,-0.006801,-0.119914
0.60612,0.258209,-0.119219,-0.151947,0.141259,-0.09438,0.037913,0.305627,-0.287871,-0.006801,-0.119914,0.307747
0.602531,0.258209,-0.151947,0.141259,-0.09438,0.037913,0.305627,-0.287871,-0.006801,-0.119914,0.307747,-0.061331
0.602447,0.258209,0.141259,-0.09438,0.037913,0.305627,-0.287871,-0.006801,-0.119914,0.307747,-0.061331,0.086507
0.60095,0.258209,-0.09438,0.037913,0.305627,-0.287871,-0.006801,-0.119914,0.307747,-0.061331,0.086507,-0.000288
0.604793,0.258209,0.037913,0.305627,-0.287871,-0.006801,-0.119914,0.307747,-0.061331,0.086507,-0.000288,-0.069098
0.604028,0.258209,0.305627,-0.287871,-0.006801,-0.119914,0.307747,-0.061331,0.086507,-0.000288,-0.069098,-0.020194
0.605106,0.258209,-0.287871,-0.006801,-0.119914,0.307747,-0.061331,0.086507,-0.000288,-0.069098,-0.020194,0.495199
0.605102,0.258209,-0.006801,-0.119914,0.307747,-0.061331,0.086507,-0.000288,-0.069098,-0.020194,0.495199,-0.263683
0.604241,0.258209,-0.119914,0.307747,-0.061331,0.086507,-0.000288,-0.069098,-0.020194,0.495199,-0.263683,-0.071644
0.603989,0.258209,0.307747,-0.061331,0.086507,-0.000288,-0.069098,-0.020194,0.495199,-0.263683,-0.071644,0.014857
0.610158,0.258209,-0.061331,0.086507,-0.000288,-0.069098,-0.020194,0.495199,-0.263683,-0.071644,0.014857,0.063523
0.60688,0.258209,0.086507,-0.000288,-0.069098,-0.020194,0.495199,-0.263683,-0.071644,0.014857,0.063523,0.016253
0.605989,0.258209,-0.000288,-0.069098,-0.020194,0.495199,-0.263683,-0.071644,0.014857,0.063523,0.016253,-0.249629
0.606174,0.258209,-0.069098,-0.020194,0.495199,-0.263683,-0.071644,0.014857,0.063523,0.016253,-0.249629,0.155059
0.606965,0.258209,-0.020194,0.495199,-0.263683,-0.071644,0.014857,0.063523,0.016253,-0.249629,0.155059,-0.133898
0.607168,0.258209,0.495199,-0.263683,-0.071644,0.014857,0.063523,0.016253,-0.249629,0.155059,-0.133898,0.037763
0.604059,0.258209,-0.263683,-0.071644,0.014857,0.063523,0.016253,-0.249629,0.155059,-0.133898,0.037763,0.184039
0.605989,0.258209,-0.071644,0.014857,0.063523,0.016253,-0.249629,0.155059,-0.133898,0.037763,0.184039,-0.029597
0.604322,0.258209,0.014857,0.063523,0.016253,-0.249629,0.155059,-0.133898,0.037763,0.184039,-0.029597,-0.278589
0.604793,0.258209,0.063523,0.016253,-0.249629,0.155059,-0.133898,0.037763,0.184039,-0.029597,-0.278589,0.021439
0.607087,0.258209,0.016253,-0.249629,0.155059,-0.133898,0.037763,0.184039,-0.029597,-0.278589,0.021439,0.302411
0.606719,0.258209,-0.249629,0.155059,-0.133898,0.037763,0.184039,-0.029597,-0.278589,0.021439,0.302411,-0.016111
0.603251,0.258209,0.155059,-0.133898,0.037763,0.184039,-0.029597,-0.278589,0.021439,0.302411,-0.016111,-0.036083
0.603518,0.258209,-0.133898,0.037763,0.184039,-0.029597,-0.278589,0.021439,0.302411,-0.016111,-0.036083,0.012748
0.607288,0.258209,0.037763,0.184039,-0.029597,-0.278589,0.021439,0.302411,-0.016111,-0.036083,0.012748,0.02129
0.607087,0.258209,0.184039,-0.029597,-0.278589,0.021439,0.302411,-0.016111,-0.036083,0.012748,0.02129,-0.027116
0.606638,0.258209,-0.029597,-0.278589,0.021439,0.302411,-0.016111,-0.036083,0.012748,0.02129,-0.027116,0.419461
0.606797,0.258209,-0.278589,0.021439,0.302411,-0.016111,-0.036083,0.012748,0.02129,-0.027116,0.419461,-0.420329
0.607061,0.258209,0.021439,0.302411,-0.016111,-0.036083,0.012748,0.02129,-0.027116,0.419461,-0.420329,0.058241
0.606724,0.258209,0.302411,-0.016111,-0.036083,0.012748,0.02129,-0.027116,0.419461,-0.420329,0.058241,-0.186155
0.611942,0.258209,-0.016111,-0.036083,0.012748,0.02129,-0.027116,0.419461,-0.420329,0.058241,-0.186155,0.29014
0.606719,0.258209,-0.036083,0.012748,0.02129,-0.027116,0.419461,-0.420329,0.058241,-0.186155,0.29014,-0.087403
0.607443,0.258209,0.012748,0.02129,-0.027116,0.419461,-0.420329,0.058241,-0.186155,0.29014,-0.087403,0.093983
0.605126,0.258209,0.02129,-0.027116,0.419461,-0.420329,0.058241,-0.186155,0.29014,-0.087403,0.093983,-0.032772
0.60874,0.258209,-0.027116,0.419461,-0.420329,0.058241,-0.186155,0.29014,-0.087403,0.093983,-0.032772,-0.128225
0.607652,0.248291,0.419461,-0.420329,0.058241,-0.186155,0.29014,-0.087403,0.093983,-0.032772,-0.128225,-0.188371
0.608821,0.248291,-0.420329,0.058241,-0.186155,0.29014,-0.087403,0.093983,-0.032772,-0.128225,-0.188371,0.482634
0.608414,0.248291,0.058241,-0.186155,0.29014,-0.087403,0.093983,-0.032772,-0.128225,-0.188371,0.482634,-0.477526
0.606819,0.248291,-0.186155,0.29014,-0.087403,0.093983,-0.032772,-0.128225,-0.188371,0.482634,-0.477526,0.064426
0.604471,0.248291,0.29014,-0.087403,0.093983,-0.032772,-0.128225,-0.188371,0.482634,-0.477526,0.064426,-0.165938
0.610482,0.248291,-0.087403,0.093983,-0.032772,-0.128225,-0.188371,0.482634,-0.477526,0.064426,-0.165938,0.315265
0.604542,0.248291,0.093983,-0.032772,-0.128225,-0.188371,0.482634,-0.477526,0.064426,-0.165938,0.315265,-0.093757
0.605344,0.248291,-0.032772,-0.128225,-0.188371,0.482634,-0.477526,0.064426,-0.165938,0.315265,-0.093757,0.074085
0.603277,0.248291,-0.128225,-0.188371,0.482634,-0.477526,0.064426,-0.165938,0.315265,-0.093757,0.074085,-0.006741
0.607207,0.248291,-0.188371,0.482634,-0.477526,0.064426,-0.165938,0.315265,-0.093757,0.074085,-0.006741,-0.050053
0.606039,0.248291,0.482634,-0.477526,0.064426,-0.165938,0.315265,-0.093757,0.074085,-0.006741,-0.050053,-0.007589
0.606961,0.248291,-0.477526,0.064426,-0.165938,0.315265,-0.093757,0.074085,-0.006741,-0.050053,-0.007589,0.432035
0.606877,0.248291,0.064426,-0.165938,0.315265,-0.093757,0.074085,-0.006741,-0.050053,-0.007589,0.432035,-0.231678
0.606255,0.248291,-0.165938,0.315265,-0.093757,0.074085,-0.006741,-0.050053,-0.007589,0.432035,-0.231678,-0.039266
0.60616,0.248291,0.315265,-0.093757,0.074085,-0.006741,-0.050053,-0.007589,0.432035,-0.231678,-0.039266,-0.030797
0.611536,0.248291,-0.093757,0.074085,-0.006741,-0.050053,-0.007589,0.432035,-0.231678,-0.039266,-0.030797,0.271686
0.608659,0.248291,0.074085,-0.006741,-0.050053,-0.007589,0.432035,-0.231678,-0.039266,-0.030797,0.271686,-0.01594
0.608171,0.248291,-0.006741,-0.050053,-0.007589,0.432035,-0.231678,-0.039266,-0.030797,0.271686,-0.01594,-0.120782
0.607788,0.248291,-0.050053,-0.007589,0.432035,-0.231678,-0.039266,-0.030797,0.271686,-0.01594,-0.120782,-0.058878
0.611166,0.248291,-0.007589,0.432035,-0.231678,-0.039266,-0.030797,0.271686,-0.01594,-0.120782,-0.058878,-0.23854
0.610968,0.248291,0.432035,-0.231678,-0.039266,-0.030797,0.271686,-0.01594,-0.120782,-0.058878,-0.23854,-0.117097
0.609468,0.248291,-0.231678,-0.039266,-0.030797,0.271686,-0.01594,-0.120782,-0.058878,-0.23854,-0.117097,0.365377
0.608737,0.248291,-0.039266,-0.030797,0.271686,-0.01594,-0.120782,-0.058878,-0.23854,-0.117097,0.365377,-0.334332
0.605771,0.248291,-0.030797,0.271686,-0.01594,-0.120782,-0.058878,-0.23854,-0.117097,0.365377,-0.334332,-0.013228
0.604311,0.248291,0.271686,-0.01594,-0.120782,-0.058878,-0.23854,-0.117097,0.365377,-0.334332,-0.013228,-0.107669
0.608864,0.248291,-0.01594,-0.120782,-0.058878,-0.23854,-0.117097,0.365377,-0.334332,-0.013228,-0.107669,0.31521
0.604703,0.248291,-0.120782,-0.058878,-0.23854,-0.117097,0.365377,-0.334332,-0.013228,-0.107669,0.31521,-0.196985
0.604538,0.248291,-0.058878,-0.23854,-0.117097,0.365377,-0.334332,-0.013228,-0.107669,0.31521,-0.196985,-0.06201
0.603196,0.248291,-0.23854,-0.117097,0.365377,-0.334332,-0.013228,-0.107669,0.31521,-0.196985,-0.06201,-0.129317
0.607126,0.248291,-0.117097,0.365377,-0.334332,-0.013228,-0.107669,0.31521,-0.196985,-0.06201,-0.129317,-0.100609
0.604671,0.248291,0.365377,-0.334332,-0.013228,-0.107669,0.31521,-0.196985,-0.06201,-0.129317,-0.100609,-0.013254
0.603898,0.248291,-0.334332,-0.013228,-0.107669,0.31521,-0.196985,-0.06201,-0.129317,-0.100609,-0.013254,0.317577
0.602286,0.248291,-0.013228,-0.107669,0.31521,-0.196985,-0.06201,-0.129317,-0.100609,-0.013254,0.317577,-0.165139
0.60103,0.248291,-0.107669,0.31521,-0.196985,-0.06201,-0.129317,-0.100609,-0.013254,0.317577,-0.165139,-0.180474
0.600865,0.248291,0.31521,-0.196985,-0.06201,-0.129317,-0.100609,-0.013254,0.317577,-0.165139,-0.180474,-0.004092
0.604831,0.248291,-0.196985,-0.06201,-0.129317,-0.100609,-0.013254,0.317577,-0.165139,-0.180474,-0.004092,0.307525
0.602772,0.248291,-0.06201,-0.129317,-0.100609,-0.013254,0.317577,-0.165139,-0.180474,-0.004092,0.307525,0.074
0.600521,0.248291,-0.129317,-0.100609,-0.013254,0.317577,-0.165139,-0.180474,-0.004092,0.307525,0.074,-0.068456
