0.596509,0.359131,0.513268,-0.245843,-0.152429,0.072425,0.386588,-0.080121,0.008083,0.03136,0.01532,-0.158484
0.59661,0.359131,-0.245843,-0.152429,0.072425,0.386588,-0.080121,0.008083,0.03136,0.01532,-0.158484,0.345698
0.597002,0.359131,-0.152429,0.072425,0.386588,-0.080121,0.008083,0.03136,0.01532,-0.158484,0.345698,-0.494288
0.597194,0.359131,0.072425,0.386588,-0.080121,0.008083,0.03136,0.01532,-0.158484,0.345698,-0.494288,-0.044925
0.595207,0.359131,0.386588,-0.080121,0.008083,0.03136,0.01532,-0.158484,0.345698,-0.494288,-0.044925,0.034505
0.59954,0.359131,-0.080121,0.008083,0.03136,0.01532,-0.158484,0.345698,-0.494288,-0.044925,0.034505,0.463344
0.593348,0.359131,0.008083,0.03136,0.01532,-0.158484,0.345698,-0.494288,-0.044925,0.034505,0.463344,-0.124764
0.592785,0.359131,0.03136,0.01532,-0.158484,0.345698,-0.494288,-0.044925,0.034505,0.463344,-0.124764,0.014576
0.593218,0.359131,0.01532,-0.158484,0.345698,-0.494288,-0.044925,0.034505,0.463344,-0.124764,0.014576,0.063394
0.599028,0.359131,-0.158484,0.345698,-0.494288,-0.044925,0.034505,0.463344,-0.124764,0.014576,0.063394,-0.093201
0.597465,0.359131,0.345698,-0.494288,-0.044925,0.034505,0.463344,-0.124764,0.014576,0.063394,-0.093201,0.012731
0.597647,0.359131,-0.494288,-0.044925,0.034505,0.463344,-0.124764,0.014576,0.063394,-0.093201,0.012731,0.578782
0.59844,0.359131,-0.044925,0.034505,0.463344,-0.124764,0.014576,0.063394,-0.093201,0.012731,0.578782,-0.409044
0.597274,0.359131,0.034505,0.463344,-0.124764,0.014576,0.063394,-0.093201,0.012731,0.578782,-0.409044,-0.077256
0.597433,0.359131,0.463344,-0.124764,0.014576,0.063394,-0.093201,0.012731,0.578782,-0.409044,-0.077256,-0.035845
0.604671,0.359131,-0.124764,0.014576,0.063394,-0.093201,0.012731,0.578782,-0.409044,-0.077256,-0.035845,0.505649
0.599565,0.359131,0.014576,0.063394,-0.093201,0.012731,0.578782,-0.409044,-0.077256,-0.035845,0.505649,-0.234698
0.5986,0.359131,0.063394,-0.093201,0.012731,0.578782,-0.409044,-0.077256,-0.035845,0.505649,-0.234698,0.034378
0.598152,0.359131,-0.093201,0.012731,0.578782,-0.409044,-0.077256,-0.035845,0.505649,-0.234698,0.034378,-0.006812
0.604471,0.359131,0.012731,0.578782,-0.409044,-0.077256,-0.035845,0.505649,-0.234698,0.034378,-0.006812,-0.017061
0.60154,0.359131,0.578782,-0.409044,-0.077256,-0.035845,0.505649,-0.234698,0.034378,-0.006812,-0.017061,-0.045359
0.601969,0.359131,-0.409044,-0.077256,-0.035845,0.505649,-0.234698,0.034378,-0.006812,-0.017061,-0.045359,0.511716
0.601884,0.359131,-0.077256,-0.035845,0.505649,-0.234698,0.034378,-0.006812,-0.017061,-0.045359,0.511716,-0.314261
0.601672,0.359131,-0.035845,0.505649,-0.234698,0.034378,-0.006812,-0.017061,-0.045359,0.511716,-0.314261,-0.129252
0.601105,0.359131,0.505649,-0.234698,0.034378,-0.006812,-0.017061,-0.045359,0.511716,-0.314261,-0.129252,0.015055
0.60749,0.359131,-0.234698,0.034378,-0.006812,-0.017061,-0.045359,0.511716,-0.314261,-0.129252,0.015055,0.385843
0.603576,0.359131,0.034378,-0.006812,-0.017061,-0.045359,0.511716,-0.314261,-0.129252,0.015055,0.385843,-0.113088
0.601965,0.359131,-0.006812,-0.017061,-0.045359,0.511716,-0.314261,-0.129252,0.015055,0.385843,-0.113088,-0.197511
0.602153,0.359131,-0.017061,-0.045359,0.511716,-0.314261,-0.129252,0.015055,0.385843,-0.113088,-0.197511,-0.071253
0.606965,0.359131,-0.045359,0.511716,-0.314261,-0.129252,0.015055,0.385843,-0.113088,-0.197511,-0.071253,-0.228715
0.605556,0.359131,0.511716,-0.314261,-0.129252,0.015055,0.385843,-0.113088,-0.197511,-0.071253,-0.228715,-0.00662
0.603094,0.359131,-0.314261,-0.129252,0.015055,0.385843,-0.113088,-0.197511,-0.071253,-0.228715,-0.00662,0.587373
0.602206,0.359131,-0.129252,0.015055,0.385843,-0.113088,-0.197511,-0.071253,-0.228715,-0.00662,0.587373,-0.365303
0.59935,0.359131,0.015055,0.385843,-0.113088,-0.197511,-0.071253,-0.228715,-0.00662,0.587373,-0.365303,-0.090404
0.599267,0.359131,0.385843,-0.113088,-0.197511,-0.071253,-0.228715,-0.00662,0.587373,-0.365303,-0.090404,0.015123
0.606603,0.359131,-0.113088,-0.197511,-0.071253,-0.228715,-0.00662,0.587373,-0.365303,-0.090404,0.015123,0.449837
0.60205,0.359131,-0.197511,-0.071253,-0.228715,-0.00662,0.587373,-0.365303,-0.090404,0.015123,0.449837,-0.15822
0.600922,0.359131,-0.071253,-0.228715,-0.00662,0.587373,-0.365303,-0.090404,0.015123,0.449837,-0.15822,0.028463
0.601111,0.359131,-0.228715,-0.00662,0.587373,-0.365303,-0.090404,0.015123,0.449837,-0.15822,0.028463,0.051551
0.606724,0.359131,-0.00662,0.587373,-0.365303,-0.090404,0.015123,0.449837,-0.15822,0.028463,0.051551,-0.108025
0.604751,0.359131,0.587373,-0.365303,-0.090404,0.015123,0.449837,-0.15822,0.028463,0.051551,-0.108025,0.005558
0.605106,0.359131,-0.365303,-0.090404,0.015123,0.449837,-0.15822,0.028463,0.051551,-0.108025,0.005558,0.495675
0.605747,0.359131,-0.090404,0.015123,0.449837,-0.15822,0.028463,0.051551,-0.108025,0.005558,0.495675,-0.341737
0.604402,0.359131,0.015123,0.449837,-0.15822,0.028463,0.051551,-0.108025,0.005558,0.495675,-0.341737,-0.123388
0.604471,0.359131,0.449837,-0.15822,0.028463,0.051551,-0.108025,0.005558,0.495675,-0.341737,-0.123388,-0.062609
0.610644,0.359131,-0.15822,0.028463,0.051551,-0.108025,0.005558,0.495675,-0.341737,-0.123388,-0.062609,0.102235
0.606396,0.359131,0.028463,0.051551,-0.108025,0.005558,0.495675,-0.341737,-0.123388,-0.062609,0.102235,-0.177219
0.60486,0.359131,0.051551,-0.108025,0.005558,0.495675,-0.341737,-0.123388,-0.062609,0.102235,-0.177219,-0.203285
0.60408,0.357056,-0.108025,0.005558,0.495675,-0.341737,-0.123388,-0.062609,0.102235,-0.177219,-0.203285,-0.013246
0.605355,0.357056,0.005558,0.495675,-0.341737,-0.123388,-0.062609,0.102235,-0.177219,-0.203285,-0.013246,-0.253321
0.603144,0.357056,0.495675,-0.341737,-0.123388,-0.062609,0.102235,-0.177219,-0.203285,-0.013246,-0.253321,0.101802
0.600606,0.357056,-0.341737,-0.123388,-0.062609,0.102235,-0.177219,-0.203285,-0.013246,-0.253321,0.101802,0.541332
0.600441,0.357056,-0.123388,-0.062609,0.102235,-0.177219,-0.203285,-0.013246,-0.253321,0.101802,0.541332,-0.287517
0.597274,0.357056,-0.062609,0.102235,-0.177219,-0.203285,-0.013246,-0.253321,0.101802,0.541332,-0.287517,-0.122442
0.598549,0.357056,0.102235,-0.177219,-0.203285,-0.013246,-0.253321,0.101802,0.541332,-0.287517,-0.122442,0.09212
0.605314,0.357056,-0.177219,-0.203285,-0.013246,-0.253321,0.101802,0.541332,-0.287517,-0.122442,0.09212,0.443566
0.601729,0.357056,-0.203285,-0.013246,-0.253321,0.101802,0.541332,-0.287517,-0.122442,0.09212,0.443566,-0.145357
0.600201,0.357056,-0.013246,-0.253321,0.101802,0.541332,-0.287517,-0.122442,0.09212,0.443566,-0.145357,-0.023238
0.601351,0.357056,-0.253321,0.101802,0.541332,-0.287517,-0.122442,0.09212,0.443566,-0.145357,-0.023238,0.064462
0.606885,0.357056,0.101802,0.541332,-0.287517,-0.122442,0.09212,0.443566,-0.145357,-0.023238,0.064462,-0.101495
0.605073,0.357056,0.541332,-0.287517,-0.122442,0.09212,0.443566,-0.145357,-0.023238,0.064462,-0.101495,-0.026639
0.604783,0.357056,-0.287517,-0.122442,0.09212,0.443566,-0.145357,-0.023238,0.064462,-0.101495,-0.026639,0.534293
0.605586,0.357056,-0.122442,0.09212,0.443566,-0.145357,-0.023238,0.064462,-0.101495,-0.026639,0.534293,-0.406518
0.604322,0.357056,0.09212,0.443566,-0.145357,-0.023238,0.064462,-0.101495,-0.026639,0.534293,-0.406518,-0.110298
0.603989,0.357056,0.443566,-0.145357,-0.023238,0.064462,-0.101495,-0.026639,0.534293,-0.406518,-0.110298,-0.062479
0.610644,0.357056,-0.145357,-0.023238,0.064462,-0.101495,-0.026639,0.534293,-0.406518,-0.110298,-0.062479,0.490497
0.605589,0.357056,-0.023238,0.064462,-0.101495,-0.026639,0.534293,-0.406518,-0.110298,-0.062479,0.490497,-0.404425
0.604216,0.357056,0.064462,-0.101495,-0.026639,0.534293,-0.406518,-0.110298,-0.062479,0.490497,-0.404425,0.015489
0.603437,0.357056,-0.101495,-0.026639,0.534293,-0.406518,-0.110298,-0.062479,0.490497,-0.404425,0.015489,-0.226147
0.609548,0.357056,-0.026639,0.534293,-0.406518,-0.110298,-0.062479,0.490497,-0.404425,0.015489,-0.226147,0.002204
0.60451,0.357056,0.534293,-0.406518,-0.110298,-0.062479,0.490497,-0.404425,0.015489,-0.226147,0.002204,-0.038998
0.604703,0.357056,-0.406518,-0.110298,-0.062479,0.490497,-0.404425,0.015489,-0.226147,0.002204,-0.038998,0.583442
0.601884,0.357056,-0.110298,-0.062479,0.490497,-0.404425,0.015489,-0.226147,0.002204,-0.038998,0.583442,-0.398783
0.601912,0.357056,-0.062479,0.490497,-0.404425,0.015489,-0.226147,0.002204,-0.038998,0.583442,-0.398783,-0.07777
0.601425,0.357056,0.490497,-0.404425,0.015489,-0.226147,0.002204,-0.038998,0.583442,-0.398783,-0.07777,0.047242
0.608702,0.357056,-0.404425,0.015489,-0.226147,0.002204,-0.038998,0.583442,-0.398783,-0.07777,0.047242,0.419002
0.603737,0.357056,0.015489,-0.226147,0.002204,-0.038998,0.583442,-0.398783,-0.07777,0.047242,0.419002,-0.158638
0.602768,0.357056,-0.226147,0.002204,-0.038998,0.583442,-0.398783,-0.07777,0.047242,0.419002,-0.158638,0.022271
0.603357,0.357056,0.002204,-0.038998,0.583442,-0.398783,-0.07777,0.047242,0.419002,-0.158638,0.022271,-0.168819
0.608579,0.357056,-0.038998,0.583442,-0.398783,-0.07777,0.047242,0.419002,-0.158638,0.022271,-0.168819,-0.172144
0.606603,0.357056,0.583442,-0.398783,-0.07777,0.047242,0.419002,-0.158638,0.022271,-0.168819,-0.172144,-0.179967
0.60688,0.357056,-0.398783,-0.07777,0.047242,0.419002,-0.158638,0.022271,-0.168819,-0.172144,-0.179967,0.53039
0.60478,0.357056,-0.07777,0.047242,0.419002,-0.158638,0.022271,-0.168819,-0.172144,-0.179967,0.53039,-0.596597
0.602634,0.357056,0.047242,0.419002,-0.158638,0.022271,-0.168819,-0.172144,-0.179967,0.53039,-0.596597,-0.032453
0.600385,0.357056,0.419002,-0.158638,0.022271,-0.168819,-0.172144,-0.179967,0.53039,-0.596597,-0.032453,-0.138037
0.607006,0.357056,-0.158638,0.022271,-0.168819,-0.172144,-0.179967,0.53039,-0.596597,-0.032453,-0.138037,0.389464
0.599565,0.357056,0.022271,-0.168819,-0.172144,-0.179967,0.53039,-0.596597,-0.032453,-0.138037,0.389464,-0.118877
0.59916,0.357056,-0.168819,-0.172144,-0.179967,0.53039,-0.596597,-0.032453,-0.138037,0.389464,-0.118877,0.066375
0.597433,0.357056,-0.172144,-0.179967,0.53039,-0.596597,-0.032453,-0.138037,0.389464,-0.118877,0.066375,-0.128849
0.602305,0.357056,-0.179967,0.53039,-0.596597,-0.032453,-0.138037,0.389464,-0.118877,0.066375,-0.128849,-0.151101
0.60082,0.357056,0.53039,-0.596597,-0.032453,-0.138037,0.389464,-0.118877,0.066375,-0.128849,-0.151101,-0.190585
0.601648,0.357056,-0.596597,-0.032453,-0.138037,0.389464,-0.118877,0.066375,-0.128849,-0.151101,-0.190585,0.647566
0.60004,0.357056,-0.032453,-0.138037,0.389464,-0.118877,0.066375,-0.128849,-0.151101,-0.190585,0.647566,-0.402085
0.598152,0.357056,-0.138037,0.389464,-0.118877,0.066375,-0.128849,-0.151101,-0.190585,0.647566,-0.402085,-0.032464
0.595763,0.357056,0.389464,-0.118877,0.066375,-0.128849,-0.151101,-0.190585,0.647566,-0.402085,-0.032464,0.008877
0.603867,0.357056,-0.118877,0.066375,-0.128849,-0.151101,-0.190585,0.647566,-0.402085,-0.032464,0.008877,0.076346
0.598846,0.357056,0.066375,-0.128849,-0.151101,-0.190585,0.647566,-0.402085,-0.032464,0.008877,0.076346,-0.378692
0.59844,0.357056,-0.128849,-0.151101,-0.190585,0.647566,-0.402085,-0.032464,0.008877,0.076346,-0.378692,0.039595
0.598551,0.357056,-0.151101,-0.190585,0.647566,-0.402085,-0.032464,0.008877,0.076346,-0.378692,0.039595,-0.133825
0.599506,0.357056,-0.190585,0.647566,-0.402085,-0.032464,0.008877,0.076346,-0.378692,0.039595,-0.133825,-0.02246
0.594759,0.357056,0.647566,-0.402085,-0.032464,0.008877,0.076346,-0.378692,0.039595,-0.133825,-0.02246,0.063636
0.595256,0.357056,-0.402085,-0.032464,0.008877,0.076346,-0.378692,0.039595,-0.133825,-0.02246,0.063636,0.562071
0.593579,0.357056,-0.032464,0.008877,0.076346,-0.378692,0.039595,-0.133825,-0.02246,0.063636,0.562071,-0.311211
0.593297,0.357056,0.008877,0.076346,-0.378692,0.039595,-0.133825,-0.02246,0.063636,0.562071,-0.311211,-0.204184
0.594096,0.357056,0.076346,-0.378692,0.039595,-0.133825,-0.02246,0.063636,0.562071,-0.311211,-0.204184,-0.193365
0.60114,0.357056,-0.378692,0.039595,-0.133825,-0.02246,0.063636,0.562071,-0.311211,-0.204184,-0.193365,0.3927
0.597248,0.357056,0.039595,-0.133825,-0.02246,0.063636,0.562071,-0.311211,-0.204184,-0.193365,0.3927,-0.143481
0.594692,0.357056,-0.133825,-0.02246,0.063636,0.562071,-0.311211,-0.204184,-0.193365,0.3927,-0.143481,0.06515
0.592266,0.357056,-0.02246,0.063636,0.562071,-0.311211,-0.204184,-0.193365,0.3927,-0.143481,0.06515,0.024941
0.597195,0.357056,0.063636,0.562071,-0.311211,-0.204184,-0.193365,0.3927,-0.143481,0.06515,0.024941,0.028097
0.595395,0.357056,0.562071,-0.311211,-0.204184,-0.193365,0.3927,-0.143481,0.06515,0.024941,0.028097,-0.063371
0.596212,0.357056,-0.311211,-0.204184,-0.193365,0.3927,-0.143481,0.06515,0.024941,0.028097,-0.063371,0.583624
0.596524,0.357056,-0.204184,-0.193365,0.3927,-0.143481,0.06515,0.024941,0.028097,-0.063371,0.583624,-0.624719
0.596875,0.357056,-0.193365,0.3927,-0.143481,0.06515,0.024941,0.028097,-0.063371,0.583624,-0.624719,0.031249
0.596081,0.357056,0.3927,-0.143481,0.06515,0.024941,0.028097,-0.063371,0.583624,-0.624719,0.031249,-0.174936
0.603385,0.357056,-0.143481,0.06515,0.024941,0.028097,-0.063371,0.583624,-0.624719,0.031249,-0.174936,0.457365
0.595574,0.357056,0.06515,0.024941,0.028097,-0.063371,0.583624,-0.624719,0.031249,-0.174936,0.457365,-0.448244
0.595966,0.357056,0.024941,0.028097,-0.063371,0.583624,-0.624719,0.031249,-0.174936,0.457365,-0.448244,0.191843
0.593773,0.357056,0.028097,-0.063371,0.583624,-0.624719,0.031249,-0.174936,0.457365,-0.448244,0.191843,-0.235513
0.599506,0.357056,-0.063371,0.583624,-0.624719,0.031249,-0.174936,0.457365,-0.448244,0.191843,-0.235513,0.002854
0.593886,0.357056,0.583624,-0.624719,0.031249,-0.174936,0.457365,-0.448244,0.191843,-0.235513,0.002854,0.000518
0.596291,0.357056,-0.624719,0.031249,-0.174936,0.457365,-0.448244,0.191843,-0.235513,0.002854,0.000518,0.650899
0.593341,0.357056,0.031249,-0.174936,0.457365,-0.448244,0.191843,-0.235513,0.002854,0.000518,0.650899,-0.349656
0.593376,0.357056,-0.174936,0.457365,-0.448244,0.191843,-0.235513,0.002854,0.000518,0.650899,-0.349656,-0.10244
0.593383,0.357056,0.457365,-0.448244,0.191843,-0.235513,0.002854,0.000518,0.650899,-0.349656,-0.10244,0.110847
0.60154,0.357056,-0.448244,0.191843,-0.235513,0.002854,0.000518,0.650899,-0.349656,-0.10244,0.110847,0.421442
0.597168,0.357056,0.191843,-0.235513,0.002854,0.000518,0.650899,-0.349656,-0.10244,0.110847,0.421442,-0.112517
0.595886,0.357056,-0.235513,0.002854,0.000518,0.650899,-0.349656,-0.10244,0.110847,0.421442,-0.112517,-0.042711
0.597274,0.357056,0.002854,0.000518,0.650899,-0.349656,-0.10244,0.110847,0.421442,-0.112517,-0.042711,0.108888
0.602546,0.357056,0.000518,0.650899,-0.349656,-0.10244,0.110847,0.421442,-0.112517,-0.042711,0.108888,-0.171021
0.60114,0.357056,0.650899,-0.349656,-0.10244,0.110847,0.421442,-0.112517,-0.042711,0.108888,-0.171021,0.076368
0.600606,0.357056,-0.349656,-0.10244,0.110847,0.421442,-0.112517,-0.042711,0.108888,-0.171021,0.076368,0.44668
0.601965,0.357056,-0.10244,0.110847,0.421442,-0.112517,-0.042711,0.108888,-0.171021,0.076368,0.44668,-0.27509
0.59983,0.357056,0.110847,0.421442,-0.112517,-0.042711,0.108888,-0.171021,0.076368,0.44668,-0.27509,-0.167674
0.600785,0.357056,0.421442,-0.112517,-0.042711,0.108888,-0.171021,0.076368,0.44668,-0.27509,-0.167674,0.05364
0.606361,0.357056,-0.112517,-0.042711,0.108888,-0.171021,0.076368,0.44668,-0.27509,-0.167674,0.05364,0.417776
0.602933,0.357056,-0.042711,0.108888,-0.171021,0.076368,0.44668,-0.27509,-0.167674,0.05364,0.417776,-0.087241
0.600842,0.357056,0.108888,-0.171021,0.076368,0.44668,-0.27509,-0.167674,0.05364,0.417776,-0.087241,-0.042596
0.601511,0.357056,-0.171021,0.076368,0.44668,-0.27509,-0.167674,0.05364,0.417776,-0.087241,-0.042596,0.058026
0.606724,0.357056,0.076368,0.44668,-0.27509,-0.167674,0.05364,0.417776,-0.087241,-0.042596,0.058026,-0.069273
0.605636,0.357056,0.44668,-0.27509,-0.167674,0.05364,0.417776,-0.087241,-0.042596,0.058026,-0.069273,-0.097528
0.605106,0.357056,-0.27509,-0.167674,0.05364,0.417776,-0.087241,-0.042596,0.058026,-0.069273,-0.097528,0.060981
0.605828,0.357056,-0.167674,0.05364,0.417776,-0.087241,-0.042596,0.058026,-0.069273,-0.097528,0.060981,-0.267918
0.604965,0.357056,0.05364,0.417776,-0.087241,-0.042596,0.058026,-0.069273,-0.097528,0.060981,-0.267918,-0.467026
0.603749,0.357056,0.417776,-0.087241,-0.042596,0.058026,-0.069273,-0.097528,0.060981,-0.267918,-0.467026,0.149001
0.60451,0.357056,-0.087241,-0.042596,0.058026,-0.069273,-0.097528,0.060981,-0.267918,-0.467026,0.149001,0.057242
0.601167,0.348175,-0.042596,0.058026,-0.069273,-0.097528,0.060981,-0.267918,-0.467026,0.149001,0.057242,-0.19435
0.595328,0.348175,0.058026,-0.069273,-0.097528,0.060981,-0.267918,-0.467026,0.149001,0.057242,-0.19435,-0.055515
0.597194,0.348175,-0.069273,-0.097528,0.060981,-0.267918,-0.467026,0.149001,0.057242,-0.19435,-0.055515,-0.064028
0.597911,0.348175,-0.097528,0.060981,-0.267918,-0.467026,0.149001,0.057242,-0.19435,-0.055515,-0.064028,0.085241
0.595474,0.348175,0.060981,-0.267918,-0.467026,0.149001,0.057242,-0.19435,-0.055515,-0.064028,0.085241,0.025608
0.594778,0.348175,-0.267918,-0.467026,0.149001,0.057242,-0.19435,-0.055515,-0.064028,0.085241,0.025608,0.666347
0.593976,0.348175,-0.467026,0.149001,0.057242,-0.19435,-0.055515,-0.064028,0.085241,0.025608,0.666347,-0.370032
0.595045,0.348175,0.149001,0.057242,-0.19435,-0.055515,-0.064028,0.085241,0.025608,0.666347,-0.370032,-0.026049
0.595366,0.348175,0.057242,-0.19435,-0.055515,-0.064028,0.085241,0.025608,0.666347,-0.370032,-0.026049,0.034413
0.603706,0.348175,-0.19435,-0.055515,-0.064028,0.085241,0.025608,0.666347,-0.370032,-0.026049,0.034413,0.506499
0.599085,0.348175,-0.055515,-0.064028,0.085241,0.025608,0.666347,-0.370032,-0.026049,0.034413,0.506499,-0.157958
0.59876,0.348175,-0.064028,0.085241,0.025608,0.666347,-0.370032,-0.026049,0.034413,0.506499,-0.157958,-0.04909
0.59919,0.348175,0.085241,0.025608,0.666347,-0.370032,-0.026049,0.034413,0.506499,-0.157958,-0.04909,0.115882
0.605516,0.348175,0.025608,0.666347,-0.370032,-0.026049,0.034413,0.506499,-0.157958,-0.04909,0.115882,-0.094735
0.603545,0.348175,0.666347,-0.370032,-0.026049,0.034413,0.506499,-0.157958,-0.04909,0.115882,-0.094735,-0.10981
0.602933,0.348175,-0.370032,-0.026049,0.034413,0.506499,-0.157958,-0.04909,0.115882,-0.094735,-0.10981,0.015693
0.604377,0.348175,-0.026049,0.034413,0.506499,-0.157958,-0.04909,0.115882,-0.094735,-0.10981,0.015693,-0.222174
0.603196,0.348175,0.034413,0.506499,-0.157958,-0.04909,0.115882,-0.094735,-0.10981,0.015693,-0.222174,-0.478068
0.601825,0.348175,0.506499,-0.157958,-0.04909,0.115882,-0.094735,-0.10981,0.015693,-0.222174,-0.478068,0.186677
0.602021,0.348175,-0.157958,-0.04909,0.115882,-0.094735,-0.10981,0.015693,-0.222174,-0.478068,0.186677,0.407527
0.599245,0.348175,-0.04909,0.115882,-0.094735,-0.10981,0.015693,-0.222174,-0.478068,0.186677,0.407527,0.015578
0.593261,0.348175,0.115882,-0.094735,-0.10981,0.015693,-0.222174,-0.478068,0.186677,0.407527,0.015578,-0.049139
0.595601,0.348175,-0.094735,-0.10981,0.015693,-0.222174,-0.478068,0.186677,0.407527,0.015578,-0.049139,0.095938
0.600705,0.348175,-0.10981,0.015693,-0.222174,-0.478068,0.186677,0.407527,0.015578,-0.049139,0.095938,0.040799
0.6009,0.348175,0.015693,-0.222174,-0.478068,0.186677,0.407527,0.015578,-0.049139,0.095938,0.040799,-0.045421
0.600286,0.348175,-0.222174,-0.478068,0.186677,0.407527,0.015578,-0.049139,0.095938,0.040799,-0.045421,0.654961
0.601483,0.348175,-0.478068,0.186677,0.407527,0.015578,-0.049139,0.095938,0.040799,-0.045421,0.654961,-0.399382
0.601992,0.348175,0.186677,0.407527,0.015578,-0.049139,0.095938,0.040799,-0.045421,0.654961,-0.399382,-0.084305
0.601425,0.348175,0.407527,0.015578,-0.049139,0.095938,0.040799,-0.045421,0.654961,-0.399382,-0.084305,0.00854
0.609592,0.348175,0.015578,-0.049139,0.095938,0.040799,-0.045421,0.654961,-0.399382,-0.084305,0.00854,0.451682
0.604622,0.348175,-0.049139,0.095938,0.040799,-0.045421,0.654961,-0.399382,-0.084305,0.00854,0.451682,-0.171737
0.603572,0.348175,0.095938,0.040799,-0.045421,0.654961,-0.399382,-0.084305,0.00854,0.451682,-0.171737,-0.029599
0.603679,0.348175,0.040799,-0.045421,0.654961,-0.399382,-0.084305,0.00854,0.451682,-0.171737,-0.029599,0.07777
0.609306,0.348175,-0.045421,0.654961,-0.399382,-0.084305,0.00854,0.451682,-0.171737,-0.029599,0.07777,-0.082637
0.607168,0.348175,0.654961,-0.399382,-0.084305,0.00854,0.451682,-0.171737,-0.029599,0.07777,-0.082637,-0.039978
0.606799,0.348175,-0.399382,-0.084305,0.00854,0.451682,-0.171737,-0.029599,0.07777,-0.082637,-0.039978,0.347288
0.607766,0.348175,-0.084305,0.00854,0.451682,-0.171737,-0.029599,0.07777,-0.082637,-0.039978,0.347288,-0.257339
0.606739,0.348175,0.00854,0.451682,-0.171737,-0.029599,0.07777,-0.082637,-0.039978,0.347288,-0.257339,-0.32412
0.606241,0.348175,0.451682,-0.171737,-0.029599,0.07777,-0.082637,-0.039978,0.347288,-0.257339,-0.32412,-0.229293
0.610563,0.348175,-0.171737,-0.029599,0.07777,-0.082637,-0.039978,0.347288,-0.257339,-0.32412,-0.229293,0.069978
0.607365,0.348175,-0.029599,0.07777,-0.082637,-0.039978,0.347288,-0.257339,-0.32412,-0.229293,0.069978,0.073356
0.603331,0.348175,0.07777,-0.082637,-0.039978,0.347288,-0.257339,-0.32412,-0.229293,0.069978,0.073356,-0.298966
0.60047,0.348175,-0.082637,-0.039978,0.347288,-0.257339,-0.32412,-0.229293,0.069978,0.073356,-0.298966,0.134058
0.601345,0.348175,-0.039978,0.347288,-0.257339,-0.32412,-0.229293,0.069978,0.073356,-0.298966,0.134058,-0.151168
0.602261,0.348175,0.347288,-0.257339,-0.32412,-0.229293,0.069978,0.073356,-0.298966,0.134058,-0.151168,0.223281
0.598526,0.350281,-0.257339,-0.32412,-0.229293,0.069978,0.073356,-0.298966,0.134058,-0.151168,0.223281,0.118221
0.600201,0.350281,-0.32412,-0.229293,0.069978,0.073356,-0.298966,0.134058,-0.151168,0.223281,0.118221,0.03457
0.598311,0.350281,-0.229293,0.069978,0.073356,-0.298966,0.134058,-0.151168,0.223281,0.118221,0.03457,-0.564181
0.601105,0.350281,0.069978,0.073356,-0.298966,0.134058,-0.151168,0.223281,0.118221,0.03457,-0.564181,0.219366
0.602582,0.350281,0.073356,-0.298966,0.134058,-0.151168,0.223281,0.118221,0.03457,-0.564181,0.219366,0.390218
0.603014,0.350281,-0.298966,0.134058,-0.151168,0.223281,0.118221,0.03457,-0.564181,0.219366,0.390218,0.067393
0.595966,0.350281,0.134058,-0.151168,0.223281,0.118221,0.03457,-0.564181,0.219366,0.390218,0.067393,-0.30638
0.598711,0.350281,-0.151168,0.223281,0.118221,0.03457,-0.564181,0.219366,0.390218,0.067393,-0.30638,0.083132
0.603588,0.350281,0.223281,0.118221,0.03457,-0.564181,0.219366,0.390218,0.067393,-0.30638,0.083132,-0.202855
0.604429,0.350281,0.118221,0.03457,-0.564181,0.219366,0.390218,0.067393,-0.30638,0.083132,-0.202855,-0.000208
0.600606,0.350281,0.03457,-0.564181,0.219366,0.390218,0.067393,-0.30638,0.083132,-0.202855,-0.000208,0.593661
0.601644,0.350281,-0.564181,0.219366,0.390218,0.067393,-0.30638,0.083132,-0.202855,-0.000208,0.593661,-0.262265
0.59911,0.350281,0.219366,0.390218,0.067393,-0.30638,0.083132,-0.202855,-0.000208,0.593661,-0.262265,-0.122768
0.599107,0.350281,0.390218,0.067393,-0.30638,0.083132,-0.202855,-0.000208,0.593661,-0.262265,-0.122768,0.03436
0.606523,0.350281,0.067393,-0.30638,0.083132,-0.202855,-0.000208,0.593661,-0.262265,-0.122768,0.03436,0.450587
0.603255,0.350281,-0.30638,0.083132,-0.202855,-0.000208,0.593661,-0.262265,-0.122768,0.03436,0.450587,-0.087324
0.601724,0.350281,0.083132,-0.202855,-0.000208,0.593661,-0.262265,-0.122768,0.03436,0.450587,-0.087324,0.009298
0.602153,0.350281,-0.202855,-0.000208,0.593661,-0.262265,-0.122768,0.03436,0.450587,-0.087324,0.009298,0.05175
0.607771,0.350281,-0.000208,0.593661,-0.262265,-0.122768,0.03436,0.450587,-0.087324,0.009298,0.05175,-0.056626
0.606684,0.350281,0.593661,-0.262265,-0.122768,0.03436,0.450587,-0.087324,0.009298,0.05175,-0.056626,0.044094
0.606799,0.350281,-0.262265,-0.122768,0.03436,0.450587,-0.087324,0.009298,0.05175,-0.056626,0.044094,0.511616
0.607443,0.350281,-0.122768,0.03436,0.450587,-0.087324,0.009298,0.05175,-0.056626,0.044094,0.511616,-0.59682
0.606739,0.350281,0.03436,0.450587,-0.087324,0.009298,0.05175,-0.056626,0.044094,0.511616,-0.59682,-0.006751
0.607288,0.350281,0.450587,-0.087324,0.009298,0.05175,-0.056626,0.044094,0.511616,-0.59682,-0.006751,-0.204941
0.613648,0.350281,-0.087324,0.009298,0.05175,-0.056626,0.044094,0.511616,-0.59682,-0.006751,-0.204941,0.458125
0.606235,0.350281,0.009298,0.05175,-0.056626,0.044094,0.511616,-0.59682,-0.006751,-0.204941,0.458125,-0.204124
0.606151,0.350281,0.05175,-0.056626,0.044094,0.511616,-0.59682,-0.006751,-0.204941,0.458125,-0.204124,0.145793
0.603598,0.350281,-0.056626,0.044094,0.511616,-0.59682,-0.006751,-0.204941,0.458125,-0.204124,0.145793,0.038922
0.609306,0.350281,0.044094,0.511616,-0.59682,-0.006751,-0.204941,0.458125,-0.204124,0.145793,0.038922,-0.082939
0.606764,0.350281,0.511616,-0.59682,-0.006751,-0.204941,0.458125,-0.204124,0.145793,0.038922,-0.082939,0.031049
0.608578,0.350281,-0.59682,-0.006751,-0.204941,0.458125,-0.204124,0.145793,0.038922,-0.082939,0.031049,0.571969
0.609061,0.350281,-0.006751,-0.204941,0.458125,-0.204124,0.145793,0.038922,-0.082939,0.031049,0.571969,-0.318168
0.608031,0.350281,-0.204941,0.458125,-0.204124,0.145793,0.038922,-0.082939,0.031049,0.571969,-0.318168,-0.157107
0.608417,0.350281,0.458125,-0.204124,0.145793,0.038922,-0.082939,0.031049,0.571969,-0.318168,-0.157107,0.093003
0.615521,0.350281,-0.204124,0.145793,0.038922,-0.082939,0.031049,0.571969,-0.318168,-0.157107,0.093003,0.384423
0.611577,0.350281,0.145793,0.038922,-0.082939,0.031049,0.571969,-0.318168,-0.157107,0.093003,0.384423,-0.140474
0.609628,0.350281,0.038922,-0.082939,0.031049,0.571969,-0.318168,-0.157107,0.093003,0.384423,-0.140474,-0.022695
0.610783,0.350281,-0.082939,0.031049,0.571969,-0.318168,-0.157107,0.093003,0.384423,-0.140474,-0.022695,0.059185
0.615552,0.350281,0.031049,0.571969,-0.318168,-0.157107,0.093003,0.384423,-0.140474,-0.022695,0.059185,-0.071056
0.613811,0.350281,0.571969,-0.318168,-0.157107,0.093003,0.384423,-0.140474,-0.022695,0.059185,-0.071056,-0.041337
0.613529,0.350281,-0.318168,-0.157107,0.093003,0.384423,-0.140474,-0.022695,0.059185,-0.071056,-0.041337,0.550569
0.614262,0.350281,-0.157107,0.093003,0.384423,-0.140474,-0.022695,0.059185,-0.071056,-0.041337,0.550569,-0.359764
0.613382,0.350281,0.093003,0.384423,-0.140474,-0.022695,0.059185,-0.071056,-0.041337,0.550569,-0.359764,-0.079104
0.612869,0.350281,0.384423,-0.140474,-0.022695,0.059185,-0.071056,-0.041337,0.550569,-0.359764,-0.079104,-0.018494
0.619689,0.350281,-0.140474,-0.022695,0.059185,-0.071056,-0.041337,0.550569,-0.359764,-0.079104,-0.018494,0.056887
0.615241,0.350281,-0.022695,0.059185,-0.071056,-0.041337,0.550569,-0.359764,-0.079104,-0.018494,0.056887,-0.120679
0.614262,0.350281,0.059185,-0.071056,-0.041337,0.550569,-0.359764,-0.079104,-0.018494,0.056887,-0.120679,-0.02274
0.614033,0.350281,-0.071056,-0.041337,0.550569,-0.359764,-0.079104,-0.018494,0.056887,-0.120679,-0.02274,0.11178
0.614738,0.350281,-0.041337,0.550569,-0.359764,-0.079104,-0.018494,0.056887,-0.120679,-0.02274,0.11178,-0.130143
0.613241,0.350281,0.550569,-0.359764,-0.079104,-0.018494,0.056887,-0.120679,-0.02274,0.11178,-0.130143,0.096211
0.612959,0.350281,-0.359764,-0.079104,-0.018494,0.056887,-0.120679,-0.02274,0.11178,-0.130143,0.096211,0.47873
0.614344,0.350281,-0.079104,-0.018494,0.056887,-0.120679,-0.02274,0.11178,-0.130143,0.096211,0.47873,-0.267456
0.612731,0.350281,-0.018494,0.056887,-0.120679,-0.02274,0.11178,-0.130143,0.096211,0.47873,-0.267456,-0.158407
0.613925,0.350281,0.056887,-0.120679,-0.02274,0.11178,-0.130143,0.096211,0.47873,-0.267456,-0.158407,0.06048
0.619853,0.350281,-0.120679,-0.02274,0.11178,-0.130143,0.096211,0.47873,-0.267456,-0.158407,0.06048,0.420269
0.616547,0.350281,-0.02274,0.11178,-0.130143,0.096211,0.47873,-0.267456,-0.158407,0.06048,0.420269,-0.15462
0.614588,0.350281,0.11178,-0.130143,0.096211,0.47873,-0.267456,-0.158407,0.06048,0.420269,-0.15462,-0.009143
0.615337,0.350281,-0.130143,0.096211,0.47873,-0.267456,-0.158407,0.06048,0.420269,-0.15462,-0.009143,0.026661
0.620535,0.350281,0.096211,0.47873,-0.267456,-0.158407,0.06048,0.420269,-0.15462,-0.009143,0.026661,-0.085288
0.618624,0.350281,0.47873,-0.267456,-0.158407,0.06048,0.420269,-0.15462,-0.009143,0.026661,-0.085288,-0.154208
0.618511,0.350281,-0.267456,-0.158407,0.06048,0.420269,-0.15462,-0.009143,0.026661,-0.085288,-0.154208,0.327821
0.61884,0.350281,-0.158407,0.06048,0.420269,-0.15462,-0.009143,0.026661,-0.085288,-0.154208,0.327821,-0.5047
0.617787,0.350281,0.06048,0.420269,-0.15462,-0.009143,0.026661,-0.085288,-0.154208,0.327821,-0.5047,-0.046077
0.615878,0.350281,0.420269,-0.15462,-0.009143,0.026661,-0.085288,-0.154208,0.327821,-0.5047,-0.046077,-0.011795
0.619935,0.350281,-0.15462,-0.009143,0.026661,-0.085288,-0.154208,0.327821,-0.5047,-0.046077,-0.011795,0.438541
0.613692,0.350281,-0.009143,0.026661,-0.085288,-0.154208,0.327821,-0.5047,-0.046077,-0.011795,0.438541,-0.101418
0.613122,0.350281,0.026661,-0.085288,-0.154208,0.327821,-0.5047,-0.046077,-0.011795,0.438541,-0.101418,0.003949
0.612975,0.350281,-0.085288,-0.154208,0.327821,-0.5047,-0.046077,-0.011795,0.438541,-0.101418,0.003949,0.02656
0.618408,0.350281,-0.154208,0.327821,-0.5047,-0.046077,-0.011795,0.438541,-0.101418,0.003949,0.02656,-0.032108
0.617153,0.350281,0.327821,-0.5047,-0.046077,-0.011795,0.438541,-0.101418,0.003949,0.02656,-0.032108,-0.04869
0.617202,0.350281,-0.5047,-0.046077,-0.011795,0.438541,-0.101418,0.003949,0.02656,-0.032108,-0.04869,0.581329
0.61753,0.350281,-0.046077,-0.011795,0.438541,-0.101418,0.003949,0.02656,-0.032108,-0.04869,0.581329,-0.401838
0.617133,0.350281,-0.011795,0.438541,-0.101418,0.003949,0.02656,-0.032108,-0.04869,0.581329,-0.401838,-0.106038
0.61653,0.350281,0.438541,-0.101418,0.003949,0.02656,-0.032108,-0.04869,0.581329,-0.401838,-0.106038,0.000988
0.623714,0.350281,-0.101418,0.003949,0.02656,-0.032108,-0.04869,0.581329,-0.401838,-0.106038,0.000988,0.328481
0.618757,0.350281,0.003949,0.02656,-0.032108,-0.04869,0.581329,-0.401838,-0.106038,0.000988,0.328481,-0.061918
0.617448,0.350281,0.02656,-0.032108,-0.04869,0.581329,-0.401838,-0.106038,0.000988,0.328481,-0.061918,-0.121977
0.61746,0.350281,-0.032108,-0.04869,0.581329,-0.401838,-0.106038,0.000988,0.328481,-0.061918,-0.121977,0.046661
0.621519,0.350281,-0.04869,0.581329,-0.401838,-0.106038,0.000988,0.328481,-0.061918,-0.121977,0.046661,-0.125301
0.620755,0.350281,0.581329,-0.401838,-0.106038,0.000988,0.328481,-0.061918,-0.121977,0.046661,-0.125301,-0.002711
0.619249,0.350281,-0.401838,-0.106038,0.000988,0.328481,-0.061918,-0.121977,0.046661,-0.125301,-0.002711,0.48294
0.619825,0.350281,-0.106038,0.000988,0.328481,-0.061918,-0.121977,0.046661,-0.125301,-0.002711,0.48294,-0.355667
0.618278,0.350281,0.000988,0.328481,-0.061918,-0.121977,0.046661,-0.125301,-0.002711,0.48294,-0.355667,-0.146023
0.618244,0.350281,0.328481,-0.061918,-0.121977,0.046661,-0.125301,-0.002711,0.48294,-0.355667,-0.146023,-0.012305
0.624208,0.350281,-0.061918,-0.121977,0.046661,-0.125301,-0.002711,0.48294,-0.355667,-0.146023,-0.012305,0.415251
0.619823,0.350281,-0.121977,0.046661,-0.125301,-0.002711,0.48294,-0.355667,-0.146023,-0.012305,0.415251,-0.181698
0.618021,0.350281,0.046661,-0.125301,-0.002711,0.48294,-0.355667,-0.146023,-0.012305,0.415251,-0.181698,-0.035586
0.617869,0.350281,-0.125301,-0.002711,0.48294,-0.355667,-0.146023,-0.012305,0.415251,-0.181698,-0.035586,0.006811
0.622998,0.350281,-0.002711,0.48294,-0.355667,-0.146023,-0.012305,0.415251,-0.181698,-0.035586,0.006811,-0.165268
0.620755,0.350281,0.48294,-0.355667,-0.146023,-0.012305,0.415251,-0.181698,-0.035586,0.006811,-0.165268,-0.285941
0.620316,0.350281,-0.355667,-0.146023,-0.012305,0.415251,-0.181698,-0.035586,0.006811,-0.165268,-0.285941,0.413222
0.6204,0.350281,-0.146023,-0.012305,0.415251,-0.181698,-0.035586,0.006811,-0.165268,-0.285941,0.413222,-0.326917
0.61836,0.350281,-0.012305,0.415251,-0.181698,-0.035586,0.006811,-0.165268,-0.285941,0.413222,-0.326917,-0.105548
0.61482,0.350281,0.415251,-0.181698,-0.035586,0.006811,-0.165268,-0.285941,0.413222,-0.326917,-0.105548,0.034123
0.619935,0.350281,-0.181698,-0.035586,0.006811,-0.165268,-0.285941,0.413222,-0.326917,-0.105548,0.034123,0.314094
0.615894,0.350281,-0.035586,0.006811,-0.165268,-0.285941,0.413222,-0.326917,-0.105548,0.034123,0.314094,-0.022162
0.614588,0.350281,0.006811,-0.165268,-0.285941,0.413222,-0.326917,-0.105548,0.034123,0.314094,-0.022162,-0.115104
0.615011,0.350281,-0.165268,-0.285941,0.413222,-0.326917,-0.105548,0.034123,0.314094,-0.022162,-0.115104,0.086235
0.618898,0.350281,-0.285941,0.413222,-0.326917,-0.105548,0.034123,0.314094,-0.022162,-0.115104,0.086235,-0.124798
0.618624,0.350281,0.413222,-0.326917,-0.105548,0.034123,0.314094,-0.022162,-0.115104,0.086235,-0.124798,-0.002524
0.617202,0.350281,-0.326917,-0.105548,0.034123,0.314094,-0.022162,-0.115104,0.086235,-0.124798,-0.002524,0.514762
0.618267,0.350281,-0.105548,0.034123,0.314094,-0.022162,-0.115104,0.086235,-0.124798,-0.002524,0.514762,-0.408049
0.616724,0.350281,0.034123,0.314094,-0.022162,-0.115104,0.086235,-0.124798,-0.002524,0.514762,-0.408049,-0.105911
0.616693,0.344665,0.314094,-0.022162,-0.115104,0.086235,-0.124798,-0.002524,0.514762,-0.408049,-0.105911,-0.018772
0.623055,0.344665,-0.022162,-0.115104,0.086235,-0.124798,-0.002524,0.514762,-0.408049,-0.105911,-0.018772,0.354563
0.61802,0.344665,-0.115104,0.086235,-0.124798,-0.002524,0.514762,-0.408049,-0.105911,-0.018772,0.354563,-0.161298
0.616711,0.344665,0.086235,-0.124798,-0.002524,0.514762,-0.408049,-0.105911,-0.018772,0.354563,-0.161298,-0.042275
0.616479,0.344665,-0.124798,-0.002524,0.514762,-0.408049,-0.105911,-0.018772,0.354563,-0.161298,-0.042275,-0.139056
0.620863,0.344665,-0.002524,0.514762,-0.408049,-0.105911,-0.018772,0.354563,-0.161298,-0.042275,-0.139056,-0.170392
0.61887,0.344665,0.514762,-0.408049,-0.105911,-0.018772,0.354563,-0.161298,-0.042275,-0.139056,-0.170392,-0.231248
0.618347,0.344665,-0.408049,-0.105911,-0.018772,0.354563,-0.161298,-0.042275,-0.139056,-0.170392,-0.231248,0.52938
0.61663,0.344665,-0.105911,-0.018772,0.354563,-0.161298,-0.042275,-0.139056,-0.170392,-0.231248,0.52938,-0.306309
0.614522,0.344665,-0.018772,0.354563,-0.161298,-0.042275,-0.139056,-0.170392,-0.231248,0.52938,-0.306309,-0.085596
0.611652,0.344665,0.354563,-0.161298,-0.042275,-0.139056,-0.170392,-0.231248,0.52938,-0.306309,-0.085596,-0.005255
0.618215,0.344665,-0.161298,-0.042275,-0.139056,-0.170392,-0.231248,0.52938,-0.306309,-0.085596,-0.005255,0.030691
0.614425,0.344665,-0.042275,-0.139056,-0.170392,-0.231248,0.52938,-0.306309,-0.085596,-0.005255,0.030691,-0.107453
0.613366,0.344665,-0.139056,-0.170392,-0.231248,0.52938,-0.306309,-0.085596,-0.005255,0.030691,-0.107453,-0.016245
0.613301,0.344665,-0.170392,-0.231248,0.52938,-0.306309,-0.085596,-0.005255,0.030691,-0.107453,-0.016245,0.118164
0.613681,0.344665,-0.231248,0.52938,-0.306309,-0.085596,-0.005255,0.030691,-0.107453,-0.016245,0.118164,-0.090593
0.612348,0.344665,0.52938,-0.306309,-0.085596,-0.005255,0.030691,-0.107453,-0.016245,0.118164,-0.090593,-0.09336
0.612146,0.344665,-0.306309,-0.085596,-0.005255,0.030691,-0.107453,-0.016245,0.118164,-0.090593,-0.09336,0.108237
0.61361,0.344665,-0.085596,-0.005255,0.030691,-0.107453,-0.016245,0.118164,-0.090593,-0.09336,0.108237,-0.407829
0.612487,0.344665,-0.005255,0.030691,-0.107453,-0.016245,0.118164,-0.090593,-0.09336,0.108237,-0.407829,-0.401657
0.611328,0.344665,0.030691,-0.107453,-0.016245,0.118164,-0.090593,-0.09336,0.108237,-0.407829,-0.401657,-0.113551
0.612673,0.344665,-0.107453,-0.016245,0.118164,-0.090593,-0.09336,0.108237,-0.407829,-0.401657,-0.113551,-0.128289
0.607607,0.344665,-0.016245,0.118164,-0.090593,-0.09336,0.108237,-0.407829,-0.401657,-0.113551,-0.128289,0.387545
0.602607,0.344665,0.118164,-0.090593,-0.09336,0.108237,-0.407829,-0.401657,-0.113551,-0.128289,0.387545,-0.42166
0.601191,0.344665,-0.090593,-0.09336,0.108237,-0.407829,-0.401657,-0.113551,-0.128289,0.387545,-0.42166,0.359641
0.599586,0.344665,-0.09336,0.108237,-0.407829,-0.401657,-0.113551,-0.128289,0.387545,-0.42166,0.359641,-0.325555
0.604429,0.344665,0.108237,-0.407829,-0.401657,-0.113551,-0.128289,0.387545,-0.42166,0.359641,-0.325555,0.044406
0.599165,0.344665,-0.407829,-0.401657,-0.113551,-0.128289,0.387545,-0.42166,0.359641,-0.325555,0.044406,0.047505
0.603652,0.344665,-0.401657,-0.113551,-0.128289,0.387545,-0.42166,0.359641,-0.325555,0.044406,0.047505,-0.093966
0.59959,0.344665,-0.113551,-0.128289,0.387545,-0.42166,0.359641,-0.325555,0.044406,0.047505,-0.093966,-0.313265
0.600145,0.344665,-0.128289,0.387545,-0.42166,0.359641,-0.325555,0.044406,0.047505,-0.093966,-0.313265,-0.187474
0.600739,0.344665,0.387545,-0.42166,0.359641,-0.325555,0.044406,0.047505,-0.093966,-0.313265,-0.187474,0.158476
0.599565,0.344665,-0.42166,0.359641,-0.325555,0.044406,0.047505,-0.093966,-0.313265,-0.187474,0.158476,0.160975
0.595647,0.344665,0.359641,-0.325555,0.044406,0.047505,-0.093966,-0.313265,-0.187474,0.158476,0.160975,-0.303047
0.593297,0.344665,-0.325555,0.044406,0.047505,-0.093966,-0.313265,-0.187474,0.158476,0.160975,-0.303047,0.362067
0.595286,0.344665,0.044406,0.047505,-0.093966,-0.313265,-0.187474,0.158476,0.160975,-0.303047,0.362067,-0.182154
0.597305,0.344665,0.047505,-0.093966,-0.313265,-0.187474,0.158476,0.160975,-0.303047,0.362067,-0.182154,0.216165
0.593507,0.344665,-0.093966,-0.313265,-0.187474,0.158476,0.160975,-0.303047,0.362067,-0.182154,0.216165,0.053591
0.59804,0.344665,-0.313265,-0.187474,0.158476,0.160975,-0.303047,0.362067,-0.182154,0.216165,0.053591,0.027596
0.59576,0.344665,-0.187474,0.158476,0.160975,-0.303047,0.362067,-0.182154,0.216165,0.053591,0.027596,-0.547914
0.598469,0.344665,0.158476,0.160975,-0.303047,0.362067,-0.182154,0.216165,0.053591,0.027596,-0.547914,0.14845
0.59914,0.344665,0.160975,-0.303047,0.362067,-0.182154,0.216165,0.053591,0.027596,-0.547914,0.14845,0.349434
0.599485,0.344665,-0.303047,0.362067,-0.182154,0.216165,0.053591,0.027596,-0.547914,0.14845,0.349434,0.034503
0.592626,0.344665,0.362067,-0.182154,0.216165,0.053591,0.027596,-0.547914,0.14845,0.349434,0.034503,-0.081056
0.594488,0.344665,-0.182154,0.216165,0.053591,0.027596,-0.547914,0.14845,0.349434,0.034503,-0.081056,-0.089892
0.598868,0.344665,0.216165,0.053591,0.027596,-0.547914,0.14845,0.349434,0.034503,-0.081056,-0.089892,-0.022888
0.5993,0.344665,0.053591,0.027596,-0.547914,0.14845,0.349434,0.034503,-0.081056,-0.089892,-0.022888,-0.221563
0.598286,0.344665,0.027596,-0.547914,0.14845,0.349434,0.034503,-0.081056,-0.089892,-0.022888,-0.221563,0.638985
0.597162,0.344665,-0.547914,0.14845,0.349434,0.034503,-0.081056,-0.089892,-0.022888,-0.221563,0.638985,-0.375459
0.596875,0.344665,0.14845,0.349434,0.034503,-0.081056,-0.089892,-0.022888,-0.221563,0.638985,-0.375459,0.031415
0.594096,0.343475,0.349434,0.034503,-0.081056,-0.089892,-0.022888,-0.221563,0.638985,-0.375459,0.031415,-0.022975
0.602101,0.343475,0.034503,-0.081056,-0.089892,-0.022888,-0.221563,0.638985,-0.375459,0.031415,-0.022975,0.146447
0.597408,0.343475,-0.081056,-0.089892,-0.022888,-0.221563,0.638985,-0.375459,0.031415,-0.022975,0.146447,-0.156636
0.597801,0.343475,-0.089892,-0.022888,-0.221563,0.638985,-0.375459,0.031415,-0.022975,0.146447,-0.156636,0.027319
0.597513,0.343475,-0.022888,-0.221563,0.638985,-0.375459,0.031415,-0.022975,0.146447,-0.156636,0.027319,0.172287
0.599347,0.343475,-0.221563,0.638985,-0.375459,0.031415,-0.022975,0.146447,-0.156636,0.027319,0.172287,-0.074407
0.597385,0.343475,0.638985,-0.375459,0.031415,-0.022975,0.146447,-0.156636,0.027319,0.172287,-0.074407,0.08913
0.597727,0.343475,-0.375459,0.031415,-0.022975,0.146447,-0.156636,0.027319,0.172287,-0.074407,0.08913,0.549474
0.59988,0.343475,0.031415,-0.022975,0.146447,-0.156636,0.027319,0.172287,-0.074407,0.08913,0.549474,-0.249526
0.59895,0.343475,-0.022975,0.146447,-0.156636,0.027319,0.172287,-0.074407,0.08913,0.549474,-0.249526,-0.109993
0.600065,0.343475,0.146447,-0.156636,0.027319,0.172287,-0.074407,0.08913,0.549474,-0.249526,-0.109993,0.066553
0.606926,0.343475,-0.156636,0.027319,0.172287,-0.074407,0.08913,0.549474,-0.249526,-0.109993,0.066553,0.529391
0.603818,0.343475,0.027319,0.172287,-0.074407,0.08913,0.549474,-0.249526,-0.109993,0.066553,0.529391,-0.184828
0.602447,0.343475,0.172287,-0.074407,0.08913,0.549474,-0.249526,-0.109993,0.066553,0.529391,-0.184828,0.041902
0.603277,0.343475,-0.074407,0.08913,0.549474,-0.249526,-0.109993,0.066553,0.529391,-0.184828,0.041902,-0.104253
0.609871,0.343475,0.08913,0.549474,-0.249526,-0.109993,0.066553,0.529391,-0.184828,0.041902,-0.104253,-0.088903
0.607571,0.343475,0.549474,-0.249526,-0.109993,0.066553,0.529391,-0.184828,0.041902,-0.104253,-0.088903,-0.207091
0.608092,0.343475,-0.249526,-0.109993,0.066553,0.529391,-0.184828,0.041902,-0.104253,-0.088903,-0.207091,0.62454
0.606797,0.343475,-0.109993,0.066553,0.529391,-0.184828,0.041902,-0.104253,-0.088903,-0.207091,0.62454,-0.322408
0.60569,0.343475,0.066553,0.529391,-0.184828,0.041902,-0.104253,-0.088903,-0.207091,0.62454,-0.322408,-0.058666
0.603107,0.343475,0.529391,-0.184828,0.041902,-0.104253,-0.088903,-0.207091,0.62454,-0.322408,-0.058666,0.086193
0.610888,0.343475,-0.184828,0.041902,-0.104253,-0.088903,-0.207091,0.62454,-0.322408,-0.058666,0.086193,0.408472
0.60688,0.343475,0.041902,-0.104253,-0.088903,-0.207091,0.62454,-0.322408,-0.058666,0.086193,0.408472,-0.022412
0.606151,0.343475,-0.104253,-0.088903,-0.207091,0.62454,-0.322408,-0.058666,0.086193,0.408472,-0.022412,-0.075158
0.607223,0.343475,-0.088903,-0.207091,0.62454,-0.322408,-0.058666,0.086193,0.408472,-0.022412,-0.075158,0.177026
0.612301,0.343475,-0.207091,0.62454,-0.322408,-0.058666,0.086193,0.408472,-0.022412,-0.075158,0.177026,-0.057738
0.612023,0.343475,0.62454,-0.322408,-0.058666,0.086193,0.408472,-0.022412,-0.075158,0.177026,-0.057738,0.004577
0.61109,0.343475,-0.322408,-0.058666,0.086193,0.408472,-0.022412,-0.075158,0.177026,-0.057738,0.004577,0.537045
0.613284,0.343475,-0.058666,0.086193,0.408472,-0.022412,-0.075158,0.177026,-0.057738,0.004577,0.537045,-0.287023
0.612569,0.343475,0.086193,0.408472,-0.022412,-0.075158,0.177026,-0.057738,0.004577,0.537045,-0.287023,-0.125288
0.612626,0.343475,0.408472,-0.022412,-0.075158,0.177026,-0.057738,0.004577,0.537045,-0.287023,-0.125288,0.014407
0.619279,0.343475,-0.022412,-0.075158,0.177026,-0.057738,0.004577,0.537045,-0.287023,-0.125288,0.014407,0.413009
0.615731,0.343475,-0.075158,0.177026,-0.057738,0.004577,0.537045,-0.287023,-0.125288,0.014407,0.413009,-0.253334
0.614181,0.343475,0.177026,-0.057738,0.004577,0.537045,-0.287023,-0.125288,0.014407,0.413009,-0.253334,-0.029149
0.614359,0.343475,-0.057738,0.004577,0.537045,-0.287023,-0.125288,0.014407,0.413009,-0.253334,-0.029149,-0.296299
0.619471,0.343475,0.004577,0.537045,-0.287023,-0.125288,0.014407,0.413009,-0.253334,-0.029149,-0.296299,-0.103337
0.616336,0.343475,0.537045,-0.287023,-0.125288,0.014407,0.413009,-0.253334,-0.029149,-0.296299,-0.103337,-0.099428
0.615976,0.343475,-0.287023,-0.125288,0.014407,0.413009,-0.253334,-0.029149,-0.296299,-0.103337,-0.099428,0.573534
0.612308,0.343475,-0.125288,0.014407,0.413009,-0.253334,-0.029149,-0.296299,-0.103337,-0.099428,0.573534,-0.312271
0.611026,0.343475,0.014407,0.413009,-0.253334,-0.029149,-0.296299,-0.103337,-0.099428,0.573534,-0.312271,-0.019773
0.609791,0.343475,0.413009,-0.253334,-0.029149,-0.296299,-0.103337,-0.099428,0.573534,-0.312271,-0.019773,0.080136
0.616908,0.343475,-0.253334,-0.029149,-0.296299,-0.103337,-0.099428,0.573534,-0.312271,-0.019773,0.080136,0.445741
0.613041,0.343475,-0.029149,-0.296299,-0.103337,-0.099428,0.573534,-0.312271,-0.019773,0.080136,0.445741,-0.101527
0.612796,0.343475,-0.296299,-0.103337,-0.099428,0.573534,-0.312271,-0.019773,0.080136,0.445741,-0.101527,-0.009192
0.613789,0.343475,-0.103337,-0.099428,0.573534,-0.312271,-0.019773,0.080136,0.445741,-0.101527,-0.009192,0.152864
0.619307,0.343475,-0.099428,0.573534,-0.312271,-0.019773,0.080136,0.445741,-0.101527,-0.009192,0.152864,-0.151785
0.618052,0.343475,0.573534,-0.312271,-0.019773,0.080136,0.445741,-0.101527,-0.009192,0.152864,-0.151785,0.056788
0.617938,0.343475,-0.312271,-0.019773,0.080136,0.445741,-0.101527,-0.009192,0.152864,-0.151785,0.056788,0.490022
0.619825,0.343475,-0.019773,0.080136,0.445741,-0.101527,-0.009192,0.152864,-0.151785,0.056788,0.490022,-0.249359
0.617951,0.343475,0.080136,0.445741,-0.101527,-0.009192,0.152864,-0.151785,0.056788,0.490022,-0.249359,-0.212948
0.618653,0.343475,0.445741,-0.101527,-0.009192,0.152864,-0.151785,0.056788,0.490022,-0.249359,-0.212948,0.060619
0.624702,0.343475,-0.101527,-0.009192,0.152864,-0.151785,0.056788,0.490022,-0.249359,-0.212948,0.060619,0.39639
0.62163,0.343475,-0.009192,0.152864,-0.151785,0.056788,0.490022,-0.249359,-0.212948,0.060619,0.39639,-0.075397
0.619004,0.343475,0.152864,-0.151785,0.056788,0.490022,-0.249359,-0.212948,0.060619,0.39639,-0.075397,-0.062217
0.619753,0.343475,-0.151785,0.056788,0.490022,-0.249359,-0.212948,0.060619,0.39639,-0.075397,-0.062217,0.053804
0.624643,0.343475,0.056788,0.490022,-0.249359,-0.212948,0.060619,0.39639,-0.075397,-0.062217,0.053804,-0.032956
0.623714,0.343475,0.490022,-0.249359,-0.212948,0.060619,0.39639,-0.075397,-0.062217,0.053804,-0.032956,-0.030054
0.622947,0.343475,-0.249359,-0.212948,0.060619,0.39639,-0.075397,-0.062217,0.053804,-0.032956,-0.030054,0.521164
0.62361,0.343475,-0.212948,0.060619,0.39639,-0.075397,-0.062217,0.053804,-0.032956,-0.030054,0.521164,-0.331603
0.623204,0.343475,0.060619,0.39639,-0.075397,-0.062217,0.053804,-0.032956,-0.030054,0.521164,-0.331603,-0.100414
0.622833,0.343475,0.39639,-0.075397,-0.062217,0.053804,-0.032956,-0.030054,0.521164,-0.331603,-0.100414,0.040656
0.62925,0.343475,-0.075397,-0.062217,0.053804,-0.032956,-0.030054,0.521164,-0.331603,-0.100414,0.040656,0.311648
0.625175,0.343475,-0.062217,0.053804,-0.032956,-0.030054,0.521164,-0.331603,-0.100414,0.040656,0.311648,-0.028524
0.62394,0.343475,0.053804,-0.032956,-0.030054,0.521164,-0.331603,-0.100414,0.040656,0.311648,-0.028524,-0.095934
0.62444,0.343475,-0.032956,-0.030054,0.521164,-0.331603,-0.100414,0.040656,0.311648,-0.028524,-0.095934,0.074545
0.628275,0.343475,-0.030054,0.521164,-0.331603,-0.100414,0.040656,0.311648,-0.028524,-0.095934,0.074545,-0.107593
0.627924,0.343475,0.521164,-0.331603,-0.100414,0.040656,0.311648,-0.028524,-0.095934,0.074545,-0.107593,0.002897
0.626745,0.343475,-0.331603,-0.100414,0.040656,0.311648,-0.028524,-0.095934,0.074545,-0.107593,0.002897,0.490909
0.627661,0.343475,-0.100414,0.040656,0.311648,-0.028524,-0.095934,0.074545,-0.107593,0.002897,0.490909,-0.326441
0.626339,0.343475,0.040656,0.311648,-0.028524,-0.095934,0.074545,-0.107593,0.002897,0.490909,-0.326441,-0.121156
0.626375,0.343475,0.311648,-0.028524,-0.095934,0.074545,-0.107593,0.002897,0.490909,-0.326441,-0.121156,-0.033447
0.632406,0.343475,-0.028524,-0.095934,0.074545,-0.107593,0.002897,0.490909,-0.326441,-0.121156,-0.033447,0.366654
0.628403,0.343475,-0.095934,0.074545,-0.107593,0.002897,0.490909,-0.326441,-0.121156,-0.033447,0.366654,-0.062254
0.626915,0.343475,0.074545,-0.107593,0.002897,0.490909,-0.326441,-0.121156,-0.033447,0.366654,-0.062254,-0.143397
0.626504,0.343475,-0.107593,0.002897,0.490909,-0.326441,-0.121156,-0.033447,0.366654,-0.062254,-0.143397,0.101929
0.63101,0.343475,0.002897,0.490909,-0.326441,-0.121156,-0.033447,0.366654,-0.062254,-0.143397,0.101929,-0.135189
0.630245,0.343475,0.490909,-0.326441,-0.121156,-0.033447,0.366654,-0.062254,-0.143397,0.101929,-0.135189,-0.017502
0.628485,0.343475,-0.326441,-0.121156,-0.033447,0.366654,-0.062254,-0.143397,0.101929,-0.135189,-0.017502,0.478792
0.629736,0.343475,-0.121156,-0.033447,0.366654,-0.062254,-0.143397,0.101929,-0.135189,-0.017502,0.478792,-0.266142
0.628077,0.343475,-0.033447,0.366654,-0.062254,-0.143397,0.101929,-0.135189,-0.017502,0.478792,-0.266142,-0.222968
0.627861,0.343475,0.366654,-0.062254,-0.143397,0.101929,-0.135189,-0.017502,0.478792,-0.266142,-0.222968,0.040632
0.633739,0.343475,-0.062254,-0.143397,0.101929,-0.135189,-0.017502,0.478792,-0.266142,-0.222968,0.040632,0.299795
0.630478,0.343475,-0.143397,0.101929,-0.135189,-0.017502,0.478792,-0.266142,-0.222968,0.040632,0.299795,-0.014872
0.627744,0.343475,0.101929,-0.135189,-0.017502,0.478792,-0.266142,-0.222968,0.040632,0.299795,-0.014872,-0.143648
0.628242,0.343475,-0.135189,-0.017502,0.478792,-0.266142,-0.222968,0.040632,0.299795,-0.014872,-0.143648,0.061502
0.631923,0.343475,-0.017502,0.478792,-0.266142,-0.222968,0.040632,0.299795,-0.014872,-0.143648,0.061502,-0.108459
0.631741,0.343475,0.478792,-0.266142,-0.222968,0.040632,0.299795,-0.014872,-0.143648,0.061502,-0.108459,-0.010985
0.629979,0.343475,-0.266142,-0.222968,0.040632,0.299795,-0.014872,-0.143648,0.061502,-0.108459,-0.010985,0.43242
0.630733,0.343475,-0.222968,0.040632,0.299795,-0.014872,-0.143648,0.061502,-0.108459,-0.010985,0.43242,-0.2936
0.629403,0.343475,0.040632,0.299795,-0.014872,-0.143648,0.061502,-0.108459,-0.010985,0.43242,-0.2936,-0.169057
0.629268,0.343475,0.299795,-0.014872,-0.143648,0.061502,-0.108459,-0.010985,0.43242,-0.2936,-0.169057,0.006818
0.634573,0.343475,-0.014872,-0.143648,0.061502,-0.108459,-0.010985,0.43242,-0.2936,-0.169057,0.006818,0.266198
0.630977,0.343475,-0.143648,0.061502,-0.108459,-0.010985,0.43242,-0.2936,-0.169057,0.006818,0.266198,-0.07587
0.628905,0.343475,0.061502,-0.108459,-0.010985,0.43242,-0.2936,-0.169057,0.006818,0.266198,-0.07587,-0.25846
0.628989,0.343475,-0.108459,-0.010985,0.43242,-0.2936,-0.169057,0.006818,0.266198,-0.07587,-0.25846,-0.019892
0.632256,0.343475,-0.010985,0.43242,-0.2936,-0.169057,0.006818,0.266198,-0.07587,-0.25846,-0.019892,-0.382706
0.631325,0.343475,0.43242,-0.2936,-0.169057,0.006818,0.266198,-0.07587,-0.25846,-0.019892,-0.382706,0.070008
0.628154,0.343475,-0.2936,-0.169057,0.006818,0.266198,-0.07587,-0.25846,-0.019892,-0.382706,0.070008,0.373935
0.627909,0.343475,-0.169057,0.006818,0.266198,-0.07587,-0.25846,-0.019892,-0.382706,0.070008,0.373935,-0.156632
0.623204,0.343475,0.006818,0.266198,-0.07587,-0.25846,-0.019892,-0.382706,0.070008,0.373935,-0.156632,-0.27515
0.624067,0.343475,0.266198,-0.07587,-0.25846,-0.019892,-0.382706,0.070008,0.373935,-0.156632,-0.27515,0.060743
0.62867,0.343475,-0.07587,-0.25846,-0.019892,-0.382706,0.070008,0.373935,-0.156632,-0.27515,0.060743,0.07002
0.626745,0.343475,-0.25846,-0.019892,-0.382706,0.070008,0.373935,-0.156632,-0.27515,0.060743,0.07002,0.018245
0.623362,0.343475,-0.019892,-0.382706,0.070008,0.373935,-0.156632,-0.27515,0.060743,0.07002,0.018245,-0.376185
0.62411,0.343475,-0.382706,0.070008,0.373935,-0.156632,-0.27515,0.060743,0.07002,0.018245,-0.376185,0.140306
0.624973,0.343475,0.070008,0.373935,-0.156632,-0.27515,0.060743,0.07002,0.018245,-0.376185,0.140306,-0.099423
0.625197,0.343475,0.373935,-0.156632,-0.27515,0.060743,0.07002,0.018245,-0.376185,0.140306,-0.099423,-0.016386
0.620562,0.343475,-0.156632,-0.27515,0.060743,0.07002,0.018245,-0.376185,0.140306,-0.099423,-0.016386,0.492225
0.622291,0.334106,-0.27515,0.060743,0.07002,0.018245,-0.376185,0.140306,-0.099423,-0.016386,0.492225,-0.32376
0.621066,0.334106,0.060743,0.07002,0.018245,-0.376185,0.140306,-0.099423,-0.016386,0.492225,-0.32376,-0.160117
0.620863,0.334106,0.07002,0.018245,-0.376185,0.140306,-0.099423,-0.016386,0.492225,-0.32376,-0.160117,0.014019
0.626932,0.334106,0.018245,-0.376185,0.140306,-0.099423,-0.016386,0.492225,-0.32376,-0.160117,0.014019,0.383839
0.622947,0.334106,-0.376185,0.140306,-0.099423,-0.016386,0.492225,-0.32376,-0.160117,0.014019,0.383839,-0.315787
0.620975,0.334106,0.140306,-0.099423,-0.016386,0.492225,-0.32376,-0.160117,0.014019,0.383839,-0.315787,-0.201907
0.621148,0.334106,-0.099423,-0.016386,0.492225,-0.32376,-0.160117,0.014019,0.383839,-0.315787,-0.201907,-0.265102
0.625879,0.334106,-0.016386,0.492225,-0.32376,-0.160117,0.014019,0.383839,-0.315787,-0.201907,-0.265102,-0.229364
0.621986,0.334106,0.492225,-0.32376,-0.160117,0.014019,0.383839,-0.315787,-0.201907,-0.265102,-0.229364,-0.054413
0.619495,0.334106,-0.32376,-0.160117,0.014019,0.383839,-0.315787,-0.201907,-0.265102,-0.229364,-0.054413,0.583526
0.616221,0.334106,-0.160117,0.014019,0.383839,-0.315787,-0.201907,-0.265102,-0.229364,-0.054413,0.583526,-0.425781
0.613382,0.334106,0.014019,0.383839,-0.315787,-0.201907,-0.265102,-0.229364,-0.054413,0.583526,-0.425781,0.006577
0.612707,0.334106,0.383839,-0.315787,-0.201907,-0.265102,-0.229364,-0.054413,0.583526,-0.425781,0.006577,-0.044857
0.619935,0.334106,-0.315787,-0.201907,-0.265102,-0.229364,-0.054413,0.583526,-0.425781,0.006577,-0.044857,0.399667
0.61467,0.334106,-0.201907,-0.265102,-0.229364,-0.054413,0.583526,-0.425781,0.006577,-0.044857,0.399667,-0.08168
0.614751,0.334106,-0.265102,-0.229364,-0.054413,0.583526,-0.425781,0.006577,-0.044857,0.399667,-0.08168,-0.029063
0.614196,0.334106,-0.229364,-0.054413,0.583526,-0.425781,0.006577,-0.044857,0.399667,-0.08168,-0.029063,0.066421
0.619144,0.334106,-0.054413,0.583526,-0.425781,0.006577,-0.044857,0.399667,-0.08168,-0.029063,0.066421,-0.138122
0.618133,0.334106,0.583526,-0.425781,0.006577,-0.044857,0.399667,-0.08168,-0.029063,0.066421,-0.138122,0.030418
0.617774,0.334106,-0.425781,0.006577,-0.044857,0.399667,-0.08168,-0.029063,0.066421,-0.138122,0.030418,0.428633
0.618594,0.334106,0.006577,-0.044857,0.399667,-0.08168,-0.029063,0.066421,-0.138122,0.030418,0.428633,-0.321598
0.616888,0.334106,-0.044857,0.399667,-0.08168,-0.029063,0.066421,-0.138122,0.030418,0.428633,-0.321598,-0.158963
0.617264,0.334106,0.399667,-0.08168,-0.029063,0.066421,-0.138122,0.030418,0.428633,-0.321598,-0.158963,0.014271
0.622562,0.334106,-0.08168,-0.029063,0.066421,-0.138122,0.030418,0.428633,-0.321598,-0.158963,0.014271,0.28172
0.618593,0.334106,-0.029063,0.066421,-0.138122,0.030418,0.428633,-0.321598,-0.158963,0.014271,0.28172,-0.068507
0.61663,0.334106,0.066421,-0.138122,0.030418,0.428633,-0.321598,-0.158963,0.014271,0.28172,-0.068507,-0.12845
0.616806,0.334106,-0.138122,0.030418,0.428633,-0.321598,-0.158963,0.014271,0.28172,-0.068507,-0.12845,0.119585
0.62029,0.334106,0.030418,0.428633,-0.321598,-0.158963,0.014271,0.28172,-0.068507,-0.12845,0.119585,-0.158232
0.619443,0.334106,0.428633,-0.321598,-0.158963,0.014271,0.28172,-0.068507,-0.12845,0.119585,-0.158232,0.017192
0.617856,0.334106,-0.321598,-0.158963,0.014271,0.28172,-0.068507,-0.12845,0.119585,-0.158232,0.017192,0.395594
0.619332,0.334106,-0.158963,0.014271,0.28172,-0.068507,-0.12845,0.119585,-0.158232,0.017192,0.395594,-0.23527
0.617378,0.334106,0.014271,0.28172,-0.068507,-0.12845,0.119585,-0.158232,0.017192,0.395594,-0.23527,-0.198979
0.617591,0.334106,0.28172,-0.068507,-0.12845,0.119585,-0.158232,0.017192,0.395594,-0.23527,-0.198979,0.053935
0.622479,0.334106,-0.068507,-0.12845,0.119585,-0.158232,0.017192,0.395594,-0.23527,-0.198979,0.053935,0.242264
0.619577,0.334106,-0.12845,0.119585,-0.158232,0.017192,0.395594,-0.23527,-0.198979,0.053935,0.242264,0.031074
0.61712,0.334106,0.119585,-0.158232,0.017192,0.395594,-0.23527,-0.198979,0.053935,0.242264,0.031074,-0.181791
0.617787,0.334106,-0.158232,0.017192,0.395594,-0.23527,-0.198979,0.053935,0.242264,0.031074,-0.181791,0.0799
0.620781,0.334106,0.017192,0.395594,-0.23527,-0.198979,0.053935,0.242264,0.031074,-0.181791,0.0799,-0.118704
0.621165,0.334106,0.395594,-0.23527,-0.198979,0.053935,0.242264,0.031074,-0.181791,0.0799,-0.118704,-0.022557
0.618921,0.334106,-0.23527,-0.198979,0.053935,0.242264,0.031074,-0.181791,0.0799,-0.118704,-0.022557,0.516286
0.619907,0.334106,-0.198979,0.053935,0.242264,0.031074,-0.181791,0.0799,-0.118704,-0.022557,0.516286,-0.375781
0.618442,0.334106,0.053935,0.242264,0.031074,-0.181791,0.0799,-0.118704,-0.022557,0.516286,-0.375781,-0.106232
0.618163,0.334106,0.242264,0.031074,-0.181791,0.0799,-0.118704,-0.022557,0.516286,-0.375781,-0.106232,-0.005733
0.624538,0.334106,0.031074,-0.181791,0.0799,-0.118704,-0.022557,0.516286,-0.375781,-0.106232,-0.005733,0.42902
0.619905,0.334106,-0.181791,0.0799,-0.118704,-0.022557,0.516286,-0.375781,-0.106232,-0.005733,0.42902,-0.188566
0.618594,0.334106,0.0799,-0.118704,-0.022557,0.516286,-0.375781,-0.106232,-0.005733,0.42902,-0.188566,-0.00223
0.618524,0.334106,-0.118704,-0.022557,0.516286,-0.375781,-0.106232,-0.005733,0.42902,-0.188566,-0.00223,0.046937
0.62382,0.334106,-0.022557,0.516286,-0.375781,-0.106232,-0.005733,0.42902,-0.188566,-0.00223,0.046937,-0.132651
0.621494,0.334106,0.516286,-0.375781,-0.106232,-0.005733,0.42902,-0.188566,-0.00223,0.046937,-0.132651,-0.095781
0.621466,0.334106,-0.375781,-0.106232,-0.005733,0.42902,-0.188566,-0.00223,0.046937,-0.132651,-0.095781,0.276777
0.622044,0.334106,-0.106232,-0.005733,0.42902,-0.188566,-0.00223,0.046937,-0.132651,-0.095781,0.276777,-0.381295
0.620409,0.334106,-0.005733,0.42902,-0.188566,-0.00223,0.046937,-0.132651,-0.095781,0.276777,-0.381295,-0.138955
0.619225,0.322876,0.42902,-0.188566,-0.00223,0.046937,-0.132651,-0.095781,0.276777,-0.381295,-0.138955,0.073748
0.622644,0.322876,-0.188566,-0.00223,0.046937,-0.132651,-0.095781,0.276777,-0.381295,-0.138955,0.073748,0.354917
0.617938,0.322876,-0.00223,0.046937,-0.132651,-0.095781,0.276777,-0.381295,-0.138955,0.073748,0.354917,-0.075212
0.616221,0.322876,0.046937,-0.132651,-0.095781,0.276777,-0.381295,-0.138955,0.073748,0.354917,-0.075212,-0.015616
0.617133,0.322876,-0.132651,-0.095781,0.276777,-0.381295,-0.138955,0.073748,0.354917,-0.075212,-0.015616,-0.146167
0.621519,0.322876,-0.095781,0.276777,-0.381295,-0.138955,0.073748,0.354917,-0.075212,-0.015616,-0.146167,-0.098459
0.620591,0.322876,0.276777,-0.381295,-0.138955,0.073748,0.354917,-0.075212,-0.015616,-0.146167,-0.098459,-0.226288
0.620398,0.322876,-0.381295,-0.138955,0.073748,0.354917,-0.075212,-0.015616,-0.146167,-0.098459,-0.226288,0.572414
0.618594,0.322876,-0.138955,0.073748,0.354917,-0.075212,-0.015616,-0.146167,-0.098459,-0.226288,0.572414,-0.334401
0.617378,0.322876,0.073748,0.354917,-0.075212,-0.015616,-0.146167,-0.098459,-0.226288,0.572414,-0.334401,-0.039667
0.614576,0.322876,0.354917,-0.075212,-0.015616,-0.146167,-0.098459,-0.226288,0.572414,-0.334401,-0.039667,-0.012206
0.621658,0.322876,-0.075212,-0.015616,-0.146167,-0.098459,-0.226288,0.572414,-0.334401,-0.039667,-0.012206,0.295018
0.617529,0.322876,-0.015616,-0.146167,-0.098459,-0.226288,0.572414,-0.334401,-0.039667,-0.012206,0.295018,-0.174449
0.617039,0.322876,-0.146167,-0.098459,-0.226288,0.572414,-0.334401,-0.039667,-0.012206,0.295018,-0.174449,-0.240525
0.616888,0.322876,-0.098459,-0.226288,0.572414,-0.334401,-0.039667,-0.012206,0.295018,-0.174449,-0.240525,-0.19099
0.620535,0.322876,-0.226288,0.572414,-0.334401,-0.039667,-0.012206,0.295018,-0.174449,-0.240525,-0.19099,-0.221216
0.618379,0.322876,0.572414,-0.334401,-0.039667,-0.012206,0.295018,-0.174449,-0.240525,-0.19099,-0.221216,0.070015
0.615404,0.322876,-0.334401,-0.039667,-0.012206,0.295018,-0.174449,-0.240525,-0.19099,-0.221216,0.070015,0.522251
0.61304,0.322876,-0.039667,-0.012206,0.295018,-0.174449,-0.240525,-0.19099,-0.221216,0.070015,0.522251,-0.253426
0.610297,0.322876,-0.012206,0.295018,-0.174449,-0.240525,-0.19099,-0.221216,0.070015,0.522251,-0.253426,-0.131618
0.611166,0.322876,0.295018,-0.174449,-0.240525,-0.19099,-0.221216,0.070015,0.522251,-0.253426,-0.131618,0.067012
0.617643,0.322876,-0.174449,-0.240525,-0.19099,-0.221216,0.070015,0.522251,-0.253426,-0.131618,0.067012,0.386133
0.614507,0.322876,-0.240525,-0.19099,-0.221216,0.070015,0.522251,-0.253426,-0.131618,0.067012,0.386133,-0.075019
0.612877,0.322876,-0.19099,-0.221216,0.070015,0.522251,-0.253426,-0.131618,0.067012,0.386133,-0.075019,-0.200724
0.613708,0.322876,-0.221216,0.070015,0.522251,-0.253426,-0.131618,0.067012,0.386133,-0.075019,-0.200724,0.006591
0.618489,0.322876,0.070015,0.522251,-0.253426,-0.131618,0.067012,0.386133,-0.075019,-0.200724,0.006591,-0.281221
0.617561,0.322876,0.522251,-0.253426,-0.131618,0.067012,0.386133,-0.075019,-0.200724,0.006591,-0.281221,0.030791
0.615078,0.322876,-0.253426,-0.131618,0.067012,0.386133,-0.075019,-0.200724,0.006591,-0.281221,0.030791,0.470324
0.615159,0.322876,-0.131618,0.067012,0.386133,-0.075019,-0.200724,0.006591,-0.281221,0.030791,0.470324,-0.233762
0.611675,0.322876,0.067012,0.386133,-0.075019,-0.200724,0.006591,-0.281221,0.030791,0.470324,-0.233762,-0.171157
0.612058,0.322876,0.386133,-0.075019,-0.200724,0.006591,-0.281221,0.030791,0.470324,-0.233762,-0.171157,0.086725
0.617888,0.322876,-0.075019,-0.200724,0.006591,-0.281221,0.030791,0.470324,-0.233762,-0.171157,0.086725,0.274016
0.614996,0.322876,-0.200724,0.006591,-0.281221,0.030791,0.470324,-0.233762,-0.171157,0.086725,0.274016,0.023986
0.612877,0.322876,0.006591,-0.281221,0.030791,0.470324,-0.233762,-0.171157,0.086725,0.274016,0.023986,-0.042322
0.613952,0.322876,-0.281221,0.030791,0.470324,-0.233762,-0.171157,0.086725,0.274016,0.023986,-0.042322,0.033186
0.617346,0.322876,0.030791,0.470324,-0.233762,-0.171157,0.086725,0.274016,0.023986,-0.042322,0.033186,-0.058535
0.617643,0.322876,0.470324,-0.233762,-0.171157,0.086725,0.274016,0.023986,-0.042322,0.033186,-0.058535,-0.055212
0.61712,0.322876,-0.233762,-0.171157,0.086725,0.274016,0.023986,-0.042322,0.033186,-0.058535,-0.055212,0.554171
0.61753,0.322876,-0.171157,0.086725,0.274016,0.023986,-0.042322,0.033186,-0.058535,-0.055212,0.554171,-0.388116
0.616806,0.322876,0.086725,0.274016,0.023986,-0.042322,0.033186,-0.058535,-0.055212,0.554171,-0.388116,-0.066219
0.616123,0.322876,0.274016,0.023986,-0.042322,0.033186,-0.058535,-0.055212,0.554171,-0.388116,-0.066219,-0.025469
0.622973,0.322876,0.023986,-0.042322,0.033186,-0.058535,-0.055212,0.554171,-0.388116,-0.066219,-0.025469,0.414738
0.618184,0.322876,-0.042322,0.033186,-0.058535,-0.055212,0.554171,-0.388116,-0.066219,-0.025469,0.414738,-0.168225
0.617366,0.322876,0.033186,-0.058535,-0.055212,0.554171,-0.388116,-0.066219,-0.025469,0.414738,-0.168225,-0.161681
0.617051,0.322876,-0.058535,-0.055212,0.554171,-0.388116,-0.066219,-0.025469,0.414738,-0.168225,-0.161681,-0.039694
0.622176,0.322876,-0.055212,0.554171,-0.388116,-0.066219,-0.025469,0.414738,-0.168225,-0.161681,-0.039694,-0.223487
0.620099,0.322876,0.554171,-0.388116,-0.066219,-0.025469,0.414738,-0.168225,-0.161681,-0.039694,-0.223487,-0.008825
0.618102,0.322876,-0.388116,-0.066219,-0.025469,0.414738,-0.168225,-0.161681,-0.039694,-0.223487,-0.008825,0.545986
0.617611,0.322876,-0.066219,-0.025469,0.414738,-0.168225,-0.161681,-0.039694,-0.223487,-0.008825,0.545986,-0.261471
0.614848,0.322876,-0.025469,0.414738,-0.168225,-0.161681,-0.039694,-0.223487,-0.008825,0.545986,-0.261471,-0.178718
0.614738,0.322876,0.414738,-0.168225,-0.161681,-0.039694,-0.223487,-0.008825,0.545986,-0.261471,-0.178718,-0.25552
0.621494,0.322876,-0.168225,-0.161681,-0.039694,-0.223487,-0.008825,0.545986,-0.261471,-0.178718,-0.25552,0.332894
0.618266,0.322876,-0.161681,-0.039694,-0.223487,-0.008825,0.545986,-0.261471,-0.178718,-0.25552,0.332894,-0.048592
0.616057,0.322876,-0.039694,-0.223487,-0.008825,0.545986,-0.261471,-0.178718,-0.25552,0.332894,-0.048592,0.023696
0.612894,0.322876,-0.223487,-0.008825,0.545986,-0.261471,-0.178718,-0.25552,0.332894,-0.048592,0.023696,0.039751
0.61702,0.322876,-0.008825,0.545986,-0.261471,-0.178718,-0.25552,0.332894,-0.048592,0.023696,0.039751,-0.131057
0.616418,0.322876,0.545986,-0.261471,-0.178718,-0.25552,0.332894,-0.048592,0.023696,0.039751,-0.131057,-0.153302
0.616711,0.322876,-0.261471,-0.178718,-0.25552,0.332894,-0.048592,0.023696,0.039751,-0.131057,-0.153302,0.40564
0.617202,0.322876,-0.178718,-0.25552,0.332894,-0.048592,0.023696,0.039751,-0.131057,-0.153302,0.40564,-0.267004
0.615582,0.322876,-0.25552,0.332894,-0.048592,0.023696,0.039751,-0.131057,-0.153302,0.40564,-0.267004,-0.164695
0.613681,0.322876,0.332894,-0.048592,0.023696,0.039751,-0.131057,-0.153302,0.40564,-0.267004,-0.164695,-0.16909
0.618706,0.322876,-0.048592,0.023696,0.039751,-0.131057,-0.153302,0.40564,-0.267004,-0.164695,-0.16909,0.299261
0.615404,0.322876,0.023696,0.039751,-0.131057,-0.153302,0.40564,-0.267004,-0.164695,-0.16909,0.299261,-0.009177
0.613366,0.322876,0.039751,-0.131057,-0.153302,0.40564,-0.267004,-0.164695,-0.16909,0.299261,-0.009177,0.016891
0.61127,0.322876,-0.131057,-0.153302,0.40564,-0.267004,-0.164695,-0.16909,0.299261,-0.009177,0.016891,0.072602
0.614982,0.322876,-0.153302,0.40564,-0.267004,-0.164695,-0.16909,0.299261,-0.009177,0.016891,0.072602,-0.012093
0.614869,0.322876,0.40564,-0.267004,-0.164695,-0.16909,0.299261,-0.009177,0.016891,0.072602,-0.012093,-0.035251
0.615078,0.322876,-0.267004,-0.164695,-0.16909,0.299261,-0.009177,0.016891,0.072602,-0.012093,-0.035251,0.593333
0.615976,0.322876,-0.164695,-0.16909,0.299261,-0.009177,0.016891,0.072602,-0.012093,-0.035251,0.593333,-0.328324
0.615826,0.322876,-0.16909,0.299261,-0.009177,0.016891,0.072602,-0.012093,-0.035251,0.593333,-0.328324,-0.145748
0.615389,0.322876,0.299261,-0.009177,0.016891,0.072602,-0.012093,-0.035251,0.593333,-0.328324,-0.145748,-0.255977
0.622726,0.322876,-0.009177,0.016891,0.072602,-0.012093,-0.035251,0.593333,-0.328324,-0.145748,-0.255977,0.300292
0.618675,0.322876,0.016891,0.072602,-0.012093,-0.035251,0.593333,-0.328324,-0.145748,-0.255977,0.300292,-0.219701
0.616875,0.322876,0.072602,-0.012093,-0.035251,0.593333,-0.328324,-0.145748,-0.255977,0.300292,-0.219701,-0.016059
0.613708,0.322876,-0.012093,-0.035251,0.593333,-0.328324,-0.145748,-0.255977,0.300292,-0.219701,-0.016059,-0.157878
0.617428,0.322876,-0.035251,0.593333,-0.328324,-0.145748,-0.255977,0.300292,-0.219701,-0.016059,-0.157878,-0.031406
0.614706,0.322876,0.593333,-0.328324,-0.145748,-0.255977,0.300292,-0.219701,-0.016059,-0.157878,-0.031406,0.09619
0.614507,0.322876,-0.328324,-0.145748,-0.255977,0.300292,-0.219701,-0.016059,-0.157878,-0.031406,0.09619,0.464937
0.612552,0.322876,-0.145748,-0.255977,0.300292,-0.219701,-0.016059,-0.157878,-0.031406,0.09619,0.464937,-0.267164
0.612163,0.322876,-0.255977,0.300292,-0.219701,-0.016059,-0.157878,-0.031406,0.09619,0.464937,-0.267164,-0.052795
0.613356,0.322876,0.300292,-0.219701,-0.016059,-0.157878,-0.031406,0.09619,0.464937,-0.267164,-0.052795,0.034122
0.619115,0.322876,-0.219701,-0.016059,-0.157878,-0.031406,0.09619,0.464937,-0.267164,-0.052795,0.034122,0.31435
0.615812,0.322876,-0.016059,-0.157878,-0.031406,0.09619,0.464937,-0.267164,-0.052795,0.034122,0.31435,-0.002265
0.615159,0.322876,-0.157878,-0.031406,0.09619,0.464937,-0.267164,-0.052795,0.034122,0.31435,-0.002265,-0.068799
0.615582,0.322876,-0.031406,0.09619,0.464937,-0.267164,-0.052795,0.034122,0.31435,-0.002265,-0.068799,0.086493
0.619471,0.322876,0.09619,0.464937,-0.267164,-0.052795,0.034122,0.31435,-0.002265,-0.068799,0.086493,-0.092106
0.619443,0.322876,0.464937,-0.267164,-0.052795,0.034122,0.31435,-0.002265,-0.068799,0.086493,-0.092106,-0.035797
0.618593,0.322876,-0.267164,-0.052795,0.034122,0.31435,-0.002265,-0.068799,0.086493,-0.092106,-0.035797,0.542966
0.619661,0.322876,-0.052795,0.034122,0.31435,-0.002265,-0.068799,0.086493,-0.092106,-0.035797,0.542966,-0.329348
0.618524,0.322876,0.034122,0.31435,-0.002265,-0.068799,0.086493,-0.092106,-0.035797,0.542966,-0.329348,-0.132969
0.618081,0.322876,0.31435,-0.002265,-0.068799,0.086493,-0.092106,-0.035797,0.542966,-0.329348,-0.132969,0.02078
0.624785,0.322876,-0.002265,-0.068799,0.086493,-0.092106,-0.035797,0.542966,-0.329348,-0.132969,0.02078,0.010378
0.620726,0.322876,-0.068799,0.086493,-0.092106,-0.035797,0.542966,-0.329348,-0.132969,0.02078,0.010378,-0.048627
0.619086,0.322876,0.086493,-0.092106,-0.035797,0.542966,-0.329348,-0.132969,0.02078,0.010378,-0.048627,-0.062163
0.619343,0.322876,-0.092106,-0.035797,0.542966,-0.329348,-0.132969,0.02078,0.010378,-0.048627,-0.062163,0.099697
0.619471,0.322876,-0.035797,0.542966,-0.329348,-0.132969,0.02078,0.010378,-0.048627,-0.062163,0.099697,-0.045617
0.61887,0.322876,0.542966,-0.329348,-0.132969,0.02078,0.010378,-0.048627,-0.062163,0.099697,-0.045617,-0.016007
0.618102,0.322876,-0.329348,-0.132969,0.02078,0.010378,-0.048627,-0.062163,0.099697,-0.045617,-0.016007,0.523404
0.619332,0.322876,-0.132969,0.02078,0.010378,-0.048627,-0.062163,0.099697,-0.045617,-0.016007,0.523404,-0.282831
0.618769,0.322876,0.02078,0.010378,-0.048627,-0.062163,0.099697,-0.045617,-0.016007,0.523404,-0.282831,-0.099833
0.618571,0.322876,0.010378,-0.048627,-0.062163,0.099697,-0.045617,-0.016007,0.523404,-0.282831,-0.099833,-0.005911
0.625032,0.322876,-0.048627,-0.062163,0.099697,-0.045617,-0.016007,0.523404,-0.282831,-0.099833,-0.005911,0.203061
0.621548,0.322876,-0.062163,0.099697,-0.045617,-0.016007,0.523404,-0.282831,-0.099833,-0.005911,0.203061,-0.041986
0.620318,0.322876,0.099697,-0.045617,-0.016007,0.523404,-0.282831,-0.099833,-0.005911,0.203061,-0.041986,-0.493422
0.620245,0.322876,-0.045617,-0.016007,0.523404,-0.282831,-0.099833,-0.005911,0.203061,-0.041986,-0.493422,0.08602
0.622751,0.322876,-0.016007,0.523404,-0.282831,-0.099833,-0.005911,0.203061,-0.041986,-0.493422,0.08602,-0.262732
0.622233,0.322876,0.523404,-0.282831,-0.099833,-0.005911,0.203061,-0.041986,-0.493422,0.08602,-0.262732,0.070016
0.616139,0.323273,-0.282831,-0.099833,-0.005911,0.203061,-0.041986,-0.493422,0.08602,-0.262732,0.070016,0.227922
0.617202,0.323273,-0.099833,-0.005911,0.203061,-0.041986,-0.493422,0.08602,-0.262732,0.070016,0.227922,-0.048916
0.613952,0.323273,-0.005911,0.203061,-0.041986,-0.493422,0.08602,-0.262732,0.070016,0.227922,-0.048916,-0.408494
0.61482,0.323273,0.203061,-0.041986,-0.493422,0.08602,-0.262732,0.070016,0.227922,-0.048916,-0.408494,0.04729
0.617643,0.323273,-0.041986,-0.493422,0.08602,-0.262732,0.070016,0.227922,-0.048916,-0.408494,0.04729,0.49114
0.617038,0.323273,-0.493422,0.08602,-0.262732,0.070016,0.227922,-0.048916,-0.408494,0.04729,0.49114,-0.028777
0.611983,0.323273,0.08602,-0.262732,0.070016,0.227922,-0.048916,-0.408494,0.04729,0.49114,-0.028777,0.004083
0.612569,0.323273,-0.262732,0.070016,0.227922,-0.048916,-0.408494,0.04729,0.49114,-0.028777,0.004083,0.013355
0.618653,0.323273,0.070016,0.227922,-0.048916,-0.408494,0.04729,0.49114,-0.028777,0.004083,0.013355,0.06726
0.618297,0.323273,0.227922,-0.048916,-0.408494,0.04729,0.49114,-0.028777,0.004083,0.013355,0.06726,-0.088848
0.618347,0.323273,-0.048916,-0.408494,0.04729,0.49114,-0.028777,0.004083,0.013355,0.06726,-0.088848,0.569933
0.618512,0.323273,-0.408494,0.04729,0.49114,-0.028777,0.004083,0.013355,0.06726,-0.088848,0.569933,-0.342933
0.619343,0.323273,0.04729,0.49114,-0.028777,0.004083,0.013355,0.06726,-0.088848,0.569933,-0.342933,-0.079798
0.618244,0.323273,0.49114,-0.028777,0.004083,0.013355,0.06726,-0.088848,0.569933,-0.342933,-0.079798,-0.00587
0.62528,0.323273,-0.028777,0.004083,0.013355,0.06726,-0.088848,0.569933,-0.342933,-0.079798,-0.00587,0.336379
0.621055,0.323273,0.004083,0.013355,0.06726,-0.088848,0.569933,-0.342933,-0.079798,-0.00587,0.336379,-0.075361
0.620071,0.323273,0.013355,0.06726,-0.088848,0.569933,-0.342933,-0.079798,-0.00587,0.336379,-0.075361,-0.062212
0.619999,0.323273,0.06726,-0.088848,0.569933,-0.342933,-0.079798,-0.00587,0.336379,-0.075361,-0.062212,0.000211
0.624149,0.323273,-0.088848,0.569933,-0.342933,-0.079798,-0.00587,0.336379,-0.075361,-0.062212,0.000211,-0.032814
0.62322,0.323273,0.569933,-0.342933,-0.079798,-0.00587,0.336379,-0.075361,-0.062212,0.000211,-0.032814,-0.08963
0.622453,0.323273,-0.342933,-0.079798,-0.00587,0.336379,-0.075361,-0.062212,0.000211,-0.032814,-0.08963,0.566276
0.622456,0.323273,-0.079798,-0.00587,0.336379,-0.075361,-0.062212,0.000211,-0.032814,-0.08963,0.566276,-0.404546
0.622052,0.323273,-0.00587,0.336379,-0.075361,-0.062212,0.000211,-0.032814,-0.08963,0.566276,-0.404546,-0.033218
0.620945,0.323273,0.336379,-0.075361,-0.062212,0.000211,-0.032814,-0.08963,0.566276,-0.404546,-0.033218,-0.032815
0.627924,0.323273,-0.075361,-0.062212,0.000211,-0.032814,-0.08963,0.566276,-0.404546,-0.033218,-0.032815,0.357561
0.622947,0.323273,-0.062212,0.000211,-0.032814,-0.08963,0.566276,-0.404546,-0.033218,-0.032815,0.357561,-0.108997
0.622538,0.323273,0.000211,-0.032814,-0.08963,0.566276,-0.404546,-0.033218,-0.032815,0.357561,-0.108997,-0.028701
0.622134,0.323273,-0.032814,-0.08963,0.566276,-0.404546,-0.033218,-0.032815,0.357561,-0.108997,-0.028701,0.027149
0.62654,0.323273,-0.08963,0.566276,-0.404546,-0.033218,-0.032815,0.357561,-0.108997,-0.028701,0.027149,-0.073414
0.625197,0.323273,0.566276,-0.404546,-0.033218,-0.032815,0.357561,-0.108997,-0.028701,0.027149,-0.073414,-0.056946
0.624844,0.323273,-0.404546,-0.033218,-0.032815,0.357561,-0.108997,-0.028701,0.027149,-0.073414,-0.056946,0.528689
0.625178,0.323273,-0.033218,-0.032815,0.357561,-0.108997,-0.028701,0.027149,-0.073414,-0.056946,0.528689,-0.345469
0.624275,0.323273,-0.032815,0.357561,-0.108997,-0.028701,0.027149,-0.073414,-0.056946,0.528689,-0.345469,-0.10723
0.623573,0.323273,0.357561,-0.108997,-0.028701,0.027149,-0.073414,-0.056946,0.528689,-0.345469,-0.10723,-0.026401
0.630079,0.323273,-0.108997,-0.028701,0.027149,-0.073414,-0.056946,0.528689,-0.345469,-0.10723,-0.026401,0.392361
0.625836,0.323273,-0.028701,0.027149,-0.073414,-0.056946,0.528689,-0.345469,-0.10723,-0.026401,0.392361,-0.09585
0.624517,0.323273,0.027149,-0.073414,-0.056946,0.528689,-0.345469,-0.10723,-0.026401,0.392361,-0.09585,-0.075737
0.624192,0.323273,-0.073414,-0.056946,0.528689,-0.345469,-0.10723,-0.026401,0.392361,-0.09585,-0.075737,-0.080484
0.62902,0.323273,-0.056946,0.528689,-0.345469,-0.10723,-0.026401,0.392361,-0.09585,-0.075737,-0.080484,-0.140639
0.627842,0.323273,0.528689,-0.345469,-0.10723,-0.026401,0.392361,-0.09585,-0.075737,-0.080484,-0.140639,-0.243314
0.626911,0.323273,-0.345469,-0.10723,-0.026401,0.392361,-0.09585,-0.075737,-0.080484,-0.140639,-0.243314,0.573285
0.625922,0.323273,-0.10723,-0.026401,0.392361,-0.09585,-0.075737,-0.080484,-0.140639,-0.243314,0.573285,-0.411445
0.624192,0.323273,-0.026401,0.392361,-0.09585,-0.075737,-0.080484,-0.140639,-0.243314,0.573285,-0.411445,-0.073376
0.621191,0.323273,0.392361,-0.09585,-0.075737,-0.080484,-0.140639,-0.243314,0.573285,-0.411445,-0.073376,-0.272274
0.628256,0.323273,-0.09585,-0.075737,-0.080484,-0.140639,-0.243314,0.573285,-0.411445,-0.073376,-0.272274,-0.055693
0.623195,0.323273,-0.075737,-0.080484,-0.140639,-0.243314,0.573285,-0.411445,-0.073376,-0.272274,-0.055693,-0.028782
0.622291,0.323273,-0.080484,-0.140639,-0.243314,0.573285,-0.411445,-0.073376,-0.272274,-0.055693,-0.028782,-0.035694
0.618933,0.323273,-0.140639,-0.243314,0.573285,-0.411445,-0.073376,-0.272274,-0.055693,-0.028782,-0.035694,0.192619
0.618244,0.323273,-0.243314,0.573285,-0.411445,-0.073376,-0.272274,-0.055693,-0.028782,-0.035694,0.192619,-0.105401
0.617888,0.323273,0.573285,-0.411445,-0.073376,-0.272274,-0.055693,-0.028782,-0.035694,0.192619,-0.105401,0.036913
0.617447,0.323273,-0.411445,-0.073376,-0.272274,-0.055693,-0.028782,-0.035694,0.192619,-0.105401,0.036913,0.497057
0.619825,0.323273,-0.073376,-0.272274,-0.055693,-0.028782,-0.035694,0.192619,-0.105401,0.036913,0.497057,-0.236167
0.618524,0.309967,-0.272274,-0.055693,-0.028782,-0.035694,0.192619,-0.105401,0.036913,0.497057,-0.236167,-0.113262
0.61898,0.309967,-0.055693,-0.028782,-0.035694,0.192619,-0.105401,0.036913,0.497057,-0.236167,-0.113262,0.047324
0.625115,0.309967,-0.028782,-0.035694,0.192619,-0.105401,0.036913,0.497057,-0.236167,-0.113262,0.047324,0.330389
0.622206,0.309967,-0.035694,0.192619,-0.105401,0.036913,0.497057,-0.236167,-0.113262,0.047324,0.330389,-0.229026
0.620811,0.309967,0.192619,-0.105401,0.036913,0.497057,-0.236167,-0.113262,0.047324,0.330389,-0.229026,-0.062189
0.621394,0.309967,-0.105401,0.036913,0.497057,-0.236167,-0.113262,0.047324,0.330389,-0.229026,-0.062189,-0.166503
0.625467,0.309967,0.036913,0.497057,-0.236167,-0.113262,0.047324,0.330389,-0.229026,-0.062189,-0.166503,-0.052342
0.622644,0.309967,0.497057,-0.236167,-0.113262,0.047324,0.330389,-0.229026,-0.062189,-0.166503,-0.052342,0.017027
0.621877,0.309967,-0.236167,-0.113262,0.047324,0.330389,-0.229026,-0.062189,-0.166503,-0.052342,0.017027,0.430489
0.619825,0.309967,-0.113262,0.047324,0.330389,-0.229026,-0.062189,-0.166503,-0.052342,0.017027,0.430489,-0.276017
0.619179,0.309967,0.047324,0.330389,-0.229026,-0.062189,-0.166503,-0.052342,0.017027,0.430489,-0.276017,-0.119783
0.619389,0.309967,0.330389,-0.229026,-0.062189,-0.166503,-0.052342,0.017027,0.430489,-0.276017,-0.119783,0.06065
0.624702,0.309967,-0.229026,-0.062189,-0.166503,-0.052342,0.017027,0.430489,-0.276017,-0.119783,0.06065,0.269869
0.621302,0.309967,-0.062189,-0.166503,-0.052342,0.017027,0.430489,-0.276017,-0.119783,0.06065,0.269869,0.011434
0.619825,0.309967,-0.166503,-0.052342,0.017027,0.430489,-0.276017,-0.119783,0.06065,0.269869,0.011434,-0.129066
0.620573,0.309967,-0.052342,0.017027,0.430489,-0.276017,-0.119783,0.06065,0.269869,0.011434,-0.129066,-0.079959
0.623902,0.309967,0.017027,0.430489,-0.276017,-0.119783,0.06065,0.269869,0.011434,-0.129066,-0.079959,-0.172314
0.624043,0.309967,0.430489,-0.276017,-0.119783,0.06065,0.269869,0.011434,-0.129066,-0.079959,-0.172314,-0.168062
0.622453,0.309967,-0.276017,-0.119783,0.06065,0.269869,0.011434,-0.129066,-0.079959,-0.172314,-0.168062,0.475311
0.621468,0.309967,-0.119783,0.06065,0.269869,0.011434,-0.129066,-0.079959,-0.172314,-0.168062,0.475311,-0.540424
0.619343,0.309967,0.06065,0.269869,0.011434,-0.129066,-0.079959,-0.172314,-0.168062,0.475311,-0.540424,0.00665
0.617264,0.309967,0.269869,0.011434,-0.129066,-0.079959,-0.172314,-0.168062,0.475311,-0.540424,0.00665,-0.130846
0.623138,0.309967,0.011434,-0.129066,-0.079959,-0.172314,-0.168062,0.475311,-0.540424,0.00665,-0.130846,0.247955
0.616466,0.309967,-0.129066,-0.079959,-0.172314,-0.168062,0.475311,-0.540424,0.00665,-0.130846,0.247955,0.050522
0.616548,0.309967,-0.079959,-0.172314,-0.168062,0.475311,-0.540424,0.00665,-0.130846,0.247955,0.050522,-0.075387
0.614929,0.309967,-0.172314,-0.168062,0.475311,-0.540424,0.00665,-0.130846,0.247955,0.050522,-0.075387,0.146139
0.617999,0.309967,-0.168062,0.475311,-0.540424,0.00665,-0.130846,0.247955,0.050522,-0.075387,0.146139,-0.131823
0.618624,0.309967,0.475311,-0.540424,0.00665,-0.130846,0.247955,0.050522,-0.075387,0.146139,-0.131823,0.076636
0.617693,0.309967,-0.540424,0.00665,-0.130846,0.247955,0.050522,-0.075387,0.146139,-0.131823,0.076636,0.150172
0.619497,0.309967,0.00665,-0.130846,0.247955,0.050522,-0.075387,0.146139,-0.131823,0.076636,0.150172,-0.075482
0.617869,0.309967,-0.130846,0.247955,0.050522,-0.075387,0.146139,-0.131823,0.076636,0.150172,-0.075482,-0.456572
0.618817,0.309967,0.247955,0.050522,-0.075387,0.146139,-0.131823,0.076636,0.150172,-0.075482,-0.456572,0.047313
0.620673,0.309967,0.050522,-0.075387,0.146139,-0.131823,0.076636,0.150172,-0.075482,-0.456572,0.047313,0.380098
0.619741,0.309967,-0.075387,0.146139,-0.131823,0.076636,0.150172,-0.075482,-0.456572,0.047313,0.380098,-0.048624
0.614099,0.309967,0.146139,-0.131823,0.076636,0.150172,-0.075482,-0.456572,0.047313,0.380098,-0.048624,-0.042273
0.614685,0.309967,-0.131823,0.076636,0.150172,-0.075482,-0.456572,0.047313,0.380098,-0.048624,-0.042273,0.006723
0.619389,0.309967,0.076636,0.150172,-0.075482,-0.456572,0.047313,0.380098,-0.048624,-0.042273,0.006723,-0.012361
0.618788,0.309967,0.150172,-0.075482,-0.456572,0.047313,0.380098,-0.048624,-0.042273,0.006723,-0.012361,-0.081894
0.618266,0.309967,-0.075482,-0.456572,0.047313,0.380098,-0.048624,-0.042273,0.006723,-0.012361,-0.081894,0.52194
0.618349,0.309967,-0.456572,0.047313,0.380098,-0.048624,-0.042273,0.006723,-0.012361,-0.081894,0.52194,-0.567289
0.618196,0.309967,0.047313,0.380098,-0.048624,-0.042273,0.006723,-0.012361,-0.081894,0.52194,-0.567289,0.019886
0.617183,0.309967,0.380098,-0.048624,-0.042273,0.006723,-0.012361,-0.081894,0.52194,-0.567289,0.019886,-0.170484
0.623631,0.309967,-0.048624,-0.042273,0.006723,-0.012361,-0.081894,0.52194,-0.567289,0.019886,-0.170484,0.32721
0.616629,0.309967,-0.042273,0.006723,-0.012361,-0.081894,0.52194,-0.567289,0.019886,-0.170484,0.32721,-0.127873
0.616875,0.309967,0.006723,-0.012361,-0.081894,0.52194,-0.567289,0.019886,-0.170484,0.32721,-0.127873,0.070163
0.614766,0.309967,-0.012361,-0.081894,0.52194,-0.567289,0.019886,-0.170484,0.32721,-0.127873,0.070163,0.019997
0.618817,0.309967,-0.081894,0.52194,-0.567289,0.019886,-0.170484,0.32721,-0.127873,0.070163,0.019997,-0.058709
0.617234,0.309967,0.52194,-0.567289,0.019886,-0.170484,0.32721,-0.127873,0.070163,0.019997,-0.058709,-0.009221
0.618102,0.309967,-0.567289,0.019886,-0.170484,0.32721,-0.127873,0.070163,0.019997,-0.058709,-0.009221,0.522283
0.618349,0.309967,0.019886,-0.170484,0.32721,-0.127873,0.070163,0.019997,-0.058709,-0.009221,0.522283,-0.289028
0.617623,0.309967,-0.170484,0.32721,-0.127873,0.070163,0.019997,-0.058709,-0.009221,0.522283,-0.289028,-0.079726
0.617509,0.309967,0.32721,-0.127873,0.070163,0.019997,-0.058709,-0.009221,0.522283,-0.289028,-0.079726,0.000831
0.623961,0.309967,-0.127873,0.070163,0.019997,-0.058709,-0.009221,0.522283,-0.289028,-0.079726,0.000831,0.322767
0.620398,0.309967,0.070163,0.019997,-0.058709,-0.009221,0.522283,-0.289028,-0.079726,0.000831,0.322767,0.01139
0.619414,0.309967,0.019997,-0.058709,-0.009221,0.522283,-0.289028,-0.079726,0.000831,0.322767,0.01139,-0.142346
0.619425,0.309967,-0.058709,-0.009221,0.522283,-0.289028,-0.079726,0.000831,0.322767,0.01139,-0.142346,0.080412
0.623409,0.309967,-0.009221,0.522283,-0.289028,-0.079726,0.000831,0.322767,0.01139,-0.142346,0.080412,-0.086235
0.623549,0.309967,0.522283,-0.289028,-0.079726,0.000831,0.322767,0.01139,-0.142346,0.080412,-0.086235,-0.016485
0.621795,0.309967,-0.289028,-0.079726,0.000831,0.322767,0.01139,-0.142346,0.080412,-0.086235,-0.016485,0.465975
0.622785,0.309967,-0.079726,0.000831,0.322767,0.01139,-0.142346,0.080412,-0.086235,-0.016485,0.465975,-0.323905
0.621723,0.309967,0.000831,0.322767,0.01139,-0.142346,0.080412,-0.086235,-0.016485,0.465975,-0.323905,-0.060005
0.621519,0.309967,0.322767,0.01139,-0.142346,0.080412,-0.086235,-0.016485,0.465975,-0.323905,-0.060005,-0.039499
0.627262,0.309967,0.01139,-0.142346,0.080412,-0.086235,-0.016485,0.465975,-0.323905,-0.060005,-0.039499,0.203525
0.623277,0.309967,-0.142346,0.080412,-0.086235,-0.016485,0.465975,-0.323905,-0.060005,-0.039499,0.203525,-0.281928
0.622538,0.309967,0.080412,-0.086235,-0.016485,0.465975,-0.323905,-0.060005,-0.039499,0.203525,-0.281928,-0.248065
0.622052,0.309967,-0.086235,-0.016485,0.465975,-0.323905,-0.060005,-0.039499,0.203525,-0.281928,-0.248065,-0.059573
0.624561,0.309967,-0.016485,0.465975,-0.323905,-0.060005,-0.039499,0.203525,-0.281928,-0.248065,-0.059573,-0.03866
0.621083,0.309967,0.465975,-0.323905,-0.060005,-0.039499,0.203525,-0.281928,-0.248065,-0.059573,-0.03866,-0.055212
0.61802,0.309967,-0.323905,-0.060005,-0.039499,0.203525,-0.281928,-0.248065,-0.059573,-0.03866,-0.055212,0.327989
0.617284,0.309967,-0.060005,-0.039499,0.203525,-0.281928,-0.248065,-0.059573,-0.03866,-0.055212,0.327989,-0.340238
0.616806,0.309967,-0.039499,0.203525,-0.281928,-0.248065,-0.059573,-0.03866,-0.055212,0.327989,-0.340238,-0.085784
0.616123,0.309967,0.203525,-0.281928,-0.248065,-0.059573,-0.03866,-0.055212,0.327989,-0.340238,-0.085784,-0.176266
0.62018,0.309967,-0.281928,-0.248065,-0.059573,-0.03866,-0.055212,0.327989,-0.340238,-0.085784,-0.176266,0.299874
0.615976,0.309967,-0.248065,-0.059573,-0.03866,-0.055212,0.327989,-0.340238,-0.085784,-0.176266,0.299874,0.037064
0.614915,0.309967,-0.059573,-0.03866,-0.055212,0.327989,-0.340238,-0.085784,-0.176266,0.299874,0.037064,0.003935
0.612731,0.309967,-0.03866,-0.055212,0.327989,-0.340238,-0.085784,-0.176266,0.299874,0.037064,0.003935,0.079553
0.616449,0.309967,-0.055212,0.327989,-0.340238,-0.085784,-0.176266,0.299874,0.037064,0.003935,0.079553,-0.058615
0.616908,0.309967,0.327989,-0.340238,-0.085784,-0.176266,0.299874,0.037064,0.003935,0.079553,-0.058615,-0.068477
0.616956,0.309967,-0.340238,-0.085784,-0.176266,0.299874,0.037064,0.003935,0.079553,-0.058615,-0.068477,0.341437
0.617939,0.309967,-0.085784,-0.176266,0.299874,0.037064,0.003935,0.079553,-0.058615,-0.068477,0.341437,-0.439403
0.617215,0.309967,-0.176266,0.299874,0.037064,0.003935,0.079553,-0.058615,-0.068477,0.341437,-0.439403,0.006605
0.616367,0.309967,0.299874,0.037064,0.003935,0.079553,-0.058615,-0.068477,0.341437,-0.439403,0.006605,0.040702
0.620591,0.309967,0.037064,0.003935,0.079553,-0.058615,-0.068477,0.341437,-0.439403,0.006605,0.040702,0.314421
0.615159,0.309967,0.003935,0.079553,-0.058615,-0.068477,0.341437,-0.439403,0.006605,0.040702,0.314421,0.037546
0.615241,0.309967,0.079553,-0.058615,-0.068477,0.341437,-0.439403,0.006605,0.040702,0.314421,0.037546,-0.135167
0.615745,0.309967,-0.058615,-0.068477,0.341437,-0.439403,0.006605,0.040702,0.314421,0.037546,-0.135167,0.09977
0.619635,0.309967,-0.068477,0.341437,-0.439403,0.006605,0.040702,0.314421,0.037546,-0.135167,0.09977,-0.131863
0.620099,0.309967,0.341437,-0.439403,0.006605,0.040702,0.314421,0.037546,-0.135167,0.09977,-0.131863,0.070009
0.618429,0.309967,-0.439403,0.006605,0.040702,0.314421,0.037546,-0.135167,0.09977,-0.131863,0.070009,0.423387
0.619661,0.309967,0.006605,0.040702,0.314421,0.037546,-0.135167,0.09977,-0.131863,0.070009,0.423387,-0.262477
0.618033,0.309967,0.040702,0.314421,0.037546,-0.135167,0.09977,-0.131863,0.070009,0.423387,-0.262477,-0.139644
0.618898,0.309967,0.314421,0.037546,-0.135167,0.09977,-0.131863,0.070009,0.423387,-0.262477,-0.139644,0.047342
0.624126,0.309967,0.037546,-0.135167,0.09977,-0.131863,0.070009,0.423387,-0.262477,-0.139644,0.047342,0.329593
0.620891,0.309967,-0.135167,0.09977,-0.131863,0.070009,0.423387,-0.262477,-0.139644,0.047342,0.329593,-0.082022
0.619168,0.309967,0.09977,-0.131863,0.070009,0.423387,-0.262477,-0.139644,0.047342,0.329593,-0.082022,-0.055515
0.619753,0.309967,-0.131863,0.070009,0.423387,-0.262477,-0.139644,0.047342,0.329593,-0.082022,-0.055515,0.087158
0.62382,0.309967,0.070009,0.423387,-0.262477,-0.139644,0.047342,0.329593,-0.082022,-0.055515,0.087158,-0.086336
0.622808,0.309967,0.423387,-0.262477,-0.139644,0.047342,0.329593,-0.082022,-0.055515,0.087158,-0.086336,0.016728
0.622124,0.309967,-0.262477,-0.139644,0.047342,0.329593,-0.082022,-0.055515,0.087158,-0.086336,0.016728,0.171495
0.623197,0.309967,-0.139644,0.047342,0.329593,-0.082022,-0.055515,0.087158,-0.086336,0.016728,0.171495,-0.135795
0.622134,0.309967,0.047342,0.329593,-0.082022,-0.055515,0.087158,-0.086336,0.016728,0.171495,-0.135795,-0.352995
0.62234,0.309967,0.329593,-0.082022,-0.055515,0.087158,-0.086336,0.016728,0.171495,-0.135795,-0.352995,-0.012361
0.624455,0.309967,-0.082022,-0.055515,0.087158,-0.086336,0.016728,0.171495,-0.135795,-0.352995,-0.012361,0.103127
0.622783,0.309967,-0.055515,0.087158,-0.086336,0.016728,0.171495,-0.135795,-0.352995,-0.012361,0.103127,-0.048616
0.61843,0.309967,0.087158,-0.086336,0.016728,0.171495,-0.135795,-0.352995,-0.012361,0.103127,-0.048616,-0.022385
0.618278,0.309967,-0.086336,0.016728,0.171495,-0.135795,-0.352995,-0.012361,0.103127,-0.048616,-0.022385,0.093161
0.619553,0.309967,0.016728,0.171495,-0.135795,-0.352995,-0.012361,0.103127,-0.048616,-0.022385,0.093161,-0.012491
0.618952,0.309967,0.171495,-0.135795,-0.352995,-0.012361,0.103127,-0.048616,-0.022385,0.093161,-0.012491,-0.03602
0.618675,0.309967,-0.135795,-0.352995,-0.012361,0.103127,-0.048616,-0.022385,0.093161,-0.012491,-0.03602,0.611336
0.619825,0.309967,-0.352995,-0.012361,0.103127,-0.048616,-0.022385,0.093161,-0.012491,-0.03602,0.611336,-0.377103
0.619671,0.309967,-0.012361,0.103127,-0.048616,-0.022385,0.093161,-0.012491,-0.03602,0.611336,-0.377103,-0.006488
0.619225,0.307495,0.103127,-0.048616,-0.022385,0.093161,-0.012491,-0.03602,0.611336,-0.377103,-0.006488,-0.026084
0.626766,0.307495,-0.048616,-0.022385,0.093161,-0.012491,-0.03602,0.611336,-0.377103,-0.006488,-0.026084,0.431163
0.622124,0.307495,-0.022385,0.093161,-0.012491,-0.03602,0.611336,-0.377103,-0.006488,-0.026084,0.431163,-0.309704
0.622044,0.307495,0.093161,-0.012491,-0.03602,0.611336,-0.377103,-0.006488,-0.026084,0.431163,-0.309704,-0.055529
0.621723,0.307495,-0.012491,-0.03602,0.611336,-0.377103,-0.006488,-0.026084,0.431163,-0.309704,-0.055529,-0.239903
0.627035,0.307495,-0.03602,0.611336,-0.377103,-0.006488,-0.026084,0.431163,-0.309704,-0.055529,-0.239903,-0.231066
0.62322,0.307495,0.611336,-0.377103,-0.006488,-0.026084,0.431163,-0.309704,-0.055529,-0.239903,-0.231066,-0.16691
0.622536,0.307495,-0.377103,-0.006488,-0.026084,0.431163,-0.309704,-0.055529,-0.239903,-0.231066,-0.16691,0.254267
0.619579,0.307495,-0.006488,-0.026084,0.431163,-0.309704,-0.055529,-0.239903,-0.231066,-0.16691,0.254267,-0.279824
0.616724,0.307495,-0.026084,0.431163,-0.309704,-0.055529,-0.239903,-0.231066,-0.16691,0.254267,-0.279824,-0.03295
0.614657,0.307495,0.431163,-0.309704,-0.055529,-0.239903,-0.231066,-0.16691,0.254267,-0.279824,-0.03295,0.086795
0.617806,0.307495,-0.309704,-0.055529,-0.239903,-0.231066,-0.16691,0.254267,-0.279824,-0.03295,0.086795,0.010862
0.614344,0.307495,-0.055529,-0.239903,-0.231066,-0.16691,0.254267,-0.279824,-0.03295,0.086795,0.010862,-0.022308
0.613936,0.307495,-0.239903,-0.231066,-0.16691,0.254267,-0.279824,-0.03295,0.086795,0.010862,-0.022308,0.003707
0.615011,0.307495,-0.231066,-0.16691,0.254267,-0.279824,-0.03295,0.086795,0.010862,-0.022308,0.003707,0.105635
0.615145,0.307495,-0.16691,0.254267,-0.279824,-0.03295,0.086795,0.010862,-0.022308,0.003707,0.105635,-0.189945
0.614869,0.307495,0.254267,-0.279824,-0.03295,0.086795,0.010862,-0.022308,0.003707,0.105635,-0.189945,-0.087249
0.614915,0.307495,-0.279824,-0.03295,0.086795,0.010862,-0.022308,0.003707,0.105635,-0.189945,-0.087249,0.345494
0.616221,0.307495,-0.03295,0.086795,0.010862,-0.022308,0.003707,0.105635,-0.189945,-0.087249,0.345494,-0.194014
0.61387,0.307495,0.086795,0.010862,-0.022308,0.003707,0.105635,-0.189945,-0.087249,0.345494,-0.194014,-0.111921
0.612788,0.307495,0.010862,-0.022308,0.003707,0.105635,-0.189945,-0.087249,0.345494,-0.194014,-0.111921,0.073601
0.617071,0.307495,-0.022308,0.003707,0.105635,-0.189945,-0.087249,0.345494,-0.194014,-0.111921,0.073601,0.175222
0.61467,0.307495,0.003707,0.105635,-0.189945,-0.087249,0.345494,-0.194014,-0.111921,0.073601,0.175222,-0.03541
0.613284,0.307495,0.105635,-0.189945,-0.087249,0.345494,-0.194014,-0.111921,0.073601,0.175222,-0.03541,-0.318367
0.614196,0.307495,-0.189945,-0.087249,0.345494,-0.194014,-0.111921,0.073601,0.175222,-0.03541,-0.318367,0.2037
0.616367,0.307495,-0.087249,0.345494,-0.194014,-0.111921,0.073601,0.175222,-0.03541,-0.318367,0.2037,-0.057978
0.615928,0.307495,0.345494,-0.194014,-0.111921,0.073601,0.175222,-0.03541,-0.318367,0.2037,-0.057978,-0.028318
0.611984,0.307495,-0.194014,-0.111921,0.073601,0.175222,-0.03541,-0.318367,0.2037,-0.057978,-0.028318,0.524658
0.614507,0.307495,-0.111921,0.073601,0.175222,-0.03541,-0.318367,0.2037,-0.057978,-0.028318,0.524658,-0.287297
0.613789,0.307495,0.073601,0.175222,-0.03541,-0.318367,0.2037,-0.057978,-0.028318,0.524658,-0.287297,-0.05284
0.613437,0.307495,0.175222,-0.03541,-0.318367,0.2037,-0.057978,-0.028318,0.524658,-0.287297,-0.05284,-0.058207
0.619935,0.307495,-0.03541,-0.318367,0.2037,-0.057978,-0.028318,0.524658,-0.287297,-0.05284,-0.058207,0.459877
0.616384,0.307495,-0.318367,0.2037,-0.057978,-0.028318,0.524658,-0.287297,-0.05284,-0.058207,0.459877,-0.121559
0.615731,0.307495,0.2037,-0.057978,-0.028318,0.524658,-0.287297,-0.05284,-0.058207,0.459877,-0.121559,-0.154878
0.615011,0.307495,-0.057978,-0.028318,0.524658,-0.287297,-0.05284,-0.058207,0.459877,-0.121559,-0.154878,-0.05952
0.6207,0.307495,-0.028318,0.524658,-0.287297,-0.05284,-0.058207,0.459877,-0.121559,-0.154878,-0.05952,-0.216375
0.619197,0.307495,0.524658,-0.287297,-0.05284,-0.058207,0.459877,-0.121559,-0.154878,-0.05952,-0.216375,0.03065
0.617283,0.307495,-0.287297,-0.05284,-0.058207,0.459877,-0.121559,-0.154878,-0.05952,-0.216375,0.03065,0.498954
0.616548,0.307495,-0.05284,-0.058207,0.459877,-0.121559,-0.154878,-0.05952,-0.216375,0.03065,0.498954,-0.27429
0.61387,0.307495,-0.058207,0.459877,-0.121559,-0.154878,-0.05952,-0.216375,0.03065,0.498954,-0.27429,-0.052888
0.61425,0.307495,0.459877,-0.121559,-0.154878,-0.05952,-0.216375,0.03065,0.498954,-0.27429,-0.052888,0.014282
0.620427,0.307495,-0.121559,-0.154878,-0.05952,-0.216375,0.03065,0.498954,-0.27429,-0.052888,0.014282,0.387831
0.617038,0.307495,-0.154878,-0.05952,-0.216375,0.03065,0.498954,-0.27429,-0.052888,0.014282,0.387831,-0.075205
0.616384,0.307495,-0.05952,-0.216375,0.03065,0.498954,-0.27429,-0.052888,0.014282,0.387831,-0.075205,0.017635
0.616561,0.307495,-0.216375,0.03065,0.498954,-0.27429,-0.052888,0.014282,0.387831,-0.075205,0.017635,0.006825
0.621355,0.307495,0.03065,0.498954,-0.27429,-0.052888,0.014282,0.387831,-0.075205,0.017635,0.006825,-0.019254
0.620427,0.307495,0.498954,-0.27429,-0.052888,0.014282,0.387831,-0.075205,0.017635,0.006825,-0.019254,-0.03617
0.620644,0.307495,-0.27429,-0.052888,0.014282,0.387831,-0.075205,0.017635,0.006825,-0.019254,-0.03617,0.545105
0.620728,0.307495,-0.052888,0.014282,0.387831,-0.075205,0.017635,0.006825,-0.019254,-0.03617,0.545105,-0.350405
0.620491,0.306976,0.014282,0.387831,-0.075205,0.017635,0.006825,-0.019254,-0.03617,0.545105,-0.350405,-0.099981
0.620044,0.306976,0.387831,-0.075205,0.017635,0.006825,-0.019254,-0.03617,0.545105,-0.350405,-0.099981,0.040667
0.626766,0.306976,-0.075205,0.017635,0.006825,-0.019254,-0.03617,0.545105,-0.350405,-0.099981,0.040667,0.303751
0.622453,0.306976,0.017635,0.006825,-0.019254,-0.03617,0.545105,-0.350405,-0.099981,0.040667,0.303751,-0.001797
0.621222,0.306976,0.006825,-0.019254,-0.03617,0.545105,-0.350405,-0.099981,0.040667,0.303751,-0.001797,-0.109165
0.621723,0.306976,-0.019254,-0.03617,0.545105,-0.350405,-0.099981,0.040667,0.303751,-0.001797,-0.109165,0.127885
0.625467,0.306976,-0.03617,0.545105,-0.350405,-0.099981,0.040667,0.303751,-0.001797,-0.109165,0.127885,-0.207447
0.625445,0.306976,0.545105,-0.350405,-0.099981,0.040667,0.303751,-0.001797,-0.109165,0.127885,-0.207447,-0.236091
0.624101,0.306976,-0.350405,-0.099981,0.040667,0.303751,-0.001797,-0.109165,0.127885,-0.207447,-0.236091,-0.081747
0.625674,0.306976,-0.099981,0.040667,0.303751,-0.001797,-0.109165,0.127885,-0.207447,-0.236091,-0.081747,-0.168119
0.623121,0.306976,0.040667,0.303751,-0.001797,-0.109165,0.127885,-0.207447,-0.236091,-0.081747,-0.168119,-0.329755
0.620208,0.306976,0.303751,-0.001797,-0.109165,0.127885,-0.207447,-0.236091,-0.081747,-0.168119,-0.329755,0.067019
0.619197,0.306976,-0.001797,-0.109165,0.127885,-0.207447,-0.236091,-0.081747,-0.168119,-0.329755,0.067019,0.459026
0.61712,0.306976,-0.109165,0.127885,-0.207447,-0.236091,-0.081747,-0.168119,-0.329755,0.067019,0.459026,-0.041995
0.61304,0.306976,0.127885,-0.207447,-0.236091,-0.081747,-0.168119,-0.329755,0.067019,0.459026,-0.041995,0.037377
0.61387,0.306976,-0.207447,-0.236091,-0.081747,-0.168119,-0.329755,0.067019,0.459026,-0.041995,0.037377,0.073328
0.619553,0.306976,-0.236091,-0.081747,-0.168119,-0.329755,0.067019,0.459026,-0.041995,0.037377,0.073328,0.007403
0.619034,0.306976,-0.081747,-0.168119,-0.329755,0.067019,0.459026,-0.041995,0.037377,0.073328,0.007403,0.010253
0.619495,0.306976,-0.168119,-0.329755,0.067019,0.459026,-0.041995,0.037377,0.073328,0.007403,0.010253,0.532279
0.6204,0.306976,-0.329755,0.067019,0.459026,-0.041995,0.037377,0.073328,0.007403,0.010253,0.532279,-0.337245
0.620491,0.306976,0.067019,0.459026,-0.041995,0.037377,0.073328,0.007403,0.010253,0.532279,-0.337245,-0.086713
0.620618,0.306976,0.459026,-0.041995,0.037377,0.073328,0.007403,0.010253,0.532279,-0.337245,-0.086713,0.033988
0.62718,0.306976,-0.041995,0.037377,0.073328,0.007403,0.010253,0.532279,-0.337245,-0.086713,0.033988,0.130063
0.62303,0.306976,0.037377,0.073328,0.007403,0.010253,0.532279,-0.337245,-0.086713,0.033988,0.130063,-0.068676
0.621962,0.306976,0.073328,0.007403,0.010253,0.532279,-0.337245,-0.086713,0.033988,0.130063,-0.068676,-0.447836
0.622381,0.306976,0.007403,0.010253,0.532279,-0.337245,-0.086713,0.033988,0.130063,-0.068676,-0.447836,0.073019
0.623984,0.306976,0.010253,0.532279,-0.337245,-0.086713,0.033988,0.130063,-0.068676,-0.447836,0.073019,-0.23711
0.623138,0.306976,0.532279,-0.337245,-0.086713,0.033988,0.130063,-0.068676,-0.447836,0.073019,-0.23711,-0.028652
0.617611,0.306976,-0.337245,-0.086713,0.033988,0.130063,-0.068676,-0.447836,0.073019,-0.23711,-0.028652,0.307509
0.618512,0.306976,-0.086713,0.033988,0.130063,-0.068676,-0.447836,0.073019,-0.23711,-0.028652,0.307509,-0.333057
0.615582,0.306976,0.033988,0.130063,-0.068676,-0.447836,0.073019,-0.23711,-0.028652,0.307509,-0.333057,-0.006603
0.615227,0.306976,0.130063,-0.068676,-0.447836,0.073019,-0.23711,-0.028652,0.307509,-0.333057,-0.006603,0.020949
0.619034,0.306976,-0.068676,-0.447836,0.073019,-0.23711,-0.028652,0.307509,-0.333057,-0.006603,0.020949,0.459913
0.614915,0.306976,-0.447836,0.073019,-0.23711,-0.028652,0.307509,-0.333057,-0.006603,0.020949,0.459913,-0.068528
0.614833,0.306976,0.073019,-0.23711,-0.028652,0.307509,-0.333057,-0.006603,0.020949,0.459913,-0.068528,0.044176
0.615092,0.306976,-0.23711,-0.028652,0.307509,-0.333057,-0.006603,0.020949,0.459913,-0.068528,0.044176,0.060166
0.620781,0.306976,-0.028652,0.307509,-0.333057,-0.006603,0.020949,0.459913,-0.068528,0.044176,0.060166,-0.052598
0.619935,0.306976,0.307509,-0.333057,-0.006603,0.020949,0.459913,-0.068528,0.044176,0.060166,-0.052598,-0.062704
0.62048,0.306976,-0.333057,-0.006603,0.020949,0.459913,-0.068528,0.044176,0.060166,-0.052598,-0.062704,0.310491
0.621222,0.306976,-0.006603,0.020949,0.459913,-0.068528,0.044176,0.060166,-0.052598,-0.062704,0.310491,-0.428308
0.620573,0.306976,0.020949,0.459913,-0.068528,0.044176,0.060166,-0.052598,-0.062704,0.310491,-0.428308,-0.026455
0.619798,0.306976,0.459913,-0.068528,0.044176,0.060166,-0.052598,-0.062704,0.310491,-0.428308,-0.026455,-0.025545
0.623631,0.306976,-0.068528,0.044176,0.060166,-0.052598,-0.062704,0.310491,-0.428308,-0.026455,-0.025545,0.401815
0.618347,0.306976,0.044176,0.060166,-0.052598,-0.062704,0.310491,-0.428308,-0.026455,-0.025545,0.401815,-0.088568
0.618021,0.306976,0.060166,-0.052598,-0.062704,0.310491,-0.428308,-0.026455,-0.025545,0.401815,-0.088568,0.011113
0.617705,0.306976,-0.052598,-0.062704,0.310491,-0.428308,-0.026455,-0.025545,0.401815,-0.088568,0.011113,0.053631
0.622669,0.306976,-0.062704,0.310491,-0.428308,-0.026455,-0.025545,0.401815,-0.088568,0.011113,0.053631,-0.086121
0.621576,0.306976,0.310491,-0.428308,-0.026455,-0.025545,0.401815,-0.088568,0.011113,0.053631,-0.086121,0.063357
0.621713,0.306976,-0.428308,-0.026455,-0.025545,0.401815,-0.088568,0.011113,0.053631,-0.086121,0.063357,0.466524
0.622373,0.306976,-0.026455,-0.025545,0.401815,-0.088568,0.011113,0.053631,-0.086121,0.063357,0.466524,-0.25718
0.621312,0.306976,-0.025545,0.401815,-0.088568,0.011113,0.053631,-0.086121,0.063357,0.466524,-0.25718,-0.214075
