0.310752,0.243347,-0.175535,0.084178,-0.165263,0.017826,0.044478,0.004847,-0.091887,0.066715,0.27901,-0.128511
0.30935,0.243347,0.084178,-0.165263,0.017826,0.044478,0.004847,-0.091887,0.066715,0.27901,-0.128511,-0.164611
0.31037,0.243347,-0.165263,0.017826,0.044478,0.004847,-0.091887,0.066715,0.27901,-0.128511,-0.164611,0.094662
0.314626,0.243347,0.017826,0.044478,0.004847,-0.091887,0.066715,0.27901,-0.128511,-0.164611,0.094662,-0.080888
0.312669,0.243347,0.044478,0.004847,-0.091887,0.066715,0.27901,-0.128511,-0.164611,0.094662,-0.080888,-0.303438
0.310161,0.243347,0.004847,-0.091887,0.066715,0.27901,-0.128511,-0.164611,0.094662,-0.080888,-0.303438,0.151995
0.311604,0.243347,-0.091887,0.066715,0.27901,-0.128511,-0.164611,0.094662,-0.080888,-0.303438,0.151995,-0.218681
0.31037,0.243347,0.066715,0.27901,-0.128511,-0.164611,0.094662,-0.080888,-0.303438,0.151995,-0.218681,0.076423
0.305725,0.243347,0.27901,-0.128511,-0.164611,0.094662,-0.080888,-0.303438,0.151995,-0.218681,0.076423,0.03177
0.308051,0.243347,-0.128511,-0.164611,0.094662,-0.080888,-0.303438,0.151995,-0.218681,0.076423,0.03177,0.269171
0.304706,0.243347,-0.164611,0.094662,-0.080888,-0.303438,0.151995,-0.218681,0.076423,0.03177,0.269171,-0.239546
0.305877,0.243347,0.094662,-0.080888,-0.303438,0.151995,-0.218681,0.076423,0.03177,0.269171,-0.239546,-0.186871
0.306364,0.243347,-0.080888,-0.303438,0.151995,-0.218681,0.076423,0.03177,0.269171,-0.239546,-0.186871,-0.248542
0.310482,0.243347,-0.303438,0.151995,-0.218681,0.076423,0.03177,0.269171,-0.239546,-0.186871,-0.248542,0.241982
0.306822,0.243347,0.151995,-0.218681,0.076423,0.03177,0.269171,-0.239546,-0.186871,-0.248542,0.241982,-0.254844
0.303961,0.243347,-0.218681,0.076423,0.03177,0.269171,-0.239546,-0.186871,-0.248542,0.241982,-0.254844,0.056402
0.300146,0.243347,0.076423,0.03177,0.269171,-0.239546,-0.186871,-0.248542,0.241982,-0.254844,0.056402,-0.259665
0.303866,0.243347,0.03177,0.269171,-0.239546,-0.186871,-0.248542,0.241982,-0.254844,0.056402,-0.259665,-0.084686
0.299947,0.244385,0.269171,-0.239546,-0.186871,-0.248542,0.241982,-0.254844,0.056402,-0.259665,-0.084686,0.100048
0.300814,0.244385,-0.239546,-0.186871,-0.248542,0.241982,-0.254844,0.056402,-0.259665,-0.084686,0.100048,0.266289
0.296819,0.244385,-0.186871,-0.248542,0.241982,-0.254844,0.056402,-0.259665,-0.084686,0.100048,0.266289,-0.20106
0.295513,0.244385,-0.248542,0.241982,-0.254844,0.056402,-0.259665,-0.084686,0.100048,0.266289,-0.20106,-0.098157
0.297058,0.244385,0.241982,-0.254844,0.056402,-0.259665,-0.084686,0.100048,0.266289,-0.20106,-0.098157,-0.064215
0.301162,0.244385,-0.254844,0.056402,-0.259665,-0.084686,0.100048,0.266289,-0.20106,-0.098157,-0.064215,0.32895
0.298068,0.244385,0.056402,-0.259665,-0.084686,0.100048,0.266289,-0.20106,-0.098157,-0.064215,0.32895,-0.133835
0.296556,0.244385,-0.259665,-0.084686,0.100048,0.266289,-0.20106,-0.098157,-0.064215,0.32895,-0.133835,0.17301
0.295566,0.244385,-0.084686,0.100048,0.266289,-0.20106,-0.098157,-0.064215,0.32895,-0.133835,0.17301,0.032144
0.300638,0.244385,0.100048,0.266289,-0.20106,-0.098157,-0.064215,0.32895,-0.133835,0.17301,0.032144,-0.061898
0.298576,0.244385,0.266289,-0.20106,-0.098157,-0.064215,0.32895,-0.133835,0.17301,0.032144,-0.061898,0.004454
0.301237,0.244385,-0.20106,-0.098157,-0.064215,0.32895,-0.133835,0.17301,0.032144,-0.061898,0.004454,0.127089
0.301731,0.244385,-0.098157,-0.064215,0.32895,-0.133835,0.17301,0.032144,-0.061898,0.004454,0.127089,-0.187952
0.30078,0.244385,-0.064215,0.32895,-0.133835,0.17301,0.032144,-0.061898,0.004454,0.127089,-0.187952,-0.098524
0.300849,0.244385,0.32895,-0.133835,0.17301,0.032144,-0.061898,0.004454,0.127089,-0.187952,-0.098524,0.2099
0.302803,0.244385,-0.133835,0.17301,0.032144,-0.061898,0.004454,0.127089,-0.187952,-0.098524,0.2099,0.159544
0.299915,0.244385,0.17301,0.032144,-0.061898,0.004454,0.127089,-0.187952,-0.098524,0.2099,0.159544,-0.100225
0.2984,0.244385,0.032144,-0.061898,0.004454,0.127089,-0.187952,-0.098524,0.2099,0.159544,-0.100225,0.136715
0.301627,0.244385,-0.061898,0.004454,0.127089,-0.187952,-0.098524,0.2099,0.159544,-0.100225,0.136715,0.042913
0.304078,0.244385,0.004454,0.127089,-0.187952,-0.098524,0.2099,0.159544,-0.100225,0.136715,0.042913,-0.066108
0.302538,0.244385,0.127089,-0.187952,-0.098524,0.2099,0.159544,-0.100225,0.136715,0.042913,-0.066108,0.04221
0.304635,0.244385,-0.187952,-0.098524,0.2099,0.159544,-0.100225,0.136715,0.042913,-0.066108,0.04221,0.362834
0.305292,0.244385,-0.098524,0.2099,0.159544,-0.100225,0.136715,0.042913,-0.066108,0.04221,0.362834,-0.082053
0.30428,0.244385,0.2099,0.159544,-0.100225,0.136715,0.042913,-0.066108,0.04221,0.362834,-0.082053,-0.180863
0.304927,0.244385,0.159544,-0.100225,0.136715,0.042913,-0.066108,0.04221,0.362834,-0.082053,-0.180863,0.157149
0.310482,0.244385,-0.100225,0.136715,0.042913,-0.066108,0.04221,0.362834,-0.082053,-0.180863,0.157149,0.098244
0.309229,0.244385,0.136715,0.042913,-0.066108,0.04221,0.362834,-0.082053,-0.180863,0.157149,0.098244,0.053042
0.306466,0.244385,0.042913,-0.066108,0.04221,0.362834,-0.082053,-0.180863,0.157149,0.098244,0.053042,0.055298
0.308868,0.244385,-0.066108,0.04221,0.362834,-0.082053,-0.180863,0.157149,0.098244,0.053042,0.055298,0.026119
0.31037,0.244385,0.04221,0.362834,-0.082053,-0.180863,0.157149,0.098244,0.053042,0.055298,0.026119,-0.035928
0.31118,0.244385,0.362834,-0.082053,-0.180863,0.157149,0.098244,0.053042,0.055298,0.026119,-0.035928,0.049213
0.312023,0.244385,-0.082053,-0.180863,0.157149,0.098244,0.053042,0.055298,0.026119,-0.035928,0.049213,0.330523
0.312421,0.244385,-0.180863,0.157149,0.098244,0.053042,0.055298,0.026119,-0.035928,0.049213,0.330523,-0.11489
0.311873,0.244385,0.157149,0.098244,0.053042,0.055298,0.026119,-0.035928,0.049213,0.330523,-0.11489,-0.148016
0.312624,0.244385,0.098244,0.053042,0.055298,0.026119,-0.035928,0.049213,0.330523,-0.11489,-0.148016,0.1664
0.317655,0.244385,0.053042,0.055298,0.026119,-0.035928,0.049213,0.330523,-0.11489,-0.148016,0.1664,0.067048
0.315911,0.244385,0.055298,0.026119,-0.035928,0.049213,0.330523,-0.11489,-0.148016,0.1664,0.067048,0.07934
0.313661,0.244385,0.026119,-0.035928,0.049213,0.330523,-0.11489,-0.148016,0.1664,0.067048,0.07934,0.078385
0.316191,0.244385,-0.035928,0.049213,0.330523,-0.11489,-0.148016,0.1664,0.067048,0.07934,0.078385,0.01955
0.31721,0.244385,0.049213,0.330523,-0.11489,-0.148016,0.1664,0.067048,0.07934,0.078385,0.01955,-0.051403
0.318415,0.244385,0.330523,-0.11489,-0.148016,0.1664,0.067048,0.07934,0.078385,0.01955,-0.051403,-0.036654
0.319603,0.244385,-0.11489,-0.148016,0.1664,0.067048,0.07934,0.078385,0.01955,-0.051403,-0.036654,0.212677
0.319899,0.244385,-0.148016,0.1664,0.067048,0.07934,0.078385,0.01955,-0.051403,-0.036654,0.212677,-0.244834
0.319121,0.244385,0.1664,0.067048,0.07934,0.078385,0.01955,-0.051403,-0.036654,0.212677,-0.244834,-0.073693
0.318564,0.279205,0.067048,0.07934,0.078385,0.01955,-0.051403,-0.036654,0.212677,-0.244834,-0.073693,0.178218
0.32179,0.279205,0.07934,0.078385,0.01955,-0.051403,-0.036654,0.212677,-0.244834,-0.073693,0.178218,0.240111
0.31808,0.279205,0.078385,0.01955,-0.051403,-0.036654,0.212677,-0.244834,-0.073693,0.178218,0.240111,-0.05299
0.316963,0.279205,0.01955,-0.051403,-0.036654,0.212677,-0.244834,-0.073693,0.178218,0.240111,-0.05299,0.014258
0.319665,0.279205,-0.051403,-0.036654,0.212677,-0.244834,-0.073693,0.178218,0.240111,-0.05299,0.014258,-0.182588
0.323301,0.279205,-0.036654,0.212677,-0.244834,-0.073693,0.178218,0.240111,-0.05299,0.014258,-0.182588,-0.379779
0.322499,0.279205,0.212677,-0.244834,-0.073693,0.178218,0.240111,-0.05299,0.014258,-0.182588,-0.379779,-0.173241
0.322715,0.279205,-0.244834,-0.073693,0.178218,0.240111,-0.05299,0.014258,-0.182588,-0.379779,-0.173241,0.393802
0.319954,0.279205,-0.073693,0.178218,0.240111,-0.05299,0.014258,-0.182588,-0.379779,-0.173241,0.393802,-0.061382
0.31419,0.279205,0.178218,0.240111,-0.05299,0.014258,-0.182588,-0.379779,-0.173241,0.393802,-0.061382,-0.048516
0.311549,0.279205,0.240111,-0.05299,0.014258,-0.182588,-0.379779,-0.173241,0.393802,-0.061382,-0.048516,0.195779
0.317547,0.279205,-0.05299,0.014258,-0.182588,-0.379779,-0.173241,0.393802,-0.061382,-0.048516,0.195779,0.009868
0.316615,0.279205,0.014258,-0.182588,-0.379779,-0.173241,0.393802,-0.061382,-0.048516,0.195779,0.009868,0.104921
0.315878,0.279205,-0.182588,-0.379779,-0.173241,0.393802,-0.061382,-0.048516,0.195779,0.009868,0.104921,-0.176331
0.318849,0.279205,-0.379779,-0.173241,0.393802,-0.061382,-0.048516,0.195779,0.009868,0.104921,-0.176331,0.213757
0.318999,0.279205,-0.173241,0.393802,-0.061382,-0.048516,0.195779,0.009868,0.104921,-0.176331,0.213757,0.049324
0.32059,0.279205,0.393802,-0.061382,-0.048516,0.195779,0.009868,0.104921,-0.176331,0.213757,0.049324,0.13236
0.317917,0.279205,-0.061382,-0.048516,0.195779,0.009868,0.104921,-0.176331,0.213757,0.049324,0.13236,0.512516
0.321154,0.279205,-0.048516,0.195779,0.009868,0.104921,-0.176331,0.213757,0.049324,0.13236,0.512516,-0.194517
0.3219,0.279205,0.195779,0.009868,0.104921,-0.176331,0.213757,0.049324,0.13236,0.512516,-0.194517,-0.108194
0.323903,0.279205,0.009868,0.104921,-0.176331,0.213757,0.049324,0.13236,0.512516,-0.194517,-0.108194,0.218463
0.33163,0.279205,0.104921,-0.176331,0.213757,0.049324,0.13236,0.512516,-0.194517,-0.108194,0.218463,0.252258
0.328706,0.279205,-0.176331,0.213757,0.049324,0.13236,0.512516,-0.194517,-0.108194,0.218463,0.252258,-0.038795
0.327078,0.329407,0.213757,0.049324,0.13236,0.512516,-0.194517,-0.108194,0.218463,0.252258,-0.038795,0.056421
0.330364,0.329407,0.049324,0.13236,0.512516,-0.194517,-0.108194,0.218463,0.252258,-0.038795,0.056421,-0.113159
0.334154,0.329407,0.13236,0.512516,-0.194517,-0.108194,0.218463,0.252258,-0.038795,0.056421,-0.113159,-0.190174
0.333572,0.329407,0.512516,-0.194517,-0.108194,0.218463,0.252258,-0.038795,0.056421,-0.113159,-0.190174,0.093431
0.334417,0.329407,-0.194517,-0.108194,0.218463,0.252258,-0.038795,0.056421,-0.113159,-0.190174,0.093431,0.212305
0.332722,0.329407,-0.108194,0.218463,0.252258,-0.038795,0.056421,-0.113159,-0.190174,0.093431,0.212305,-0.482094
0.329867,0.329407,0.218463,0.252258,-0.038795,0.056421,-0.113159,-0.190174,0.093431,0.212305,-0.482094,0.020068
0.331272,0.329407,0.252258,-0.038795,0.056421,-0.113159,-0.190174,0.093431,0.212305,-0.482094,0.020068,-0.05647
0.334461,0.329407,-0.038795,0.056421,-0.113159,-0.190174,0.093431,0.212305,-0.482094,0.020068,-0.05647,0.486479
0.327217,0.329407,0.056421,-0.113159,-0.190174,0.093431,0.212305,-0.482094,0.020068,-0.05647,0.486479,-0.038785
0.327519,0.329407,-0.113159,-0.190174,0.093431,0.212305,-0.482094,0.020068,-0.05647,0.486479,-0.038785,0.224015
0.326668,0.329407,-0.190174,0.093431,0.212305,-0.482094,0.020068,-0.05647,0.486479,-0.038785,0.224015,-0.039088
0.333987,0.329407,0.093431,0.212305,-0.482094,0.020068,-0.05647,0.486479,-0.038785,0.224015,-0.039088,-0.1511
0.333405,0.329407,0.212305,-0.482094,0.020068,-0.05647,0.486479,-0.038785,0.224015,-0.039088,-0.1511,-0.002506
0.33676,0.329407,-0.482094,0.020068,-0.05647,0.486479,-0.038785,0.224015,-0.039088,-0.1511,-0.002506,0.573918
0.336176,0.329407,0.020068,-0.05647,0.486479,-0.038785,0.224015,-0.039088,-0.1511,-0.002506,0.573918,-0.378244
0.333914,0.329407,-0.05647,0.486479,-0.038785,0.224015,-0.039088,-0.1511,-0.002506,0.573918,-0.378244,-0.072695
0.333876,0.329407,0.486479,-0.038785,0.224015,-0.039088,-0.1511,-0.002506,0.573918,-0.378244,-0.072695,-0.050645
0.342463,0.329407,-0.038785,0.224015,-0.039088,-0.1511,-0.002506,0.573918,-0.378244,-0.072695,-0.050645,0.532528
0.336816,0.329407,0.224015,-0.039088,-0.1511,-0.002506,0.573918,-0.378244,-0.072695,-0.050645,0.532528,-0.151979
0.335729,0.329407,-0.039088,-0.1511,-0.002506,0.573918,-0.378244,-0.072695,-0.050645,0.532528,-0.151979,0.270132
0.334971,0.329407,-0.1511,-0.002506,0.573918,-0.378244,-0.072695,-0.050645,0.532528,-0.151979,0.270132,0.101398
0.342931,0.329407,-0.002506,0.573918,-0.378244,-0.072695,-0.050645,0.532528,-0.151979,0.270132,0.101398,-0.006835
0.340664,0.329407,0.573918,-0.378244,-0.072695,-0.050645,0.532528,-0.151979,0.270132,0.101398,-0.006835,0.19065
0.344687,0.329407,-0.378244,-0.072695,-0.050645,0.532528,-0.151979,0.270132,0.101398,-0.006835,0.19065,0.450507
0.346193,0.329407,-0.072695,-0.050645,0.532528,-0.151979,0.270132,0.101398,-0.006835,0.19065,0.450507,-0.411354
0.346091,0.329407,-0.050645,0.532528,-0.151979,0.270132,0.101398,-0.006835,0.19065,0.450507,-0.411354,-0.128173
0.348923,0.329407,0.532528,-0.151979,0.270132,0.101398,-0.006835,0.19065,0.450507,-0.411354,-0.128173,-0.079557
0.355593,0.329407,-0.151979,0.270132,0.101398,-0.006835,0.19065,0.450507,-0.411354,-0.128173,-0.079557,0.54901
0.349511,0.329407,0.270132,0.101398,-0.006835,0.19065,0.450507,-0.411354,-0.128173,-0.079557,0.54901,-0.193741
0.347612,0.329407,0.101398,-0.006835,0.19065,0.450507,-0.411354,-0.128173,-0.079557,0.54901,-0.193741,0.254462
0.346431,0.329407,-0.006835,0.19065,0.450507,-0.411354,-0.128173,-0.079557,0.54901,-0.193741,0.254462,-0.07532
0.354567,0.329407,0.19065,0.450507,-0.411354,-0.128173,-0.079557,0.54901,-0.193741,0.254462,-0.07532,-0.235794
0.351701,0.329407,0.450507,-0.411354,-0.128173,-0.079557,0.54901,-0.193741,0.254462,-0.07532,-0.235794,-0.004449
0.35546,0.329407,-0.411354,-0.128173,-0.079557,0.54901,-0.193741,0.254462,-0.07532,-0.235794,-0.004449,0.612942
0.35435,0.329407,-0.128173,-0.079557,0.54901,-0.193741,0.254462,-0.07532,-0.235794,-0.004449,0.612942,-0.134234
0.350865,0.329407,-0.079557,0.54901,-0.193741,0.254462,-0.07532,-0.235794,-0.004449,0.612942,-0.134234,-0.145977
0.350799,0.329407,0.54901,-0.193741,0.254462,-0.07532,-0.235794,-0.004449,0.612942,-0.134234,-0.145977,0.305572
0.359853,0.329407,-0.193741,0.254462,-0.07532,-0.235794,-0.004449,0.612942,-0.134234,-0.145977,0.305572,0.313847
0.357878,0.329407,0.254462,-0.07532,-0.235794,-0.004449,0.612942,-0.134234,-0.145977,0.305572,0.313847,0.0002
0.355728,0.329407,-0.07532,-0.235794,-0.004449,0.612942,-0.134234,-0.145977,0.305572,0.313847,0.0002,0.139088
0.360226,0.329407,-0.235794,-0.004449,0.612942,-0.134234,-0.145977,0.305572,0.313847,0.0002,0.139088,0.086999
0.364836,0.329407,-0.004449,0.612942,-0.134234,-0.145977,0.305572,0.313847,0.0002,0.139088,0.086999,0.015298
0.364839,0.329407,0.612942,-0.134234,-0.145977,0.305572,0.313847,0.0002,0.139088,0.086999,0.015298,0.077428
0.366875,0.329407,-0.134234,-0.145977,0.305572,0.313847,0.0002,0.139088,0.086999,0.015298,0.077428,0.205556
0.368146,0.329407,-0.145977,0.305572,0.313847,0.0002,0.139088,0.086999,0.015298,0.077428,0.205556,-0.389491
0.36837,0.329407,0.305572,0.313847,0.0002,0.139088,0.086999,0.015298,0.077428,0.205556,-0.389491,-0.567597
0.369502,0.417816,0.313847,0.0002,0.139088,0.086999,0.015298,0.077428,0.205556,-0.389491,-0.567597,0.141412
0.372503,0.417816,0.0002,0.139088,0.086999,0.015298,0.077428,0.205556,-0.389491,-0.567597,0.141412,0.397469
0.366817,0.417816,0.139088,0.086999,0.015298,0.077428,0.205556,-0.389491,-0.567597,0.141412,0.397469,-0.095075
0.358494,0.417816,0.086999,0.015298,0.077428,0.205556,-0.389491,-0.567597,0.141412,0.397469,-0.095075,0.315454
0.360573,0.417816,0.015298,0.077428,0.205556,-0.389491,-0.567597,0.141412,0.397469,-0.095075,0.315454,-0.173526
0.366407,0.417816,0.077428,0.205556,-0.389491,-0.567597,0.141412,0.397469,-0.095075,0.315454,-0.173526,-0.124254
0.365013,0.417816,0.205556,-0.389491,-0.567597,0.141412,0.397469,-0.095075,0.315454,-0.173526,-0.124254,-0.132863
0.369627,0.417816,-0.389491,-0.567597,0.141412,0.397469,-0.095075,0.315454,-0.173526,-0.124254,-0.132863,0.76449
0.367093,0.417816,-0.567597,0.141412,0.397469,-0.095075,0.315454,-0.173526,-0.124254,-0.132863,0.76449,-0.274492
0.365275,0.417816,0.141412,0.397469,-0.095075,0.315454,-0.173526,-0.124254,-0.132863,0.76449,-0.274492,-0.145775
0.363326,0.417816,0.397469,-0.095075,0.315454,-0.173526,-0.124254,-0.132863,0.76449,-0.274492,-0.145775,0.276938
0.374507,0.417816,-0.095075,0.315454,-0.173526,-0.124254,-0.132863,0.76449,-0.274492,-0.145775,0.276938,0.321012
0.370507,0.417816,0.315454,-0.173526,-0.124254,-0.132863,0.76449,-0.274492,-0.145775,0.276938,0.321012,-0.096602
0.368381,0.417816,-0.173526,-0.124254,-0.132863,0.76449,-0.274492,-0.145775,0.276938,0.321012,-0.096602,-0.072628
0.37242,0.417816,-0.124254,-0.132863,0.76449,-0.274492,-0.145775,0.276938,0.321012,-0.096602,-0.072628,-0.110543
0.377093,0.417816,-0.132863,0.76449,-0.274492,-0.145775,0.276938,0.321012,-0.096602,-0.072628,-0.110543,-0.255007
0.375688,0.417816,0.76449,-0.274492,-0.145775,0.276938,0.321012,-0.096602,-0.072628,-0.110543,-0.255007,0.057422
0.374632,0.417816,-0.274492,-0.145775,0.276938,0.321012,-0.096602,-0.072628,-0.110543,-0.255007,0.057422,0.209939
0.373024,0.417816,-0.145775,0.276938,0.321012,-0.096602,-0.072628,-0.110543,-0.255007,0.057422,0.209939,-0.374041
0.369307,0.417816,0.276938,0.321012,-0.096602,-0.072628,-0.110543,-0.255007,0.057422,0.209939,-0.374041,-0.053107
0.370146,0.417816,0.321012,-0.096602,-0.072628,-0.110543,-0.255007,0.057422,0.209939,-0.374041,-0.053107,0.268114
0.37321,0.417816,-0.096602,-0.072628,-0.110543,-0.255007,0.057422,0.209939,-0.374041,-0.053107,0.268114,0.385112
0.367752,0.417816,-0.072628,-0.110543,-0.255007,0.057422,0.209939,-0.374041,-0.053107,0.268114,0.385112,-0.084341
0.366976,0.430481,-0.110543,-0.255007,0.057422,0.209939,-0.374041,-0.053107,0.268114,0.385112,-0.084341,0.196402
0.370891,0.430481,-0.255007,0.057422,0.209939,-0.374041,-0.053107,0.268114,0.385112,-0.084341,0.196402,0.023757
0.376502,0.430481,0.057422,0.209939,-0.374041,-0.053107,0.268114,0.385112,-0.084341,0.196402,0.023757,-0.062839
0.375274,0.430481,0.209939,-0.374041,-0.053107,0.268114,0.385112,-0.084341,0.196402,0.023757,-0.062839,-0.068772
0.378127,0.430481,-0.374041,-0.053107,0.268114,0.385112,-0.084341,0.196402,0.023757,-0.062839,-0.068772,0.25023
0.378472,0.430481,-0.053107,0.268114,0.385112,-0.084341,0.196402,0.023757,-0.062839,-0.068772,0.25023,-0.476494
0.37756,0.430481,0.268114,0.385112,-0.084341,0.196402,0.023757,-0.062839,-0.068772,0.25023,-0.476494,-0.122355
0.376561,0.430481,0.385112,-0.084341,0.196402,0.023757,-0.062839,-0.068772,0.25023,-0.476494,-0.122355,0.213553
0.380195,0.430481,-0.084341,0.196402,0.023757,-0.062839,-0.068772,0.25023,-0.476494,-0.122355,0.213553,0.350959
0.373274,0.430481,0.196402,0.023757,-0.062839,-0.068772,0.25023,-0.476494,-0.122355,0.213553,0.350959,-0.105133
0.371493,0.430481,0.023757,-0.062839,-0.068772,0.25023,-0.476494,-0.122355,0.213553,0.350959,-0.105133,0.144395
0.374601,0.430481,-0.062839,-0.068772,0.25023,-0.476494,-0.122355,0.213553,0.350959,-0.105133,0.144395,0.040406
0.379702,0.430481,-0.068772,0.25023,-0.476494,-0.122355,0.213553,0.350959,-0.105133,0.144395,0.040406,-0.067442
0.378175,0.430481,0.25023,-0.476494,-0.122355,0.213553,0.350959,-0.105133,0.144395,0.040406,-0.067442,0.057585
0.380269,0.430481,-0.476494,-0.122355,0.213553,0.350959,-0.105133,0.144395,0.040406,-0.067442,0.057585,0.56894
0.380854,0.430481,-0.122355,0.213553,0.350959,-0.105133,0.144395,0.040406,-0.067442,0.057585,0.56894,-0.294397
0.379877,0.430481,0.213553,0.350959,-0.105133,0.144395,0.040406,-0.067442,0.057585,0.56894,-0.294397,-0.249129
0.380712,0.430481,0.350959,-0.105133,0.144395,0.040406,-0.067442,0.057585,0.56894,-0.294397,-0.249129,0.18837
0.388937,0.430481,-0.105133,0.144395,0.040406,-0.067442,0.057585,0.56894,-0.294397,-0.249129,0.18837,0.311129
0.384692,0.430481,0.144395,0.040406,-0.067442,0.057585,0.56894,-0.294397,-0.249129,0.18837,0.311129,-0.139809
0.381092,0.430481,0.040406,-0.067442,0.057585,0.56894,-0.294397,-0.249129,0.18837,0.311129,-0.139809,0.110051
0.383816,0.430481,-0.067442,0.057585,0.56894,-0.294397,-0.249129,0.18837,0.311129,-0.139809,0.110051,-0.017341
0.388308,0.430481,0.057585,0.56894,-0.294397,-0.249129,0.18837,0.311129,-0.139809,0.110051,-0.017341,-0.073103
0.386291,0.430481,0.56894,-0.294397,-0.249129,0.18837,0.311129,-0.139809,0.110051,-0.017341,-0.073103,0.024393
0.387877,0.430481,-0.294397,-0.249129,0.18837,0.311129,-0.139809,0.110051,-0.017341,-0.073103,0.024393,0.496698
0.387628,0.430481,-0.249129,0.18837,0.311129,-0.139809,0.110051,-0.017341,-0.073103,0.024393,0.496698,-0.301416
0.386574,0.430481,0.18837,0.311129,-0.139809,0.110051,-0.017341,-0.073103,0.024393,0.496698,-0.301416,-0.251734
0.386926,0.430481,0.311129,-0.139809,0.110051,-0.017341,-0.073103,0.024393,0.496698,-0.301416,-0.251734,0.231995
0.394078,0.430481,-0.139809,0.110051,-0.017341,-0.073103,0.024393,0.496698,-0.301416,-0.251734,0.231995,0.272117
0.389747,0.430481,0.110051,-0.017341,-0.073103,0.024393,0.496698,-0.301416,-0.251734,0.231995,0.272117,-0.11998
0.386123,0.430481,-0.017341,-0.073103,0.024393,0.496698,-0.301416,-0.251734,0.231995,0.272117,-0.11998,0.103367
0.389465,0.430481,-0.073103,0.024393,0.496698,-0.301416,-0.251734,0.231995,0.272117,-0.11998,0.103367,-0.034345
0.393379,0.430481,0.024393,0.496698,-0.301416,-0.251734,0.231995,0.272117,-0.11998,0.103367,-0.034345,-0.107934
0.391654,0.430481,0.496698,-0.301416,-0.251734,0.231995,0.272117,-0.11998,0.103367,-0.034345,-0.107934,-0.122543
0.393138,0.430481,-0.301416,-0.251734,0.231995,0.272117,-0.11998,0.103367,-0.034345,-0.107934,-0.122543,0.28347
0.392646,0.430481,-0.251734,0.231995,0.272117,-0.11998,0.103367,-0.034345,-0.107934,-0.122543,0.28347,-0.530752
0.391096,0.430481,0.231995,0.272117,-0.11998,0.103367,-0.034345,-0.107934,-0.122543,0.28347,-0.530752,-0.129568
0.389332,0.430481,0.272117,-0.11998,0.103367,-0.034345,-0.107934,-0.122543,0.28347,-0.530752,-0.129568,0.201829
0.39341,0.430481,-0.11998,0.103367,-0.034345,-0.107934,-0.122543,0.28347,-0.530752,-0.129568,0.201829,0.338033
0.385772,0.430481,0.103367,-0.034345,-0.107934,-0.122543,0.28347,-0.530752,-0.129568,0.201829,0.338033,-0.111279
0.383903,0.430481,-0.034345,-0.107934,-0.122543,0.28347,-0.530752,-0.129568,0.201829,0.338033,-0.111279,0.094439
0.386815,0.430481,-0.107934,-0.122543,0.28347,-0.530752,-0.129568,0.201829,0.338033,-0.111279,0.094439,0.024791
0.391685,0.430481,-0.122543,0.28347,-0.530752,-0.129568,0.201829,0.338033,-0.111279,0.094439,0.024791,-0.24603
0.390083,0.430481,0.28347,-0.530752,-0.129568,0.201829,0.338033,-0.111279,0.094439,0.024791,-0.24603,-0.20449
0.391441,0.430481,-0.530752,-0.129568,0.201829,0.338033,-0.111279,0.094439,0.024791,-0.24603,-0.20449,0.33937
0.391797,0.430481,-0.129568,0.201829,0.338033,-0.111279,0.094439,0.024791,-0.24603,-0.20449,0.33937,-0.195009
0.388259,0.430481,0.201829,0.338033,-0.111279,0.094439,0.024791,-0.24603,-0.20449,0.33937,-0.195009,-0.275403
0.385308,0.430481,0.338033,-0.111279,0.094439,0.024791,-0.24603,-0.20449,0.33937,-0.195009,-0.275403,0.234999
0.390204,0.430481,-0.111279,0.094439,0.024791,-0.24603,-0.20449,0.33937,-0.195009,-0.275403,0.234999,0.312821
0.387396,0.430481,0.094439,0.024791,-0.24603,-0.20449,0.33937,-0.195009,-0.275403,0.234999,0.312821,-0.157246
0.383424,0.430481,0.024791,-0.24603,-0.20449,0.33937,-0.195009,-0.275403,0.234999,0.312821,-0.157246,0.127804
0.386815,0.430481,-0.24603,-0.20449,0.33937,-0.195009,-0.275403,0.234999,0.312821,-0.157246,0.127804,-0.017401
0.391322,0.430481,-0.20449,0.33937,-0.195009,-0.275403,0.234999,0.312821,-0.157246,0.127804,-0.017401,-0.082167
0.389057,0.447693,0.33937,-0.195009,-0.275403,0.234999,0.312821,-0.157246,0.127804,-0.017401,-0.082167,0.028412
0.390896,0.447693,-0.195009,-0.275403,0.234999,0.312821,-0.157246,0.127804,-0.017401,-0.082167,0.028412,0.182569
0.390646,0.447693,-0.275403,0.234999,0.312821,-0.157246,0.127804,-0.017401,-0.082167,0.028412,0.182569,-0.191565
0.389465,0.447693,0.234999,0.312821,-0.157246,0.127804,-0.017401,-0.082167,0.028412,0.182569,-0.191565,-0.740033
0.389874,0.447693,0.312821,-0.157246,0.127804,-0.017401,-0.082167,0.028412,0.182569,-0.191565,-0.740033,0.444485
0.392501,0.447693,-0.157246,0.127804,-0.017401,-0.082167,0.028412,0.182569,-0.191565,-0.740033,0.444485,0.090926
0.389747,0.447693,0.127804,-0.017401,-0.082167,0.028412,0.182569,-0.191565,-0.740033,0.444485,0.090926,0.039198
0.379066,0.447693,-0.017401,-0.082167,0.028412,0.182569,-0.191565,-0.740033,0.444485,0.090926,0.039198,0.068521
0.385494,0.447693,-0.082167,0.028412,0.182569,-0.191565,-0.740033,0.444485,0.090926,0.039198,0.068521,-0.000599
0.386806,0.447693,0.028412,0.182569,-0.191565,-0.740033,0.444485,0.090926,0.039198,0.068521,-0.000599,-0.206576
0.387372,0.447693,0.182569,-0.191565,-0.740033,0.444485,0.090926,0.039198,0.068521,-0.000599,-0.206576,-0.309818
0.38836,0.447693,-0.191565,-0.740033,0.444485,0.090926,0.039198,0.068521,-0.000599,-0.206576,-0.309818,0.464779
0.388351,0.447693,-0.740033,0.444485,0.090926,0.039198,0.068521,-0.000599,-0.206576,-0.309818,0.464779,-0.272946
0.385374,0.447693,0.444485,0.090926,0.039198,0.068521,-0.000599,-0.206576,-0.309818,0.464779,-0.272946,-0.170323
0.380891,0.447693,0.090926,0.039198,0.068521,-0.000599,-0.206576,-0.309818,0.464779,-0.272946,-0.170323,0.200851
0.387613,0.447693,0.039198,0.068521,-0.000599,-0.206576,-0.309818,0.464779,-0.272946,-0.170323,0.200851,0.344708
0.383673,0.447693,0.068521,-0.000599,-0.206576,-0.309818,0.464779,-0.272946,-0.170323,0.200851,0.344708,-0.148311
0.381212,0.447693,-0.000599,-0.206576,-0.309818,0.464779,-0.272946,-0.170323,0.200851,0.344708,-0.148311,0.110273
0.384115,0.447693,-0.206576,-0.309818,0.464779,-0.272946,-0.170323,0.200851,0.344708,-0.148311,0.110273,0.016164
0.389091,0.447693,-0.309818,0.464779,-0.272946,-0.170323,0.200851,0.344708,-0.148311,0.110273,0.016164,-0.110932
0.386952,0.447693,0.464779,-0.272946,-0.170323,0.200851,0.344708,-0.148311,0.110273,0.016164,-0.110932,0.045191
0.388541,0.447693,-0.272946,-0.170323,0.200851,0.344708,-0.148311,0.110273,0.016164,-0.110932,0.045191,0.569798
0.388773,0.447693,-0.170323,0.200851,0.344708,-0.148311,0.110273,0.016164,-0.110932,0.045191,0.569798,-0.348833
0.387176,0.447693,0.200851,0.344708,-0.148311,0.110273,0.016164,-0.110932,0.045191,0.569798,-0.348833,-0.264948
0.387827,0.447693,0.344708,-0.148311,0.110273,0.016164,-0.110932,0.045191,0.569798,-0.348833,-0.264948,0.203046
0.396023,0.453674,-0.148311,0.110273,0.016164,-0.110932,0.045191,0.569798,-0.348833,-0.264948,0.203046,0.27244
0.391017,0.453674,0.110273,0.016164,-0.110932,0.045191,0.569798,-0.348833,-0.264948,0.203046,0.27244,-0.103249
0.387206,0.453674,0.016164,-0.110932,0.045191,0.569798,-0.348833,-0.264948,0.203046,0.27244,-0.103249,0.057062
0.390129,0.453674,-0.110932,0.045191,0.569798,-0.348833,-0.264948,0.203046,0.27244,-0.103249,0.057062,0.024951
0.394045,0.453674,0.045191,0.569798,-0.348833,-0.264948,0.203046,0.27244,-0.103249,0.057062,0.024951,-0.095616
0.392562,0.453674,0.569798,-0.348833,-0.264948,0.203046,0.27244,-0.103249,0.057062,0.024951,-0.095616,0.019852
0.393381,0.453674,-0.348833,-0.264948,0.203046,0.27244,-0.103249,0.057062,0.024951,-0.095616,0.019852,0.554669
0.393739,0.453674,-0.264948,0.203046,0.27244,-0.103249,0.057062,0.024951,-0.095616,0.019852,0.554669,-0.309329
0.392367,0.453674,0.203046,0.27244,-0.103249,0.057062,0.024951,-0.095616,0.019852,0.554669,-0.309329,-0.233944
0.392652,0.453674,0.27244,-0.103249,0.057062,0.024951,-0.095616,0.019852,0.554669,-0.309329,-0.233944,0.217894
0.400603,0.453674,-0.103249,0.057062,0.024951,-0.095616,0.019852,0.554669,-0.309329,-0.233944,0.217894,0.318022
0.39618,0.453674,0.057062,0.024951,-0.095616,0.019852,0.554669,-0.309329,-0.233944,0.217894,0.318022,-0.134148
0.392828,0.453674,0.024951,-0.095616,0.019852,0.554669,-0.309329,-0.233944,0.217894,0.318022,-0.134148,0.122719
0.395951,0.453674,-0.095616,0.019852,0.554669,-0.309329,-0.233944,0.217894,0.318022,-0.134148,0.122719,-0.00462
0.400503,0.453674,0.019852,0.554669,-0.309329,-0.233944,0.217894,0.318022,-0.134148,0.122719,-0.00462,-0.229843
0.398584,0.453674,0.554669,-0.309329,-0.233944,0.217894,0.318022,-0.134148,0.122719,-0.00462,-0.229843,-0.2642
0.400338,0.453674,-0.309329,-0.233944,0.217894,0.318022,-0.134148,0.122719,-0.00462,-0.229843,-0.2642,0.409782
0.400272,0.453674,-0.233944,0.217894,0.318022,-0.134148,0.122719,-0.00462,-0.229843,-0.2642,0.409782,-0.214981
0.396987,0.453674,0.217894,0.318022,-0.134148,0.122719,-0.00462,-0.229843,-0.2642,0.409782,-0.214981,-0.305672
0.393197,0.453674,0.318022,-0.134148,0.122719,-0.00462,-0.229843,-0.2642,0.409782,-0.214981,-0.305672,-0.275178
0.399073,0.453674,-0.134148,0.122719,-0.00462,-0.229843,-0.2642,0.409782,-0.214981,-0.305672,-0.275178,-0.381663
0.395997,0.453674,0.122719,-0.00462,-0.229843,-0.2642,0.409782,-0.214981,-0.305672,-0.275178,-0.381663,-0.035658
0.391615,0.453674,-0.00462,-0.229843,-0.2642,0.409782,-0.214981,-0.305672,-0.275178,-0.381663,-0.035658,-0.237236
0.387657,0.453674,-0.229843,-0.2642,0.409782,-0.214981,-0.305672,-0.275178,-0.381663,-0.035658,-0.237236,0.337037
0.382141,0.453674,-0.2642,0.409782,-0.214981,-0.305672,-0.275178,-0.381663,-0.035658,-0.237236,0.337037,-0.105054
0.381625,0.453674,0.409782,-0.214981,-0.305672,-0.275178,-0.381663,-0.035658,-0.237236,0.337037,-0.105054,0.347237
0.378187,0.453674,-0.214981,-0.305672,-0.275178,-0.381663,-0.035658,-0.237236,0.337037,-0.105054,0.347237,0.568148
0.383064,0.453674,-0.305672,-0.275178,-0.381663,-0.035658,-0.237236,0.337037,-0.105054,0.347237,0.568148,-0.259714
0.381545,0.453674,-0.275178,-0.381663,-0.035658,-0.237236,0.337037,-0.105054,0.347237,0.568148,-0.259714,-0.206375
0.386567,0.453674,-0.381663,-0.035658,-0.237236,0.337037,-0.105054,0.347237,0.568148,-0.259714,-0.206375,0.325631
0.394746,0.453674,-0.035658,-0.237236,0.337037,-0.105054,0.347237,0.568148,-0.259714,-0.206375,0.325631,0.409875
0.391017,0.453674,-0.237236,0.337037,-0.105054,0.347237,0.568148,-0.259714,-0.206375,0.325631,0.409875,-0.188931
0.388049,0.453674,0.337037,-0.105054,0.347237,0.568148,-0.259714,-0.206375,0.325631,0.409875,-0.188931,0.194427
0.392731,0.453674,-0.105054,0.347237,0.568148,-0.259714,-0.206375,0.325631,0.409875,-0.188931,0.194427,-0.098753
0.398608,0.453674,0.347237,0.568148,-0.259714,-0.206375,0.325631,0.409875,-0.188931,0.194427,-0.098753,-0.079568
0.395901,0.453674,0.568148,-0.259714,-0.206375,0.325631,0.409875,-0.188931,0.194427,-0.098753,-0.079568,-0.018596
0.398684,0.453674,-0.259714,-0.206375,0.325631,0.409875,-0.188931,0.194427,-0.098753,-0.079568,-0.018596,0.627894
0.397272,0.453674,-0.206375,0.325631,0.409875,-0.188931,0.194427,-0.098753,-0.079568,-0.018596,0.627894,-0.303166
0.396134,0.453674,0.325631,0.409875,-0.188931,0.194427,-0.098753,-0.079568,-0.018596,0.627894,-0.303166,-0.244562
0.395867,0.453674,0.409875,-0.188931,0.194427,-0.098753,-0.079568,-0.018596,0.627894,-0.303166,-0.244562,0.236726
0.404844,0.453674,-0.188931,0.194427,-0.098753,-0.079568,-0.018596,0.627894,-0.303166,-0.244562,0.236726,0.38551
0.400522,0.453674,0.194427,-0.098753,-0.079568,-0.018596,0.627894,-0.303166,-0.244562,0.236726,0.38551,-0.131014
0.397028,0.453674,-0.098753,-0.079568,-0.018596,0.627894,-0.303166,-0.244562,0.236726,0.38551,-0.131014,0.15508
0.400411,0.453674,-0.079568,-0.018596,0.627894,-0.303166,-0.244562,0.236726,0.38551,-0.131014,0.15508,0.004181
0.40591,0.453674,-0.018596,0.627894,-0.303166,-0.244562,0.236726,0.38551,-0.131014,0.15508,0.004181,-0.025328
0.404043,0.453674,0.627894,-0.303166,-0.244562,0.236726,0.38551,-0.131014,0.15508,0.004181,-0.025328,-0.011444
0.40625,0.453674,-0.303166,-0.244562,0.236726,0.38551,-0.131014,0.15508,0.004181,-0.025328,-0.011444,0.659799
0.406309,0.453674,-0.244562,0.236726,0.38551,-0.131014,0.15508,0.004181,-0.025328,-0.011444,0.659799,-0.326508
0.405949,0.453674,0.236726,0.38551,-0.131014,0.15508,0.004181,-0.025328,-0.011444,0.659799,-0.326508,-0.249578
0.405786,0.453674,0.38551,-0.131014,0.15508,0.004181,-0.025328,-0.011444,0.659799,-0.326508,-0.249578,0.236735
0.415152,0.453674,-0.131014,0.15508,0.004181,-0.025328,-0.011444,0.659799,-0.326508,-0.249578,0.236735,0.37051
0.41053,0.453674,0.15508,0.004181,-0.025328,-0.011444,0.659799,-0.326508,-0.249578,0.236735,0.37051,-0.102179
0.40699,0.453674,0.004181,-0.025328,-0.011444,0.659799,-0.326508,-0.249578,0.236735,0.37051,-0.102179,0.132728
0.410349,0.453674,-0.025328,-0.011444,0.659799,-0.326508,-0.249578,0.236735,0.37051,-0.102179,0.132728,0.00451
0.415597,0.453674,-0.011444,0.659799,-0.326508,-0.249578,0.236735,0.37051,-0.102179,0.132728,0.00451,-0.048742
0.414152,0.453674,0.659799,-0.326508,-0.249578,0.236735,0.37051,-0.102179,0.132728,0.00451,-0.048742,0.035897
0.416027,0.453674,-0.326508,-0.249578,0.236735,0.37051,-0.102179,0.132728,0.00451,-0.048742,0.035897,0.602715
0.416091,0.453674,-0.249578,0.236735,0.37051,-0.102179,0.132728,0.00451,-0.048742,0.035897,0.602715,-0.32763
0.415403,0.453674,0.236735,0.37051,-0.102179,0.132728,0.00451,-0.048742,0.035897,0.602715,-0.32763,-0.254301
0.41591,0.481995,0.37051,-0.102179,0.132728,0.00451,-0.048742,0.035897,0.602715,-0.32763,-0.254301,0.27208
0.424407,0.481995,-0.102179,0.132728,0.00451,-0.048742,0.035897,0.602715,-0.32763,-0.254301,0.27208,0.332007
0.4198,0.481995,0.132728,0.00451,-0.048742,0.035897,0.602715,-0.32763,-0.254301,0.27208,0.332007,-0.117046
0.416216,0.481995,0.00451,-0.048742,0.035897,0.602715,-0.32763,-0.254301,0.27208,0.332007,-0.117046,0.16326
0.420051,0.481995,-0.048742,0.035897,0.602715,-0.32763,-0.254301,0.27208,0.332007,-0.117046,0.16326,-0.035952
0.424723,0.481995,0.035897,0.602715,-0.32763,-0.254301,0.27208,0.332007,-0.117046,0.16326,-0.035952,-0.077384
0.423077,0.481995,0.602715,-0.32763,-0.254301,0.27208,0.332007,-0.117046,0.16326,-0.035952,-0.077384,0.017566
0.425369,0.481995,-0.32763,-0.254301,0.27208,0.332007,-0.117046,0.16326,-0.035952,-0.077384,0.017566,0.682619
0.424865,0.481995,-0.254301,0.27208,0.332007,-0.117046,0.16326,-0.035952,-0.077384,0.017566,0.682619,-0.392416
0.423779,0.481995,0.27208,0.332007,-0.117046,0.16326,-0.035952,-0.077384,0.017566,0.682619,-0.392416,-0.25405
0.424026,0.481995,0.332007,-0.117046,0.16326,-0.035952,-0.077384,0.017566,0.682619,-0.392416,-0.25405,0.148939
0.433591,0.481995,-0.117046,0.16326,-0.035952,-0.077384,0.017566,0.682619,-0.392416,-0.25405,0.148939,-0.109232
0.428107,0.481995,0.16326,-0.035952,-0.077384,0.017566,0.682619,-0.392416,-0.25405,0.148939,-0.109232,-0.139595
0.424548,0.481995,-0.035952,-0.077384,0.017566,0.682619,-0.392416,-0.25405,0.148939,-0.109232,-0.139595,0.09993
0.426636,0.481995,-0.077384,0.017566,0.682619,-0.392416,-0.25405,0.148939,-0.109232,-0.139595,0.09993,0.059174
0.425103,0.481995,0.017566,0.682619,-0.392416,-0.25405,0.148939,-0.109232,-0.139595,0.09993,0.059174,-0.104594
0.42314,0.481995,0.682619,-0.392416,-0.25405,0.148939,-0.109232,-0.139595,0.09993,0.059174,-0.104594,0.103228
0.424544,0.481995,-0.392416,-0.25405,0.148939,-0.109232,-0.139595,0.09993,0.059174,-0.104594,0.103228,0.606362
0.425374,0.481995,-0.25405,0.148939,-0.109232,-0.139595,0.09993,0.059174,-0.104594,0.103228,0.606362,-0.31047
0.423906,0.481995,0.148939,-0.109232,-0.139595,0.09993,0.059174,-0.104594,0.103228,0.606362,-0.31047,-0.268377
0.425356,0.481995,-0.109232,-0.139595,0.09993,0.059174,-0.104594,0.103228,0.606362,-0.31047,-0.268377,0.21301
0.433848,0.481995,-0.139595,0.09993,0.059174,-0.104594,0.103228,0.606362,-0.31047,-0.268377,0.21301,0.447531
0.429511,0.481995,0.09993,0.059174,-0.104594,0.103228,0.606362,-0.31047,-0.268377,0.21301,0.447531,-0.215205
0.425755,0.481995,0.059174,-0.104594,0.103228,0.606362,-0.31047,-0.268377,0.21301,0.447531,-0.215205,0.139501
0.428738,0.481995,-0.104594,0.103228,0.606362,-0.31047,-0.268377,0.21301,0.447531,-0.215205,0.139501,-0.077868
0.434993,0.481995,0.103228,0.606362,-0.31047,-0.268377,0.21301,0.447531,-0.215205,0.139501,-0.077868,-0.11139
0.431988,0.481995,0.606362,-0.31047,-0.268377,0.21301,0.447531,-0.215205,0.139501,-0.077868,-0.11139,0.007846
0.433935,0.481995,-0.31047,-0.268377,0.21301,0.447531,-0.215205,0.139501,-0.077868,-0.11139,0.007846,0.220878
0.432849,0.488647,-0.268377,0.21301,0.447531,-0.215205,0.139501,-0.077868,-0.11139,0.007846,0.220878,-0.18708
0.431295,0.488647,0.21301,0.447531,-0.215205,0.139501,-0.077868,-0.11139,0.007846,0.220878,-0.18708,-0.830473
0.431404,0.488647,0.447531,-0.215205,0.139501,-0.077868,-0.11139,0.007846,0.220878,-0.18708,-0.830473,0.491572
0.43449,0.488647,-0.215205,0.139501,-0.077868,-0.11139,0.007846,0.220878,-0.18708,-0.830473,0.491572,0.158163
0.43188,0.488647,0.139501,-0.077868,-0.11139,0.007846,0.220878,-0.18708,-0.830473,0.491572,0.158163,0.05055
0.420244,0.488647,-0.077868,-0.11139,0.007846,0.220878,-0.18708,-0.830473,0.491572,0.158163,0.05055,0.024131
0.427145,0.488647,-0.11139,0.007846,0.220878,-0.18708,-0.830473,0.491572,0.158163,0.05055,0.024131,0.083017
0.429361,0.488647,0.007846,0.220878,-0.18708,-0.830473,0.491572,0.158163,0.05055,0.024131,0.083017,-0.124704
0.430069,0.488647,0.220878,-0.18708,-0.830473,0.491572,0.158163,0.05055,0.024131,0.083017,-0.124704,0.030784
0.430407,0.488647,-0.18708,-0.830473,0.491572,0.158163,0.05055,0.024131,0.083017,-0.124704,0.030784,0.687433
0.431566,0.488647,-0.830473,0.491572,0.158163,0.05055,0.024131,0.083017,-0.124704,0.030784,0.687433,-0.814354
0.429824,0.488647,0.491572,0.158163,0.05055,0.024131,0.083017,-0.124704,0.030784,0.687433,-0.814354,-0.127173
0.430254,0.488647,0.158163,0.05055,0.024131,0.083017,-0.124704,0.030784,0.687433,-0.814354,-0.127173,-0.281085
0.439845,0.488647,0.05055,0.024131,0.083017,-0.124704,0.030784,0.687433,-0.814354,-0.127173,-0.281085,0.693752
0.42849,0.488647,0.024131,0.083017,-0.124704,0.030784,0.687433,-0.814354,-0.127173,-0.281085,0.693752,-0.477554
0.42671,0.488647,0.083017,-0.124704,0.030784,0.687433,-0.814354,-0.127173,-0.281085,0.693752,-0.477554,0.36087
0.422766,0.488647,-0.124704,0.030784,0.687433,-0.814354,-0.127173,-0.281085,0.693752,-0.477554,0.36087,-0.400821
0.432492,0.488647,0.030784,0.687433,-0.814354,-0.127173,-0.281085,0.693752,-0.477554,0.36087,-0.400821,-0.149663
0.425802,0.488647,0.687433,-0.814354,-0.127173,-0.281085,0.693752,-0.477554,0.36087,-0.400821,-0.149663,-0.251077
0.430855,0.488647,-0.814354,-0.127173,-0.281085,0.693752,-0.477554,0.36087,-0.400821,-0.149663,-0.251077,0.817409
0.425246,0.488647,-0.127173,-0.281085,0.693752,-0.477554,0.36087,-0.400821,-0.149663,-0.251077,0.817409,-0.358865
0.423146,0.488647,-0.281085,0.693752,-0.477554,0.36087,-0.400821,-0.149663,-0.251077,0.817409,-0.358865,-0.216937
0.419611,0.488647,0.693752,-0.477554,0.36087,-0.400821,-0.149663,-0.251077,0.817409,-0.358865,-0.216937,0.216516
0.431092,0.488647,-0.477554,0.36087,-0.400821,-0.149663,-0.251077,0.817409,-0.358865,-0.216937,0.216516,0.440744
0.426069,0.488647,0.36087,-0.400821,-0.149663,-0.251077,0.817409,-0.358865,-0.216937,0.216516,0.440744,-0.19593
0.423026,0.488647,-0.400821,-0.149663,-0.251077,0.817409,-0.358865,-0.216937,0.216516,0.440744,-0.19593,0.088113
0.426064,0.488647,-0.149663,-0.251077,0.817409,-0.358865,-0.216937,0.216516,0.440744,-0.19593,0.088113,-0.223507
0.432236,0.488647,-0.251077,0.817409,-0.358865,-0.216937,0.216516,0.440744,-0.19593,0.088113,-0.223507,-0.33126
0.429494,0.488647,0.817409,-0.358865,-0.216937,0.216516,0.440744,-0.19593,0.088113,-0.223507,-0.33126,-0.326669
0.430727,0.488647,-0.358865,-0.216937,0.216516,0.440744,-0.19593,0.088113,-0.223507,-0.33126,-0.326669,0.398155
0.427602,0.488647,-0.216937,0.216516,0.440744,-0.19593,0.088113,-0.223507,-0.33126,-0.326669,0.398155,-0.541304
0.422956,0.488647,0.216516,0.440744,-0.19593,0.088113,-0.223507,-0.33126,-0.326669,0.398155,-0.541304,-0.186244
0.418354,0.488647,0.440744,-0.19593,0.088113,-0.223507,-0.33126,-0.326669,0.398155,-0.541304,-0.186244,-0.259416
0.423963,0.488647,-0.19593,0.088113,-0.223507,-0.33126,-0.326669,0.398155,-0.541304,-0.186244,-0.259416,0.507613
0.416341,0.488647,0.088113,-0.223507,-0.33126,-0.326669,0.398155,-0.541304,-0.186244,-0.259416,0.507613,-0.115716
0.413711,0.488647,-0.223507,-0.33126,-0.326669,0.398155,-0.541304,-0.186244,-0.259416,0.507613,-0.115716,0.213537
0.410038,0.488647,-0.33126,-0.326669,0.398155,-0.541304,-0.186244,-0.259416,0.507613,-0.115716,0.213537,0.062778
0.417225,0.488647,-0.326669,0.398155,-0.541304,-0.186244,-0.259416,0.507613,-0.115716,0.213537,0.062778,0.031133
0.41559,0.488647,0.398155,-0.541304,-0.186244,-0.259416,0.507613,-0.115716,0.213537,0.062778,0.031133,0.031264
0.418603,0.488647,-0.541304,-0.186244,-0.259416,0.507613,-0.115716,0.213537,0.062778,0.031133,0.031264,0.695333
0.419487,0.488647,-0.186244,-0.259416,0.507613,-0.115716,0.213537,0.062778,0.031133,0.031264,0.695333,-0.33105
0.419925,0.488647,-0.259416,0.507613,-0.115716,0.213537,0.062778,0.031133,0.031264,0.695333,-0.33105,-0.297717
0.420366,0.488647,0.507613,-0.115716,0.213537,0.062778,0.031133,0.031264,0.695333,-0.33105,-0.297717,0.265609
0.430133,0.488647,-0.115716,0.213537,0.062778,0.031133,0.031264,0.695333,-0.33105,-0.297717,0.265609,0.049091
0.425496,0.488647,0.213537,0.062778,0.031133,0.031264,0.695333,-0.33105,-0.297717,0.265609,0.049091,-0.117222
0.421317,0.488647,0.062778,0.031133,0.031264,0.695333,-0.33105,-0.297717,0.265609,0.049091,-0.117222,-0.398919
0.425048,0.488647,0.031133,0.031264,0.695333,-0.33105,-0.297717,0.265609,0.049091,-0.117222,-0.398919,0.251323
0.425737,0.488647,0.031264,0.695333,-0.33105,-0.297717,0.265609,0.049091,-0.117222,-0.398919,0.251323,-0.19763
0.42409,0.488647,0.695333,-0.33105,-0.297717,0.265609,0.049091,-0.117222,-0.398919,0.251323,-0.19763,0.23265
0.418477,0.488647,-0.33105,-0.297717,0.265609,0.049091,-0.117222,-0.398919,0.251323,-0.19763,0.23265,0.570539
0.422013,0.488647,-0.297717,0.265609,0.049091,-0.117222,-0.398919,0.251323,-0.19763,0.23265,0.570539,-0.285914
0.419232,0.488647,0.265609,0.049091,-0.117222,-0.398919,0.251323,-0.19763,0.23265,0.570539,-0.285914,-0.217144
0.422509,0.488647,0.049091,-0.117222,-0.398919,0.251323,-0.19763,0.23265,0.570539,-0.285914,-0.217144,0.280306
0.430516,0.488647,-0.117222,-0.398919,0.251323,-0.19763,0.23265,0.570539,-0.285914,-0.217144,0.280306,0.455613
0.426514,0.488647,-0.398919,0.251323,-0.19763,0.23265,0.570539,-0.285914,-0.217144,0.280306,0.455613,-0.136976
0.423469,0.488647,0.251323,-0.19763,0.23265,0.570539,-0.285914,-0.217144,0.280306,0.455613,-0.136976,0.190195
0.4274,0.488647,-0.19763,0.23265,0.570539,-0.285914,-0.217144,0.280306,0.455613,-0.136976,0.190195,-0.307747
0.433774,0.488647,0.23265,0.570539,-0.285914,-0.217144,0.280306,0.455613,-0.136976,0.190195,-0.307747,-0.256189
0.43186,0.488647,0.570539,-0.285914,-0.217144,0.280306,0.455613,-0.136976,0.190195,-0.307747,-0.256189,-0.212858
0.434514,0.488647,-0.285914,-0.217144,0.280306,0.455613,-0.136976,0.190195,-0.307747,-0.256189,-0.212858,0.783237
0.430221,0.488647,-0.217144,0.280306,0.455613,-0.136976,0.190195,-0.307747,-0.256189,-0.212858,0.783237,-0.388591
0.426636,0.495544,0.280306,0.455613,-0.136976,0.190195,-0.307747,-0.256189,-0.212858,0.783237,-0.388591,-0.20921
0.423647,0.495544,0.455613,-0.136976,0.190195,-0.307747,-0.256189,-0.212858,0.783237,-0.388591,-0.20921,0.254317
0.434619,0.495544,-0.136976,0.190195,-0.307747,-0.256189,-0.212858,0.783237,-0.388591,-0.20921,0.254317,0.494631
0.429192,0.495544,0.190195,-0.307747,-0.256189,-0.212858,0.783237,-0.388591,-0.20921,0.254317,0.494631,-0.444982
0.426264,0.495544,-0.307747,-0.256189,-0.212858,0.783237,-0.388591,-0.20921,0.254317,0.494631,-0.444982,0.15272
0.429824,0.495544,-0.256189,-0.212858,0.783237,-0.388591,-0.20921,0.254317,0.494631,-0.444982,0.15272,-0.374969
0.43673,0.495544,-0.212858,0.783237,-0.388591,-0.20921,0.254317,0.494631,-0.444982,0.15272,-0.374969,0.204487
0.430516,0.495544,0.783237,-0.388591,-0.20921,0.254317,0.494631,-0.444982,0.15272,-0.374969,0.204487,-0.087745
0.43265,0.495544,-0.388591,-0.20921,0.254317,0.494631,-0.444982,0.15272,-0.374969,0.204487,-0.087745,0.421843
0.42741,0.495544,-0.20921,0.254317,0.494631,-0.444982,0.15272,-0.374969,0.204487,-0.087745,0.421843,-0.150433
0.430271,0.495544,0.254317,0.494631,-0.444982,0.15272,-0.374969,0.204487,-0.087745,0.421843,-0.150433,-0.755633
0.429043,0.495544,0.494631,-0.444982,0.15272,-0.374969,0.204487,-0.087745,0.421843,-0.150433,-0.755633,0.530076
0.43494,0.495544,-0.444982,0.15272,-0.374969,0.204487,-0.087745,0.421843,-0.150433,-0.755633,0.530076,0.25498
0.432842,0.495544,0.15272,-0.374969,0.204487,-0.087745,0.421843,-0.150433,-0.755633,0.530076,0.25498,0.101879
0.422266,0.495544,-0.374969,0.204487,-0.087745,0.421843,-0.150433,-0.755633,0.530076,0.25498,0.101879,-0.173362
0.429696,0.495544,0.204487,-0.087745,0.421843,-0.150433,-0.755633,0.530076,0.25498,0.101879,-0.173362,-0.040884
0.433261,0.495544,-0.087745,0.421843,-0.150433,-0.755633,0.530076,0.25498,0.101879,-0.173362,-0.040884,-0.37529
0.434683,0.495544,0.421843,-0.150433,-0.755633,0.530076,0.25498,0.101879,-0.173362,-0.040884,-0.37529,0.094425
0.432265,0.495544,-0.150433,-0.755633,0.530076,0.25498,0.101879,-0.173362,-0.040884,-0.37529,0.094425,0.337967
0.431694,0.495544,-0.755633,0.530076,0.25498,0.101879,-0.173362,-0.040884,-0.37529,0.094425,0.337967,-0.486916
0.426445,0.495544,0.530076,0.25498,0.101879,-0.173362,-0.040884,-0.37529,0.094425,0.337967,-0.486916,-0.067671
0.427769,0.495544,0.25498,0.101879,-0.173362,-0.040884,-0.37529,0.094425,0.337967,-0.486916,-0.067671,0.235392
0.4325,0.495544,0.101879,-0.173362,-0.040884,-0.37529,0.094425,0.337967,-0.486916,-0.067671,0.235392,0.520624
0.425687,0.495544,-0.173362,-0.040884,-0.37529,0.094425,0.337967,-0.486916,-0.067671,0.235392,0.520624,-0.164855
0.424738,0.495544,-0.040884,-0.37529,0.094425,0.337967,-0.486916,-0.067671,0.235392,0.520624,-0.164855,0.00154
0.428037,0.495544,-0.37529,0.094425,0.337967,-0.486916,-0.067671,0.235392,0.520624,-0.164855,0.00154,-0.407153
0.435315,0.495544,0.094425,0.337967,-0.486916,-0.067671,0.235392,0.520624,-0.164855,0.00154,-0.407153,-0.479333
0.433013,0.495544,0.337967,-0.486916,-0.067671,0.235392,0.520624,-0.164855,0.00154,-0.407153,-0.479333,-0.02241
0.433035,0.495544,-0.486916,-0.067671,0.235392,0.520624,-0.164855,0.00154,-0.407153,-0.479333,-0.02241,0.745468
0.427347,0.492432,-0.067671,0.235392,0.520624,-0.164855,0.00154,-0.407153,-0.479333,-0.02241,0.745468,-0.286047
0.420619,0.492432,0.235392,0.520624,-0.164855,0.00154,-0.407153,-0.479333,-0.02241,0.745468,-0.286047,-0.266911
0.420303,0.492432,0.520624,-0.164855,0.00154,-0.407153,-0.479333,-0.02241,0.745468,-0.286047,-0.266911,-0.144327
0.430772,0.492432,-0.164855,0.00154,-0.407153,-0.479333,-0.02241,0.745468,-0.286047,-0.266911,-0.144327,0.432102
0.426769,0.492432,0.00154,-0.407153,-0.479333,-0.02241,0.745468,-0.286047,-0.266911,-0.144327,0.432102,-0.094848
0.423026,0.492432,-0.407153,-0.479333,-0.02241,0.745468,-0.286047,-0.266911,-0.144327,0.432102,-0.094848,0.283036
0.420997,0.492432,-0.479333,-0.02241,0.745468,-0.286047,-0.266911,-0.144327,0.432102,-0.094848,0.283036,-0.004158
0.42707,0.492432,-0.02241,0.745468,-0.286047,-0.266911,-0.144327,0.432102,-0.094848,0.283036,-0.004158,0.085986
0.425739,0.492432,0.745468,-0.286047,-0.266911,-0.144327,0.432102,-0.094848,0.283036,-0.004158,0.085986,0.053599
0.429703,0.492432,-0.286047,-0.266911,-0.144327,0.432102,-0.094848,0.283036,-0.004158,0.085986,0.053599,0.647463
0.429645,0.492432,-0.266911,-0.144327,0.432102,-0.094848,0.283036,-0.004158,0.085986,0.053599,0.647463,-0.355931
0.430847,0.492432,-0.144327,0.432102,-0.094848,0.283036,-0.004158,0.085986,0.053599,0.647463,-0.355931,-0.211899
0.431596,0.492432,0.432102,-0.094848,0.283036,-0.004158,0.085986,0.053599,0.647463,-0.355931,-0.211899,0.261947
0.440622,0.492432,-0.094848,0.283036,-0.004158,0.085986,0.053599,0.647463,-0.355931,-0.211899,0.261947,0.379045
0.435673,0.492432,0.283036,-0.004158,0.085986,0.053599,0.647463,-0.355931,-0.211899,0.261947,0.379045,-0.138676
0.432721,0.492432,-0.004158,0.085986,0.053599,0.647463,-0.355931,-0.211899,0.261947,0.379045,-0.138676,0.161235
0.436371,0.492432,0.085986,0.053599,0.647463,-0.355931,-0.211899,0.261947,0.379045,-0.138676,0.161235,-0.046174
0.441642,0.492432,0.053599,0.647463,-0.355931,-0.211899,0.261947,0.379045,-0.138676,0.161235,-0.046174,-0.076647
0.439715,0.492432,0.647463,-0.355931,-0.211899,0.261947,0.379045,-0.138676,0.161235,-0.046174,-0.076647,-0.100025
0.441953,0.492432,-0.355931,-0.211899,0.261947,0.379045,-0.138676,0.161235,-0.046174,-0.076647,-0.100025,0.370191
0.441313,0.492432,-0.211899,0.261947,0.379045,-0.138676,0.161235,-0.046174,-0.076647,-0.100025,0.370191,-0.506929
0.44025,0.492432,0.261947,0.379045,-0.138676,0.161235,-0.046174,-0.076647,-0.100025,0.370191,-0.506929,-0.124596
0.438859,0.492432,0.379045,-0.138676,0.161235,-0.046174,-0.076647,-0.100025,0.370191,-0.506929,-0.124596,0.211941
0.444001,0.492432,-0.138676,0.161235,-0.046174,-0.076647,-0.100025,0.370191,-0.506929,-0.124596,0.211941,0.49299
0.436963,0.492432,0.161235,-0.046174,-0.076647,-0.100025,0.370191,-0.506929,-0.124596,0.211941,0.49299,-0.064323
0.43523,0.492432,-0.046174,-0.076647,-0.100025,0.370191,-0.506929,-0.124596,0.211941,0.49299,-0.064323,0.163142
0.438178,0.492432,-0.076647,-0.100025,0.370191,-0.506929,-0.124596,0.211941,0.49299,-0.064323,0.163142,0.019819
0.445023,0.492432,-0.100025,0.370191,-0.506929,-0.124596,0.211941,0.49299,-0.064323,0.163142,0.019819,0.011969
0.444131,0.492432,0.370191,-0.506929,-0.124596,0.211941,0.49299,-0.064323,0.163142,0.019819,0.011969,0.034634
0.446389,0.492432,-0.506929,-0.124596,0.211941,0.49299,-0.064323,0.163142,0.019819,0.011969,0.034634,0.660596
0.446662,0.492432,-0.124596,0.211941,0.49299,-0.064323,0.163142,0.019819,0.011969,0.034634,0.660596,-0.294479
0.446828,0.492432,0.211941,0.49299,-0.064323,0.163142,0.019819,0.011969,0.034634,0.660596,-0.294479,-0.285605
0.447307,0.492432,0.49299,-0.064323,0.163142,0.019819,0.011969,0.034634,0.660596,-0.294479,-0.285605,0.19296
0.456416,0.492432,-0.064323,0.163142,0.019819,0.011969,0.034634,0.660596,-0.294479,-0.285605,0.19296,0.393915
0.452367,0.492432,0.163142,0.019819,0.011969,0.034634,0.660596,-0.294479,-0.285605,0.19296,0.393915,-0.419319
0.448432,0.492432,0.019819,0.011969,0.034634,0.660596,-0.294479,-0.285605,0.19296,0.393915,-0.419319,0.151613
0.451093,0.492432,0.011969,0.034634,0.660596,-0.294479,-0.285605,0.19296,0.393915,-0.419319,0.151613,-0.433191
0.456515,0.492432,0.034634,0.660596,-0.294479,-0.285605,0.19296,0.393915,-0.419319,0.151613,-0.433191,0.121081
0.45074,0.492432,0.660596,-0.294479,-0.285605,0.19296,0.393915,-0.419319,0.151613,-0.433191,0.121081,-0.060167
0.452829,0.492432,-0.294479,-0.285605,0.19296,0.393915,-0.419319,0.151613,-0.433191,0.121081,-0.060167,0.801317
0.446859,0.492432,-0.285605,0.19296,0.393915,-0.419319,0.151613,-0.433191,0.121081,-0.060167,0.801317,-0.444592
0.44853,0.492432,0.19296,0.393915,-0.419319,0.151613,-0.433191,0.121081,-0.060167,0.801317,-0.444592,-0.123521
0.447699,0.492432,0.393915,-0.419319,0.151613,-0.433191,0.121081,-0.060167,0.801317,-0.444592,-0.123521,0.093072
0.458738,0.492432,-0.419319,0.151613,-0.433191,0.121081,-0.060167,0.801317,-0.444592,-0.123521,0.093072,-0.032449
0.452631,0.492432,0.151613,-0.433191,0.121081,-0.060167,0.801317,-0.444592,-0.123521,0.093072,-0.032449,-0.145662
0.450931,0.492432,-0.433191,0.121081,-0.060167,0.801317,-0.444592,-0.123521,0.093072,-0.032449,-0.145662,0.132086
0.452212,0.492432,0.121081,-0.060167,0.801317,-0.444592,-0.123521,0.093072,-0.032449,-0.145662,0.132086,0.024964
0.451765,0.492432,-0.060167,0.801317,-0.444592,-0.123521,0.093072,-0.032449,-0.145662,0.132086,0.024964,-0.03135
0.449755,0.492432,0.801317,-0.444592,-0.123521,0.093072,-0.032449,-0.145662,0.132086,0.024964,-0.03135,0.086961
0.451576,0.492432,-0.444592,-0.123521,0.093072,-0.032449,-0.145662,0.132086,0.024964,-0.03135,0.086961,0.595363
0.451919,0.492432,-0.123521,0.093072,-0.032449,-0.145662,0.132086,0.024964,-0.03135,0.086961,0.595363,-0.301593
0.451488,0.492432,0.093072,-0.032449,-0.145662,0.132086,0.024964,-0.03135,0.086961,0.595363,-0.301593,-0.278477
0.452686,0.492432,-0.032449,-0.145662,0.132086,0.024964,-0.03135,0.086961,0.595363,-0.301593,-0.278477,0.237847
0.460868,0.492432,-0.145662,0.132086,0.024964,-0.03135,0.086961,0.595363,-0.301593,-0.278477,0.237847,0.431575
0.456734,0.492432,0.132086,0.024964,-0.03135,0.086961,0.595363,-0.301593,-0.278477,0.237847,0.431575,-0.177166
0.452909,0.492432,0.024964,-0.03135,0.086961,0.595363,-0.301593,-0.278477,0.237847,0.431575,-0.177166,0.111353
0.456178,0.492432,-0.03135,0.086961,0.595363,-0.301593,-0.278477,0.237847,0.431575,-0.177166,0.111353,-0.086544
0.462097,0.492432,0.086961,0.595363,-0.301593,-0.278477,0.237847,0.431575,-0.177166,0.111353,-0.086544,-0.085922
0.459669,0.492432,0.595363,-0.301593,-0.278477,0.237847,0.431575,-0.177166,0.111353,-0.086544,-0.085922,0.019565
0.461194,0.492432,-0.301593,-0.278477,0.237847,0.431575,-0.177166,0.111353,-0.086544,-0.085922,0.019565,0.57914
0.46001,0.492432,-0.278477,0.237847,0.431575,-0.177166,0.111353,-0.086544,-0.085922,0.019565,0.57914,-0.348875
0.458833,0.492432,0.237847,0.431575,-0.177166,0.111353,-0.086544,-0.085922,0.019565,0.57914,-0.348875,-0.300929
0.459102,0.492432,0.431575,-0.177166,0.111353,-0.086544,-0.085922,0.019565,0.57914,-0.348875,-0.300929,0.186391
0.467027,0.492432,-0.177166,0.111353,-0.086544,-0.085922,0.019565,0.57914,-0.348875,-0.300929,0.186391,0.366297
0.462263,0.492432,0.111353,-0.086544,-0.085922,0.019565,0.57914,-0.348875,-0.300929,0.186391,0.366297,-0.168456
0.458145,0.492432,-0.086544,-0.085922,0.019565,0.57914,-0.348875,-0.300929,0.186391,0.366297,-0.168456,0.097808
0.460698,0.492432,-0.085922,0.019565,0.57914,-0.348875,-0.300929,0.186391,0.366297,-0.168456,0.097808,-0.0527
0.465708,0.475067,0.019565,0.57914,-0.348875,-0.300929,0.186391,0.366297,-0.168456,0.097808,-0.0527,-0.096724
0.463406,0.475067,0.57914,-0.348875,-0.300929,0.186391,0.366297,-0.168456,0.097808,-0.0527,-0.096724,-0.126883
0.464742,0.475067,-0.348875,-0.300929,0.186391,0.366297,-0.168456,0.097808,-0.0527,-0.096724,-0.126883,-0.026448
0.464022,0.475067,-0.300929,0.186391,0.366297,-0.168456,0.097808,-0.0527,-0.096724,-0.126883,-0.026448,-0.34975
0.462701,0.475067,0.186391,0.366297,-0.168456,0.097808,-0.0527,-0.096724,-0.126883,-0.026448,-0.34975,-0.683018
0.460964,0.475067,0.366297,-0.168456,0.097808,-0.0527,-0.096724,-0.126883,-0.026448,-0.34975,-0.683018,0.469331
0.460602,0.475067,-0.168456,0.097808,-0.0527,-0.096724,-0.126883,-0.026448,-0.34975,-0.683018,0.469331,0.111028
0.455805,0.475067,0.097808,-0.0527,-0.096724,-0.126883,-0.026448,-0.34975,-0.683018,0.469331,0.111028,0.007024
0.4464,0.475067,-0.0527,-0.096724,-0.126883,-0.026448,-0.34975,-0.683018,0.469331,0.111028,0.007024,-0.288707
0.452872,0.475067,-0.096724,-0.126883,-0.026448,-0.34975,-0.683018,0.469331,0.111028,0.007024,-0.288707,-0.421758
0.4544,0.475067,-0.126883,-0.026448,-0.34975,-0.683018,0.469331,0.111028,0.007024,-0.288707,-0.421758,-0.147936
0.454497,0.475067,-0.026448,-0.34975,-0.683018,0.469331,0.111028,0.007024,-0.288707,-0.421758,-0.147936,0.133363
0.450522,0.475067,-0.34975,-0.683018,0.469331,0.111028,0.007024,-0.288707,-0.421758,-0.147936,0.133363,0.7381
0.444701,0.475067,-0.683018,0.469331,0.111028,0.007024,-0.288707,-0.421758,-0.147936,0.133363,0.7381,-0.3413
0.442652,0.475067,0.469331,0.111028,0.007024,-0.288707,-0.421758,-0.147936,0.133363,0.7381,-0.3413,-0.2606
0.444501,0.475067,0.111028,0.007024,-0.288707,-0.421758,-0.147936,0.133363,0.7381,-0.3413,-0.2606,-0.247376
0.454695,0.475067,0.007024,-0.288707,-0.421758,-0.147936,0.133363,0.7381,-0.3413,-0.2606,-0.247376,0.374073
0.449996,0.475067,-0.288707,-0.421758,-0.147936,0.133363,0.7381,-0.3413,-0.2606,-0.247376,0.374073,-0.135388
0.4464,0.475067,-0.421758,-0.147936,0.133363,0.7381,-0.3413,-0.2606,-0.247376,0.374073,-0.135388,0.18784
0.442978,0.475067,-0.147936,0.133363,0.7381,-0.3413,-0.2606,-0.247376,0.374073,-0.135388,0.18784,-0.027625
0.448157,0.475067,0.133363,0.7381,-0.3413,-0.2606,-0.247376,0.374073,-0.135388,0.18784,-0.027625,-0.011889
0.446284,0.475067,0.7381,-0.3413,-0.2606,-0.247376,0.374073,-0.135388,0.18784,-0.027625,-0.011889,-0.05067
0.448879,0.475067,-0.3413,-0.2606,-0.247376,0.374073,-0.135388,0.18784,-0.027625,-0.011889,-0.05067,0.68037
0.448498,0.475067,-0.2606,-0.247376,0.374073,-0.135388,0.18784,-0.027625,-0.011889,-0.05067,0.68037,-0.414503
0.448334,0.475067,-0.247376,0.374073,-0.135388,0.18784,-0.027625,-0.011889,-0.05067,0.68037,-0.414503,-0.208971
0.447633,0.475067,0.374073,-0.135388,0.18784,-0.027625,-0.011889,-0.05067,0.68037,-0.414503,-0.208971,0.183413
0.457012,0.475067,-0.135388,0.18784,-0.027625,-0.011889,-0.05067,0.68037,-0.414503,-0.208971,0.183413,0.413091
0.451312,0.475067,0.18784,-0.027625,-0.011889,-0.05067,0.68037,-0.414503,-0.208971,0.183413,0.413091,-0.146791
0.448432,0.475067,-0.027625,-0.011889,-0.05067,0.68037,-0.414503,-0.208971,0.183413,0.413091,-0.146791,0.075953
0.450961,0.475067,-0.011889,-0.05067,0.68037,-0.414503,-0.208971,0.183413,0.413091,-0.146791,0.075953,-0.066429
0.456648,0.475067,-0.05067,0.68037,-0.414503,-0.208971,0.183413,0.413091,-0.146791,0.075953,-0.066429,-0.060599
0.454629,0.475586,0.68037,-0.414503,-0.208971,0.183413,0.413091,-0.146791,0.075953,-0.066429,-0.060599,0.05832
0.455673,0.475586,-0.414503,-0.208971,0.183413,0.413091,-0.146791,0.075953,-0.066429,-0.060599,0.05832,0.602919
0.454761,0.475586,-0.208971,0.183413,0.413091,-0.146791,0.075953,-0.066429,-0.060599,0.05832,0.602919,-0.36579
0.453928,0.475586,0.183413,0.413091,-0.146791,0.075953,-0.066429,-0.060599,0.05832,0.602919,-0.36579,-0.226172
0.45473,0.475586,0.413091,-0.146791,0.075953,-0.066429,-0.060599,0.05832,0.602919,-0.36579,-0.226172,0.209607
0.463004,0.475586,-0.146791,0.075953,-0.066429,-0.060599,0.05832,0.602919,-0.36579,-0.226172,0.209607,0.369311
0.457996,0.475586,0.075953,-0.066429,-0.060599,0.05832,0.602919,-0.36579,-0.226172,0.209607,0.369311,-0.14821
0.454893,0.475586,-0.066429,-0.060599,0.05832,0.602919,-0.36579,-0.226172,0.209607,0.369311,-0.14821,0.160642
0.45777,0.475586,-0.060599,0.05832,0.602919,-0.36579,-0.226172,0.209607,0.369311,-0.14821,0.160642,-0.272176
0.462831,0.475586,0.05832,0.602919,-0.36579,-0.226172,0.209607,0.369311,-0.14821,0.160642,-0.272176,-0.264648
0.460802,0.475586,0.602919,-0.36579,-0.226172,0.209607,0.369311,-0.14821,0.160642,-0.272176,-0.264648,-0.138614
0.462999,0.475586,-0.36579,-0.226172,0.209607,0.369311,-0.14821,0.160642,-0.272176,-0.264648,-0.138614,0.738389
0.459277,0.475586,-0.226172,0.209607,0.369311,-0.14821,0.160642,-0.272176,-0.264648,-0.138614,0.738389,-0.400341
0.455648,0.475586,0.209607,0.369311,-0.14821,0.160642,-0.272176,-0.264648,-0.138614,0.738389,-0.400341,-0.211853
0.453741,0.475586,0.369311,-0.14821,0.160642,-0.272176,-0.264648,-0.138614,0.738389,-0.400341,-0.211853,0.209812
0.463874,0.475586,-0.14821,0.160642,-0.272176,-0.264648,-0.138614,0.738389,-0.400341,-0.211853,0.209812,0.506782
0.458395,0.475586,0.160642,-0.272176,-0.264648,-0.138614,0.738389,-0.400341,-0.211853,0.209812,0.506782,-0.178114
0.455489,0.475586,-0.272176,-0.264648,-0.138614,0.738389,-0.400341,-0.211853,0.209812,0.506782,-0.178114,0.146787
0.458368,0.475586,-0.264648,-0.138614,0.738389,-0.400341,-0.211853,0.209812,0.506782,-0.178114,0.146787,-0.23898
0.465306,0.475586,-0.138614,0.738389,-0.400341,-0.211853,0.209812,0.506782,-0.178114,0.146787,-0.23898,-0.222441
0.462871,0.475586,0.738389,-0.400341,-0.211853,0.209812,0.506782,-0.178114,0.146787,-0.23898,-0.222441,-0.20238
0.464876,0.475586,-0.400341,-0.211853,0.209812,0.506782,-0.178114,0.146787,-0.23898,-0.222441,-0.20238,0.736744
0.461612,0.475586,-0.211853,0.209812,0.506782,-0.178114,0.146787,-0.23898,-0.222441,-0.20238,0.736744,-0.392048
0.458567,0.475586,0.209812,0.506782,-0.178114,0.146787,-0.23898,-0.222441,-0.20238,0.736744,-0.392048,-0.17877
0.455788,0.475586,0.506782,-0.178114,0.146787,-0.23898,-0.222441,-0.20238,0.736744,-0.392048,-0.17877,0.205866
0.465885,0.475586,-0.178114,0.146787,-0.23898,-0.222441,-0.20238,0.736744,-0.392048,-0.17877,0.205866,0.141211
0.460527,0.475586,0.146787,-0.23898,-0.222441,-0.20238,0.736744,-0.392048,-0.17877,0.205866,0.141211,-0.026422
0.458079,0.475586,-0.23898,-0.222441,-0.20238,0.736744,-0.392048,-0.17877,0.205866,0.141211,-0.026422,-0.379961
0.460898,0.475586,-0.222441,-0.20238,0.736744,-0.392048,-0.17877,0.205866,0.141211,-0.026422,-0.379961,0.263804
0.462831,0.475586,-0.20238,0.736744,-0.392048,-0.17877,0.205866,0.141211,-0.026422,-0.379961,0.263804,-0.129884
0.46247,0.475586,0.736744,-0.392048,-0.17877,0.205866,0.141211,-0.026422,-0.379961,0.263804,-0.129884,0.238274
0.457265,0.475586,-0.392048,-0.17877,0.205866,0.141211,-0.026422,-0.379961,0.263804,-0.129884,0.238274,0.479308
0.460878,0.475586,-0.17877,0.205866,0.141211,-0.026422,-0.379961,0.263804,-0.129884,0.238274,0.479308,-0.261593
0.459099,0.475586,0.205866,0.141211,-0.026422,-0.379961,0.263804,-0.129884,0.238274,0.479308,-0.261593,-0.268541
0.462364,0.475586,0.141211,-0.026422,-0.379961,0.263804,-0.129884,0.238274,0.479308,-0.261593,-0.268541,0.221866
0.468911,0.475586,-0.026422,-0.379961,0.263804,-0.129884,0.238274,0.479308,-0.261593,-0.268541,0.221866,0.423324
0.465346,0.475586,-0.379961,0.263804,-0.129884,0.238274,0.479308,-0.261593,-0.268541,0.221866,0.423324,-0.219089
0.461679,0.475586,0.263804,-0.129884,0.238274,0.479308,-0.261593,-0.268541,0.221866,0.423324,-0.219089,0.213197
0.46471,0.475586,-0.129884,0.238274,0.479308,-0.261593,-0.268541,0.221866,0.423324,-0.219089,0.213197,-0.102838
0.470483,0.475586,0.238274,0.479308,-0.261593,-0.268541,0.221866,0.423324,-0.219089,0.213197,-0.102838,-0.073363
0.467497,0.475586,0.479308,-0.261593,-0.268541,0.221866,0.423324,-0.219089,0.213197,-0.102838,-0.073363,0.004059
0.4704,0.475586,-0.261593,-0.268541,0.221866,0.423324,-0.219089,0.213197,-0.102838,-0.073363,0.004059,0.660864
0.469001,0.475586,-0.268541,0.221866,0.423324,-0.219089,0.213197,-0.102838,-0.073363,0.004059,0.660864,-0.385048
0.468003,0.475586,0.221866,0.423324,-0.219089,0.213197,-0.102838,-0.073363,0.004059,0.660864,-0.385048,-0.281855
0.468058,0.475586,0.423324,-0.219089,0.213197,-0.102838,-0.073363,0.004059,0.660864,-0.385048,-0.281855,0.204378
0.477043,0.475586,-0.219089,0.213197,-0.102838,-0.073363,0.004059,0.660864,-0.385048,-0.281855,0.204378,0.442965
0.471821,0.475586,0.213197,-0.102838,-0.073363,0.004059,0.660864,-0.385048,-0.281855,0.204378,0.442965,-0.196482
0.467989,0.475586,-0.102838,-0.073363,0.004059,0.660864,-0.385048,-0.281855,0.204378,0.442965,-0.196482,0.126124
0.47077,0.475586,-0.073363,0.004059,0.660864,-0.385048,-0.281855,0.204378,0.442965,-0.196482,0.126124,-0.018428
0.476785,0.475586,0.004059,0.660864,-0.385048,-0.281855,0.204378,0.442965,-0.196482,0.126124,-0.018428,-0.229929
0.474119,0.475586,0.660864,-0.385048,-0.281855,0.204378,0.442965,-0.196482,0.126124,-0.018428,-0.229929,-0.239526
0.475829,0.475586,-0.385048,-0.281855,0.204378,0.442965,-0.196482,0.126124,-0.018428,-0.229929,-0.239526,0.44647
0.475579,0.475586,-0.281855,0.204378,0.442965,-0.196482,0.126124,-0.018428,-0.229929,-0.239526,0.44647,-0.254426
0.472462,0.475586,0.204378,0.442965,-0.196482,0.126124,-0.018428,-0.229929,-0.239526,0.44647,-0.254426,-0.24716
0.469202,0.475586,0.442965,-0.196482,0.126124,-0.018428,-0.229929,-0.239526,0.44647,-0.254426,-0.24716,0.234422
0.475274,0.475586,-0.196482,0.126124,-0.018428,-0.229929,-0.239526,0.44647,-0.254426,-0.24716,0.234422,0.448685
0.471821,0.475586,0.126124,-0.018428,-0.229929,-0.239526,0.44647,-0.254426,-0.24716,0.234422,0.448685,-0.171758
0.468462,0.475586,-0.018428,-0.229929,-0.239526,0.44647,-0.254426,-0.24716,0.234422,0.448685,-0.171758,0.156847
0.471649,0.475586,-0.229929,-0.239526,0.44647,-0.254426,-0.24716,0.234422,0.448685,-0.171758,0.156847,-0.038627
0.477738,0.475586,-0.239526,0.44647,-0.254426,-0.24716,0.234422,0.448685,-0.171758,0.156847,-0.038627,-0.085229
0.47541,0.475586,0.44647,-0.254426,-0.24716,0.234422,0.448685,-0.171758,0.156847,-0.038627,-0.085229,0.053351
0.477534,0.475586,-0.254426,-0.24716,0.234422,0.448685,-0.171758,0.156847,-0.038627,-0.085229,0.053351,0.601556
0.477011,0.475586,-0.24716,0.234422,0.448685,-0.171758,0.156847,-0.038627,-0.085229,0.053351,0.601556,-0.359942
0.475858,0.475586,0.234422,0.448685,-0.171758,0.156847,-0.038627,-0.085229,0.053351,0.601556,-0.359942,-0.286282
0.476581,0.475586,0.448685,-0.171758,0.156847,-0.038627,-0.085229,0.053351,0.601556,-0.359942,-0.286282,0.207128
0.484715,0.475586,-0.171758,0.156847,-0.038627,-0.085229,0.053351,0.601556,-0.359942,-0.286282,0.207128,0.362633
0.479859,0.475586,0.156847,-0.038627,-0.085229,0.053351,0.601556,-0.359942,-0.286282,0.207128,0.362633,-0.19875
0.475988,0.475586,-0.038627,-0.085229,0.053351,0.601556,-0.359942,-0.286282,0.207128,0.362633,-0.19875,0.118374
0.478791,0.475586,-0.085229,0.053351,0.601556,-0.359942,-0.286282,0.207128,0.362633,-0.19875,0.118374,-0.033798
0.48369,0.475586,0.053351,0.601556,-0.359942,-0.286282,0.207128,0.362633,-0.19875,0.118374,-0.033798,-0.101744
0.481006,0.475586,0.601556,-0.359942,-0.286282,0.207128,0.362633,-0.19875,0.118374,-0.033798,-0.101744,0.007707
0.482604,0.475586,-0.359942,-0.286282,0.207128,0.362633,-0.19875,0.118374,-0.033798,-0.101744,0.007707,0.602019
0.482148,0.475586,-0.286282,0.207128,0.362633,-0.19875,0.118374,-0.033798,-0.101744,0.007707,0.602019,-0.362661
0.480775,0.456177,0.207128,0.362633,-0.19875,0.118374,-0.033798,-0.101744,0.007707,0.602019,-0.362661,-0.278497
0.480879,0.456177,0.362633,-0.19875,0.118374,-0.033798,-0.101744,0.007707,0.602019,-0.362661,-0.278497,0.172964
0.488996,0.456177,-0.19875,0.118374,-0.033798,-0.101744,0.007707,0.602019,-0.362661,-0.278497,0.172964,0.400989
0.484117,0.456177,0.118374,-0.033798,-0.101744,0.007707,0.602019,-0.362661,-0.278497,0.172964,0.400989,-0.200211
0.480363,0.456177,-0.033798,-0.101744,0.007707,0.602019,-0.362661,-0.278497,0.172964,0.400989,-0.200211,0.053063
0.482697,0.456177,-0.101744,0.007707,0.602019,-0.362661,-0.278497,0.172964,0.400989,-0.200211,0.053063,-0.059604
0.488099,0.456177,0.007707,0.602019,-0.362661,-0.278497,0.172964,0.400989,-0.200211,0.053063,-0.059604,-0.046387
0.485403,0.456177,0.602019,-0.362661,-0.278497,0.172964,0.400989,-0.200211,0.053063,-0.059604,-0.046387,-0.038606
0.486118,0.456177,-0.362661,-0.278497,0.172964,0.400989,-0.200211,0.053063,-0.059604,-0.046387,-0.038606,0.580379
0.485316,0.456177,-0.278497,0.172964,0.400989,-0.200211,0.053063,-0.059604,-0.046387,-0.038606,0.580379,-0.400528
0.484692,0.456177,0.172964,0.400989,-0.200211,0.053063,-0.059604,-0.046387,-0.038606,0.580379,-0.400528,-0.346138
0.484171,0.456177,0.400989,-0.200211,0.053063,-0.059604,-0.046387,-0.038606,0.580379,-0.400528,-0.346138,-0.253606
0.491979,0.456177,-0.200211,0.053063,-0.059604,-0.046387,-0.038606,0.580379,-0.400528,-0.346138,-0.253606,0.337018
0.486601,0.456177,0.053063,-0.059604,-0.046387,-0.038606,0.580379,-0.400528,-0.346138,-0.253606,0.337018,-0.460807
0.481942,0.456177,-0.059604,-0.046387,-0.038606,0.580379,-0.400528,-0.346138,-0.253606,0.337018,-0.460807,0.167556
0.478517,0.456177,-0.046387,-0.038606,0.580379,-0.400528,-0.346138,-0.253606,0.337018,-0.460807,0.167556,-0.411327
0.483072,0.456177,-0.038606,0.580379,-0.400528,-0.346138,-0.253606,0.337018,-0.460807,0.167556,-0.411327,0.156004
0.476839,0.456177,0.580379,-0.400528,-0.346138,-0.253606,0.337018,-0.460807,0.167556,-0.411327,0.156004,-0.14179
0.479106,0.456177,-0.400528,-0.346138,-0.253606,0.337018,-0.460807,0.167556,-0.411327,0.156004,-0.14179,0.811687
0.473539,0.456177,-0.346138,-0.253606,0.337018,-0.460807,0.167556,-0.411327,0.156004,-0.14179,0.811687,-0.471274
0.475653,0.456177,-0.253606,0.337018,-0.460807,0.167556,-0.411327,0.156004,-0.14179,0.811687,-0.471274,-0.11439
0.473729,0.456177,0.337018,-0.460807,0.167556,-0.411327,0.156004,-0.14179,0.811687,-0.471274,-0.11439,0.141622
0.484715,0.456177,-0.460807,0.167556,-0.411327,0.156004,-0.14179,0.811687,-0.471274,-0.11439,0.141622,0.479881
0.478354,0.456177,0.167556,-0.411327,0.156004,-0.14179,0.811687,-0.471274,-0.11439,0.141622,0.479881,-0.224658
0.476807,0.456177,-0.411327,0.156004,-0.14179,0.811687,-0.471274,-0.11439,0.141622,0.479881,-0.224658,0.09323
0.478722,0.456177,0.156004,-0.14179,0.811687,-0.471274,-0.11439,0.141622,0.479881,-0.224658,0.09323,-0.120529
0.485203,0.456177,-0.14179,0.811687,-0.471274,-0.11439,0.141622,0.479881,-0.224658,0.09323,-0.120529,-0.076281
0.482172,0.456177,0.811687,-0.471274,-0.11439,0.141622,0.479881,-0.224658,0.09323,-0.120529,-0.076281,-0.164037
0.483429,0.456177,-0.471274,-0.11439,0.141622,0.479881,-0.224658,0.09323,-0.120529,-0.076281,-0.164037,0.292729
0.481805,0.456177,-0.11439,0.141622,0.479881,-0.224658,0.09323,-0.120529,-0.076281,-0.164037,0.292729,-0.534736
0.480775,0.456177,0.141622,0.479881,-0.224658,0.09323,-0.120529,-0.076281,-0.164037,0.292729,-0.534736,-0.163852
0.478556,0.456177,0.479881,-0.224658,0.09323,-0.120529,-0.076281,-0.164037,0.292729,-0.534736,-0.163852,0.140843
0.482515,0.456177,-0.224658,0.09323,-0.120529,-0.076281,-0.164037,0.292729,-0.534736,-0.163852,0.140843,0.456405
0.475284,0.456177,0.09323,-0.120529,-0.076281,-0.164037,0.292729,-0.534736,-0.163852,0.140843,0.456405,-0.44414
0.473063,0.456177,-0.120529,-0.076281,-0.164037,0.292729,-0.534736,-0.163852,0.140843,0.456405,-0.44414,0.091238
0.474973,0.456177,-0.076281,-0.164037,0.292729,-0.534736,-0.163852,0.140843,0.456405,-0.44414,0.091238,-0.314342
0.481153,0.459168,-0.164037,0.292729,-0.534736,-0.163852,0.140843,0.456405,-0.44414,0.091238,-0.314342,0.090591
0.475138,0.459168,0.292729,-0.534736,-0.163852,0.140843,0.456405,-0.44414,0.091238,-0.314342,0.090591,-0.081206
0.476374,0.459168,-0.534736,-0.163852,0.140843,0.456405,-0.44414,0.091238,-0.314342,0.090591,-0.081206,0.763336
0.472114,0.459168,-0.163852,0.140843,0.456405,-0.44414,0.091238,-0.314342,0.090591,-0.081206,0.763336,-0.393913
0.473343,0.459168,0.140843,0.456405,-0.44414,0.091238,-0.314342,0.090591,-0.081206,0.763336,-0.393913,-0.229716
0.47224,0.459168,0.456405,-0.44414,0.091238,-0.314342,0.090591,-0.081206,0.763336,-0.393913,-0.229716,0.12096
0.482583,0.459168,-0.44414,0.091238,-0.314342,0.090591,-0.081206,0.763336,-0.393913,-0.229716,0.12096,0.47229
0.477261,0.459168,0.091238,-0.314342,0.090591,-0.081206,0.763336,-0.393913,-0.229716,0.12096,0.47229,-0.213413
0.47415,0.459168,-0.314342,0.090591,-0.081206,0.763336,-0.393913,-0.229716,0.12096,0.47229,-0.213413,0.097496
0.47579,0.459168,0.090591,-0.081206,0.763336,-0.393913,-0.229716,0.12096,0.47229,-0.213413,0.097496,-0.256447
0.482181,0.459168,-0.081206,0.763336,-0.393913,-0.229716,0.12096,0.47229,-0.213413,0.097496,-0.256447,-0.250793
0.479295,0.459168,0.763336,-0.393913,-0.229716,0.12096,0.47229,-0.213413,0.097496,-0.256447,-0.250793,-0.170845
0.480613,0.459168,-0.393913,-0.229716,0.12096,0.47229,-0.213413,0.097496,-0.256447,-0.250793,-0.170845,0.680889
0.477148,0.459168,-0.229716,0.12096,0.47229,-0.213413,0.097496,-0.256447,-0.250793,-0.170845,0.680889,-0.407619
0.47375,0.459168,0.12096,0.47229,-0.213413,0.097496,-0.256447,-0.250793,-0.170845,0.680889,-0.407619,-0.193816
0.471428,0.459168,0.47229,-0.213413,0.097496,-0.256447,-0.250793,-0.170845,0.680889,-0.407619,-0.193816,0.226021
0.480664,0.459168,-0.213413,0.097496,-0.256447,-0.250793,-0.170845,0.680889,-0.407619,-0.193816,0.226021,0.467054
0.475148,0.459168,0.097496,-0.256447,-0.250793,-0.170845,0.680889,-0.407619,-0.193816,0.226021,0.467054,-0.193123
0.472521,0.459168,-0.256447,-0.250793,-0.170845,0.680889,-0.407619,-0.193816,0.226021,0.467054,-0.193123,0.107655
0.475585,0.459168,-0.250793,-0.170845,0.680889,-0.407619,-0.193816,0.226021,0.467054,-0.193123,0.107655,0.047618
0.481907,0.459168,-0.170845,0.680889,-0.407619,-0.193816,0.226021,0.467054,-0.193123,0.107655,0.047618,-0.106585
0.479295,0.459168,0.680889,-0.407619,-0.193816,0.226021,0.467054,-0.193123,0.107655,0.047618,-0.106585,0.04318
0.48075,0.459168,-0.407619,-0.193816,0.226021,0.467054,-0.193123,0.107655,0.047618,-0.106585,0.04318,0.586137
0.481392,0.459168,-0.193816,0.226021,0.467054,-0.193123,0.107655,0.047618,-0.106585,0.04318,0.586137,-0.697785
0.479953,0.459168,0.226021,0.467054,-0.193123,0.107655,0.047618,-0.106585,0.04318,0.586137,-0.697785,-0.134733
0.480537,0.459168,0.467054,-0.193123,0.107655,0.047618,-0.106585,0.04318,0.586137,-0.697785,-0.134733,-0.20076
0.488442,0.459168,-0.193123,0.107655,0.047618,-0.106585,0.04318,0.586137,-0.697785,-0.134733,-0.20076,0.648859
0.479037,0.459168,0.107655,0.047618,-0.106585,0.04318,0.586137,-0.697785,-0.134733,-0.20076,0.648859,-0.385506
0.477216,0.459168,0.047618,-0.106585,0.04318,0.586137,-0.697785,-0.134733,-0.20076,0.648859,-0.385506,0.320613
0.474497,0.459168,-0.106585,0.04318,0.586137,-0.697785,-0.134733,-0.20076,0.648859,-0.385506,0.320613,-0.145724
0.483278,0.459168,0.04318,0.586137,-0.697785,-0.134733,-0.20076,0.648859,-0.385506,0.320613,-0.145724,-0.020227
0.478066,0.459168,0.586137,-0.697785,-0.134733,-0.20076,0.648859,-0.385506,0.320613,-0.145724,-0.020227,-0.344502
0.482397,0.459168,-0.697785,-0.134733,-0.20076,0.648859,-0.385506,0.320613,-0.145724,-0.020227,-0.344502,0.600149
0.480432,0.459168,-0.134733,-0.20076,0.648859,-0.385506,0.320613,-0.145724,-0.020227,-0.344502,0.600149,-0.278247
0.480159,0.459168,-0.20076,0.648859,-0.385506,0.320613,-0.145724,-0.020227,-0.344502,0.600149,-0.278247,-0.190501
0.475493,0.459168,0.648859,-0.385506,0.320613,-0.145724,-0.020227,-0.344502,0.600149,-0.278247,-0.190501,0.222798
0.483614,0.459168,-0.385506,0.320613,-0.145724,-0.020227,-0.344502,0.600149,-0.278247,-0.190501,0.222798,0.460733
0.479859,0.459168,0.320613,-0.145724,-0.020227,-0.344502,0.600149,-0.278247,-0.190501,0.222798,0.460733,-0.179283
0.477284,0.459168,-0.145724,-0.020227,-0.344502,0.600149,-0.278247,-0.190501,0.222798,0.460733,-0.179283,0.145057
0.480296,0.459168,-0.020227,-0.344502,0.600149,-0.278247,-0.190501,0.222798,0.460733,-0.179283,0.145057,-0.008267
0.486512,0.459168,-0.344502,0.600149,-0.278247,-0.190501,0.222798,0.460733,-0.179283,0.145057,-0.008267,-0.102815
0.484095,0.459168,0.600149,-0.278247,-0.190501,0.222798,0.460733,-0.179283,0.145057,-0.008267,-0.102815,0.140208
0.486049,0.459168,-0.278247,-0.190501,0.222798,0.460733,-0.179283,0.145057,-0.008267,-0.102815,0.140208,0.588432
0.485938,0.459168,-0.190501,0.222798,0.460733,-0.179283,0.145057,-0.008267,-0.102815,0.140208,0.588432,-0.34538
0.484554,0.459168,0.222798,0.460733,-0.179283,0.145057,-0.008267,-0.102815,0.140208,0.588432,-0.34538,-0.260956
0.486443,0.459168,0.460733,-0.179283,0.145057,-0.008267,-0.102815,0.140208,0.588432,-0.34538,-0.260956,0.20553
0.494347,0.459168,-0.179283,0.145057,-0.008267,-0.102815,0.140208,0.588432,-0.34538,-0.260956,0.20553,0.41056
0.489718,0.459168,0.145057,-0.008267,-0.102815,0.140208,0.588432,-0.34538,-0.260956,0.20553,0.41056,-0.207498
0.486214,0.459168,-0.008267,-0.102815,0.140208,0.588432,-0.34538,-0.260956,0.20553,0.41056,-0.207498,0.163672
0.488975,0.459168,-0.102815,0.140208,0.588432,-0.34538,-0.260956,0.20553,0.41056,-0.207498,0.163672,-0.060329
0.494484,0.459168,0.140208,0.588432,-0.34538,-0.260956,0.20553,0.41056,-0.207498,0.163672,-0.060329,-0.037332
0.491701,0.459168,0.588432,-0.34538,-0.260956,0.20553,0.41056,-0.207498,0.163672,-0.060329,-0.037332,0.001299
0.493894,0.459168,-0.34538,-0.260956,0.20553,0.41056,-0.207498,0.163672,-0.060329,-0.037332,0.001299,0.317895
0.493087,0.459168,-0.260956,0.20553,0.41056,-0.207498,0.163672,-0.060329,-0.037332,0.001299,0.317895,-0.190661
0.492587,0.459168,0.20553,0.41056,-0.207498,0.163672,-0.060329,-0.037332,0.001299,0.317895,-0.190661,-0.686205
0.492604,0.459168,0.41056,-0.207498,0.163672,-0.060329,-0.037332,0.001299,0.317895,-0.190661,-0.686205,0.416914
0.496862,0.459168,-0.207498,0.163672,-0.060329,-0.037332,0.001299,0.317895,-0.190661,-0.686205,0.416914,0.193106
0.494313,0.459168,0.163672,-0.060329,-0.037332,0.001299,0.317895,-0.190661,-0.686205,0.416914,0.193106,-0.051791
0.485109,0.459168,-0.060329,-0.037332,0.001299,0.317895,-0.190661,-0.686205,0.416914,0.193106,-0.051791,-0.080636
0.49071,0.459168,-0.037332,0.001299,0.317895,-0.190661,-0.686205,0.416914,0.193106,-0.051791,-0.080636,-0.246363
0.4933,0.459168,0.001299,0.317895,-0.190661,-0.686205,0.416914,0.193106,-0.051791,-0.080636,-0.246363,-0.082909
0.492605,0.459168,0.317895,-0.190661,-0.686205,0.416914,0.193106,-0.051791,-0.080636,-0.246363,-0.082909,-0.279011
0.491525,0.459168,-0.190661,-0.686205,0.416914,0.193106,-0.051791,-0.080636,-0.246363,-0.082909,-0.279011,0.677747
0.488221,0.459168,-0.686205,0.416914,0.193106,-0.051791,-0.080636,-0.246363,-0.082909,-0.279011,0.677747,-0.385444
0.487107,0.459168,0.416914,0.193106,-0.051791,-0.080636,-0.246363,-0.082909,-0.279011,0.677747,-0.385444,-0.193188
0.483347,0.459168,0.193106,-0.051791,-0.080636,-0.246363,-0.082909,-0.279011,0.677747,-0.385444,-0.193188,-0.229807
0.492466,0.459168,-0.051791,-0.080636,-0.246363,-0.082909,-0.279011,0.677747,-0.385444,-0.193188,-0.229807,0.554329
0.487293,0.459168,-0.080636,-0.246363,-0.082909,-0.279011,0.677747,-0.385444,-0.193188,-0.229807,0.554329,-0.226125
0.484695,0.459168,-0.246363,-0.082909,-0.279011,0.677747,-0.385444,-0.193188,-0.229807,0.554329,-0.226125,0.238671
0.481598,0.459168,-0.082909,-0.279011,0.677747,-0.385444,-0.193188,-0.229807,0.554329,-0.226125,0.238671,-0.039237
0.489067,0.459168,-0.279011,0.677747,-0.385444,-0.193188,-0.229807,0.554329,-0.226125,0.238671,-0.039237,0.020077
0.486024,0.459168,0.677747,-0.385444,-0.193188,-0.229807,0.554329,-0.226125,0.238671,-0.039237,0.020077,0.012001
0.489232,0.459168,-0.385444,-0.193188,-0.229807,0.554329,-0.226125,0.238671,-0.039237,0.020077,0.012001,0.707172
0.488706,0.459168,-0.193188,-0.229807,0.554329,-0.226125,0.238671,-0.039237,0.020077,0.012001,0.707172,-0.446882
0.488975,0.459168,-0.229807,0.554329,-0.226125,0.238671,-0.039237,0.020077,0.012001,0.707172,-0.446882,-0.174413
0.489137,0.459168,0.554329,-0.226125,0.238671,-0.039237,0.020077,0.012001,0.707172,-0.446882,-0.174413,0.1653
0.498614,0.457855,-0.226125,0.238671,-0.039237,0.020077,0.012001,0.707172,-0.446882,-0.174413,0.1653,0.476035
0.492639,0.457855,0.238671,-0.039237,0.020077,0.012001,0.707172,-0.446882,-0.174413,0.1653,0.476035,-0.240362
0.490302,0.457855,-0.039237,0.020077,0.012001,0.707172,-0.446882,-0.174413,0.1653,0.476035,-0.240362,0.107616
0.492518,0.457855,0.020077,0.012001,0.707172,-0.446882,-0.174413,0.1653,0.476035,-0.240362,0.107616,-0.076388
0.498887,0.457855,0.012001,0.707172,-0.446882,-0.174413,0.1653,0.476035,-0.240362,0.107616,-0.076388,-0.03776
0.495674,0.457855,0.707172,-0.446882,-0.174413,0.1653,0.476035,-0.240362,0.107616,-0.076388,-0.03776,0.006142
0.497112,0.457855,-0.446882,-0.174413,0.1653,0.476035,-0.240362,0.107616,-0.076388,-0.03776,0.006142,0.632016
0.496092,0.457855,-0.174413,0.1653,0.476035,-0.240362,0.107616,-0.076388,-0.03776,0.006142,0.632016,-0.718472
0.495587,0.457855,0.1653,0.476035,-0.240362,0.107616,-0.076388,-0.03776,0.006142,0.632016,-0.718472,-0.096924
0.495669,0.457855,0.476035,-0.240362,0.107616,-0.076388,-0.03776,0.006142,0.632016,-0.718472,-0.096924,-0.193033
0.504105,0.457855,-0.240362,0.107616,-0.076388,-0.03776,0.006142,0.632016,-0.718472,-0.096924,-0.193033,0.642212
0.494523,0.457855,0.107616,-0.076388,-0.03776,0.006142,0.632016,-0.718472,-0.096924,-0.193033,0.642212,-0.386479
0.493226,0.457855,-0.076388,-0.03776,0.006142,0.632016,-0.718472,-0.096924,-0.193033,0.642212,-0.386479,0.364307
0.49064,0.457855,-0.03776,0.006142,0.632016,-0.718472,-0.096924,-0.193033,0.642212,-0.386479,0.364307,-0.160714
0.499238,0.457855,0.006142,0.632016,-0.718472,-0.096924,-0.193033,0.642212,-0.386479,0.364307,-0.160714,0.088047
0.494068,0.457855,0.632016,-0.718472,-0.096924,-0.193033,0.642212,-0.386479,0.364307,-0.160714,0.088047,-0.104011
0.498936,0.457855,-0.718472,-0.096924,-0.193033,0.642212,-0.386479,0.364307,-0.160714,0.088047,-0.104011,0.814494
0.496792,0.457855,-0.096924,-0.193033,0.642212,-0.386479,0.364307,-0.160714,0.088047,-0.104011,0.814494,-0.464548
0.497968,0.457855,-0.193033,0.642212,-0.386479,0.364307,-0.160714,0.088047,-0.104011,0.814494,-0.464548,-0.171941
0.496577,0.457855,0.642212,-0.386479,0.364307,-0.160714,0.088047,-0.104011,0.814494,-0.464548,-0.171941,0.146386
0.507434,0.457855,-0.386479,0.364307,-0.160714,0.088047,-0.104011,0.814494,-0.464548,-0.171941,0.146386,0.472433
0.501259,0.457855,0.364307,-0.160714,0.088047,-0.104011,0.814494,-0.464548,-0.171941,0.146386,0.472433,-0.270293
0.498968,0.457855,-0.160714,0.088047,-0.104011,0.814494,-0.464548,-0.171941,0.146386,0.472433,-0.270293,0.142111
0.500919,0.457855,0.088047,-0.104011,0.814494,-0.464548,-0.171941,0.146386,0.472433,-0.270293,0.142111,-0.066791
0.507206,0.457855,-0.104011,0.814494,-0.464548,-0.171941,0.146386,0.472433,-0.270293,0.142111,-0.066791,-0.070979
0.503611,0.457855,0.814494,-0.464548,-0.171941,0.146386,0.472433,-0.270293,0.142111,-0.066791,-0.070979,0.010578
0.5055,0.457855,-0.464548,-0.171941,0.146386,0.472433,-0.270293,0.142111,-0.066791,-0.070979,0.010578,0.589095
0.504613,0.457855,-0.171941,0.146386,0.472433,-0.270293,0.142111,-0.066791,-0.070979,0.010578,0.589095,-0.345089
0.50367,0.457855,0.146386,0.472433,-0.270293,0.142111,-0.066791,-0.070979,0.010578,0.589095,-0.345089,-0.23776
0.503811,0.457855,0.472433,-0.270293,0.142111,-0.066791,-0.070979,0.010578,0.589095,-0.345089,-0.23776,0.147456
0.511633,0.457855,-0.270293,0.142111,-0.066791,-0.070979,0.010578,0.589095,-0.345089,-0.23776,0.147456,0.454964
0.507061,0.457855,0.142111,-0.066791,-0.070979,0.010578,0.589095,-0.345089,-0.23776,0.147456,0.454964,-0.245701
0.503905,0.457855,-0.066791,-0.070979,0.010578,0.589095,-0.345089,-0.23776,0.147456,0.454964,-0.245701,-0.119178
0.505864,0.457855,-0.070979,0.010578,0.589095,-0.345089,-0.23776,0.147456,0.454964,-0.245701,-0.119178,-0.173795
0.511898,0.457855,0.010578,0.589095,-0.345089,-0.23776,0.147456,0.454964,-0.245701,-0.119178,-0.173795,-0.246096
0.508641,0.457855,0.589095,-0.345089,-0.23776,0.147456,0.454964,-0.245701,-0.119178,-0.173795,-0.246096,0.053056
0.507061,0.457855,-0.345089,-0.23776,0.147456,0.454964,-0.245701,-0.119178,-0.173795,-0.246096,0.053056,0.640831
0.504755,0.457855,-0.23776,0.147456,0.454964,-0.245701,-0.119178,-0.173795,-0.246096,0.053056,0.640831,-0.413957
0.501482,0.457855,0.147456,0.454964,-0.245701,-0.119178,-0.173795,-0.246096,0.053056,0.640831,-0.413957,-0.13598
0.502189,0.457855,0.454964,-0.245701,-0.119178,-0.173795,-0.246096,0.053056,0.640831,-0.413957,-0.13598,0.13667
0.510706,0.457855,-0.245701,-0.119178,-0.173795,-0.246096,0.053056,0.640831,-0.413957,-0.13598,0.13667,0.470614
0.505216,0.457855,-0.119178,-0.173795,-0.246096,0.053056,0.640831,-0.413957,-0.13598,0.13667,0.470614,-0.266928
0.50341,0.453949,-0.173795,-0.246096,0.053056,0.640831,-0.413957,-0.13598,0.13667,0.470614,-0.266928,0.14376
0.505226,0.453949,-0.246096,0.053056,0.640831,-0.413957,-0.13598,0.13667,0.470614,-0.266928,0.14376,-0.013405
0.511471,0.453949,0.053056,0.640831,-0.413957,-0.13598,0.13667,0.470614,-0.266928,0.14376,-0.013405,-0.227504
0.507931,0.453949,0.640831,-0.413957,-0.13598,0.13667,0.470614,-0.266928,0.14376,-0.013405,-0.227504,-0.292508
0.509836,0.453949,-0.413957,-0.13598,0.13667,0.470614,-0.266928,0.14376,-0.013405,-0.227504,-0.292508,0.453578
0.509659,0.453949,-0.13598,0.13667,0.470614,-0.266928,0.14376,-0.013405,-0.227504,-0.292508,0.453578,-0.332769
0.506644,0.453949,0.13667,0.470614,-0.266928,0.14376,-0.013405,-0.227504,-0.292508,0.453578,-0.332769,-0.315936
0.502753,0.453949,0.470614,-0.266928,0.14376,-0.013405,-0.227504,-0.292508,0.453578,-0.332769,-0.315936,-0.233008
0.508784,0.453949,-0.266928,0.14376,-0.013405,-0.227504,-0.292508,0.453578,-0.332769,-0.315936,-0.233008,0.411037
0.504367,0.453949,0.14376,-0.013405,-0.227504,-0.292508,0.453578,-0.332769,-0.315936,-0.233008,0.411037,-0.199753
0.500164,0.453949,-0.013405,-0.227504,-0.292508,0.453578,-0.332769,-0.315936,-0.233008,0.411037,-0.199753,0.252076
0.497057,0.453949,-0.227504,-0.292508,0.453578,-0.332769,-0.315936,-0.233008,0.411037,-0.199753,0.252076,-0.098382
0.502542,0.453949,-0.292508,0.453578,-0.332769,-0.315936,-0.233008,0.411037,-0.199753,0.252076,-0.098382,-0.065107
0.499878,0.453949,0.453578,-0.332769,-0.315936,-0.233008,0.411037,-0.199753,0.252076,-0.098382,-0.065107,-0.330462
0.503235,0.453949,-0.332769,-0.315936,-0.233008,0.411037,-0.199753,0.252076,-0.098382,-0.065107,-0.330462,0.521797
0.501927,0.453949,-0.315936,-0.233008,0.411037,-0.199753,0.252076,-0.098382,-0.065107,-0.330462,0.521797,-0.32987
0.50106,0.453949,-0.233008,0.411037,-0.199753,0.252076,-0.098382,-0.065107,-0.330462,0.521797,-0.32987,-0.171305
0.496647,0.453949,0.411037,-0.199753,0.252076,-0.098382,-0.065107,-0.330462,0.521797,-0.32987,-0.171305,0.177547
0.503611,0.453949,-0.199753,0.252076,-0.098382,-0.065107,-0.330462,0.521797,-0.32987,-0.171305,0.177547,0.524341
0.499217,0.453949,0.252076,-0.098382,-0.065107,-0.330462,0.521797,-0.32987,-0.171305,0.177547,0.524341,-0.28574
0.496933,0.453949,-0.098382,-0.065107,-0.330462,0.521797,-0.32987,-0.171305,0.177547,0.524341,-0.28574,0.152339
0.499301,0.453949,-0.065107,-0.330462,0.521797,-0.32987,-0.171305,0.177547,0.524341,-0.28574,0.152339,-0.066686
0.506285,0.453949,-0.330462,0.521797,-0.32987,-0.171305,0.177547,0.524341,-0.28574,0.152339,-0.066686,-0.21375
0.502482,0.453949,0.521797,-0.32987,-0.171305,0.177547,0.524341,-0.28574,0.152339,-0.066686,-0.21375,-0.324997
0.504508,0.453949,-0.32987,-0.171305,0.177547,0.524341,-0.28574,0.152339,-0.066686,-0.21375,-0.324997,0.505641
0.503622,0.453949,-0.171305,0.177547,0.524341,-0.28574,0.152339,-0.066686,-0.21375,-0.324997,0.505641,-0.340157
0.500778,0.453949,0.177547,0.524341,-0.28574,0.152339,-0.066686,-0.21375,-0.324997,0.505641,-0.340157,-0.213078
0.496438,0.453949,0.524341,-0.28574,0.152339,-0.066686,-0.21375,-0.324997,0.505641,-0.340157,-0.213078,0.171986
0.503187,0.453949,-0.28574,0.152339,-0.066686,-0.21375,-0.324997,0.505641,-0.340157,-0.213078,0.171986,0.480738
0.498655,0.453949,0.152339,-0.066686,-0.21375,-0.324997,0.505641,-0.340157,-0.213078,0.171986,0.480738,-0.21098
0.495812,0.453949,-0.066686,-0.21375,-0.324997,0.505641,-0.340157,-0.213078,0.171986,0.480738,-0.21098,0.114815
0.498108,0.453949,-0.21375,-0.324997,0.505641,-0.340157,-0.213078,0.171986,0.480738,-0.21098,0.114815,0.007874
0.504517,0.453949,-0.324997,0.505641,-0.340157,-0.213078,0.171986,0.480738,-0.21098,0.114815,0.007874,-0.044196
0.501707,0.453949,0.505641,-0.340157,-0.213078,0.171986,0.480738,-0.21098,0.114815,0.007874,-0.044196,0.079538
0.503235,0.453949,-0.340157,-0.213078,0.171986,0.480738,-0.21098,0.114815,0.007874,-0.044196,0.079538,0.599886
0.50334,0.453949,-0.213078,0.171986,0.480738,-0.21098,0.114815,0.007874,-0.044196,0.079538,0.599886,-0.393346
0.502752,0.453949,0.171986,0.480738,-0.21098,0.114815,0.007874,-0.044196,0.079538,0.599886,-0.393346,-0.1843
0.503811,0.453949,0.480738,-0.21098,0.114815,0.007874,-0.044196,0.079538,0.599886,-0.393346,-0.1843,0.12614
0.511776,0.453949,-0.21098,0.114815,0.007874,-0.044196,0.079538,0.599886,-0.393346,-0.1843,0.12614,0.444148
0.506564,0.453949,0.114815,0.007874,-0.044196,0.079538,0.599886,-0.393346,-0.1843,0.12614,0.444148,-0.267039
0.504117,0.453949,0.007874,-0.044196,0.079538,0.599886,-0.393346,-0.1843,0.12614,0.444148,-0.267039,0.165389
0.505793,0.453949,-0.044196,0.079538,0.599886,-0.393346,-0.1843,0.12614,0.444148,-0.267039,0.165389,-0.029572
0.511685,0.453949,0.079538,0.599886,-0.393346,-0.1843,0.12614,0.444148,-0.267039,0.165389,-0.029572,-0.066794
0.508144,0.453949,0.599886,-0.393346,-0.1843,0.12614,0.444148,-0.267039,0.165389,-0.029572,-0.066794,0.010051
0.510335,0.453949,-0.393346,-0.1843,0.12614,0.444148,-0.267039,0.165389,-0.029572,-0.066794,0.010051,0.639467
0.509944,0.453949,-0.1843,0.12614,0.444148,-0.267039,0.165389,-0.029572,-0.066794,0.010051,0.639467,-0.408196
0.50906,0.453949,0.12614,0.444148,-0.267039,0.165389,-0.029572,-0.066794,0.010051,0.639467,-0.408196,-0.293837
0.509193,0.453949,0.444148,-0.267039,0.165389,-0.029572,-0.066794,0.010051,0.639467,-0.408196,-0.293837,-0.210822
0.517652,0.453949,-0.267039,0.165389,-0.029572,-0.066794,0.010051,0.639467,-0.408196,-0.293837,-0.210822,0.395556
0.512264,0.453949,0.165389,-0.029572,-0.066794,0.010051,0.639467,-0.408196,-0.293837,-0.210822,0.395556,-0.223868
0.508376,0.453949,-0.029572,-0.066794,0.010051,0.639467,-0.408196,-0.293837,-0.210822,0.395556,-0.223868,0.181423
0.50558,0.453949,-0.066794,0.010051,0.639467,-0.408196,-0.293837,-0.210822,0.395556,-0.223868,0.181423,-0.040356
0.510829,0.453949,0.010051,0.639467,-0.408196,-0.293837,-0.210822,0.395556,-0.223868,0.181423,-0.040356,0.035448
0.50786,0.453949,0.639467,-0.408196,-0.293837,-0.210822,0.395556,-0.223868,0.181423,-0.040356,0.035448,0.009936
0.510264,0.453949,-0.408196,-0.293837,-0.210822,0.395556,-0.223868,0.181423,-0.040356,0.035448,0.009936,0.646467
0.50973,0.453949,-0.293837,-0.210822,0.395556,-0.223868,0.181423,-0.040356,0.035448,0.009936,0.646467,-0.409055
0.510199,0.453949,-0.210822,0.395556,-0.223868,0.181423,-0.040356,0.035448,0.009936,0.646467,-0.409055,-0.116371
0.510331,0.453949,0.395556,-0.223868,0.181423,-0.040356,0.035448,0.009936,0.646467,-0.409055,-0.116371,0.111242
0.518876,0.453949,-0.223868,0.181423,-0.040356,0.035448,0.009936,0.646467,-0.409055,-0.116371,0.111242,0.537599
0.513481,0.453949,0.181423,-0.040356,0.035448,0.009936,0.646467,-0.409055,-0.116371,0.111242,0.537599,-0.292855
0.511944,0.453949,-0.040356,0.035448,0.009936,0.646467,-0.409055,-0.116371,0.111242,0.537599,-0.292855,0.141649
0.513414,0.453949,0.035448,0.009936,0.646467,-0.409055,-0.116371,0.111242,0.537599,-0.292855,0.141649,-0.095526
0.520506,0.453949,0.009936,0.646467,-0.409055,-0.116371,0.111242,0.537599,-0.292855,0.141649,-0.095526,-0.024683
0.516645,0.453949,0.646467,-0.409055,-0.116371,0.111242,0.537599,-0.292855,0.141649,-0.095526,-0.024683,0.0038
0.518512,0.453949,-0.409055,-0.116371,0.111242,0.537599,-0.292855,0.141649,-0.095526,-0.024683,0.0038,0.589171
0.517255,0.453949,-0.116371,0.111242,0.537599,-0.292855,0.141649,-0.095526,-0.024683,0.0038,0.589171,-0.369326
0.516929,0.453949,0.111242,0.537599,-0.292855,0.141649,-0.095526,-0.024683,0.0038,0.589171,-0.369326,-0.21621
0.51698,0.453949,0.537599,-0.292855,0.141649,-0.095526,-0.024683,0.0038,0.589171,-0.369326,-0.21621,0.161286
0.524735,0.453949,-0.292855,0.141649,-0.095526,-0.024683,0.0038,0.589171,-0.369326,-0.21621,0.161286,0.476575
0.519884,0.453949,0.141649,-0.095526,-0.024683,0.0038,0.589171,-0.369326,-0.21621,0.161286,0.476575,-0.295338
0.517039,0.453949,-0.095526,-0.024683,0.0038,0.589171,-0.369326,-0.21621,0.161286,0.476575,-0.295338,0.171174
0.519162,0.453949,-0.024683,0.0038,0.589171,-0.369326,-0.21621,0.161286,0.476575,-0.295338,0.171174,-0.090861
0.525428,0.453949,0.0038,0.589171,-0.369326,-0.21621,0.161286,0.476575,-0.295338,0.171174,-0.090861,-0.036384
0.521547,0.453949,0.589171,-0.369326,-0.21621,0.161286,0.476575,-0.295338,0.171174,-0.090861,-0.036384,-0.029767
0.523795,0.453949,-0.369326,-0.21621,0.161286,0.476575,-0.295338,0.171174,-0.090861,-0.036384,-0.029767,0.673319
0.522603,0.453949,-0.21621,0.161286,0.476575,-0.295338,0.171174,-0.090861,-0.036384,-0.029767,0.673319,-0.461778
0.522125,0.453949,0.161286,0.476575,-0.295338,0.171174,-0.090861,-0.036384,-0.029767,0.673319,-0.461778,-0.284194
0.521734,0.453949,0.476575,-0.295338,0.171174,-0.090861,-0.036384,-0.029767,0.673319,-0.461778,-0.284194,-0.233422
0.530566,0.453949,-0.295338,0.171174,-0.090861,-0.036384,-0.029767,0.673319,-0.461778,-0.284194,-0.233422,0.403719
0.524521,0.452515,0.171174,-0.090861,-0.036384,-0.029767,0.673319,-0.461778,-0.284194,-0.233422,0.403719,-0.25033
0.520792,0.452515,-0.090861,-0.036384,-0.029767,0.673319,-0.461778,-0.284194,-0.233422,0.403719,-0.25033,-0.011144
0.517721,0.452515,-0.036384,-0.029767,0.673319,-0.461778,-0.284194,-0.233422,0.403719,-0.25033,-0.011144,-0.194224
0.523035,0.452515,-0.029767,0.673319,-0.461778,-0.284194,-0.233422,0.403719,-0.25033,-0.011144,-0.194224,-0.171669
0.519741,0.452515,0.673319,-0.461778,-0.284194,-0.233422,0.403719,-0.25033,-0.011144,-0.194224,-0.171669,-0.033872
0.519595,0.452515,-0.461778,-0.284194,-0.233422,0.403719,-0.25033,-0.011144,-0.194224,-0.171669,-0.033872,0.388325
0.517039,0.452515,-0.284194,-0.233422,0.403719,-0.25033,-0.011144,-0.194224,-0.171669,-0.033872,0.388325,-0.51786
0.514775,0.452515,-0.233422,0.403719,-0.25033,-0.011144,-0.194224,-0.171669,-0.033872,0.388325,-0.51786,-0.018838
0.514327,0.452515,0.403719,-0.25033,-0.011144,-0.194224,-0.171669,-0.033872,0.388325,-0.51786,-0.018838,0.1656
0.519453,0.452515,-0.25033,-0.011144,-0.194224,-0.171669,-0.033872,0.388325,-0.51786,-0.018838,0.1656,0.237718
0.512622,0.452515,-0.011144,-0.194224,-0.171669,-0.033872,0.388325,-0.51786,-0.018838,0.1656,0.237718,-0.090641
0.512373,0.452515,-0.194224,-0.171669,-0.033872,0.388325,-0.51786,-0.018838,0.1656,0.237718,-0.090641,-0.585025
0.51456,0.452515,-0.171669,-0.033872,0.388325,-0.51786,-0.018838,0.1656,0.237718,-0.090641,-0.585025,-0.051029
0.517698,0.452515,-0.033872,0.388325,-0.51786,-0.018838,0.1656,0.237718,-0.090641,-0.585025,-0.051029,-0.576873
0.516502,0.452515,0.388325,-0.51786,-0.018838,0.1656,0.237718,-0.090641,-0.585025,-0.051029,-0.576873,0.153399
0.508768,0.452515,-0.51786,-0.018838,0.1656,0.237718,-0.090641,-0.585025,-0.051029,-0.576873,0.153399,0.522988
0.508092,0.452515,-0.018838,0.1656,0.237718,-0.090641,-0.585025,-0.051029,-0.576873,0.153399,0.522988,-0.194286
0.500426,0.452515,0.1656,0.237718,-0.090641,-0.585025,-0.051029,-0.576873,0.153399,0.522988,-0.194286,-0.157715
0.502471,0.452515,0.237718,-0.090641,-0.585025,-0.051029,-0.576873,0.153399,0.522988,-0.194286,-0.157715,0.233297
0.509424,0.452515,-0.090641,-0.585025,-0.051029,-0.576873,0.153399,0.522988,-0.194286,-0.157715,0.233297,0.554035
0.506848,0.452515,-0.585025,-0.051029,-0.576873,0.153399,0.522988,-0.194286,-0.157715,0.233297,0.554035,-0.209293
0.504755,0.452515,-0.051029,-0.576873,0.153399,0.522988,-0.194286,-0.157715,0.233297,0.554035,-0.209293,0.194399
0.507851,0.452515,-0.576873,0.153399,0.522988,-0.194286,-0.157715,0.233297,0.554035,-0.209293,0.194399,-0.024296
0.515187,0.452515,0.153399,0.522988,-0.194286,-0.157715,0.233297,0.554035,-0.209293,0.194399,-0.024296,0.0028
0.512419,0.452515,0.522988,-0.194286,-0.157715,0.233297,0.554035,-0.209293,0.194399,-0.024296,0.0028,-0.071731
0.514987,0.452515,-0.194286,-0.157715,0.233297,0.554035,-0.209293,0.194399,-0.024296,0.0028,-0.071731,0.673166
0.514666,0.452515,-0.157715,0.233297,0.554035,-0.209293,0.194399,-0.024296,0.0028,-0.071731,0.673166,-0.439023
0.514703,0.452515,0.233297,0.554035,-0.209293,0.194399,-0.024296,0.0028,-0.071731,0.673166,-0.439023,-0.220428
0.513755,0.452515,0.554035,-0.209293,0.194399,-0.024296,0.0028,-0.071731,0.673166,-0.439023,-0.220428,0.138751
0.522632,0.452515,-0.209293,0.194399,-0.024296,0.0028,-0.071731,0.673166,-0.439023,-0.220428,0.138751,0.4848
0.516855,0.452515,0.194399,-0.024296,0.0028,-0.071731,0.673166,-0.439023,-0.220428,0.138751,0.4848,-0.52776
0.513949,0.452515,-0.024296,0.0028,-0.071731,0.673166,-0.439023,-0.220428,0.138751,0.4848,-0.52776,0.168411
0.51578,0.452515,0.0028,-0.071731,0.673166,-0.439023,-0.220428,0.138751,0.4848,-0.52776,0.168411,-0.356396
0.522167,0.452515,-0.071731,0.673166,-0.439023,-0.220428,0.138751,0.4848,-0.52776,0.168411,-0.356396,-0.024129
0.51521,0.452515,0.673166,-0.439023,-0.220428,0.138751,0.4848,-0.52776,0.168411,-0.356396,-0.024129,-0.344701
0.517431,0.453827,-0.439023,-0.220428,0.138751,0.4848,-0.52776,0.168411,-0.356396,-0.024129,-0.344701,0.648525
0.512731,0.453827,-0.220428,0.138751,0.4848,-0.52776,0.168411,-0.356396,-0.024129,-0.344701,0.648525,-0.692217
0.512412,0.453827,0.138751,0.4848,-0.52776,0.168411,-0.356396,-0.024129,-0.344701,0.648525,-0.692217,0.045585
0.507844,0.453827,0.4848,-0.52776,0.168411,-0.356396,-0.024129,-0.344701,0.648525,-0.692217,0.045585,-0.237197
0.51643,0.453827,-0.52776,0.168411,-0.356396,-0.024129,-0.344701,0.648525,-0.692217,0.045585,-0.237197,0.767161
0.507274,0.453827,0.168411,-0.356396,-0.024129,-0.344701,0.648525,-0.692217,0.045585,-0.237197,0.767161,-0.31693
0.507878,0.453827,-0.356396,-0.024129,-0.344701,0.648525,-0.692217,0.045585,-0.237197,0.767161,-0.31693,0.155647
0.504731,0.453827,-0.024129,-0.344701,0.648525,-0.692217,0.045585,-0.237197,0.767161,-0.31693,0.155647,-0.492639
0.5149,0.453827,-0.344701,0.648525,-0.692217,0.045585,-0.237197,0.767161,-0.31693,0.155647,-0.492639,-0.204439
0.510706,0.453827,0.648525,-0.692217,0.045585,-0.237197,0.767161,-0.31693,0.155647,-0.492639,-0.204439,-0.169184
0.512765,0.453827,-0.692217,0.045585,-0.237197,0.767161,-0.31693,0.155647,-0.492639,-0.204439,-0.169184,0.903567
0.506244,0.453827,0.045585,-0.237197,0.767161,-0.31693,0.155647,-0.492639,-0.204439,-0.169184,0.903567,-0.447976
0.503528,0.453827,-0.237197,0.767161,-0.31693,0.155647,-0.492639,-0.204439,-0.169184,0.903567,-0.447976,-0.045556
0.501275,0.453827,0.767161,-0.31693,0.155647,-0.492639,-0.204439,-0.169184,0.903567,-0.447976,-0.045556,0.223327
0.513276,0.453827,-0.31693,0.155647,-0.492639,-0.204439,-0.169184,0.903567,-0.447976,-0.045556,0.223327,0.566729
0.507345,0.453827,0.155647,-0.492639,-0.204439,-0.169184,0.903567,-0.447976,-0.045556,0.223327,0.566729,-0.199142
0.506741,0.453827,-0.492639,-0.204439,-0.169184,0.903567,-0.447976,-0.045556,0.223327,0.566729,-0.199142,0.184513
0.509701,0.453827,-0.204439,-0.169184,0.903567,-0.447976,-0.045556,0.223327,0.566729,-0.199142,0.184513,0.085073
0.517195,0.453827,-0.169184,0.903567,-0.447976,-0.045556,0.223327,0.566729,-0.199142,0.184513,0.085073,-0.046657
0.514565,0.453827,0.903567,-0.447976,-0.045556,0.223327,0.566729,-0.199142,0.184513,0.085073,-0.046657,0.052819
0.516999,0.453827,-0.447976,-0.045556,0.223327,0.566729,-0.199142,0.184513,0.085073,-0.046657,0.052819,0.673908
0.518119,0.453827,-0.045556,0.223327,0.566729,-0.199142,0.184513,0.085073,-0.046657,0.052819,0.673908,-0.41488
0.517505,0.453827,0.223327,0.566729,-0.199142,0.184513,0.085073,-0.046657,0.052819,0.673908,-0.41488,-0.216902
0.518201,0.453827,0.566729,-0.199142,0.184513,0.085073,-0.046657,0.052819,0.673908,-0.41488,-0.216902,0.172703
0.527062,0.453827,-0.199142,0.184513,0.085073,-0.046657,0.052819,0.673908,-0.41488,-0.216902,0.172703,0.53927
