-0.384903,0.182831,0.037881,-0.017575,-0.012345,0.02102,0.003904,-0.135618,-0.014463,0.043631,0.004351,0.013131
-0.385374,0.182831,-0.017575,-0.012345,0.02102,0.003904,-0.135618,-0.014463,0.043631,0.004351,0.013131,0.018389
-0.383957,0.182831,-0.012345,0.02102,0.003904,-0.135618,-0.014463,0.043631,0.004351,0.013131,0.018389,-0.021128
-0.383816,0.182831,0.02102,0.003904,-0.135618,-0.014463,0.043631,0.004351,0.013131,0.018389,-0.021128,0.008318
-0.38339,0.182831,0.003904,-0.135618,-0.014463,0.043631,0.004351,0.013131,0.018389,-0.021128,0.008318,0.024203
-0.382793,0.182831,-0.135618,-0.014463,0.043631,0.004351,0.013131,0.018389,-0.021128,0.008318,0.024203,-0.01622
-0.383478,0.182831,-0.014463,0.043631,0.004351,0.013131,0.018389,-0.021128,0.008318,0.024203,-0.01622,-0.126557
-0.383208,0.182831,0.043631,0.004351,0.013131,0.018389,-0.021128,0.008318,0.024203,-0.01622,-0.126557,-0.017628
-0.382424,0.183227,0.004351,0.013131,0.018389,-0.021128,0.008318,0.024203,-0.01622,-0.126557,-0.017628,0.031189
-0.38295,0.183227,0.013131,0.018389,-0.021128,0.008318,0.024203,-0.01622,-0.126557,-0.017628,0.031189,0.00763
-0.38707,0.183227,0.018389,-0.021128,0.008318,0.024203,-0.01622,-0.126557,-0.017628,0.031189,0.00763,0.032615
-0.387646,0.183227,-0.021128,0.008318,0.024203,-0.01622,-0.126557,-0.017628,0.031189,0.00763,0.032615,0.037081
-0.386629,0.183227,0.008318,0.024203,-0.01622,-0.126557,-0.017628,0.031189,0.00763,0.032615,0.037081,-0.006827
-0.38638,0.183472,0.024203,-0.01622,-0.126557,-0.017628,0.031189,0.00763,0.032615,0.037081,-0.006827,-0.017282
-0.385317,0.183472,-0.01622,-0.126557,-0.017628,0.031189,0.00763,0.032615,0.037081,-0.006827,-0.017282,0.011647
-0.384111,0.183472,-0.126557,-0.017628,0.031189,0.00763,0.032615,0.037081,-0.006827,-0.017282,0.011647,0.051119
-0.384332,0.183472,-0.017628,0.031189,0.00763,0.032615,0.037081,-0.006827,-0.017282,0.011647,0.051119,0.00486
-0.384894,0.183472,0.031189,0.00763,0.032615,0.037081,-0.006827,-0.017282,0.011647,0.051119,0.00486,0.006056
-0.384515,0.183472,0.00763,0.032615,0.037081,-0.006827,-0.017282,0.011647,0.051119,0.00486,0.006056,0.010216
-0.382855,0.183472,0.032615,0.037081,-0.006827,-0.017282,0.011647,0.051119,0.00486,0.006056,0.010216,-0.025486
-0.382698,0.183472,0.037081,-0.006827,-0.017282,0.011647,0.051119,0.00486,0.006056,0.010216,-0.025486,-0.099968
-0.382501,0.183472,-0.006827,-0.017282,0.011647,0.051119,0.00486,0.006056,0.010216,-0.025486,-0.099968,0.011179
-0.382171,0.183472,-0.017282,0.011647,0.051119,0.00486,0.006056,0.010216,-0.025486,-0.099968,0.011179,0.002576
-0.382996,0.18399,0.011647,0.051119,0.00486,0.006056,0.010216,-0.025486,-0.099968,0.011179,0.002576,0.008564
-0.386247,0.18399,0.051119,0.00486,0.006056,0.010216,-0.025486,-0.099968,0.011179,0.002576,0.008564,0.035668
-0.385883,0.18399,0.00486,0.006056,0.010216,-0.025486,-0.099968,0.011179,0.002576,0.008564,0.035668,0.049683
-0.385799,0.18399,0.006056,0.010216,-0.025486,-0.099968,0.011179,0.002576,0.008564,0.035668,0.049683,-0.002841
-0.38552,0.18399,0.010216,-0.025486,-0.099968,0.011179,0.002576,0.008564,0.035668,0.049683,-0.002841,0.01599
-0.384361,0.186462,-0.025486,-0.099968,0.011179,0.002576,0.008564,0.035668,0.049683,-0.002841,0.01599,0.029473
-0.382748,0.186462,-0.099968,0.011179,0.002576,0.008564,0.035668,0.049683,-0.002841,0.01599,0.029473,0.018047
-0.38284,0.186462,0.011179,0.002576,0.008564,0.035668,0.049683,-0.002841,0.01599,0.029473,0.018047,0.035097
-0.382323,0.186462,0.002576,0.008564,0.035668,0.049683,-0.002841,0.01599,0.029473,0.018047,0.035097,0.036795
-0.38137,0.186462,0.008564,0.035668,0.049683,-0.002841,0.01599,0.029473,0.018047,0.035097,0.036795,0.00297
-0.380787,0.186462,0.035668,0.049683,-0.002841,0.01599,0.029473,0.018047,0.035097,0.036795,0.00297,0.002562
-0.379654,0.186462,0.049683,-0.002841,0.01599,0.029473,0.018047,0.035097,0.036795,0.00297,0.002562,0.004667
-0.378467,0.186462,-0.002841,0.01599,0.029473,0.018047,0.035097,0.036795,0.00297,0.002562,0.004667,0.042961
-0.378372,0.186462,0.01599,0.029473,0.018047,0.035097,0.036795,0.00297,0.002562,0.004667,0.042961,0.008595
-0.378289,0.186462,0.029473,0.018047,0.035097,0.036795,0.00297,0.002562,0.004667,0.042961,0.008595,0.011428
-0.378139,0.193909,0.018047,0.035097,0.036795,0.00297,0.002562,0.004667,0.042961,0.008595,0.011428,0.020899
-0.376758,0.193909,0.035097,0.036795,0.00297,0.002562,0.004667,0.042961,0.008595,0.011428,0.020899,0.006928
-0.376482,0.193909,0.036795,0.00297,0.002562,0.004667,0.042961,0.008595,0.011428,0.020899,0.006928,0.038831
-0.376116,0.193909,0.00297,0.002562,0.004667,0.042961,0.008595,0.011428,0.020899,0.006928,0.038831,0.037604
-0.375447,0.193909,0.002562,0.004667,0.042961,0.008595,0.011428,0.020899,0.006928,0.038831,0.037604,0.004829
-0.375225,0.197571,0.004667,0.042961,0.008595,0.011428,0.020899,0.006928,0.038831,0.037604,0.004829,-0.001942
-0.373983,0.197571,0.042961,0.008595,0.011428,0.020899,0.006928,0.038831,0.037604,0.004829,-0.001942,0.034425
-0.372781,0.197571,0.008595,0.011428,0.020899,0.006928,0.038831,0.037604,0.004829,-0.001942,0.034425,0.06077
-0.372627,0.197571,0.011428,0.020899,0.006928,0.038831,0.037604,0.004829,-0.001942,0.034425,0.06077,-0.021336
-0.372689,0.197571,0.020899,0.006928,0.038831,0.037604,0.004829,-0.001942,0.034425,0.06077,-0.021336,0.000688
-0.371593,0.197571,0.006928,0.038831,0.037604,0.004829,-0.001942,0.034425,0.06077,-0.021336,0.000688,0.031757
-0.369661,0.197571,0.038831,0.037604,0.004829,-0.001942,0.034425,0.06077,-0.021336,0.000688,0.031757,0.014401
-0.370339,0.197571,0.037604,0.004829,-0.001942,0.034425,0.06077,-0.021336,0.000688,0.031757,0.014401,0.027492
-0.370317,0.197571,0.004829,-0.001942,0.034425,0.06077,-0.021336,0.000688,0.031757,0.014401,0.027492,0.032551
-0.36931,0.197571,-0.001942,0.034425,0.06077,-0.021336,0.000688,0.031757,0.014401,0.027492,0.032551,-0.011454
-0.368854,0.197571,0.034425,0.06077,-0.021336,0.000688,0.031757,0.014401,0.027492,0.032551,-0.011454,0.009974
-0.367983,0.209412,0.06077,-0.021336,0.000688,0.031757,0.014401,0.027492,0.032551,-0.011454,0.009974,0.022437
-0.366952,0.209412,-0.021336,0.000688,0.031757,0.014401,0.027492,0.032551,-0.011454,0.009974,0.022437,-0.006477
-0.367314,0.209412,0.000688,0.031757,0.014401,0.027492,0.032551,-0.011454,0.009974,0.022437,-0.006477,-0.148828
-0.366999,0.209412,0.031757,0.014401,0.027492,0.032551,-0.011454,0.009974,0.022437,-0.006477,-0.148828,-0.01411
-0.366291,0.209412,0.014401,0.027492,0.032551,-0.011454,0.009974,0.022437,-0.006477,-0.148828,-0.01411,0.051864
-0.366496,0.214264,0.027492,0.032551,-0.011454,0.009974,0.022437,-0.006477,-0.148828,-0.01411,0.051864,0.024961
-0.371217,0.214264,0.032551,-0.011454,0.009974,0.022437,-0.006477,-0.148828,-0.01411,0.051864,0.024961,0.033752
-0.371666,0.214264,-0.011454,0.009974,0.022437,-0.006477,-0.148828,-0.01411,0.051864,0.024961,0.033752,0.0436
-0.370018,0.214264,0.009974,0.022437,-0.006477,-0.148828,-0.01411,0.051864,0.024961,0.033752,0.0436,0.009588
-0.369227,0.214264,0.022437,-0.006477,-0.148828,-0.01411,0.051864,0.024961,0.033752,0.0436,0.009588,0.001255
-0.368157,0.214264,-0.006477,-0.148828,-0.01411,0.051864,0.024961,0.033752,0.0436,0.009588,0.001255,0.028069
-0.366777,0.214264,-0.148828,-0.01411,0.051864,0.024961,0.033752,0.0436,0.009588,0.001255,0.028069,0.06424
-0.366474,0.214264,-0.01411,0.051864,0.024961,0.033752,0.0436,0.009588,0.001255,0.028069,0.06424,0.006756
-0.366435,0.214264,0.051864,0.024961,0.033752,0.0436,0.009588,0.001255,0.028069,0.06424,0.006756,0.014336
-0.36555,0.214264,0.024961,0.033752,0.0436,0.009588,0.001255,0.028069,0.06424,0.006756,0.014336,0.027698
-0.363527,0.214264,0.033752,0.0436,0.009588,0.001255,0.028069,0.06424,0.006756,0.014336,0.027698,0.020774
-0.363314,0.214264,0.0436,0.009588,0.001255,0.028069,0.06424,0.006756,0.014336,0.027698,0.020774,0.030952
-0.362864,0.229523,0.009588,0.001255,0.028069,0.06424,0.006756,0.014336,0.027698,0.020774,0.030952,0.034802
-0.361996,0.229523,0.001255,0.028069,0.06424,0.006756,0.014336,0.027698,0.020774,0.030952,0.034802,0.009009
-0.361345,0.229523,0.028069,0.06424,0.006756,0.014336,0.027698,0.020774,0.030952,0.034802,0.009009,0.013771
-0.360376,0.229523,0.06424,0.006756,0.014336,0.027698,0.020774,0.030952,0.034802,0.009009,0.013771,0.037158
-0.359288,0.229523,0.006756,0.014336,0.027698,0.020774,0.030952,0.034802,0.009009,0.013771,0.037158,0.067156
-0.359007,0.24295,0.014336,0.027698,0.020774,0.030952,0.034802,0.009009,0.013771,0.037158,0.067156,-0.01194
-0.358578,0.24295,0.027698,0.020774,0.030952,0.034802,0.009009,0.013771,0.037158,0.067156,-0.01194,0.030285
-0.357421,0.24295,0.020774,0.030952,0.034802,0.009009,0.013771,0.037158,0.067156,-0.01194,0.030285,-0.008628
-0.355332,0.24295,0.030952,0.034802,0.009009,0.013771,0.037158,0.067156,-0.01194,0.030285,-0.008628,-0.20763
-0.355703,0.24295,0.034802,0.009009,0.013771,0.037158,0.067156,-0.01194,0.030285,-0.008628,-0.20763,-0.178989
-0.354764,0.24295,0.009009,0.013771,0.037158,0.067156,-0.01194,0.030285,-0.008628,-0.20763,-0.178989,0.065773
-0.355031,0.24295,0.013771,0.037158,0.067156,-0.01194,0.030285,-0.008628,-0.20763,-0.178989,0.065773,0.070952
-0.361498,0.24295,0.037158,0.067156,-0.01194,0.030285,-0.008628,-0.20763,-0.178989,0.065773,0.070952,0.045212
-0.367134,0.24295,0.067156,-0.01194,0.030285,-0.008628,-0.20763,-0.178989,0.065773,0.070952,0.045212,0.058903
-0.365057,0.24295,-0.01194,0.030285,-0.008628,-0.20763,-0.178989,0.065773,0.070952,0.045212,0.058903,0.093111
-0.362826,0.24295,0.030285,-0.008628,-0.20763,-0.178989,0.065773,0.070952,0.045212,0.058903,0.093111,0.015933
-0.36141,0.24295,-0.008628,-0.20763,-0.178989,0.065773,0.070952,0.045212,0.058903,0.093111,0.015933,0.037749
-0.359569,0.267731,-0.20763,-0.178989,0.065773,0.070952,0.045212,0.058903,0.093111,0.015933,0.037749,0.054611
-0.356665,0.267731,-0.178989,0.065773,0.070952,0.045212,0.058903,0.093111,0.015933,0.037749,0.054611,-0.01251
-0.35617,0.267731,0.065773,0.070952,0.045212,0.058903,0.093111,0.015933,0.037749,0.054611,-0.01251,-0.150263
-0.354998,0.267731,0.070952,0.045212,0.058903,0.093111,0.015933,0.037749,0.054611,-0.01251,-0.150263,0.038511
-0.353309,0.267731,0.045212,0.058903,0.093111,0.015933,0.037749,0.054611,-0.01251,-0.150263,0.038511,0.057612
-0.353696,0.277618,0.058903,0.093111,0.015933,0.037749,0.054611,-0.01251,-0.150263,0.038511,0.057612,-0.027852
-0.358366,0.277618,0.093111,0.015933,0.037749,0.054611,-0.01251,-0.150263,0.038511,0.057612,-0.027852,-0.194685
-0.357165,0.277618,0.015933,0.037749,0.054611,-0.01251,-0.150263,0.038511,0.057612,-0.027852,-0.194685,-0.134821
-0.355375,0.277618,0.037749,0.054611,-0.01251,-0.150263,0.038511,0.057612,-0.027852,-0.194685,-0.134821,0.02485
-0.356239,0.277618,0.054611,-0.01251,-0.150263,0.038511,0.057612,-0.027852,-0.194685,-0.134821,0.02485,0.098558
-0.362313,0.277618,-0.01251,-0.150263,0.038511,0.057612,-0.027852,-0.194685,-0.134821,0.02485,0.098558,0.10467
-0.366558,0.277618,-0.150263,0.038511,0.057612,-0.027852,-0.194685,-0.134821,0.02485,0.098558,0.10467,0.076
-0.365773,0.277618,0.038511,0.057612,-0.027852,-0.194685,-0.134821,0.02485,0.098558,0.10467,0.076,0.097452
-0.362673,0.277618,0.057612,-0.027852,-0.194685,-0.134821,0.02485,0.098558,0.10467,0.076,0.097452,0.098908
-0.3594,0.277618,-0.027852,-0.194685,-0.134821,0.02485,0.098558,0.10467,0.076,0.097452,0.098908,0.041905
-0.357033,0.277618,-0.194685,-0.134821,0.02485,0.098558,0.10467,0.076,0.097452,0.098908,0.041905,0.035669
-0.354007,0.277618,-0.134821,0.02485,0.098558,0.10467,0.076,0.097452,0.098908,0.041905,0.035669,0.093125
-0.350949,0.295502,0.02485,0.098558,0.10467,0.076,0.097452,0.098908,0.041905,0.035669,0.093125,0.122498
-0.349659,0.295502,0.098558,0.10467,0.076,0.097452,0.098908,0.041905,0.035669,0.093125,0.122498,0.00418
-0.348564,0.295502,0.10467,0.076,0.097452,0.098908,0.041905,0.035669,0.093125,0.122498,0.00418,0.038258
-0.345713,0.295502,0.076,0.097452,0.098908,0.041905,0.035669,0.093125,0.122498,0.00418,0.038258,0.065294
-0.341977,0.295502,0.097452,0.098908,0.041905,0.035669,0.093125,0.122498,0.00418,0.038258,0.065294,0.033665
-0.34185,0.298096,0.098908,0.041905,0.035669,0.093125,0.122498,0.00418,0.038258,0.065294,0.033665,0.047799
-0.340688,0.298096,0.041905,0.035669,0.093125,0.122498,0.00418,0.038258,0.065294,0.033665,0.047799,0.069125
-0.338712,0.298096,0.035669,0.093125,0.122498,0.00418,0.038258,0.065294,0.033665,0.047799,0.069125,0.008454
-0.337696,0.298096,0.093125,0.122498,0.00418,0.038258,0.065294,0.033665,0.047799,0.069125,0.008454,0.005568
-0.336253,0.298096,0.122498,0.00418,0.038258,0.065294,0.033665,0.047799,0.069125,0.008454,0.005568,0.056125
-0.334171,0.298096,0.00418,0.038258,0.065294,0.033665,0.047799,0.069125,0.008454,0.005568,0.056125,0.106466
-0.333917,0.298096,0.038258,0.065294,0.033665,0.047799,0.069125,0.008454,0.005568,0.056125,0.106466,-0.023859
-0.33375,0.298096,0.065294,0.033665,0.047799,0.069125,0.008454,0.005568,0.056125,0.106466,-0.023859,0.009773
-0.332068,0.298096,0.033665,0.047799,0.069125,0.008454,0.005568,0.056125,0.106466,-0.023859,0.009773,0.053637
-0.328886,0.298096,0.047799,0.069125,0.008454,0.005568,0.056125,0.106466,-0.023859,0.009773,0.053637,0.020684
-0.329598,0.298096,0.069125,0.008454,0.005568,0.056125,0.106466,-0.023859,0.009773,0.053637,0.020684,0.02044
-0.329307,0.298096,0.008454,0.005568,0.056125,0.106466,-0.023859,0.009773,0.053637,0.020684,0.02044,0.047092
-0.327711,0.298096,0.005568,0.056125,0.106466,-0.023859,0.009773,0.053637,0.020684,0.02044,0.047092,-0.012426
-0.327096,0.30307,0.056125,0.106466,-0.023859,0.009773,0.053637,0.020684,0.02044,0.047092,-0.012426,-0.008051
-0.326488,0.30307,0.106466,-0.023859,0.009773,0.053637,0.020684,0.02044,0.047092,-0.012426,-0.008051,0.024648
-0.32509,0.30307,-0.023859,0.009773,0.053637,0.020684,0.02044,0.047092,-0.012426,-0.008051,0.024648,0.067306
-0.325458,0.30307,0.009773,0.053637,0.020684,0.02044,0.047092,-0.012426,-0.008051,0.024648,0.067306,-0.05464
-0.325697,0.30307,0.053637,0.020684,0.02044,0.047092,-0.012426,-0.008051,0.024648,0.067306,-0.05464,-0.012912
-0.324966,0.30307,0.020684,0.02044,0.047092,-0.012426,-0.008051,0.024648,0.067306,-0.05464,-0.012912,0.027138
-0.322974,0.307617,0.02044,0.047092,-0.012426,-0.008051,0.024648,0.067306,-0.05464,-0.012912,0.027138,-0.013879
-0.324592,0.307617,0.047092,-0.012426,-0.008051,0.024648,0.067306,-0.05464,-0.012912,0.027138,-0.013879,0.005135
-0.324974,0.307617,-0.012426,-0.008051,0.024648,0.067306,-0.05464,-0.012912,0.027138,-0.013879,0.005135,0.031156
-0.324171,0.307617,-0.008051,0.024648,0.067306,-0.05464,-0.012912,0.027138,-0.013879,0.005135,0.031156,-0.038503
-0.324582,0.307617,0.024648,0.067306,-0.05464,-0.012912,0.027138,-0.013879,0.005135,0.031156,-0.038503,-0.046515
-0.32443,0.307617,0.067306,-0.05464,-0.012912,0.027138,-0.013879,0.005135,0.031156,-0.038503,-0.046515,-0.002224
-0.323507,0.307617,-0.05464,-0.012912,0.027138,-0.013879,0.005135,0.031156,-0.038503,-0.046515,-0.002224,0.053082
-0.324646,0.307617,-0.012912,0.027138,-0.013879,0.005135,0.031156,-0.038503,-0.046515,-0.002224,0.053082,-0.160506
-0.326024,0.307617,0.027138,-0.013879,0.005135,0.031156,-0.038503,-0.046515,-0.002224,0.053082,-0.160506,-0.211315
-0.32609,0.307617,-0.013879,0.005135,0.031156,-0.038503,-0.046515,-0.002224,0.053082,-0.160506,-0.211315,-0.036193
-0.324515,0.307617,0.005135,0.031156,-0.038503,-0.046515,-0.002224,0.053082,-0.160506,-0.211315,-0.036193,0.012391
-0.329289,0.307617,0.031156,-0.038503,-0.046515,-0.002224,0.053082,-0.160506,-0.211315,-0.036193,0.012391,0.01461
-0.335619,0.307617,-0.038503,-0.046515,-0.002224,0.053082,-0.160506,-0.211315,-0.036193,0.012391,0.01461,0.037489
-0.336709,0.314545,-0.046515,-0.002224,0.053082,-0.160506,-0.211315,-0.036193,0.012391,0.01461,0.037489,-0.041204
-0.336336,0.314545,-0.002224,0.053082,-0.160506,-0.211315,-0.036193,0.012391,0.01461,0.037489,-0.041204,-0.032485
-0.335895,0.314545,0.053082,-0.160506,-0.211315,-0.036193,0.012391,0.01461,0.037489,-0.041204,-0.032485,0.016495
-0.334766,0.314545,-0.160506,-0.211315,-0.036193,0.012391,0.01461,0.037489,-0.041204,-0.032485,0.016495,0.058547
-0.336006,0.314545,-0.211315,-0.036193,0.012391,0.01461,0.037489,-0.041204,-0.032485,0.016495,0.058547,-0.046746
-0.336984,0.314545,-0.036193,0.012391,0.01461,0.037489,-0.041204,-0.032485,0.016495,0.058547,-0.046746,0.006465
-0.336487,0.319488,0.012391,0.01461,0.037489,-0.041204,-0.032485,0.016495,0.058547,-0.046746,0.006465,0.031232
-0.334723,0.319488,0.01461,0.037489,-0.041204,-0.032485,0.016495,0.058547,-0.046746,0.006465,0.031232,-0.011484
-0.336131,0.319488,0.037489,-0.041204,-0.032485,0.016495,0.058547,-0.046746,0.006465,0.031232,-0.011484,-0.001415
-0.335937,0.319488,-0.041204,-0.032485,0.016495,0.058547,-0.046746,0.006465,0.031232,-0.011484,-0.001415,0.039436
-0.334998,0.319488,-0.032485,0.016495,0.058547,-0.046746,0.006465,0.031232,-0.011484,-0.001415,0.039436,-0.102081
-0.335343,0.319488,0.016495,0.058547,-0.046746,0.006465,0.031232,-0.011484,-0.001415,0.039436,-0.102081,-0.224844
-0.335386,0.319488,0.058547,-0.046746,0.006465,0.031232,-0.011484,-0.001415,0.039436,-0.102081,-0.224844,-0.05727
-0.334199,0.319488,-0.046746,0.006465,0.031232,-0.011484,-0.001415,0.039436,-0.102081,-0.224844,-0.05727,-0.137818
-0.337272,0.319488,0.006465,0.031232,-0.011484,-0.001415,0.039436,-0.102081,-0.224844,-0.05727,-0.137818,-0.021467
-0.344086,0.319488,0.031232,-0.011484,-0.001415,0.039436,-0.102081,-0.224844,-0.05727,-0.137818,-0.021467,0.06914
-0.345834,0.319488,-0.011484,-0.001415,0.039436,-0.102081,-0.224844,-0.05727,-0.137818,-0.021467,0.06914,0.078612
-0.350064,0.319488,-0.001415,0.039436,-0.102081,-0.224844,-0.05727,-0.137818,-0.021467,0.06914,0.078612,0.036735
-0.350725,0.319488,0.039436,-0.102081,-0.224844,-0.05727,-0.137818,-0.021467,0.06914,0.078612,0.036735,0.059837
-0.348599,0.334351,-0.102081,-0.224844,-0.05727,-0.137818,-0.021467,0.06914,0.078612,0.036735,0.059837,0.09579
-0.346192,0.334351,-0.224844,-0.05727,-0.137818,-0.021467,0.06914,0.078612,0.036735,0.059837,0.09579,0.040396
-0.34507,0.334351,-0.05727,-0.137818,-0.021467,0.06914,0.078612,0.036735,0.059837,0.09579,0.040396,0.030749
-0.343244,0.334351,-0.137818,-0.021467,0.06914,0.078612,0.036735,0.059837,0.09579,0.040396,0.030749,0.079407
-0.340331,0.334351,-0.021467,0.06914,0.078612,0.036735,0.059837,0.09579,0.040396,0.030749,0.079407,0.151379
-0.339107,0.342041,0.06914,0.078612,0.036735,0.059837,0.09579,0.040396,0.030749,0.079407,0.151379,-0.01158
-0.338178,0.342041,0.078612,0.036735,0.059837,0.09579,0.040396,0.030749,0.079407,0.151379,-0.01158,0.030204
-0.335784,0.342041,0.036735,0.059837,0.09579,0.040396,0.030749,0.079407,0.151379,-0.01158,0.030204,0.083138
-0.331239,0.342041,0.059837,0.09579,0.040396,0.030749,0.079407,0.151379,-0.01158,0.030204,0.083138,0.053049
-0.331585,0.342041,0.09579,0.040396,0.030749,0.079407,0.151379,-0.01158,0.030204,0.083138,0.053049,0.074107
-0.330682,0.342041,0.040396,0.030749,0.079407,0.151379,-0.01158,0.030204,0.083138,0.053049,0.074107,0.101027
-0.328205,0.342041,0.030749,0.079407,0.151379,-0.01158,0.030204,0.083138,0.053049,0.074107,0.101027,-0.068363
-0.326629,0.342041,0.079407,0.151379,-0.01158,0.030204,0.083138,0.053049,0.074107,0.101027,-0.068363,-0.201756
-0.32443,0.342041,0.151379,-0.01158,0.030204,0.083138,0.053049,0.074107,0.101027,-0.068363,-0.201756,0.040938
-0.321442,0.342041,-0.01158,0.030204,0.083138,0.053049,0.074107,0.101027,-0.068363,-0.201756,0.040938,0.171662
-0.32346,0.342041,0.030204,0.083138,0.053049,0.074107,0.101027,-0.068363,-0.201756,0.040938,0.171662,0.032352
-0.329445,0.342041,0.083138,0.053049,0.074107,0.101027,-0.068363,-0.201756,0.040938,0.171662,0.032352,0.068193
-0.328226,0.342041,0.053049,0.074107,0.101027,-0.068363,-0.201756,0.040938,0.171662,0.032352,0.068193,0.107182
-0.323131,0.358215,0.074107,0.101027,-0.068363,-0.201756,0.040938,0.171662,0.032352,0.068193,0.107182,0.071923
-0.322175,0.358215,0.101027,-0.068363,-0.201756,0.040938,0.171662,0.032352,0.068193,0.107182,0.071923,0.073338
-0.320166,0.358215,-0.068363,-0.201756,0.040938,0.171662,0.032352,0.068193,0.107182,0.071923,0.073338,0.128341
-0.317023,0.358215,-0.201756,0.040938,0.171662,0.032352,0.068193,0.107182,0.071923,0.073338,0.128341,0.037517
-0.314921,0.358215,0.040938,0.171662,0.032352,0.068193,0.107182,0.071923,0.073338,0.128341,0.037517,0.038315
-0.312782,0.358215,0.171662,0.032352,0.068193,0.107182,0.071923,0.073338,0.128341,0.037517,0.038315,0.075868
-0.309054,0.363953,0.032352,0.068193,0.107182,0.071923,0.073338,0.128341,0.037517,0.038315,0.075868,0.165476
-0.307969,0.363953,0.068193,0.107182,0.071923,0.073338,0.128341,0.037517,0.038315,0.075868,0.165476,-0.003073
-0.306863,0.363953,0.107182,0.071923,0.073338,0.128341,0.037517,0.038315,0.075868,0.165476,-0.003073,0.026495
-0.304679,0.363953,0.071923,0.073338,0.128341,0.037517,0.038315,0.075868,0.165476,-0.003073,0.026495,0.072435
-0.299932,0.363953,0.073338,0.128341,0.037517,0.038315,0.075868,0.165476,-0.003073,0.026495,0.072435,0.036106
-0.30002,0.363953,0.128341,0.037517,0.038315,0.075868,0.165476,-0.003073,0.026495,0.072435,0.036106,0.051599
-0.299263,0.363953,0.037517,0.038315,0.075868,0.165476,-0.003073,0.026495,0.072435,0.036106,0.051599,0.109413
-0.297201,0.363953,0.038315,0.075868,0.165476,-0.003073,0.026495,0.072435,0.036106,0.051599,0.109413,-0.016654
-0.296175,0.363953,0.075868,0.165476,-0.003073,0.026495,0.072435,0.036106,0.051599,0.109413,-0.016654,0.002794
-0.294709,0.363953,0.165476,-0.003073,0.026495,0.072435,0.036106,0.051599,0.109413,-0.016654,0.002794,0.053458
-0.29161,0.363953,-0.003073,0.026495,0.072435,0.036106,0.051599,0.109413,-0.016654,0.002794,0.053458,0.134744
-0.29208,0.363953,0.026495,0.072435,0.036106,0.051599,0.109413,-0.016654,0.002794,0.053458,0.134744,-0.028211
-0.292002,0.363953,0.072435,0.036106,0.051599,0.109413,-0.016654,0.002794,0.053458,0.134744,-0.028211,-0.079194
-0.290494,0.363953,0.036106,0.051599,0.109413,-0.016654,0.002794,0.053458,0.134744,-0.028211,-0.079194,-0.204463
-0.286703,0.366058,0.051599,0.109413,-0.016654,0.002794,0.053458,0.134744,-0.028211,-0.079194,-0.204463,-0.024971
-0.287496,0.366058,0.109413,-0.016654,0.002794,0.053458,0.134744,-0.028211,-0.079194,-0.204463,-0.024971,0.077339
-0.289722,0.366058,-0.016654,0.002794,0.053458,0.134744,-0.028211,-0.079194,-0.204463,-0.024971,0.077339,0.131489
-0.295497,0.366058,0.002794,0.053458,0.134744,-0.028211,-0.079194,-0.204463,-0.024971,0.077339,0.131489,-0.115417
-0.296206,0.366058,0.053458,0.134744,-0.028211,-0.079194,-0.204463,-0.024971,0.077339,0.131489,-0.115417,-0.257603
-0.29401,0.366058,0.134744,-0.028211,-0.079194,-0.204463,-0.024971,0.077339,0.131489,-0.115417,-0.257603,-0.007149
-0.290291,0.366058,-0.028211,-0.079194,-0.204463,-0.024971,0.077339,0.131489,-0.115417,-0.257603,-0.007149,0.158631
-0.293551,0.367371,-0.079194,-0.204463,-0.024971,0.077339,0.131489,-0.115417,-0.257603,-0.007149,0.158631,-0.009512
-0.300875,0.367371,-0.204463,-0.024971,0.077339,0.131489,-0.115417,-0.257603,-0.007149,0.158631,-0.009512,0.021552
-0.301079,0.367371,-0.024971,0.077339,0.131489,-0.115417,-0.257603,-0.007149,0.158631,-0.009512,0.021552,-0.006583
-0.296551,0.367371,0.077339,0.131489,-0.115417,-0.257603,-0.007149,0.158631,-0.009512,0.021552,-0.006583,-0.324965
-0.296822,0.367371,0.131489,-0.115417,-0.257603,-0.007149,0.158631,-0.009512,0.021552,-0.006583,-0.324965,-0.297228
-0.29621,0.367371,-0.115417,-0.257603,-0.007149,0.158631,-0.009512,0.021552,-0.006583,-0.324965,-0.297228,0.100388
-0.296396,0.367371,-0.257603,-0.007149,0.158631,-0.009512,0.021552,-0.006583,-0.324965,-0.297228,0.100388,0.064269
-0.30569,0.367371,-0.007149,0.158631,-0.009512,0.021552,-0.006583,-0.324965,-0.297228,0.100388,0.064269,0.058783
-0.314311,0.367371,0.158631,-0.009512,0.021552,-0.006583,-0.324965,-0.297228,0.100388,0.064269,0.058783,0.064078
-0.311387,0.367371,-0.009512,0.021552,-0.006583,-0.324965,-0.297228,0.100388,0.064269,0.058783,0.064078,0.131179
-0.309523,0.367371,0.021552,-0.006583,-0.324965,-0.297228,0.100388,0.064269,0.058783,0.064078,0.131179,-0.030099
-0.307824,0.367371,-0.006583,-0.324965,-0.297228,0.100388,0.064269,0.058783,0.064078,0.131179,-0.030099,0.020174
-0.305976,0.367371,-0.324965,-0.297228,0.100388,0.064269,0.058783,0.064078,0.131179,-0.030099,0.020174,-0.017627
-0.302203,0.369842,-0.297228,0.100388,0.064269,0.058783,0.064078,0.131179,-0.030099,0.020174,-0.017627,-0.223091
-0.303067,0.369842,0.100388,0.064269,0.058783,0.064078,0.131179,-0.030099,0.020174,-0.017627,-0.223091,-0.049126
-0.302489,0.369842,0.064269,0.058783,0.064078,0.131179,-0.030099,0.020174,-0.017627,-0.223091,-0.049126,-0.121334
-0.302994,0.369842,0.058783,0.064078,0.131179,-0.030099,0.020174,-0.017627,-0.223091,-0.049126,-0.121334,-0.016069
-0.309421,0.369842,0.064078,0.131179,-0.030099,0.020174,-0.017627,-0.223091,-0.049126,-0.121334,-0.016069,0.055337
-0.310846,0.369842,0.131179,-0.030099,0.020174,-0.017627,-0.223091,-0.049126,-0.121334,-0.016069,0.055337,0.09244
-0.31438,0.373352,-0.030099,0.020174,-0.017627,-0.223091,-0.049126,-0.121334,-0.016069,0.055337,0.09244,0.17781
-0.314849,0.373352,0.020174,-0.017627,-0.223091,-0.049126,-0.121334,-0.016069,0.055337,0.09244,0.17781,0.013554
-0.313237,0.373352,-0.017627,-0.223091,-0.049126,-0.121334,-0.016069,0.055337,0.09244,0.17781,0.013554,0.055256
-0.310552,0.373352,-0.223091,-0.049126,-0.121334,-0.016069,0.055337,0.09244,0.17781,0.013554,0.055256,0.129496
-0.305409,0.373352,-0.049126,-0.121334,-0.016069,0.055337,0.09244,0.17781,0.013554,0.055256,0.129496,0.08937
-0.305019,0.373352,-0.121334,-0.016069,0.055337,0.09244,0.17781,0.013554,0.055256,0.129496,0.08937,0.095124
-0.303431,0.373352,-0.016069,0.055337,0.09244,0.17781,0.013554,0.055256,0.129496,0.08937,0.095124,0.16523
-0.299726,0.373352,0.055337,0.09244,0.17781,0.013554,0.055256,0.129496,0.08937,0.095124,0.16523,0.022527
-0.29718,0.373352,0.09244,0.17781,0.013554,0.055256,0.129496,0.08937,0.095124,0.16523,0.022527,0.030475
-0.294476,0.373352,0.17781,0.013554,0.055256,0.129496,0.08937,0.095124,0.16523,0.022527,0.030475,0.084281
-0.289803,0.373352,0.013554,0.055256,0.129496,0.08937,0.095124,0.16523,0.022527,0.030475,0.084281,0.178725
-0.289169,0.373352,0.055256,0.129496,0.08937,0.095124,0.16523,0.022527,0.030475,0.084281,0.178725,0.011279
-0.288313,0.373352,0.129496,0.08937,0.095124,0.16523,0.022527,0.030475,0.084281,0.178725,0.011279,0.033186
-0.28595,0.373352,0.08937,0.095124,0.16523,0.022527,0.030475,0.084281,0.178725,0.011279,0.033186,0.094301
-0.280958,0.379486,0.095124,0.16523,0.022527,0.030475,0.084281,0.178725,0.011279,0.033186,0.094301,0.061698
-0.280644,0.379486,0.16523,0.022527,0.030475,0.084281,0.178725,0.011279,0.033186,0.094301,0.061698,0.093949
-0.279722,0.379486,0.022527,0.030475,0.084281,0.178725,0.011279,0.033186,0.094301,0.061698,0.093949,0.145731
-0.277111,0.379486,0.030475,0.084281,0.178725,0.011279,0.033186,0.094301,0.061698,0.093949,0.145731,0.004169
-0.275407,0.379486,0.084281,0.178725,0.011279,0.033186,0.094301,0.061698,0.093949,0.145731,0.004169,0.016264
-0.272816,0.379486,0.178725,0.011279,0.033186,0.094301,0.061698,0.093949,0.145731,0.004169,0.016264,0.067978
-0.268815,0.379486,0.011279,0.033186,0.094301,0.061698,0.093949,0.145731,0.004169,0.016264,0.067978,0.161903
-0.268701,0.381439,0.033186,0.094301,0.061698,0.093949,0.145731,0.004169,0.016264,0.067978,0.161903,-0.010933
-0.268257,0.381439,0.094301,0.061698,0.093949,0.145731,0.004169,0.016264,0.067978,0.161903,-0.010933,0.029127
-0.266402,0.381439,0.061698,0.093949,0.145731,0.004169,0.016264,0.067978,0.161903,-0.010933,0.029127,0.082155
-0.261999,0.381439,0.093949,0.145731,0.004169,0.016264,0.067978,0.161903,-0.010933,0.029127,0.082155,0.024813
-0.262295,0.381439,0.145731,0.004169,0.016264,0.067978,0.161903,-0.010933,0.029127,0.082155,0.024813,0.045827
-0.261506,0.381439,0.004169,0.016264,0.067978,0.161903,-0.010933,0.029127,0.082155,0.024813,0.045827,0.125976
-0.259287,0.381439,0.016264,0.067978,0.161903,-0.010933,0.029127,0.082155,0.024813,0.045827,0.125976,-0.016911
-0.258617,0.381439,0.067978,0.161903,-0.010933,0.029127,0.082155,0.024813,0.045827,0.125976,-0.016911,-0.038956
-0.257381,0.381439,0.161903,-0.010933,0.029127,0.082155,0.024813,0.045827,0.125976,-0.016911,-0.038956,0.037355
-0.253993,0.381439,-0.010933,0.029127,0.082155,0.024813,0.045827,0.125976,-0.016911,-0.038956,0.037355,0.130479
-0.254446,0.381439,0.029127,0.082155,0.024813,0.045827,0.125976,-0.016911,-0.038956,0.037355,0.130479,-0.170719
-0.255491,0.381439,0.082155,0.024813,0.045827,0.125976,-0.016911,-0.038956,0.037355,0.130479,-0.170719,-0.336441
-0.254489,0.381439,0.024813,0.045827,0.125976,-0.016911,-0.038956,0.037355,0.130479,-0.170719,-0.336441,-0.308009
-0.250994,0.381439,0.045827,0.125976,-0.016911,-0.038956,0.037355,0.130479,-0.170719,-0.336441,-0.308009,-0.009105
-0.255571,0.381439,0.125976,-0.016911,-0.038956,0.037355,0.130479,-0.170719,-0.336441,-0.308009,-0.009105,0.080741
-0.264665,0.385498,-0.016911,-0.038956,0.037355,0.130479,-0.170719,-0.336441,-0.308009,-0.009105,0.080741,0.168961
-0.273083,0.385498,-0.038956,0.037355,0.130479,-0.170719,-0.336441,-0.308009,-0.009105,0.080741,0.168961,-0.021579
-0.273333,0.385498,0.037355,0.130479,-0.170719,-0.336441,-0.308009,-0.009105,0.080741,0.168961,-0.021579,-0.023656
-0.271113,0.385498,0.130479,-0.170719,-0.336441,-0.308009,-0.009105,0.080741,0.168961,-0.021579,-0.023656,-0.033399
-0.266487,0.385498,-0.170719,-0.336441,-0.308009,-0.009105,0.080741,0.168961,-0.021579,-0.023656,-0.033399,-0.203256
-0.267075,0.385498,-0.336441,-0.308009,-0.009105,0.080741,0.168961,-0.021579,-0.023656,-0.033399,-0.203256,-0.048275
-0.26772,0.385498,-0.308009,-0.009105,0.080741,0.168961,-0.021579,-0.023656,-0.033399,-0.203256,-0.048275,0.089828
-0.268633,0.389801,-0.009105,0.080741,0.168961,-0.021579,-0.023656,-0.033399,-0.203256,-0.048275,0.089828,0.098245
-0.274216,0.389801,0.080741,0.168961,-0.021579,-0.023656,-0.033399,-0.203256,-0.048275,0.089828,0.098245,0.007089
-0.275549,0.389801,0.168961,-0.021579,-0.023656,-0.033399,-0.203256,-0.048275,0.089828,0.098245,0.007089,0.029163
-0.273074,0.389801,-0.021579,-0.023656,-0.033399,-0.203256,-0.048275,0.089828,0.098245,0.007089,0.029163,0.089359
-0.270378,0.389801,-0.023656,-0.033399,-0.203256,-0.048275,0.089828,0.098245,0.007089,0.029163,0.089359,-0.025247
-0.270184,0.389801,-0.033399,-0.203256,-0.048275,0.089828,0.098245,0.007089,0.029163,0.089359,-0.025247,-0.031582
-0.269385,0.389801,-0.203256,-0.048275,0.089828,0.098245,0.007089,0.029163,0.089359,-0.025247,-0.031582,0.058678
-0.26694,0.389801,-0.048275,0.089828,0.098245,0.007089,0.029163,0.089359,-0.025247,-0.031582,0.058678,0.15973
-0.267629,0.389801,0.089828,0.098245,0.007089,0.029163,0.089359,-0.025247,-0.031582,0.058678,0.15973,-0.16521
-0.268491,0.389801,0.098245,0.007089,0.029163,0.089359,-0.025247,-0.031582,0.058678,0.15973,-0.16521,-0.237011
-0.26689,0.389801,0.007089,0.029163,0.089359,-0.025247,-0.031582,0.058678,0.15973,-0.16521,-0.237011,-0.016529
-0.262542,0.389801,0.029163,0.089359,-0.025247,-0.031582,0.058678,0.15973,-0.16521,-0.237011,-0.016529,0.070822
-0.267041,0.389801,0.089359,-0.025247,-0.031582,0.058678,0.15973,-0.16521,-0.237011,-0.016529,0.070822,0.061088
-0.273536,0.389801,-0.025247,-0.031582,0.058678,0.15973,-0.16521,-0.237011,-0.016529,0.070822,0.061088,0.157785
-0.273991,0.389801,-0.031582,0.058678,0.15973,-0.16521,-0.237011,-0.016529,0.070822,0.061088,0.157785,-0.005546
-0.272044,0.41156,0.058678,0.15973,-0.16521,-0.237011,-0.016529,0.070822,0.061088,0.157785,-0.005546,-0.000251
-0.270366,0.41156,0.15973,-0.16521,-0.237011,-0.016529,0.070822,0.061088,0.157785,-0.005546,-0.000251,0.051059
-0.266049,0.41156,-0.16521,-0.237011,-0.016529,0.070822,0.061088,0.157785,-0.005546,-0.000251,0.051059,0.167277
-0.266201,0.41156,-0.237011,-0.016529,0.070822,0.061088,0.157785,-0.005546,-0.000251,0.051059,0.167277,-0.12751
-0.266207,0.41156,-0.016529,0.070822,0.061088,0.157785,-0.005546,-0.000251,0.051059,0.167277,-0.12751,-0.210234
-0.264818,0.41156,0.070822,0.061088,0.157785,-0.005546,-0.000251,0.051059,0.167277,-0.12751,-0.210234,0.029669
-0.260278,0.41156,0.061088,0.157785,-0.005546,-0.000251,0.051059,0.167277,-0.12751,-0.210234,0.029669,0.104935
-0.263737,0.416382,0.157785,-0.005546,-0.000251,0.051059,0.167277,-0.12751,-0.210234,0.029669,0.104935,0.115273
-0.26947,0.416382,-0.005546,-0.000251,0.051059,0.167277,-0.12751,-0.210234,0.029669,0.104935,0.115273,0.173966
-0.268659,0.416382,-0.000251,0.051059,0.167277,-0.12751,-0.210234,0.029669,0.104935,0.115273,0.173966,0.029852
-0.265796,0.416382,0.051059,0.167277,-0.12751,-0.210234,0.029669,0.104935,0.115273,0.173966,0.029852,0.018489
-0.262661,0.416382,0.167277,-0.12751,-0.210234,0.029669,0.104935,0.115273,0.173966,0.029852,0.018489,0.103884
-0.257952,0.416382,-0.12751,-0.210234,0.029669,0.104935,0.115273,0.173966,0.029852,0.018489,0.103884,0.208593
-0.257148,0.416382,-0.210234,0.029669,0.104935,0.115273,0.173966,0.029852,0.018489,0.103884,0.208593,0.025438
-0.256651,0.416382,0.029669,0.104935,0.115273,0.173966,0.029852,0.018489,0.103884,0.208593,0.025438,0.069129
-0.253863,0.416382,0.104935,0.115273,0.173966,0.029852,0.018489,0.103884,0.208593,0.025438,0.069129,0.120338
-0.248289,0.416382,0.115273,0.173966,0.029852,0.018489,0.103884,0.208593,0.025438,0.069129,0.120338,0.046328
-0.247611,0.416382,0.173966,0.029852,0.018489,0.103884,0.208593,0.025438,0.069129,0.120338,0.046328,0.059665
-0.245776,0.416382,0.029852,0.018489,0.103884,0.208593,0.025438,0.069129,0.120338,0.046328,0.059665,0.021135
-0.242595,0.416382,0.018489,0.103884,0.208593,0.025438,0.069129,0.120338,0.046328,0.059665,0.021135,-0.233314
-0.241373,0.416382,0.103884,0.208593,0.025438,0.069129,0.120338,0.046328,0.059665,0.021135,-0.233314,-0.071038
-0.239801,0.416382,0.208593,0.025438,0.069129,0.120338,0.046328,0.059665,0.021135,-0.233314,-0.071038,0.142635
-0.239245,0.424866,0.025438,0.069129,0.120338,0.046328,0.059665,0.021135,-0.233314,-0.071038,0.142635,0.223691
-0.245403,0.424866,0.069129,0.120338,0.046328,0.059665,0.021135,-0.233314,-0.071038,0.142635,0.223691,0.029717
-0.247286,0.424866,0.120338,0.046328,0.059665,0.021135,-0.233314,-0.071038,0.142635,0.223691,0.029717,0.03215
-0.243508,0.424866,0.046328,0.059665,0.021135,-0.233314,-0.071038,0.142635,0.223691,0.029717,0.03215,0.108975
-0.237613,0.424866,0.059665,0.021135,-0.233314,-0.071038,0.142635,0.223691,0.029717,0.03215,0.108975,0.042046
-0.236833,0.424866,0.021135,-0.233314,-0.071038,0.142635,0.223691,0.029717,0.03215,0.108975,0.042046,0.05776
-0.235991,0.424866,-0.233314,-0.071038,0.142635,0.223691,0.029717,0.03215,0.108975,0.042046,0.05776,0.199071
-0.233146,0.424866,-0.071038,0.142635,0.223691,0.029717,0.03215,0.108975,0.042046,0.05776,0.199071,0.023264
-0.232051,0.424866,0.142635,0.223691,0.029717,0.03215,0.108975,0.042046,0.05776,0.199071,0.023264,0.002491
-0.230547,0.425903,0.223691,0.029717,0.03215,0.108975,0.042046,0.05776,0.199071,0.023264,0.002491,-0.019627
-0.225385,0.425903,0.029717,0.03215,0.108975,0.042046,0.05776,0.199071,0.023264,0.002491,-0.019627,-0.215906
-0.224785,0.425903,0.03215,0.108975,0.042046,0.05776,0.199071,0.023264,0.002491,-0.019627,-0.215906,-0.074776
-0.22472,0.425903,0.108975,0.042046,0.05776,0.199071,0.023264,0.002491,-0.019627,-0.215906,-0.074776,0.059836
-0.225227,0.425903,0.042046,0.05776,0.199071,0.023264,0.002491,-0.019627,-0.215906,-0.074776,0.059836,0.122618
-0.230824,0.425903,0.05776,0.199071,0.023264,0.002491,-0.019627,-0.215906,-0.074776,0.059836,0.122618,0.052806
-0.232773,0.425903,0.199071,0.023264,0.002491,-0.019627,-0.215906,-0.074776,0.059836,0.122618,0.052806,0.038363
-0.231215,0.425903,0.023264,0.002491,-0.019627,-0.215906,-0.074776,0.059836,0.122618,0.052806,0.038363,0.175765
-0.228035,0.425903,0.002491,-0.019627,-0.215906,-0.074776,0.059836,0.122618,0.052806,0.038363,0.175765,-0.024903
-0.226668,0.425903,-0.019627,-0.215906,-0.074776,0.059836,0.122618,0.052806,0.038363,0.175765,-0.024903,-0.012926
-0.225676,0.425903,-0.215906,-0.074776,0.059836,0.122618,0.052806,0.038363,0.175765,-0.024903,-0.012926,0.050095
-0.221145,0.425903,-0.074776,0.059836,0.122618,0.052806,0.038363,0.175765,-0.024903,-0.012926,0.050095,0.191786
-0.221785,0.425903,0.059836,0.122618,0.052806,0.038363,0.175765,-0.024903,-0.012926,0.050095,0.191786,-0.031499
-0.222117,0.425903,0.122618,0.052806,0.038363,0.175765,-0.024903,-0.012926,0.050095,0.191786,-0.031499,-0.137685
-0.220831,0.425903,0.052806,0.038363,0.175765,-0.024903,-0.012926,0.050095,0.191786,-0.031499,-0.137685,-0.238774
-0.21592,0.425903,0.038363,0.175765,-0.024903,-0.012926,0.050095,0.191786,-0.031499,-0.137685,-0.238774,-0.059817
-0.216724,0.425781,0.175765,-0.024903,-0.012926,0.050095,0.191786,-0.031499,-0.137685,-0.238774,-0.059817,0.056279
-0.220248,0.425781,-0.024903,-0.012926,0.050095,0.191786,-0.031499,-0.137685,-0.238774,-0.059817,0.056279,0.205355
-0.22639,0.425781,-0.012926,0.050095,0.191786,-0.031499,-0.137685,-0.238774,-0.059817,0.056279,0.205355,-0.019001
-0.227937,0.425781,0.050095,0.191786,-0.031499,-0.137685,-0.238774,-0.059817,0.056279,0.205355,-0.019001,-0.041648
-0.22648,0.425781,0.191786,-0.031499,-0.137685,-0.238774,-0.059817,0.056279,0.205355,-0.019001,-0.041648,-0.033036
-0.221183,0.425781,-0.031499,-0.137685,-0.238774,-0.059817,0.056279,0.205355,-0.019001,-0.041648,-0.033036,-0.230213
-0.221671,0.425781,-0.137685,-0.238774,-0.059817,0.056279,0.205355,-0.019001,-0.041648,-0.033036,-0.230213,-0.061636
-0.222741,0.425781,-0.238774,-0.059817,0.056279,0.205355,-0.019001,-0.041648,-0.033036,-0.230213,-0.061636,0.073177
-0.223591,0.423553,-0.059817,0.056279,0.205355,-0.019001,-0.041648,-0.033036,-0.230213,-0.061636,0.073177,0.141755
-0.229548,0.423553,0.056279,0.205355,-0.019001,-0.041648,-0.033036,-0.230213,-0.061636,0.073177,0.141755,0.045182
-0.231152,0.423553,0.205355,-0.019001,-0.041648,-0.033036,-0.230213,-0.061636,0.073177,0.141755,0.045182,0.021052
-0.229251,0.423553,-0.019001,-0.041648,-0.033036,-0.230213,-0.061636,0.073177,0.141755,0.045182,0.021052,0.141502
-0.225584,0.423553,-0.041648,-0.033036,-0.230213,-0.061636,0.073177,0.141755,0.045182,0.021052,0.141502,-0.067019
-0.224419,0.423553,-0.033036,-0.230213,-0.061636,0.073177,0.141755,0.045182,0.021052,0.141502,-0.067019,-0.007763
-0.223876,0.423553,-0.230213,-0.061636,0.073177,0.141755,0.045182,0.021052,0.141502,-0.067019,-0.007763,0.07378
-0.220235,0.423553,-0.061636,0.073177,0.141755,0.045182,0.021052,0.141502,-0.067019,-0.007763,0.07378,0.197449
-0.221955,0.423553,0.073177,0.141755,0.045182,0.021052,0.141502,-0.067019,-0.007763,0.07378,0.197449,-0.020276
-0.222155,0.423553,0.141755,0.045182,0.021052,0.141502,-0.067019,-0.007763,0.07378,0.197449,-0.020276,-0.135183
-0.220261,0.423553,0.045182,0.021052,0.141502,-0.067019,-0.007763,0.07378,0.197449,-0.020276,-0.135183,-0.233185
-0.215209,0.423553,0.021052,0.141502,-0.067019,-0.007763,0.07378,0.197449,-0.020276,-0.135183,-0.233185,-0.039881
-0.215727,0.423553,0.141502,-0.067019,-0.007763,0.07378,0.197449,-0.020276,-0.135183,-0.233185,-0.039881,0.072543
-0.219181,0.423553,-0.067019,-0.007763,0.07378,0.197449,-0.020276,-0.135183,-0.233185,-0.039881,0.072543,0.207166
-0.225171,0.423553,-0.007763,0.07378,0.197449,-0.020276,-0.135183,-0.233185,-0.039881,0.072543,0.207166,-0.000442
-0.226201,0.423553,0.07378,0.197449,-0.020276,-0.135183,-0.233185,-0.039881,0.072543,0.207166,-0.000442,-0.004831
-0.224327,0.423553,0.197449,-0.020276,-0.135183,-0.233185,-0.039881,0.072543,0.207166,-0.000442,-0.004831,0.062528
-0.218998,0.424469,-0.020276,-0.135183,-0.233185,-0.039881,0.072543,0.207166,-0.000442,-0.004831,0.062528,0.013703
-0.21901,0.424469,-0.135183,-0.233185,-0.039881,0.072543,0.207166,-0.000442,-0.004831,0.062528,0.013703,-0.432895
-0.219133,0.424469,-0.233185,-0.039881,0.072543,0.207166,-0.000442,-0.004831,0.062528,0.013703,-0.432895,-0.279307
-0.217534,0.424469,-0.039881,0.072543,0.207166,-0.000442,-0.004831,0.062528,0.013703,-0.432895,-0.279307,0.085837
-0.217184,0.424469,0.072543,0.207166,-0.000442,-0.004831,0.062528,0.013703,-0.432895,-0.279307,0.085837,0.124436
-0.228335,0.424469,0.207166,-0.000442,-0.004831,0.062528,0.013703,-0.432895,-0.279307,0.085837,0.124436,0.091054
-0.235607,0.424469,-0.000442,-0.004831,0.062528,0.013703,-0.432895,-0.279307,0.085837,0.124436,0.091054,0.192552
-0.233367,0.423553,-0.004831,0.062528,0.013703,-0.432895,-0.279307,0.085837,0.124436,0.091054,0.192552,-0.021895
-0.230129,0.423553,0.062528,0.013703,-0.432895,-0.279307,0.085837,0.124436,0.091054,0.192552,-0.021895,-0.028973
-0.227766,0.423553,0.013703,-0.432895,-0.279307,0.085837,0.124436,0.091054,0.192552,-0.021895,-0.028973,0.067424
-0.22279,0.423553,-0.432895,-0.279307,0.085837,0.124436,0.091054,0.192552,-0.021895,-0.028973,0.067424,0.183278
-0.223354,0.423553,-0.279307,0.085837,0.124436,0.091054,0.192552,-0.021895,-0.028973,0.067424,0.183278,0.026155
-0.224099,0.423553,0.085837,0.124436,0.091054,0.192552,-0.021895,-0.028973,0.067424,0.183278,0.026155,0.037257
-0.222364,0.423553,0.124436,0.091054,0.192552,-0.021895,-0.028973,0.067424,0.183278,0.026155,0.037257,0.087563
-0.217662,0.423553,0.091054,0.192552,-0.021895,-0.028973,0.067424,0.183278,0.026155,0.037257,0.087563,0.012509
-0.216993,0.423553,0.192552,-0.021895,-0.028973,0.067424,0.183278,0.026155,0.037257,0.087563,0.012509,0.009103
-0.216042,0.423553,-0.021895,-0.028973,0.067424,0.183278,0.026155,0.037257,0.087563,0.012509,0.009103,0.161696
-0.213813,0.423553,-0.028973,0.067424,0.183278,0.026155,0.037257,0.087563,0.012509,0.009103,0.161696,-0.180162
-0.213495,0.423553,0.067424,0.183278,0.026155,0.037257,0.087563,0.012509,0.009103,0.161696,-0.180162,-0.288446
-0.213264,0.423553,0.183278,0.026155,0.037257,0.087563,0.012509,0.009103,0.161696,-0.180162,-0.288446,-0.000859
-0.20916,0.423553,0.026155,0.037257,0.087563,0.012509,0.009103,0.161696,-0.180162,-0.288446,-0.000859,0.225434
-0.213728,0.423553,0.037257,0.087563,0.012509,0.009103,0.161696,-0.180162,-0.288446,-0.000859,0.225434,0.052957
-0.221093,0.423553,0.087563,0.012509,0.009103,0.161696,-0.180162,-0.288446,-0.000859,0.225434,0.052957,0.027175
-0.221115,0.423553,0.012509,0.009103,0.161696,-0.180162,-0.288446,-0.000859,0.225434,0.052957,0.027175,0.117782
-0.215344,0.419647,0.009103,0.161696,-0.180162,-0.288446,-0.000859,0.225434,0.052957,0.027175,0.117782,0.038008
-0.213994,0.419647,0.161696,-0.180162,-0.288446,-0.000859,0.225434,0.052957,0.027175,0.117782,0.038008,0.04065
-0.213303,0.419647,-0.180162,-0.288446,-0.000859,0.225434,0.052957,0.027175,0.117782,0.038008,0.04065,0.190947
-0.210317,0.419647,-0.288446,-0.000859,0.225434,0.052957,0.027175,0.117782,0.038008,0.04065,0.190947,-0.001241
-0.209355,0.419647,-0.000859,0.225434,0.052957,0.027175,0.117782,0.038008,0.04065,0.190947,-0.001241,0.024393
-0.208327,0.419647,0.225434,0.052957,0.027175,0.117782,0.038008,0.04065,0.190947,-0.001241,0.024393,0.088166
-0.203513,0.419647,0.052957,0.027175,0.117782,0.038008,0.04065,0.190947,-0.001241,0.024393,0.088166,0.180603
-0.203544,0.419647,0.027175,0.117782,0.038008,0.04065,0.190947,-0.001241,0.024393,0.088166,0.180603,-0.019405
-0.202932,0.417694,0.117782,0.038008,0.04065,0.190947,-0.001241,0.024393,0.088166,0.180603,-0.019405,-0.006593
-0.200725,0.417694,0.038008,0.04065,0.190947,-0.001241,0.024393,0.088166,0.180603,-0.019405,-0.006593,-0.050234
-0.196215,0.417694,0.04065,0.190947,-0.001241,0.024393,0.088166,0.180603,-0.019405,-0.006593,-0.050234,-0.366388
-0.196698,0.417694,0.190947,-0.001241,0.024393,0.088166,0.180603,-0.019405,-0.006593,-0.050234,-0.366388,-0.367356
-0.196863,0.417694,-0.001241,0.024393,0.088166,0.180603,-0.019405,-0.006593,-0.050234,-0.366388,-0.367356,0.167883
-0.198113,0.417694,0.024393,0.088166,0.180603,-0.019405,-0.006593,-0.050234,-0.366388,-0.367356,0.167883,0.068118
-0.207299,0.417694,0.088166,0.180603,-0.019405,-0.006593,-0.050234,-0.366388,-0.367356,0.167883,0.068118,0.064644
-0.216629,0.417694,0.180603,-0.019405,-0.006593,-0.050234,-0.366388,-0.367356,0.167883,0.068118,0.064644,0.101249
-0.21235,0.417694,-0.019405,-0.006593,-0.050234,-0.366388,-0.367356,0.167883,0.068118,0.064644,0.101249,0.189797
-0.210623,0.417694,-0.006593,-0.050234,-0.366388,-0.367356,0.167883,0.068118,0.064644,0.101249,0.189797,-0.021593
-0.208988,0.417694,-0.050234,-0.366388,-0.367356,0.167883,0.068118,0.064644,0.101249,0.189797,-0.021593,0.008348
-0.206434,0.417694,-0.366388,-0.367356,0.167883,0.068118,0.064644,0.101249,0.189797,-0.021593,0.008348,-0.026361
-0.201661,0.417694,-0.367356,0.167883,0.068118,0.064644,0.101249,0.189797,-0.021593,0.008348,-0.026361,-0.241446
-0.202203,0.417694,0.167883,0.068118,0.064644,0.101249,0.189797,-0.021593,0.008348,-0.026361,-0.241446,0.018252
-0.201994,0.417694,0.068118,0.064644,0.101249,0.189797,-0.021593,0.008348,-0.026361,-0.241446,0.018252,0.225738
-0.202654,0.417694,0.064644,0.101249,0.189797,-0.021593,0.008348,-0.026361,-0.241446,0.018252,0.225738,-0.121039
-0.20873,0.417694,0.101249,0.189797,-0.021593,0.008348,-0.026361,-0.241446,0.018252,0.225738,-0.121039,-0.269807
-0.208268,0.413117,0.189797,-0.021593,0.008348,-0.026361,-0.241446,0.018252,0.225738,-0.121039,-0.269807,0.014811
-0.202581,0.413117,-0.021593,0.008348,-0.026361,-0.241446,0.018252,0.225738,-0.121039,-0.269807,0.014811,0.211009
-0.205622,0.413117,0.008348,-0.026361,-0.241446,0.018252,0.225738,-0.121039,-0.269807,0.014811,0.211009,0.025353
-0.212438,0.413117,-0.026361,-0.241446,0.018252,0.225738,-0.121039,-0.269807,0.014811,0.211009,0.025353,0.044909
-0.212062,0.413117,-0.241446,0.018252,0.225738,-0.121039,-0.269807,0.014811,0.211009,0.025353,0.044909,0.12648
-0.20672,0.413117,0.018252,0.225738,-0.121039,-0.269807,0.014811,0.211009,0.025353,0.044909,0.12648,0.083689
-0.206081,0.413117,0.225738,-0.121039,-0.269807,0.014811,0.211009,0.025353,0.044909,0.12648,0.083689,0.046354
-0.20495,0.413117,-0.121039,-0.269807,0.014811,0.211009,0.025353,0.044909,0.12648,0.083689,0.046354,0.191183
-0.201778,0.414429,-0.269807,0.014811,0.211009,0.025353,0.044909,0.12648,0.083689,0.046354,0.191183,0.002497
-0.199685,0.414429,0.014811,0.211009,0.025353,0.044909,0.12648,0.083689,0.046354,0.191183,0.002497,0.004907
-0.198527,0.414429,0.211009,0.025353,0.044909,0.12648,0.083689,0.046354,0.191183,0.002497,0.004907,0.08596
-0.193765,0.414429,0.025353,0.044909,0.12648,0.083689,0.046354,0.191183,0.002497,0.004907,0.08596,0.172121
-0.193703,0.414429,0.044909,0.12648,0.083689,0.046354,0.191183,0.002497,0.004907,0.08596,0.172121,-0.010495
-0.193582,0.414429,0.12648,0.083689,0.046354,0.191183,0.002497,0.004907,0.08596,0.172121,-0.010495,0.019684
-0.191454,0.414429,0.083689,0.046354,0.191183,0.002497,0.004907,0.08596,0.172121,-0.010495,0.019684,0.064213
-0.187205,0.414429,0.046354,0.191183,0.002497,0.004907,0.08596,0.172121,-0.010495,0.019684,0.064213,0.049986
-0.187463,0.414429,0.191183,0.002497,0.004907,0.08596,0.172121,-0.010495,0.019684,0.064213,0.049986,0.031078
-0.186979,0.414429,0.002497,0.004907,0.08596,0.172121,-0.010495,0.019684,0.064213,0.049986,0.031078,0.185574
-0.185402,0.414429,0.004907,0.08596,0.172121,-0.010495,0.019684,0.064213,0.049986,0.031078,0.185574,-0.025968
-0.184177,0.414429,0.08596,0.172121,-0.010495,0.019684,0.064213,0.049986,0.031078,0.185574,-0.025968,-0.024863
-0.183415,0.414429,0.172121,-0.010495,0.019684,0.064213,0.049986,0.031078,0.185574,-0.025968,-0.024863,0.090636
-0.178878,0.414429,-0.010495,0.019684,0.064213,0.049986,0.031078,0.185574,-0.025968,-0.024863,0.090636,0.174745
-0.17951,0.414429,0.019684,0.064213,0.049986,0.031078,0.185574,-0.025968,-0.024863,0.090636,0.174745,-0.023663
-0.180116,0.414429,0.064213,0.049986,0.031078,0.185574,-0.025968,-0.024863,0.090636,0.174745,-0.023663,0.001986
-0.177909,0.414429,0.049986,0.031078,0.185574,-0.025968,-0.024863,0.090636,0.174745,-0.023663,0.001986,0.05419
-0.173666,0.407135,0.031078,0.185574,-0.025968,-0.024863,0.090636,0.174745,-0.023663,0.001986,0.05419,0.026928
-0.17424,0.407135,0.185574,-0.025968,-0.024863,0.090636,0.174745,-0.023663,0.001986,0.05419,0.026928,0.000666
-0.174191,0.407135,-0.025968,-0.024863,0.090636,0.174745,-0.023663,0.001986,0.05419,0.026928,0.000666,0.191107
-0.172881,0.407135,-0.024863,0.090636,0.174745,-0.023663,0.001986,0.05419,0.026928,0.000666,0.191107,-0.033641
-0.172231,0.407135,0.090636,0.174745,-0.023663,0.001986,0.05419,0.026928,0.000666,0.191107,-0.033641,-0.135695
-0.172215,0.407135,0.174745,-0.023663,0.001986,0.05419,0.026928,0.000666,0.191107,-0.033641,-0.135695,-0.28923
-0.167606,0.407135,-0.023663,0.001986,0.05419,0.026928,0.000666,0.191107,-0.033641,-0.135695,-0.28923,0.10957
-0.168414,0.407135,0.001986,0.05419,0.026928,0.000666,0.191107,-0.033641,-0.135695,-0.28923,0.10957,0.016584
-0.171681,0.407135,0.05419,0.026928,0.000666,0.191107,-0.033641,-0.135695,-0.28923,0.10957,0.016584,0.010667
-0.17869,0.408447,0.026928,0.000666,0.191107,-0.033641,-0.135695,-0.28923,0.10957,0.016584,0.010667,0.061885
-0.176024,0.408447,0.000666,0.191107,-0.033641,-0.135695,-0.28923,0.10957,0.016584,0.010667,0.061885,0.018926
-0.175621,0.408447,0.191107,-0.033641,-0.135695,-0.28923,0.10957,0.016584,0.010667,0.061885,0.018926,0.003385
-0.175363,0.408447,-0.033641,-0.135695,-0.28923,0.10957,0.016584,0.010667,0.061885,0.018926,0.003385,0.170589
-0.173865,0.408447,-0.135695,-0.28923,0.10957,0.016584,0.010667,0.061885,0.018926,0.003385,0.170589,-0.072806
-0.173407,0.408447,-0.28923,0.10957,0.016584,0.010667,0.061885,0.018926,0.003385,0.170589,-0.072806,-0.062852
-0.173325,0.408447,0.10957,0.016584,0.010667,0.061885,0.018926,0.003385,0.170589,-0.072806,-0.062852,0.076801
-0.169204,0.408447,0.016584,0.010667,0.061885,0.018926,0.003385,0.170589,-0.072806,-0.062852,0.076801,-0.004775
-0.170958,0.408447,0.010667,0.061885,0.018926,0.003385,0.170589,-0.072806,-0.062852,0.076801,-0.004775,-0.294873
-0.172474,0.408447,0.061885,0.018926,0.003385,0.170589,-0.072806,-0.062852,0.076801,-0.004775,-0.294873,-0.104629
-0.170621,0.408447,0.018926,0.003385,0.170589,-0.072806,-0.062852,0.076801,-0.004775,-0.294873,-0.104629,0.060672
-0.170737,0.408447,0.003385,0.170589,-0.072806,-0.062852,0.076801,-0.004775,-0.294873,-0.104629,0.060672,0.034402
-0.177886,0.408447,0.170589,-0.072806,-0.062852,0.076801,-0.004775,-0.294873,-0.104629,0.060672,0.034402,0.016634
-0.180435,0.408447,-0.072806,-0.062852,0.076801,-0.004775,-0.294873,-0.104629,0.060672,0.034402,0.016634,0.151866
-0.178958,0.408447,-0.062852,0.076801,-0.004775,-0.294873,-0.104629,0.060672,0.034402,0.016634,0.151866,-0.064799
-0.178121,0.408447,0.076801,-0.004775,-0.294873,-0.104629,0.060672,0.034402,0.016634,0.151866,-0.064799,-0.067969
-0.177716,0.408447,-0.004775,-0.294873,-0.104629,0.060672,0.034402,0.016634,0.151866,-0.064799,-0.067969,-0.018613
-0.174026,0.408447,-0.294873,-0.104629,0.060672,0.034402,0.016634,0.151866,-0.064799,-0.067969,-0.018613,-0.189825
-0.175597,0.408447,-0.104629,0.060672,0.034402,0.016634,0.151866,-0.064799,-0.067969,-0.018613,-0.189825,-0.031773
-0.177246,0.409363,0.060672,0.034402,0.016634,0.151866,-0.064799,-0.067969,-0.018613,-0.189825,-0.031773,0.030488
-0.177698,0.409363,0.034402,0.016634,0.151866,-0.064799,-0.067969,-0.018613,-0.189825,-0.031773,0.030488,0.081751
-0.182331,0.409363,0.016634,0.151866,-0.064799,-0.067969,-0.018613,-0.189825,-0.031773,0.030488,0.081751,0.034287
-0.18311,0.409363,0.151866,-0.064799,-0.067969,-0.018613,-0.189825,-0.031773,0.030488,0.081751,0.034287,0.010597
-0.182364,0.409363,-0.064799,-0.067969,-0.018613,-0.189825,-0.031773,0.030488,0.081751,0.034287,0.010597,0.164939
-0.180368,0.409363,-0.067969,-0.018613,-0.189825,-0.031773,0.030488,0.081751,0.034287,0.010597,0.164939,-0.043614
-0.179532,0.409363,-0.018613,-0.189825,-0.031773,0.030488,0.081751,0.034287,0.010597,0.164939,-0.043614,-0.034711
-0.179274,0.409363,-0.189825,-0.031773,0.030488,0.081751,0.034287,0.010597,0.164939,-0.043614,-0.034711,0.004014
-0.17526,0.409363,-0.031773,0.030488,0.081751,0.034287,0.010597,0.164939,-0.043614,-0.034711,0.004014,-0.201403
-0.176319,0.412476,0.030488,0.081751,0.034287,0.010597,0.164939,-0.043614,-0.034711,0.004014,-0.201403,-0.043718
-0.177161,0.412476,0.081751,0.034287,0.010597,0.164939,-0.043614,-0.034711,0.004014,-0.201403,-0.043718,0.041624
-0.177064,0.412476,0.034287,0.010597,0.164939,-0.043614,-0.034711,0.004014,-0.201403,-0.043718,0.041624,0.099997
-0.181976,0.412476,0.010597,0.164939,-0.043614,-0.034711,0.004014,-0.201403,-0.043718,0.041624,0.099997,0.05689
-0.183047,0.412476,0.164939,-0.043614,-0.034711,0.004014,-0.201403,-0.043718,0.041624,0.099997,0.05689,0.037446
-0.182029,0.412476,-0.043614,-0.034711,0.004014,-0.201403,-0.043718,0.041624,0.099997,0.05689,0.037446,0.20861
-0.17959,0.412476,-0.034711,0.004014,-0.201403,-0.043718,0.041624,0.099997,0.05689,0.037446,0.20861,-0.015624
-0.178205,0.412476,0.004014,-0.201403,-0.043718,0.041624,0.099997,0.05689,0.037446,0.20861,-0.015624,-0.04308
-0.177293,0.412476,-0.201403,-0.043718,0.041624,0.099997,0.05689,0.037446,0.20861,-0.015624,-0.04308,0.112106
-0.172233,0.412476,-0.043718,0.041624,0.099997,0.05689,0.037446,0.20861,-0.015624,-0.04308,0.112106,0.245731
-0.17261,0.412476,0.041624,0.099997,0.05689,0.037446,0.20861,-0.015624,-0.04308,0.112106,0.245731,-0.008633
-0.173651,0.412476,0.099997,0.05689,0.037446,0.20861,-0.015624,-0.04308,0.112106,0.245731,-0.008633,-0.123252
-0.170944,0.412476,0.05689,0.037446,0.20861,-0.015624,-0.04308,0.112106,0.245731,-0.008633,-0.123252,-0.220089
-0.165033,0.412476,0.037446,0.20861,-0.015624,-0.04308,0.112106,0.245731,-0.008633,-0.123252,-0.220089,-0.004031
-0.16524,0.412476,0.20861,-0.015624,-0.04308,0.112106,0.245731,-0.008633,-0.123252,-0.220089,-0.004031,0.086435
-0.168198,0.412476,-0.015624,-0.04308,0.112106,0.245731,-0.008633,-0.123252,-0.220089,-0.004031,0.086435,0.265833
-0.173502,0.412476,-0.04308,0.112106,0.245731,-0.008633,-0.123252,-0.220089,-0.004031,0.086435,0.265833,0.017121
-0.173599,0.412476,0.112106,0.245731,-0.008633,-0.123252,-0.220089,-0.004031,0.086435,0.265833,0.017121,-0.027835
-0.171508,0.422119,0.245731,-0.008633,-0.123252,-0.220089,-0.004031,0.086435,0.265833,0.017121,-0.027835,0.114241
-0.165109,0.422119,-0.008633,-0.123252,-0.220089,-0.004031,0.086435,0.265833,0.017121,-0.027835,0.114241,0.066141
-0.164699,0.422119,-0.123252,-0.220089,-0.004031,0.086435,0.265833,0.017121,-0.027835,0.114241,0.066141,-0.238295
-0.165365,0.422119,-0.220089,-0.004031,0.086435,0.265833,0.017121,-0.027835,0.114241,0.066141,-0.238295,-0.021963
-0.162634,0.422119,-0.004031,0.086435,0.265833,0.017121,-0.027835,0.114241,0.066141,-0.238295,-0.021963,0.174359
-0.161055,0.422119,0.086435,0.265833,0.017121,-0.027835,0.114241,0.066141,-0.238295,-0.021963,0.174359,0.105819
-0.166761,0.422119,0.265833,0.017121,-0.027835,0.114241,0.066141,-0.238295,-0.021963,0.174359,0.105819,0.047031
-0.167288,0.422119,0.017121,-0.027835,0.114241,0.066141,-0.238295,-0.021963,0.174359,0.105819,0.047031,0.239333
-0.163115,0.425903,-0.027835,0.114241,0.066141,-0.238295,-0.021963,0.174359,0.105819,0.047031,0.239333,-0.029858
-0.160591,0.425903,0.114241,0.066141,-0.238295,-0.021963,0.174359,0.105819,0.047031,0.239333,-0.029858,-0.117125
-0.15947,0.425903,0.066141,-0.238295,-0.021963,0.174359,0.105819,0.047031,0.239333,-0.029858,-0.117125,-0.27227
-0.153789,0.425903,-0.238295,-0.021963,0.174359,0.105819,0.047031,0.239333,-0.029858,-0.117125,-0.27227,0.192244
-0.154495,0.425903,-0.021963,0.174359,0.105819,0.047031,0.239333,-0.029858,-0.117125,-0.27227,0.192244,-0.064977
-0.157267,0.425903,0.174359,0.105819,0.047031,0.239333,-0.029858,-0.117125,-0.27227,0.192244,-0.064977,-0.179779
-0.16375,0.425903,0.105819,0.047031,0.239333,-0.029858,-0.117125,-0.27227,0.192244,-0.064977,-0.179779,0.027799
-0.159162,0.425903,0.047031,0.239333,-0.029858,-0.117125,-0.27227,0.192244,-0.064977,-0.179779,0.027799,0.098041
-0.16071,0.425903,0.239333,-0.029858,-0.117125,-0.27227,0.192244,-0.064977,-0.179779,0.027799,0.098041,0.081021
-0.165005,0.425903,-0.029858,-0.117125,-0.27227,0.192244,-0.064977,-0.179779,0.027799,0.098041,0.081021,0.227483
-0.16434,0.425903,-0.117125,-0.27227,0.192244,-0.064977,-0.179779,0.027799,0.098041,0.081021,0.227483,-0.14516
-0.161998,0.425903,-0.27227,0.192244,-0.064977,-0.179779,0.027799,0.098041,0.081021,0.227483,-0.14516,-0.275575
-0.160065,0.425903,0.192244,-0.064977,-0.179779,0.027799,0.098041,0.081021,0.227483,-0.14516,-0.275575,-0.002721
-0.15466,0.425903,-0.064977,-0.179779,0.027799,0.098041,0.081021,0.227483,-0.14516,-0.275575,-0.002721,-0.116435
-0.158101,0.425903,-0.179779,0.027799,0.098041,0.081021,0.227483,-0.14516,-0.275575,-0.002721,-0.116435,0.042718
-0.164667,0.425903,0.027799,0.098041,0.081021,0.227483,-0.14516,-0.275575,-0.002721,-0.116435,0.042718,0.103438
-0.164733,0.425903,0.098041,0.081021,0.227483,-0.14516,-0.275575,-0.002721,-0.116435,0.042718,0.103438,0.138468
-0.167527,0.425903,0.081021,0.227483,-0.14516,-0.275575,-0.002721,-0.116435,0.042718,0.103438,0.138468,0.093576
-0.1665,0.425903,0.227483,-0.14516,-0.275575,-0.002721,-0.116435,0.042718,0.103438,0.138468,0.093576,0.051905
-0.164022,0.425903,-0.14516,-0.275575,-0.002721,-0.116435,0.042718,0.103438,0.138468,0.093576,0.051905,0.056003
-0.160719,0.430725,-0.275575,-0.002721,-0.116435,0.042718,0.103438,0.138468,0.093576,0.051905,0.056003,-0.188158
-0.158494,0.430725,-0.002721,-0.116435,0.042718,0.103438,0.138468,0.093576,0.051905,0.056003,-0.188158,-0.091812
-0.15726,0.430725,-0.116435,0.042718,0.103438,0.138468,0.093576,0.051905,0.056003,-0.188158,-0.091812,0.183151
-0.155931,0.430725,0.042718,0.103438,0.138468,0.093576,0.051905,0.056003,-0.188158,-0.091812,0.183151,0.286813
-0.1604,0.430725,0.103438,0.138468,0.093576,0.051905,0.056003,-0.188158,-0.091812,0.183151,0.286813,0.0488
-0.162588,0.430725,0.138468,0.093576,0.051905,0.056003,-0.188158,-0.091812,0.183151,0.286813,0.0488,0.04485
-0.158228,0.430725,0.093576,0.051905,0.056003,-0.188158,-0.091812,0.183151,0.286813,0.0488,0.04485,0.073221
-0.151436,0.430725,0.051905,0.056003,-0.188158,-0.091812,0.183151,0.286813,0.0488,0.04485,0.073221,0.082841
-0.150286,0.430725,0.056003,-0.188158,-0.091812,0.183151,0.286813,0.0488,0.04485,0.073221,0.082841,-0.039006
-0.149231,0.430359,-0.188158,-0.091812,0.183151,0.286813,0.0488,0.04485,0.073221,0.082841,-0.039006,-0.092476
-0.147513,0.430359,-0.091812,0.183151,0.286813,0.0488,0.04485,0.073221,0.082841,-0.039006,-0.092476,-0.02531
-0.145573,0.430359,0.183151,0.286813,0.0488,0.04485,0.073221,0.082841,-0.039006,-0.092476,-0.02531,0.027713
-0.146487,0.430359,0.286813,0.0488,0.04485,0.073221,0.082841,-0.039006,-0.092476,-0.02531,0.027713,0.157618
-0.148659,0.430359,0.0488,0.04485,0.073221,0.082841,-0.039006,-0.092476,-0.02531,0.027713,0.157618,0.278799
-0.149254,0.430359,0.04485,0.073221,0.082841,-0.039006,-0.092476,-0.02531,0.027713,0.157618,0.278799,0.033616
-0.148603,0.430359,0.073221,0.082841,-0.039006,-0.092476,-0.02531,0.027713,0.157618,0.278799,0.033616,0.030496
-0.144911,0.430359,0.082841,-0.039006,-0.092476,-0.02531,0.027713,0.157618,0.278799,0.033616,0.030496,0.088798
-0.13841,0.430359,-0.039006,-0.092476,-0.02531,0.027713,0.157618,0.278799,0.033616,0.030496,0.088798,0.067684
-0.137629,0.430359,-0.092476,-0.02531,0.027713,0.157618,0.278799,0.033616,0.030496,0.088798,0.067684,0.078381
-0.136922,0.430359,-0.02531,0.027713,0.157618,0.278799,0.033616,0.030496,0.088798,0.067684,0.078381,0.295674
-0.134869,0.430359,0.027713,0.157618,0.278799,0.033616,0.030496,0.088798,0.067684,0.078381,0.295674,-0.002027
-0.133306,0.430359,0.157618,0.278799,0.033616,0.030496,0.088798,0.067684,0.078381,0.295674,-0.002027,-0.057524
-0.131498,0.430359,0.278799,0.033616,0.030496,0.088798,0.067684,0.078381,0.295674,-0.002027,-0.057524,0.111417
-0.124709,0.430359,0.033616,0.030496,0.088798,0.067684,0.078381,0.295674,-0.002027,-0.057524,0.111417,0.245158
-0.124755,0.430359,0.030496,0.088798,0.067684,0.078381,0.295674,-0.002027,-0.057524,0.111417,0.245158,0.013376
-0.12607,0.430359,0.088798,0.067684,0.078381,0.295674,-0.002027,-0.057524,0.111417,0.245158,0.013376,0.000481
-0.123525,0.430359,0.067684,0.078381,0.295674,-0.002027,-0.057524,0.111417,0.245158,0.013376,0.000481,0.027117
-0.117945,0.430359,0.078381,0.295674,-0.002027,-0.057524,0.111417,0.245158,0.013376,0.000481,0.027117,0.028998
-0.117641,0.430359,0.295674,-0.002027,-0.057524,0.111417,0.245158,0.013376,0.000481,0.027117,0.028998,0.053735
-0.11763,0.430359,-0.002027,-0.057524,0.111417,0.245158,0.013376,0.000481,0.027117,0.028998,0.053735,0.213148
-0.117017,0.430359,-0.057524,0.111417,0.245158,0.013376,0.000481,0.027117,0.028998,0.053735,0.213148,-0.026591
-0.11636,0.426697,0.111417,0.245158,0.013376,0.000481,0.027117,0.028998,0.053735,0.213148,-0.026591,-0.098356
-0.115144,0.426697,0.245158,0.013376,0.000481,0.027117,0.028998,0.053735,0.213148,-0.026591,-0.098356,0.091663
-0.110335,0.426697,0.013376,0.000481,0.027117,0.028998,0.053735,0.213148,-0.026591,-0.098356,0.091663,0.22142
-0.110933,0.426697,0.000481,0.027117,0.028998,0.053735,0.213148,-0.026591,-0.098356,0.091663,0.22142,-0.027878
-0.113146,0.426697,0.027117,0.028998,0.053735,0.213148,-0.026591,-0.098356,0.091663,0.22142,-0.027878,-0.038939
-0.111082,0.426697,0.028998,0.053735,0.213148,-0.026591,-0.098356,0.091663,0.22142,-0.027878,-0.038939,0.010385
-0.106111,0.426697,0.053735,0.213148,-0.026591,-0.098356,0.091663,0.22142,-0.027878,-0.038939,0.010385,-0.014996
-0.106736,0.426697,0.213148,-0.026591,-0.098356,0.091663,0.22142,-0.027878,-0.038939,0.010385,-0.014996,0.036927
-0.107608,0.426697,-0.026591,-0.098356,0.091663,0.22142,-0.027878,-0.038939,0.010385,-0.014996,0.036927,0.154188
-0.107375,0.427612,-0.098356,0.091663,0.22142,-0.027878,-0.038939,0.010385,-0.014996,0.036927,0.154188,-0.049295
-0.107711,0.427612,0.091663,0.22142,-0.027878,-0.038939,0.010385,-0.014996,0.036927,0.154188,-0.049295,-0.134931
-0.106883,0.427612,0.22142,-0.027878,-0.038939,0.010385,-0.014996,0.036927,0.154188,-0.049295,-0.134931,-0.029407
-0.103434,0.427612,-0.027878,-0.038939,0.010385,-0.014996,0.036927,0.154188,-0.049295,-0.134931,-0.029407,-0.229839
-0.104534,0.427612,-0.038939,0.010385,-0.014996,0.036927,0.154188,-0.049295,-0.134931,-0.029407,-0.229839,-0.100007
-0.10755,0.427612,0.010385,-0.014996,0.036927,0.154188,-0.049295,-0.134931,-0.029407,-0.229839,-0.100007,0.016829
-0.108208,0.427612,-0.014996,0.036927,0.154188,-0.049295,-0.134931,-0.029407,-0.229839,-0.100007,0.016829,0.026289
-0.113382,0.427612,0.036927,0.154188,-0.049295,-0.134931,-0.029407,-0.229839,-0.100007,0.016829,0.026289,0.00305
-0.115643,0.427612,0.154188,-0.049295,-0.134931,-0.029407,-0.229839,-0.100007,0.016829,0.026289,0.00305,0.022457
-0.115262,0.427612,-0.049295,-0.134931,-0.029407,-0.229839,-0.100007,0.016829,0.026289,0.00305,0.022457,0.138105
-0.114669,0.427612,-0.134931,-0.029407,-0.229839,-0.100007,0.016829,0.026289,0.00305,0.022457,0.138105,-0.073646
-0.1146,0.427612,-0.029407,-0.229839,-0.100007,0.016829,0.026289,0.00305,0.022457,0.138105,-0.073646,-0.150914
-0.114092,0.427612,-0.229839,-0.100007,0.016829,0.026289,0.00305,0.022457,0.138105,-0.073646,-0.150914,0.045295
-0.110977,0.427612,-0.100007,0.016829,0.026289,0.00305,0.022457,0.138105,-0.073646,-0.150914,0.045295,0.202295
-0.112635,0.427612,0.016829,0.026289,0.00305,0.022457,0.138105,-0.073646,-0.150914,0.045295,0.202295,-0.046275
-0.11604,0.427612,0.026289,0.00305,0.022457,0.138105,-0.073646,-0.150914,0.045295,0.202295,-0.046275,-0.076819
-0.115016,0.427612,0.00305,0.022457,0.138105,-0.073646,-0.150914,0.045295,0.202295,-0.046275,-0.076819,-0.028082
-0.110453,0.427612,0.022457,0.138105,-0.073646,-0.150914,0.045295,0.202295,-0.046275,-0.076819,-0.028082,-0.128006
-0.111495,0.427612,0.138105,-0.073646,-0.150914,0.045295,0.202295,-0.046275,-0.076819,-0.028082,-0.128006,-0.340446
-0.113226,0.427612,-0.073646,-0.150914,0.045295,0.202295,-0.046275,-0.076819,-0.028082,-0.128006,-0.340446,0.089538
-0.113859,0.427612,-0.150914,0.045295,0.202295,-0.046275,-0.076819,-0.028082,-0.128006,-0.340446,0.089538,-0.046219
-0.116751,0.427612,0.045295,0.202295,-0.046275,-0.076819,-0.028082,-0.128006,-0.340446,0.089538,-0.046219,-0.095478
-0.124499,0.427612,0.202295,-0.046275,-0.076819,-0.028082,-0.128006,-0.340446,0.089538,-0.046219,-0.095478,0.075752
-0.122454,0.428925,-0.046275,-0.076819,-0.028082,-0.128006,-0.340446,0.089538,-0.046219,-0.095478,0.075752,0.195778
-0.123508,0.428925,-0.076819,-0.028082,-0.128006,-0.340446,0.089538,-0.046219,-0.095478,0.075752,0.195778,-0.062231
-0.125687,0.428925,-0.028082,-0.128006,-0.340446,0.089538,-0.046219,-0.095478,0.075752,0.195778,-0.062231,-0.043203
-0.123957,0.428925,-0.128006,-0.340446,0.089538,-0.046219,-0.095478,0.075752,0.195778,-0.062231,-0.043203,-0.003047
-0.119496,0.428925,-0.340446,0.089538,-0.046219,-0.095478,0.075752,0.195778,-0.062231,-0.043203,-0.003047,0.012829
-0.120912,0.428925,0.089538,-0.046219,-0.095478,0.075752,0.195778,-0.062231,-0.043203,-0.003047,0.012829,0.043596
-0.121895,0.428925,-0.046219,-0.095478,0.075752,0.195778,-0.062231,-0.043203,-0.003047,0.012829,0.043596,0.173401
-0.121965,0.428925,-0.095478,0.075752,0.195778,-0.062231,-0.043203,-0.003047,0.012829,0.043596,0.173401,-0.069329
-0.121673,0.428925,0.075752,0.195778,-0.062231,-0.043203,-0.003047,0.012829,0.043596,0.173401,-0.069329,-0.100303
-0.12068,0.428925,0.195778,-0.062231,-0.043203,-0.003047,0.012829,0.043596,0.173401,-0.069329,-0.100303,0.061893
-0.116741,0.428528,-0.062231,-0.043203,-0.003047,0.012829,0.043596,0.173401,-0.069329,-0.100303,0.061893,0.188924
-0.118312,0.428528,-0.043203,-0.003047,0.012829,0.043596,0.173401,-0.069329,-0.100303,0.061893,0.188924,-0.030674
-0.120588,0.428528,-0.003047,0.012829,0.043596,0.173401,-0.069329,-0.100303,0.061893,0.188924,-0.030674,-0.02966
-0.119182,0.428528,0.012829,0.043596,0.173401,-0.069329,-0.100303,0.061893,0.188924,-0.030674,-0.02966,-0.00302
-0.1149,0.428528,0.043596,0.173401,-0.069329,-0.100303,0.061893,0.188924,-0.030674,-0.02966,-0.00302,0.014984
-0.115594,0.428528,0.173401,-0.069329,-0.100303,0.061893,0.188924,-0.030674,-0.02966,-0.00302,0.014984,0.052696
-0.116265,0.428528,-0.069329,-0.100303,0.061893,0.188924,-0.030674,-0.02966,-0.00302,0.014984,0.052696,0.192528
-0.116333,0.428528,-0.100303,0.061893,0.188924,-0.030674,-0.02966,-0.00302,0.014984,0.052696,0.192528,-0.044154
-0.115994,0.428528,0.061893,0.188924,-0.030674,-0.02966,-0.00302,0.014984,0.052696,0.192528,-0.044154,-0.10037
-0.114802,0.428528,0.188924,-0.030674,-0.02966,-0.00302,0.014984,0.052696,0.192528,-0.044154,-0.10037,0.091514
-0.110458,0.428528,-0.030674,-0.02966,-0.00302,0.014984,0.052696,0.192528,-0.044154,-0.10037,0.091514,0.213256
-0.111451,0.428528,-0.02966,-0.00302,0.014984,0.052696,0.192528,-0.044154,-0.10037,0.091514,0.213256,-0.188797
-0.113711,0.428528,-0.00302,0.014984,0.052696,0.192528,-0.044154,-0.10037,0.091514,0.213256,-0.188797,-0.237523
-0.11165,0.428528,0.014984,0.052696,0.192528,-0.044154,-0.10037,0.091514,0.213256,-0.188797,-0.237523,-0.032143
-0.106858,0.428528,0.052696,0.192528,-0.044154,-0.10037,0.091514,0.213256,-0.188797,-0.237523,-0.032143,-0.024811
-0.1111,0.428528,0.192528,-0.044154,-0.10037,0.091514,0.213256,-0.188797,-0.237523,-0.032143,-0.024811,-0.26708
-0.11646,0.428528,-0.044154,-0.10037,0.091514,0.213256,-0.188797,-0.237523,-0.032143,-0.024811,-0.26708,0.182041
-0.117187,0.428528,-0.10037,0.091514,0.213256,-0.188797,-0.237523,-0.032143,-0.024811,-0.26708,0.182041,0.03027
-0.117749,0.428528,0.091514,0.213256,-0.188797,-0.237523,-0.032143,-0.024811,-0.26708,0.182041,0.03027,-0.031904
-0.123829,0.428528,0.213256,-0.188797,-0.237523,-0.032143,-0.024811,-0.26708,0.182041,0.03027,-0.031904,0.134039
-0.119679,0.428528,-0.188797,-0.237523,-0.032143,-0.024811,-0.26708,0.182041,0.03027,-0.031904,0.134039,0.228584
-0.118992,0.428528,-0.237523,-0.032143,-0.024811,-0.26708,0.182041,0.03027,-0.031904,0.134039,0.228584,0.036979
-0.119716,0.428528,-0.032143,-0.024811,-0.26708,0.182041,0.03027,-0.031904,0.134039,0.228584,0.036979,0.043863
-0.116677,0.423553,-0.024811,-0.26708,0.182041,0.03027,-0.031904,0.134039,0.228584,0.036979,0.043863,0.04793
-0.111513,0.423553,-0.26708,0.182041,0.03027,-0.031904,0.134039,0.228584,0.036979,0.043863,0.04793,0.036106
-0.110681,0.423553,0.182041,0.03027,-0.031904,0.134039,0.228584,0.036979,0.043863,0.04793,0.036106,0.108172
-0.109695,0.423553,0.03027,-0.031904,0.134039,0.228584,0.036979,0.043863,0.04793,0.036106,0.108172,0.183314
-0.10862,0.423553,-0.031904,0.134039,0.228584,0.036979,0.043863,0.04793,0.036106,0.108172,0.183314,-0.020088
-0.107811,0.423553,0.134039,0.228584,0.036979,0.043863,0.04793,0.036106,0.108172,0.183314,-0.020088,-0.099031
-0.105387,0.423553,0.228584,0.036979,0.043863,0.04793,0.036106,0.108172,0.183314,-0.020088,-0.099031,0.096383
-0.101294,0.423553,0.036979,0.043863,0.04793,0.036106,0.108172,0.183314,-0.020088,-0.099031,0.096383,0.246163
-0.101741,0.423553,0.043863,0.04793,0.036106,0.108172,0.183314,-0.020088,-0.099031,0.096383,0.246163,-0.009968
-0.103947,0.4216,0.04793,0.036106,0.108172,0.183314,-0.020088,-0.099031,0.096383,0.246163,-0.009968,-0.00861
-0.1018,0.4216,0.036106,0.108172,0.183314,-0.020088,-0.099031,0.096383,0.246163,-0.009968,-0.00861,0.02481
-0.096331,0.4216,0.108172,0.183314,-0.020088,-0.099031,0.096383,0.246163,-0.009968,-0.00861,0.02481,-0.066724
-0.096552,0.4216,0.183314,-0.020088,-0.099031,0.096383,0.246163,-0.009968,-0.00861,0.02481,-0.066724,-0.253434
-0.096743,0.4216,-0.020088,-0.099031,0.096383,0.246163,-0.009968,-0.00861,0.02481,-0.066724,-0.253434,0.1312
-0.096194,0.4216,-0.099031,0.096383,0.246163,-0.009968,-0.00861,0.02481,-0.066724,-0.253434,0.1312,0.044865
-0.097671,0.4216,0.096383,0.246163,-0.009968,-0.00861,0.02481,-0.066724,-0.253434,0.1312,0.044865,-0.044026
-0.10331,0.4216,0.246163,-0.009968,-0.00861,0.02481,-0.066724,-0.253434,0.1312,0.044865,-0.044026,0.074461
-0.100385,0.4216,-0.009968,-0.00861,0.02481,-0.066724,-0.253434,0.1312,0.044865,-0.044026,0.074461,-0.275986
-0.099389,0.4216,-0.00861,0.02481,-0.066724,-0.253434,0.1312,0.044865,-0.044026,0.074461,-0.275986,-0.282313
-0.100366,0.4216,0.02481,-0.066724,-0.253434,0.1312,0.044865,-0.044026,0.074461,-0.275986,-0.282313,-0.00353
-0.098713,0.4216,-0.066724,-0.253434,0.1312,0.044865,-0.044026,0.074461,-0.275986,-0.282313,-0.00353,0.130634
-0.104863,0.4216,-0.253434,0.1312,0.044865,-0.044026,0.074461,-0.275986,-0.282313,-0.00353,0.130634,0.123107
-0.111199,0.4216,0.1312,0.044865,-0.044026,0.074461,-0.275986,-0.282313,-0.00353,0.130634,0.123107,0.156142
-0.111278,0.4216,0.044865,-0.044026,0.074461,-0.275986,-0.282313,-0.00353,0.130634,0.123107,0.156142,0.203822
-0.108346,0.4216,-0.044026,0.074461,-0.275986,-0.282313,-0.00353,0.130634,0.123107,0.156142,0.203822,-0.152598
-0.105591,0.4216,0.074461,-0.275986,-0.282313,-0.00353,0.130634,0.123107,0.156142,0.203822,-0.152598,-0.312159
-0.102104,0.4216,-0.275986,-0.282313,-0.00353,0.130634,0.123107,0.156142,0.203822,-0.152598,-0.312159,0.006142
-0.097571,0.4216,-0.282313,-0.00353,0.130634,0.123107,0.156142,0.203822,-0.152598,-0.312159,0.006142,0.139472
-0.100958,0.4216,-0.00353,0.130634,0.123107,0.156142,0.203822,-0.152598,-0.312159,0.006142,0.139472,-0.166896
-0.107923,0.4216,0.130634,0.123107,0.156142,0.203822,-0.152598,-0.312159,0.006142,0.139472,-0.166896,-0.059798
-0.107786,0.4216,0.123107,0.156142,0.203822,-0.152598,-0.312159,0.006142,0.139472,-0.166896,-0.059798,-0.03167
-0.104663,0.4216,0.156142,0.203822,-0.152598,-0.312159,0.006142,0.139472,-0.166896,-0.059798,-0.03167,-0.203532
-0.108402,0.4216,0.203822,-0.152598,-0.312159,0.006142,0.139472,-0.166896,-0.059798,-0.03167,-0.203532,-0.060626
-0.109744,0.419525,-0.152598,-0.312159,0.006142,0.139472,-0.166896,-0.059798,-0.03167,-0.203532,-0.060626,-0.078809
-0.110455,0.419525,-0.312159,0.006142,0.139472,-0.166896,-0.059798,-0.03167,-0.203532,-0.060626,-0.078809,0.019763
-0.115041,0.419525,0.006142,0.139472,-0.166896,-0.059798,-0.03167,-0.203532,-0.060626,-0.078809,0.019763,0.03573
-0.116413,0.419525,0.139472,-0.166896,-0.059798,-0.03167,-0.203532,-0.060626,-0.078809,0.019763,0.03573,0.098245
-0.1182,0.419525,-0.166896,-0.059798,-0.03167,-0.203532,-0.060626,-0.078809,0.019763,0.03573,0.098245,-0.073627
-0.117752,0.419525,-0.059798,-0.03167,-0.203532,-0.060626,-0.078809,0.019763,0.03573,0.098245,-0.073627,0.044805
-0.116943,0.419525,-0.03167,-0.203532,-0.060626,-0.078809,0.019763,0.03573,0.098245,-0.073627,0.044805,0.089692
-0.114722,0.419525,-0.203532,-0.060626,-0.078809,0.019763,0.03573,0.098245,-0.073627,0.044805,0.089692,0.124183
-0.116388,0.419525,-0.060626,-0.078809,0.019763,0.03573,0.098245,-0.073627,0.044805,0.089692,0.124183,0.112302
-0.115374,0.419525,-0.078809,0.019763,0.03573,0.098245,-0.073627,0.044805,0.089692,0.124183,0.112302,0.142731
-0.113349,0.414825,0.019763,0.03573,0.098245,-0.073627,0.044805,0.089692,0.124183,0.112302,0.142731,0.231413
-0.110555,0.414825,0.03573,0.098245,-0.073627,0.044805,0.089692,0.124183,0.112302,0.142731,0.231413,0.041574
-0.108034,0.414825,0.098245,-0.073627,0.044805,0.089692,0.124183,0.112302,0.142731,0.231413,0.041574,-0.060092
-0.104838,0.414825,-0.073627,0.044805,0.089692,0.124183,0.112302,0.142731,0.231413,0.041574,-0.060092,0.142291
-0.099677,0.414825,0.044805,0.089692,0.124183,0.112302,0.142731,0.231413,0.041574,-0.060092,0.142291,0.302565
-0.098754,0.414825,0.089692,0.124183,0.112302,0.142731,0.231413,0.041574,-0.060092,0.142291,0.302565,0.033607
-0.100087,0.414825,0.124183,0.112302,0.142731,0.231413,0.041574,-0.060092,0.142291,0.302565,0.033607,0.018757
-0.096932,0.414825,0.112302,0.142731,0.231413,0.041574,-0.060092,0.142291,0.302565,0.033607,0.018757,-0.084253
-0.090252,0.414825,0.142731,0.231413,0.041574,-0.060092,0.142291,0.302565,0.033607,0.018757,-0.084253,-0.216928
-0.089512,0.414825,0.231413,0.041574,-0.060092,0.142291,0.302565,0.033607,0.018757,-0.084253,-0.216928,0.05722
-0.0891,0.414825,0.041574,-0.060092,0.142291,0.302565,0.033607,0.018757,-0.084253,-0.216928,0.05722,0.267182
-0.09095,0.414825,-0.060092,0.142291,0.302565,0.033607,0.018757,-0.084253,-0.216928,0.05722,0.267182,0.071141
-0.095733,0.414825,0.142291,0.302565,0.033607,0.018757,-0.084253,-0.216928,0.05722,0.267182,0.071141,-0.036157
-0.094467,0.414825,0.302565,0.033607,0.018757,-0.084253,-0.216928,0.05722,0.267182,0.071141,-0.036157,0.164426
-0.088579,0.414825,0.033607,0.018757,-0.084253,-0.216928,0.05722,0.267182,0.071141,-0.036157,0.164426,0.296257
-0.08702,0.414825,0.018757,-0.084253,-0.216928,0.05722,0.267182,0.071141,-0.036157,0.164426,0.296257,0.028219
-0.087811,0.414825,-0.084253,-0.216928,0.05722,0.267182,0.071141,-0.036157,0.164426,0.296257,0.028219,0.023975
-0.084216,0.414825,-0.216928,0.05722,0.267182,0.071141,-0.036157,0.164426,0.296257,0.028219,0.023975,0.075086
-0.077764,0.414825,0.05722,0.267182,0.071141,-0.036157,0.164426,0.296257,0.028219,0.023975,0.075086,0.080954
-0.077151,0.414825,0.267182,0.071141,-0.036157,0.164426,0.296257,0.028219,0.023975,0.075086,0.080954,0.157414
-0.076632,0.414825,0.071141,-0.036157,0.164426,0.296257,0.028219,0.023975,0.075086,0.080954,0.157414,0.175984
-0.075009,0.414825,-0.036157,0.164426,0.296257,0.028219,0.023975,0.075086,0.080954,0.157414,0.175984,0.034455
-0.073261,0.414825,0.164426,0.296257,0.028219,0.023975,0.075086,0.080954,0.157414,0.175984,0.034455,-0.1198
-0.069868,0.414825,0.296257,0.028219,0.023975,0.075086,0.080954,0.157414,0.175984,0.034455,-0.1198,0.118188
-0.066087,0.398254,0.028219,0.023975,0.075086,0.080954,0.157414,0.175984,0.034455,-0.1198,0.118188,0.26419
-0.06535,0.398254,0.023975,0.075086,0.080954,0.157414,0.175984,0.034455,-0.1198,0.118188,0.26419,-0.006891
-0.067915,0.398254,0.075086,0.080954,0.157414,0.175984,0.034455,-0.1198,0.118188,0.26419,-0.006891,-0.145714
-0.065384,0.398254,0.080954,0.157414,0.175984,0.034455,-0.1198,0.118188,0.26419,-0.006891,-0.145714,-0.345035
-0.059743,0.398254,0.157414,0.175984,0.034455,-0.1198,0.118188,0.26419,-0.006891,-0.145714,-0.345035,-0.314264
-0.05989,0.398254,0.175984,0.034455,-0.1198,0.118188,0.26419,-0.006891,-0.145714,-0.345035,-0.314264,0.058187
-0.062995,0.398254,0.034455,-0.1198,0.118188,0.26419,-0.006891,-0.145714,-0.345035,-0.314264,0.058187,0.264806
-0.070382,0.398254,-0.1198,0.118188,0.26419,-0.006891,-0.145714,-0.345035,-0.314264,0.058187,0.264806,0.028718
-0.077163,0.398254,0.118188,0.26419,-0.006891,-0.145714,-0.345035,-0.314264,0.058187,0.264806,0.028718,-0.086951
-0.075902,0.398254,0.26419,-0.006891,-0.145714,-0.345035,-0.314264,0.058187,0.264806,0.028718,-0.086951,0.123335
-0.070183,0.398254,-0.006891,-0.145714,-0.345035,-0.314264,0.058187,0.264806,0.028718,-0.086951,0.123335,0.282085
-0.069566,0.398254,-0.145714,-0.345035,-0.314264,0.058187,0.264806,0.028718,-0.086951,0.123335,0.282085,-0.005673
-0.071435,0.398254,-0.345035,-0.314264,0.058187,0.264806,0.028718,-0.086951,0.123335,0.282085,-0.005673,-0.022941
-0.068784,0.389648,-0.314264,0.058187,0.264806,0.028718,-0.086951,0.123335,0.282085,-0.005673,-0.022941,0.037268
-0.062741,0.389648,0.058187,0.264806,0.028718,-0.086951,0.123335,0.282085,-0.005673,-0.022941,0.037268,0.034521
-0.062862,0.389648,0.264806,0.028718,-0.086951,0.123335,0.282085,-0.005673,-0.022941,0.037268,0.034521,0.041884
-0.063351,0.389648,0.028718,-0.086951,0.123335,0.282085,-0.005673,-0.022941,0.037268,0.034521,0.041884,0.219513
-0.062557,0.389648,-0.086951,0.123335,0.282085,-0.005673,-0.022941,0.037268,0.034521,0.041884,0.219513,-0.12374
-0.061821,0.389648,0.123335,0.282085,-0.005673,-0.022941,0.037268,0.034521,0.041884,0.219513,-0.12374,-0.248487
-0.060928,0.389648,0.282085,-0.005673,-0.022941,0.037268,0.034521,0.041884,0.219513,-0.12374,-0.248487,-0.274421
-0.05626,0.389648,-0.005673,-0.022941,0.037268,0.034521,0.041884,0.219513,-0.12374,-0.248487,-0.274421,0.166425
-0.058885,0.389648,-0.022941,0.037268,0.034521,0.041884,0.219513,-0.12374,-0.248487,-0.274421,0.166425,-0.16225
-0.064176,0.389648,0.037268,0.034521,0.041884,0.219513,-0.12374,-0.248487,-0.274421,0.166425,-0.16225,-0.216223
-0.070056,0.389648,0.034521,0.041884,0.219513,-0.12374,-0.248487,-0.274421,0.166425,-0.16225,-0.216223,-0.063407
-0.066481,0.389648,0.041884,0.219513,-0.12374,-0.248487,-0.274421,0.166425,-0.16225,-0.216223,-0.063407,0.039863
-0.069967,0.389648,0.219513,-0.12374,-0.248487,-0.274421,0.166425,-0.16225,-0.216223,-0.063407,0.039863,0.10432
-0.074628,0.389648,-0.12374,-0.248487,-0.274421,0.166425,-0.16225,-0.216223,-0.063407,0.039863,0.10432,0.141456
-0.075998,0.389648,-0.248487,-0.274421,0.166425,-0.16225,-0.216223,-0.063407,0.039863,0.10432,0.141456,0.001052
-0.075136,0.389648,-0.274421,0.166425,-0.16225,-0.216223,-0.063407,0.039863,0.10432,0.141456,0.001052,-0.131909
-0.072881,0.389648,0.166425,-0.16225,-0.216223,-0.063407,0.039863,0.10432,0.141456,0.001052,-0.131909,0.106562
-0.069832,0.389648,-0.16225,-0.216223,-0.063407,0.039863,0.10432,0.141456,0.001052,-0.131909,0.106562,0.208164
-0.069809,0.389648,-0.216223,-0.063407,0.039863,0.10432,0.141456,0.001052,-0.131909,0.106562,0.208164,-0.024819
-0.072647,0.389648,-0.063407,0.039863,0.10432,0.141456,0.001052,-0.131909,0.106562,0.208164,-0.024819,-0.02034
-0.070353,0.389648,0.039863,0.10432,0.141456,0.001052,-0.131909,0.106562,0.208164,-0.024819,-0.02034,-0.016681
-0.065882,0.389648,0.10432,0.141456,0.001052,-0.131909,0.106562,0.208164,-0.024819,-0.02034,-0.016681,-0.020371
-0.066414,0.389648,0.141456,0.001052,-0.131909,0.106562,0.208164,-0.024819,-0.02034,-0.016681,-0.020371,-0.020422
-0.06685,0.389648,0.001052,-0.131909,0.106562,0.208164,-0.024819,-0.02034,-0.016681,-0.020371,-0.020422,-0.208856
-0.067207,0.389648,-0.131909,0.106562,0.208164,-0.024819,-0.02034,-0.016681,-0.020371,-0.020422,-0.208856,-0.103533
-0.067644,0.373749,0.106562,0.208164,-0.024819,-0.02034,-0.016681,-0.020371,-0.020422,-0.208856,-0.103533,-0.105284
-0.068083,0.373749,0.208164,-0.024819,-0.02034,-0.016681,-0.020371,-0.020422,-0.208856,-0.103533,-0.105284,0.079273
-0.07258,0.373749,-0.024819,-0.02034,-0.016681,-0.020371,-0.020422,-0.208856,-0.103533,-0.105284,0.079273,0.222684
-0.074815,0.373749,-0.02034,-0.016681,-0.020371,-0.020422,-0.208856,-0.103533,-0.105284,0.079273,0.222684,-0.005886
-0.077092,0.373749,-0.016681,-0.020371,-0.020422,-0.208856,-0.103533,-0.105284,0.079273,0.222684,-0.005886,-0.174902
-0.075377,0.373749,-0.020371,-0.020422,-0.208856,-0.103533,-0.105284,0.079273,0.222684,-0.005886,-0.174902,-0.232966
-0.070569,0.373749,-0.020422,-0.208856,-0.103533,-0.105284,0.079273,0.222684,-0.005886,-0.174902,-0.232966,-0.055495
-0.070696,0.373749,-0.208856,-0.103533,-0.105284,0.079273,0.222684,-0.005886,-0.174902,-0.232966,-0.055495,0.123609
-0.074467,0.373749,-0.103533,-0.105284,0.079273,0.222684,-0.005886,-0.174902,-0.232966,-0.055495,0.123609,0.201979
-0.07951,0.373749,-0.105284,0.079273,0.222684,-0.005886,-0.174902,-0.232966,-0.055495,0.123609,0.201979,0.004547
-0.080716,0.373749,0.079273,0.222684,-0.005886,-0.174902,-0.232966,-0.055495,0.123609,0.201979,0.004547,-0.108164
-0.078029,0.371399,0.222684,-0.005886,-0.174902,-0.232966,-0.055495,0.123609,0.201979,0.004547,-0.108164,0.100634
-0.073653,0.371399,-0.005886,-0.174902,-0.232966,-0.055495,0.123609,0.201979,0.004547,-0.108164,0.100634,0.232575
-0.073555,0.371399,-0.174902,-0.232966,-0.055495,0.123609,0.201979,0.004547,-0.108164,0.100634,0.232575,-0.174891
-0.075891,0.371399,-0.232966,-0.055495,0.123609,0.201979,0.004547,-0.108164,0.100634,0.232575,-0.174891,-0.326059
-0.073717,0.371399,-0.055495,0.123609,0.201979,0.004547,-0.108164,0.100634,0.232575,-0.174891,-0.326059,-0.283212
-0.068705,0.371399,0.123609,0.201979,0.004547,-0.108164,0.100634,0.232575,-0.174891,-0.326059,-0.283212,-0.011174
-0.072473,0.371399,0.201979,0.004547,-0.108164,0.100634,0.232575,-0.174891,-0.326059,-0.283212,-0.011174,0.126698
-0.079529,0.371399,0.004547,-0.108164,0.100634,0.232575,-0.174891,-0.326059,-0.283212,-0.011174,0.126698,0.23256
-0.085698,0.371399,-0.108164,0.100634,0.232575,-0.174891,-0.326059,-0.283212,-0.011174,0.126698,0.23256,0.034894
-0.085942,0.371399,0.100634,0.232575,-0.174891,-0.326059,-0.283212,-0.011174,0.126698,0.23256,0.034894,-0.076354
-0.083172,0.371399,0.232575,-0.174891,-0.326059,-0.283212,-0.011174,0.126698,0.23256,0.034894,-0.076354,0.108377
-0.078108,0.371399,-0.174891,-0.326059,-0.283212,-0.011174,0.126698,0.23256,0.034894,-0.076354,0.108377,0.233077
-0.077351,0.371399,-0.326059,-0.283212,-0.011174,0.126698,0.23256,0.034894,-0.076354,0.108377,0.233077,0.029068
-0.079006,0.371399,-0.283212,-0.011174,0.126698,0.23256,0.034894,-0.076354,0.108377,0.233077,0.029068,0.027343
-0.076657,0.371399,-0.011174,0.126698,0.23256,0.034894,-0.076354,0.108377,0.233077,0.029068,0.027343,0.051454
-0.071619,0.371399,0.126698,0.23256,0.034894,-0.076354,0.108377,0.233077,0.029068,0.027343,0.051454,0.026515
-0.070992,0.371399,0.23256,0.034894,-0.076354,0.108377,0.233077,0.029068,0.027343,0.051454,0.026515,0.056637
-0.070404,0.371399,0.034894,-0.076354,0.108377,0.233077,0.029068,0.027343,0.051454,0.026515,0.056637,0.268633
-0.069299,0.371399,-0.076354,0.108377,0.233077,0.029068,0.027343,0.051454,0.026515,0.056637,0.268633,-0.057731
-0.068729,0.371399,0.108377,0.233077,0.029068,0.027343,0.051454,0.026515,0.056637,0.268633,-0.057731,-0.115554
-0.067513,0.371399,0.233077,0.029068,0.027343,0.051454,0.026515,0.056637,0.268633,-0.057731,-0.115554,0.106147
-0.061763,0.371399,0.029068,0.027343,0.051454,0.026515,0.056637,0.268633,-0.057731,-0.115554,0.106147,0.25545
-0.062995,0.371399,0.027343,0.051454,0.026515,0.056637,0.268633,-0.057731,-0.115554,0.106147,0.25545,-0.00162
-0.065462,0.371399,0.051454,0.026515,0.056637,0.268633,-0.057731,-0.115554,0.106147,0.25545,-0.00162,-0.01778
-0.063194,0.371399,0.026515,0.056637,0.268633,-0.057731,-0.115554,0.106147,0.25545,-0.00162,-0.01778,0.058979
-0.057753,0.371399,0.056637,0.268633,-0.057731,-0.115554,0.106147,0.25545,-0.00162,-0.01778,0.058979,0.044076
-0.057787,0.365265,0.268633,-0.057731,-0.115554,0.106147,0.25545,-0.00162,-0.01778,0.058979,0.044076,0.092298
-0.058165,0.365265,-0.057731,-0.115554,0.106147,0.25545,-0.00162,-0.01778,0.058979,0.044076,0.092298,0.256938
-0.056914,0.365265,-0.115554,0.106147,0.25545,-0.00162,-0.01778,0.058979,0.044076,0.092298,0.256938,-0.027152
-0.055981,0.365265,0.106147,0.25545,-0.00162,-0.01778,0.058979,0.044076,0.092298,0.256938,-0.027152,-0.135183
-0.054026,0.365265,0.25545,-0.00162,-0.01778,0.058979,0.044076,0.092298,0.256938,-0.027152,-0.135183,0.116846
-0.048604,0.365265,-0.00162,-0.01778,0.058979,0.044076,0.092298,0.256938,-0.027152,-0.135183,0.116846,0.283456
-0.049175,0.365265,-0.01778,0.058979,0.044076,0.092298,0.256938,-0.027152,-0.135183,0.116846,0.283456,-0.005116
-0.05202,0.365265,0.058979,0.044076,0.092298,0.256938,-0.027152,-0.135183,0.116846,0.283456,-0.005116,-0.016346
-0.049559,0.365265,0.044076,0.092298,0.256938,-0.027152,-0.135183,0.116846,0.283456,-0.005116,-0.016346,0.019397
-0.043609,0.365265,0.092298,0.256938,-0.027152,-0.135183,0.116846,0.283456,-0.005116,-0.016346,0.019397,0.024744
-0.043716,0.365265,0.256938,-0.027152,-0.135183,0.116846,0.283456,-0.005116,-0.016346,0.019397,0.024744,0.060799
-0.044058,0.365265,-0.027152,-0.135183,0.116846,0.283456,-0.005116,-0.016346,0.019397,0.024744,0.060799,0.234115
-0.043653,0.361755,-0.135183,0.116846,0.283456,-0.005116,-0.016346,0.019397,0.024744,0.060799,0.234115,-0.083103
-0.043135,0.361755,0.116846,0.283456,-0.005116,-0.016346,0.019397,0.024744,0.060799,0.234115,-0.083103,-0.172552
-0.041865,0.361755,0.283456,-0.005116,-0.016346,0.019397,0.024744,0.060799,0.234115,-0.083103,-0.172552,0.10893
-0.036985,0.361755,-0.005116,-0.016346,0.019397,0.024744,0.060799,0.234115,-0.083103,-0.172552,0.10893,0.257645
-0.038712,0.361755,-0.016346,0.019397,0.024744,0.060799,0.234115,-0.083103,-0.172552,0.10893,0.257645,-0.053861
-0.042306,0.361755,0.019397,0.024744,0.060799,0.234115,-0.083103,-0.172552,0.10893,0.257645,-0.053861,-0.084729
-0.040035,0.361755,0.024744,0.060799,0.234115,-0.083103,-0.172552,0.10893,0.257645,-0.053861,-0.084729,0.012918
-0.034678,0.361755,0.060799,0.234115,-0.083103,-0.172552,0.10893,0.257645,-0.053861,-0.084729,0.012918,-0.000208
-0.035796,0.361755,0.234115,-0.083103,-0.172552,0.10893,0.257645,-0.053861,-0.084729,0.012918,-0.000208,0.103424
-0.037555,0.361755,-0.083103,-0.172552,0.10893,0.257645,-0.053861,-0.084729,0.012918,-0.000208,0.103424,0.099165
-0.037287,0.361755,-0.172552,0.10893,0.257645,-0.053861,-0.084729,0.012918,-0.000208,0.103424,0.099165,-0.040221
-0.037291,0.361755,0.10893,0.257645,-0.053861,-0.084729,0.012918,-0.000208,0.103424,0.099165,-0.040221,-0.187618
-0.035143,0.361755,0.257645,-0.053861,-0.084729,0.012918,-0.000208,0.103424,0.099165,-0.040221,-0.187618,0.094828
-0.033088,0.361755,-0.053861,-0.084729,0.012918,-0.000208,0.103424,0.099165,-0.040221,-0.187618,0.094828,0.243676
-0.03392,0.361755,-0.084729,0.012918,-0.000208,0.103424,0.099165,-0.040221,-0.187618,0.094828,0.243676,-0.076963
-0.037809,0.361755,0.012918,-0.000208,0.103424,0.099165,-0.040221,-0.187618,0.094828,0.243676,-0.076963,-0.10654
-0.035841,0.361755,-0.000208,0.103424,0.099165,-0.040221,-0.187618,0.094828,0.243676,-0.076963,-0.10654,-0.016492
-0.030796,0.361755,0.103424,0.099165,-0.040221,-0.187618,0.094828,0.243676,-0.076963,-0.10654,-0.016492,-0.0256
-0.032387,0.361755,0.099165,-0.040221,-0.187618,0.094828,0.243676,-0.076963,-0.10654,-0.016492,-0.0256,0.084168
-0.034591,0.361755,-0.040221,-0.187618,0.094828,0.243676,-0.076963,-0.10654,-0.016492,-0.0256,0.084168,0.08268
-0.034932,0.361755,-0.187618,0.094828,0.243676,-0.076963,-0.10654,-0.016492,-0.0256,0.084168,0.08268,-0.095367
-0.035463,0.361755,0.094828,0.243676,-0.076963,-0.10654,-0.016492,-0.0256,0.084168,0.08268,-0.095367,-0.250207
-0.033718,0.361755,0.243676,-0.076963,-0.10654,-0.016492,-0.0256,0.084168,0.08268,-0.095367,-0.250207,-0.019521
-0.032006,0.361755,-0.076963,-0.10654,-0.016492,-0.0256,0.084168,0.08268,-0.095367,-0.250207,-0.019521,0.084795
-0.033979,0.361755,-0.10654,-0.016492,-0.0256,0.084168,0.08268,-0.095367,-0.250207,-0.019521,0.084795,-0.18587
-0.039168,0.361755,-0.016492,-0.0256,0.084168,0.08268,-0.095367,-0.250207,-0.019521,0.084795,-0.18587,-0.147743
-0.039574,0.361755,-0.0256,0.084168,0.08268,-0.095367,-0.250207,-0.019521,0.084795,-0.18587,-0.147743,-0.013424
-0.037809,0.361755,0.084168,0.08268,-0.095367,-0.250207,-0.019521,0.084795,-0.18587,-0.147743,-0.013424,-0.100256
-0.041684,0.361755,0.08268,-0.095367,-0.250207,-0.019521,0.084795,-0.18587,-0.147743,-0.013424,-0.100256,-0.185457
-0.044772,0.361755,-0.095367,-0.250207,-0.019521,0.084795,-0.18587,-0.147743,-0.013424,-0.100256,-0.185457,0.045382
-0.045053,0.348969,-0.250207,-0.019521,0.084795,-0.18587,-0.147743,-0.013424,-0.100256,-0.185457,0.045382,-0.037813
-0.047153,0.348969,-0.019521,0.084795,-0.18587,-0.147743,-0.013424,-0.100256,-0.185457,0.045382,-0.037813,-0.172902
-0.051057,0.348969,0.084795,-0.18587,-0.147743,-0.013424,-0.100256,-0.185457,0.045382,-0.037813,-0.172902,0.049593
-0.0501,0.348969,-0.18587,-0.147743,-0.013424,-0.100256,-0.185457,0.045382,-0.037813,-0.172902,0.049593,0.154157
-0.050896,0.348969,-0.147743,-0.013424,-0.100256,-0.185457,0.045382,-0.037813,-0.172902,0.049593,0.154157,-0.233381
-0.054543,0.348969,-0.013424,-0.100256,-0.185457,0.045382,-0.037813,-0.172902,0.049593,0.154157,-0.233381,-0.238766
-0.053495,0.348969,-0.100256,-0.185457,0.045382,-0.037813,-0.172902,0.049593,0.154157,-0.233381,-0.238766,-0.102344
-0.050241,0.348969,-0.185457,0.045382,-0.037813,-0.172902,0.049593,0.154157,-0.233381,-0.238766,-0.102344,-0.008039
-0.055174,0.348969,0.045382,-0.037813,-0.172902,0.049593,0.154157,-0.233381,-0.238766,-0.102344,-0.008039,0.08828
-0.060241,0.348969,-0.037813,-0.172902,0.049593,0.154157,-0.233381,-0.238766,-0.102344,-0.008039,0.08828,0.085128
-0.062419,0.348969,-0.172902,0.049593,0.154157,-0.233381,-0.238766,-0.102344,-0.008039,0.08828,0.085128,-0.039901
-0.062591,0.348969,0.049593,0.154157,-0.233381,-0.238766,-0.102344,-0.008039,0.08828,0.085128,-0.039901,-0.148951
-0.060708,0.344391,0.154157,-0.233381,-0.238766,-0.102344,-0.008039,0.08828,0.085128,-0.039901,-0.148951,0.031912
-0.058895,0.344391,-0.233381,-0.238766,-0.102344,-0.008039,0.08828,0.085128,-0.039901,-0.148951,0.031912,0.175279
-0.059743,0.344391,-0.238766,-0.102344,-0.008039,0.08828,0.085128,-0.039901,-0.148951,0.031912,0.175279,-0.036764
-0.062914,0.344391,-0.102344,-0.008039,0.08828,0.085128,-0.039901,-0.148951,0.031912,0.175279,-0.036764,-0.04377
-0.062234,0.344391,-0.008039,0.08828,0.085128,-0.039901,-0.148951,0.031912,0.175279,-0.036764,-0.04377,-0.00134
-0.0585,0.344391,0.08828,0.085128,-0.039901,-0.148951,0.031912,0.175279,-0.036764,-0.04377,-0.00134,-0.036709
-0.059282,0.344391,0.085128,-0.039901,-0.148951,0.031912,0.175279,-0.036764,-0.04377,-0.00134,-0.036709,0.018651
-0.060213,0.344391,-0.039901,-0.148951,0.031912,0.175279,-0.036764,-0.04377,-0.00134,-0.036709,0.018651,0.181724
-0.060242,0.344391,-0.148951,0.031912,0.175279,-0.036764,-0.04377,-0.00134,-0.036709,0.018651,0.181724,-0.059661
-0.061023,0.344391,0.031912,0.175279,-0.036764,-0.04377,-0.00134,-0.036709,0.018651,0.181724,-0.059661,-0.144558
-0.060625,0.344391,0.175279,-0.036764,-0.04377,-0.00134,-0.036709,0.018651,0.181724,-0.059661,-0.144558,0.089191
-0.05676,0.344391,-0.036764,-0.04377,-0.00134,-0.036709,0.018651,0.181724,-0.059661,-0.144558,0.089191,0.203057
-0.058026,0.344391,-0.04377,-0.00134,-0.036709,0.018651,0.181724,-0.059661,-0.144558,0.089191,0.203057,-0.023874
-0.061097,0.344391,-0.00134,-0.036709,0.018651,0.181724,-0.059661,-0.144558,0.089191,0.203057,-0.023874,-0.013817
-0.059201,0.344391,-0.036709,0.018651,0.181724,-0.059661,-0.144558,0.089191,0.203057,-0.023874,-0.013817,0.005308
-0.054891,0.344391,0.018651,0.181724,-0.059661,-0.144558,0.089191,0.203057,-0.023874,-0.013817,0.005308,-0.071602
-0.055397,0.344391,0.181724,-0.059661,-0.144558,0.089191,0.203057,-0.023874,-0.013817,0.005308,-0.071602,-0.21382
-0.055689,0.344391,-0.059661,-0.144558,0.089191,0.203057,-0.023874,-0.013817,0.005308,-0.071602,-0.21382,0.195448
-0.055577,0.344391,-0.144558,0.089191,0.203057,-0.023874,-0.013817,0.005308,-0.071602,-0.21382,0.195448,-0.003383
-0.057093,0.344391,0.089191,0.203057,-0.023874,-0.013817,0.005308,-0.071602,-0.21382,0.195448,-0.003383,-0.069299
-0.061643,0.344391,0.203057,-0.023874,-0.013817,0.005308,-0.071602,-0.21382,0.195448,-0.003383,-0.069299,0.108045
-0.057482,0.344391,-0.023874,-0.013817,0.005308,-0.071602,-0.21382,0.195448,-0.003383,-0.069299,0.108045,0.240334
-0.057554,0.344391,-0.013817,0.005308,-0.071602,-0.21382,0.195448,-0.003383,-0.069299,0.108045,0.240334,-0.002698
-0.059024,0.344391,0.005308,-0.071602,-0.21382,0.195448,-0.003383,-0.069299,0.108045,0.240334,-0.002698,-0.012421
-0.056732,0.344391,-0.071602,-0.21382,0.195448,-0.003383,-0.069299,0.108045,0.240334,-0.002698,-0.012421,0.046861
-0.051646,0.344391,-0.21382,0.195448,-0.003383,-0.069299,0.108045,0.240334,-0.002698,-0.012421,0.046861,-0.060897
-0.051703,0.344391,0.195448,-0.003383,-0.069299,0.108045,0.240334,-0.002698,-0.012421,0.046861,-0.060897,-0.188674
-0.051965,0.333313,-0.003383,-0.069299,0.108045,0.240334,-0.002698,-0.012421,0.046861,-0.060897,-0.188674,0.193779
-0.050978,0.333313,-0.069299,0.108045,0.240334,-0.002698,-0.012421,0.046861,-0.060897,-0.188674,0.193779,0.010204
-0.052262,0.333313,0.108045,0.240334,-0.002698,-0.012421,0.046861,-0.060897,-0.188674,0.193779,0.010204,-0.140664
-0.056254,0.333313,0.240334,-0.002698,-0.012421,0.046861,-0.060897,-0.188674,0.193779,0.010204,-0.140664,-0.169978
-0.052153,0.333313,-0.002698,-0.012421,0.046861,-0.060897,-0.188674,0.193779,0.010204,-0.140664,-0.169978,0.215325
-0.051937,0.333313,-0.012421,0.046861,-0.060897,-0.188674,0.193779,0.010204,-0.140664,-0.169978,0.215325,0.030272
-0.054907,0.333313,0.046861,-0.060897,-0.188674,0.193779,0.010204,-0.140664,-0.169978,0.215325,0.030272,0.057977
-0.058508,0.333313,-0.060897,-0.188674,0.193779,0.010204,-0.140664,-0.169978,0.215325,0.030272,0.057977,0.056217
-0.053942,0.333313,-0.188674,0.193779,0.010204,-0.140664,-0.169978,0.215325,0.030272,0.057977,0.056217,0.043289
-0.053302,0.333313,0.193779,0.010204,-0.140664,-0.169978,0.215325,0.030272,0.057977,0.056217,0.043289,0.104374
-0.052078,0.333313,0.010204,-0.140664,-0.169978,0.215325,0.030272,0.057977,0.056217,0.043289,0.104374,0.248668
-0.050894,0.333313,-0.140664,-0.169978,0.215325,0.030272,0.057977,0.056217,0.043289,0.104374,0.248668,-0.154185
-0.049982,0.330444,-0.169978,0.215325,0.030272,0.057977,0.056217,0.043289,0.104374,0.248668,-0.154185,-0.231983
-0.047786,0.330444,0.215325,0.030272,0.057977,0.056217,0.043289,0.104374,0.248668,-0.154185,-0.231983,0.048682
-0.042572,0.330444,0.030272,0.057977,0.056217,0.043289,0.104374,0.248668,-0.154185,-0.231983,0.048682,0.273843
-0.045798,0.330444,0.057977,0.056217,0.043289,0.104374,0.248668,-0.154185,-0.231983,0.048682,0.273843,0.026261
-0.050668,0.330444,0.056217,0.043289,0.104374,0.248668,-0.154185,-0.231983,0.048682,0.273843,0.026261,-0.001289
-0.049644,0.330444,0.043289,0.104374,0.248668,-0.154185,-0.231983,0.048682,0.273843,0.026261,-0.001289,0.062058
-0.043894,0.330444,0.104374,0.248668,-0.154185,-0.231983,0.048682,0.273843,0.026261,-0.001289,0.062058,0.016528
-0.043344,0.330444,0.248668,-0.154185,-0.231983,0.048682,0.273843,0.026261,-0.001289,0.062058,0.016528,0.083012
-0.043371,0.330444,-0.154185,-0.231983,0.048682,0.273843,0.026261,-0.001289,0.062058,0.016528,0.083012,0.245392
-0.042076,0.330444,-0.231983,0.048682,0.273843,0.026261,-0.001289,0.062058,0.016528,0.083012,0.245392,0.006241
-0.041731,0.330444,0.048682,0.273843,0.026261,-0.001289,0.062058,0.016528,0.083012,0.245392,0.006241,-0.096456
-0.039999,0.330444,0.273843,0.026261,-0.001289,0.062058,0.016528,0.083012,0.245392,0.006241,-0.096456,0.126046
-0.034895,0.330444,0.026261,-0.001289,0.062058,0.016528,0.083012,0.245392,0.006241,-0.096456,0.126046,0.25197
-0.034766,0.330444,-0.001289,0.062058,0.016528,0.083012,0.245392,0.006241,-0.096456,0.126046,0.25197,-0.013218
-0.036765,0.330444,0.062058,0.016528,0.083012,0.245392,0.006241,-0.096456,0.126046,0.25197,-0.013218,-0.021901
-0.034153,0.330444,0.016528,0.083012,0.245392,0.006241,-0.096456,0.126046,0.25197,-0.013218,-0.021901,-0.070866
-0.028945,0.330444,0.083012,0.245392,0.006241,-0.096456,0.126046,0.25197,-0.013218,-0.021901,-0.070866,-0.182892
-0.029218,0.330444,0.245392,0.006241,-0.096456,0.126046,0.25197,-0.013218,-0.021901,-0.070866,-0.182892,0.056115
-0.029669,0.330444,0.006241,-0.096456,0.126046,0.25197,-0.013218,-0.021901,-0.070866,-0.182892,0.056115,0.157843
-0.03113,0.330444,-0.096456,0.126046,0.25197,-0.013218,-0.021901,-0.070866,-0.182892,0.056115,0.157843,0.049431
-0.03491,0.330444,0.126046,0.25197,-0.013218,-0.021901,-0.070866,-0.182892,0.056115,0.157843,0.049431,-0.177413
-0.033747,0.330444,0.25197,-0.013218,-0.021901,-0.070866,-0.182892,0.056115,0.157843,0.049431,-0.177413,-0.174688
-0.030482,0.330444,-0.013218,-0.021901,-0.070866,-0.182892,0.056115,0.157843,0.049431,-0.177413,-0.174688,0.223263
-0.029463,0.330444,-0.021901,-0.070866,-0.182892,0.056115,0.157843,0.049431,-0.177413,-0.174688,0.223263,0.010809
-0.033123,0.330444,-0.070866,-0.182892,0.056115,0.157843,0.049431,-0.177413,-0.174688,0.223263,0.010809,0.005063
-0.036741,0.330444,-0.182892,0.056115,0.157843,0.049431,-0.177413,-0.174688,0.223263,0.010809,0.005063,0.073105
-0.032113,0.330444,0.056115,0.157843,0.049431,-0.177413,-0.174688,0.223263,0.010809,0.005063,0.073105,0.049426
-0.031889,0.330444,0.157843,0.049431,-0.177413,-0.174688,0.223263,0.010809,0.005063,0.073105,0.049426,0.073847
-0.031785,0.330444,0.049431,-0.177413,-0.174688,0.223263,0.010809,0.005063,0.073105,0.049426,0.073847,0.220609
-0.030277,0.326538,-0.177413,-0.174688,0.223263,0.010809,0.005063,0.073105,0.049426,0.073847,0.220609,-0.068438
-0.029259,0.326538,-0.174688,0.223263,0.010809,0.005063,0.073105,0.049426,0.073847,0.220609,-0.068438,-0.159876
