-0.027738,0.326538,0.223263,0.010809,0.005063,0.073105,0.049426,0.073847,0.220609,-0.068438,-0.159876,0.082845
-0.023206,0.326538,0.010809,0.005063,0.073105,0.049426,0.073847,0.220609,-0.068438,-0.159876,0.082845,-0.05678
-0.024608,0.326538,0.005063,0.073105,0.049426,0.073847,0.220609,-0.068438,-0.159876,0.082845,-0.05678,-0.076194
-0.027888,0.326538,0.073105,0.049426,0.073847,0.220609,-0.068438,-0.159876,0.082845,-0.05678,-0.076194,-0.123104
-0.026186,0.326538,0.049426,0.073847,0.220609,-0.068438,-0.159876,0.082845,-0.05678,-0.076194,-0.123104,-0.131282
-0.027354,0.326538,0.073847,0.220609,-0.068438,-0.159876,0.082845,-0.05678,-0.076194,-0.123104,-0.131282,-0.049588
-0.028924,0.326538,0.220609,-0.068438,-0.159876,0.082845,-0.05678,-0.076194,-0.123104,-0.131282,-0.049588,0.071549
-0.031462,0.326538,-0.068438,-0.159876,0.082845,-0.05678,-0.076194,-0.123104,-0.131282,-0.049588,0.071549,0.251985
-0.034174,0.326538,-0.159876,0.082845,-0.05678,-0.076194,-0.123104,-0.131282,-0.049588,0.071549,0.251985,-0.029057
-0.035201,0.326538,0.082845,-0.05678,-0.076194,-0.123104,-0.131282,-0.049588,0.071549,0.251985,-0.029057,-0.126514
-0.033718,0.326538,-0.05678,-0.076194,-0.123104,-0.131282,-0.049588,0.071549,0.251985,-0.029057,-0.126514,0.050699
-0.028511,0.326538,-0.076194,-0.123104,-0.131282,-0.049588,0.071549,0.251985,-0.029057,-0.126514,0.050699,-0.068386
-0.029109,0.3255,-0.123104,-0.131282,-0.049588,0.071549,0.251985,-0.029057,-0.126514,0.050699,-0.068386,-0.058407
-0.031717,0.3255,-0.131282,-0.049588,0.071549,0.251985,-0.029057,-0.126514,0.050699,-0.068386,-0.058407,0.014853
-0.030671,0.3255,-0.049588,0.071549,0.251985,-0.029057,-0.126514,0.050699,-0.068386,-0.058407,0.014853,0.088468
-0.032084,0.3255,0.071549,0.251985,-0.029057,-0.126514,0.050699,-0.068386,-0.058407,0.014853,0.088468,-0.048786
-0.033292,0.3255,0.251985,-0.029057,-0.126514,0.050699,-0.068386,-0.058407,0.014853,0.088468,-0.048786,-0.185718
-0.032985,0.3255,-0.029057,-0.126514,0.050699,-0.068386,-0.058407,0.014853,0.088468,-0.048786,-0.185718,0.174993
-0.031159,0.3255,-0.126514,0.050699,-0.068386,-0.058407,0.014853,0.088468,-0.048786,-0.185718,0.174993,-0.026124
-0.032166,0.3255,0.050699,-0.068386,-0.058407,0.014853,0.088468,-0.048786,-0.185718,0.174993,-0.026124,-0.11104
-0.036014,0.3255,-0.068386,-0.058407,0.014853,0.088468,-0.048786,-0.185718,0.174993,-0.026124,-0.11104,0.063006
-0.032387,0.3255,-0.058407,0.014853,0.088468,-0.048786,-0.185718,0.174993,-0.026124,-0.11104,0.063006,-0.053453
-0.032927,0.3255,0.014853,0.088468,-0.048786,-0.185718,0.174993,-0.026124,-0.11104,0.063006,-0.053453,-0.055216
-0.035224,0.3255,0.088468,-0.048786,-0.185718,0.174993,-0.026124,-0.11104,0.063006,-0.053453,-0.055216,-0.007871
-0.033919,0.3255,-0.048786,-0.185718,0.174993,-0.026124,-0.11104,0.063006,-0.053453,-0.055216,-0.007871,-0.03042
-0.035027,0.3255,-0.185718,0.174993,-0.026124,-0.11104,0.063006,-0.053453,-0.055216,-0.007871,-0.03042,-0.153081
-0.036174,0.3255,0.174993,-0.026124,-0.11104,0.063006,-0.053453,-0.055216,-0.007871,-0.03042,-0.153081,0.018289
-0.036337,0.3255,-0.026124,-0.11104,0.063006,-0.053453,-0.055216,-0.007871,-0.03042,-0.153081,0.018289,-0.098608
-0.036968,0.3255,-0.11104,0.063006,-0.053453,-0.055216,-0.007871,-0.03042,-0.153081,0.018289,-0.098608,-0.003954
-0.04015,0.3255,0.063006,-0.053453,-0.055216,-0.007871,-0.03042,-0.153081,0.018289,-0.098608,-0.003954,-0.125895
-0.039769,0.3255,-0.053453,-0.055216,-0.007871,-0.03042,-0.153081,0.018289,-0.098608,-0.003954,-0.125895,-0.12887
-0.041827,0.3255,-0.055216,-0.007871,-0.03042,-0.153081,0.018289,-0.098608,-0.003954,-0.125895,-0.12887,0.253797
-0.04191,0.3255,-0.007871,-0.03042,-0.153081,0.018289,-0.098608,-0.003954,-0.125895,-0.12887,0.253797,0.030637
-0.044539,0.3255,-0.03042,-0.153081,0.018289,-0.098608,-0.003954,-0.125895,-0.12887,0.253797,0.030637,0.019516
-0.047238,0.3255,-0.153081,0.018289,-0.098608,-0.003954,-0.125895,-0.12887,0.253797,0.030637,0.019516,0.063972
-0.041922,0.3255,0.018289,-0.098608,-0.003954,-0.125895,-0.12887,0.253797,0.030637,0.019516,0.063972,0.038742
-0.041282,0.3255,-0.098608,-0.003954,-0.125895,-0.12887,0.253797,0.030637,0.019516,0.063972,0.038742,0.084959
-0.040875,0.3255,-0.003954,-0.125895,-0.12887,0.253797,0.030637,0.019516,0.063972,0.038742,0.084959,0.25354
-0.039543,0.3255,-0.125895,-0.12887,0.253797,0.030637,0.019516,0.063972,0.038742,0.084959,0.25354,-0.031809
-0.038737,0.3255,-0.12887,0.253797,0.030637,0.019516,0.063972,0.038742,0.084959,0.25354,-0.031809,-0.125298
-0.03697,0.322876,0.253797,0.030637,0.019516,0.063972,0.038742,0.084959,0.25354,-0.031809,-0.125298,0.122416
-0.031714,0.322876,0.030637,0.019516,0.063972,0.038742,0.084959,0.25354,-0.031809,-0.125298,0.122416,0.258925
-0.032371,0.322876,0.019516,0.063972,0.038742,0.084959,0.25354,-0.031809,-0.125298,0.122416,0.258925,0.001159
-0.034962,0.322876,0.063972,0.038742,0.084959,0.25354,-0.031809,-0.125298,0.122416,0.258925,0.001159,-0.037722
-0.032429,0.322876,0.038742,0.084959,0.25354,-0.031809,-0.125298,0.122416,0.258925,0.001159,-0.037722,0.025007
-0.027088,0.322876,0.084959,0.25354,-0.031809,-0.125298,0.122416,0.258925,0.001159,-0.037722,0.025007,0.006483
-0.027065,0.322876,0.25354,-0.031809,-0.125298,0.122416,0.258925,0.001159,-0.037722,0.025007,0.006483,-0.006388
-0.02784,0.322876,-0.031809,-0.125298,0.122416,0.258925,0.001159,-0.037722,0.025007,0.006483,-0.006388,-0.003159
-0.027326,0.322876,-0.125298,0.122416,0.258925,0.001159,-0.037722,0.025007,0.006483,-0.006388,-0.003159,-0.230306
-0.027193,0.322876,0.122416,0.258925,0.001159,-0.037722,0.025007,0.006483,-0.006388,-0.003159,-0.230306,-0.194239
-0.027325,0.322876,0.258925,0.001159,-0.037722,0.025007,0.006483,-0.006388,-0.003159,-0.230306,-0.194239,0.071304
-0.02739,0.322876,0.001159,-0.037722,0.025007,0.006483,-0.006388,-0.003159,-0.230306,-0.194239,0.071304,0.180495
-0.032136,0.322876,-0.037722,0.025007,0.006483,-0.006388,-0.003159,-0.230306,-0.194239,0.071304,0.180495,-0.138972
-0.036155,0.322876,0.025007,0.006483,-0.006388,-0.003159,-0.230306,-0.194239,0.071304,0.180495,-0.138972,-0.051421
-0.034677,0.320679,0.006483,-0.006388,-0.003159,-0.230306,-0.194239,0.071304,0.180495,-0.138972,-0.051421,0.086499
-0.030942,0.320679,-0.006388,-0.003159,-0.230306,-0.194239,0.071304,0.180495,-0.138972,-0.051421,0.086499,0.050552
-0.033818,0.320679,-0.003159,-0.230306,-0.194239,0.071304,0.180495,-0.138972,-0.051421,0.086499,0.050552,0.110405
-0.034882,0.320679,-0.230306,-0.194239,0.071304,0.180495,-0.138972,-0.051421,0.086499,0.050552,0.110405,0.298794
-0.033093,0.320679,-0.194239,0.071304,0.180495,-0.138972,-0.051421,0.086499,0.050552,0.110405,0.298794,-0.00447
-0.032049,0.320679,0.071304,0.180495,-0.138972,-0.051421,0.086499,0.050552,0.110405,0.298794,-0.00447,-0.121309
-0.029769,0.320679,0.180495,-0.138972,-0.051421,0.086499,0.050552,0.110405,0.298794,-0.00447,-0.121309,0.110792
-0.023623,0.320679,-0.138972,-0.051421,0.086499,0.050552,0.110405,0.298794,-0.00447,-0.121309,0.110792,0.278424
-0.023714,0.320679,-0.051421,0.086499,0.050552,0.110405,0.298794,-0.00447,-0.121309,0.110792,0.278424,-0.005758
-0.0262,0.320679,0.086499,0.050552,0.110405,0.298794,-0.00447,-0.121309,0.110792,0.278424,-0.005758,-0.029337
-0.023929,0.320679,0.050552,0.110405,0.298794,-0.00447,-0.121309,0.110792,0.278424,-0.005758,-0.029337,0.021418
-0.018236,0.320679,0.110405,0.298794,-0.00447,-0.121309,0.110792,0.278424,-0.005758,-0.029337,0.021418,0.010651
-0.018354,0.320679,0.298794,-0.00447,-0.121309,0.110792,0.278424,-0.005758,-0.029337,0.021418,0.010651,0.05774
-0.018952,0.320679,-0.00447,-0.121309,0.110792,0.278424,-0.005758,-0.029337,0.021418,0.010651,0.05774,0.235962
-0.018516,0.320679,-0.121309,0.110792,0.278424,-0.005758,-0.029337,0.021418,0.010651,0.05774,0.235962,-0.071549
-0.018299,0.320679,0.110792,0.278424,-0.005758,-0.029337,0.021418,0.010651,0.05774,0.235962,-0.071549,-0.150191
-0.017122,0.320679,0.278424,-0.005758,-0.029337,0.021418,0.010651,0.05774,0.235962,-0.071549,-0.150191,0.112054
-0.012328,0.320679,-0.005758,-0.029337,0.021418,0.010651,0.05774,0.235962,-0.071549,-0.150191,0.112054,0.152719
-0.013777,0.320679,-0.029337,0.021418,0.010651,0.05774,0.235962,-0.071549,-0.150191,0.112054,0.152719,-0.213633
-0.016825,0.320679,0.021418,0.010651,0.05774,0.235962,-0.071549,-0.150191,0.112054,0.152719,-0.213633,-0.100684
-0.01455,0.320679,0.010651,0.05774,0.235962,-0.071549,-0.150191,0.112054,0.152719,-0.213633,-0.100684,0.061663
-0.011453,0.320679,0.05774,0.235962,-0.071549,-0.150191,0.112054,0.152719,-0.213633,-0.100684,0.061663,0.044882
-0.015789,0.320679,0.235962,-0.071549,-0.150191,0.112054,0.152719,-0.213633,-0.100684,0.061663,0.044882,0.007337
-0.017837,0.320679,-0.071549,-0.150191,0.112054,0.152719,-0.213633,-0.100684,0.061663,0.044882,0.007337,-0.001217
-0.016583,0.320679,-0.150191,0.112054,0.152719,-0.213633,-0.100684,0.061663,0.044882,0.007337,-0.001217,-0.115563
-0.015671,0.320679,0.112054,0.152719,-0.213633,-0.100684,0.061663,0.044882,0.007337,-0.001217,-0.115563,-0.116028
-0.015522,0.320679,0.152719,-0.213633,-0.100684,0.061663,0.044882,0.007337,-0.001217,-0.115563,-0.116028,0.139219
-0.015547,0.320679,-0.213633,-0.100684,0.061663,0.044882,0.007337,-0.001217,-0.115563,-0.116028,0.139219,0.294063
-0.017897,0.320679,-0.100684,0.061663,0.044882,0.007337,-0.001217,-0.115563,-0.116028,0.139219,0.294063,-0.011584
-0.02026,0.320679,0.061663,0.044882,0.007337,-0.001217,-0.115563,-0.116028,0.139219,0.294063,-0.011584,-0.058111
-0.017424,0.31781,0.044882,0.007337,-0.001217,-0.115563,-0.116028,0.139219,0.294063,-0.011584,-0.058111,0.015888
-0.011453,0.31781,0.007337,-0.001217,-0.115563,-0.116028,0.139219,0.294063,-0.011584,-0.058111,0.015888,0.003015
-0.011687,0.31781,-0.001217,-0.115563,-0.116028,0.139219,0.294063,-0.011584,-0.058111,0.015888,0.003015,0.047763
-0.012864,0.31781,-0.115563,-0.116028,0.139219,0.294063,-0.011584,-0.058111,0.015888,0.003015,0.047763,0.238783
-0.012542,0.31781,-0.116028,0.139219,0.294063,-0.011584,-0.058111,0.015888,0.003015,0.047763,0.238783,-0.075469
-0.012481,0.31781,0.139219,0.294063,-0.011584,-0.058111,0.015888,0.003015,0.047763,0.238783,-0.075469,-0.178356
-0.011514,0.31781,0.294063,-0.011584,-0.058111,0.015888,0.003015,0.047763,0.238783,-0.075469,-0.178356,0.087721
-0.006689,0.31781,-0.011584,-0.058111,0.015888,0.003015,0.047763,0.238783,-0.075469,-0.178356,0.087721,0.235589
-0.00821,0.31781,-0.058111,0.015888,0.003015,0.047763,0.238783,-0.075469,-0.178356,0.087721,0.235589,-0.080403
-0.01181,0.31781,0.015888,0.003015,0.047763,0.238783,-0.075469,-0.178356,0.087721,0.235589,-0.080403,-0.087633
-0.010037,0.31781,0.003015,0.047763,0.238783,-0.075469,-0.178356,0.087721,0.235589,-0.080403,-0.087633,0.00701
-0.005286,0.31781,0.047763,0.238783,-0.075469,-0.178356,0.087721,0.235589,-0.080403,-0.087633,0.00701,-0.012387
-0.006905,0.31781,0.238783,-0.075469,-0.178356,0.087721,0.235589,-0.080403,-0.087633,0.00701,-0.012387,0.087653
-0.008671,0.31781,-0.075469,-0.178356,0.087721,0.235589,-0.080403,-0.087633,0.00701,-0.012387,0.087653,-0.061816
-0.00853,0.313507,-0.178356,0.087721,0.235589,-0.080403,-0.087633,0.00701,-0.012387,0.087653,-0.061816,-0.097979
-0.00878,0.313507,0.087721,0.235589,-0.080403,-0.087633,0.00701,-0.012387,0.087653,-0.061816,-0.097979,-0.253702
-0.007012,0.313507,0.235589,-0.080403,-0.087633,0.00701,-0.012387,0.087653,-0.061816,-0.097979,-0.253702,0.095956
-0.008259,0.313507,-0.080403,-0.087633,0.00701,-0.012387,0.087653,-0.061816,-0.097979,-0.253702,0.095956,0.269938
-0.010236,0.313507,-0.087633,0.00701,-0.012387,0.087653,-0.061816,-0.097979,-0.253702,0.095956,0.269938,-0.016099
-0.015371,0.313507,0.00701,-0.012387,0.087653,-0.061816,-0.097979,-0.253702,0.095956,0.269938,-0.016099,-0.040253
-0.013425,0.313507,-0.012387,0.087653,-0.061816,-0.097979,-0.253702,0.095956,0.269938,-0.016099,-0.040253,0.042083
-0.007964,0.313507,0.087653,-0.061816,-0.097979,-0.253702,0.095956,0.269938,-0.016099,-0.040253,0.042083,-0.010885
-0.008289,0.313507,-0.061816,-0.097979,-0.253702,0.095956,0.269938,-0.016099,-0.040253,0.042083,-0.010885,0.096877
-0.009101,0.313507,-0.097979,-0.253702,0.095956,0.269938,-0.016099,-0.040253,0.042083,-0.010885,0.096877,0.103541
-0.008253,0.313507,-0.253702,0.095956,0.269938,-0.016099,-0.040253,0.042083,-0.010885,0.096877,0.103541,-0.023534
-0.008472,0.313507,0.095956,0.269938,-0.016099,-0.040253,0.042083,-0.010885,0.096877,0.103541,-0.023534,-0.23492
-0.006519,0.313507,0.269938,-0.016099,-0.040253,0.042083,-0.010885,0.096877,0.103541,-0.023534,-0.23492,-0.161854
-0.004435,0.313507,-0.016099,-0.040253,0.042083,-0.010885,0.096877,0.103541,-0.023534,-0.23492,-0.161854,0.198822
-0.004907,0.313507,-0.040253,0.042083,-0.010885,0.096877,0.103541,-0.023534,-0.23492,-0.161854,0.198822,-0.044905
-0.009636,0.313507,0.042083,-0.010885,0.096877,0.103541,-0.023534,-0.23492,-0.161854,0.198822,-0.044905,-0.046223
-0.012908,0.313507,-0.010885,0.096877,0.103541,-0.023534,-0.23492,-0.161854,0.198822,-0.044905,-0.046223,0.04793
-0.008885,0.313507,0.096877,0.103541,-0.023534,-0.23492,-0.161854,0.198822,-0.044905,-0.046223,0.04793,0.01961
-0.009792,0.313507,0.103541,-0.023534,-0.23492,-0.161854,0.198822,-0.044905,-0.046223,0.04793,0.01961,0.087545
-0.010726,0.313507,-0.023534,-0.23492,-0.161854,0.198822,-0.044905,-0.046223,0.04793,0.01961,0.087545,-0.075403
-0.009759,0.313507,-0.23492,-0.161854,0.198822,-0.044905,-0.046223,0.04793,0.01961,0.087545,-0.075403,-0.106852
-0.009363,0.313507,-0.161854,0.198822,-0.044905,-0.046223,0.04793,0.01961,0.087545,-0.075403,-0.106852,-0.31093
-0.007596,0.313507,0.198822,-0.044905,-0.046223,0.04793,0.01961,0.087545,-0.075403,-0.106852,-0.31093,-0.15173
-0.009118,0.313507,-0.044905,-0.046223,0.04793,0.01961,0.087545,-0.075403,-0.106852,-0.31093,-0.15173,0.122296
-0.011277,0.313507,-0.046223,0.04793,0.01961,0.087545,-0.075403,-0.106852,-0.31093,-0.15173,0.122296,-0.155614
-0.01758,0.313507,0.04793,0.01961,0.087545,-0.075403,-0.106852,-0.31093,-0.15173,0.122296,-0.155614,-0.058489
-0.020672,0.313507,0.01961,0.087545,-0.075403,-0.106852,-0.31093,-0.15173,0.122296,-0.155614,-0.058489,0.050426
-0.018176,0.313507,0.087545,-0.075403,-0.106852,-0.31093,-0.15173,0.122296,-0.155614,-0.058489,0.050426,-0.031749
-0.021354,0.313507,-0.075403,-0.106852,-0.31093,-0.15173,0.122296,-0.155614,-0.058489,0.050426,-0.031749,-0.153367
-0.02255,0.313507,-0.106852,-0.31093,-0.15173,0.122296,-0.155614,-0.058489,0.050426,-0.031749,-0.153367,0.191652
-0.02152,0.31012,-0.31093,-0.15173,0.122296,-0.155614,-0.058489,0.050426,-0.031749,-0.153367,0.191652,-0.019013
-0.022169,0.31012,-0.15173,0.122296,-0.155614,-0.058489,0.050426,-0.031749,-0.153367,0.191652,-0.019013,-0.110362
-0.025313,0.31012,0.122296,-0.155614,-0.058489,0.050426,-0.031749,-0.153367,0.191652,-0.019013,-0.110362,0.178911
-0.021384,0.31012,-0.155614,-0.058489,0.050426,-0.031749,-0.153367,0.191652,-0.019013,-0.110362,0.178911,0.272261
-0.021773,0.31012,-0.058489,0.050426,-0.031749,-0.153367,0.191652,-0.019013,-0.110362,0.178911,0.272261,-0.051825
-0.02403,0.31012,0.050426,-0.031749,-0.153367,0.191652,-0.019013,-0.110362,0.178911,0.272261,-0.051825,-0.050216
-0.020373,0.31012,-0.031749,-0.153367,0.191652,-0.019013,-0.110362,0.178911,0.272261,-0.051825,-0.050216,0.026053
-0.014826,0.31012,-0.153367,0.191652,-0.019013,-0.110362,0.178911,0.272261,-0.051825,-0.050216,0.026053,0.016575
-0.01588,0.31012,0.191652,-0.019013,-0.110362,0.178911,0.272261,-0.051825,-0.050216,0.026053,0.016575,0.131166
-0.016901,0.31012,-0.019013,-0.110362,0.178911,0.272261,-0.051825,-0.050216,0.026053,0.016575,0.131166,0.108623
-0.016371,0.31012,-0.110362,0.178911,0.272261,-0.051825,-0.050216,0.026053,0.016575,0.131166,0.108623,-0.005356
-0.016034,0.31012,0.178911,0.272261,-0.051825,-0.050216,0.026053,0.016575,0.131166,0.108623,-0.005356,-0.167775
-0.01337,0.31012,0.272261,-0.051825,-0.050216,0.026053,0.016575,0.131166,0.108623,-0.005356,-0.167775,0.091615
-0.011168,0.31012,-0.051825,-0.050216,0.026053,0.016575,0.131166,0.108623,-0.005356,-0.167775,0.091615,-0.05274
-0.011277,0.31012,-0.050216,0.026053,0.016575,0.131166,0.108623,-0.005356,-0.167775,0.091615,-0.05274,-0.059374
-0.014673,0.31012,0.026053,0.016575,0.131166,0.108623,-0.005356,-0.167775,0.091615,-0.05274,-0.059374,-0.004048
-0.012816,0.31076,0.016575,0.131166,0.108623,-0.005356,-0.167775,0.091615,-0.05274,-0.059374,-0.004048,0.081738
-0.013886,0.31076,0.131166,0.108623,-0.005356,-0.167775,0.091615,-0.05274,-0.059374,-0.004048,0.081738,0.061716
-0.015092,0.31076,0.108623,-0.005356,-0.167775,0.091615,-0.05274,-0.059374,-0.004048,0.081738,0.061716,0.142989
-0.015175,0.31076,-0.005356,-0.167775,0.091615,-0.05274,-0.059374,-0.004048,0.081738,0.061716,0.142989,0.116255
-0.013518,0.31076,-0.167775,0.091615,-0.05274,-0.059374,-0.004048,0.081738,0.061716,0.142989,0.116255,0.010152
-0.012268,0.31076,0.091615,-0.05274,-0.059374,-0.004048,0.081738,0.061716,0.142989,0.116255,0.010152,-0.1411
-0.009375,0.31076,-0.05274,-0.059374,-0.004048,0.081738,0.061716,0.142989,0.116255,0.010152,-0.1411,0.149376
-0.007028,0.31076,-0.059374,-0.004048,0.081738,0.061716,0.142989,0.116255,0.010152,-0.1411,0.149376,0.282764
-0.006824,0.31076,-0.004048,0.081738,0.061716,0.142989,0.116255,0.010152,-0.1411,0.149376,0.282764,-0.039388
-0.009667,0.31076,0.081738,0.061716,0.142989,0.116255,0.010152,-0.1411,0.149376,0.282764,-0.039388,-0.057697
-0.006656,0.31076,0.061716,0.142989,0.116255,0.010152,-0.1411,0.149376,0.282764,-0.039388,-0.057697,0.055443
-0.000975,0.31076,0.142989,0.116255,0.010152,-0.1411,0.149376,0.282764,-0.039388,-0.057697,0.055443,0.02124
-0.001765,0.31076,0.116255,0.010152,-0.1411,0.149376,0.282764,-0.039388,-0.057697,0.055443,0.02124,0.032926
-0.002922,0.31076,0.010152,-0.1411,0.149376,0.282764,-0.039388,-0.057697,0.055443,0.02124,0.032926,-0.133869
-0.001811,0.31076,-0.1411,0.149376,0.282764,-0.039388,-0.057697,0.055443,0.02124,0.032926,-0.133869,-0.063686
-0.001386,0.31076,0.149376,0.282764,-0.039388,-0.057697,0.055443,0.02124,0.032926,-0.133869,-0.063686,-0.102131
-0.000726,0.31076,0.282764,-0.039388,-0.057697,0.055443,0.02124,0.032926,-0.133869,-0.063686,-0.102131,0.170666
-0.003412,0.31076,-0.039388,-0.057697,0.055443,0.02124,0.032926,-0.133869,-0.063686,-0.102131,0.170666,0.272811
-0.004691,0.31076,-0.057697,0.055443,0.02124,0.032926,-0.133869,-0.063686,-0.102131,0.170666,0.272811,-0.053707
-0.006743,0.31076,0.055443,0.02124,0.032926,-0.133869,-0.063686,-0.102131,0.170666,0.272811,-0.053707,-0.154659
-0.003315,0.31076,0.02124,0.032926,-0.133869,-0.063686,-0.102131,0.170666,0.272811,-0.053707,-0.154659,-0.126088
0.002149,0.31076,0.032926,-0.133869,-0.063686,-0.102131,0.170666,0.272811,-0.053707,-0.154659,-0.126088,-0.057378
0.001075,0.31076,-0.133869,-0.063686,-0.102131,0.170666,0.272811,-0.053707,-0.154659,-0.126088,-0.057378,0.111353
-0.002019,0.31076,-0.063686,-0.102131,0.170666,0.272811,-0.053707,-0.154659,-0.126088,-0.057378,0.111353,0.188775
-0.004547,0.31076,-0.102131,0.170666,0.272811,-0.053707,-0.154659,-0.126088,-0.057378,0.111353,0.188775,0.012422
-0.005699,0.31076,0.170666,0.272811,-0.053707,-0.154659,-0.126088,-0.057378,0.111353,0.188775,0.012422,-0.1317
-0.003461,0.31076,0.272811,-0.053707,-0.154659,-0.126088,-0.057378,0.111353,0.188775,0.012422,-0.1317,0.082033
0.000325,0.31076,-0.053707,-0.154659,-0.126088,-0.057378,0.111353,0.188775,0.012422,-0.1317,0.082033,-0.054191
0.000573,0.31076,-0.154659,-0.126088,-0.057378,0.111353,0.188775,0.012422,-0.1317,0.082033,-0.054191,-0.09504
-0.002061,0.31076,-0.126088,-0.057378,0.111353,0.188775,0.012422,-0.1317,0.082033,-0.054191,-0.09504,-0.01427
-0.000419,0.31076,-0.057378,0.111353,0.188775,0.012422,-0.1317,0.082033,-0.054191,-0.09504,-0.01427,0.089515
-0.001504,0.31076,0.111353,0.188775,0.012422,-0.1317,0.082033,-0.054191,-0.09504,-0.01427,0.089515,0.046157
-0.003412,0.302918,0.188775,0.012422,-0.1317,0.082033,-0.054191,-0.09504,-0.01427,0.089515,0.046157,0.082861
-0.003698,0.302918,0.012422,-0.1317,0.082033,-0.054191,-0.09504,-0.01427,0.089515,0.046157,0.082861,0.093591
-0.001905,0.302918,-0.1317,0.082033,-0.054191,-0.09504,-0.01427,0.089515,0.046157,0.082861,0.093591,-0.015713
-0.000981,0.302918,0.082033,-0.054191,-0.09504,-0.01427,0.089515,0.046157,0.082861,0.093591,-0.015713,-0.160446
0.000678,0.302918,-0.054191,-0.09504,-0.01427,0.089515,0.046157,0.082861,0.093591,-0.015713,-0.160446,0.132453
0.002549,0.302918,-0.09504,-0.01427,0.089515,0.046157,0.082861,0.093591,-0.015713,-0.160446,0.132453,0.249478
0.002235,0.302918,-0.01427,0.089515,0.046157,0.082861,0.093591,-0.015713,-0.160446,0.132453,0.249478,-0.074819
-0.000969,0.302918,0.089515,0.046157,0.082861,0.093591,-0.015713,-0.160446,0.132453,0.249478,-0.074819,-0.069524
0.001678,0.302918,0.046157,0.082861,0.093591,-0.015713,-0.160446,0.132453,0.249478,-0.074819,-0.069524,0.048739
0.00665,0.302918,0.082861,0.093591,-0.015713,-0.160446,0.132453,0.249478,-0.074819,-0.069524,0.048739,0.007037
0.005161,0.302918,0.093591,-0.015713,-0.160446,0.132453,0.249478,-0.074819,-0.069524,0.048739,0.007037,0.066373
0.003777,0.302918,-0.015713,-0.160446,0.132453,0.249478,-0.074819,-0.069524,0.048739,0.007037,0.066373,0.093825
0.004747,0.302918,-0.160446,0.132453,0.249478,-0.074819,-0.069524,0.048739,0.007037,0.066373,0.093825,-0.044397
0.004887,0.302918,0.132453,0.249478,-0.074819,-0.069524,0.048739,0.007037,0.066373,0.093825,-0.044397,-0.17226
0.006208,0.302918,0.249478,-0.074819,-0.069524,0.048739,0.007037,0.066373,0.093825,-0.044397,-0.17226,0.124545
0.008073,0.302918,-0.074819,-0.069524,0.048739,0.007037,0.066373,0.093825,-0.044397,-0.17226,0.124545,0.233207
0.007192,0.300598,-0.069524,0.048739,0.007037,0.066373,0.093825,-0.044397,-0.17226,0.124545,0.233207,-0.0964
0.003768,0.300598,0.048739,0.007037,0.066373,0.093825,-0.044397,-0.17226,0.124545,0.233207,-0.0964,-0.095646
0.006245,0.300598,0.007037,0.066373,0.093825,-0.044397,-0.17226,0.124545,0.233207,-0.0964,-0.095646,0.04607
0.010873,0.300598,0.066373,0.093825,-0.044397,-0.17226,0.124545,0.233207,-0.0964,-0.095646,0.04607,0.013348
0.008962,0.300598,0.093825,-0.044397,-0.17226,0.124545,0.233207,-0.0964,-0.095646,0.04607,0.013348,0.039516
0.007065,0.300598,-0.044397,-0.17226,0.124545,0.233207,-0.0964,-0.095646,0.04607,0.013348,0.039516,-0.065653
0.007978,0.300598,-0.17226,0.124545,0.233207,-0.0964,-0.095646,0.04607,0.013348,0.039516,-0.065653,-0.103329
0.008243,0.300598,0.124545,0.233207,-0.0964,-0.095646,0.04607,0.013348,0.039516,-0.065653,-0.103329,-0.325279
0.009027,0.300598,0.233207,-0.0964,-0.095646,0.04607,0.013348,0.039516,-0.065653,-0.103329,-0.325279,-0.151213
0.007724,0.300598,-0.0964,-0.095646,0.04607,0.013348,0.039516,-0.065653,-0.103329,-0.325279,-0.151213,0.111828
0.005671,0.300598,-0.095646,0.04607,0.013348,0.039516,-0.065653,-0.103329,-0.325279,-0.151213,0.111828,-0.161264
-0.000813,0.300598,0.04607,0.013348,0.039516,-0.065653,-0.103329,-0.325279,-0.151213,0.111828,-0.161264,-0.086518
-0.003842,0.300598,0.013348,0.039516,-0.065653,-0.103329,-0.325279,-0.151213,0.111828,-0.161264,-0.086518,0.03476
-0.001598,0.300598,0.039516,-0.065653,-0.103329,-0.325279,-0.151213,0.111828,-0.161264,-0.086518,0.03476,0.058141
-0.004837,0.300598,-0.065653,-0.103329,-0.325279,-0.151213,0.111828,-0.161264,-0.086518,0.03476,0.058141,0.130186
-0.006577,0.300598,-0.103329,-0.325279,-0.151213,0.111828,-0.161264,-0.086518,0.03476,0.058141,0.130186,0.095799
-0.005878,0.300598,-0.325279,-0.151213,0.111828,-0.161264,-0.086518,0.03476,0.058141,0.130186,0.095799,-0.003263
-0.00471,0.300598,-0.151213,0.111828,-0.161264,-0.086518,0.03476,0.058141,0.130186,0.095799,-0.003263,-0.150007
-0.002095,0.300598,0.111828,-0.161264,-0.086518,0.03476,0.058141,0.130186,0.095799,-0.003263,-0.150007,0.139476
-0.000175,0.300598,-0.161264,-0.086518,0.03476,0.058141,0.130186,0.095799,-0.003263,-0.150007,0.139476,0.230679
-0.00024,0.300598,-0.086518,0.03476,0.058141,0.130186,0.095799,-0.003263,-0.150007,0.139476,0.230679,-0.085389
-0.003243,0.300598,0.03476,0.058141,0.130186,0.095799,-0.003263,-0.150007,0.139476,0.230679,-0.085389,-0.080119
-0.00045,0.300598,0.058141,0.130186,0.095799,-0.003263,-0.150007,0.139476,0.230679,-0.085389,-0.080119,0.035677
0.004158,0.300598,0.130186,0.095799,-0.003263,-0.150007,0.139476,0.230679,-0.085389,-0.080119,0.035677,-0.008583
0.002454,0.300598,0.095799,-0.003263,-0.150007,0.139476,0.230679,-0.085389,-0.080119,0.035677,-0.008583,0.054964
0.000855,0.300598,-0.003263,-0.150007,0.139476,0.230679,-0.085389,-0.080119,0.035677,-0.008583,0.054964,0.098934
0.001567,0.300598,-0.150007,0.139476,0.230679,-0.085389,-0.080119,0.035677,-0.008583,0.054964,0.098934,-0.042576
0.001396,0.300598,0.139476,0.230679,-0.085389,-0.080119,0.035677,-0.008583,0.054964,0.098934,-0.042576,-0.153248
0.002493,0.300598,0.230679,-0.085389,-0.080119,0.035677,-0.008583,0.054964,0.098934,-0.042576,-0.153248,0.10617
0.004467,0.300598,-0.085389,-0.080119,0.035677,-0.008583,0.054964,0.098934,-0.042576,-0.153248,0.10617,0.211903
0.003619,0.300598,-0.080119,0.035677,-0.008583,0.054964,0.098934,-0.042576,-0.153248,0.10617,0.211903,-0.089124
0.000564,0.300598,0.035677,-0.008583,0.054964,0.098934,-0.042576,-0.153248,0.10617,0.211903,-0.089124,-0.053703
0.002682,0.300598,-0.008583,0.054964,0.098934,-0.042576,-0.153248,0.10617,0.211903,-0.089124,-0.053703,0.061514
0.006903,0.295502,0.054964,0.098934,-0.042576,-0.153248,0.10617,0.211903,-0.089124,-0.053703,0.061514,0.014966
0.005129,0.295502,0.098934,-0.042576,-0.153248,0.10617,0.211903,-0.089124,-0.053703,0.061514,0.014966,0.069637
0.00406,0.295502,-0.042576,-0.153248,0.10617,0.211903,-0.089124,-0.053703,0.061514,0.014966,0.069637,0.082866
0.005284,0.295502,-0.153248,0.10617,0.211903,-0.089124,-0.053703,0.061514,0.014966,0.069637,0.082866,-0.025216
0.005581,0.295502,0.10617,0.211903,-0.089124,-0.053703,0.061514,0.014966,0.069637,0.082866,-0.025216,-0.150464
0.006966,0.295502,0.211903,-0.089124,-0.053703,0.061514,0.014966,0.069637,0.082866,-0.025216,-0.150464,0.12498
0.008612,0.295502,-0.089124,-0.053703,0.061514,0.014966,0.069637,0.082866,-0.025216,-0.150464,0.12498,0.21788
0.008112,0.295502,-0.053703,0.061514,0.014966,0.069637,0.082866,-0.025216,-0.150464,0.12498,0.21788,-0.085389
0.005126,0.295502,0.061514,0.014966,0.069637,0.082866,-0.025216,-0.150464,0.12498,0.21788,-0.085389,-0.068652
0.007608,0.295502,0.014966,0.069637,0.082866,-0.025216,-0.150464,0.12498,0.21788,-0.085389,-0.068652,0.038298
0.011926,0.295502,0.069637,0.082866,-0.025216,-0.150464,0.12498,0.21788,-0.085389,-0.068652,0.038298,-0.073422
0.010236,0.295502,0.082866,-0.025216,-0.150464,0.12498,0.21788,-0.085389,-0.068652,0.038298,-0.073422,-0.164228
0.008876,0.295502,-0.025216,-0.150464,0.12498,0.21788,-0.085389,-0.068652,0.038298,-0.073422,-0.164228,0.061589
0.009634,0.295502,-0.150464,0.12498,0.21788,-0.085389,-0.068652,0.038298,-0.073422,-0.164228,0.061589,0.005057
0.008179,0.295502,0.12498,0.21788,-0.085389,-0.068652,0.038298,-0.073422,-0.164228,0.061589,0.005057,-0.121184
0.004914,0.295502,0.21788,-0.085389,-0.068652,0.038298,-0.073422,-0.164228,0.061589,0.005057,-0.121184,0.122976
0.00614,0.289642,-0.085389,-0.068652,0.038298,-0.073422,-0.164228,0.061589,0.005057,-0.121184,0.122976,0.242887
0.006241,0.289642,-0.068652,0.038298,-0.073422,-0.164228,0.061589,0.005057,-0.121184,0.122976,0.242887,-0.086825
0.003831,0.289642,0.038298,-0.073422,-0.164228,0.061589,0.005057,-0.121184,0.122976,0.242887,-0.086825,-0.173925
0.006277,0.289642,-0.073422,-0.164228,0.061589,0.005057,-0.121184,0.122976,0.242887,-0.086825,-0.173925,-0.111577
0.011096,0.289642,-0.164228,0.061589,0.005057,-0.121184,0.122976,0.242887,-0.086825,-0.173925,-0.111577,-0.060805
0.009376,0.289642,0.061589,0.005057,-0.121184,0.122976,0.242887,-0.086825,-0.173925,-0.111577,-0.060805,0.094497
0.005924,0.289642,0.005057,-0.121184,0.122976,0.242887,-0.086825,-0.173925,-0.111577,-0.060805,0.094497,-0.022405
0.003705,0.289642,-0.121184,0.122976,0.242887,-0.086825,-0.173925,-0.111577,-0.060805,0.094497,-0.022405,-0.070932
0.002494,0.289642,0.122976,0.242887,-0.086825,-0.173925,-0.111577,-0.060805,0.094497,-0.022405,-0.070932,-0.238522
0.004378,0.289642,0.242887,-0.086825,-0.173925,-0.111577,-0.060805,0.094497,-0.022405,-0.070932,-0.238522,0.086677
0.003932,0.289642,-0.086825,-0.173925,-0.111577,-0.060805,0.094497,-0.022405,-0.070932,-0.238522,0.086677,0.243277
0.002518,0.289642,-0.173925,-0.111577,-0.060805,0.094497,-0.022405,-0.070932,-0.238522,0.086677,0.243277,-0.042914
-0.002247,0.289642,-0.111577,-0.060805,0.094497,-0.022405,-0.070932,-0.238522,0.086677,0.243277,-0.042914,-0.045668
-0.000513,0.289642,-0.060805,0.094497,-0.022405,-0.070932,-0.238522,0.086677,0.243277,-0.042914,-0.045668,0.054878
0.004347,0.289642,0.094497,-0.022405,-0.070932,-0.238522,0.086677,0.243277,-0.042914,-0.045668,0.054878,0.013397
0.003491,0.289642,-0.022405,-0.070932,-0.238522,0.086677,0.243277,-0.042914,-0.045668,0.054878,0.013397,0.055177
0.002581,0.289642,-0.070932,-0.238522,0.086677,0.243277,-0.042914,-0.045668,0.054878,0.013397,0.055177,0.096631
0.003674,0.289642,-0.238522,0.086677,0.243277,-0.042914,-0.045668,0.054878,0.013397,0.055177,0.096631,-0.007658
0.003941,0.289642,0.086677,0.243277,-0.042914,-0.045668,0.054878,0.013397,0.055177,0.096631,-0.007658,-0.172068
0.00504,0.289642,0.243277,-0.042914,-0.045668,0.054878,0.013397,0.055177,0.096631,-0.007658,-0.172068,0.114883
0.006963,0.289642,-0.042914,-0.045668,0.054878,0.013397,0.055177,0.096631,-0.007658,-0.172068,0.114883,0.06328
0.006811,0.289642,-0.045668,0.054878,0.013397,0.055177,0.096631,-0.007658,-0.172068,0.114883,0.06328,-0.301678
0.00339,0.289642,0.054878,0.013397,0.055177,0.096631,-0.007658,-0.172068,0.114883,0.06328,-0.301678,-0.238287
0.005676,0.289642,0.013397,0.055177,0.096631,-0.007658,-0.172068,0.114883,0.06328,-0.301678,-0.238287,-0.014466
0.006935,0.289642,0.055177,0.096631,-0.007658,-0.172068,0.114883,0.06328,-0.301678,-0.238287,-0.014466,-0.029736
0.000919,0.289642,0.096631,-0.007658,-0.172068,0.114883,0.06328,-0.301678,-0.238287,-0.014466,-0.029736,-0.083769
-0.003853,0.289642,-0.007658,-0.172068,0.114883,0.06328,-0.301678,-0.238287,-0.014466,-0.029736,-0.083769,0.062055
-0.004144,0.289642,-0.172068,0.114883,0.06328,-0.301678,-0.238287,-0.014466,-0.029736,-0.083769,0.062055,0.058162
-0.004741,0.289642,0.114883,0.06328,-0.301678,-0.238287,-0.014466,-0.029736,-0.083769,0.062055,0.058162,-0.137654
-0.006427,0.289642,0.06328,-0.301678,-0.238287,-0.014466,-0.029736,-0.083769,0.062055,0.058162,-0.137654,0.127366
-0.005177,0.289642,-0.301678,-0.238287,-0.014466,-0.029736,-0.083769,0.062055,0.058162,-0.137654,0.127366,0.258066
-0.004009,0.289642,-0.238287,-0.014466,-0.029736,-0.083769,0.062055,0.058162,-0.137654,0.127366,0.258066,-0.01766
-0.006774,0.278809,-0.014466,-0.029736,-0.083769,0.062055,0.058162,-0.137654,0.127366,0.258066,-0.01766,-0.034519
-0.004214,0.278809,-0.029736,-0.083769,0.062055,0.058162,-0.137654,0.127366,0.258066,-0.01766,-0.034519,0.041838
0.000959,0.278809,-0.083769,0.062055,0.058162,-0.137654,0.127366,0.258066,-0.01766,-0.034519,0.041838,-0.061692
0.000606,0.278809,0.062055,0.058162,-0.137654,0.127366,0.258066,-0.01766,-0.034519,0.041838,-0.061692,-0.136213
-0.000084,0.278809,0.058162,-0.137654,0.127366,0.258066,-0.01766,-0.034519,0.041838,-0.061692,-0.136213,0.04266
0.000752,0.278809,-0.137654,0.127366,0.258066,-0.01766,-0.034519,0.041838,-0.061692,-0.136213,0.04266,0.021482
-0.000481,0.278809,0.127366,0.258066,-0.01766,-0.034519,0.041838,-0.061692,-0.136213,0.04266,0.021482,-0.14157
-0.003213,0.278809,0.258066,-0.01766,-0.034519,0.041838,-0.061692,-0.136213,0.04266,0.021482,-0.14157,0.145136
-0.002356,0.278809,-0.01766,-0.034519,0.041838,-0.061692,-0.136213,0.04266,0.021482,-0.14157,0.145136,0.229825
-0.001926,0.278809,-0.034519,0.041838,-0.061692,-0.136213,0.04266,0.021482,-0.14157,0.145136,0.229825,-0.081968
-0.004764,0.278809,0.041838,-0.061692,-0.136213,0.04266,0.021482,-0.14157,0.145136,0.229825,-0.081968,-0.148453
-0.001853,0.278809,-0.061692,-0.136213,0.04266,0.021482,-0.14157,0.145136,0.229825,-0.081968,-0.148453,-0.104498
0.002744,0.278809,-0.136213,0.04266,0.021482,-0.14157,0.145136,0.229825,-0.081968,-0.148453,-0.104498,-0.026685
0.001107,0.278809,0.04266,0.021482,-0.14157,0.145136,0.229825,-0.081968,-0.148453,-0.104498,-0.026685,0.056006
-0.001863,0.278809,0.021482,-0.14157,0.145136,0.229825,-0.081968,-0.148453,-0.104498,-0.026685,0.056006,-0.076158
-0.003957,0.270996,-0.14157,0.145136,0.229825,-0.081968,-0.148453,-0.104498,-0.026685,0.056006,-0.076158,-0.01892
-0.004493,0.270996,0.145136,0.229825,-0.081968,-0.148453,-0.104498,-0.026685,0.056006,-0.076158,-0.01892,-0.15242
-0.003368,0.270996,0.229825,-0.081968,-0.148453,-0.104498,-0.026685,0.056006,-0.076158,-0.01892,-0.15242,-0.082341
-0.004899,0.270996,-0.081968,-0.148453,-0.104498,-0.026685,0.056006,-0.076158,-0.01892,-0.15242,-0.082341,0.18505
-0.005279,0.270996,-0.148453,-0.104498,-0.026685,0.056006,-0.076158,-0.01892,-0.15242,-0.082341,0.18505,0.002262
-0.008345,0.270996,-0.104498,-0.026685,0.056006,-0.076158,-0.01892,-0.15242,-0.082341,0.18505,0.002262,-0.014322
-0.010006,0.270996,-0.026685,0.056006,-0.076158,-0.01892,-0.15242,-0.082341,0.18505,0.002262,-0.014322,0.084073
-0.006272,0.270996,0.056006,-0.076158,-0.01892,-0.15242,-0.082341,0.18505,0.002262,-0.014322,0.084073,-0.031181
-0.006227,0.270996,-0.076158,-0.01892,-0.15242,-0.082341,0.18505,0.002262,-0.014322,0.084073,-0.031181,-0.083535
-0.006515,0.270996,-0.01892,-0.15242,-0.082341,0.18505,0.002262,-0.014322,0.084073,-0.031181,-0.083535,0.060354
-0.004826,0.270996,-0.15242,-0.082341,0.18505,0.002262,-0.014322,0.084073,-0.031181,-0.083535,0.060354,-0.074073
-0.005452,0.270996,-0.082341,0.18505,0.002262,-0.014322,0.084073,-0.031181,-0.083535,0.060354,-0.074073,-0.192394
-0.007135,0.270996,0.18505,0.002262,-0.014322,0.084073,-0.031181,-0.083535,0.060354,-0.074073,-0.192394,0.05747
-0.005918,0.270996,0.002262,-0.014322,0.084073,-0.031181,-0.083535,0.060354,-0.074073,-0.192394,0.05747,0.230937
-0.00741,0.270996,-0.014322,0.084073,-0.031181,-0.083535,0.060354,-0.074073,-0.192394,0.05747,0.230937,-0.002296
-0.01129,0.270996,0.084073,-0.031181,-0.083535,0.060354,-0.074073,-0.192394,0.05747,0.230937,-0.002296,-0.0097
-0.010129,0.270996,-0.031181,-0.083535,0.060354,-0.074073,-0.192394,0.05747,0.230937,-0.002296,-0.0097,0.059561
-0.005471,0.270996,-0.083535,0.060354,-0.074073,-0.192394,0.05747,0.230937,-0.002296,-0.0097,0.059561,0.027378
-0.005517,0.270996,0.060354,-0.074073,-0.192394,0.05747,0.230937,-0.002296,-0.0097,0.059561,0.027378,0.113353
-0.005712,0.270996,-0.074073,-0.192394,0.05747,0.230937,-0.002296,-0.0097,0.059561,0.027378,0.113353,0.083447
-0.004516,0.270996,-0.192394,0.05747,0.230937,-0.002296,-0.0097,0.059561,0.027378,0.113353,0.083447,0.020221
-0.003966,0.270996,0.05747,0.230937,-0.002296,-0.0097,0.059561,0.027378,0.113353,0.083447,0.020221,-0.117625
-0.001691,0.270996,0.230937,-0.002296,-0.0097,0.059561,0.027378,0.113353,0.083447,0.020221,-0.117625,0.135242
-0.000019,0.270996,-0.002296,-0.0097,0.059561,0.027378,0.113353,0.083447,0.020221,-0.117625,0.135242,0.212413
0.000385,0.270996,-0.0097,0.059561,0.027378,0.113353,0.083447,0.020221,-0.117625,0.135242,0.212413,-0.054022
-0.001967,0.270996,0.059561,0.027378,0.113353,0.083447,0.020221,-0.117625,0.135242,0.212413,-0.054022,-0.138537
0.000738,0.270996,0.027378,0.113353,0.083447,0.020221,-0.117625,0.135242,0.212413,-0.054022,-0.138537,-0.100707
0.004977,0.270996,0.113353,0.083447,0.020221,-0.117625,0.135242,0.212413,-0.054022,-0.138537,-0.100707,-0.039533
0.0039,0.270996,0.083447,0.020221,-0.117625,0.135242,0.212413,-0.054022,-0.138537,-0.100707,-0.039533,0.085853
0.001137,0.270996,0.020221,-0.117625,0.135242,0.212413,-0.054022,-0.138537,-0.100707,-0.039533,0.085853,0.110658
-0.000875,0.270996,-0.117625,0.135242,0.212413,-0.054022,-0.138537,-0.100707,-0.039533,0.085853,0.110658,0.042588
-0.001666,0.270996,0.135242,0.212413,-0.054022,-0.138537,-0.100707,-0.039533,0.085853,0.110658,0.042588,-0.159292
0.000053,0.262756,0.212413,-0.054022,-0.138537,-0.100707,-0.039533,0.085853,0.110658,0.042588,-0.159292,-0.109714
0.002266,0.262756,-0.054022,-0.138537,-0.100707,-0.039533,0.085853,0.110658,0.042588,-0.159292,-0.109714,0.182546
0.003115,0.262756,-0.138537,-0.100707,-0.039533,0.085853,0.110658,0.042588,-0.159292,-0.109714,0.182546,0.002695
-0.000063,0.262756,-0.100707,-0.039533,0.085853,0.110658,0.042588,-0.159292,-0.109714,0.182546,0.002695,-0.012587
-0.002258,0.262756,-0.039533,0.085853,0.110658,0.042588,-0.159292,-0.109714,0.182546,0.002695,-0.012587,0.084607
0.001397,0.262756,0.085853,0.110658,0.042588,-0.159292,-0.109714,0.182546,0.002695,-0.012587,0.084607,0.032358
0.001451,0.262756,0.110658,0.042588,-0.159292,-0.109714,0.182546,0.002695,-0.012587,0.084607,0.032358,-0.012701
0.0012,0.262756,0.042588,-0.159292,-0.109714,0.182546,0.002695,-0.012587,0.084607,0.032358,-0.012701,0.007537
0.002887,0.262756,-0.159292,-0.109714,0.182546,0.002695,-0.012587,0.084607,0.032358,-0.012701,0.007537,-0.091297
0.003531,0.262756,-0.109714,0.182546,0.002695,-0.012587,0.084607,0.032358,-0.012701,0.007537,-0.091297,-0.10866
0.003278,0.262756,0.182546,0.002695,-0.012587,0.084607,0.032358,-0.012701,0.007537,-0.091297,-0.10866,0.157792
0.003428,0.262756,0.002695,-0.012587,0.084607,0.032358,-0.012701,0.007537,-0.091297,-0.10866,0.157792,0.248487
0.001607,0.262756,-0.012587,0.084607,0.032358,-0.012701,0.007537,-0.091297,-0.10866,0.157792,0.248487,-0.060664
-0.000563,0.262756,0.084607,0.032358,-0.012701,0.007537,-0.091297,-0.10866,0.157792,0.248487,-0.060664,-0.047459
0.002588,0.262756,0.032358,-0.012701,0.007537,-0.091297,-0.10866,0.157792,0.248487,-0.060664,-0.047459,0.055388
0.007536,0.259247,-0.012701,0.007537,-0.091297,-0.10866,0.157792,0.248487,-0.060664,-0.047459,0.055388,0.027726
0.00633,0.259247,0.007537,-0.091297,-0.10866,0.157792,0.248487,-0.060664,-0.047459,0.055388,0.027726,0.07782
0.005386,0.259247,-0.091297,-0.10866,0.157792,0.248487,-0.060664,-0.047459,0.055388,0.027726,0.07782,0.104271
0.006487,0.259247,-0.10866,0.157792,0.248487,-0.060664,-0.047459,0.055388,0.027726,0.07782,0.104271,-0.004265
0.007037,0.259247,0.157792,0.248487,-0.060664,-0.047459,0.055388,0.027726,0.07782,0.104271,-0.004265,-0.146718
0.008583,0.259247,0.248487,-0.060664,-0.047459,0.055388,0.027726,0.07782,0.104271,-0.004265,-0.146718,0.108077
0.01065,0.259247,-0.060664,-0.047459,0.055388,0.027726,0.07782,0.104271,-0.004265,-0.146718,0.108077,0.188264
0.010566,0.259247,-0.047459,0.055388,0.027726,0.07782,0.104271,-0.004265,-0.146718,0.108077,0.188264,-0.056605
0.007661,0.259247,0.055388,0.027726,0.07782,0.104271,-0.004265,-0.146718,0.108077,0.188264,-0.056605,-0.054401
0.009802,0.259247,0.027726,0.07782,0.104271,-0.004265,-0.146718,0.108077,0.188264,-0.056605,-0.054401,0.037002
0.013527,0.259247,0.07782,0.104271,-0.004265,-0.146718,0.108077,0.188264,-0.056605,-0.054401,0.037002,-0.004537
0.012408,0.259247,0.104271,-0.004265,-0.146718,0.108077,0.188264,-0.056605,-0.054401,0.037002,-0.004537,0.067207
0.011333,0.259247,-0.004265,-0.146718,0.108077,0.188264,-0.056605,-0.054401,0.037002,-0.004537,0.067207,0.074975
0.012064,0.259247,-0.146718,0.108077,0.188264,-0.056605,-0.054401,0.037002,-0.004537,0.067207,0.074975,0.009024
0.011974,0.259247,0.108077,0.188264,-0.056605,-0.054401,0.037002,-0.004537,0.067207,0.074975,0.009024,-0.156672
0.013302,0.259247,0.188264,-0.056605,-0.054401,0.037002,-0.004537,0.067207,0.074975,0.009024,-0.156672,0.107591
0.014782,0.259247,-0.056605,-0.054401,0.037002,-0.004537,0.067207,0.074975,0.009024,-0.156672,0.107591,0.206721
0.01496,0.259247,-0.054401,0.037002,-0.004537,0.067207,0.074975,0.009024,-0.156672,0.107591,0.206721,-0.078454
0.011871,0.259247,0.037002,-0.004537,0.067207,0.074975,0.009024,-0.156672,0.107591,0.206721,-0.078454,-0.072801
0.013994,0.259247,-0.004537,0.067207,0.074975,0.009024,-0.156672,0.107591,0.206721,-0.078454,-0.072801,0.042403
0.018066,0.259247,0.067207,0.074975,0.009024,-0.156672,0.107591,0.206721,-0.078454,-0.072801,0.042403,0.00177
0.016522,0.259247,0.074975,0.009024,-0.156672,0.107591,0.206721,-0.078454,-0.072801,0.042403,0.00177,0.029971
0.015089,0.259247,0.009024,-0.156672,0.107591,0.206721,-0.078454,-0.072801,0.042403,0.00177,0.029971,0.082445
0.015924,0.259247,-0.156672,0.107591,0.206721,-0.078454,-0.072801,0.042403,0.00177,0.029971,0.082445,-0.020365
0.015958,0.259247,0.107591,0.206721,-0.078454,-0.072801,0.042403,0.00177,0.029971,0.082445,-0.020365,-0.146472
0.016549,0.259247,0.206721,-0.078454,-0.072801,0.042403,0.00177,0.029971,0.082445,-0.020365,-0.146472,0.096895
0.018171,0.259247,-0.078454,-0.072801,0.042403,0.00177,0.029971,0.082445,-0.020365,-0.146472,0.096895,0.158515
0.017771,0.259247,-0.072801,0.042403,0.00177,0.029971,0.082445,-0.020365,-0.146472,0.096895,0.158515,-0.105133
0.014891,0.259247,0.042403,0.00177,0.029971,0.082445,-0.020365,-0.146472,0.096895,0.158515,-0.105133,-0.143468
0.016798,0.259247,0.00177,0.029971,0.082445,-0.020365,-0.146472,0.096895,0.158515,-0.105133,-0.143468,-0.106326
0.019913,0.259247,0.029971,0.082445,-0.020365,-0.146472,0.096895,0.158515,-0.105133,-0.143468,-0.106326,-0.087255
0.017847,0.259247,0.082445,-0.020365,-0.146472,0.096895,0.158515,-0.105133,-0.143468,-0.106326,-0.087255,0.028321
0.015025,0.259247,-0.020365,-0.146472,0.096895,0.158515,-0.105133,-0.143468,-0.106326,-0.087255,0.028321,0.097302
0.01293,0.255066,-0.146472,0.096895,0.158515,-0.105133,-0.143468,-0.106326,-0.087255,0.028321,0.097302,0.015439
0.011206,0.255066,0.096895,0.158515,-0.105133,-0.143468,-0.106326,-0.087255,0.028321,0.097302,0.015439,-0.174022
0.011767,0.255066,0.158515,-0.105133,-0.143468,-0.106326,-0.087255,0.028321,0.097302,0.015439,-0.174022,0.0975
0.01369,0.255066,-0.105133,-0.143468,-0.106326,-0.087255,0.028321,0.097302,0.015439,-0.174022,0.0975,0.148694
0.013995,0.255066,-0.143468,-0.106326,-0.087255,0.028321,0.097302,0.015439,-0.174022,0.0975,0.148694,-0.178498
0.01056,0.255066,-0.106326,-0.087255,0.028321,0.097302,0.015439,-0.174022,0.0975,0.148694,-0.178498,-0.155803
0.012486,0.255066,-0.087255,0.028321,0.097302,0.015439,-0.174022,0.0975,0.148694,-0.178498,-0.155803,-0.037265
0.015421,0.255066,0.028321,0.097302,0.015439,-0.174022,0.0975,0.148694,-0.178498,-0.155803,-0.037265,-0.013887
0.011896,0.255066,0.097302,0.015439,-0.174022,0.0975,0.148694,-0.178498,-0.155803,-0.037265,-0.013887,0.060308
0.008812,0.255066,0.015439,-0.174022,0.0975,0.148694,-0.178498,-0.155803,-0.037265,-0.013887,0.060308,0.059334
0.008074,0.255066,-0.174022,0.0975,0.148694,-0.178498,-0.155803,-0.037265,-0.013887,0.060308,0.059334,-0.010749
0.007798,0.255066,0.0975,0.148694,-0.178498,-0.155803,-0.037265,-0.013887,0.060308,0.059334,-0.010749,-0.172025
0.008995,0.255066,0.148694,-0.178498,-0.155803,-0.037265,-0.013887,0.060308,0.059334,-0.010749,-0.172025,0.086927
0.010172,0.255066,-0.178498,-0.155803,-0.037265,-0.013887,0.060308,0.059334,-0.010749,-0.172025,0.086927,0.172995
0.009959,0.255066,-0.155803,-0.037265,-0.013887,0.060308,0.059334,-0.010749,-0.172025,0.086927,0.172995,-0.178323
0.00655,0.255066,-0.037265,-0.013887,0.060308,0.059334,-0.010749,-0.172025,0.086927,0.172995,-0.178323,-0.252498
0.008275,0.255981,-0.013887,0.060308,0.059334,-0.010749,-0.172025,0.086927,0.172995,-0.178323,-0.252498,-0.189027
0.011703,0.255981,0.060308,0.059334,-0.010749,-0.172025,0.086927,0.172995,-0.178323,-0.252498,-0.189027,-0.066024
0.008168,0.255981,0.059334,-0.010749,-0.172025,0.086927,0.172995,-0.178323,-0.252498,-0.189027,-0.066024,0.093603
0.003147,0.255981,-0.010749,-0.172025,0.086927,0.172995,-0.178323,-0.252498,-0.189027,-0.066024,0.093603,0.090199
-0.000625,0.255981,-0.172025,0.086927,0.172995,-0.178323,-0.252498,-0.189027,-0.066024,0.093603,0.090199,0.018866
-0.001947,0.255981,0.086927,0.172995,-0.178323,-0.252498,-0.189027,-0.066024,0.093603,0.090199,0.018866,-0.172874
-0.000071,0.255981,0.172995,-0.178323,-0.252498,-0.189027,-0.066024,0.093603,0.090199,0.018866,-0.172874,-0.116956
0.001733,0.255981,-0.178323,-0.252498,-0.189027,-0.066024,0.093603,0.090199,0.018866,-0.172874,-0.116956,0.152283
0.002109,0.255981,-0.252498,-0.189027,-0.066024,0.093603,0.090199,0.018866,-0.172874,-0.116956,0.152283,-0.011434
-0.001343,0.255981,-0.189027,-0.066024,0.093603,0.090199,0.018866,-0.172874,-0.116956,0.152283,-0.011434,-0.012648
-0.003687,0.255981,-0.066024,0.093603,0.090199,0.018866,-0.172874,-0.116956,0.152283,-0.011434,-0.012648,0.068305
-0.000633,0.255981,0.093603,0.090199,0.018866,-0.172874,-0.116956,0.152283,-0.011434,-0.012648,0.068305,0.019695
-0.000862,0.255981,0.090199,0.018866,-0.172874,-0.116956,0.152283,-0.011434,-0.012648,0.068305,0.019695,0.070579
-0.001115,0.255981,0.018866,-0.172874,-0.116956,0.152283,-0.011434,-0.012648,0.068305,0.019695,0.070579,0.057776
0.00025,0.255981,-0.172874,-0.116956,0.152283,-0.011434,-0.012648,0.068305,0.019695,0.070579,0.057776,-0.007809
0.000644,0.255981,-0.116956,0.152283,-0.011434,-0.012648,0.068305,0.019695,0.070579,0.057776,-0.007809,-0.174909
0.002055,0.255981,0.152283,-0.011434,-0.012648,0.068305,0.019695,0.070579,0.057776,-0.007809,-0.174909,-0.112669
0.003208,0.255981,-0.011434,-0.012648,0.068305,0.019695,0.070579,0.057776,-0.007809,-0.174909,-0.112669,0.149538
0.003053,0.255981,-0.012648,0.068305,0.019695,0.070579,0.057776,-0.007809,-0.174909,-0.112669,0.149538,-0.039487
-0.000438,0.255981,0.068305,0.019695,0.070579,0.057776,-0.007809,-0.174909,-0.112669,0.149538,-0.039487,-0.031351
-0.002693,0.255981,0.019695,0.070579,0.057776,-0.007809,-0.174909,-0.112669,0.149538,-0.039487,-0.031351,0.079277
0.000303,0.255981,0.070579,0.057776,-0.007809,-0.174909,-0.112669,0.149538,-0.039487,-0.031351,0.079277,0.021264
-0.000487,0.255981,0.057776,-0.007809,-0.174909,-0.112669,0.149538,-0.039487,-0.031351,0.079277,0.021264,0.089461
-0.001115,0.255981,-0.007809,-0.174909,-0.112669,0.149538,-0.039487,-0.031351,0.079277,0.021264,0.089461,0.076864
0.00047,0.255981,-0.174909,-0.112669,0.149538,-0.039487,-0.031351,0.079277,0.021264,0.089461,0.076864,0.023921
0.000894,0.255981,-0.112669,0.149538,-0.039487,-0.031351,0.079277,0.021264,0.089461,0.076864,0.023921,-0.13483
0.002682,0.255981,0.149538,-0.039487,-0.031351,0.079277,0.021264,0.089461,0.076864,0.023921,-0.13483,0.136659
0.004215,0.255981,-0.039487,-0.031351,0.079277,0.021264,0.089461,0.076864,0.023921,-0.13483,0.136659,0.203441
0.004691,0.255981,-0.031351,0.079277,0.021264,0.089461,0.076864,0.023921,-0.13483,0.136659,0.203441,-0.062422
0.002006,0.255981,0.079277,0.021264,0.089461,0.076864,0.023921,-0.13483,0.136659,0.203441,-0.062422,-0.061908
0.004729,0.255981,0.021264,0.089461,0.076864,0.023921,-0.13483,0.136659,0.203441,-0.062422,-0.061908,0.071578
0.008773,0.255981,0.089461,0.076864,0.023921,-0.13483,0.136659,0.203441,-0.062422,-0.061908,0.071578,0.027764
0.007533,0.255188,0.076864,0.023921,-0.13483,0.136659,0.203441,-0.062422,-0.061908,0.071578,0.027764,0.071589
0.006304,0.255188,0.023921,-0.13483,0.136659,0.203441,-0.062422,-0.061908,0.071578,0.027764,0.071589,0.091749
0.007724,0.255188,-0.13483,0.136659,0.203441,-0.062422,-0.061908,0.071578,0.027764,0.071589,0.091749,0.020067
0.008275,0.255188,0.136659,0.203441,-0.062422,-0.061908,0.071578,0.027764,0.071589,0.091749,0.020067,-0.126358
0.009695,0.255188,0.203441,-0.062422,-0.061908,0.071578,0.027764,0.071589,0.091749,0.020067,-0.126358,0.116647
0.011512,0.255188,-0.062422,-0.061908,0.071578,0.027764,0.071589,0.091749,0.020067,-0.126358,0.116647,0.208782
0.011909,0.255188,-0.061908,0.071578,0.027764,0.071589,0.091749,0.020067,-0.126358,0.116647,0.208782,-0.038937
0.009411,0.255188,0.071578,0.027764,0.071589,0.091749,0.020067,-0.126358,0.116647,0.208782,-0.038937,-0.04324
0.011718,0.255188,0.027764,0.071589,0.091749,0.020067,-0.126358,0.116647,0.208782,-0.038937,-0.04324,0.055386
0.01584,0.255188,0.071589,0.091749,0.020067,-0.126358,0.116647,0.208782,-0.038937,-0.04324,0.055386,0.001794
0.015072,0.255188,0.091749,0.020067,-0.126358,0.116647,0.208782,-0.038937,-0.04324,0.055386,0.001794,0.085644
0.01422,0.255188,0.020067,-0.126358,0.116647,0.208782,-0.038937,-0.04324,0.055386,0.001794,0.085644,0.069401
0.01531,0.255188,-0.126358,0.116647,0.208782,-0.038937,-0.04324,0.055386,0.001794,0.085644,0.069401,0.012663
0.015346,0.255188,0.116647,0.208782,-0.038937,-0.04324,0.055386,0.001794,0.085644,0.069401,0.012663,-0.133693
0.017032,0.255188,0.208782,-0.038937,-0.04324,0.055386,0.001794,0.085644,0.069401,0.012663,-0.133693,0.116958
0.018398,0.254944,-0.038937,-0.04324,0.055386,0.001794,0.085644,0.069401,0.012663,-0.133693,0.116958,0.215683
0.018646,0.254944,-0.04324,0.055386,0.001794,0.085644,0.069401,0.012663,-0.133693,0.116958,0.215683,-0.082589
0.016021,0.254944,0.055386,0.001794,0.085644,0.069401,0.012663,-0.133693,0.116958,0.215683,-0.082589,-0.063516
0.018319,0.254944,0.001794,0.085644,0.069401,0.012663,-0.133693,0.116958,0.215683,-0.082589,-0.063516,0.059714
0.022549,0.254944,0.085644,0.069401,0.012663,-0.133693,0.116958,0.215683,-0.082589,-0.063516,0.059714,0.00986
0.020931,0.254944,0.069401,0.012663,-0.133693,0.116958,0.215683,-0.082589,-0.063516,0.059714,0.00986,0.043313
0.019686,0.254944,0.012663,-0.133693,0.116958,0.215683,-0.082589,-0.063516,0.059714,0.00986,0.043313,0.075665
0.020855,0.254944,-0.133693,0.116958,0.215683,-0.082589,-0.063516,0.059714,0.00986,0.043313,0.075665,0.003115
0.021048,0.254944,0.116958,0.215683,-0.082589,-0.063516,0.059714,0.00986,0.043313,0.075665,0.003115,-0.138834
0.021897,0.254944,0.215683,-0.082589,-0.063516,0.059714,0.00986,0.043313,0.075665,0.003115,-0.138834,0.093246
0.023378,0.254944,-0.082589,-0.063516,0.059714,0.00986,0.043313,0.075665,0.003115,-0.138834,0.093246,0.182637
0.023439,0.254944,-0.063516,0.059714,0.00986,0.043313,0.075665,0.003115,-0.138834,0.093246,0.182637,-0.088316
0.020725,0.254944,0.059714,0.00986,0.043313,0.075665,0.003115,-0.138834,0.093246,0.182637,-0.088316,-0.057232
0.022549,0.254944,0.00986,0.043313,0.075665,0.003115,-0.138834,0.093246,0.182637,-0.088316,-0.057232,-0.025229
0.026118,0.254944,0.043313,0.075665,0.003115,-0.138834,0.093246,0.182637,-0.088316,-0.057232,-0.025229,-0.145173
0.024393,0.254944,0.075665,0.003115,-0.138834,0.093246,0.182637,-0.088316,-0.057232,-0.025229,-0.145173,-0.041104
0.023275,0.254944,0.003115,-0.138834,0.093246,0.182637,-0.088316,-0.057232,-0.025229,-0.145173,-0.041104,0.111438
0.022783,0.254944,-0.138834,0.093246,0.182637,-0.088316,-0.057232,-0.025229,-0.145173,-0.041104,0.111438,0.014636
0.019942,0.254944,0.093246,0.182637,-0.088316,-0.057232,-0.025229,-0.145173,-0.041104,0.111438,0.014636,-0.141444
0.019135,0.254944,0.182637,-0.088316,-0.057232,-0.025229,-0.145173,-0.041104,0.111438,0.014636,-0.141444,0.104474
0.021322,0.254944,-0.088316,-0.057232,-0.025229,-0.145173,-0.041104,0.111438,0.014636,-0.141444,0.104474,0.163457
0.021608,0.254944,-0.057232,-0.025229,-0.145173,-0.041104,0.111438,0.014636,-0.141444,0.104474,0.163457,-0.077887
0.018838,0.254944,-0.025229,-0.145173,-0.041104,0.111438,0.014636,-0.141444,0.104474,0.163457,-0.077887,-0.06038
0.020885,0.254944,-0.145173,-0.041104,0.111438,0.014636,-0.141444,0.104474,0.163457,-0.077887,-0.06038,0.044984
0.024085,0.254944,-0.041104,0.111438,0.014636,-0.141444,0.104474,0.163457,-0.077887,-0.06038,0.044984,0.003138
0.022561,0.254944,0.111438,0.014636,-0.141444,0.104474,0.163457,-0.077887,-0.06038,0.044984,0.003138,0.035022
0.02138,0.254944,0.014636,-0.141444,0.104474,0.163457,-0.077887,-0.06038,0.044984,0.003138,0.035022,0.049151
0.022259,0.254944,-0.141444,0.104474,0.163457,-0.077887,-0.06038,0.044984,0.003138,0.035022,0.049151,-0.02872
0.022321,0.254944,0.104474,0.163457,-0.077887,-0.06038,0.044984,0.003138,0.035022,0.049151,-0.02872,-0.167107
0.023006,0.254944,0.163457,-0.077887,-0.06038,0.044984,0.003138,0.035022,0.049151,-0.02872,-0.167107,0.073103
0.023967,0.254944,-0.077887,-0.06038,0.044984,0.003138,0.035022,0.049151,-0.02872,-0.167107,0.073103,0.158695
0.023406,0.254944,-0.06038,0.044984,0.003138,0.035022,0.049151,-0.02872,-0.167107,0.073103,0.158695,-0.106376
0.020139,0.254944,0.044984,0.003138,0.035022,0.049151,-0.02872,-0.167107,0.073103,0.158695,-0.106376,-0.075377
0.02157,0.251953,0.003138,0.035022,0.049151,-0.02872,-0.167107,0.073103,0.158695,-0.106376,-0.075377,0.029911
0.024674,0.251953,0.035022,0.049151,-0.02872,-0.167107,0.073103,0.158695,-0.106376,-0.075377,0.029911,-0.021839
0.022594,0.251953,0.049151,-0.02872,-0.167107,0.073103,0.158695,-0.106376,-0.075377,0.029911,-0.021839,0.016709
0.021119,0.251953,-0.02872,-0.167107,0.073103,0.158695,-0.106376,-0.075377,0.029911,-0.021839,0.016709,0.067231
0.021704,0.251953,-0.167107,0.073103,0.158695,-0.106376,-0.075377,0.029911,-0.021839,0.016709,0.067231,-0.016994
0.021276,0.251953,0.073103,0.158695,-0.106376,-0.075377,0.029911,-0.021839,0.016709,0.067231,-0.016994,-0.171693
0.021604,0.251953,0.158695,-0.106376,-0.075377,0.029911,-0.021839,0.016709,0.067231,-0.016994,-0.171693,0.096244
0.02292,0.251953,-0.106376,-0.075377,0.029911,-0.021839,0.016709,0.067231,-0.016994,-0.171693,0.096244,0.056631
0.022588,0.251953,-0.075377,0.029911,-0.021839,0.016709,0.067231,-0.016994,-0.171693,0.096244,0.056631,-0.204829
0.019228,0.251953,0.029911,-0.021839,0.016709,0.067231,-0.016994,-0.171693,0.096244,0.056631,-0.204829,-0.153422
0.021114,0.251953,-0.021839,0.016709,0.067231,-0.016994,-0.171693,0.096244,0.056631,-0.204829,-0.153422,0.048991
0.022223,0.251953,0.016709,0.067231,-0.016994,-0.171693,0.096244,0.056631,-0.204829,-0.153422,0.048991,0.006682
0.018203,0.251953,0.067231,-0.016994,-0.171693,0.096244,0.056631,-0.204829,-0.153422,0.048991,0.006682,0.062793
0.015186,0.251953,-0.016994,-0.171693,0.096244,0.056631,-0.204829,-0.153422,0.048991,0.006682,0.062793,0.062928
0.01615,0.251953,-0.171693,0.096244,0.056631,-0.204829,-0.153422,0.048991,0.006682,0.062793,0.062928,-0.002189
0.016281,0.251953,0.096244,0.056631,-0.204829,-0.153422,0.048991,0.006682,0.062793,0.062928,-0.002189,-0.164904
0.017517,0.252197,0.056631,-0.204829,-0.153422,0.048991,0.006682,0.062793,0.062928,-0.002189,-0.164904,0.080574
0.018754,0.252197,-0.204829,-0.153422,0.048991,0.006682,0.062793,0.062928,-0.002189,-0.164904,0.080574,0.188435
0.018711,0.252197,-0.153422,0.048991,0.006682,0.062793,0.062928,-0.002189,-0.164904,0.080574,0.188435,-0.093806
0.015472,0.252197,0.048991,0.006682,0.062793,0.062928,-0.002189,-0.164904,0.080574,0.188435,-0.093806,-0.069863
0.017056,0.252197,0.006682,0.062793,0.062928,-0.002189,-0.164904,0.080574,0.188435,-0.093806,-0.069863,0.032842
0.020758,0.252197,0.062793,0.062928,-0.002189,-0.164904,0.080574,0.188435,-0.093806,-0.069863,0.032842,-0.077394
0.018916,0.252197,0.062928,-0.002189,-0.164904,0.080574,0.188435,-0.093806,-0.069863,0.032842,-0.077394,-0.159353
0.017544,0.252197,-0.002189,-0.164904,0.080574,0.188435,-0.093806,-0.069863,0.032842,-0.077394,-0.159353,0.03755
0.018189,0.252197,-0.164904,0.080574,0.188435,-0.093806,-0.069863,0.032842,-0.077394,-0.159353,0.03755,-0.109788
0.016668,0.252197,0.080574,0.188435,-0.093806,-0.069863,0.032842,-0.077394,-0.159353,0.03755,-0.109788,-0.208407
0.013527,0.252197,0.188435,-0.093806,-0.069863,0.032842,-0.077394,-0.159353,0.03755,-0.109788,-0.208407,0.014949
0.014268,0.252197,-0.093806,-0.069863,0.032842,-0.077394,-0.159353,0.03755,-0.109788,-0.208407,0.014949,0.185918
0.012101,0.252197,-0.069863,0.032842,-0.077394,-0.159353,0.03755,-0.109788,-0.208407,0.014949,0.185918,-0.022546
0.007978,0.252197,0.032842,-0.077394,-0.159353,0.03755,-0.109788,-0.208407,0.014949,0.185918,-0.022546,-0.033324
0.008275,0.252197,-0.077394,-0.159353,0.03755,-0.109788,-0.208407,0.014949,0.185918,-0.022546,-0.033324,0.051526
0.011958,0.252197,-0.159353,0.03755,-0.109788,-0.208407,0.014949,0.185918,-0.022546,-0.033324,0.051526,0.013301
0.011512,0.252197,0.03755,-0.109788,-0.208407,0.014949,0.185918,-0.022546,-0.033324,0.051526,0.013301,0.062364
0.010853,0.252197,-0.109788,-0.208407,0.014949,0.185918,-0.022546,-0.033324,0.051526,0.013301,0.062364,0.068467
0.011871,0.252197,-0.208407,0.014949,0.185918,-0.022546,-0.033324,0.051526,0.013301,0.062364,0.068467,0.009024
0.012134,0.252197,0.014949,0.185918,-0.022546,-0.033324,0.051526,0.013301,0.062364,0.068467,0.009024,-0.135546
0.013366,0.252197,0.185918,-0.022546,-0.033324,0.051526,0.013301,0.062364,0.068467,0.009024,-0.135546,0.109314
0.014718,0.252197,-0.022546,-0.033324,0.051526,0.013301,0.062364,0.068467,0.009024,-0.135546,0.109314,0.178949
0.014896,0.252197,-0.033324,0.051526,0.013301,0.062364,0.068467,0.009024,-0.135546,0.109314,0.178949,-0.073512
0.012224,0.252197,0.051526,0.013301,0.062364,0.068467,0.009024,-0.135546,0.109314,0.178949,-0.073512,-0.058065
0.01438,0.252197,0.013301,0.062364,0.068467,0.009024,-0.135546,0.109314,0.178949,-0.073512,-0.058065,0.042437
0.017905,0.252197,0.062364,0.068467,0.009024,-0.135546,0.109314,0.178949,-0.073512,-0.058065,0.042437,-0.009722
0.016458,0.252197,0.068467,0.009024,-0.135546,0.109314,0.178949,-0.073512,-0.058065,0.042437,-0.009722,0.064398
0.015315,0.252197,0.009024,-0.135546,0.109314,0.178949,-0.073512,-0.058065,0.042437,-0.009722,0.064398,-0.065221
0.01615,0.252197,-0.135546,0.109314,0.178949,-0.073512,-0.058065,0.042437,-0.009722,0.064398,-0.065221,-0.040022
0.015958,0.252197,0.109314,0.178949,-0.073512,-0.058065,0.042437,-0.009722,0.064398,-0.065221,-0.040022,-0.229642
0.017226,0.252197,0.178949,-0.073512,-0.058065,0.042437,-0.009722,0.064398,-0.065221,-0.040022,-0.229642,0.095894
0.015942,0.252197,-0.073512,-0.058065,0.042437,-0.009722,0.064398,-0.065221,-0.040022,-0.229642,0.095894,0.2256
0.015154,0.252197,-0.058065,0.042437,-0.009722,0.064398,-0.065221,-0.040022,-0.229642,0.095894,0.2256,-0.029181
0.010624,0.252197,0.042437,-0.009722,0.064398,-0.065221,-0.040022,-0.229642,0.095894,0.2256,-0.029181,-0.053144
0.012518,0.251038,-0.009722,0.064398,-0.065221,-0.040022,-0.229642,0.095894,0.2256,-0.029181,-0.053144,0.053945
0.016968,0.251038,0.064398,-0.065221,-0.040022,-0.229642,0.095894,0.2256,-0.029181,-0.053144,0.053945,0.019818
0.016393,0.251038,-0.065221,-0.040022,-0.229642,0.095894,0.2256,-0.029181,-0.053144,0.053945,0.019818,0.076007
0.015347,0.251038,-0.040022,-0.229642,0.095894,0.2256,-0.029181,-0.053144,0.053945,0.019818,0.076007,0.094557
0.016408,0.251038,-0.229642,0.095894,0.2256,-0.029181,-0.053144,0.053945,0.019818,0.076007,0.094557,0.004534
0.016798,0.251038,0.095894,0.2256,-0.029181,-0.053144,0.053945,0.019818,0.076007,0.094557,0.004534,-0.11944
0.018293,0.251038,0.2256,-0.029181,-0.053144,0.053945,0.019818,0.076007,0.094557,0.004534,-0.11944,0.090966
0.02015,0.251038,-0.029181,-0.053144,0.053945,0.019818,0.076007,0.094557,0.004534,-0.11944,0.090966,0.177998
0.020239,0.251038,-0.053144,0.053945,0.019818,0.076007,0.094557,0.004534,-0.11944,0.090966,0.177998,-0.081052
0.017897,0.251038,0.053945,0.019818,0.076007,0.094557,0.004534,-0.11944,0.090966,0.177998,-0.081052,-0.028674
0.019682,0.251038,0.019818,0.076007,0.094557,0.004534,-0.11944,0.090966,0.177998,-0.081052,-0.028674,0.064996
0.023169,0.251038,0.076007,0.094557,0.004534,-0.11944,0.090966,0.177998,-0.081052,-0.028674,0.064996,-0.000204
0.021582,0.251038,0.094557,0.004534,-0.11944,0.090966,0.177998,-0.081052,-0.028674,0.064996,-0.000204,0.056734
0.021021,0.251038,0.004534,-0.11944,0.090966,0.177998,-0.081052,-0.028674,0.064996,-0.000204,0.056734,0.074393
0.022292,0.251038,-0.11944,0.090966,0.177998,-0.081052,-0.028674,0.064996,-0.000204,0.056734,0.074393,0.013335
0.022288,0.251038,0.090966,0.177998,-0.081052,-0.028674,0.064996,-0.000204,0.056734,0.074393,0.013335,-0.154545
0.023398,0.249847,0.177998,-0.081052,-0.028674,0.064996,-0.000204,0.056734,0.074393,0.013335,-0.154545,0.088519
0.024852,0.249847,-0.081052,-0.028674,0.064996,-0.000204,0.056734,0.074393,0.013335,-0.154545,0.088519,0.087106
0.025113,0.249847,-0.028674,0.064996,-0.000204,0.056734,0.074393,0.013335,-0.154545,0.088519,0.087106,-0.1767
0.022096,0.249847,0.064996,-0.000204,0.056734,0.074393,0.013335,-0.154545,0.088519,0.087106,-0.1767,-0.115145
0.023825,0.249847,-0.000204,0.056734,0.074393,0.013335,-0.154545,0.088519,0.087106,-0.1767,-0.115145,0.056407
0.025527,0.249847,0.056734,0.074393,0.013335,-0.154545,0.088519,0.087106,-0.1767,-0.115145,0.056407,0.028178
0.022071,0.249847,0.074393,0.013335,-0.154545,0.088519,0.087106,-0.1767,-0.115145,0.056407,0.028178,0.088366
0.019816,0.249847,0.013335,-0.154545,0.088519,0.087106,-0.1767,-0.115145,0.056407,0.028178,0.088366,0.07602
0.020921,0.249847,-0.154545,0.088519,0.087106,-0.1767,-0.115145,0.056407,0.028178,0.088366,0.07602,0.001535
0.021472,0.249847,0.088519,0.087106,-0.1767,-0.115145,0.056407,0.028178,0.088366,0.07602,0.001535,-0.135985
0.023202,0.249847,0.087106,-0.1767,-0.115145,0.056407,0.028178,0.088366,0.07602,0.001535,-0.135985,0.071733
0.024688,0.249847,-0.1767,-0.115145,0.056407,0.028178,0.088366,0.07602,0.001535,-0.135985,0.071733,-0.018458
0.024718,0.249847,-0.115145,0.056407,0.028178,0.088366,0.07602,0.001535,-0.135985,0.071733,-0.018458,-0.099323
0.022063,0.249847,0.056407,0.028178,0.088366,0.07602,0.001535,-0.135985,0.071733,-0.018458,-0.099323,-0.027001
0.023465,0.249847,0.028178,0.088366,0.07602,0.001535,-0.135985,0.071733,-0.018458,-0.099323,-0.027001,0.074936
0.023104,0.249847,0.088366,0.07602,0.001535,-0.135985,0.071733,-0.018458,-0.099323,-0.027001,0.074936,-0.051868
0.021159,0.249847,0.07602,0.001535,-0.135985,0.071733,-0.018458,-0.099323,-0.027001,0.074936,-0.051868,-0.168377
0.02063,0.249847,0.001535,-0.135985,0.071733,-0.018458,-0.099323,-0.027001,0.074936,-0.051868,-0.168377,0.04649
0.022096,0.249847,-0.135985,0.071733,-0.018458,-0.099323,-0.027001,0.074936,-0.051868,-0.168377,0.04649,0.034217
0.021081,0.249847,0.071733,-0.018458,-0.099323,-0.027001,0.074936,-0.051868,-0.168377,0.04649,0.034217,-0.112564
0.017775,0.249847,-0.018458,-0.099323,-0.027001,0.074936,-0.051868,-0.168377,0.04649,0.034217,-0.112564,0.112319
0.018689,0.249847,-0.099323,-0.027001,0.074936,-0.051868,-0.168377,0.04649,0.034217,-0.112564,0.112319,0.216269
0.019361,0.249847,-0.027001,0.074936,-0.051868,-0.168377,0.04649,0.034217,-0.112564,0.112319,0.216269,-0.072797
0.017152,0.249847,0.074936,-0.051868,-0.168377,0.04649,0.034217,-0.112564,0.112319,0.216269,-0.072797,-0.062002
0.019357,0.249847,-0.051868,-0.168377,0.04649,0.034217,-0.112564,0.112319,0.216269,-0.072797,-0.062002,-0.031759
0.023594,0.249847,-0.168377,0.04649,0.034217,-0.112564,0.112319,0.216269,-0.072797,-0.062002,-0.031759,-0.148942
0.022169,0.249847,0.04649,0.034217,-0.112564,0.112319,0.216269,-0.072797,-0.062002,-0.031759,-0.148942,-0.011086
0.020956,0.249847,0.034217,-0.112564,0.112319,0.216269,-0.072797,-0.062002,-0.031759,-0.148942,-0.011086,0.117318
0.020334,0.249847,-0.112564,0.112319,0.216269,-0.072797,-0.062002,-0.031759,-0.148942,-0.011086,0.117318,0.019412
0.017412,0.249847,0.112319,0.216269,-0.072797,-0.062002,-0.031759,-0.148942,-0.011086,0.117318,0.019412,-0.147344
0.017194,0.249847,0.216269,-0.072797,-0.062002,-0.031759,-0.148942,-0.011086,0.117318,0.019412,-0.147344,0.099036
0.0195,0.249847,-0.072797,-0.062002,-0.031759,-0.148942,-0.011086,0.117318,0.019412,-0.147344,0.099036,0.191003
0.019881,0.249847,-0.062002,-0.031759,-0.148942,-0.011086,0.117318,0.019412,-0.147344,0.099036,0.191003,-0.077635
0.01699,0.249847,-0.031759,-0.148942,-0.011086,0.117318,0.019412,-0.147344,0.099036,0.191003,-0.077635,-0.045281
0.018935,0.251038,-0.148942,-0.011086,0.117318,0.019412,-0.147344,0.099036,0.191003,-0.077635,-0.045281,0.068173
0.02268,0.251038,-0.011086,0.117318,0.019412,-0.147344,0.099036,0.191003,-0.077635,-0.045281,0.068173,0.016516
0.021159,0.251038,0.117318,0.019412,-0.147344,0.099036,0.191003,-0.077635,-0.045281,0.068173,0.016516,0.063383
0.020272,0.251038,0.019412,-0.147344,0.099036,0.191003,-0.077635,-0.045281,0.068173,0.016516,0.063383,0.062582
0.021606,0.251038,-0.147344,0.099036,0.191003,-0.077635,-0.045281,0.068173,0.016516,0.063383,0.062582,-0.124133
0.021929,0.251038,0.099036,0.191003,-0.077635,-0.045281,0.068173,0.016516,0.063383,0.062582,-0.124133,-0.22756
0.023169,0.251038,0.191003,-0.077635,-0.045281,0.068173,0.016516,0.063383,0.062582,-0.124133,-0.22756,0.039624
0.024393,0.251038,-0.077635,-0.045281,0.068173,0.016516,0.063383,0.062582,-0.124133,-0.22756,0.039624,0.175711
0.021967,0.251038,-0.045281,0.068173,0.016516,0.063383,0.062582,-0.124133,-0.22756,0.039624,0.175711,-0.039313
0.017508,0.251038,0.068173,0.016516,0.063383,0.062582,-0.124133,-0.22756,0.039624,0.175711,-0.039313,-0.106587
0.018286,0.251038,0.016516,0.063383,0.062582,-0.124133,-0.22756,0.039624,0.175711,-0.039313,-0.106587,-0.053073
0.021734,0.251038,0.063383,0.062582,-0.124133,-0.22756,0.039624,0.175711,-0.039313,-0.106587,-0.053073,-0.064153
0.020963,0.251038,0.062582,-0.124133,-0.22756,0.039624,0.175711,-0.039313,-0.106587,-0.053073,-0.064153,0.046387
0.018874,0.251038,-0.124133,-0.22756,0.039624,0.175711,-0.039313,-0.106587,-0.053073,-0.064153,0.046387,0.095941
0.017832,0.251038,-0.22756,0.039624,0.175711,-0.039313,-0.106587,-0.053073,-0.064153,0.046387,0.095941,0.057582
0.016572,0.250641,0.039624,0.175711,-0.039313,-0.106587,-0.053073,-0.064153,0.046387,0.095941,0.057582,-0.122837
0.017484,0.250641,0.175711,-0.039313,-0.106587,-0.053073,-0.064153,0.046387,0.095941,0.057582,-0.122837,0.110931
0.01937,0.250641,-0.039313,-0.106587,-0.053073,-0.064153,0.046387,0.095941,0.057582,-0.122837,0.110931,0.193313
0.020499,0.250641,-0.106587,-0.053073,-0.064153,0.046387,0.095941,0.057582,-0.122837,0.110931,0.193313,-0.071205
0.018091,0.250641,-0.053073,-0.064153,0.046387,0.095941,0.057582,-0.122837,0.110931,0.193313,-0.071205,-0.143537
0.020267,0.250641,-0.064153,0.046387,0.095941,0.057582,-0.122837,0.110931,0.193313,-0.071205,-0.143537,-0.082987
0.024052,0.250641,0.046387,0.095941,0.057582,-0.122837,0.110931,0.193313,-0.071205,-0.143537,-0.082987,-0.115151
0.022659,0.250641,0.095941,0.057582,-0.122837,0.110931,0.193313,-0.071205,-0.143537,-0.082987,-0.115151,-0.12816
0.019848,0.250641,0.057582,-0.122837,0.110931,0.193313,-0.071205,-0.143537,-0.082987,-0.115151,-0.12816,0.070117
0.018221,0.250641,-0.122837,0.110931,0.193313,-0.071205,-0.143537,-0.082987,-0.115151,-0.12816,0.070117,0.063072
0.015958,0.250641,0.110931,0.193313,-0.071205,-0.143537,-0.082987,-0.115151,-0.12816,0.070117,0.063072,-0.113157
0.013431,0.250641,0.193313,-0.071205,-0.143537,-0.082987,-0.115151,-0.12816,0.070117,0.063072,-0.113157,0.124517
0.014815,0.250641,-0.071205,-0.143537,-0.082987,-0.115151,-0.12816,0.070117,0.063072,-0.113157,0.124517,0.217879
0.016057,0.250641,-0.143537,-0.082987,-0.115151,-0.12816,0.070117,0.063072,-0.113157,0.124517,0.217879,-0.180962
0.013829,0.250641,-0.082987,-0.115151,-0.12816,0.070117,0.063072,-0.113157,0.124517,0.217879,-0.180962,-0.128476
0.016281,0.250641,-0.115151,-0.12816,0.070117,0.063072,-0.113157,0.124517,0.217879,-0.180962,-0.128476,-0.006776
0.020563,0.250641,-0.12816,0.070117,0.063072,-0.113157,0.124517,0.217879,-0.180962,-0.128476,-0.006776,0.042688
0.017007,0.250641,0.070117,0.063072,-0.113157,0.124517,0.217879,-0.180962,-0.128476,-0.006776,0.042688,0.129938
0.014477,0.250641,0.063072,-0.113157,0.124517,0.217879,-0.180962,-0.128476,-0.006776,0.042688,0.129938,0.074537
0.014344,0.250641,-0.113157,0.124517,0.217879,-0.180962,-0.128476,-0.006776,0.042688,0.129938,0.074537,0.027664
0.015185,0.250641,0.124517,0.217879,-0.180962,-0.128476,-0.006776,0.042688,0.129938,0.074537,0.027664,-0.140702
0.017743,0.250641,0.217879,-0.180962,-0.128476,-0.006776,0.042688,0.129938,0.074537,0.027664,-0.140702,0.107309
0.019208,0.250641,-0.180962,-0.128476,-0.006776,0.042688,0.129938,0.074537,0.027664,-0.140702,0.107309,0.187739
0.019751,0.250641,-0.128476,-0.006776,0.042688,0.129938,0.074537,0.027664,-0.140702,0.107309,0.187739,-0.057695
0.01699,0.250641,-0.006776,0.042688,0.129938,0.074537,0.027664,-0.140702,0.107309,0.187739,-0.057695,-0.017014
0.019097,0.250641,0.042688,0.129938,0.074537,0.027664,-0.140702,0.107309,0.187739,-0.057695,-0.017014,0.068401
0.022777,0.250641,0.129938,0.074537,0.027664,-0.140702,0.107309,0.187739,-0.057695,-0.017014,0.068401,0.008145
0.021647,0.250641,0.074537,0.027664,-0.140702,0.107309,0.187739,-0.057695,-0.017014,0.068401,0.008145,0.061797
0.021314,0.250641,0.027664,-0.140702,0.107309,0.187739,-0.057695,-0.017014,0.068401,0.008145,0.061797,0.074563
0.022652,0.250641,-0.140702,0.107309,0.187739,-0.057695,-0.017014,0.068401,0.008145,0.061797,0.074563,0.010021
0.022811,0.250641,0.107309,0.187739,-0.057695,-0.017014,0.068401,0.008145,0.061797,0.074563,0.010021,-0.127966
0.024019,0.250641,0.187739,-0.057695,-0.017014,0.068401,0.008145,0.061797,0.074563,0.010021,-0.127966,0.097159
0.025476,0.250641,-0.057695,-0.017014,0.068401,0.008145,0.061797,0.074563,0.010021,-0.127966,0.097159,0.205862
0.025671,0.250641,-0.017014,0.068401,0.008145,0.061797,0.074563,0.010021,-0.127966,0.097159,0.205862,-0.060149
0.023176,0.249603,0.068401,0.008145,0.061797,0.074563,0.010021,-0.127966,0.097159,0.205862,-0.060149,-0.059288
0.025072,0.249603,0.008145,0.061797,0.074563,0.010021,-0.127966,0.097159,0.205862,-0.060149,-0.059288,0.069603
0.029083,0.249603,0.061797,0.074563,0.010021,-0.127966,0.097159,0.205862,-0.060149,-0.059288,0.069603,-0.049719
0.027912,0.249603,0.074563,0.010021,-0.127966,0.097159,0.205862,-0.060149,-0.059288,0.069603,-0.049719,-0.146768
0.026758,0.249603,0.010021,-0.127966,0.097159,0.205862,-0.060149,-0.059288,0.069603,-0.049719,-0.146768,-0.084591
0.028112,0.249603,-0.127966,0.097159,0.205862,-0.060149,-0.059288,0.069603,-0.049719,-0.146768,-0.084591,-0.128589
0.027145,0.249603,0.097159,0.205862,-0.060149,-0.059288,0.069603,-0.049719,-0.146768,-0.084591,-0.128589,-0.321244
0.024281,0.249603,0.205862,-0.060149,-0.059288,0.069603,-0.049719,-0.146768,-0.084591,-0.128589,-0.321244,-0.189333
0.022626,0.249603,-0.060149,-0.059288,0.069603,-0.049719,-0.146768,-0.084591,-0.128589,-0.321244,-0.189333,0.194882
0.020109,0.249603,-0.059288,0.069603,-0.049719,-0.146768,-0.084591,-0.128589,-0.321244,-0.189333,0.194882,0.042506
0.013797,0.249603,0.069603,-0.049719,-0.146768,-0.084591,-0.128589,-0.321244,-0.189333,0.194882,0.042506,-0.007317
0.010057,0.249603,-0.049719,-0.146768,-0.084591,-0.128589,-0.321244,-0.189333,0.194882,0.042506,-0.007317,0.091584
0.013911,0.249603,-0.146768,-0.084591,-0.128589,-0.321244,-0.189333,0.194882,0.042506,-0.007317,0.091584,0.026393
0.01475,0.249603,-0.084591,-0.128589,-0.321244,-0.189333,0.194882,0.042506,-0.007317,0.091584,0.026393,0.092505
0.014606,0.249603,-0.128589,-0.321244,-0.189333,0.194882,0.042506,-0.007317,0.091584,0.026393,0.092505,0.083096
0.016408,0.249603,-0.321244,-0.189333,0.194882,0.042506,-0.007317,0.091584,0.026393,0.092505,0.083096,0.047821
0.016927,0.250885,-0.189333,0.194882,0.042506,-0.007317,0.091584,0.026393,0.092505,0.083096,0.047821,-0.113174
0.018746,0.250885,0.194882,0.042506,-0.007317,0.091584,0.026393,0.092505,0.083096,0.047821,-0.113174,0.126195
0.020378,0.250885,0.042506,-0.007317,0.091584,0.026393,0.092505,0.083096,0.047821,-0.113174,0.126195,0.193956
0.021314,0.250885,-0.007317,0.091584,0.026393,0.092505,0.083096,0.047821,-0.113174,0.126195,0.193956,-0.074763
0.019098,0.250885,0.091584,0.026393,0.092505,0.083096,0.047821,-0.113174,0.126195,0.193956,-0.074763,-0.070567
0.02157,0.250885,0.026393,0.092505,0.083096,0.047821,-0.113174,0.126195,0.193956,-0.074763,-0.070567,0.068669
0.025363,0.250885,0.092505,0.083096,0.047821,-0.113174,0.126195,0.193956,-0.074763,-0.070567,0.068669,0.006428
0.023902,0.250885,0.083096,0.047821,-0.113174,0.126195,0.193956,-0.074763,-0.070567,0.068669,0.006428,0.051839
0.022523,0.250885,0.047821,-0.113174,0.126195,0.193956,-0.074763,-0.070567,0.068669,0.006428,0.051839,0.081578
0.023864,0.250885,-0.113174,0.126195,0.193956,-0.074763,-0.070567,0.068669,0.006428,0.051839,0.081578,0.005047
0.023989,0.250885,0.126195,0.193956,-0.074763,-0.070567,0.068669,0.006428,0.051839,0.081578,0.005047,-0.13674
0.025002,0.250885,0.193956,-0.074763,-0.070567,0.068669,0.006428,0.051839,0.081578,0.005047,-0.13674,0.104116
0.026594,0.250885,-0.074763,-0.070567,0.068669,0.006428,0.051839,0.081578,0.005047,-0.13674,0.104116,0.213193
0.026692,0.250885,-0.070567,0.068669,0.006428,0.051839,0.081578,0.005047,-0.13674,0.104116,0.213193,-0.087472
0.024028,0.250885,0.068669,0.006428,0.051839,0.081578,0.005047,-0.13674,0.104116,0.213193,-0.087472,-0.028801
0.026058,0.250885,0.006428,0.051839,0.081578,0.005047,-0.13674,0.104116,0.213193,-0.087472,-0.028801,0.069872
0.030208,0.250885,0.051839,0.081578,0.005047,-0.13674,0.104116,0.213193,-0.087472,-0.028801,0.069872,0.021604
0.028507,0.250885,0.081578,0.005047,-0.13674,0.104116,0.213193,-0.087472,-0.028801,0.069872,0.021604,0.040295
0.027947,0.250885,0.005047,-0.13674,0.104116,0.213193,-0.087472,-0.028801,0.069872,0.021604,0.040295,0.071172
0.029304,0.250885,-0.13674,0.104116,0.213193,-0.087472,-0.028801,0.069872,0.021604,0.040295,0.071172,0.019245
0.029723,0.250885,0.104116,0.213193,-0.087472,-0.028801,0.069872,0.021604,0.040295,0.071172,0.019245,-0.138879
0.030506,0.250885,0.213193,-0.087472,-0.028801,0.069872,0.021604,0.040295,0.071172,0.019245,-0.138879,0.064372
0.031888,0.250885,-0.087472,-0.028801,0.069872,0.021604,0.040295,0.071172,0.019245,-0.138879,0.064372,-0.051857
0.032261,0.250885,-0.028801,0.069872,0.021604,0.040295,0.071172,0.019245,-0.138879,0.064372,-0.051857,-0.10264
0.029569,0.250885,0.069872,0.021604,0.040295,0.071172,0.019245,-0.138879,0.064372,-0.051857,-0.10264,-0.005036
0.030818,0.250885,0.021604,0.040295,0.071172,0.019245,-0.138879,0.064372,-0.051857,-0.10264,-0.005036,0.098847
0.029811,0.250885,0.040295,0.071172,0.019245,-0.138879,0.064372,-0.051857,-0.10264,-0.005036,0.098847,-0.048318
0.027813,0.250885,0.071172,0.019245,-0.138879,0.064372,-0.051857,-0.10264,-0.005036,0.098847,-0.048318,-0.14251
0.027715,0.250885,0.019245,-0.138879,0.064372,-0.051857,-0.10264,-0.005036,0.098847,-0.048318,-0.14251,0.053094
0.029635,0.250885,-0.138879,0.064372,-0.051857,-0.10264,-0.005036,0.098847,-0.048318,-0.14251,0.053094,0.039003
0.028697,0.250885,0.064372,-0.051857,-0.10264,-0.005036,0.098847,-0.048318,-0.14251,0.053094,0.039003,-0.108442
0.025921,0.250885,-0.051857,-0.10264,-0.005036,0.098847,-0.048318,-0.14251,0.053094,0.039003,-0.108442,0.12489
0.026956,0.250885,-0.10264,-0.005036,0.098847,-0.048318,-0.14251,0.053094,0.039003,-0.108442,0.12489,0.229705
0.027715,0.250885,-0.005036,0.098847,-0.048318,-0.14251,0.053094,0.039003,-0.108442,0.12489,0.229705,-0.084524
0.025605,0.249329,0.098847,-0.048318,-0.14251,0.053094,0.039003,-0.108442,0.12489,0.229705,-0.084524,-0.057895
0.028036,0.249329,-0.048318,-0.14251,0.053094,0.039003,-0.108442,0.12489,0.229705,-0.084524,-0.057895,0.037684
0.032498,0.249329,-0.14251,0.053094,0.039003,-0.108442,0.12489,0.229705,-0.084524,-0.057895,0.037684,0.004494
0.030858,0.249329,0.053094,0.039003,-0.108442,0.12489,0.229705,-0.084524,-0.057895,0.037684,0.004494,0.06771
0.029734,0.249329,0.039003,-0.108442,0.12489,0.229705,-0.084524,-0.057895,0.037684,0.004494,0.06771,0.07841
0.030465,0.249329,-0.108442,0.12489,0.229705,-0.084524,-0.057895,0.037684,0.004494,0.06771,0.07841,-0.004748
0.030552,0.249329,0.12489,0.229705,-0.084524,-0.057895,0.037684,0.004494,0.06771,0.07841,-0.004748,-0.144412
0.031867,0.249329,0.229705,-0.084524,-0.057895,0.037684,0.004494,0.06771,0.07841,-0.004748,-0.144412,0.073085
0.033387,0.249329,-0.084524,-0.057895,0.037684,0.004494,0.06771,0.07841,-0.004748,-0.144412,0.073085,0.183461
0.033295,0.249329,-0.057895,0.037684,0.004494,0.06771,0.07841,-0.004748,-0.144412,0.073085,0.183461,-0.105775
0.030499,0.249329,0.037684,0.004494,0.06771,0.07841,-0.004748,-0.144412,0.073085,0.183461,-0.105775,-0.075352
0.031915,0.249329,0.004494,0.06771,0.07841,-0.004748,-0.144412,0.073085,0.183461,-0.105775,-0.075352,0.08286
0.035467,0.249329,0.06771,0.07841,-0.004748,-0.144412,0.073085,0.183461,-0.105775,-0.075352,0.08286,-0.007713
0.03342,0.249329,0.07841,-0.004748,-0.144412,0.073085,0.183461,-0.105775,-0.075352,0.08286,-0.007713,0.018017
0.031961,0.249329,-0.004748,-0.144412,0.073085,0.183461,-0.105775,-0.075352,0.08286,-0.007713,0.018017,0.065098
0.033564,0.249329,-0.144412,0.073085,0.183461,-0.105775,-0.075352,0.08286,-0.007713,0.018017,0.065098,0.016156
0.033415,0.249329,0.073085,0.183461,-0.105775,-0.075352,0.08286,-0.007713,0.018017,0.065098,0.016156,-0.160743
0.033764,0.250122,0.183461,-0.105775,-0.075352,0.08286,-0.007713,0.018017,0.065098,0.016156,-0.160743,0.097559
0.035024,0.250122,-0.105775,-0.075352,0.08286,-0.007713,0.018017,0.065098,0.016156,-0.160743,0.097559,0.165302
0.035336,0.250122,-0.075352,0.08286,-0.007713,0.018017,0.065098,0.016156,-0.160743,0.097559,0.165302,-0.081997
0.032229,0.250122,0.08286,-0.007713,0.018017,0.065098,0.016156,-0.160743,0.097559,0.165302,-0.081997,-0.039332
0.034116,0.250122,-0.007713,0.018017,0.065098,0.016156,-0.160743,0.097559,0.165302,-0.081997,-0.039332,0.057502
0.037311,0.250122,0.018017,0.065098,0.016156,-0.160743,0.097559,0.165302,-0.081997,-0.039332,0.057502,-0.075566
0.035727,0.250122,0.065098,0.016156,-0.160743,0.097559,0.165302,-0.081997,-0.039332,0.057502,-0.075566,-0.164293
0.034967,0.250122,0.016156,-0.160743,0.097559,0.165302,-0.081997,-0.039332,0.057502,-0.075566,-0.164293,0.019923
0.036077,0.250122,-0.160743,0.097559,0.165302,-0.081997,-0.039332,0.057502,-0.075566,-0.164293,0.019923,0.031275
0.034618,0.250122,0.097559,0.165302,-0.081997,-0.039332,0.057502,-0.075566,-0.164293,0.019923,0.031275,-0.138939
0.031435,0.250122,0.165302,-0.081997,-0.039332,0.057502,-0.075566,-0.164293,0.019923,0.031275,-0.138939,0.109001
0.031821,0.250122,-0.081997,-0.039332,0.057502,-0.075566,-0.164293,0.019923,0.031275,-0.138939,0.109001,0.20941
0.032427,0.250122,-0.039332,0.057502,-0.075566,-0.164293,0.019923,0.031275,-0.138939,0.109001,0.20941,-0.100714
0.029735,0.250122,0.057502,-0.075566,-0.164293,0.019923,0.031275,-0.138939,0.109001,0.20941,-0.100714,-0.056492
0.031849,0.250122,-0.075566,-0.164293,0.019923,0.031275,-0.138939,0.109001,0.20941,-0.100714,-0.056492,0.067506
0.035902,0.250122,-0.164293,0.019923,0.031275,-0.138939,0.109001,0.20941,-0.100714,-0.056492,0.067506,-0.011216
0.033954,0.250122,0.019923,0.031275,-0.138939,0.109001,0.20941,-0.100714,-0.056492,0.067506,-0.011216,0.03526
0.032861,0.250122,0.031275,-0.138939,0.109001,0.20941,-0.100714,-0.056492,0.067506,-0.011216,0.03526,0.056635
0.034166,0.250122,-0.138939,0.109001,0.20941,-0.100714,-0.056492,0.067506,-0.011216,0.03526,0.056635,0.011019
0.033949,0.250122,0.109001,0.20941,-0.100714,-0.056492,0.067506,-0.011216,0.03526,0.056635,0.011019,-0.166183
0.034632,0.250122,0.20941,-0.100714,-0.056492,0.067506,-0.011216,0.03526,0.056635,0.011019,-0.166183,0.097669
0.035727,0.250122,-0.100714,-0.056492,0.067506,-0.011216,0.03526,0.056635,0.011019,-0.166183,0.097669,0.170733
0.03594,0.250122,-0.056492,0.067506,-0.011216,0.03526,0.056635,0.011019,-0.166183,0.097669,0.170733,-0.218763
0.032729,0.250122,0.067506,-0.011216,0.03526,0.056635,0.011019,-0.166183,0.097669,0.170733,-0.218763,-0.222703
0.034618,0.250122,-0.011216,0.03526,0.056635,0.011019,-0.166183,0.097669,0.170733,-0.218763,-0.222703,-0.159777
0.037915,0.250122,0.03526,0.056635,0.011019,-0.166183,0.097669,0.170733,-0.218763,-0.222703,-0.159777,-0.061154
0.033687,0.250122,0.056635,0.011019,-0.166183,0.097669,0.170733,-0.218763,-0.222703,-0.159777,-0.061154,0.023305
0.02937,0.250122,0.011019,-0.166183,0.097669,0.170733,-0.218763,-0.222703,-0.159777,-0.061154,0.023305,-0.093213
0.026264,0.250122,-0.166183,0.097669,0.170733,-0.218763,-0.222703,-0.159777,-0.061154,0.023305,-0.093213,-0.003566
0.025072,0.250122,0.097669,0.170733,-0.218763,-0.222703,-0.159777,-0.061154,0.023305,-0.093213,-0.003566,-0.108901
0.025527,0.250122,0.170733,-0.218763,-0.222703,-0.159777,-0.061154,0.023305,-0.093213,-0.003566,-0.108901,0.115221
0.023705,0.250122,-0.218763,-0.222703,-0.159777,-0.061154,0.023305,-0.093213,-0.003566,-0.108901,0.115221,0.200104
0.023636,0.250122,-0.222703,-0.159777,-0.061154,0.023305,-0.093213,-0.003566,-0.108901,0.115221,0.200104,-0.065035
0.021508,0.247894,-0.159777,-0.061154,0.023305,-0.093213,-0.003566,-0.108901,0.115221,0.200104,-0.065035,-0.028759
0.02376,0.247894,-0.061154,0.023305,-0.093213,-0.003566,-0.108901,0.115221,0.200104,-0.065035,-0.028759,0.006723
0.027664,0.247894,0.023305,-0.093213,-0.003566,-0.108901,0.115221,0.200104,-0.065035,-0.028759,0.006723,-0.146692
0.026397,0.247894,-0.093213,-0.003566,-0.108901,0.115221,0.200104,-0.065035,-0.028759,0.006723,-0.146692,-0.026755
0.025836,0.247894,-0.003566,-0.108901,0.115221,0.200104,-0.065035,-0.028759,0.006723,-0.146692,-0.026755,0.122826
0.025967,0.247894,-0.108901,0.115221,0.200104,-0.065035,-0.028759,0.006723,-0.146692,-0.026755,0.122826,0.015035
0.023105,0.247894,0.115221,0.200104,-0.065035,-0.028759,0.006723,-0.146692,-0.026755,0.122826,0.015035,-0.149598
0.022582,0.247894,0.200104,-0.065035,-0.028759,0.006723,-0.146692,-0.026755,0.122826,0.015035,-0.149598,0.098658
0.024984,0.247894,-0.065035,-0.028759,0.006723,-0.146692,-0.026755,0.122826,0.015035,-0.149598,0.098658,0.186812
0.025277,0.247894,-0.028759,0.006723,-0.146692,-0.026755,0.122826,0.015035,-0.149598,0.098658,0.186812,-0.085318
0.022357,0.247894,0.006723,-0.146692,-0.026755,0.122826,0.015035,-0.149598,0.098658,0.186812,-0.085318,-0.042257
0.024284,0.247894,-0.146692,-0.026755,0.122826,0.015035,-0.149598,0.098658,0.186812,-0.085318,-0.042257,0.065925
0.027928,0.247894,-0.026755,0.122826,0.015035,-0.149598,0.098658,0.186812,-0.085318,-0.042257,0.065925,0.021575
0.026265,0.247894,0.122826,0.015035,-0.149598,0.098658,0.186812,-0.085318,-0.042257,0.065925,0.021575,0.053755
0.025441,0.247894,0.015035,-0.149598,0.098658,0.186812,-0.085318,-0.042257,0.065925,0.021575,0.053755,0.065475
0.026725,0.247894,-0.149598,0.098658,0.186812,-0.085318,-0.042257,0.065925,0.021575,0.053755,0.065475,0.010403
0.027145,0.249085,0.098658,0.186812,-0.085318,-0.042257,0.065925,0.021575,0.053755,0.065475,0.010403,-0.134489
0.028192,0.249085,0.186812,-0.085318,-0.042257,0.065925,0.021575,0.053755,0.065475,0.010403,-0.134489,0.115113
0.029466,0.249085,-0.085318,-0.042257,0.065925,0.021575,0.053755,0.065475,0.010403,-0.134489,0.115113,0.190874
0.029668,0.249085,-0.042257,0.065925,0.021575,0.053755,0.065475,0.010403,-0.134489,0.115113,0.190874,-0.093176
0.027055,0.249085,0.065925,0.021575,0.053755,0.065475,0.010403,-0.134489,0.115113,0.190874,-0.093176,-0.02542
0.029293,0.249085,0.021575,0.053755,0.065475,0.010403,-0.134489,0.115113,0.190874,-0.093176,-0.02542,0.060156
0.032997,0.249085,0.053755,0.065475,0.010403,-0.134489,0.115113,0.190874,-0.093176,-0.02542,0.060156,0.001
0.03119,0.249085,0.065475,0.010403,-0.134489,0.115113,0.190874,-0.093176,-0.02542,0.060156,0.001,0.033502
0.030697,0.249085,0.010403,-0.134489,0.115113,0.190874,-0.093176,-0.02542,0.060156,0.001,0.033502,0.090677
0.031862,0.249085,-0.134489,0.115113,0.190874,-0.093176,-0.02542,0.060156,0.001,0.033502,0.090677,-0.085821
0.031882,0.249085,0.115113,0.190874,-0.093176,-0.02542,0.060156,0.001,0.033502,0.090677,-0.085821,-0.198783
0.032531,0.249085,0.190874,-0.093176,-0.02542,0.060156,0.001,0.033502,0.090677,-0.085821,-0.198783,-0.003954
0.034288,0.249085,-0.093176,-0.02542,0.060156,0.001,0.033502,0.090677,-0.085821,-0.198783,-0.003954,0.089657
0.032627,0.249085,-0.02542,0.060156,0.001,0.033502,0.090677,-0.085821,-0.198783,-0.003954,0.089657,-0.151944
0.028774,0.249085,0.060156,0.001,0.033502,0.090677,-0.085821,-0.198783,-0.003954,0.089657,-0.151944,-0.062621
0.028697,0.249085,0.001,0.033502,0.090677,-0.085821,-0.198783,-0.003954,0.089657,-0.151944,-0.062621,0.057605
0.03044,0.249085,0.033502,0.090677,-0.085821,-0.198783,-0.003954,0.089657,-0.151944,-0.062621,0.057605,0.018187
0.027484,0.249085,0.090677,-0.085821,-0.198783,-0.003954,0.089657,-0.151944,-0.062621,0.057605,0.018187,0.1031
0.026264,0.249085,-0.085821,-0.198783,-0.003954,0.089657,-0.151944,-0.062621,0.057605,0.018187,0.1031,0.072691
0.027385,0.249085,-0.198783,-0.003954,0.089657,-0.151944,-0.062621,0.057605,0.018187,0.1031,0.072691,0.014001
0.027739,0.249085,-0.003954,0.089657,-0.151944,-0.062621,0.057605,0.018187,0.1031,0.072691,0.014001,-0.11638
0.029745,0.249085,0.089657,-0.151944,-0.062621,0.057605,0.018187,0.1031,0.072691,0.014001,-0.11638,0.098563
0.031157,0.249085,-0.151944,-0.062621,0.057605,0.018187,0.1031,0.072691,0.014001,-0.11638,0.098563,0.226309
0.031428,0.249085,-0.062621,0.057605,0.018187,0.1031,0.072691,0.014001,-0.11638,0.098563,0.226309,-0.095441
0.029171,0.249085,0.057605,0.018187,0.1031,0.072691,0.014001,-0.11638,0.098563,0.226309,-0.095441,-0.046124
0.031084,0.249085,0.018187,0.1031,0.072691,0.014001,-0.11638,0.098563,0.226309,-0.095441,-0.046124,0.077862
0.035467,0.249085,0.1031,0.072691,0.014001,-0.11638,0.098563,0.226309,-0.095441,-0.046124,0.077862,0.007803
0.03362,0.249085,0.072691,0.014001,-0.11638,0.098563,0.226309,-0.095441,-0.046124,0.077862,0.007803,0.023172
0.032728,0.249085,0.014001,-0.11638,0.098563,0.226309,-0.095441,-0.046124,0.077862,0.007803,0.023172,0.065355
0.034233,0.249085,-0.11638,0.098563,0.226309,-0.095441,-0.046124,0.077862,0.007803,0.023172,0.065355,0.028468
0.034384,0.249085,0.098563,0.226309,-0.095441,-0.046124,0.077862,0.007803,0.023172,0.065355,0.028468,-0.154408
0.034832,0.249085,0.226309,-0.095441,-0.046124,0.077862,0.007803,0.023172,0.065355,0.028468,-0.154408,0.101359
0.036096,0.249085,-0.095441,-0.046124,0.077862,0.007803,0.023172,0.065355,0.028468,-0.154408,0.101359,0.174646
0.036645,0.249085,-0.046124,0.077862,0.007803,0.023172,0.065355,0.028468,-0.154408,0.101359,0.174646,-0.075344
0.033664,0.249085,0.077862,0.007803,0.023172,0.065355,0.028468,-0.154408,0.101359,0.174646,-0.075344,-0.03419
0.035622,0.248932,0.007803,0.023172,0.065355,0.028468,-0.154408,0.101359,0.174646,-0.075344,-0.03419,-0.025999
0.038992,0.248932,0.023172,0.065355,0.028468,-0.154408,0.101359,0.174646,-0.075344,-0.03419,-0.025999,-0.13448
0.037539,0.248932,0.065355,0.028468,-0.154408,0.101359,0.174646,-0.075344,-0.03419,-0.025999,-0.13448,-0.04052
0.03688,0.248932,0.028468,-0.154408,0.101359,0.174646,-0.075344,-0.03419,-0.025999,-0.13448,-0.04052,-0.021176
0.036379,0.248932,-0.154408,0.101359,0.174646,-0.075344,-0.03419,-0.025999,-0.13448,-0.04052,-0.021176,-0.011677
0.033782,0.248932,0.101359,0.174646,-0.075344,-0.03419,-0.025999,-0.13448,-0.04052,-0.021176,-0.011677,-0.230977
0.032997,0.248932,0.174646,-0.075344,-0.03419,-0.025999,-0.13448,-0.04052,-0.021176,-0.011677,-0.230977,0.103387
0.032587,0.248932,-0.075344,-0.03419,-0.025999,-0.13448,-0.04052,-0.021176,-0.011677,-0.230977,0.103387,0.23252
0.032361,0.248932,-0.03419,-0.025999,-0.13448,-0.04052,-0.021176,-0.011677,-0.230977,0.103387,0.23252,-0.150075
0.027881,0.248932,-0.025999,-0.13448,-0.04052,-0.021176,-0.011677,-0.230977,0.103387,0.23252,-0.150075,-0.148395
0.029889,0.248932,-0.13448,-0.04052,-0.021176,-0.011677,-0.230977,0.103387,0.23252,-0.150075,-0.148395,-0.011913
0.034398,0.248932,-0.04052,-0.021176,-0.011677,-0.230977,0.103387,0.23252,-0.150075,-0.148395,-0.011913,0.013082
0.031489,0.248932,-0.021176,-0.011677,-0.230977,0.103387,0.23252,-0.150075,-0.148395,-0.011913,0.013082,0.043659
0.028608,0.248932,-0.011677,-0.230977,0.103387,0.23252,-0.150075,-0.148395,-0.011913,0.013082,0.043659,0.220223
0.028377,0.248932,-0.230977,0.103387,0.23252,-0.150075,-0.148395,-0.011913,0.013082,0.043659,0.220223,-0.047857
0.028631,0.24881,0.103387,0.23252,-0.150075,-0.148395,-0.011913,0.013082,0.043659,0.220223,-0.047857,-0.120252
0.02948,0.24881,0.23252,-0.150075,-0.148395,-0.011913,0.013082,0.043659,0.220223,-0.047857,-0.120252,0.091995
0.033754,0.24881,-0.150075,-0.148395,-0.011913,0.013082,0.043659,0.220223,-0.047857,-0.120252,0.091995,0.081682
0.032828,0.24881,-0.148395,-0.011913,0.013082,0.043659,0.220223,-0.047857,-0.120252,0.091995,0.081682,-0.180615
0.030499,0.24881,-0.011913,0.013082,0.043659,0.220223,-0.047857,-0.120252,0.091995,0.081682,-0.180615,-0.119122
0.032281,0.24881,0.013082,0.043659,0.220223,-0.047857,-0.120252,0.091995,0.081682,-0.180615,-0.119122,0.078432
0.033864,0.24881,0.043659,0.220223,-0.047857,-0.120252,0.091995,0.081682,-0.180615,-0.119122,0.078432,0.030148
0.03036,0.24881,0.220223,-0.047857,-0.120252,0.091995,0.081682,-0.180615,-0.119122,0.078432,0.030148,0.062534
0.028046,0.24881,-0.047857,-0.120252,0.091995,0.081682,-0.180615,-0.119122,0.078432,0.030148,0.062534,0.073116
0.029569,0.24881,-0.120252,0.091995,0.081682,-0.180615,-0.119122,0.078432,0.030148,0.062534,0.073116,0.022802
0.030154,0.24881,0.091995,0.081682,-0.180615,-0.119122,0.078432,0.030148,0.062534,0.073116,0.022802,-0.130681
0.031368,0.24881,0.081682,-0.180615,-0.119122,0.078432,0.030148,0.062534,0.073116,0.022802,-0.130681,0.078276
0.032787,0.24881,-0.180615,-0.119122,0.078432,0.030148,0.062534,0.073116,0.022802,-0.130681,0.078276,0.216547
0.033228,0.24881,-0.119122,0.078432,0.030148,0.062534,0.073116,0.022802,-0.130681,0.078276,0.216547,-0.080099
0.030698,0.24881,0.078432,0.030148,0.062534,0.073116,0.022802,-0.130681,0.078276,0.216547,-0.080099,-0.04275
0.032215,0.24881,0.030148,0.062534,0.073116,0.022802,-0.130681,0.078276,0.216547,-0.080099,-0.04275,0.071225
0.036405,0.24881,0.062534,0.073116,0.022802,-0.130681,0.078276,0.216547,-0.080099,-0.04275,0.071225,0.000826
0.034856,0.24881,0.073116,0.022802,-0.130681,0.078276,0.216547,-0.080099,-0.04275,0.071225,0.000826,0.045696
0.03403,0.24881,0.022802,-0.130681,0.078276,0.216547,-0.080099,-0.04275,0.071225,0.000826,0.045696,0.076166
0.035405,0.24881,-0.130681,0.078276,0.216547,-0.080099,-0.04275,0.071225,0.000826,0.045696,0.076166,-0.109056
0.035421,0.24881,0.078276,0.216547,-0.080099,-0.04275,0.071225,0.000826,0.045696,0.076166,-0.109056,-0.210804
0.036304,0.24881,0.216547,-0.080099,-0.04275,0.071225,0.000826,0.045696,0.076166,-0.109056,-0.210804,0.042262
0.037775,0.24881,-0.080099,-0.04275,0.071225,0.000826,0.045696,0.076166,-0.109056,-0.210804,0.042262,0.183688
0.035671,0.24881,-0.04275,0.071225,0.000826,0.045696,0.076166,-0.109056,-0.210804,0.042262,0.183688,-0.04026
0.031596,0.24881,0.071225,0.000826,0.045696,0.076166,-0.109056,-0.210804,0.042262,0.183688,-0.04026,-0.01852
0.032415,0.24881,0.000826,0.045696,0.076166,-0.109056,-0.210804,0.042262,0.183688,-0.04026,-0.01852,0.08884
0.035969,0.24881,0.045696,0.076166,-0.109056,-0.210804,0.042262,0.183688,-0.04026,-0.01852,0.08884,0.000764
0.035191,0.24881,0.076166,-0.109056,-0.210804,0.042262,0.183688,-0.04026,-0.01852,0.08884,0.000764,0.028357
0.034833,0.24881,-0.109056,-0.210804,0.042262,0.183688,-0.04026,-0.01852,0.08884,0.000764,0.028357,0.07289
0.036547,0.24881,-0.210804,0.042262,0.183688,-0.04026,-0.01852,0.08884,0.000764,0.028357,0.07289,-0.069152
0.036562,0.24881,0.042262,0.183688,-0.04026,-0.01852,0.08884,0.000764,0.028357,0.07289,-0.069152,-0.215155
0.037109,0.24881,0.183688,-0.04026,-0.01852,0.08884,0.000764,0.028357,0.07289,-0.069152,-0.215155,0.040633
0.038515,0.24881,-0.04026,-0.01852,0.08884,0.000764,0.028357,0.07289,-0.069152,-0.215155,0.040633,0.153019
0.037183,0.24881,-0.01852,0.08884,0.000764,0.028357,0.07289,-0.069152,-0.215155,0.040633,0.153019,-0.045513
0.03303,0.24881,0.08884,0.000764,0.028357,0.07289,-0.069152,-0.215155,0.040633,0.153019,-0.045513,0.004077
0.033816,0.24881,0.000764,0.028357,0.07289,-0.069152,-0.215155,0.040633,0.153019,-0.045513,0.004077,0.06468
0.036774,0.247376,0.028357,0.07289,-0.069152,-0.215155,0.040633,0.153019,-0.045513,0.004077,0.06468,-0.021939
0.035894,0.247376,0.07289,-0.069152,-0.215155,0.040633,0.153019,-0.045513,0.004077,0.06468,-0.021939,-0.061916
0.035973,0.247376,-0.069152,-0.215155,0.040633,0.153019,-0.045513,0.004077,0.06468,-0.021939,-0.061916,0.015174
0.03722,0.247376,-0.215155,0.040633,0.153019,-0.045513,0.004077,0.06468,-0.021939,-0.061916,0.015174,-0.067071
0.036797,0.247376,0.040633,0.153019,-0.045513,0.004077,0.06468,-0.021939,-0.061916,0.015174,-0.067071,-0.115674
0.035601,0.247376,0.153019,-0.045513,0.004077,0.06468,-0.021939,-0.061916,0.015174,-0.067071,-0.115674,0.130482
0.035894,0.247376,-0.045513,0.004077,0.06468,-0.021939,-0.061916,0.015174,-0.067071,-0.115674,0.130482,0.221505
0.034599,0.247376,0.004077,0.06468,-0.021939,-0.061916,0.015174,-0.067071,-0.115674,0.130482,0.221505,-0.085825
0.032362,0.247376,0.06468,-0.021939,-0.061916,0.015174,-0.067071,-0.115674,0.130482,0.221505,-0.085825,-0.048128
0.034886,0.247376,-0.021939,-0.061916,0.015174,-0.067071,-0.115674,0.130482,0.221505,-0.085825,-0.048128,0.071802
0.03916,0.247376,-0.061916,0.015174,-0.067071,-0.115674,0.130482,0.221505,-0.085825,-0.048128,0.071802,0.004192
0.037506,0.247376,0.015174,-0.067071,-0.115674,0.130482,0.221505,-0.085825,-0.048128,0.071802,0.004192,0.056319
0.036578,0.247376,-0.067071,-0.115674,0.130482,0.221505,-0.085825,-0.048128,0.071802,0.004192,0.056319,0.08573
0.037961,0.247376,-0.115674,0.130482,0.221505,-0.085825,-0.048128,0.071802,0.004192,0.056319,0.08573,-0.009639
0.038042,0.247376,0.130482,0.221505,-0.085825,-0.048128,0.071802,0.004192,0.056319,0.08573,-0.009639,-0.131601
0.039127,0.247376,0.221505,-0.085825,-0.048128,0.071802,0.004192,0.056319,0.08573,-0.009639,-0.131601,0.09363
0.040777,0.247253,-0.085825,-0.048128,0.071802,0.004192,0.056319,0.08573,-0.009639,-0.131601,0.09363,0.176446
0.040592,0.247253,-0.048128,0.071802,0.004192,0.056319,0.08573,-0.009639,-0.131601,0.09363,0.176446,-0.100731
0.038062,0.247253,0.071802,0.004192,0.056319,0.08573,-0.009639,-0.131601,0.09363,0.176446,-0.100731,-0.036076
0.039863,0.247253,0.004192,0.056319,0.08573,-0.009639,-0.131601,0.09363,0.176446,-0.100731,-0.036076,0.090449
0.043254,0.247253,0.056319,0.08573,-0.009639,-0.131601,0.09363,0.176446,-0.100731,-0.036076,0.090449,-0.029611
0.041319,0.247253,0.08573,-0.009639,-0.131601,0.09363,0.176446,-0.100731,-0.036076,0.090449,-0.029611,0.02658
0.040626,0.247253,-0.009639,-0.131601,0.09363,0.176446,-0.100731,-0.036076,0.090449,-0.029611,0.02658,0.061847
0.042361,0.247253,-0.131601,0.09363,0.176446,-0.100731,-0.036076,0.090449,-0.029611,0.02658,0.061847,0.026025
0.041793,0.247253,0.09363,0.176446,-0.100731,-0.036076,0.090449,-0.029611,0.02658,0.061847,0.026025,-0.166404
0.042304,0.247253,0.176446,-0.100731,-0.036076,0.090449,-0.029611,0.02658,0.061847,0.026025,-0.166404,0.088915
0.043491,0.247253,-0.100731,-0.036076,0.090449,-0.029611,0.02658,0.061847,0.026025,-0.166404,0.088915,0.193635
0.04399,0.247253,-0.036076,0.090449,-0.029611,0.02658,0.061847,0.026025,-0.166404,0.088915,0.193635,-0.09256
0.0408,0.247253,0.090449,-0.029611,0.02658,0.061847,0.026025,-0.166404,0.088915,0.193635,-0.09256,-0.057516
0.042506,0.247253,-0.029611,0.02658,0.061847,0.026025,-0.166404,0.088915,0.193635,-0.09256,-0.057516,0.060851
0.046217,0.247253,0.02658,0.061847,0.026025,-0.166404,0.088915,0.193635,-0.09256,-0.057516,0.060851,-0.07255
0.044444,0.247253,0.061847,0.026025,-0.166404,0.088915,0.193635,-0.09256,-0.057516,0.060851,-0.07255,-0.160308
0.043342,0.247253,0.026025,-0.166404,0.088915,0.193635,-0.09256,-0.057516,0.060851,-0.07255,-0.160308,0.034928
0.044507,0.247253,-0.166404,0.088915,0.193635,-0.09256,-0.057516,0.060851,-0.07255,-0.160308,0.034928,0.039758
0.043118,0.247253,0.088915,0.193635,-0.09256,-0.057516,0.060851,-0.07255,-0.160308,0.034928,0.039758,-0.193266
0.040037,0.247253,0.193635,-0.09256,-0.057516,0.060851,-0.07255,-0.160308,0.034928,0.039758,-0.193266,-0.077764
0.040709,0.247253,-0.09256,-0.057516,0.060851,-0.07255,-0.160308,0.034928,0.039758,-0.193266,-0.077764,0.164406
0.041473,0.247253,-0.057516,0.060851,-0.07255,-0.160308,0.034928,0.039758,-0.193266,-0.077764,0.164406,-0.068439
0.037759,0.247253,0.060851,-0.07255,-0.160308,0.034928,0.039758,-0.193266,-0.077764,0.164406,-0.068439,-0.039444
0.03626,0.247253,-0.07255,-0.160308,0.034928,0.039758,-0.193266,-0.077764,0.164406,-0.068439,-0.039444,0.073734
0.03943,0.247253,-0.160308,0.034928,0.039758,-0.193266,-0.077764,0.164406,-0.068439,-0.039444,0.073734,0.018189
0.038111,0.247253,0.034928,0.039758,-0.193266,-0.077764,0.164406,-0.068439,-0.039444,0.073734,0.018189,0.047636
0.037351,0.247253,0.039758,-0.193266,-0.077764,0.164406,-0.068439,-0.039444,0.073734,0.018189,0.047636,0.066614
0.03877,0.247253,-0.193266,-0.077764,0.164406,-0.068439,-0.039444,0.073734,0.018189,0.047636,0.066614,0.023944
0.03912,0.247253,-0.077764,0.164406,-0.068439,-0.039444,0.073734,0.018189,0.047636,0.066614,0.023944,-0.214441
0.040037,0.247253,0.164406,-0.068439,-0.039444,0.073734,0.018189,0.047636,0.066614,0.023944,-0.214441,-0.105543
0.041319,0.247253,-0.068439,-0.039444,0.073734,0.018189,0.047636,0.066614,0.023944,-0.214441,-0.105543,0.122264
0.041779,0.247253,-0.039444,0.073734,0.018189,0.047636,0.066614,0.023944,-0.214441,-0.105543,0.122264,-0.063013
0.037657,0.247253,0.073734,0.018189,0.047636,0.066614,0.023944,-0.214441,-0.105543,0.122264,-0.063013,-0.037643
0.035622,0.247253,0.018189,0.047636,0.066614,0.023944,-0.214441,-0.105543,0.122264,-0.063013,-0.037643,0.071685
0.037983,0.247253,0.047636,0.066614,0.023944,-0.214441,-0.105543,0.122264,-0.063013,-0.037643,0.071685,-0.008008
0.036767,0.245667,0.066614,0.023944,-0.214441,-0.105543,0.122264,-0.063013,-0.037643,0.071685,-0.008008,0.04579
0.03604,0.245667,0.023944,-0.214441,-0.105543,0.122264,-0.063013,-0.037643,0.071685,-0.008008,0.04579,0.062649
0.037422,0.245667,-0.214441,-0.105543,0.122264,-0.063013,-0.037643,0.071685,-0.008008,0.04579,0.062649,0.021927
0.037267,0.245667,-0.105543,0.122264,-0.063013,-0.037643,0.071685,-0.008008,0.04579,0.062649,0.021927,-0.150522
0.038151,0.245667,0.122264,-0.063013,-0.037643,0.071685,-0.008008,0.04579,0.062649,0.021927,-0.150522,0.12319
0.039358,0.245667,-0.063013,-0.037643,0.071685,-0.008008,0.04579,0.062649,0.021927,-0.150522,0.12319,0.088045
0.03978,0.245667,-0.037643,0.071685,-0.008008,0.04579,0.062649,0.021927,-0.150522,0.12319,0.088045,-0.183989
0.036883,0.245667,0.071685,-0.008008,0.04579,0.062649,0.021927,-0.150522,0.12319,0.088045,-0.183989,-0.114174
