0.41653,0.440521,-0.339389,-0.221192,0.425664,-0.31528,0.257495,-0.111329,0.026707,-0.052841,0.557974,-0.313967
0.416907,0.440521,-0.221192,0.425664,-0.31528,0.257495,-0.111329,0.026707,-0.052841,0.557974,-0.313967,-0.285313
0.41616,0.440521,0.425664,-0.31528,0.257495,-0.111329,0.026707,-0.052841,0.557974,-0.313967,-0.285313,0.227065
0.424027,0.440521,-0.31528,0.257495,-0.111329,0.026707,-0.052841,0.557974,-0.313967,-0.285313,0.227065,0.308795
0.419611,0.440521,0.257495,-0.111329,0.026707,-0.052841,0.557974,-0.313967,-0.285313,0.227065,0.308795,-0.16602
0.415589,0.440521,-0.111329,0.026707,-0.052841,0.557974,-0.313967,-0.285313,0.227065,0.308795,-0.16602,0.027318
0.418792,0.440521,0.026707,-0.052841,0.557974,-0.313967,-0.285313,0.227065,0.308795,-0.16602,0.027318,-0.022259
0.423141,0.440521,-0.052841,0.557974,-0.313967,-0.285313,0.227065,0.308795,-0.16602,0.027318,-0.022259,-0.15245
0.420804,0.440521,0.557974,-0.313967,-0.285313,0.227065,0.308795,-0.16602,0.027318,-0.022259,-0.15245,0.026863
0.421188,0.440521,-0.313967,-0.285313,0.227065,0.308795,-0.16602,0.027318,-0.022259,-0.15245,0.026863,0.498269
0.420875,0.440521,-0.285313,0.227065,0.308795,-0.16602,0.027318,-0.022259,-0.15245,0.026863,0.498269,-0.337627
0.418729,0.440521,0.227065,0.308795,-0.16602,0.027318,-0.022259,-0.15245,0.026863,0.498269,-0.337627,-0.357593
0.419108,0.440521,0.308795,-0.16602,0.027318,-0.022259,-0.15245,0.026863,0.498269,-0.337627,-0.357593,-0.238996
0.42612,0.440521,-0.16602,0.027318,-0.022259,-0.15245,0.026863,0.498269,-0.337627,-0.357593,-0.238996,0.323402
0.421378,0.440521,0.027318,-0.022259,-0.15245,0.026863,0.498269,-0.337627,-0.357593,-0.238996,0.323402,-0.146748
0.416342,0.440521,-0.022259,-0.15245,0.026863,0.498269,-0.337627,-0.357593,-0.238996,0.323402,-0.146748,0.124315
0.412965,0.440521,-0.15245,0.026863,0.498269,-0.337627,-0.357593,-0.238996,0.323402,-0.146748,0.124315,-0.04889
0.417538,0.440521,0.026863,0.498269,-0.337627,-0.357593,-0.238996,0.323402,-0.146748,0.124315,-0.04889,0.000035
0.415464,0.440521,0.498269,-0.337627,-0.357593,-0.238996,0.323402,-0.146748,0.124315,-0.04889,0.000035,-0.0616
0.41722,0.440521,-0.337627,-0.357593,-0.238996,0.323402,-0.146748,0.124315,-0.04889,0.000035,-0.0616,0.557337
0.41653,0.444702,-0.357593,-0.238996,0.323402,-0.146748,0.124315,-0.04889,0.000035,-0.0616,0.557337,-0.638372
0.416531,0.444702,-0.238996,0.323402,-0.146748,0.124315,-0.04889,0.000035,-0.0616,0.557337,-0.638372,-0.198793
0.41566,0.444702,0.323402,-0.146748,0.124315,-0.04889,0.000035,-0.0616,0.557337,-0.638372,-0.198793,-0.131343
0.42352,0.444702,-0.146748,0.124315,-0.04889,0.000035,-0.0616,0.557337,-0.638372,-0.198793,-0.131343,0.516304
0.414524,0.444702,0.124315,-0.04889,0.000035,-0.0616,0.557337,-0.638372,-0.198793,-0.131343,0.516304,-0.32743
0.411713,0.444702,-0.04889,0.000035,-0.0616,0.557337,-0.638372,-0.198793,-0.131343,0.516304,-0.32743,0.234058
0.409852,0.444702,0.000035,-0.0616,0.557337,-0.638372,-0.198793,-0.131343,0.516304,-0.32743,0.234058,-0.172801
0.417162,0.444702,-0.0616,0.557337,-0.638372,-0.198793,-0.131343,0.516304,-0.32743,0.234058,-0.172801,0.009081
0.412529,0.444702,0.557337,-0.638372,-0.198793,-0.131343,0.516304,-0.32743,0.234058,-0.172801,0.009081,-0.056472
0.415839,0.444702,-0.638372,-0.198793,-0.131343,0.516304,-0.32743,0.234058,-0.172801,0.009081,-0.056472,0.535781
0.413398,0.444702,-0.198793,-0.131343,0.516304,-0.32743,0.234058,-0.172801,0.009081,-0.056472,0.535781,-0.320727
0.413527,0.444702,-0.131343,0.516304,-0.32743,0.234058,-0.172801,0.009081,-0.056472,0.535781,-0.320727,-0.283104
0.412727,0.444702,0.516304,-0.32743,0.234058,-0.172801,0.009081,-0.056472,0.535781,-0.320727,-0.283104,0.207802
0.420299,0.444702,-0.32743,0.234058,-0.172801,0.009081,-0.056472,0.535781,-0.320727,-0.283104,0.207802,0.213161
0.415776,0.444702,0.234058,-0.172801,0.009081,-0.056472,0.535781,-0.320727,-0.283104,0.207802,0.213161,-0.146802
0.411775,0.444702,-0.172801,0.009081,-0.056472,0.535781,-0.320727,-0.283104,0.207802,0.213161,-0.146802,0.071001
0.414714,0.444702,0.009081,-0.056472,0.535781,-0.320727,-0.283104,0.207802,0.213161,-0.146802,0.071001,-0.048859
0.417727,0.444702,-0.056472,0.535781,-0.320727,-0.283104,0.207802,0.213161,-0.146802,0.071001,-0.048859,-0.106299
0.415652,0.444702,0.535781,-0.320727,-0.283104,0.207802,0.213161,-0.146802,0.071001,-0.048859,-0.106299,-0.171006
0.416655,0.444702,-0.320727,-0.283104,0.207802,0.213161,-0.146802,0.071001,-0.048859,-0.106299,-0.171006,0.2815
0.415965,0.444702,-0.283104,0.207802,0.213161,-0.146802,0.071001,-0.048859,-0.106299,-0.171006,0.2815,-0.480569
0.414464,0.444702,0.207802,0.213161,-0.146802,0.071001,-0.048859,-0.106299,-0.171006,0.2815,-0.480569,-0.174915
0.412042,0.444702,0.213161,-0.146802,0.071001,-0.048859,-0.106299,-0.171006,0.2815,-0.480569,-0.174915,0.175304
0.416028,0.444702,-0.146802,0.071001,-0.048859,-0.106299,-0.171006,0.2815,-0.480569,-0.174915,0.175304,0.299246
0.409225,0.444702,0.071001,-0.048859,-0.106299,-0.171006,0.2815,-0.480569,-0.174915,0.175304,0.299246,-0.320781
0.406743,0.444702,-0.048859,-0.106299,-0.171006,0.2815,-0.480569,-0.174915,0.175304,0.299246,-0.320781,0.05624
0.409231,0.444702,-0.106299,-0.171006,0.2815,-0.480569,-0.174915,0.175304,0.299246,-0.320781,0.05624,-0.344826
0.413475,0.444702,-0.171006,0.2815,-0.480569,-0.174915,0.175304,0.299246,-0.320781,0.05624,-0.344826,0.100719
0.408924,0.448334,0.2815,-0.480569,-0.174915,0.175304,0.299246,-0.320781,0.05624,-0.344826,0.100719,-0.249006
0.409722,0.448334,-0.480569,-0.174915,0.175304,0.299246,-0.320781,0.05624,-0.344826,0.100719,-0.249006,0.427634
0.404826,0.448334,-0.174915,0.175304,0.299246,-0.320781,0.05624,-0.344826,0.100719,-0.249006,0.427634,-0.559994
0.406258,0.448334,0.175304,0.299246,-0.320781,0.05624,-0.344826,0.100719,-0.249006,0.427634,-0.559994,-0.219082
0.40271,0.448334,0.299246,-0.320781,0.05624,-0.344826,0.100719,-0.249006,0.427634,-0.559994,-0.219082,-0.211433
0.4088,0.448334,-0.320781,0.05624,-0.344826,0.100719,-0.249006,0.427634,-0.559994,-0.219082,-0.211433,0.028144
0.400828,0.448334,0.05624,-0.344826,0.100719,-0.249006,0.427634,-0.559994,-0.219082,-0.211433,0.028144,-0.259267
0.3977,0.448334,-0.344826,0.100719,-0.249006,0.427634,-0.559994,-0.219082,-0.211433,0.028144,-0.259267,-0.2623
0.394673,0.448334,0.100719,-0.249006,0.427634,-0.559994,-0.219082,-0.211433,0.028144,-0.259267,-0.2623,-0.142525
0.395077,0.448334,-0.249006,0.427634,-0.559994,-0.219082,-0.211433,0.028144,-0.259267,-0.2623,-0.142525,0.102137
0.391351,0.448334,0.427634,-0.559994,-0.219082,-0.211433,0.028144,-0.259267,-0.2623,-0.142525,0.102137,0.053525
0.387576,0.448334,-0.559994,-0.219082,-0.211433,0.028144,-0.259267,-0.2623,-0.142525,0.102137,0.053525,0.718599
0.385522,0.448334,-0.219082,-0.211433,0.028144,-0.259267,-0.2623,-0.142525,0.102137,0.053525,0.718599,-0.337502
0.386995,0.448334,-0.211433,0.028144,-0.259267,-0.2623,-0.142525,0.102137,0.053525,0.718599,-0.337502,-0.186287
0.387767,0.448334,0.028144,-0.259267,-0.2623,-0.142525,0.102137,0.053525,0.718599,-0.337502,-0.186287,0.200068
0.398096,0.448334,-0.259267,-0.2623,-0.142525,0.102137,0.053525,0.718599,-0.337502,-0.186287,0.200068,-0.089788
0.39326,0.448334,-0.2623,-0.142525,0.102137,0.053525,0.718599,-0.337502,-0.186287,0.200068,-0.089788,-0.140707
0.390586,0.448334,-0.142525,0.102137,0.053525,0.718599,-0.337502,-0.186287,0.200068,-0.089788,-0.140707,0.069179
0.393458,0.448334,0.102137,0.053525,0.718599,-0.337502,-0.186287,0.200068,-0.089788,-0.140707,0.069179,0.096561
0.392168,0.448334,0.053525,0.718599,-0.337502,-0.186287,0.200068,-0.089788,-0.140707,0.069179,0.096561,-0.137336
0.390143,0.448334,0.718599,-0.337502,-0.186287,0.200068,-0.089788,-0.140707,0.069179,0.096561,-0.137336,0.087149
0.391138,0.448334,-0.337502,-0.186287,0.200068,-0.089788,-0.140707,0.069179,0.096561,-0.137336,0.087149,0.49802
0.392524,0.448334,-0.186287,0.200068,-0.089788,-0.140707,0.069179,0.096561,-0.137336,0.087149,0.49802,-0.248937
0.390552,0.448334,0.200068,-0.089788,-0.140707,0.069179,0.096561,-0.137336,0.087149,0.49802,-0.248937,-0.258901
0.391805,0.448334,-0.089788,-0.140707,0.069179,0.096561,-0.137336,0.087149,0.49802,-0.248937,-0.258901,0.238649
0.398951,0.448334,-0.140707,0.069179,0.096561,-0.137336,0.087149,0.49802,-0.248937,-0.258901,0.238649,0.343191
0.395388,0.448334,0.069179,0.096561,-0.137336,0.087149,0.49802,-0.248937,-0.258901,0.238649,0.343191,-0.087101
0.391675,0.448334,0.096561,-0.137336,0.087149,0.49802,-0.248937,-0.258901,0.238649,0.343191,-0.087101,0.066976
0.395099,0.448334,-0.137336,0.087149,0.49802,-0.248937,-0.258901,0.238649,0.343191,-0.087101,0.066976,-0.013214
0.400014,0.448334,0.087149,0.49802,-0.248937,-0.258901,0.238649,0.343191,-0.087101,0.066976,-0.013214,-0.203887
0.398767,0.448334,0.49802,-0.248937,-0.258901,0.238649,0.343191,-0.087101,0.066976,-0.013214,-0.203887,-0.272365
0.399725,0.448334,-0.248937,-0.258901,0.238649,0.343191,-0.087101,0.066976,-0.013214,-0.203887,-0.272365,0.413585
0.399536,0.448334,-0.258901,0.238649,0.343191,-0.087101,0.066976,-0.013214,-0.203887,-0.272365,0.413585,-0.219061
0.396621,0.448334,0.238649,0.343191,-0.087101,0.066976,-0.013214,-0.203887,-0.272365,0.413585,-0.219061,-0.21251
0.392713,0.448334,0.343191,-0.087101,0.066976,-0.013214,-0.203887,-0.272365,0.413585,-0.219061,-0.21251,0.281566
0.398645,0.448334,-0.087101,0.066976,-0.013214,-0.203887,-0.272365,0.413585,-0.219061,-0.21251,0.281566,0.331193
0.39551,0.448334,0.066976,-0.013214,-0.203887,-0.272365,0.413585,-0.219061,-0.21251,0.281566,0.331193,-0.309097
0.392464,0.448334,-0.013214,-0.203887,-0.272365,0.413585,-0.219061,-0.21251,0.281566,0.331193,-0.309097,0.139207
0.396499,0.448334,-0.203887,-0.272365,0.413585,-0.219061,-0.21251,0.281566,0.331193,-0.309097,0.139207,-0.328673
0.401238,0.448334,-0.272365,0.413585,-0.219061,-0.21251,0.281566,0.331193,-0.309097,0.139207,-0.328673,0.180031
0.396815,0.448334,0.413585,-0.219061,-0.21251,0.281566,0.331193,-0.309097,0.139207,-0.328673,0.180031,-0.090768
0.398806,0.448334,-0.219061,-0.21251,0.281566,0.331193,-0.309097,0.139207,-0.328673,0.180031,-0.090768,0.765756
0.394103,0.448334,-0.21251,0.281566,0.331193,-0.309097,0.139207,-0.328673,0.180031,-0.090768,0.765756,-0.368575
0.396682,0.448334,0.281566,0.331193,-0.309097,0.139207,-0.328673,0.180031,-0.090768,0.765756,-0.368575,-0.214907
0.395381,0.448334,0.331193,-0.309097,0.139207,-0.328673,0.180031,-0.090768,0.765756,-0.368575,-0.214907,0.237165
0.406325,0.448334,-0.309097,0.139207,-0.328673,0.180031,-0.090768,0.765756,-0.368575,-0.214907,0.237165,0.351496
0.401074,0.448334,0.139207,-0.328673,0.180031,-0.090768,0.765756,-0.368575,-0.214907,0.237165,0.351496,-0.066214
0.398006,0.448334,-0.328673,0.180031,-0.090768,0.765756,-0.368575,-0.214907,0.237165,0.351496,-0.066214,0.064194
0.401392,0.448334,0.180031,-0.090768,0.765756,-0.368575,-0.214907,0.237165,0.351496,-0.066214,0.064194,0.078321
0.406403,0.448334,-0.090768,0.765756,-0.368575,-0.214907,0.237165,0.351496,-0.066214,0.064194,0.078321,-0.147236
0.40546,0.448334,0.765756,-0.368575,-0.214907,0.237165,0.351496,-0.066214,0.064194,0.078321,-0.147236,0.031927
0.406374,0.448334,-0.368575,-0.214907,0.237165,0.351496,-0.066214,0.064194,0.078321,-0.147236,0.031927,0.545119
0.407486,0.448334,-0.214907,0.237165,0.351496,-0.066214,0.064194,0.078321,-0.147236,0.031927,0.545119,-0.312443
0.405393,0.448334,0.237165,0.351496,-0.066214,0.064194,0.078321,-0.147236,0.031927,0.545119,-0.312443,-0.24455
0.405848,0.448334,0.351496,-0.066214,0.064194,0.078321,-0.147236,0.031927,0.545119,-0.312443,-0.24455,0.183716
0.41359,0.448334,-0.066214,0.064194,0.078321,-0.147236,0.031927,0.545119,-0.312443,-0.24455,0.183716,0.062335
0.409163,0.448334,0.064194,0.078321,-0.147236,0.031927,0.545119,-0.312443,-0.24455,0.183716,0.062335,-0.079488
0.405691,0.448334,0.078321,-0.147236,0.031927,0.545119,-0.312443,-0.24455,0.183716,0.062335,-0.079488,-0.339546
0.408301,0.456299,-0.147236,0.031927,0.545119,-0.312443,-0.24455,0.183716,0.062335,-0.079488,-0.339546,0.255993
0.409186,0.456299,0.031927,0.545119,-0.312443,-0.24455,0.183716,0.062335,-0.079488,-0.339546,0.255993,-0.181665
0.408056,0.456299,0.545119,-0.312443,-0.24455,0.183716,0.062335,-0.079488,-0.339546,0.255993,-0.181665,0.192275
0.403226,0.456299,-0.312443,-0.24455,0.183716,0.062335,-0.079488,-0.339546,0.255993,-0.181665,0.192275,0.53774
0.406866,0.456299,-0.24455,0.183716,0.062335,-0.079488,-0.339546,0.255993,-0.181665,0.192275,0.53774,-0.304275
0.404283,0.456299,0.183716,0.062335,-0.079488,-0.339546,0.255993,-0.181665,0.192275,0.53774,-0.304275,-0.240778
0.407021,0.456299,0.062335,-0.079488,-0.339546,0.255993,-0.181665,0.192275,0.53774,-0.304275,-0.240778,0.232326
0.414651,0.456299,-0.079488,-0.339546,0.255993,-0.181665,0.192275,0.53774,-0.304275,-0.240778,0.232326,0.053595
0.410344,0.456299,-0.339546,0.255993,-0.181665,0.192275,0.53774,-0.304275,-0.240778,0.232326,0.053595,-0.384305
0.406928,0.456299,0.255993,-0.181665,0.192275,0.53774,-0.304275,-0.240778,0.232326,0.053595,-0.384305,-0.33793
0.410225,0.456299,-0.181665,0.192275,0.53774,-0.304275,-0.240778,0.232326,0.053595,-0.384305,-0.33793,-0.184813
0.410985,0.456299,0.192275,0.53774,-0.304275,-0.240778,0.232326,0.053595,-0.384305,-0.33793,-0.184813,0.082607
0.405522,0.456299,0.53774,-0.304275,-0.240778,0.232326,0.053595,-0.384305,-0.33793,-0.184813,0.082607,0.015101
0.400706,0.456299,-0.304275,-0.240778,0.232326,0.053595,-0.384305,-0.33793,-0.184813,0.082607,0.015101,0.654826
0.398067,0.456299,-0.240778,0.232326,0.053595,-0.384305,-0.33793,-0.184813,0.082607,0.015101,0.654826,-0.344342
0.399247,0.456299,0.232326,0.053595,-0.384305,-0.33793,-0.184813,0.082607,0.015101,0.654826,-0.344342,-0.177382
0.399463,0.456299,0.053595,-0.384305,-0.33793,-0.184813,0.082607,0.015101,0.654826,-0.344342,-0.177382,0.190996
0.4088,0.456299,-0.384305,-0.33793,-0.184813,0.082607,0.015101,0.654826,-0.344342,-0.177382,0.190996,0.375038
0.403904,0.456299,-0.33793,-0.184813,0.082607,0.015101,0.654826,-0.344342,-0.177382,0.190996,0.375038,-0.439213
0.401377,0.456299,-0.184813,0.082607,0.015101,0.654826,-0.344342,-0.177382,0.190996,0.375038,-0.439213,-0.100404
0.404098,0.456299,0.082607,0.015101,0.654826,-0.344342,-0.177382,0.190996,0.375038,-0.439213,-0.100404,-0.598525
0.409434,0.456299,0.015101,0.654826,-0.344342,-0.177382,0.190996,0.375038,-0.439213,-0.100404,-0.598525,-0.040595
0.403181,0.456299,0.654826,-0.344342,-0.177382,0.190996,0.375038,-0.439213,-0.100404,-0.598525,-0.040595,-0.055931
0.40175,0.456299,-0.344342,-0.177382,0.190996,0.375038,-0.439213,-0.100404,-0.598525,-0.040595,-0.055931,0.622133
0.393192,0.456299,-0.177382,0.190996,0.375038,-0.439213,-0.100404,-0.598525,-0.040595,-0.055931,0.622133,-0.275313
0.392609,0.456299,0.190996,0.375038,-0.439213,-0.100404,-0.598525,-0.040595,-0.055931,0.622133,-0.275313,-0.289262
0.391805,0.459686,0.375038,-0.439213,-0.100404,-0.598525,-0.040595,-0.055931,0.622133,-0.275313,-0.289262,-0.200403
0.400726,0.459686,-0.439213,-0.100404,-0.598525,-0.040595,-0.055931,0.622133,-0.275313,-0.289262,-0.200403,0.003278
0.39679,0.459686,-0.100404,-0.598525,-0.040595,-0.055931,0.622133,-0.275313,-0.289262,-0.200403,0.003278,0.014498
0.392646,0.459686,-0.598525,-0.040595,-0.055931,0.622133,-0.275313,-0.289262,-0.200403,0.003278,0.014498,-0.257502
0.389766,0.459686,-0.040595,-0.055931,0.622133,-0.275313,-0.289262,-0.200403,0.003278,0.014498,-0.257502,0.246424
0.389814,0.459686,-0.055931,0.622133,-0.275313,-0.289262,-0.200403,0.003278,0.014498,-0.257502,0.246424,-0.169797
0.390022,0.459686,0.622133,-0.275313,-0.289262,-0.200403,0.003278,0.014498,-0.257502,0.246424,-0.169797,0.170524
0.386313,0.459686,-0.275313,-0.289262,-0.200403,0.003278,0.014498,-0.257502,0.246424,-0.169797,0.170524,0.542634
0.38986,0.459686,-0.289262,-0.200403,0.003278,0.014498,-0.257502,0.246424,-0.169797,0.170524,0.542634,-0.366812
0.387416,0.459686,-0.200403,0.003278,0.014498,-0.257502,0.246424,-0.169797,0.170524,0.542634,-0.366812,-0.194358
0.389874,0.459686,0.003278,0.014498,-0.257502,0.246424,-0.169797,0.170524,0.542634,-0.366812,-0.194358,0.225059
0.397668,0.459686,0.014498,-0.257502,0.246424,-0.169797,0.170524,0.542634,-0.366812,-0.194358,0.225059,0.375871
0.39241,0.459686,-0.257502,0.246424,-0.169797,0.170524,0.542634,-0.366812,-0.194358,0.225059,0.375871,-0.248133
0.389618,0.459686,0.246424,-0.169797,0.170524,0.542634,-0.366812,-0.194358,0.225059,0.375871,-0.248133,0.142644
0.392852,0.459686,-0.169797,0.170524,0.542634,-0.366812,-0.194358,0.225059,0.375871,-0.248133,0.142644,-0.077108
0.398242,0.459686,0.170524,0.542634,-0.366812,-0.194358,0.225059,0.375871,-0.248133,0.142644,-0.077108,-0.134249
0.394685,0.459686,0.542634,-0.366812,-0.194358,0.225059,0.375871,-0.248133,0.142644,-0.077108,-0.134249,-0.005576
0.396729,0.459686,-0.366812,-0.194358,0.225059,0.375871,-0.248133,0.142644,-0.077108,-0.134249,-0.005576,0.517266
0.395625,0.459686,-0.194358,0.225059,0.375871,-0.248133,0.142644,-0.077108,-0.134249,-0.005576,0.517266,-0.309572
0.393701,0.459686,0.225059,0.375871,-0.248133,0.142644,-0.077108,-0.134249,-0.005576,0.517266,-0.309572,-0.276463
0.393621,0.459686,0.375871,-0.248133,0.142644,-0.077108,-0.134249,-0.005576,0.517266,-0.309572,-0.276463,0.200807
0.401032,0.459686,-0.248133,0.142644,-0.077108,-0.134249,-0.005576,0.517266,-0.309572,-0.276463,0.200807,-0.018508
0.396607,0.459686,0.142644,-0.077108,-0.134249,-0.005576,0.517266,-0.309572,-0.276463,0.200807,-0.018508,-0.301376
0.392646,0.459686,-0.077108,-0.134249,-0.005576,0.517266,-0.309572,-0.276463,0.200807,-0.018508,-0.301376,-0.353795
0.395525,0.459686,-0.134249,-0.005576,0.517266,-0.309572,-0.276463,0.200807,-0.018508,-0.301376,-0.353795,-0.14203
0.395259,0.459686,-0.005576,0.517266,-0.309572,-0.276463,0.200807,-0.018508,-0.301376,-0.353795,-0.14203,0.097722
0.390928,0.459686,0.517266,-0.309572,-0.276463,0.200807,-0.018508,-0.301376,-0.353795,-0.14203,0.097722,-0.00454
0.385832,0.459686,-0.309572,-0.276463,0.200807,-0.018508,-0.301376,-0.353795,-0.14203,0.097722,-0.00454,0.642314
0.383783,0.459686,-0.276463,0.200807,-0.018508,-0.301376,-0.353795,-0.14203,0.097722,-0.00454,0.642314,-0.322568
0.385194,0.459686,0.200807,-0.018508,-0.301376,-0.353795,-0.14203,0.097722,-0.00454,0.642314,-0.322568,-0.305904
0.385128,0.459686,-0.018508,-0.301376,-0.353795,-0.14203,0.097722,-0.00454,0.642314,-0.322568,-0.305904,-0.229798
0.394381,0.459686,-0.301376,-0.353795,-0.14203,0.097722,-0.00454,0.642314,-0.322568,-0.305904,-0.229798,0.397498
0.389747,0.459686,-0.353795,-0.14203,0.097722,-0.00454,0.642314,-0.322568,-0.305904,-0.229798,0.397498,-0.16457
0.385342,0.459686,-0.14203,0.097722,-0.00454,0.642314,-0.322568,-0.305904,-0.229798,0.397498,-0.16457,0.184954
0.382023,0.459686,0.097722,-0.00454,0.642314,-0.322568,-0.305904,-0.229798,0.397498,-0.16457,0.184954,-0.071715
0.387767,0.459686,-0.00454,0.642314,-0.322568,-0.305904,-0.229798,0.397498,-0.16457,0.184954,-0.071715,0.03546
0.385391,0.459686,0.642314,-0.322568,-0.305904,-0.229798,0.397498,-0.16457,0.184954,-0.071715,0.03546,-0.054757
0.388058,0.459686,-0.322568,-0.305904,-0.229798,0.397498,-0.16457,0.184954,-0.071715,0.03546,-0.054757,0.483807
0.387026,0.459686,-0.305904,-0.229798,0.397498,-0.16457,0.184954,-0.071715,0.03546,-0.054757,0.483807,-0.284418
0.387536,0.459686,-0.229798,0.397498,-0.16457,0.184954,-0.071715,0.03546,-0.054757,0.483807,-0.284418,-0.272517
0.386746,0.459686,0.397498,-0.16457,0.184954,-0.071715,0.03546,-0.054757,0.483807,-0.284418,-0.272517,0.231823
0.393714,0.459686,-0.16457,0.184954,-0.071715,0.03546,-0.054757,0.483807,-0.284418,-0.272517,0.231823,-0.030077
0.389627,0.459686,0.184954,-0.071715,0.03546,-0.054757,0.483807,-0.284418,-0.272517,0.231823,-0.030077,-0.060751
0.385703,0.459686,-0.071715,0.03546,-0.054757,0.483807,-0.284418,-0.272517,0.231823,-0.030077,-0.060751,-0.351653
0.389042,0.459686,0.03546,-0.054757,0.483807,-0.284418,-0.272517,0.231823,-0.030077,-0.060751,-0.351653,0.202707
0.388609,0.459686,-0.054757,0.483807,-0.284418,-0.272517,0.231823,-0.030077,-0.060751,-0.351653,0.202707,-0.167933
0.387733,0.459686,0.483807,-0.284418,-0.272517,0.231823,-0.030077,-0.060751,-0.351653,0.202707,-0.167933,0.09486
0.382656,0.459686,-0.284418,-0.272517,0.231823,-0.030077,-0.060751,-0.351653,0.202707,-0.167933,0.09486,0.531816
0.385583,0.459686,-0.272517,0.231823,-0.030077,-0.060751,-0.351653,0.202707,-0.167933,0.09486,0.531816,-0.32126
0.383158,0.459686,0.231823,-0.030077,-0.060751,-0.351653,0.202707,-0.167933,0.09486,0.531816,-0.32126,-0.221551
0.38453,0.459686,-0.030077,-0.060751,-0.351653,0.202707,-0.167933,0.09486,0.531816,-0.32126,-0.221551,0.189484
0.392199,0.459686,-0.060751,-0.351653,0.202707,-0.167933,0.09486,0.531816,-0.32126,-0.221551,0.189484,0.376081
0.387576,0.459686,-0.351653,0.202707,-0.167933,0.09486,0.531816,-0.32126,-0.221551,0.189484,0.376081,-0.212027
0.384382,0.459686,0.202707,-0.167933,0.09486,0.531816,-0.32126,-0.221551,0.189484,0.376081,-0.212027,0.123733
0.387115,0.459686,-0.167933,0.09486,0.531816,-0.32126,-0.221551,0.189484,0.376081,-0.212027,0.123733,-0.219042
0.392531,0.459686,0.09486,0.531816,-0.32126,-0.221551,0.189484,0.376081,-0.212027,0.123733,-0.219042,-0.326723
0.389479,0.44809,0.531816,-0.32126,-0.221551,0.189484,0.376081,-0.212027,0.123733,-0.219042,-0.326723,-0.148456
0.391259,0.44809,-0.32126,-0.221551,0.189484,0.376081,-0.212027,0.123733,-0.219042,-0.326723,-0.148456,0.615699
0.38811,0.44809,-0.221551,0.189484,0.376081,-0.212027,0.123733,-0.219042,-0.326723,-0.148456,0.615699,-0.357439
0.383397,0.44809,0.189484,0.376081,-0.212027,0.123733,-0.219042,-0.326723,-0.148456,0.615699,-0.357439,-0.170767
0.381248,0.44809,0.376081,-0.212027,0.123733,-0.219042,-0.326723,-0.148456,0.615699,-0.357439,-0.170767,0.155633
0.390143,0.44809,-0.212027,0.123733,-0.219042,-0.326723,-0.148456,0.615699,-0.357439,-0.170767,0.155633,0.328383
0.384992,0.44809,0.123733,-0.219042,-0.326723,-0.148456,0.615699,-0.357439,-0.170767,0.155633,0.328383,-0.123415
0.382526,0.44809,-0.219042,-0.326723,-0.148456,0.615699,-0.357439,-0.170767,0.155633,0.328383,-0.123415,0.085382
0.384774,0.44809,-0.326723,-0.148456,0.615699,-0.357439,-0.170767,0.155633,0.328383,-0.123415,0.085382,-0.008983
0.389512,0.44809,-0.148456,0.615699,-0.357439,-0.170767,0.155633,0.328383,-0.123415,0.085382,-0.008983,-0.085901
0.387733,0.44809,0.615699,-0.357439,-0.170767,0.155633,0.328383,-0.123415,0.085382,-0.008983,-0.085901,-0.12539
0.388963,0.44809,-0.357439,-0.170767,0.155633,0.328383,-0.123415,0.085382,-0.008983,-0.085901,-0.12539,0.226651
0.388833,0.44809,-0.170767,0.155633,0.328383,-0.123415,0.085382,-0.008983,-0.085901,-0.12539,0.226651,-0.493172
0.387597,0.44809,0.155633,0.328383,-0.123415,0.085382,-0.008983,-0.085901,-0.12539,0.226651,-0.493172,-0.243626
0.385787,0.44809,0.328383,-0.123415,0.085382,-0.008983,-0.085901,-0.12539,0.226651,-0.493172,-0.243626,-0.213686
0.389057,0.44809,-0.123415,0.085382,-0.008983,-0.085901,-0.12539,0.226651,-0.493172,-0.243626,-0.213686,0.257247
0.381939,0.44809,0.085382,-0.008983,-0.085901,-0.12539,0.226651,-0.493172,-0.243626,-0.213686,0.257247,-0.267744
0.378412,0.44809,-0.008983,-0.085901,-0.12539,0.226651,-0.493172,-0.243626,-0.213686,0.257247,-0.267744,0.114602
0.37531,0.44809,-0.085901,-0.12539,0.226651,-0.493172,-0.243626,-0.213686,0.257247,-0.267744,0.114602,-0.322057
0.379049,0.44809,-0.12539,0.226651,-0.493172,-0.243626,-0.213686,0.257247,-0.267744,0.114602,-0.322057,0.156927
0.375156,0.44809,0.226651,-0.493172,-0.243626,-0.213686,0.257247,-0.267744,0.114602,-0.322057,0.156927,-0.200966
0.376822,0.44809,-0.493172,-0.243626,-0.213686,0.257247,-0.267744,0.114602,-0.322057,0.156927,-0.200966,0.389438
0.37214,0.44809,-0.243626,-0.213686,0.257247,-0.267744,0.114602,-0.322057,0.156927,-0.200966,0.389438,-0.465598
0.374424,0.44809,-0.213686,0.257247,-0.267744,0.114602,-0.322057,0.156927,-0.200966,0.389438,-0.465598,-0.137715
0.371494,0.44809,0.257247,-0.267744,0.114602,-0.322057,0.156927,-0.200966,0.389438,-0.465598,-0.137715,0.280972
0.377167,0.44809,-0.267744,0.114602,-0.322057,0.156927,-0.200966,0.389438,-0.465598,-0.137715,0.280972,0.264094
0.37039,0.442352,0.114602,-0.322057,0.156927,-0.200966,0.389438,-0.465598,-0.137715,0.280972,0.264094,-0.294558
0.368381,0.442352,-0.322057,0.156927,-0.200966,0.389438,-0.465598,-0.137715,0.280972,0.264094,-0.294558,0.012363
0.372479,0.442352,0.156927,-0.200966,0.389438,-0.465598,-0.137715,0.280972,0.264094,-0.294558,0.012363,-0.314939
0.376324,0.442352,-0.200966,0.389438,-0.465598,-0.137715,0.280972,0.264094,-0.294558,0.012363,-0.314939,0.095456
0.372033,0.442352,0.389438,-0.465598,-0.137715,0.280972,0.264094,-0.294558,0.012363,-0.314939,0.095456,-0.066576
0.372213,0.442352,-0.465598,-0.137715,0.280972,0.264094,-0.294558,0.012363,-0.314939,0.095456,-0.066576,0.564707
0.367619,0.442352,-0.137715,0.280972,0.264094,-0.294558,0.012363,-0.314939,0.095456,-0.066576,0.564707,-0.251143
0.369014,0.442352,0.280972,0.264094,-0.294558,0.012363,-0.314939,0.095456,-0.066576,0.564707,-0.251143,-0.255029
0.36804,0.442352,0.264094,-0.294558,0.012363,-0.314939,0.095456,-0.066576,0.564707,-0.251143,-0.255029,0.216569
0.376279,0.442352,-0.294558,0.012363,-0.314939,0.095456,-0.066576,0.564707,-0.251143,-0.255029,0.216569,0.215208
0.372625,0.442352,0.012363,-0.314939,0.095456,-0.066576,0.564707,-0.251143,-0.255029,0.216569,0.215208,-0.023431
0.368908,0.442352,-0.314939,0.095456,-0.066576,0.564707,-0.251143,-0.255029,0.216569,0.215208,-0.023431,0.061521
0.372067,0.442352,0.095456,-0.066576,0.564707,-0.251143,-0.255029,0.216569,0.215208,-0.023431,0.061521,-0.004976
0.375202,0.442352,-0.066576,0.564707,-0.251143,-0.255029,0.216569,0.215208,-0.023431,0.061521,-0.004976,-0.102859
0.374861,0.442352,0.564707,-0.251143,-0.255029,0.216569,0.215208,-0.023431,0.061521,-0.004976,-0.102859,0.025092
0.375756,0.442352,-0.251143,-0.255029,0.216569,0.215208,-0.023431,0.061521,-0.004976,-0.102859,0.025092,0.48263
0.375683,0.442352,-0.255029,0.216569,0.215208,-0.023431,0.061521,-0.004976,-0.102859,0.025092,0.48263,-0.3108
0.374188,0.442352,0.216569,0.215208,-0.023431,0.061521,-0.004976,-0.102859,0.025092,0.48263,-0.3108,-0.233041
0.374553,0.442352,0.215208,-0.023431,0.061521,-0.004976,-0.102859,0.025092,0.48263,-0.3108,-0.233041,0.202177
0.381565,0.442352,-0.023431,0.061521,-0.004976,-0.102859,0.025092,0.48263,-0.3108,-0.233041,0.202177,0.261936
0.377059,0.442352,0.061521,-0.004976,-0.102859,0.025092,0.48263,-0.3108,-0.233041,0.202177,0.261936,-0.101174
0.373673,0.442352,-0.004976,-0.102859,0.025092,0.48263,-0.3108,-0.233041,0.202177,0.261936,-0.101174,0.082988
0.376612,0.442352,-0.102859,0.025092,0.48263,-0.3108,-0.233041,0.202177,0.261936,-0.101174,0.082988,0.015673
0.380415,0.442352,0.025092,0.48263,-0.3108,-0.233041,0.202177,0.261936,-0.101174,0.082988,0.015673,-0.100156
0.378947,0.442352,0.48263,-0.3108,-0.233041,0.202177,0.261936,-0.101174,0.082988,0.015673,-0.100156,0.000292
0.38015,0.442352,-0.3108,-0.233041,0.202177,0.261936,-0.101174,0.082988,0.015673,-0.100156,0.000292,0.508357
0.380377,0.442352,-0.233041,0.202177,0.261936,-0.101174,0.082988,0.015673,-0.100156,0.000292,0.508357,-0.334198
0.378926,0.442352,0.202177,0.261936,-0.101174,0.082988,0.015673,-0.100156,0.000292,0.508357,-0.334198,-0.23519
0.37893,0.442352,0.261936,-0.101174,0.082988,0.015673,-0.100156,0.000292,0.508357,-0.334198,-0.23519,0.154433
0.386291,0.442352,-0.101174,0.082988,0.015673,-0.100156,0.000292,0.508357,-0.334198,-0.23519,0.154433,0.296724
0.381462,0.442352,0.082988,0.015673,-0.100156,0.000292,0.508357,-0.334198,-0.23519,0.154433,0.296724,-0.143054
0.378056,0.442352,0.015673,-0.100156,0.000292,0.508357,-0.334198,-0.23519,0.154433,0.296724,-0.143054,0.063248
0.380294,0.442352,-0.100156,0.000292,0.508357,-0.334198,-0.23519,0.154433,0.296724,-0.143054,0.063248,-0.017308
0.38459,0.442352,0.000292,0.508357,-0.334198,-0.23519,0.154433,0.296724,-0.143054,0.063248,-0.017308,-0.105085
0.38252,0.442352,0.508357,-0.334198,-0.23519,0.154433,0.296724,-0.143054,0.063248,-0.017308,-0.105085,0.016451
0.383434,0.442352,-0.334198,-0.23519,0.154433,0.296724,-0.143054,0.063248,-0.017308,-0.105085,0.016451,0.449168
0.383184,0.442352,-0.23519,0.154433,0.296724,-0.143054,0.063248,-0.017308,-0.105085,0.016451,0.449168,-0.294091
0.381665,0.442352,0.154433,0.296724,-0.143054,0.063248,-0.017308,-0.105085,0.016451,0.449168,-0.294091,-0.244736
0.381903,0.442352,0.296724,-0.143054,0.063248,-0.017308,-0.105085,0.016451,0.449168,-0.294091,-0.244736,0.171657
0.388395,0.442352,-0.143054,0.063248,-0.017308,-0.105085,0.016451,0.449168,-0.294091,-0.244736,0.171657,0.252454
0.384153,0.442352,0.063248,-0.017308,-0.105085,0.016451,0.449168,-0.294091,-0.244736,0.171657,0.252454,-0.147723
0.380615,0.442352,-0.017308,-0.105085,0.016451,0.449168,-0.294091,-0.244736,0.171657,0.252454,-0.147723,0.067877
0.383098,0.442352,-0.105085,0.016451,0.449168,-0.294091,-0.244736,0.171657,0.252454,-0.147723,0.067877,-0.029803
0.386746,0.442352,0.016451,0.449168,-0.294091,-0.244736,0.171657,0.252454,-0.147723,0.067877,-0.029803,-0.130527
0.384612,0.442352,0.449168,-0.294091,-0.244736,0.171657,0.252454,-0.147723,0.067877,-0.029803,-0.130527,-0.131965
0.385592,0.442352,-0.294091,-0.244736,0.171657,0.252454,-0.147723,0.067877,-0.029803,-0.130527,-0.131965,0.23247
0.385162,0.442352,-0.244736,0.171657,0.252454,-0.147723,0.067877,-0.029803,-0.130527,-0.131965,0.23247,-0.460345
0.383278,0.442352,0.171657,0.252454,-0.147723,0.067877,-0.029803,-0.130527,-0.131965,0.23247,-0.460345,-0.233537
0.381367,0.442352,0.252454,-0.147723,0.067877,-0.029803,-0.130527,-0.131965,0.23247,-0.460345,-0.233537,-0.223805
0.384732,0.442352,-0.147723,0.067877,-0.029803,-0.130527,-0.131965,0.23247,-0.460345,-0.233537,-0.223805,0.243336
0.378068,0.442352,0.067877,-0.029803,-0.130527,-0.131965,0.23247,-0.460345,-0.233537,-0.223805,0.243336,-0.015335
0.374678,0.442352,-0.029803,-0.130527,-0.131965,0.23247,-0.460345,-0.233537,-0.223805,0.243336,-0.015335,0.081862
0.37142,0.434387,-0.130527,-0.131965,0.23247,-0.460345,-0.233537,-0.223805,0.243336,-0.015335,0.081862,0.011343
0.374966,0.434387,-0.131965,0.23247,-0.460345,-0.233537,-0.223805,0.243336,-0.015335,0.081862,0.011343,-0.058285
0.374743,0.434387,0.23247,-0.460345,-0.233537,-0.223805,0.243336,-0.015335,0.081862,0.011343,-0.058285,0.061588
0.375933,0.434387,-0.460345,-0.233537,-0.223805,0.243336,-0.015335,0.081862,0.011343,-0.058285,0.061588,0.46793
0.376098,0.434387,-0.233537,-0.223805,0.243336,-0.015335,0.081862,0.011343,-0.058285,0.061588,0.46793,-0.295222
0.375251,0.434387,-0.223805,0.243336,-0.015335,0.081862,0.011343,-0.058285,0.061588,0.46793,-0.295222,-0.258258
0.376147,0.434387,0.243336,-0.015335,0.081862,0.011343,-0.058285,0.061588,0.46793,-0.295222,-0.258258,0.202651
0.382938,0.434387,-0.015335,0.081862,0.011343,-0.058285,0.061588,0.46793,-0.295222,-0.258258,0.202651,0.217306
0.378662,0.434387,0.081862,0.011343,-0.058285,0.061588,0.46793,-0.295222,-0.258258,0.202651,0.217306,-0.158556
0.374914,0.434387,0.011343,-0.058285,0.061588,0.46793,-0.295222,-0.258258,0.202651,0.217306,-0.158556,-0.125967
0.377857,0.434387,-0.058285,0.061588,0.46793,-0.295222,-0.258258,0.202651,0.217306,-0.158556,-0.125967,-0.216731
0.38101,0.434387,0.061588,0.46793,-0.295222,-0.258258,0.202651,0.217306,-0.158556,-0.125967,-0.216731,-0.271537
0.378709,0.434387,0.46793,-0.295222,-0.258258,0.202651,0.217306,-0.158556,-0.125967,-0.216731,-0.271537,0.10564
0.376881,0.434387,-0.295222,-0.258258,0.202651,0.217306,-0.158556,-0.125967,-0.216731,-0.271537,0.10564,0.413728
0.373732,0.434387,-0.258258,0.202651,0.217306,-0.158556,-0.125967,-0.216731,-0.271537,0.10564,0.413728,-0.239474
0.369776,0.434387,0.202651,0.217306,-0.158556,-0.125967,-0.216731,-0.271537,0.10564,0.413728,-0.239474,-0.231506
0.371318,0.434387,0.217306,-0.158556,-0.125967,-0.216731,-0.271537,0.10564,0.413728,-0.239474,-0.231506,0.180753
0.377345,0.434387,-0.158556,-0.125967,-0.216731,-0.271537,0.10564,0.413728,-0.239474,-0.231506,0.180753,0.004958
0.373864,0.434387,-0.125967,-0.216731,-0.271537,0.10564,0.413728,-0.239474,-0.231506,0.180753,0.004958,-0.087987
0.370493,0.434387,-0.216731,-0.271537,0.10564,0.413728,-0.239474,-0.231506,0.180753,0.004958,-0.087987,-0.289181
0.373126,0.434387,-0.271537,0.10564,0.413728,-0.239474,-0.231506,0.180753,0.004958,-0.087987,-0.289181,0.183737
0.373199,0.434387,0.10564,0.413728,-0.239474,-0.231506,0.180753,0.004958,-0.087987,-0.289181,0.183737,-0.205424
0.371915,0.434387,0.413728,-0.239474,-0.231506,0.180753,0.004958,-0.087987,-0.289181,0.183737,-0.205424,-0.026362
0.367694,0.434387,-0.239474,-0.231506,0.180753,0.004958,-0.087987,-0.289181,0.183737,-0.205424,-0.026362,0.204266
0.370375,0.434387,-0.231506,0.180753,0.004958,-0.087987,-0.289181,0.183737,-0.205424,-0.026362,0.204266,-0.458984
0.367376,0.434387,0.180753,0.004958,-0.087987,-0.289181,0.183737,-0.205424,-0.026362,0.204266,-0.458984,-0.135746
0.36699,0.434387,0.004958,-0.087987,-0.289181,0.183737,-0.205424,-0.026362,0.204266,-0.458984,-0.135746,0.138126
0.369978,0.43869,-0.087987,-0.289181,0.183737,-0.205424,-0.026362,0.204266,-0.458984,-0.135746,0.138126,0.367566
0.363262,0.43869,-0.289181,0.183737,-0.205424,-0.026362,0.204266,-0.458984,-0.135746,0.138126,0.367566,-0.127287
0.361271,0.43869,0.183737,-0.205424,-0.026362,0.204266,-0.458984,-0.135746,0.138126,0.367566,-0.127287,0.087759
0.363298,0.43869,-0.205424,-0.026362,0.204266,-0.458984,-0.135746,0.138126,0.367566,-0.127287,0.087759,-0.029104
0.368683,0.43869,-0.026362,0.204266,-0.458984,-0.135746,0.138126,0.367566,-0.127287,0.087759,-0.029104,-0.088576
0.36682,0.43869,0.204266,-0.458984,-0.135746,0.138126,0.367566,-0.127287,0.087759,-0.029104,-0.088576,0.033486
0.368103,0.43869,-0.458984,-0.135746,0.138126,0.367566,-0.127287,0.087759,-0.029104,-0.088576,0.033486,0.437674
0.367678,0.43869,-0.135746,0.138126,0.367566,-0.127287,0.087759,-0.029104,-0.088576,0.033486,0.437674,-0.545703
0.366383,0.43869,0.138126,0.367566,-0.127287,0.087759,-0.029104,-0.088576,0.033486,0.437674,-0.545703,-0.215549
0.366873,0.43869,0.367566,-0.127287,0.087759,-0.029104,-0.088576,0.033486,0.437674,-0.545703,-0.215549,-0.173687
0.373269,0.43869,-0.127287,0.087759,-0.029104,-0.088576,0.033486,0.437674,-0.545703,-0.215549,-0.173687,0.440393
0.365299,0.43869,0.087759,-0.029104,-0.088576,0.033486,0.437674,-0.545703,-0.215549,-0.173687,0.440393,-0.245321
0.362141,0.43869,-0.029104,-0.088576,0.033486,0.437674,-0.545703,-0.215549,-0.173687,0.440393,-0.245321,0.213728
0.35959,0.43869,-0.088576,0.033486,0.437674,-0.545703,-0.215549,-0.173687,0.440393,-0.245321,0.213728,-0.072799
0.366057,0.43869,0.033486,0.437674,-0.545703,-0.215549,-0.173687,0.440393,-0.245321,0.213728,-0.072799,-0.02032
0.362457,0.43869,0.437674,-0.545703,-0.215549,-0.173687,0.440393,-0.245321,0.213728,-0.072799,-0.02032,0.017703
0.365591,0.43869,-0.545703,-0.215549,-0.173687,0.440393,-0.245321,0.213728,-0.072799,-0.02032,0.017703,0.475442
0.364525,0.43869,-0.215549,-0.173687,0.440393,-0.245321,0.213728,-0.072799,-0.02032,0.017703,0.475442,-0.22091
0.364228,0.43869,-0.173687,0.440393,-0.245321,0.213728,-0.072799,-0.02032,0.017703,0.475442,-0.22091,-0.320242
0.364487,0.43869,0.440393,-0.245321,0.213728,-0.072799,-0.02032,0.017703,0.475442,-0.22091,-0.320242,0.290326
0.371445,0.43869,-0.245321,0.213728,-0.072799,-0.02032,0.017703,0.475442,-0.22091,-0.320242,0.290326,0.181553
0.36822,0.43869,0.213728,-0.072799,-0.02032,0.017703,0.475442,-0.22091,-0.320242,0.290326,0.181553,-0.11166
0.363536,0.43869,-0.072799,-0.02032,0.017703,0.475442,-0.22091,-0.320242,0.290326,0.181553,-0.11166,0.052142
0.367785,0.43869,-0.02032,0.017703,0.475442,-0.22091,-0.320242,0.290326,0.181553,-0.11166,0.052142,-0.005042
0.370439,0.43869,0.017703,0.475442,-0.22091,-0.320242,0.290326,0.181553,-0.11166,0.052142,-0.005042,-0.077039
0.368807,0.43869,0.475442,-0.22091,-0.320242,0.290326,0.181553,-0.11166,0.052142,-0.005042,-0.077039,-0.010549
0.369568,0.43869,-0.22091,-0.320242,0.290326,0.181553,-0.11166,0.052142,-0.005042,-0.077039,-0.010549,0.459327
0.369495,0.43869,-0.320242,0.290326,0.181553,-0.11166,0.052142,-0.005042,-0.077039,-0.010549,0.459327,-0.27068
0.36837,0.43869,0.290326,0.181553,-0.11166,0.052142,-0.005042,-0.077039,-0.010549,0.459327,-0.27068,-0.30614
0.368216,0.43869,0.181553,-0.11166,0.052142,-0.005042,-0.077039,-0.010549,0.459327,-0.27068,-0.30614,-0.215302
0.37492,0.43869,-0.11166,0.052142,-0.005042,-0.077039,-0.010549,0.459327,-0.27068,-0.30614,-0.215302,0.279776
0.370978,0.43869,0.052142,-0.005042,-0.077039,-0.010549,0.459327,-0.27068,-0.30614,-0.215302,0.279776,-0.130992
0.366508,0.43869,-0.005042,-0.077039,-0.010549,0.459327,-0.27068,-0.30614,-0.215302,0.279776,-0.130992,0.183386
0.363356,0.43869,-0.077039,-0.010549,0.459327,-0.27068,-0.30614,-0.215302,0.279776,-0.130992,0.183386,-0.025107
0.367457,0.43869,-0.010549,0.459327,-0.27068,-0.30614,-0.215302,0.279776,-0.130992,0.183386,-0.025107,-0.048696
0.365537,0.43869,0.459327,-0.27068,-0.30614,-0.215302,0.279776,-0.130992,0.183386,-0.025107,-0.048696,0.029468
0.36822,0.43869,-0.27068,-0.30614,-0.215302,0.279776,-0.130992,0.183386,-0.025107,-0.048696,0.029468,0.192509
0.367854,0.43869,-0.30614,-0.215302,0.279776,-0.130992,0.183386,-0.025107,-0.048696,0.029468,0.192509,-0.144452
0.367142,0.43869,-0.215302,0.279776,-0.130992,0.183386,-0.025107,-0.048696,0.029468,0.192509,-0.144452,-0.675512
0.367573,0.43869,0.279776,-0.130992,0.183386,-0.025107,-0.048696,0.029468,0.192509,-0.144452,-0.675512,0.430136
0.370389,0.43869,-0.130992,0.183386,-0.025107,-0.048696,0.029468,0.192509,-0.144452,-0.675512,0.430136,-0.325366
0.368279,0.43869,0.183386,-0.025107,-0.048696,0.029468,0.192509,-0.144452,-0.675512,0.430136,-0.325366,-0.246334
0.358378,0.43869,-0.025107,-0.048696,0.029468,0.192509,-0.144452,-0.675512,0.430136,-0.325366,-0.246334,0.073101
0.364693,0.43869,-0.048696,0.029468,0.192509,-0.144452,-0.675512,0.430136,-0.325366,-0.246334,0.073101,-0.285802
0.359913,0.43869,0.029468,0.192509,-0.144452,-0.675512,0.430136,-0.325366,-0.246334,0.073101,-0.285802,0.171269
0.356282,0.43869,0.192509,-0.144452,-0.675512,0.430136,-0.325366,-0.246334,0.073101,-0.285802,0.171269,-0.070978
0.357359,0.43869,-0.144452,-0.675512,0.430136,-0.325366,-0.246334,0.073101,-0.285802,0.171269,-0.070978,0.677857
0.353145,0.43869,-0.675512,0.430136,-0.325366,-0.246334,0.073101,-0.285802,0.171269,-0.070978,0.677857,-0.332436
0.355673,0.43869,0.430136,-0.325366,-0.246334,0.073101,-0.285802,0.171269,-0.070978,0.677857,-0.332436,-0.170031
0.354625,0.442871,-0.325366,-0.246334,0.073101,-0.285802,0.171269,-0.070978,0.677857,-0.332436,-0.170031,0.207933
0.364606,0.442871,-0.246334,0.073101,-0.285802,0.171269,-0.070978,0.677857,-0.332436,-0.170031,0.207933,0.270304
0.359726,0.442871,0.073101,-0.285802,0.171269,-0.070978,0.677857,-0.332436,-0.170031,0.207933,0.270304,-0.082914
0.357225,0.442871,-0.285802,0.171269,-0.070978,0.677857,-0.332436,-0.170031,0.207933,0.270304,-0.082914,0.047017
0.360284,0.442871,0.171269,-0.070978,0.677857,-0.332436,-0.170031,0.207933,0.270304,-0.082914,0.047017,0.002816
0.364255,0.442871,-0.070978,0.677857,-0.332436,-0.170031,0.207933,0.270304,-0.082914,0.047017,0.002816,-0.134963
0.363038,0.442871,0.677857,-0.332436,-0.170031,0.207933,0.270304,-0.082914,0.047017,0.002816,-0.134963,0.009995
0.363727,0.442871,-0.332436,-0.170031,0.207933,0.270304,-0.082914,0.047017,0.002816,-0.134963,0.009995,0.460589
0.363768,0.442871,-0.170031,0.207933,0.270304,-0.082914,0.047017,0.002816,-0.134963,0.009995,0.460589,-0.303313
0.361789,0.442871,0.207933,0.270304,-0.082914,0.047017,0.002816,-0.134963,0.009995,0.460589,-0.303313,-0.242709
0.361936,0.442871,0.270304,-0.082914,0.047017,0.002816,-0.134963,0.009995,0.460589,-0.303313,-0.242709,0.193434
0.36869,0.442871,-0.082914,0.047017,0.002816,-0.134963,0.009995,0.460589,-0.303313,-0.242709,0.193434,0.271888
0.364251,0.442871,0.047017,0.002816,-0.134963,0.009995,0.460589,-0.303313,-0.242709,0.193434,0.271888,-0.115109
0.360691,0.442871,0.002816,-0.134963,0.009995,0.460589,-0.303313,-0.242709,0.193434,0.271888,-0.115109,-0.103738
0.36353,0.442871,-0.134963,0.009995,0.460589,-0.303313,-0.242709,0.193434,0.271888,-0.115109,-0.103738,-0.191396
0.367515,0.442871,0.009995,0.460589,-0.303313,-0.242709,0.193434,0.271888,-0.115109,-0.103738,-0.191396,-0.255706
0.365829,0.442871,0.460589,-0.303313,-0.242709,0.193434,0.271888,-0.115109,-0.103738,-0.191396,-0.255706,0.147276
0.364309,0.442871,-0.303313,-0.242709,0.193434,0.271888,-0.115109,-0.103738,-0.191396,-0.255706,0.147276,0.426559
0.361503,0.442871,-0.242709,0.193434,0.271888,-0.115109,-0.103738,-0.191396,-0.255706,0.147276,0.426559,-0.238617
0.357744,0.442871,0.193434,0.271888,-0.115109,-0.103738,-0.191396,-0.255706,0.147276,0.426559,-0.238617,-0.198639
0.359913,0.442871,0.271888,-0.115109,-0.103738,-0.191396,-0.255706,0.147276,0.426559,-0.238617,-0.198639,0.212894
0.366178,0.442871,-0.115109,-0.103738,-0.191396,-0.255706,0.147276,0.426559,-0.238617,-0.198639,0.212894,0.279542
0.362681,0.442871,-0.103738,-0.191396,-0.255706,0.147276,0.426559,-0.238617,-0.198639,0.212894,0.279542,-0.126924
0.359765,0.442871,-0.191396,-0.255706,0.147276,0.426559,-0.238617,-0.198639,0.212894,0.279542,-0.126924,0.135201
0.362891,0.442871,-0.255706,0.147276,0.426559,-0.238617,-0.198639,0.212894,0.279542,-0.126924,0.135201,-0.029072
0.36699,0.448853,0.147276,0.426559,-0.238617,-0.198639,0.212894,0.279542,-0.126924,0.135201,-0.029072,-0.08433
0.36513,0.448853,0.426559,-0.238617,-0.198639,0.212894,0.279542,-0.126924,0.135201,-0.029072,-0.08433,-0.113162
0.367109,0.448853,-0.238617,-0.198639,0.212894,0.279542,-0.126924,0.135201,-0.029072,-0.08433,-0.113162,0.210589
0.366684,0.448853,-0.198639,0.212894,0.279542,-0.126924,0.135201,-0.029072,-0.08433,-0.113162,0.210589,-0.436464
0.36545,0.448853,0.212894,0.279542,-0.126924,0.135201,-0.029072,-0.08433,-0.113162,0.210589,-0.436464,-0.158527
0.36379,0.448853,0.279542,-0.126924,0.135201,-0.029072,-0.08433,-0.113162,0.210589,-0.436464,-0.158527,0.20435
0.366878,0.448853,-0.126924,0.135201,-0.029072,-0.08433,-0.113162,0.210589,-0.436464,-0.158527,0.20435,0.278664
0.360478,0.448853,0.135201,-0.029072,-0.08433,-0.113162,0.210589,-0.436464,-0.158527,0.20435,0.278664,-0.035483
0.358148,0.448853,-0.029072,-0.08433,-0.113162,0.210589,-0.436464,-0.158527,0.20435,0.278664,-0.035483,0.039374
0.361152,0.448853,-0.08433,-0.113162,0.210589,-0.436464,-0.158527,0.20435,0.278664,-0.035483,0.039374,0.038749
0.365243,0.448853,-0.113162,0.210589,-0.436464,-0.158527,0.20435,0.278664,-0.035483,0.039374,0.038749,-0.09603
0.364722,0.448853,0.210589,-0.436464,-0.158527,0.20435,0.278664,-0.035483,0.039374,0.038749,-0.09603,0.077179
0.365299,0.448853,-0.436464,-0.158527,0.20435,0.278664,-0.035483,0.039374,0.038749,-0.09603,0.077179,0.45248
0.365866,0.448853,-0.158527,0.20435,0.278664,-0.035483,0.039374,0.038749,-0.09603,0.077179,0.45248,-0.293351
0.36446,0.448853,0.20435,0.278664,-0.035483,0.039374,0.038749,-0.09603,0.077179,0.45248,-0.293351,-0.2565
0.365592,0.448853,0.278664,-0.035483,0.039374,0.038749,-0.09603,0.077179,0.45248,-0.293351,-0.2565,0.126846
0.372209,0.448853,-0.035483,0.039374,0.038749,-0.09603,0.077179,0.45248,-0.293351,-0.2565,0.126846,0.273116
0.367928,0.448853,0.039374,0.038749,-0.09603,0.077179,0.45248,-0.293351,-0.2565,0.126846,0.273116,-0.437665
0.364176,0.448853,0.038749,-0.09603,0.077179,0.45248,-0.293351,-0.2565,0.126846,0.273116,-0.437665,0.090842
0.366033,0.448853,-0.09603,0.077179,0.45248,-0.293351,-0.2565,0.126846,0.273116,-0.437665,0.090842,-0.396749
0.370029,0.448853,0.077179,0.45248,-0.293351,-0.2565,0.126846,0.273116,-0.437665,0.090842,-0.396749,0.153394
0.363618,0.448853,0.45248,-0.293351,-0.2565,0.126846,0.273116,-0.437665,0.090842,-0.396749,0.153394,-0.119554
0.36495,0.448853,-0.293351,-0.2565,0.126846,0.273116,-0.437665,0.090842,-0.396749,0.153394,-0.119554,0.573716
0.359129,0.448853,-0.2565,0.126846,0.273116,-0.437665,0.090842,-0.396749,0.153394,-0.119554,0.573716,-0.56749
0.361383,0.448853,0.126846,0.273116,-0.437665,0.090842,-0.396749,0.153394,-0.119554,0.573716,-0.56749,-0.298943
0.359625,0.448853,0.273116,-0.437665,0.090842,-0.396749,0.153394,-0.119554,0.573716,-0.56749,-0.298943,-0.490245
0.368046,0.448853,-0.437665,0.090842,-0.396749,0.153394,-0.119554,0.573716,-0.56749,-0.298943,-0.490245,0.434398
0.359726,0.448853,0.090842,-0.396749,0.153394,-0.119554,0.573716,-0.56749,-0.298943,-0.490245,0.434398,-0.182166
0.355326,0.448853,-0.396749,0.153394,-0.119554,0.573716,-0.56749,-0.298943,-0.490245,0.434398,-0.182166,0.231179
0.348076,0.448853,0.153394,-0.119554,0.573716,-0.56749,-0.298943,-0.490245,0.434398,-0.182166,0.231179,-0.040285
0.35451,0.448853,-0.119554,0.573716,-0.56749,-0.298943,-0.490245,0.434398,-0.182166,0.231179,-0.040285,-0.178052
0.351815,0.448853,0.573716,-0.56749,-0.298943,-0.490245,0.434398,-0.182166,0.231179,-0.040285,-0.178052,-0.356961
0.355231,0.448853,-0.56749,-0.298943,-0.490245,0.434398,-0.182166,0.231179,-0.040285,-0.178052,-0.356961,-0.274098
0.354636,0.448853,-0.298943,-0.490245,0.434398,-0.182166,0.231179,-0.040285,-0.178052,-0.356961,-0.274098,-0.134431
0.352007,0.448853,-0.490245,0.434398,-0.182166,0.231179,-0.040285,-0.178052,-0.356961,-0.274098,-0.134431,-0.599202
0.346712,0.448853,0.434398,-0.182166,0.231179,-0.040285,-0.178052,-0.356961,-0.274098,-0.134431,-0.599202,0.606072
0.342631,0.448853,-0.182166,0.231179,-0.040285,-0.178052,-0.356961,-0.274098,-0.134431,-0.599202,0.606072,0.068188
0.340628,0.448853,0.231179,-0.040285,-0.178052,-0.356961,-0.274098,-0.134431,-0.599202,0.606072,0.068188,0.119536
0.331667,0.448853,-0.040285,-0.178052,-0.356961,-0.274098,-0.134431,-0.599202,0.606072,0.068188,0.119536,0.062357
0.340733,0.448853,-0.178052,-0.356961,-0.274098,-0.134431,-0.599202,0.606072,0.068188,0.119536,0.062357,-0.176078
0.341751,0.448853,-0.356961,-0.274098,-0.134431,-0.599202,0.606072,0.068188,0.119536,0.062357,-0.176078,-0.183468
0.343533,0.448853,-0.274098,-0.134431,-0.599202,0.606072,0.068188,0.119536,0.062357,-0.176078,-0.183468,-0.193395
0.344461,0.448853,-0.134431,-0.599202,0.606072,0.068188,0.119536,0.062357,-0.176078,-0.183468,-0.193395,0.698767
0.341841,0.448853,-0.599202,0.606072,0.068188,0.119536,0.062357,-0.176078,-0.183468,-0.193395,0.698767,-0.33236
0.339106,0.448853,0.606072,0.068188,0.119536,0.062357,-0.176078,-0.183468,-0.193395,0.698767,-0.33236,-0.182571
0.336212,0.448853,0.068188,0.119536,0.062357,-0.176078,-0.183468,-0.193395,0.698767,-0.33236,-0.182571,0.166894
0.346641,0.448853,0.119536,0.062357,-0.176078,-0.183468,-0.193395,0.698767,-0.33236,-0.182571,0.166894,0.249836
0.341696,0.448853,0.062357,-0.176078,-0.183468,-0.193395,0.698767,-0.33236,-0.182571,0.166894,0.249836,-0.084514
0.338975,0.448853,-0.176078,-0.183468,-0.193395,0.698767,-0.33236,-0.182571,0.166894,0.249836,-0.084514,0.051047
0.341464,0.448334,-0.183468,-0.193395,0.698767,-0.33236,-0.182571,0.166894,0.249836,-0.084514,0.051047,0.070858
0.345186,0.448334,-0.193395,0.698767,-0.33236,-0.182571,0.166894,0.249836,-0.084514,0.051047,0.070858,-0.079096
0.343928,0.448334,0.698767,-0.33236,-0.182571,0.166894,0.249836,-0.084514,0.051047,0.070858,-0.079096,-0.056721
0.344687,0.448334,-0.33236,-0.182571,0.166894,0.249836,-0.084514,0.051047,0.070858,-0.079096,-0.056721,0.165824
0.345739,0.448334,-0.182571,0.166894,0.249836,-0.084514,0.051047,0.070858,-0.079096,-0.056721,0.165824,-0.392366
0.344564,0.448334,0.166894,0.249836,-0.084514,0.051047,0.070858,-0.079096,-0.056721,0.165824,-0.392366,-0.14457
0.34372,0.448334,0.249836,-0.084514,0.051047,0.070858,-0.079096,-0.056721,0.165824,-0.392366,-0.14457,0.204365
0.346188,0.448334,-0.084514,0.051047,0.070858,-0.079096,-0.056721,0.165824,-0.392366,-0.14457,0.204365,0.283894
0.340347,0.448334,0.051047,0.070858,-0.079096,-0.056721,0.165824,-0.392366,-0.14457,0.204365,0.283894,-0.012464
0.33819,0.448334,0.070858,-0.079096,-0.056721,0.165824,-0.392366,-0.14457,0.204365,0.283894,-0.012464,0.055125
0.341239,0.448334,-0.079096,-0.056721,0.165824,-0.392366,-0.14457,0.204365,0.283894,-0.012464,0.055125,0.059636
0.345468,0.448334,-0.056721,0.165824,-0.392366,-0.14457,0.204365,0.283894,-0.012464,0.055125,0.059636,-0.064149
0.345283,0.448334,0.165824,-0.392366,-0.14457,0.204365,0.283894,-0.012464,0.055125,0.059636,-0.064149,0.079868
0.346102,0.448334,-0.392366,-0.14457,0.204365,0.283894,-0.012464,0.055125,0.059636,-0.064149,0.079868,0.159689
0.346987,0.448334,-0.14457,0.204365,0.283894,-0.012464,0.055125,0.059636,-0.064149,0.079868,0.159689,-0.12444
0.346035,0.448334,0.204365,0.283894,-0.012464,0.055125,0.059636,-0.064149,0.079868,0.159689,-0.12444,-0.664892
0.347222,0.448334,0.283894,-0.012464,0.055125,0.059636,-0.064149,0.079868,0.159689,-0.12444,-0.664892,0.435069
0.349593,0.448334,-0.012464,0.055125,0.059636,-0.064149,0.079868,0.159689,-0.12444,-0.664892,0.435069,0.117751
0.347748,0.448334,0.055125,0.059636,-0.064149,0.079868,0.159689,-0.12444,-0.664892,0.435069,0.117751,0.018015
0.337854,0.448334,0.059636,-0.064149,0.079868,0.159689,-0.12444,-0.664892,0.435069,0.117751,0.018015,0.131916
0.344338,0.448334,-0.064149,0.079868,0.159689,-0.12444,-0.664892,0.435069,0.117751,0.018015,0.131916,0.013878
0.34609,0.448334,0.079868,0.159689,-0.12444,-0.664892,0.435069,0.117751,0.018015,0.131916,0.013878,-0.026192
0.346358,0.447937,0.159689,-0.12444,-0.664892,0.435069,0.117751,0.018015,0.131916,0.013878,-0.026192,-0.011774
0.348316,0.447937,-0.12444,-0.664892,0.435069,0.117751,0.018015,0.131916,0.013878,-0.026192,-0.011774,0.593297
0.348521,0.447937,-0.664892,0.435069,0.117751,0.018015,0.131916,0.013878,-0.026192,-0.011774,0.593297,-0.612004
0.348133,0.447937,0.435069,0.117751,0.018015,0.131916,0.013878,-0.026192,-0.011774,0.593297,-0.612004,-0.146777
0.347958,0.447937,0.117751,0.018015,0.131916,0.013878,-0.026192,-0.011774,0.593297,-0.612004,-0.146777,-0.15493
0.356742,0.447937,0.018015,0.131916,0.013878,-0.026192,-0.011774,0.593297,-0.612004,-0.146777,-0.15493,0.514655
0.347691,0.447937,0.131916,0.013878,-0.026192,-0.011774,0.593297,-0.612004,-0.146777,-0.15493,0.514655,-0.523045
0.345513,0.447937,0.013878,-0.026192,-0.011774,0.593297,-0.612004,-0.146777,-0.15493,0.514655,-0.523045,0.222148
0.343209,0.447937,-0.026192,-0.011774,0.593297,-0.612004,-0.146777,-0.15493,0.514655,-0.523045,0.222148,-0.373699
0.350856,0.447937,-0.011774,0.593297,-0.612004,-0.146777,-0.15493,0.514655,-0.523045,0.222148,-0.373699,0.17126
0.343082,0.447937,0.593297,-0.612004,-0.146777,-0.15493,0.514655,-0.523045,0.222148,-0.373699,0.17126,0.026666
0.346386,0.447937,-0.612004,-0.146777,-0.15493,0.514655,-0.523045,0.222148,-0.373699,0.17126,0.026666,0.514243
0.340828,0.447937,-0.146777,-0.15493,0.514655,-0.523045,0.222148,-0.373699,0.17126,0.026666,0.514243,-0.155524
0.343379,0.447937,-0.15493,0.514655,-0.523045,0.222148,-0.373699,0.17126,0.026666,0.514243,-0.155524,-0.360711
0.343776,0.447937,0.514655,-0.523045,0.222148,-0.373699,0.17126,0.026666,0.514243,-0.155524,-0.360711,-0.082401
0.351416,0.447937,-0.523045,0.222148,-0.373699,0.17126,0.026666,0.514243,-0.155524,-0.360711,-0.082401,0.212305
0.349112,0.447937,0.222148,-0.373699,0.17126,0.026666,0.514243,-0.155524,-0.360711,-0.082401,0.212305,-0.08078
0.343759,0.447937,-0.373699,0.17126,0.026666,0.514243,-0.155524,-0.360711,-0.082401,0.212305,-0.08078,0.150305
0.342533,0.447937,0.17126,0.026666,0.514243,-0.155524,-0.360711,-0.082401,0.212305,-0.08078,0.150305,0.032927
0.345694,0.447937,0.026666,0.514243,-0.155524,-0.360711,-0.082401,0.212305,-0.08078,0.150305,0.032927,-0.208838
0.344492,0.447937,0.514243,-0.155524,-0.360711,-0.082401,0.212305,-0.08078,0.150305,0.032927,-0.208838,-0.218673
0.346726,0.447937,-0.155524,-0.360711,-0.082401,0.212305,-0.08078,0.150305,0.032927,-0.208838,-0.218673,0.021227
0.347214,0.447937,-0.360711,-0.082401,0.212305,-0.08078,0.150305,0.032927,-0.208838,-0.218673,0.021227,-0.002374
0.344112,0.447937,-0.082401,0.212305,-0.08078,0.150305,0.032927,-0.208838,-0.218673,0.021227,-0.002374,-0.644249
0.340852,0.447937,0.212305,-0.08078,0.150305,0.032927,-0.208838,-0.218673,0.021227,-0.002374,-0.644249,0.598312
0.341169,0.447937,-0.08078,0.150305,0.032927,-0.208838,-0.218673,0.021227,-0.002374,-0.644249,0.598312,0.098305
0.341134,0.447937,0.150305,0.032927,-0.208838,-0.218673,0.021227,-0.002374,-0.644249,0.598312,0.098305,0.089329
0.331501,0.447937,0.032927,-0.208838,-0.218673,0.021227,-0.002374,-0.644249,0.598312,0.098305,0.089329,0.134546
0.340452,0.447937,-0.208838,-0.218673,0.021227,-0.002374,-0.644249,0.598312,0.098305,0.089329,0.134546,0.009896
0.341919,0.447937,-0.218673,0.021227,-0.002374,-0.644249,0.598312,0.098305,0.089329,0.134546,0.009896,0.004656
0.343251,0.447937,0.021227,-0.002374,-0.644249,0.598312,0.098305,0.089329,0.134546,0.009896,0.004656,0.037965
0.345253,0.447937,-0.002374,-0.644249,0.598312,0.098305,0.089329,0.134546,0.009896,0.004656,0.037965,0.58287
0.3454,0.447937,-0.644249,0.598312,0.098305,0.089329,0.134546,0.009896,0.004656,0.037965,0.58287,-0.620832
0.345469,0.447937,0.598312,0.098305,0.089329,0.134546,0.009896,0.004656,0.037965,0.58287,-0.620832,-0.153697
0.346033,0.447937,0.098305,0.089329,0.134546,0.009896,0.004656,0.037965,0.58287,-0.620832,-0.153697,-0.150202
0.354675,0.447937,0.089329,0.134546,0.009896,0.004656,0.037965,0.58287,-0.620832,-0.153697,-0.150202,0.519958
0.345479,0.447937,0.134546,0.009896,0.004656,0.037965,0.58287,-0.620832,-0.153697,-0.150202,0.519958,-0.282755
0.343195,0.447937,0.009896,0.004656,0.037965,0.58287,-0.620832,-0.153697,-0.150202,0.519958,-0.282755,0.238288
0.340958,0.447937,0.004656,0.037965,0.58287,-0.620832,-0.153697,-0.150202,0.519958,-0.282755,0.238288,0.00235
0.348696,0.447937,0.037965,0.58287,-0.620832,-0.153697,-0.150202,0.519958,-0.282755,0.238288,0.00235,-0.064381
0.344492,0.447937,0.58287,-0.620832,-0.153697,-0.150202,0.519958,-0.282755,0.238288,0.00235,-0.064381,-0.057322
0.348032,0.447937,-0.620832,-0.153697,-0.150202,0.519958,-0.282755,0.238288,0.00235,-0.064381,-0.057322,0.205247
0.348066,0.447937,-0.153697,-0.150202,0.519958,-0.282755,0.238288,0.00235,-0.064381,-0.057322,0.205247,-0.372073
0.347111,0.447937,-0.150202,0.519958,-0.282755,0.238288,0.00235,-0.064381,-0.057322,0.205247,-0.372073,-0.168276
0.34626,0.447937,0.519958,-0.282755,0.238288,0.00235,-0.064381,-0.057322,0.205247,-0.372073,-0.168276,0.277831
0.349308,0.447937,-0.282755,0.238288,0.00235,-0.064381,-0.057322,0.205247,-0.372073,-0.168276,0.277831,0.274613
0.343783,0.447937,0.238288,0.00235,-0.064381,-0.057322,0.205247,-0.372073,-0.168276,0.277831,0.274613,-0.042959
0.341278,0.447937,0.00235,-0.064381,-0.057322,0.205247,-0.372073,-0.168276,0.277831,0.274613,-0.042959,0.075112
0.345412,0.461243,-0.064381,-0.057322,0.205247,-0.372073,-0.168276,0.277831,0.274613,-0.042959,0.075112,0.021671
0.349491,0.461243,-0.057322,0.205247,-0.372073,-0.168276,0.277831,0.274613,-0.042959,0.075112,0.021671,-0.057169
0.348854,0.461243,0.205247,-0.372073,-0.168276,0.277831,0.274613,-0.042959,0.075112,0.021671,-0.057169,0.068582
0.349967,0.461243,-0.372073,-0.168276,0.277831,0.274613,-0.042959,0.075112,0.021671,-0.057169,0.068582,0.506807
0.350287,0.461243,-0.168276,0.277831,0.274613,-0.042959,0.075112,0.021671,-0.057169,0.068582,0.506807,-0.27777
0.349441,0.461243,0.277831,0.274613,-0.042959,0.075112,0.021671,-0.057169,0.068582,0.506807,-0.27777,-0.256722
0.350458,0.461243,0.274613,-0.042959,0.075112,0.021671,-0.057169,0.068582,0.506807,-0.27777,-0.256722,0.224523
0.35795,0.461243,-0.042959,0.075112,0.021671,-0.057169,0.068582,0.506807,-0.27777,-0.256722,0.224523,0.243571
0.353853,0.461243,0.075112,0.021671,-0.057169,0.068582,0.506807,-0.27777,-0.256722,0.224523,0.243571,-0.144225
0.350059,0.461243,0.021671,-0.057169,0.068582,0.506807,-0.27777,-0.256722,0.224523,0.243571,-0.144225,0.100044
0.353379,0.461243,-0.057169,0.068582,0.506807,-0.27777,-0.256722,0.224523,0.243571,-0.144225,0.100044,0.002591
0.356976,0.461243,0.068582,0.506807,-0.27777,-0.256722,0.224523,0.243571,-0.144225,0.100044,0.002591,-0.236982
0.354847,0.461243,0.506807,-0.27777,-0.256722,0.224523,0.243571,-0.144225,0.100044,0.002591,-0.236982,-0.388234
0.356323,0.461243,-0.27777,-0.256722,0.224523,0.243571,-0.144225,0.100044,0.002591,-0.236982,-0.388234,0.060124
0.356361,0.461243,-0.256722,0.224523,0.243571,-0.144225,0.100044,0.002591,-0.236982,-0.388234,0.060124,-0.318086
0.352864,0.461243,0.224523,0.243571,-0.144225,0.100044,0.002591,-0.236982,-0.388234,0.060124,-0.318086,-0.145444
0.347108,0.461243,0.243571,-0.144225,0.100044,0.002591,-0.236982,-0.388234,0.060124,-0.318086,-0.145444,0.254905
0.348002,0.461243,-0.144225,0.100044,0.002591,-0.236982,-0.388234,0.060124,-0.318086,-0.145444,0.254905,0.350994
0.343275,0.461243,0.100044,0.002591,-0.236982,-0.388234,0.060124,-0.318086,-0.145444,0.254905,0.350994,-0.050636
0.341109,0.461243,0.002591,-0.236982,-0.388234,0.060124,-0.318086,-0.145444,0.254905,0.350994,-0.050636,0.079087
0.344903,0.461243,-0.236982,-0.388234,0.060124,-0.318086,-0.145444,0.254905,0.350994,-0.050636,0.079087,0.05647
0.350116,0.461243,-0.388234,0.060124,-0.318086,-0.145444,0.254905,0.350994,-0.050636,0.079087,0.05647,-0.076635
0.349365,0.461243,0.060124,-0.318086,-0.145444,0.254905,0.350994,-0.050636,0.079087,0.05647,-0.076635,0.08786
0.350537,0.461243,-0.318086,-0.145444,0.254905,0.350994,-0.050636,0.079087,0.05647,-0.076635,0.08786,0.461141
0.351372,0.465179,-0.145444,0.254905,0.350994,-0.050636,0.079087,0.05647,-0.076635,0.08786,0.461141,-0.281865
0.350238,0.465179,0.254905,0.350994,-0.050636,0.079087,0.05647,-0.076635,0.08786,0.461141,-0.281865,-0.322384
0.35154,0.465179,0.350994,-0.050636,0.079087,0.05647,-0.076635,0.08786,0.461141,-0.281865,-0.322384,0.10835
0.358353,0.465179,-0.050636,0.079087,0.05647,-0.076635,0.08786,0.461141,-0.281865,-0.322384,0.10835,-0.222799
0.354197,0.465179,0.079087,0.05647,-0.076635,0.08786,0.461141,-0.281865,-0.322384,0.10835,-0.222799,-0.134298
0.349432,0.465179,0.05647,-0.076635,0.08786,0.461141,-0.281865,-0.322384,0.10835,-0.222799,-0.134298,0.039955
0.351036,0.465179,-0.076635,0.08786,0.461141,-0.281865,-0.322384,0.10835,-0.222799,-0.134298,0.039955,0.074984
0.347732,0.465179,0.08786,0.461141,-0.281865,-0.322384,0.10835,-0.222799,-0.134298,0.039955,0.074984,-0.121453
0.345735,0.465179,0.461141,-0.281865,-0.322384,0.10835,-0.222799,-0.134298,0.039955,0.074984,-0.121453,0.117952
0.346329,0.465179,-0.281865,-0.322384,0.10835,-0.222799,-0.134298,0.039955,0.074984,-0.121453,0.117952,0.425645
0.347441,0.465179,-0.322384,0.10835,-0.222799,-0.134298,0.039955,0.074984,-0.121453,0.117952,0.425645,-0.237067
0.345638,0.465179,0.10835,-0.222799,-0.134298,0.039955,0.074984,-0.121453,0.117952,0.425645,-0.237067,-0.266199
0.347392,0.465179,-0.222799,-0.134298,0.039955,0.074984,-0.121453,0.117952,0.425645,-0.237067,-0.266199,0.226731
0.353701,0.465179,-0.134298,0.039955,0.074984,-0.121453,0.117952,0.425645,-0.237067,-0.266199,0.226731,0.018699
0.350195,0.465179,0.039955,0.074984,-0.121453,0.117952,0.425645,-0.237067,-0.266199,0.226731,0.018699,-0.397269
0.34625,0.465179,0.074984,-0.121453,0.117952,0.425645,-0.237067,-0.266199,0.226731,0.018699,-0.397269,-0.334373
0.349612,0.465179,-0.121453,0.117952,0.425645,-0.237067,-0.266199,0.226731,0.018699,-0.397269,-0.334373,-0.174072
0.349889,0.465179,0.117952,0.425645,-0.237067,-0.266199,0.226731,0.018699,-0.397269,-0.334373,-0.174072,0.049997
0.343984,0.465179,0.425645,-0.237067,-0.266199,0.226731,0.018699,-0.397269,-0.334373,-0.174072,0.049997,-0.010324
0.339,0.465179,-0.237067,-0.266199,0.226731,0.018699,-0.397269,-0.334373,-0.174072,0.049997,-0.010324,0.589569
0.336399,0.465179,-0.266199,0.226731,0.018699,-0.397269,-0.334373,-0.174072,0.049997,-0.010324,0.589569,-0.286521
0.337147,0.465179,0.226731,0.018699,-0.397269,-0.334373,-0.174072,0.049997,-0.010324,0.589569,-0.286521,-0.242574
0.336993,0.465179,0.018699,-0.397269,-0.334373,-0.174072,0.049997,-0.010324,0.589569,-0.286521,-0.242574,0.249534
0.345792,0.465179,-0.397269,-0.334373,-0.174072,0.049997,-0.010324,0.589569,-0.286521,-0.242574,0.249534,0.291705
0.341528,0.465179,-0.334373,-0.174072,0.049997,-0.010324,0.589569,-0.286521,-0.242574,0.249534,0.291705,-0.133888
0.33791,0.465179,-0.174072,0.049997,-0.010324,0.589569,-0.286521,-0.242574,0.249534,0.291705,-0.133888,0.092913
0.341632,0.465179,0.049997,-0.010324,0.589569,-0.286521,-0.242574,0.249534,0.291705,-0.133888,0.092913,-0.028215
0.345977,0.465179,-0.010324,0.589569,-0.286521,-0.242574,0.249534,0.291705,-0.133888,0.092913,-0.028215,-0.120615
0.343984,0.465179,0.589569,-0.286521,-0.242574,0.249534,0.291705,-0.133888,0.092913,-0.028215,-0.120615,-0.037535
0.345366,0.465179,-0.286521,-0.242574,0.249534,0.291705,-0.133888,0.092913,-0.028215,-0.120615,-0.037535,0.100874
0.344947,0.465179,-0.242574,0.249534,0.291705,-0.133888,0.092913,-0.028215,-0.120615,-0.037535,0.100874,-0.161206
0.343153,0.465179,0.249534,0.291705,-0.133888,0.092913,-0.028215,-0.120615,-0.037535,0.100874,-0.161206,-0.726342
0.342594,0.465179,0.291705,-0.133888,0.092913,-0.028215,-0.120615,-0.037535,0.100874,-0.161206,-0.726342,0.473627
0.344097,0.465179,-0.133888,0.092913,-0.028215,-0.120615,-0.037535,0.100874,-0.161206,-0.726342,0.473627,0.068068
0.341696,0.465179,0.092913,-0.028215,-0.120615,-0.037535,0.100874,-0.161206,-0.726342,0.473627,0.068068,-0.005219
0.330835,0.465179,-0.028215,-0.120615,-0.037535,0.100874,-0.161206,-0.726342,0.473627,0.068068,-0.005219,0.106479
0.33793,0.465179,-0.120615,-0.037535,0.100874,-0.161206,-0.726342,0.473627,0.068068,-0.005219,0.106479,-0.024253
0.338948,0.465179,-0.037535,0.100874,-0.161206,-0.726342,0.473627,0.068068,-0.005219,0.106479,-0.024253,-0.043928
0.33887,0.465179,0.100874,-0.161206,-0.726342,0.473627,0.068068,-0.005219,0.106479,-0.024253,-0.043928,-0.036827
0.340459,0.465179,-0.161206,-0.726342,0.473627,0.068068,-0.005219,0.106479,-0.024253,-0.043928,-0.036827,0.205172
0.340097,0.465179,-0.726342,0.473627,0.068068,-0.005219,0.106479,-0.024253,-0.043928,-0.036827,0.205172,-0.198179
0.339442,0.465179,0.473627,0.068068,-0.005219,0.106479,-0.024253,-0.043928,-0.036827,0.205172,-0.198179,-0.707381
0.338892,0.465179,0.068068,-0.005219,0.106479,-0.024253,-0.043928,-0.036827,0.205172,-0.198179,-0.707381,0.44514
0.341956,0.465179,-0.005219,0.106479,-0.024253,-0.043928,-0.036827,0.205172,-0.198179,-0.707381,0.44514,0.090255
0.339,0.465179,0.106479,-0.024253,-0.043928,-0.036827,0.205172,-0.198179,-0.707381,0.44514,0.090255,-0.012798
0.328402,0.465179,-0.024253,-0.043928,-0.036827,0.205172,-0.198179,-0.707381,0.44514,0.090255,-0.012798,0.094397
0.335083,0.465179,-0.043928,-0.036827,0.205172,-0.198179,-0.707381,0.44514,0.090255,-0.012798,0.094397,-0.024175
0.336435,0.463348,-0.036827,0.205172,-0.198179,-0.707381,0.44514,0.090255,-0.012798,0.094397,-0.024175,-0.196168
0.336243,0.463348,0.205172,-0.198179,-0.707381,0.44514,0.090255,-0.012798,0.094397,-0.024175,-0.196168,-0.293714
0.337655,0.463348,-0.198179,-0.707381,0.44514,0.090255,-0.012798,0.094397,-0.024175,-0.196168,-0.293714,0.389544
0.337294,0.463348,-0.707381,0.44514,0.090255,-0.012798,0.094397,-0.024175,-0.196168,-0.293714,0.389544,-0.195989
0.334359,0.463348,0.44514,0.090255,-0.012798,0.094397,-0.024175,-0.196168,-0.293714,0.389544,-0.195989,-0.193941
0.329946,0.463348,0.090255,-0.012798,0.094397,-0.024175,-0.196168,-0.293714,0.389544,-0.195989,-0.193941,0.201159
0.335797,0.463348,-0.012798,0.094397,-0.024175,-0.196168,-0.293714,0.389544,-0.195989,-0.193941,0.201159,0.287007
0.33286,0.463348,0.094397,-0.024175,-0.196168,-0.293714,0.389544,-0.195989,-0.193941,0.201159,0.287007,-0.154149
0.329949,0.463348,-0.024175,-0.196168,-0.293714,0.389544,-0.195989,-0.193941,0.201159,0.287007,-0.154149,0.094019
0.332969,0.463348,-0.196168,-0.293714,0.389544,-0.195989,-0.193941,0.201159,0.287007,-0.154149,0.094019,0.002014
0.337271,0.463348,-0.293714,0.389544,-0.195989,-0.193941,0.201159,0.287007,-0.154149,0.094019,0.002014,-0.084277
0.334962,0.463348,0.389544,-0.195989,-0.193941,0.201159,0.287007,-0.154149,0.094019,0.002014,-0.084277,0.034475
0.336369,0.463348,-0.195989,-0.193941,0.201159,0.287007,-0.154149,0.094019,0.002014,-0.084277,0.034475,0.477969
0.336399,0.463348,-0.193941,0.201159,0.287007,-0.154149,0.094019,0.002014,-0.084277,0.034475,0.477969,-0.616831
0.335138,0.463348,0.201159,0.287007,-0.154149,0.094019,0.002014,-0.084277,0.034475,0.477969,-0.616831,-0.223735
0.335655,0.463348,0.287007,-0.154149,0.094019,0.002014,-0.084277,0.034475,0.477969,-0.616831,-0.223735,-0.130371
0.3428,0.463348,-0.154149,0.094019,0.002014,-0.084277,0.034475,0.477969,-0.616831,-0.223735,-0.130371,0.465788
0.333583,0.463348,0.094019,0.002014,-0.084277,0.034475,0.477969,-0.616831,-0.223735,-0.130371,0.465788,-0.267907
0.330226,0.463348,0.002014,-0.084277,0.034475,0.477969,-0.616831,-0.223735,-0.130371,0.465788,-0.267907,0.193014
0.328266,0.463348,-0.084277,0.034475,0.477969,-0.616831,-0.223735,-0.130371,0.465788,-0.267907,0.193014,-0.038925
0.335266,0.463348,0.034475,0.477969,-0.616831,-0.223735,-0.130371,0.465788,-0.267907,0.193014,-0.038925,-0.04284
0.331243,0.463348,0.477969,-0.616831,-0.223735,-0.130371,0.465788,-0.267907,0.193014,-0.038925,-0.04284,-0.068779
0.334139,0.463348,-0.616831,-0.223735,-0.130371,0.465788,-0.267907,0.193014,-0.038925,-0.04284,-0.068779,0.142188
0.333556,0.462952,-0.223735,-0.130371,0.465788,-0.267907,0.193014,-0.038925,-0.04284,-0.068779,0.142188,-0.349864
0.332914,0.462952,-0.130371,0.465788,-0.267907,0.193014,-0.038925,-0.04284,-0.068779,0.142188,-0.349864,-0.170347
0.331881,0.462952,0.465788,-0.267907,0.193014,-0.038925,-0.04284,-0.068779,0.142188,-0.349864,-0.170347,0.232783
0.334016,0.462952,-0.267907,0.193014,-0.038925,-0.04284,-0.068779,0.142188,-0.349864,-0.170347,0.232783,-0.210215
0.328761,0.462952,0.193014,-0.038925,-0.04284,-0.068779,0.142188,-0.349864,-0.170347,0.232783,-0.210215,-0.074975
0.326197,0.462952,-0.038925,-0.04284,-0.068779,0.142188,-0.349864,-0.170347,0.232783,-0.210215,-0.074975,0.131409
0.329701,0.462952,-0.04284,-0.068779,0.142188,-0.349864,-0.170347,0.232783,-0.210215,-0.074975,0.131409,0.053078
0.326533,0.462952,-0.068779,0.142188,-0.349864,-0.170347,0.232783,-0.210215,-0.074975,0.131409,0.053078,-0.034651
0.325401,0.462952,0.142188,-0.349864,-0.170347,0.232783,-0.210215,-0.074975,0.131409,0.053078,-0.034651,-0.074689
0.327382,0.462952,-0.349864,-0.170347,0.232783,-0.210215,-0.074975,0.131409,0.053078,-0.034651,-0.074689,0.220745
0.328181,0.462952,-0.170347,0.232783,-0.210215,-0.074975,0.131409,0.053078,-0.034651,-0.074689,0.220745,-0.415939
0.327659,0.462952,0.232783,-0.210215,-0.074975,0.131409,0.053078,-0.034651,-0.074689,0.220745,-0.415939,-0.132379
0.326533,0.462952,-0.210215,-0.074975,0.131409,0.053078,-0.034651,-0.074689,0.220745,-0.415939,-0.132379,0.252512
0.32986,0.462952,-0.074975,0.131409,0.053078,-0.034651,-0.074689,0.220745,-0.415939,-0.132379,0.252512,0.312279
0.323591,0.462952,0.131409,0.053078,-0.034651,-0.074689,0.220745,-0.415939,-0.132379,0.252512,0.312279,-0.064361
0.321591,0.462952,0.053078,-0.034651,-0.074689,0.220745,-0.415939,-0.132379,0.252512,0.312279,-0.064361,0.048126
0.325405,0.462952,-0.034651,-0.074689,0.220745,-0.415939,-0.132379,0.252512,0.312279,-0.064361,0.048126,0.012881
0.330112,0.462952,-0.074689,0.220745,-0.415939,-0.132379,0.252512,0.312279,-0.064361,0.048126,0.012881,-0.060631
0.329143,0.462952,0.220745,-0.415939,-0.132379,0.252512,0.312279,-0.064361,0.048126,0.012881,-0.060631,0.030984
0.329866,0.462952,-0.415939,-0.132379,0.252512,0.312279,-0.064361,0.048126,0.012881,-0.060631,0.030984,0.459921
0.33006,0.462952,-0.132379,0.252512,0.312279,-0.064361,0.048126,0.012881,-0.060631,0.030984,0.459921,-0.54653
0.329149,0.462952,0.252512,0.312279,-0.064361,0.048126,0.012881,-0.060631,0.030984,0.459921,-0.54653,-0.213936
0.329615,0.462952,0.312279,-0.064361,0.048126,0.012881,-0.060631,0.030984,0.459921,-0.54653,-0.213936,-0.200885
0.336522,0.462952,-0.064361,0.048126,0.012881,-0.060631,0.030984,0.459921,-0.54653,-0.213936,-0.200885,0.034842
0.32832,0.462952,0.048126,0.012881,-0.060631,0.030984,0.459921,-0.54653,-0.213936,-0.200885,0.034842,-0.250431
0.325098,0.462952,0.012881,-0.060631,0.030984,0.459921,-0.54653,-0.213936,-0.200885,0.034842,-0.250431,0.013815
0.322064,0.462952,-0.060631,0.030984,0.459921,-0.54653,-0.213936,-0.200885,0.034842,-0.250431,0.013815,-0.312947
0.322591,0.462952,0.030984,0.459921,-0.54653,-0.213936,-0.200885,0.034842,-0.250431,0.013815,-0.312947,-0.528259
0.318795,0.462952,0.459921,-0.54653,-0.213936,-0.200885,0.034842,-0.250431,0.013815,-0.312947,-0.528259,-0.176177
0.319005,0.462952,-0.54653,-0.213936,-0.200885,0.034842,-0.250431,0.013815,-0.312947,-0.528259,-0.176177,0.407077
0.314255,0.462952,-0.213936,-0.200885,0.034842,-0.250431,0.013815,-0.312947,-0.528259,-0.176177,0.407077,-0.018845
0.306197,0.462952,-0.200885,0.034842,-0.250431,0.013815,-0.312947,-0.528259,-0.176177,0.407077,-0.018845,-0.163472
0.303494,0.462952,0.034842,-0.250431,0.013815,-0.312947,-0.528259,-0.176177,0.407077,-0.018845,-0.163472,0.336852
0.309732,0.462952,-0.250431,0.013815,-0.312947,-0.528259,-0.176177,0.407077,-0.018845,-0.163472,0.336852,0.379177
0.309444,0.462952,0.013815,-0.312947,-0.528259,-0.176177,0.407077,-0.018845,-0.163472,0.336852,0.379177,-0.102542
0.306947,0.462952,-0.312947,-0.528259,-0.176177,0.407077,-0.018845,-0.163472,0.336852,0.379177,-0.102542,-0.071986
0.312089,0.462952,-0.528259,-0.176177,0.407077,-0.018845,-0.163472,0.336852,0.379177,-0.102542,-0.071986,-0.130069
0.31786,0.462952,-0.176177,0.407077,-0.018845,-0.163472,0.336852,0.379177,-0.102542,-0.071986,-0.130069,-0.250977
0.316301,0.462952,0.407077,-0.018845,-0.163472,0.336852,0.379177,-0.102542,-0.071986,-0.130069,-0.250977,0.063212
0.315207,0.462952,-0.018845,-0.163472,0.336852,0.379177,-0.102542,-0.071986,-0.130069,-0.250977,0.063212,0.134041
0.313229,0.462952,-0.163472,0.336852,0.379177,-0.102542,-0.071986,-0.130069,-0.250977,0.063212,0.134041,-0.359395
0.309404,0.462952,0.336852,0.379177,-0.102542,-0.071986,-0.130069,-0.250977,0.063212,0.134041,-0.359395,-0.096477
0.31037,0.462952,0.379177,-0.102542,-0.071986,-0.130069,-0.250977,0.063212,0.134041,-0.359395,-0.096477,0.261971
0.312416,0.462952,-0.102542,-0.071986,-0.130069,-0.250977,0.063212,0.134041,-0.359395,-0.096477,0.261971,-0.006863
0.306928,0.462952,-0.071986,-0.130069,-0.250977,0.063212,0.134041,-0.359395,-0.096477,0.261971,-0.006863,0.017789
0.305452,0.462952,-0.130069,-0.250977,0.063212,0.134041,-0.359395,-0.096477,0.261971,-0.006863,0.017789,-0.214757
0.309457,0.461517,-0.250977,0.063212,0.134041,-0.359395,-0.096477,0.261971,-0.006863,0.017789,-0.214757,0.246595
0.309352,0.461517,0.063212,0.134041,-0.359395,-0.096477,0.261971,-0.006863,0.017789,-0.214757,0.246595,-0.018011
0.309624,0.461517,0.134041,-0.359395,-0.096477,0.261971,-0.006863,0.017789,-0.214757,0.246595,-0.018011,0.101884
0.306341,0.461517,-0.359395,-0.096477,0.261971,-0.006863,0.017789,-0.214757,0.246595,-0.018011,0.101884,0.601264
0.310107,0.461517,-0.096477,0.261971,-0.006863,0.017789,-0.214757,0.246595,-0.018011,0.101884,0.601264,-0.308455
0.309833,0.461517,0.261971,-0.006863,0.017789,-0.214757,0.246595,-0.018011,0.101884,0.601264,-0.308455,-0.172831
0.311388,0.461517,-0.006863,0.017789,-0.214757,0.246595,-0.018011,0.101884,0.601264,-0.308455,-0.172831,0.248299
0.320536,0.461517,0.017789,-0.214757,0.246595,-0.018011,0.101884,0.601264,-0.308455,-0.172831,0.248299,0.314457
0.315856,0.461517,-0.214757,0.246595,-0.018011,0.101884,0.601264,-0.308455,-0.172831,0.248299,0.314457,-0.131908
0.313229,0.461517,0.246595,-0.018011,0.101884,0.601264,-0.308455,-0.172831,0.248299,0.314457,-0.131908,0.147313
0.317003,0.461517,-0.018011,0.101884,0.601264,-0.308455,-0.172831,0.248299,0.314457,-0.131908,0.147313,0.026953
0.321773,0.461517,0.101884,0.601264,-0.308455,-0.172831,0.248299,0.314457,-0.131908,0.147313,0.026953,-0.066298
0.319774,0.461517,0.601264,-0.308455,-0.172831,0.248299,0.314457,-0.131908,0.147313,0.026953,-0.066298,0.052877
0.322004,0.461517,-0.308455,-0.172831,0.248299,0.314457,-0.131908,0.147313,0.026953,-0.066298,0.052877,0.488415
0.322411,0.461517,-0.172831,0.248299,0.314457,-0.131908,0.147313,0.026953,-0.066298,0.052877,0.488415,-0.230285
0.321409,0.461517,0.248299,0.314457,-0.131908,0.147313,0.026953,-0.066298,0.052877,0.488415,-0.230285,-0.223806
0.322209,0.461517,0.314457,-0.131908,0.147313,0.026953,-0.066298,0.052877,0.488415,-0.230285,-0.223806,0.234844
0.329584,0.461517,-0.131908,0.147313,0.026953,-0.066298,0.052877,0.488415,-0.230285,-0.223806,0.234844,0.323841
0.326116,0.461517,0.147313,0.026953,-0.066298,0.052877,0.488415,-0.230285,-0.223806,0.234844,0.323841,-0.159764
0.32274,0.461517,0.026953,-0.066298,0.052877,0.488415,-0.230285,-0.223806,0.234844,0.323841,-0.159764,0.106915
0.326284,0.461517,-0.066298,0.052877,0.488415,-0.230285,-0.223806,0.234844,0.323841,-0.159764,0.106915,-0.123242
0.331161,0.461517,0.052877,0.488415,-0.230285,-0.223806,0.234844,0.323841,-0.159764,0.106915,-0.123242,-0.279032
0.328756,0.461517,0.488415,-0.230285,-0.223806,0.234844,0.323841,-0.159764,0.106915,-0.123242,-0.279032,-0.117091
0.330364,0.45813,-0.230285,-0.223806,0.234844,0.323841,-0.159764,0.106915,-0.123242,-0.279032,-0.117091,0.569655
0.328512,0.45813,-0.223806,0.234844,0.323841,-0.159764,0.106915,-0.123242,-0.279032,-0.117091,0.569655,-0.245605
0.324307,0.45813,0.234844,0.323841,-0.159764,0.106915,-0.123242,-0.279032,-0.117091,0.569655,-0.245605,-0.169875
0.322537,0.45813,0.323841,-0.159764,0.106915,-0.123242,-0.279032,-0.117091,0.569655,-0.245605,-0.169875,0.24318
0.331132,0.45813,-0.159764,0.106915,-0.123242,-0.279032,-0.117091,0.569655,-0.245605,-0.169875,0.24318,0.273548
0.327437,0.45813,0.106915,-0.123242,-0.279032,-0.117091,0.569655,-0.245605,-0.169875,0.24318,0.273548,-0.082979
0.324878,0.45813,-0.123242,-0.279032,-0.117091,0.569655,-0.245605,-0.169875,0.24318,0.273548,-0.082979,0.118896
0.328541,0.45813,-0.279032,-0.117091,0.569655,-0.245605,-0.169875,0.24318,0.273548,-0.082979,0.118896,-0.157198
0.332656,0.45813,-0.117091,0.569655,-0.245605,-0.169875,0.24318,0.273548,-0.082979,0.118896,-0.157198,-0.295248
0.331409,0.45813,0.569655,-0.245605,-0.169875,0.24318,0.273548,-0.082979,0.118896,-0.157198,-0.295248,-0.294881
0.333193,0.45813,-0.245605,-0.169875,0.24318,0.273548,-0.082979,0.118896,-0.157198,-0.295248,-0.294881,0.29816
0.330835,0.45813,-0.169875,0.24318,0.273548,-0.082979,0.118896,-0.157198,-0.295248,-0.294881,0.29816,-0.452601
0.326394,0.45813,0.24318,0.273548,-0.082979,0.118896,-0.157198,-0.295248,-0.294881,0.29816,-0.452601,-0.102599
0.321937,0.45813,0.273548,-0.082979,0.118896,-0.157198,-0.295248,-0.294881,0.29816,-0.452601,-0.102599,0.265168
0.326444,0.45813,-0.082979,0.118896,-0.157198,-0.295248,-0.294881,0.29816,-0.452601,-0.102599,0.265168,0.252072
0.319603,0.45813,0.118896,-0.157198,-0.295248,-0.294881,0.29816,-0.452601,-0.102599,0.265168,0.252072,0.026834
0.318049,0.45813,-0.157198,-0.295248,-0.294881,0.29816,-0.452601,-0.102599,0.265168,0.252072,0.026834,0.029302
0.322064,0.45813,-0.295248,-0.294881,0.29816,-0.452601,-0.102599,0.265168,0.252072,0.026834,0.029302,0.078635
0.325874,0.45813,-0.294881,0.29816,-0.452601,-0.102599,0.265168,0.252072,0.026834,0.029302,0.078635,-0.071154
0.32628,0.45813,0.29816,-0.452601,-0.102599,0.265168,0.252072,0.026834,0.029302,0.078635,-0.071154,0.038363
0.326721,0.45813,-0.452601,-0.102599,0.265168,0.252072,0.026834,0.029302,0.078635,-0.071154,0.038363,0.453786
0.327905,0.45813,-0.102599,0.265168,0.252072,0.026834,0.029302,0.078635,-0.071154,0.038363,0.453786,-0.291234
0.326834,0.45813,0.265168,0.252072,0.026834,0.029302,0.078635,-0.071154,0.038363,0.453786,-0.291234,-0.251184
0.327412,0.45813,0.252072,0.026834,0.029302,0.078635,-0.071154,0.038363,0.453786,-0.291234,-0.251184,0.15565
0.334239,0.45813,0.026834,0.029302,0.078635,-0.071154,0.038363,0.453786,-0.291234,-0.251184,0.15565,0.221892
0.329866,0.45813,0.029302,0.078635,-0.071154,0.038363,0.453786,-0.291234,-0.251184,0.15565,0.221892,-0.15994
0.326087,0.45813,0.078635,-0.071154,0.038363,0.453786,-0.291234,-0.251184,0.15565,0.221892,-0.15994,0.081305
0.328431,0.45813,-0.071154,0.038363,0.453786,-0.291234,-0.251184,0.15565,0.221892,-0.15994,0.081305,-0.023956
0.33177,0.45813,0.038363,0.453786,-0.291234,-0.251184,0.15565,0.221892,-0.15994,0.081305,-0.023956,-0.097381
0.329363,0.45813,0.453786,-0.291234,-0.251184,0.15565,0.221892,-0.15994,0.081305,-0.023956,-0.097381,0.009045
0.330586,0.45813,-0.291234,-0.251184,0.15565,0.221892,-0.15994,0.081305,-0.023956,-0.097381,0.009045,0.447973
0.330226,0.45813,-0.251184,0.15565,0.221892,-0.15994,0.081305,-0.023956,-0.097381,0.009045,0.447973,-0.273566
0.328762,0.45813,0.15565,0.221892,-0.15994,0.081305,-0.023956,-0.097381,0.009045,0.447973,-0.273566,-0.281393
0.328898,0.45813,0.221892,-0.15994,0.081305,-0.023956,-0.097381,0.009045,0.447973,-0.273566,-0.281393,0.174385
0.33563,0.45813,-0.15994,0.081305,-0.023956,-0.097381,0.009045,0.447973,-0.273566,-0.281393,0.174385,0.252055
0.331528,0.45813,0.081305,-0.023956,-0.097381,0.009045,0.447973,-0.273566,-0.281393,0.174385,0.252055,-0.156834
0.327298,0.45813,-0.023956,-0.097381,0.009045,0.447973,-0.273566,-0.281393,0.174385,0.252055,-0.156834,0.070744
0.329922,0.45813,-0.097381,0.009045,0.447973,-0.273566,-0.281393,0.174385,0.252055,-0.156834,0.070744,-0.046213
0.33371,0.45813,0.009045,0.447973,-0.273566,-0.281393,0.174385,0.252055,-0.156834,0.070744,-0.046213,-0.075715
0.331353,0.45813,0.447973,-0.273566,-0.281393,0.174385,0.252055,-0.156834,0.070744,-0.046213,-0.075715,-0.002132
0.332416,0.45813,-0.273566,-0.281393,0.174385,0.252055,-0.156834,0.070744,-0.046213,-0.075715,-0.002132,0.40502
0.331722,0.45813,-0.281393,0.174385,0.252055,-0.156834,0.070744,-0.046213,-0.075715,-0.002132,0.40502,-0.303679
0.330586,0.45813,0.174385,0.252055,-0.156834,0.070744,-0.046213,-0.075715,-0.002132,0.40502,-0.303679,-0.259729
0.330553,0.45813,0.252055,-0.156834,0.070744,-0.046213,-0.075715,-0.002132,0.40502,-0.303679,-0.259729,0.134154
0.336634,0.456696,-0.156834,0.070744,-0.046213,-0.075715,-0.002132,0.40502,-0.303679,-0.259729,0.134154,0.215203
0.332083,0.456696,0.070744,-0.046213,-0.075715,-0.002132,0.40502,-0.303679,-0.259729,0.134154,0.215203,-0.156753
0.328181,0.456696,-0.046213,-0.075715,-0.002132,0.40502,-0.303679,-0.259729,0.134154,0.215203,-0.156753,0.048494
0.330198,0.456696,-0.075715,-0.002132,0.40502,-0.303679,-0.259729,0.134154,0.215203,-0.156753,0.048494,-0.057235
0.333432,0.456696,-0.002132,0.40502,-0.303679,-0.259729,0.134154,0.215203,-0.156753,0.048494,-0.057235,-0.09758
0.331077,0.456696,0.40502,-0.303679,-0.259729,0.134154,0.215203,-0.156753,0.048494,-0.057235,-0.09758,-0.034969
0.331805,0.456696,-0.303679,-0.259729,0.134154,0.215203,-0.156753,0.048494,-0.057235,-0.09758,-0.034969,0.414591
0.330946,0.456696,-0.259729,0.134154,0.215203,-0.156753,0.048494,-0.057235,-0.09758,-0.034969,0.414591,-0.277018
0.32948,0.456696,0.134154,0.215203,-0.156753,0.048494,-0.057235,-0.09758,-0.034969,0.414591,-0.277018,-0.288404
0.328953,0.456696,0.215203,-0.156753,0.048494,-0.057235,-0.09758,-0.034969,0.414591,-0.277018,-0.288404,0.148487
0.335184,0.456696,-0.156753,0.048494,-0.057235,-0.09758,-0.034969,0.414591,-0.277018,-0.288404,0.148487,0.199978
0.331029,0.456696,0.048494,-0.057235,-0.09758,-0.034969,0.414591,-0.277018,-0.288404,0.148487,0.199978,-0.134312
0.326692,0.456696,-0.057235,-0.09758,-0.034969,0.414591,-0.277018,-0.288404,0.148487,0.199978,-0.134312,0.037216
0.328928,0.456696,-0.09758,-0.034969,0.414591,-0.277018,-0.288404,0.148487,0.199978,-0.134312,0.037216,-0.060773
0.331936,0.456696,-0.034969,0.414591,-0.277018,-0.288404,0.148487,0.199978,-0.134312,0.037216,-0.060773,-0.119154
0.329916,0.456696,0.414591,-0.277018,-0.288404,0.148487,0.199978,-0.134312,0.037216,-0.060773,-0.119154,-0.001825
0.330475,0.456696,-0.277018,-0.288404,0.148487,0.199978,-0.134312,0.037216,-0.060773,-0.119154,-0.001825,0.383761
0.329562,0.456696,-0.288404,0.148487,0.199978,-0.134312,0.037216,-0.060773,-0.119154,-0.001825,0.383761,-0.290816
0.32777,0.456696,0.148487,0.199978,-0.134312,0.037216,-0.060773,-0.119154,-0.001825,0.383761,-0.290816,-0.279944
0.327742,0.456696,0.199978,-0.134312,0.037216,-0.060773,-0.119154,-0.001825,0.383761,-0.290816,-0.279944,0.180934
0.333516,0.456696,-0.134312,0.037216,-0.060773,-0.119154,-0.001825,0.383761,-0.290816,-0.279944,0.180934,0.203213
0.329148,0.456024,0.037216,-0.060773,-0.119154,-0.001825,0.383761,-0.290816,-0.279944,0.180934,0.203213,-0.192518
0.324933,0.456024,-0.060773,-0.119154,-0.001825,0.383761,-0.290816,-0.279944,0.180934,0.203213,-0.192518,0.040526
0.327659,0.456024,-0.119154,-0.001825,0.383761,-0.290816,-0.279944,0.180934,0.203213,-0.192518,0.040526,-0.049547
0.330719,0.456024,-0.001825,0.383761,-0.290816,-0.279944,0.180934,0.203213,-0.192518,0.040526,-0.049547,-0.147673
0.32782,0.456024,0.383761,-0.290816,-0.279944,0.180934,0.203213,-0.192518,0.040526,-0.049547,-0.147673,-0.041479
0.32843,0.456024,-0.290816,-0.279944,0.180934,0.203213,-0.192518,0.040526,-0.049547,-0.147673,-0.041479,0.392085
0.327684,0.456024,-0.279944,0.180934,0.203213,-0.192518,0.040526,-0.049547,-0.147673,-0.041479,0.392085,-0.296548
0.325459,0.456024,0.180934,0.203213,-0.192518,0.040526,-0.049547,-0.147673,-0.041479,0.392085,-0.296548,-0.317981
0.324833,0.456024,0.203213,-0.192518,0.040526,-0.049547,-0.147673,-0.041479,0.392085,-0.296548,-0.317981,0.067416
0.330745,0.456024,-0.192518,0.040526,-0.049547,-0.147673,-0.041479,0.392085,-0.296548,-0.317981,0.067416,-0.241858
0.326281,0.456024,0.040526,-0.049547,-0.147673,-0.041479,0.392085,-0.296548,-0.317981,0.067416,-0.241858,-0.159707
0.321482,0.456024,-0.049547,-0.147673,-0.041479,0.392085,-0.296548,-0.317981,0.067416,-0.241858,-0.159707,0.063549
0.322501,0.456024,-0.147673,-0.041479,0.392085,-0.296548,-0.317981,0.067416,-0.241858,-0.159707,0.063549,0.005076
0.318836,0.456024,-0.041479,0.392085,-0.296548,-0.317981,0.067416,-0.241858,-0.159707,0.063549,0.005076,-0.132931
0.316409,0.456024,0.392085,-0.296548,-0.317981,0.067416,-0.241858,-0.159707,0.063549,0.005076,-0.132931,0.042121
0.317374,0.456024,-0.296548,-0.317981,0.067416,-0.241858,-0.159707,0.063549,0.005076,-0.132931,0.042121,0.405406
0.317451,0.456024,-0.317981,0.067416,-0.241858,-0.159707,0.063549,0.005076,-0.132931,0.042121,0.405406,-0.288029
0.315433,0.456024,0.067416,-0.241858,-0.159707,0.063549,0.005076,-0.132931,0.042121,0.405406,-0.288029,-0.390055
0.316074,0.456024,-0.241858,-0.159707,0.063549,0.005076,-0.132931,0.042121,0.405406,-0.288029,-0.390055,-0.211623
0.322226,0.456024,-0.159707,0.063549,0.005076,-0.132931,0.042121,0.405406,-0.288029,-0.390055,-0.211623,0.249412
0.317863,0.456024,0.063549,0.005076,-0.132931,0.042121,0.405406,-0.288029,-0.390055,-0.211623,0.249412,-0.178872
0.311936,0.456024,0.005076,-0.132931,0.042121,0.405406,-0.288029,-0.390055,-0.211623,0.249412,-0.178872,0.051484
0.308708,0.456024,-0.132931,0.042121,0.405406,-0.288029,-0.390055,-0.211623,0.249412,-0.178872,0.051484,-0.026872
0.312516,0.456024,0.042121,0.405406,-0.288029,-0.390055,-0.211623,0.249412,-0.178872,0.051484,-0.026872,-0.081198
0.309785,0.456024,0.405406,-0.288029,-0.390055,-0.211623,0.249412,-0.178872,0.051484,-0.026872,-0.081198,0.007175
0.310571,0.456024,-0.288029,-0.390055,-0.211623,0.249412,-0.178872,0.051484,-0.026872,-0.081198,0.007175,0.042282
0.310161,0.456024,-0.390055,-0.211623,0.249412,-0.178872,0.051484,-0.026872,-0.081198,0.007175,0.042282,-0.155446
0.308922,0.456024,-0.211623,0.249412,-0.178872,0.051484,-0.026872,-0.081198,0.007175,0.042282,-0.155446,-0.679695
0.309031,0.456024,0.249412,-0.178872,0.051484,-0.026872,-0.081198,0.007175,0.042282,-0.155446,-0.679695,0.482014
0.309678,0.456024,-0.178872,0.051484,-0.026872,-0.081198,0.007175,0.042282,-0.155446,-0.679695,0.482014,0.04221
0.307302,0.456024,0.051484,-0.026872,-0.081198,0.007175,0.042282,-0.155446,-0.679695,0.482014,0.04221,-0.10037
0.296872,0.456024,-0.026872,-0.081198,0.007175,0.042282,-0.155446,-0.679695,0.482014,0.04221,-0.10037,0.12662
0.30428,0.456024,-0.081198,0.007175,0.042282,-0.155446,-0.679695,0.482014,0.04221,-0.10037,0.12662,-0.075338
0.304927,0.456024,0.007175,0.042282,-0.155446,-0.679695,0.482014,0.04221,-0.10037,0.12662,-0.075338,-0.055482
0.303387,0.456024,0.042282,-0.155446,-0.679695,0.482014,0.04221,-0.10037,0.12662,-0.075338,-0.055482,-0.037174
0.305328,0.456024,-0.155446,-0.679695,0.482014,0.04221,-0.10037,0.12662,-0.075338,-0.055482,-0.037174,0.455359
0.304174,0.456024,-0.679695,0.482014,0.04221,-0.10037,0.12662,-0.075338,-0.055482,-0.037174,0.455359,-0.225264
0.303323,0.456024,0.482014,0.04221,-0.10037,0.12662,-0.075338,-0.055482,-0.037174,0.455359,-0.225264,-0.287021
0.302753,0.456024,0.04221,-0.10037,0.12662,-0.075338,-0.055482,-0.037174,0.455359,-0.225264,-0.287021,0.190513
0.309732,0.456024,-0.10037,0.12662,-0.075338,-0.055482,-0.037174,0.455359,-0.225264,-0.287021,0.190513,-0.0962
0.306288,0.456024,0.12662,-0.075338,-0.055482,-0.037174,0.455359,-0.225264,-0.287021,0.190513,-0.0962,-0.089774
0.30189,0.456024,-0.075338,-0.055482,-0.037174,0.455359,-0.225264,-0.287021,0.190513,-0.0962,-0.089774,-0.303981
0.304812,0.456024,-0.055482,-0.037174,0.455359,-0.225264,-0.287021,0.190513,-0.0962,-0.089774,-0.303981,0.141477
0.303335,0.456024,-0.037174,0.455359,-0.225264,-0.287021,0.190513,-0.0962,-0.089774,-0.303981,0.141477,-0.06484
0.301955,0.456024,0.455359,-0.225264,-0.287021,0.190513,-0.0962,-0.089774,-0.303981,0.141477,-0.06484,0.0115
0.297278,0.451202,-0.225264,-0.287021,0.190513,-0.0962,-0.089774,-0.303981,0.141477,-0.06484,0.0115,0.509857
0.299455,0.451202,-0.287021,0.190513,-0.0962,-0.089774,-0.303981,0.141477,-0.06484,0.0115,0.509857,-0.279159
0.298458,0.451202,0.190513,-0.0962,-0.089774,-0.303981,0.141477,-0.06484,0.0115,0.509857,-0.279159,-0.229612
0.298635,0.451202,-0.0962,-0.089774,-0.303981,0.141477,-0.06484,0.0115,0.509857,-0.279159,-0.229612,0.234175
0.306471,0.451202,-0.089774,-0.303981,0.141477,-0.06484,0.0115,0.509857,-0.279159,-0.229612,0.234175,-0.09881
0.302191,0.451202,-0.303981,0.141477,-0.06484,0.0115,0.509857,-0.279159,-0.229612,0.234175,-0.09881,-0.103095
0.298663,0.451202,0.141477,-0.06484,0.0115,0.509857,-0.279159,-0.229612,0.234175,-0.09881,-0.103095,-0.292078
0.302263,0.451202,-0.06484,0.0115,0.509857,-0.279159,-0.229612,0.234175,-0.09881,-0.103095,-0.292078,0.161058
0.300743,0.451202,0.0115,0.509857,-0.279159,-0.229612,0.234175,-0.09881,-0.103095,-0.292078,0.161058,-0.074555
0.299155,0.451202,0.509857,-0.279159,-0.229612,0.234175,-0.09881,-0.103095,-0.292078,0.161058,-0.074555,0.015089
0.294652,0.451202,-0.279159,-0.229612,0.234175,-0.09881,-0.103095,-0.292078,0.161058,-0.074555,0.015089,0.493016
0.297135,0.451202,-0.229612,0.234175,-0.09881,-0.103095,-0.292078,0.161058,-0.074555,0.015089,0.493016,-0.550926
0.295986,0.451202,0.234175,-0.09881,-0.103095,-0.292078,0.161058,-0.074555,0.015089,0.493016,-0.550926,-0.175487
0.296219,0.451202,-0.09881,-0.103095,-0.292078,0.161058,-0.074555,0.015089,0.493016,-0.550926,-0.175487,-0.083586
0.303811,0.451202,-0.103095,-0.292078,0.161058,-0.074555,0.015089,0.493016,-0.550926,-0.175487,-0.083586,0.44189
0.295334,0.451202,-0.292078,0.161058,-0.074555,0.015089,0.493016,-0.550926,-0.175487,-0.083586,0.44189,-0.214634
0.292624,0.451202,0.161058,-0.074555,0.015089,0.493016,-0.550926,-0.175487,-0.083586,0.44189,-0.214634,0.208818
0.291331,0.451202,-0.074555,0.015089,0.493016,-0.550926,-0.175487,-0.083586,0.44189,-0.214634,0.208818,0.024974
0.298161,0.451202,0.015089,0.493016,-0.550926,-0.175487,-0.083586,0.44189,-0.214634,0.208818,0.024974,-0.122625
0.294847,0.451202,0.493016,-0.550926,-0.175487,-0.083586,0.44189,-0.214634,0.208818,0.024974,-0.122625,0.130892
0.298068,0.452515,-0.550926,-0.175487,-0.083586,0.44189,-0.214634,0.208818,0.024974,-0.122625,0.130892,0.370993
0.298452,0.452515,-0.175487,-0.083586,0.44189,-0.214634,0.208818,0.024974,-0.122625,0.130892,0.370993,-0.202259
0.296563,0.452515,-0.083586,0.44189,-0.214634,0.208818,0.024974,-0.122625,0.130892,0.370993,-0.202259,-0.239365
0.298582,0.452515,0.44189,-0.214634,0.208818,0.024974,-0.122625,0.130892,0.370993,-0.202259,-0.239365,0.257745
0.304289,0.452515,-0.214634,0.208818,0.024974,-0.122625,0.130892,0.370993,-0.202259,-0.239365,0.257745,0.214858
0.301185,0.452515,0.208818,0.024974,-0.122625,0.130892,0.370993,-0.202259,-0.239365,0.257745,0.214858,-0.148647
0.297504,0.452515,0.024974,-0.122625,0.130892,0.370993,-0.202259,-0.239365,0.257745,0.214858,-0.148647,0.11934
0.301468,0.452515,-0.122625,0.130892,0.370993,-0.202259,-0.239365,0.257745,0.214858,-0.148647,0.11934,-0.137488
0.304768,0.452515,0.130892,0.370993,-0.202259,-0.239365,0.257745,0.214858,-0.148647,0.11934,-0.137488,-0.274799
0.302485,0.452515,0.370993,-0.202259,-0.239365,0.257745,0.214858,-0.148647,0.11934,-0.137488,-0.274799,-0.151701
0.304316,0.452515,-0.202259,-0.239365,0.257745,0.214858,-0.148647,0.11934,-0.137488,-0.274799,-0.151701,0.547627
0.302208,0.452515,-0.239365,0.257745,0.214858,-0.148647,0.11934,-0.137488,-0.274799,-0.151701,0.547627,-0.19529
0.297983,0.452515,0.257745,0.214858,-0.148647,0.11934,-0.137488,-0.274799,-0.151701,0.547627,-0.19529,-0.174262
0.295642,0.452515,0.214858,-0.148647,0.11934,-0.137488,-0.274799,-0.151701,0.547627,-0.19529,-0.174262,0.272034
0.304077,0.452515,-0.148647,0.11934,-0.137488,-0.274799,-0.151701,0.547627,-0.19529,-0.174262,0.272034,0.236135
0.301079,0.452515,0.11934,-0.137488,-0.274799,-0.151701,0.547627,-0.19529,-0.174262,0.272034,0.236135,-0.062445
0.2984,0.452515,-0.137488,-0.274799,-0.151701,0.547627,-0.19529,-0.174262,0.272034,0.236135,-0.062445,0.113348
0.302581,0.452515,-0.274799,-0.151701,0.547627,-0.19529,-0.174262,0.272034,0.236135,-0.062445,0.113348,0.050202
0.306204,0.452515,-0.151701,0.547627,-0.19529,-0.174262,0.272034,0.236135,-0.062445,0.113348,0.050202,-0.014263
0.305246,0.452515,0.547627,-0.19529,-0.174262,0.272034,0.236135,-0.062445,0.113348,0.050202,-0.014263,0.084103
0.306982,0.452515,-0.19529,-0.174262,0.272034,0.236135,-0.062445,0.113348,0.050202,-0.014263,0.084103,0.426639
0.307749,0.452515,-0.174262,0.272034,0.236135,-0.062445,0.113348,0.050202,-0.014263,0.084103,0.426639,-0.245338
0.307531,0.452515,0.272034,0.236135,-0.062445,0.113348,0.050202,-0.014263,0.084103,0.426639,-0.245338,-0.248404
0.308818,0.452515,0.236135,-0.062445,0.113348,0.050202,-0.014263,0.084103,0.426639,-0.245338,-0.248404,0.249122
0.315328,0.452515,-0.062445,0.113348,0.050202,-0.014263,0.084103,0.426639,-0.245338,-0.248404,0.249122,0.229491
0.311592,0.452515,0.113348,0.050202,-0.014263,0.084103,0.426639,-0.245338,-0.248404,0.249122,0.229491,-0.112686
0.307803,0.452515,0.050202,-0.014263,0.084103,0.426639,-0.245338,-0.248404,0.249122,0.229491,-0.112686,0.105508
0.311604,0.452515,-0.014263,0.084103,0.426639,-0.245338,-0.248404,0.249122,0.229491,-0.112686,0.105508,0.051318
0.315102,0.452515,0.084103,0.426639,-0.245338,-0.248404,0.249122,0.229491,-0.112686,0.105508,0.051318,-0.071971
0.313385,0.452515,0.426639,-0.245338,-0.248404,0.249122,0.229491,-0.112686,0.105508,0.051318,-0.071971,0.049221
0.314991,0.452515,-0.245338,-0.248404,0.249122,0.229491,-0.112686,0.105508,0.051318,-0.071971,0.049221,0.150203
0.31577,0.452515,-0.248404,0.249122,0.229491,-0.112686,0.105508,0.051318,-0.071971,0.049221,0.150203,-0.139837
0.314676,0.452515,0.249122,0.229491,-0.112686,0.105508,0.051318,-0.071971,0.049221,0.150203,-0.139837,-0.678538
0.315425,0.452515,0.229491,-0.112686,0.105508,0.051318,-0.071971,0.049221,0.150203,-0.139837,-0.678538,0.483795
0.317709,0.452515,-0.112686,0.105508,0.051318,-0.071971,0.049221,0.150203,-0.139837,-0.678538,0.483795,-0.161939
0.315586,0.452515,0.105508,0.051318,-0.071971,0.049221,0.150203,-0.139837,-0.678538,0.483795,-0.161939,0.003824
0.305239,0.452515,0.051318,-0.071971,0.049221,0.150203,-0.139837,-0.678538,0.483795,-0.161939,0.003824,-0.208008
0.312627,0.452515,-0.071971,0.049221,0.150203,-0.139837,-0.678538,0.483795,-0.161939,0.003824,-0.208008,0.130874
0.310155,0.452515,0.049221,0.150203,-0.139837,-0.678538,0.483795,-0.161939,0.003824,-0.208008,0.130874,-0.035414
0.310214,0.452515,0.150203,-0.139837,-0.678538,0.483795,-0.161939,0.003824,-0.208008,0.130874,-0.035414,0.024691
0.307035,0.452515,-0.139837,-0.678538,0.483795,-0.161939,0.003824,-0.208008,0.130874,-0.035414,0.024691,0.62622
0.309034,0.452515,-0.678538,0.483795,-0.161939,0.003824,-0.208008,0.130874,-0.035414,0.024691,0.62622,-0.356751
0.308494,0.452515,0.483795,-0.161939,0.003824,-0.208008,0.130874,-0.035414,0.024691,0.62622,-0.356751,-0.171772
0.308871,0.452515,-0.161939,0.003824,-0.208008,0.130874,-0.035414,0.024691,0.62622,-0.356751,-0.171772,0.200779
0.318415,0.461639,0.003824,-0.208008,0.130874,-0.035414,0.024691,0.62622,-0.356751,-0.171772,0.200779,0.248067
0.312993,0.461639,-0.208008,0.130874,-0.035414,0.024691,0.62622,-0.356751,-0.171772,0.200779,0.248067,-0.166313
0.310376,0.461639,0.130874,-0.035414,0.024691,0.62622,-0.356751,-0.171772,0.200779,0.248067,-0.166313,0.073847
0.313435,0.461639,-0.035414,0.024691,0.62622,-0.356751,-0.171772,0.200779,0.248067,-0.166313,0.073847,-0.019944
0.31721,0.461639,0.024691,0.62622,-0.356751,-0.171772,0.200779,0.248067,-0.166313,0.073847,-0.019944,-0.114491
0.314679,0.461639,0.62622,-0.356751,-0.171772,0.200779,0.248067,-0.166313,0.073847,-0.019944,-0.114491,-0.010924
0.315802,0.461639,-0.356751,-0.171772,0.200779,0.248067,-0.166313,0.073847,-0.019944,-0.114491,-0.010924,0.428063
0.315499,0.461639,-0.171772,0.200779,0.248067,-0.166313,0.073847,-0.019944,-0.114491,-0.010924,0.428063,-0.283254
0.313759,0.461639,0.200779,0.248067,-0.166313,0.073847,-0.019944,-0.114491,-0.010924,0.428063,-0.283254,-0.271915
0.313592,0.461639,0.248067,-0.166313,0.073847,-0.019944,-0.114491,-0.010924,0.428063,-0.283254,-0.271915,0.197739
0.3201,0.461639,-0.166313,0.073847,-0.019944,-0.114491,-0.010924,0.428063,-0.283254,-0.271915,0.197739,0.234348
0.315802,0.461639,0.073847,-0.019944,-0.114491,-0.010924,0.428063,-0.283254,-0.271915,0.197739,0.234348,-0.152419
0.311667,0.461639,-0.019944,-0.114491,-0.010924,0.428063,-0.283254,-0.271915,0.197739,0.234348,-0.152419,0.049159
0.314676,0.461639,-0.114491,-0.010924,0.428063,-0.283254,-0.271915,0.197739,0.234348,-0.152419,0.049159,-0.005673
0.318239,0.461639,-0.010924,0.428063,-0.283254,-0.271915,0.197739,0.234348,-0.152419,0.049159,-0.005673,-0.082839
0.315922,0.461639,0.428063,-0.283254,-0.271915,0.197739,0.234348,-0.152419,0.049159,-0.005673,-0.082839,0.013714
0.316669,0.461639,-0.283254,-0.271915,0.197739,0.234348,-0.152419,0.049159,-0.005673,-0.082839,0.013714,0.430091
0.316583,0.461639,-0.271915,0.197739,0.234348,-0.152419,0.049159,-0.005673,-0.082839,0.013714,0.430091,-0.586942
0.315325,0.461639,0.197739,0.234348,-0.152419,0.049159,-0.005673,-0.082839,0.013714,0.430091,-0.586942,-0.242226
0.315533,0.461639,0.234348,-0.152419,0.049159,-0.005673,-0.082839,0.013714,0.430091,-0.586942,-0.242226,-0.119513
0.322062,0.461639,-0.152419,0.049159,-0.005673,-0.082839,0.013714,0.430091,-0.586942,-0.242226,-0.119513,0.42882
0.313154,0.461639,0.049159,-0.005673,-0.082839,0.013714,0.430091,-0.586942,-0.242226,-0.119513,0.42882,-0.260273
0.309463,0.462952,-0.005673,-0.082839,0.013714,0.430091,-0.586942,-0.242226,-0.119513,0.42882,-0.260273,-0.046924
0.307638,0.462952,-0.082839,0.013714,0.430091,-0.586942,-0.242226,-0.119513,0.42882,-0.260273,-0.046924,-0.187951
0.314185,0.462952,0.013714,0.430091,-0.586942,-0.242226,-0.119513,0.42882,-0.260273,-0.046924,-0.187951,-0.281343
0.310214,0.462952,0.430091,-0.586942,-0.242226,-0.119513,0.42882,-0.260273,-0.046924,-0.187951,-0.281343,0.2256
0.309497,0.462952,-0.586942,-0.242226,-0.119513,0.42882,-0.260273,-0.046924,-0.187951,-0.281343,0.2256,0.317902
0.306626,0.462952,-0.242226,-0.119513,0.42882,-0.260273,-0.046924,-0.187951,-0.281343,0.2256,0.317902,-0.173203
0.302316,0.462952,-0.119513,0.42882,-0.260273,-0.046924,-0.187951,-0.281343,0.2256,0.317902,-0.173203,-0.242979
0.305778,0.462952,0.42882,-0.260273,-0.046924,-0.187951,-0.281343,0.2256,0.317902,-0.173203,-0.242979,0.233344
0.310643,0.462952,-0.260273,-0.046924,-0.187951,-0.281343,0.2256,0.317902,-0.173203,-0.242979,0.233344,0.196293
0.307998,0.462952,-0.046924,-0.187951,-0.281343,0.2256,0.317902,-0.173203,-0.242979,0.233344,0.196293,-0.18528
0.304281,0.462952,-0.187951,-0.281343,0.2256,0.317902,-0.173203,-0.242979,0.233344,0.196293,-0.18528,0.103766
0.307852,0.462952,-0.281343,0.2256,0.317902,-0.173203,-0.242979,0.233344,0.196293,-0.18528,0.103766,-0.058434
0.310852,0.462952,0.2256,0.317902,-0.173203,-0.242979,0.233344,0.196293,-0.18528,0.103766,-0.058434,-0.101803
0.308019,0.462952,0.317902,-0.173203,-0.242979,0.233344,0.196293,-0.18528,0.103766,-0.058434,-0.101803,-0.020514
0.309605,0.462952,-0.173203,-0.242979,0.233344,0.196293,-0.18528,0.103766,-0.058434,-0.101803,-0.020514,0.041924
0.308713,0.462952,-0.242979,0.233344,0.196293,-0.18528,0.103766,-0.058434,-0.101803,-0.020514,0.041924,-0.472898
0.307157,0.462952,0.233344,0.196293,-0.18528,0.103766,-0.058434,-0.101803,-0.020514,0.041924,-0.472898,-0.699161
0.306843,0.462952,0.196293,-0.18528,0.103766,-0.058434,-0.101803,-0.020514,0.041924,-0.472898,-0.699161,0.121868
0.307485,0.462952,-0.18528,0.103766,-0.058434,-0.101803,-0.020514,0.041924,-0.472898,-0.699161,0.121868,0.005319
0.300232,0.462952,0.103766,-0.058434,-0.101803,-0.020514,0.041924,-0.472898,-0.699161,0.121868,0.005319,-0.154984
0.289443,0.462952,-0.058434,-0.101803,-0.020514,0.041924,-0.472898,-0.699161,0.121868,0.005319,-0.154984,-0.14988
0.291331,0.462952,-0.101803,-0.020514,0.041924,-0.472898,-0.699161,0.121868,0.005319,-0.154984,-0.14988,0.161275
0.291413,0.462952,-0.020514,0.041924,-0.472898,-0.699161,0.121868,0.005319,-0.154984,-0.14988,0.161275,-0.052625
0.289008,0.462952,0.041924,-0.472898,-0.699161,0.121868,0.005319,-0.154984,-0.14988,0.161275,-0.052625,0.075714
0.286681,0.462952,-0.472898,-0.699161,0.121868,0.005319,-0.154984,-0.14988,0.161275,-0.052625,0.075714,0.542926
0.289183,0.462952,-0.699161,0.121868,0.005319,-0.154984,-0.14988,0.161275,-0.052625,0.075714,0.542926,-0.254114
0.288367,0.462952,0.121868,0.005319,-0.154984,-0.14988,0.161275,-0.052625,0.075714,0.542926,-0.254114,-0.228874
0.289542,0.462952,0.005319,-0.154984,-0.14988,0.161275,-0.052625,0.075714,0.542926,-0.254114,-0.228874,0.21676
0.297944,0.462952,-0.154984,-0.14988,0.161275,-0.052625,0.075714,0.542926,-0.254114,-0.228874,0.21676,0.225505
