0.072098,0.219605,-0.033316,0.064345,-0.041518,-0.05216,0.178057,-0.066163,-0.145212,0.054534,0.129999,-0.12519
0.069388,0.219605,0.064345,-0.041518,-0.05216,0.178057,-0.066163,-0.145212,0.054534,0.129999,-0.12519,-0.040958
0.070407,0.219605,-0.041518,-0.05216,0.178057,-0.066163,-0.145212,0.054534,0.129999,-0.12519,-0.040958,0.07572
0.072834,0.219605,-0.05216,0.178057,-0.066163,-0.145212,0.054534,0.129999,-0.12519,-0.040958,0.07572,-0.06058
0.070496,0.219605,0.178057,-0.066163,-0.145212,0.054534,0.129999,-0.12519,-0.040958,0.07572,-0.06058,-0.076681
0.06973,0.219605,-0.066163,-0.145212,0.054534,0.129999,-0.12519,-0.040958,0.07572,-0.06058,-0.076681,0.165743
0.071144,0.219605,-0.145212,0.054534,0.129999,-0.12519,-0.040958,0.07572,-0.06058,-0.076681,0.165743,-0.04102
0.070013,0.219605,0.054534,0.129999,-0.12519,-0.040958,0.07572,-0.06058,-0.076681,0.165743,-0.04102,-0.167636
0.068578,0.219605,0.129999,-0.12519,-0.040958,0.07572,-0.06058,-0.076681,0.165743,-0.04102,-0.167636,0.075379
0.071678,0.219605,-0.12519,-0.040958,0.07572,-0.06058,-0.076681,0.165743,-0.04102,-0.167636,0.075379,0.135421
0.070913,0.219605,-0.040958,0.07572,-0.06058,-0.076681,0.165743,-0.04102,-0.167636,0.075379,0.135421,-0.126764
0.06778,0.219605,0.07572,-0.06058,-0.076681,0.165743,-0.04102,-0.167636,0.075379,0.135421,-0.126764,-0.027544
0.06919,0.219605,-0.06058,-0.076681,0.165743,-0.04102,-0.167636,0.075379,0.135421,-0.126764,-0.027544,-0.020217
0.071722,0.219605,-0.076681,0.165743,-0.04102,-0.167636,0.075379,0.135421,-0.126764,-0.027544,-0.020217,-0.18694
0.069352,0.219605,0.165743,-0.04102,-0.167636,0.075379,0.135421,-0.126764,-0.027544,-0.020217,-0.18694,-0.181775
0.068836,0.217895,-0.04102,-0.167636,0.075379,0.135421,-0.126764,-0.027544,-0.020217,-0.18694,-0.181775,0.030805
0.068458,0.217895,-0.167636,0.075379,0.135421,-0.126764,-0.027544,-0.020217,-0.18694,-0.181775,0.030805,-0.064862
0.064956,0.217895,0.075379,0.135421,-0.126764,-0.027544,-0.020217,-0.18694,-0.181775,0.030805,-0.064862,-0.13349
0.061534,0.217895,0.135421,-0.126764,-0.027544,-0.020217,-0.18694,-0.181775,0.030805,-0.064862,-0.13349,0.09812
0.062115,0.217895,-0.126764,-0.027544,-0.020217,-0.18694,-0.181775,0.030805,-0.064862,-0.13349,0.09812,0.157134
0.060893,0.217895,-0.027544,-0.020217,-0.18694,-0.181775,0.030805,-0.064862,-0.13349,0.09812,0.157134,-0.198556
0.058376,0.217895,-0.020217,-0.18694,-0.181775,0.030805,-0.064862,-0.13349,0.09812,0.157134,-0.198556,-0.116379
0.060227,0.217895,-0.18694,-0.181775,0.030805,-0.064862,-0.13349,0.09812,0.157134,-0.198556,-0.116379,-0.012383
0.063189,0.217895,-0.181775,0.030805,-0.064862,-0.13349,0.09812,0.157134,-0.198556,-0.116379,-0.012383,-0.029833
0.059444,0.217895,0.030805,-0.064862,-0.13349,0.09812,0.157134,-0.198556,-0.116379,-0.012383,-0.029833,0.008068
0.057245,0.217895,-0.064862,-0.13349,0.09812,0.157134,-0.198556,-0.116379,-0.012383,-0.029833,0.008068,0.200484
0.057011,0.217895,-0.13349,0.09812,0.157134,-0.198556,-0.116379,-0.012383,-0.029833,0.008068,0.200484,-0.055377
0.056446,0.217895,0.09812,0.157134,-0.198556,-0.116379,-0.012383,-0.029833,0.008068,0.200484,-0.055377,-0.136627
0.056599,0.217895,0.157134,-0.198556,-0.116379,-0.012383,-0.029833,0.008068,0.200484,-0.055377,-0.136627,0.058839
0.060391,0.217895,-0.198556,-0.116379,-0.012383,-0.029833,0.008068,0.200484,-0.055377,-0.136627,0.058839,0.167464
0.059346,0.217895,-0.116379,-0.012383,-0.029833,0.008068,0.200484,-0.055377,-0.136627,0.058839,0.167464,-0.099479
0.056766,0.217895,-0.012383,-0.029833,0.008068,0.200484,-0.055377,-0.136627,0.058839,0.167464,-0.099479,-0.038577
0.057878,0.221161,-0.029833,0.008068,0.200484,-0.055377,-0.136627,0.058839,0.167464,-0.099479,-0.038577,0.099246
0.061042,0.221161,0.008068,0.200484,-0.055377,-0.136627,0.058839,0.167464,-0.099479,-0.038577,0.099246,-0.024705
0.059163,0.221161,0.200484,-0.055377,-0.136627,0.058839,0.167464,-0.099479,-0.038577,0.099246,-0.024705,0.020858
0.058435,0.221161,-0.055377,-0.136627,0.058839,0.167464,-0.099479,-0.038577,0.099246,-0.024705,0.020858,0.0269
0.060307,0.221161,-0.136627,0.058839,0.167464,-0.099479,-0.038577,0.099246,-0.024705,0.020858,0.0269,0.032272
0.059841,0.221161,0.058839,0.167464,-0.099479,-0.038577,0.099246,-0.024705,0.020858,0.0269,0.032272,-0.133656
0.060235,0.221161,0.167464,-0.099479,-0.038577,0.099246,-0.024705,0.020858,0.0269,0.032272,-0.133656,0.060944
0.060742,0.221161,-0.099479,-0.038577,0.099246,-0.024705,0.020858,0.0269,0.032272,-0.133656,0.060944,0.172033
0.061351,0.221161,-0.038577,0.099246,-0.024705,0.020858,0.0269,0.032272,-0.133656,0.060944,0.172033,-0.198575
0.058831,0.221161,0.099246,-0.024705,0.020858,0.0269,0.032272,-0.133656,0.060944,0.172033,-0.198575,-0.084939
0.059981,0.221161,-0.024705,0.020858,0.0269,0.032272,-0.133656,0.060944,0.172033,-0.198575,-0.084939,-0.006837
0.063224,0.221161,0.020858,0.0269,0.032272,-0.133656,0.060944,0.172033,-0.198575,-0.084939,-0.006837,-0.031782
0.059479,0.221161,0.0269,0.032272,-0.133656,0.060944,0.172033,-0.198575,-0.084939,-0.006837,-0.031782,-0.003026
0.057874,0.221161,0.032272,-0.133656,0.060944,0.172033,-0.198575,-0.084939,-0.006837,-0.031782,-0.003026,0.210099
0.057745,0.221161,-0.133656,0.060944,0.172033,-0.198575,-0.084939,-0.006837,-0.031782,-0.003026,0.210099,-0.047979
0.057144,0.221161,0.060944,0.172033,-0.198575,-0.084939,-0.006837,-0.031782,-0.003026,0.210099,-0.047979,-0.148041
0.057087,0.221161,0.172033,-0.198575,-0.084939,-0.006837,-0.031782,-0.003026,0.210099,-0.047979,-0.148041,0.118346
0.061059,0.221161,-0.198575,-0.084939,-0.006837,-0.031782,-0.003026,0.210099,-0.047979,-0.148041,0.118346,0.162519
0.060154,0.221161,-0.084939,-0.006837,-0.031782,-0.003026,0.210099,-0.047979,-0.148041,0.118346,0.162519,-0.196434
0.05736,0.221161,-0.006837,-0.031782,-0.003026,0.210099,-0.047979,-0.148041,0.118346,0.162519,-0.196434,-0.097787
0.059595,0.221161,-0.031782,-0.003026,0.210099,-0.047979,-0.148041,0.118346,0.162519,-0.196434,-0.097787,0.002411
0.06266,0.221161,-0.003026,0.210099,-0.047979,-0.148041,0.118346,0.162519,-0.196434,-0.097787,0.002411,-0.026163
0.058953,0.221161,0.210099,-0.047979,-0.148041,0.118346,0.162519,-0.196434,-0.097787,0.002411,-0.026163,0.004378
0.057105,0.221161,-0.047979,-0.148041,0.118346,0.162519,-0.196434,-0.097787,0.002411,-0.026163,0.004378,0.202429
0.05715,0.221161,-0.148041,0.118346,0.162519,-0.196434,-0.097787,0.002411,-0.026163,0.004378,0.202429,-0.029328
0.056656,0.221161,0.118346,0.162519,-0.196434,-0.097787,0.002411,-0.026163,0.004378,0.202429,-0.029328,-0.123916
0.056739,0.221161,0.162519,-0.196434,-0.097787,0.002411,-0.026163,0.004378,0.202429,-0.029328,-0.123916,0.053381
0.060567,0.221161,-0.196434,-0.097787,0.002411,-0.026163,0.004378,0.202429,-0.029328,-0.123916,0.053381,-0.030896
0.060014,0.221161,-0.097787,0.002411,-0.026163,0.004378,0.202429,-0.029328,-0.123916,0.053381,-0.030896,-0.113507
0.057675,0.221161,0.002411,-0.026163,0.004378,0.202429,-0.029328,-0.123916,0.053381,-0.030896,-0.113507,-0.056815
0.058684,0.221161,-0.026163,0.004378,0.202429,-0.029328,-0.123916,0.053381,-0.030896,-0.113507,-0.056815,-0.082009
0.058099,0.221161,0.004378,0.202429,-0.029328,-0.123916,0.053381,-0.030896,-0.113507,-0.056815,-0.082009,-0.17832
0.055949,0.221161,0.202429,-0.029328,-0.123916,0.053381,-0.030896,-0.113507,-0.056815,-0.082009,-0.17832,-0.018598
0.054873,0.221161,-0.029328,-0.123916,0.053381,-0.030896,-0.113507,-0.056815,-0.082009,-0.17832,-0.018598,0.099763
0.053318,0.221161,-0.123916,0.053381,-0.030896,-0.113507,-0.056815,-0.082009,-0.17832,-0.018598,0.099763,0.089178
0.049929,0.221161,0.053381,-0.030896,-0.113507,-0.056815,-0.082009,-0.17832,-0.018598,0.099763,0.089178,-0.101661
0.049575,0.221161,-0.030896,-0.113507,-0.056815,-0.082009,-0.17832,-0.018598,0.099763,0.089178,-0.101661,0.087401
0.051476,0.221039,-0.113507,-0.056815,-0.082009,-0.17832,-0.018598,0.099763,0.089178,-0.101661,0.087401,0.194927
0.05317,0.221039,-0.056815,-0.082009,-0.17832,-0.018598,0.099763,0.089178,-0.101661,0.087401,0.194927,-0.07648
0.05124,0.221039,-0.082009,-0.17832,-0.018598,0.099763,0.089178,-0.101661,0.087401,0.194927,-0.07648,-0.016405
0.0529,0.221039,-0.17832,-0.018598,0.099763,0.089178,-0.101661,0.087401,0.194927,-0.07648,-0.016405,0.018902
0.056599,0.221039,-0.018598,0.099763,0.089178,-0.101661,0.087401,0.194927,-0.07648,-0.016405,0.018902,-0.11376
0.055149,0.221039,0.099763,0.089178,-0.101661,0.087401,0.194927,-0.07648,-0.016405,0.018902,-0.11376,-0.033568
0.054838,0.221039,0.089178,-0.101661,0.087401,0.194927,-0.07648,-0.016405,0.018902,-0.11376,-0.033568,0.075142
0.055196,0.221039,-0.101661,0.087401,0.194927,-0.07648,-0.016405,0.018902,-0.11376,-0.033568,0.075142,0.082582
0.053039,0.221039,0.087401,0.194927,-0.07648,-0.016405,0.018902,-0.11376,-0.033568,0.075142,0.082582,-0.135186
0.052401,0.221039,0.194927,-0.07648,-0.016405,0.018902,-0.11376,-0.033568,0.075142,0.082582,-0.135186,0.113398
0.053829,0.221039,-0.07648,-0.016405,0.018902,-0.11376,-0.033568,0.075142,0.082582,-0.135186,0.113398,0.182967
0.055395,0.221039,-0.016405,0.018902,-0.11376,-0.033568,0.075142,0.082582,-0.135186,0.113398,0.182967,-0.063886
0.052833,0.221039,0.018902,-0.11376,-0.033568,0.075142,0.082582,-0.135186,0.113398,0.182967,-0.063886,-0.021895
0.054983,0.221039,-0.11376,-0.033568,0.075142,0.082582,-0.135186,0.113398,0.182967,-0.063886,-0.021895,0.10248
0.058449,0.221039,-0.033568,0.075142,0.082582,-0.135186,0.113398,0.182967,-0.063886,-0.021895,0.10248,-0.057846
0.05724,0.221039,0.075142,0.082582,-0.135186,0.113398,0.182967,-0.063886,-0.021895,0.10248,-0.057846,-0.124409
0.056825,0.221039,0.082582,-0.135186,0.113398,0.182967,-0.063886,-0.021895,0.10248,-0.057846,-0.124409,0.017097
0.058761,0.221039,-0.135186,0.113398,0.182967,-0.063886,-0.021895,0.10248,-0.057846,-0.124409,0.017097,0.066507
0.057669,0.221039,0.113398,0.182967,-0.063886,-0.021895,0.10248,-0.057846,-0.124409,0.017097,0.066507,-0.102673
0.055312,0.222199,0.182967,-0.063886,-0.021895,0.10248,-0.057846,-0.124409,0.017097,0.066507,-0.102673,0.078908
0.055636,0.222199,-0.063886,-0.021895,0.10248,-0.057846,-0.124409,0.017097,0.066507,-0.102673,0.078908,-0.004802
0.056895,0.222199,-0.021895,0.10248,-0.057846,-0.124409,0.017097,0.066507,-0.102673,0.078908,-0.004802,-0.109377
0.054952,0.222199,0.10248,-0.057846,-0.124409,0.017097,0.066507,-0.102673,0.078908,-0.004802,-0.109377,0.022074
0.056446,0.222199,-0.057846,-0.124409,0.017097,0.066507,-0.102673,0.078908,-0.004802,-0.109377,0.022074,0.111059
0.056355,0.222199,-0.124409,0.017097,0.066507,-0.102673,0.078908,-0.004802,-0.109377,0.022074,0.111059,0.001545
0.05428,0.222199,0.017097,0.066507,-0.102673,0.078908,-0.004802,-0.109377,0.022074,0.111059,0.001545,-0.004834
0.054699,0.222199,0.066507,-0.102673,0.078908,-0.004802,-0.109377,0.022074,0.111059,0.001545,-0.004834,0.209871
0.056801,0.222199,-0.102673,0.078908,-0.004802,-0.109377,0.022074,0.111059,0.001545,-0.004834,0.209871,-0.016276
0.05683,0.222199,0.078908,-0.004802,-0.109377,0.022074,0.111059,0.001545,-0.004834,0.209871,-0.016276,-0.124043
0.056739,0.222199,-0.004802,-0.109377,0.022074,0.111059,0.001545,-0.004834,0.209871,-0.016276,-0.124043,0.08874
0.060707,0.222199,-0.109377,0.022074,0.111059,0.001545,-0.004834,0.209871,-0.016276,-0.124043,0.08874,0.2113
0.0604,0.222199,0.022074,0.111059,0.001545,-0.004834,0.209871,-0.016276,-0.124043,0.08874,0.2113,-0.083278
0.05806,0.222199,0.111059,0.001545,-0.004834,0.209871,-0.016276,-0.124043,0.08874,0.2113,-0.083278,-0.029351
0.059735,0.222199,0.001545,-0.004834,0.209871,-0.016276,-0.124043,0.08874,0.2113,-0.083278,-0.029351,0.085143
0.063719,0.222199,-0.004834,0.209871,-0.016276,-0.124043,0.08874,0.2113,-0.083278,-0.029351,0.085143,-0.010046
0.06215,0.222199,0.209871,-0.016276,-0.124043,0.08874,0.2113,-0.083278,-0.029351,0.085143,-0.010046,-0.069
0.061597,0.222199,-0.016276,-0.124043,0.08874,0.2113,-0.083278,-0.029351,0.085143,-0.010046,-0.069,0.028962
0.063199,0.222199,-0.124043,0.08874,0.2113,-0.083278,-0.029351,0.085143,-0.010046,-0.069,0.028962,-0.070484
0.06301,0.222199,0.08874,0.2113,-0.083278,-0.029351,0.085143,-0.010046,-0.069,0.028962,-0.070484,-0.166893
0.06171,0.222199,0.2113,-0.083278,-0.029351,0.085143,-0.010046,-0.069,0.028962,-0.070484,-0.166893,-0.068698
0.062256,0.222199,-0.083278,-0.029351,0.085143,-0.010046,-0.069,0.028962,-0.070484,-0.166893,-0.068698,0.155791
0.060928,0.222199,-0.029351,0.085143,-0.010046,-0.069,0.028962,-0.070484,-0.166893,-0.068698,0.155791,-0.139662
0.05778,0.222199,0.085143,-0.010046,-0.069,0.028962,-0.070484,-0.166893,-0.068698,0.155791,-0.139662,-0.073445
0.056481,0.222199,-0.010046,-0.069,0.028962,-0.070484,-0.166893,-0.068698,0.155791,-0.139662,-0.073445,0.018942
0.059428,0.222199,-0.069,0.028962,-0.070484,-0.166893,-0.068698,0.155791,-0.139662,-0.073445,0.018942,0.003439
0.056786,0.222199,0.028962,-0.070484,-0.166893,-0.068698,0.155791,-0.139662,-0.073445,0.018942,0.003439,0.031985
0.055395,0.222199,-0.070484,-0.166893,-0.068698,0.155791,-0.139662,-0.073445,0.018942,0.003439,0.031985,0.211533
0.055754,0.222199,-0.166893,-0.068698,0.155791,-0.139662,-0.073445,0.018942,0.003439,0.031985,0.211533,-0.023739
0.055819,0.222199,-0.068698,0.155791,-0.139662,-0.073445,0.018942,0.003439,0.031985,0.211533,-0.023739,-0.107226
0.056425,0.222199,0.155791,-0.139662,-0.073445,0.018942,0.003439,0.031985,0.211533,-0.023739,-0.107226,0.086863
0.060426,0.222199,-0.139662,-0.073445,0.018942,0.003439,0.031985,0.211533,-0.023739,-0.107226,0.086863,0.198101
0.059978,0.222199,-0.073445,0.018942,0.003439,0.031985,0.211533,-0.023739,-0.107226,0.086863,0.198101,-0.094408
0.057955,0.222199,0.018942,0.003439,0.031985,0.211533,-0.023739,-0.107226,0.086863,0.198101,-0.094408,-0.0013
0.059595,0.222199,0.003439,0.031985,0.211533,-0.023739,-0.107226,0.086863,0.198101,-0.094408,-0.0013,0.088887
0.06333,0.222199,0.031985,0.211533,-0.023739,-0.107226,0.086863,0.198101,-0.094408,-0.0013,0.088887,-0.030696
0.061551,0.222199,0.211533,-0.023739,-0.107226,0.086863,0.198101,-0.094408,-0.0013,0.088887,-0.030696,0.028283
0.061527,0.221954,-0.023739,-0.107226,0.086863,0.198101,-0.094408,-0.0013,0.088887,-0.030696,0.028283,0.047939
0.063199,0.221954,-0.107226,0.086863,0.198101,-0.094408,-0.0013,0.088887,-0.030696,0.028283,0.047939,0.055463
0.062621,0.221954,0.086863,0.198101,-0.094408,-0.0013,0.088887,-0.030696,0.028283,0.047939,0.055463,-0.144393
0.063154,0.221954,0.198101,-0.094408,-0.0013,0.088887,-0.030696,0.028283,0.047939,0.055463,-0.144393,0.09902
0.064056,0.221954,-0.094408,-0.0013,0.088887,-0.030696,0.028283,0.047939,0.055463,-0.144393,0.09902,0.084821
0.065098,0.221954,-0.0013,0.088887,-0.030696,0.028283,0.047939,0.055463,-0.144393,0.09902,0.084821,-0.18682
0.062386,0.221954,0.088887,-0.030696,0.028283,0.047939,0.055463,-0.144393,0.09902,0.084821,-0.18682,-0.08916
0.064247,0.221954,-0.030696,0.028283,0.047939,0.055463,-0.144393,0.09902,0.084821,-0.18682,-0.08916,0.079269
0.065841,0.221954,0.028283,0.047939,0.055463,-0.144393,0.09902,0.084821,-0.18682,-0.08916,0.079269,0.006898
0.062326,0.221954,0.047939,0.055463,-0.144393,0.09902,0.084821,-0.18682,-0.08916,0.079269,0.006898,-0.044567
0.060646,0.221954,0.055463,-0.144393,0.09902,0.084821,-0.18682,-0.08916,0.079269,0.006898,-0.044567,0.040132
0.062139,0.221954,-0.144393,0.09902,0.084821,-0.18682,-0.08916,0.079269,0.006898,-0.044567,0.040132,-0.180313
0.062269,0.221954,0.09902,0.084821,-0.18682,-0.08916,0.079269,0.006898,-0.044567,0.040132,-0.180313,-0.140116
0.061429,0.221954,0.084821,-0.18682,-0.08916,0.079269,0.006898,-0.044567,0.040132,-0.180313,-0.140116,0.042152
0.062185,0.221954,-0.18682,-0.08916,0.079269,0.006898,-0.044567,0.040132,-0.180313,-0.140116,0.042152,0.20614
0.058785,0.221954,-0.08916,0.079269,0.006898,-0.044567,0.040132,-0.180313,-0.140116,0.042152,0.20614,-0.047483
0.056138,0.221954,0.079269,0.006898,-0.044567,0.040132,-0.180313,-0.140116,0.042152,0.20614,-0.047483,0.022818
0.056935,0.221954,0.006898,-0.044567,0.040132,-0.180313,-0.140116,0.042152,0.20614,-0.047483,0.022818,0.103581
0.060831,0.229889,-0.044567,0.040132,-0.180313,-0.140116,0.042152,0.20614,-0.047483,0.022818,0.103581,-0.026827
0.059935,0.229889,0.040132,-0.180313,-0.140116,0.042152,0.20614,-0.047483,0.022818,0.103581,-0.026827,-0.005332
0.060365,0.229889,-0.180313,-0.140116,0.042152,0.20614,-0.047483,0.022818,0.103581,-0.026827,-0.005332,0.230123
0.062315,0.229889,-0.140116,0.042152,0.20614,-0.047483,0.022818,0.103581,-0.026827,-0.005332,0.230123,-0.002907
0.06181,0.229889,0.042152,0.20614,-0.047483,0.022818,0.103581,-0.026827,-0.005332,0.230123,-0.002907,-0.124022
0.06171,0.229889,0.20614,-0.047483,0.022818,0.103581,-0.026827,-0.005332,0.230123,-0.002907,-0.124022,0.093633
0.06604,0.229889,-0.047483,0.022818,0.103581,-0.026827,-0.005332,0.230123,-0.002907,-0.124022,0.093633,0.218049
0.065986,0.229889,0.022818,0.103581,-0.026827,-0.005332,0.230123,-0.002907,-0.124022,0.093633,0.218049,-0.107125
0.063659,0.229889,0.103581,-0.026827,-0.005332,0.230123,-0.002907,-0.124022,0.093633,0.218049,-0.107125,-0.01043
0.065417,0.229889,-0.026827,-0.005332,0.230123,-0.002907,-0.124022,0.093633,0.218049,-0.107125,-0.01043,0.111509
0.069505,0.229889,-0.005332,0.230123,-0.002907,-0.124022,0.093633,0.218049,-0.107125,-0.01043,0.111509,-0.025844
0.067498,0.229889,0.230123,-0.002907,-0.124022,0.093633,0.218049,-0.107125,-0.01043,0.111509,-0.025844,-0.021267
0.067302,0.229889,-0.002907,-0.124022,0.093633,0.218049,-0.107125,-0.01043,0.111509,-0.025844,-0.021267,0.206061
0.069388,0.229889,-0.124022,0.093633,0.218049,-0.107125,-0.01043,0.111509,-0.025844,-0.021267,0.206061,-0.029498
0.068905,0.229889,0.093633,0.218049,-0.107125,-0.01043,0.111509,-0.025844,-0.021267,0.206061,-0.029498,-0.160394
0.068506,0.229889,0.218049,-0.107125,-0.01043,0.111509,-0.025844,-0.021267,0.206061,-0.029498,-0.160394,0.152364
0.07236,0.229889,-0.107125,-0.01043,0.111509,-0.025844,-0.021267,0.206061,-0.029498,-0.160394,0.152364,0.084041
0.07181,0.229889,-0.01043,0.111509,-0.025844,-0.021267,0.206061,-0.029498,-0.160394,0.152364,0.084041,-0.176967
0.068816,0.229889,0.111509,-0.025844,-0.021267,0.206061,-0.029498,-0.160394,0.152364,0.084041,-0.176967,-0.107715
0.071661,0.229889,-0.025844,-0.021267,0.206061,-0.029498,-0.160394,0.152364,0.084041,-0.176967,-0.107715,0.130903
0.07323,0.229889,-0.021267,0.206061,-0.029498,-0.160394,0.152364,0.084041,-0.176967,-0.107715,0.130903,0.02196
0.069923,0.229889,0.206061,-0.029498,-0.160394,0.152364,0.084041,-0.176967,-0.107715,0.130903,0.02196,-0.00815
0.067908,0.229889,-0.029498,-0.160394,0.152364,0.084041,-0.176967,-0.107715,0.130903,0.02196,-0.00815,0.085855
0.070355,0.229889,-0.160394,0.152364,0.084041,-0.176967,-0.107715,0.130903,0.02196,-0.00815,0.085855,-0.041045
0.070765,0.229889,0.152364,0.084041,-0.176967,-0.107715,0.130903,0.02196,-0.00815,0.085855,-0.041045,-0.251691
0.070612,0.229889,0.084041,-0.176967,-0.107715,0.130903,0.02196,-0.00815,0.085855,-0.041045,-0.251691,0.140121
0.072217,0.229889,-0.176967,-0.107715,0.130903,0.02196,-0.00815,0.085855,-0.041045,-0.251691,0.140121,0.154681
0.071451,0.229889,-0.107715,0.130903,0.02196,-0.00815,0.085855,-0.041045,-0.251691,0.140121,0.154681,-0.182251
0.066747,0.229889,0.130903,0.02196,-0.00815,0.085855,-0.041045,-0.251691,0.140121,0.154681,-0.182251,-0.09607
0.069369,0.229889,0.02196,-0.00815,0.085855,-0.041045,-0.251691,0.140121,0.154681,-0.182251,-0.09607,0.046482
0.07226,0.229889,-0.00815,0.085855,-0.041045,-0.251691,0.140121,0.154681,-0.182251,-0.09607,0.046482,-0.112946
0.068852,0.229889,0.085855,-0.041045,-0.251691,0.140121,0.154681,-0.182251,-0.09607,0.046482,-0.112946,-0.04155
0.067053,0.229889,-0.041045,-0.251691,0.140121,0.154681,-0.182251,-0.09607,0.046482,-0.112946,-0.04155,-0.053472
0.067923,0.229889,-0.251691,0.140121,0.154681,-0.182251,-0.09607,0.046482,-0.112946,-0.04155,-0.053472,0.046013
0.065807,0.229889,0.140121,0.154681,-0.182251,-0.09607,0.046482,-0.112946,-0.04155,-0.053472,0.046013,-0.076642
0.065026,0.229889,0.154681,-0.182251,-0.09607,0.046482,-0.112946,-0.04155,-0.053472,0.046013,-0.076642,0.180725
0.064021,0.229889,-0.182251,-0.09607,0.046482,-0.112946,-0.04155,-0.053472,0.046013,-0.076642,0.180725,0.27441
0.064885,0.229889,-0.09607,0.046482,-0.112946,-0.04155,-0.053472,0.046013,-0.076642,0.180725,0.27441,-0.111561
0.063446,0.229889,0.046482,-0.112946,-0.04155,-0.053472,0.046013,-0.076642,0.180725,0.27441,-0.111561,0.022244
0.066838,0.268646,-0.112946,-0.04155,-0.053472,0.046013,-0.076642,0.180725,0.27441,-0.111561,0.022244,0.05274
0.071973,0.268646,-0.04155,-0.053472,0.046013,-0.076642,0.180725,0.27441,-0.111561,0.022244,0.05274,-0.152376
0.069888,0.268646,-0.053472,0.046013,-0.076642,0.180725,0.27441,-0.111561,0.022244,0.05274,-0.152376,-0.019304
0.070303,0.268646,0.046013,-0.076642,0.180725,0.27441,-0.111561,0.022244,0.05274,-0.152376,-0.019304,0.006986
0.071287,0.268646,-0.076642,0.180725,0.27441,-0.111561,0.022244,0.05274,-0.152376,-0.019304,0.006986,0.039198
0.068441,0.268646,0.180725,0.27441,-0.111561,0.022244,0.05274,-0.152376,-0.019304,0.006986,0.039198,-0.244312
0.068079,0.268646,0.27441,-0.111561,0.022244,0.05274,-0.152376,-0.019304,0.006986,0.039198,-0.244312,0.15071
0.06821,0.268646,-0.111561,0.022244,0.05274,-0.152376,-0.019304,0.006986,0.039198,-0.244312,0.15071,0.280427
0.068944,0.268646,0.022244,0.05274,-0.152376,-0.019304,0.006986,0.039198,-0.244312,0.15071,0.280427,-0.077214
0.064367,0.268646,0.05274,-0.152376,-0.019304,0.006986,0.039198,-0.244312,0.15071,0.280427,-0.077214,0.00316
0.067193,0.268646,-0.152376,-0.019304,0.006986,0.039198,-0.244312,0.15071,0.280427,-0.077214,0.00316,0.186439
0.07244,0.268646,-0.019304,0.006986,0.039198,-0.244312,0.15071,0.280427,-0.077214,0.00316,0.186439,0.00452
0.070997,0.268646,0.006986,0.039198,-0.244312,0.15071,0.280427,-0.077214,0.00316,0.186439,0.00452,-0.062648
0.071056,0.268646,0.039198,-0.244312,0.15071,0.280427,-0.077214,0.00316,0.186439,0.00452,-0.062648,0.098323
0.074529,0.268646,-0.244312,0.15071,0.280427,-0.077214,0.00316,0.186439,0.00452,-0.062648,0.098323,-0.093494
0.074613,0.268646,0.15071,0.280427,-0.077214,0.00316,0.186439,0.00452,-0.062648,0.098323,-0.093494,-0.084146
0.073445,0.268646,0.280427,-0.077214,0.00316,0.186439,0.00452,-0.062648,0.098323,-0.093494,-0.084146,0.227469
0.075278,0.293152,-0.077214,0.00316,0.186439,0.00452,-0.062648,0.098323,-0.093494,-0.084146,0.227469,0.280898
0.073537,0.293152,0.00316,0.186439,0.00452,-0.062648,0.098323,-0.093494,-0.084146,0.227469,0.280898,-0.129719
0.07197,0.293152,0.186439,0.00452,-0.062648,0.098323,-0.093494,-0.084146,0.227469,0.280898,-0.129719,0.05298
0.076203,0.293152,0.00452,-0.062648,0.098323,-0.093494,-0.084146,0.227469,0.280898,-0.129719,0.05298,0.167441
0.081414,0.293152,-0.062648,0.098323,-0.093494,-0.084146,0.227469,0.280898,-0.129719,0.05298,0.167441,-0.102861
0.07901,0.293152,0.098323,-0.093494,-0.084146,0.227469,0.280898,-0.129719,0.05298,0.167441,-0.102861,-0.288913
0.079992,0.293152,-0.093494,-0.084146,0.227469,0.280898,-0.129719,0.05298,0.167441,-0.102861,-0.288913,0.046457
0.083085,0.293152,-0.084146,0.227469,0.280898,-0.129719,0.05298,0.167441,-0.102861,-0.288913,0.046457,-0.068501
0.081185,0.293152,0.227469,0.280898,-0.129719,0.05298,0.167441,-0.102861,-0.288913,0.046457,-0.068501,-0.078734
0.075824,0.293152,0.280898,-0.129719,0.05298,0.167441,-0.102861,-0.288913,0.046457,-0.068501,-0.078734,0.307178
0.076688,0.293152,-0.129719,0.05298,0.167441,-0.102861,-0.288913,0.046457,-0.068501,-0.078734,0.307178,0.333147
0.075415,0.293152,0.05298,0.167441,-0.102861,-0.288913,0.046457,-0.068501,-0.078734,0.307178,0.333147,-0.166749
0.073951,0.293152,0.167441,-0.102861,-0.288913,0.046457,-0.068501,-0.078734,0.307178,0.333147,-0.166749,0.095635
0.079653,0.293152,-0.102861,-0.288913,0.046457,-0.068501,-0.078734,0.307178,0.333147,-0.166749,0.095635,0.20391
0.085811,0.293152,-0.288913,0.046457,-0.068501,-0.078734,0.307178,0.333147,-0.166749,0.095635,0.20391,-0.022261
0.082732,0.293152,0.046457,-0.068501,-0.078734,0.307178,0.333147,-0.166749,0.095635,0.20391,-0.022261,0.050222
0.084497,0.293152,-0.068501,-0.078734,0.307178,0.333147,-0.166749,0.095635,0.20391,-0.022261,0.050222,0.394997
0.088247,0.293152,-0.078734,0.307178,0.333147,-0.166749,0.095635,0.20391,-0.022261,0.050222,0.394997,-0.048285
0.087838,0.293152,0.307178,0.333147,-0.166749,0.095635,0.20391,-0.022261,0.050222,0.394997,-0.048285,-0.184887
0.088762,0.293152,0.333147,-0.166749,0.095635,0.20391,-0.022261,0.050222,0.394997,-0.048285,-0.184887,0.249481
0.096001,0.293152,-0.166749,0.095635,0.20391,-0.022261,0.050222,0.394997,-0.048285,-0.184887,0.249481,0.30141
0.09512,0.293152,0.095635,0.20391,-0.022261,0.050222,0.394997,-0.048285,-0.184887,0.249481,0.30141,-0.200215
0.091741,0.293152,0.20391,-0.022261,0.050222,0.394997,-0.048285,-0.184887,0.249481,0.30141,-0.200215,0.067613
0.096299,0.293152,-0.022261,0.050222,0.394997,-0.048285,-0.184887,0.249481,0.30141,-0.200215,0.067613,0.223242
0.101788,0.293152,0.050222,0.394997,-0.048285,-0.184887,0.249481,0.30141,-0.200215,0.067613,0.223242,-0.03875
0.098144,0.293152,0.394997,-0.048285,-0.184887,0.249481,0.30141,-0.200215,0.067613,0.223242,-0.03875,0.011197
0.099375,0.293152,-0.048285,-0.184887,0.249481,0.30141,-0.200215,0.067613,0.223242,-0.03875,0.011197,0.203217
0.103425,0.293152,-0.184887,0.249481,0.30141,-0.200215,0.067613,0.223242,-0.03875,0.011197,0.203217,-0.112274
0.102722,0.293152,0.249481,0.30141,-0.200215,0.067613,0.223242,-0.03875,0.011197,0.203217,-0.112274,-0.362289
0.102926,0.293152,0.30141,-0.200215,0.067613,0.223242,-0.03875,0.011197,0.203217,-0.112274,-0.362289,0.230403
0.106608,0.293152,-0.200215,0.067613,0.223242,-0.03875,0.011197,0.203217,-0.112274,-0.362289,0.230403,0.059336
0.104577,0.293152,0.067613,0.223242,-0.03875,0.011197,0.203217,-0.112274,-0.362289,0.230403,0.059336,-0.225828
0.098004,0.293152,0.223242,-0.03875,0.011197,0.203217,-0.112274,-0.362289,0.230403,0.059336,-0.225828,0.143034
0.102191,0.293152,-0.03875,0.011197,0.203217,-0.112274,-0.362289,0.230403,0.059336,-0.225828,0.143034,0.301118
0.103267,0.293152,0.011197,0.203217,-0.112274,-0.362289,0.230403,0.059336,-0.225828,0.143034,0.301118,-0.024537
0.099162,0.293152,0.203217,-0.112274,-0.362289,0.230403,0.059336,-0.225828,0.143034,0.301118,-0.024537,0.023658
0.101761,0.293152,-0.112274,-0.362289,0.230403,0.059336,-0.225828,0.143034,0.301118,-0.024537,0.023658,0.481434
0.107209,0.293152,-0.362289,0.230403,0.059336,-0.225828,0.143034,0.301118,-0.024537,0.023658,0.481434,-0.118767
0.106766,0.293152,0.230403,0.059336,-0.225828,0.143034,0.301118,-0.024537,0.023658,0.481434,-0.118767,-0.170504
0.107193,0.293152,0.059336,-0.225828,0.143034,0.301118,-0.024537,0.023658,0.481434,-0.118767,-0.170504,0.363828
0.115865,0.293152,-0.225828,0.143034,0.301118,-0.024537,0.023658,0.481434,-0.118767,-0.170504,0.363828,0.325934
0.113734,0.293152,0.143034,0.301118,-0.024537,0.023658,0.481434,-0.118767,-0.170504,0.363828,0.325934,-0.271987
0.110671,0.293152,0.301118,-0.024537,0.023658,0.481434,-0.118767,-0.170504,0.363828,0.325934,-0.271987,0.136574
0.117199,0.293152,-0.024537,0.023658,0.481434,-0.118767,-0.170504,0.363828,0.325934,-0.271987,0.136574,0.216842
0.123023,0.401642,0.023658,0.481434,-0.118767,-0.170504,0.363828,0.325934,-0.271987,0.136574,0.216842,-0.214584
0.118164,0.401642,0.481434,-0.118767,-0.170504,0.363828,0.325934,-0.271987,0.136574,0.216842,-0.214584,-0.245145
0.120604,0.401642,-0.118767,-0.170504,0.363828,0.325934,-0.271987,0.136574,0.216842,-0.214584,-0.245145,0.365439
0.124464,0.401642,-0.170504,0.363828,0.325934,-0.271987,0.136574,0.216842,-0.214584,-0.245145,0.365439,-0.118287
0.120643,0.401642,0.363828,0.325934,-0.271987,0.136574,0.216842,-0.214584,-0.245145,0.365439,-0.118287,-0.162642
0.116256,0.401642,0.325934,-0.271987,0.136574,0.216842,-0.214584,-0.245145,0.365439,-0.118287,-0.162642,0.406055
0.122791,0.401642,-0.271987,0.136574,0.216842,-0.214584,-0.245145,0.365439,-0.118287,-0.162642,0.406055,0.25559
0.120682,0.401642,0.136574,0.216842,-0.214584,-0.245145,0.365439,-0.118287,-0.162642,0.406055,0.25559,-0.247517
0.117779,0.401642,0.216842,-0.214584,-0.245145,0.365439,-0.118287,-0.162642,0.406055,0.25559,-0.247517,0.155373
0.125016,0.401642,-0.214584,-0.245145,0.365439,-0.118287,-0.162642,0.406055,0.25559,-0.247517,0.155373,0.191778
0.129554,0.401642,-0.245145,0.365439,-0.118287,-0.162642,0.406055,0.25559,-0.247517,0.155373,0.191778,-0.135843
0.125159,0.401642,0.365439,-0.118287,-0.162642,0.406055,0.25559,-0.247517,0.155373,0.191778,-0.135843,0.115341
0.127917,0.401642,-0.118287,-0.162642,0.406055,0.25559,-0.247517,0.155373,0.191778,-0.135843,0.115341,0.447663
0.131309,0.401642,-0.162642,0.406055,0.25559,-0.247517,0.155373,0.191778,-0.135843,0.115341,0.447663,-0.220785
0.128906,0.401642,0.406055,0.25559,-0.247517,0.155373,0.191778,-0.135843,0.115341,0.447663,-0.220785,-0.218548
0.130949,0.401642,0.25559,-0.247517,0.155373,0.191778,-0.135843,0.115341,0.447663,-0.220785,-0.218548,0.346302
0.138846,0.401642,-0.247517,0.155373,0.191778,-0.135843,0.115341,0.447663,-0.220785,-0.218548,0.346302,0.204927
0.134963,0.401642,0.155373,0.191778,-0.135843,0.115341,0.447663,-0.220785,-0.218548,0.346302,0.204927,-0.2978
0.131109,0.401642,0.191778,-0.135843,0.115341,0.447663,-0.220785,-0.218548,0.346302,0.204927,-0.2978,0.132836
0.137212,0.401642,-0.135843,0.115341,0.447663,-0.220785,-0.218548,0.346302,0.204927,-0.2978,0.132836,0.166892
0.140813,0.401642,0.115341,0.447663,-0.220785,-0.218548,0.346302,0.204927,-0.2978,0.132836,0.166892,-0.188246
0.135575,0.401642,0.447663,-0.220785,-0.218548,0.346302,0.204927,-0.2978,0.132836,0.166892,-0.188246,0.066516
0.137911,0.417694,-0.220785,-0.218548,0.346302,0.204927,-0.2978,0.132836,0.166892,-0.188246,0.066516,0.132842
0.140838,0.417694,-0.218548,0.346302,0.204927,-0.2978,0.132836,0.166892,-0.188246,0.066516,0.132842,-0.2196
0.137535,0.417694,0.346302,0.204927,-0.2978,0.132836,0.166892,-0.188246,0.066516,0.132842,-0.2196,-0.48254
0.138705,0.417694,0.204927,-0.2978,0.132836,0.166892,-0.188246,0.066516,0.132842,-0.2196,-0.48254,0.353343
0.141038,0.417694,-0.2978,0.132836,0.166892,-0.188246,0.066516,0.132842,-0.2196,-0.48254,0.353343,0.330815
0.137183,0.417694,0.132836,0.166892,-0.188246,0.066516,0.132842,-0.2196,-0.48254,0.353343,0.330815,-0.518164
0.128672,0.417694,0.166892,-0.188246,0.066516,0.132842,-0.2196,-0.48254,0.353343,0.330815,-0.518164,0.06514
0.134913,0.417694,-0.188246,0.066516,0.132842,-0.2196,-0.48254,0.353343,0.330815,-0.518164,0.06514,0.01142
0.140732,0.417694,0.066516,0.132842,-0.2196,-0.48254,0.353343,0.330815,-0.518164,0.06514,0.01142,-0.174906
0.131601,0.417694,0.132842,-0.2196,-0.48254,0.353343,0.330815,-0.518164,0.06514,0.01142,-0.174906,0.142696
0.132752,0.417694,-0.2196,-0.48254,0.353343,0.330815,-0.518164,0.06514,0.01142,-0.174906,0.142696,0.454089
0.132953,0.417694,-0.48254,0.353343,0.330815,-0.518164,0.06514,0.01142,-0.174906,0.142696,0.454089,-0.219271
0.129863,0.417694,0.353343,0.330815,-0.518164,0.06514,0.01142,-0.174906,0.142696,0.454089,-0.219271,-0.192107
0.132388,0.417694,0.330815,-0.518164,0.06514,0.01142,-0.174906,0.142696,0.454089,-0.219271,-0.192107,0.3342
0.140388,0.417694,-0.518164,0.06514,0.01142,-0.174906,0.142696,0.454089,-0.219271,-0.192107,0.3342,0.150003
0.136536,0.417694,0.06514,0.01142,-0.174906,0.142696,0.454089,-0.219271,-0.192107,0.3342,0.150003,-0.277806
0.133154,0.417694,0.01142,-0.174906,0.142696,0.454089,-0.219271,-0.192107,0.3342,0.150003,-0.277806,0.140283
0.139034,0.417694,-0.174906,0.142696,0.454089,-0.219271,-0.192107,0.3342,0.150003,-0.277806,0.140283,0.076712
0.141666,0.417694,0.142696,0.454089,-0.219271,-0.192107,0.3342,0.150003,-0.277806,0.140283,0.076712,-0.185812
0.136784,0.417694,0.454089,-0.219271,-0.192107,0.3342,0.150003,-0.277806,0.140283,0.076712,-0.185812,-0.000125
0.139249,0.417694,-0.219271,-0.192107,0.3342,0.150003,-0.277806,0.140283,0.076712,-0.185812,-0.000125,0.373797
0.140594,0.417694,-0.192107,0.3342,0.150003,-0.277806,0.140283,0.076712,-0.185812,-0.000125,0.373797,-0.260398
0.137333,0.417694,0.3342,0.150003,-0.277806,0.140283,0.076712,-0.185812,-0.000125,0.373797,-0.260398,-0.253053
0.137331,0.417694,0.150003,-0.277806,0.140283,0.076712,-0.185812,-0.000125,0.373797,-0.260398,-0.253053,0.317071
0.143892,0.417694,-0.277806,0.140283,0.076712,-0.185812,-0.000125,0.373797,-0.260398,-0.253053,0.317071,-0.088109
0.13933,0.417694,0.140283,0.076712,-0.185812,-0.000125,0.373797,-0.260398,-0.253053,0.317071,-0.088109,-0.364509
0.134884,0.417694,0.076712,-0.185812,-0.000125,0.373797,-0.260398,-0.253053,0.317071,-0.088109,-0.364509,-0.095807
0.140455,0.417694,-0.185812,-0.000125,0.373797,-0.260398,-0.253053,0.317071,-0.088109,-0.364509,-0.095807,-0.024888
0.138907,0.417694,-0.000125,0.373797,-0.260398,-0.253053,0.317071,-0.088109,-0.364509,-0.095807,-0.024888,-0.276338
0.132482,0.417694,0.373797,-0.260398,-0.253053,0.317071,-0.088109,-0.364509,-0.095807,-0.024888,-0.276338,-0.065636
0.130789,0.417694,-0.260398,-0.253053,0.317071,-0.088109,-0.364509,-0.095807,-0.024888,-0.276338,-0.065636,0.439396
0.130349,0.417694,-0.253053,0.317071,-0.088109,-0.364509,-0.095807,-0.024888,-0.276338,-0.065636,0.439396,-0.136357
0.125452,0.417694,0.317071,-0.088109,-0.364509,-0.095807,-0.024888,-0.276338,-0.065636,0.439396,-0.136357,-0.217852
0.124284,0.417694,-0.088109,-0.364509,-0.095807,-0.024888,-0.276338,-0.065636,0.439396,-0.136357,-0.217852,0.341753
0.132081,0.417694,-0.364509,-0.095807,-0.024888,-0.276338,-0.065636,0.439396,-0.136357,-0.217852,0.341753,0.225368
0.12967,0.417694,-0.095807,-0.024888,-0.276338,-0.065636,0.439396,-0.136357,-0.217852,0.341753,0.225368,-0.269387
0.12581,0.417694,-0.024888,-0.276338,-0.065636,0.439396,-0.136357,-0.217852,0.341753,0.225368,-0.269387,0.115007
0.131861,0.417694,-0.276338,-0.065636,0.439396,-0.136357,-0.217852,0.341753,0.225368,-0.269387,0.115007,0.157805
0.135839,0.417694,-0.065636,0.439396,-0.136357,-0.217852,0.341753,0.225368,-0.269387,0.115007,0.157805,-0.180987
0.131081,0.417694,0.439396,-0.136357,-0.217852,0.341753,0.225368,-0.269387,0.115007,0.157805,-0.180987,0.00936
0.133113,0.417694,-0.136357,-0.217852,0.341753,0.225368,-0.269387,0.115007,0.157805,-0.180987,0.00936,0.399171
0.135892,0.417694,-0.217852,0.341753,0.225368,-0.269387,0.115007,0.157805,-0.180987,0.00936,0.399171,-0.310558
0.132703,0.417694,0.341753,0.225368,-0.269387,0.115007,0.157805,-0.180987,0.00936,0.399171,-0.310558,-0.279264
0.132868,0.417694,0.225368,-0.269387,0.115007,0.157805,-0.180987,0.00936,0.399171,-0.310558,-0.279264,0.296896
0.139901,0.417694,-0.269387,0.115007,0.157805,-0.180987,0.00936,0.399171,-0.310558,-0.279264,0.296896,0.162469
0.134439,0.417694,0.115007,0.157805,-0.180987,0.00936,0.399171,-0.310558,-0.279264,0.296896,0.162469,-0.333965
0.12951,0.427216,0.157805,-0.180987,0.00936,0.399171,-0.310558,-0.279264,0.296896,0.162469,-0.333965,0.10841
0.134752,0.427216,-0.180987,0.00936,0.399171,-0.310558,-0.279264,0.296896,0.162469,-0.333965,0.10841,0.125889
0.137614,0.427216,0.00936,0.399171,-0.310558,-0.279264,0.296896,0.162469,-0.333965,0.10841,0.125889,-0.219554
0.131721,0.427216,0.399171,-0.310558,-0.279264,0.296896,0.162469,-0.333965,0.10841,0.125889,-0.219554,0.050168
0.133635,0.427216,-0.310558,-0.279264,0.296896,0.162469,-0.333965,0.10841,0.125889,-0.219554,0.050168,0.135056
0.135852,0.427216,-0.279264,0.296896,0.162469,-0.333965,0.10841,0.125889,-0.219554,0.050168,0.135056,-0.252915
0.131982,0.427216,0.296896,0.162469,-0.333965,0.10841,0.125889,-0.219554,0.050168,0.135056,-0.252915,-0.571775
0.132868,0.427216,0.162469,-0.333965,0.10841,0.125889,-0.219554,0.050168,0.135056,-0.252915,-0.571775,-0.035
0.135252,0.427216,-0.333965,0.10841,0.125889,-0.219554,0.050168,0.135056,-0.252915,-0.571775,-0.035,0.297023
0.130789,0.427216,0.10841,0.125889,-0.219554,0.050168,0.135056,-0.252915,-0.571775,-0.035,0.297023,-0.255957
0.12064,0.427216,0.125889,-0.219554,0.050168,0.135056,-0.252915,-0.571775,-0.035,0.297023,-0.255957,0.005168
0.120015,0.427216,-0.219554,0.050168,0.135056,-0.252915,-0.571775,-0.035,0.297023,-0.255957,0.005168,-0.009011
0.12531,0.427216,0.050168,0.135056,-0.252915,-0.571775,-0.035,0.297023,-0.255957,0.005168,-0.009011,-0.24487
0.120747,0.427216,0.135056,-0.252915,-0.571775,-0.035,0.297023,-0.255957,0.005168,-0.009011,-0.24487,0.075595
0.12084,0.427216,-0.252915,-0.571775,-0.035,0.297023,-0.255957,0.005168,-0.009011,-0.24487,0.075595,0.515938
0.120679,0.427216,-0.571775,-0.035,0.297023,-0.255957,0.005168,-0.009011,-0.24487,0.075595,0.515938,-0.197025
0.116303,0.427216,-0.035,0.297023,-0.255957,0.005168,-0.009011,-0.24487,0.075595,0.515938,-0.197025,-0.190164
0.117657,0.427216,0.297023,-0.255957,0.005168,-0.009011,-0.24487,0.075595,0.515938,-0.197025,-0.190164,0.390421
0.126861,0.427216,-0.255957,0.005168,-0.009011,-0.24487,0.075595,0.515938,-0.197025,-0.190164,0.390421,0.189075
0.12336,0.427216,0.005168,-0.009011,-0.24487,0.075595,0.515938,-0.197025,-0.190164,0.390421,0.189075,-0.332389
0.119972,0.427216,-0.009011,-0.24487,0.075595,0.515938,-0.197025,-0.190164,0.390421,0.189075,-0.332389,0.128133
0.126918,0.417969,-0.24487,0.075595,0.515938,-0.197025,-0.190164,0.390421,0.189075,-0.332389,0.128133,0.011119
0.130271,0.417969,0.075595,0.515938,-0.197025,-0.190164,0.390421,0.189075,-0.332389,0.128133,0.011119,-0.374926
0.124368,0.417969,0.515938,-0.197025,-0.190164,0.390421,0.189075,-0.332389,0.128133,0.011119,-0.374926,-0.11444
0.126645,0.417969,-0.197025,-0.190164,0.390421,0.189075,-0.332389,0.128133,0.011119,-0.374926,-0.11444,0.425168
0.126842,0.417969,-0.190164,0.390421,0.189075,-0.332389,0.128133,0.011119,-0.374926,-0.11444,0.425168,-0.372578
0.120172,0.417969,0.390421,0.189075,-0.332389,0.128133,0.011119,-0.374926,-0.11444,0.425168,-0.372578,-0.270554
0.118125,0.417969,0.189075,-0.332389,0.128133,0.011119,-0.374926,-0.11444,0.425168,-0.372578,-0.270554,0.056856
0.125712,0.417969,-0.332389,0.128133,0.011119,-0.374926,-0.11444,0.425168,-0.372578,-0.270554,0.056856,-0.114661
0.119074,0.417969,0.128133,0.011119,-0.374926,-0.11444,0.425168,-0.372578,-0.270554,0.056856,-0.114661,-0.146122
0.114233,0.417969,0.011119,-0.374926,-0.11444,0.425168,-0.372578,-0.270554,0.056856,-0.114661,-0.146122,0.176429
0.115252,0.417969,-0.374926,-0.11444,0.425168,-0.372578,-0.270554,0.056856,-0.114661,-0.146122,0.176429,0.271823
0.113193,0.417969,-0.11444,0.425168,-0.372578,-0.270554,0.056856,-0.114661,-0.146122,0.176429,0.271823,-0.052167
0.110562,0.417969,0.425168,-0.372578,-0.270554,0.056856,-0.114661,-0.146122,0.176429,0.271823,-0.052167,0.123869
0.113734,0.417969,-0.372578,-0.270554,0.056856,-0.114661,-0.146122,0.176429,0.271823,-0.052167,0.123869,0.425051
0.1186,0.417969,-0.270554,0.056856,-0.114661,-0.146122,0.176429,0.271823,-0.052167,0.123869,0.425051,-0.14393
0.117668,0.417969,0.056856,-0.114661,-0.146122,0.176429,0.271823,-0.052167,0.123869,0.425051,-0.14393,-0.19534
0.119884,0.417969,-0.114661,-0.146122,0.176429,0.271823,-0.052167,0.123869,0.425051,-0.14393,-0.19534,0.391868
0.127457,0.417969,-0.146122,0.176429,0.271823,-0.052167,0.123869,0.425051,-0.14393,-0.19534,0.391868,0.293896
0.124901,0.417969,0.176429,0.271823,-0.052167,0.123869,0.425051,-0.14393,-0.19534,0.391868,0.293896,-0.301552
0.121426,0.417969,0.271823,-0.052167,0.123869,0.425051,-0.14393,-0.19534,0.391868,0.293896,-0.301552,0.16141
0.128389,0.417969,-0.052167,0.123869,0.425051,-0.14393,-0.19534,0.391868,0.293896,-0.301552,0.16141,0.177485
0.13359,0.417969,0.123869,0.425051,-0.14393,-0.19534,0.391868,0.293896,-0.301552,0.16141,0.177485,-0.186889
0.128251,0.417969,0.425051,-0.14393,-0.19534,0.391868,0.293896,-0.301552,0.16141,0.177485,-0.186889,0.081793
0.131109,0.417969,-0.14393,-0.19534,0.391868,0.293896,-0.301552,0.16141,0.177485,-0.186889,0.081793,0.430967
0.134239,0.417969,-0.19534,0.391868,0.293896,-0.301552,0.16141,0.177485,-0.186889,0.081793,0.430967,-0.196122
0.130941,0.417969,0.391868,0.293896,-0.301552,0.16141,0.177485,-0.186889,0.081793,0.430967,-0.196122,-0.230798
0.132388,0.417969,0.293896,-0.301552,0.16141,0.177485,-0.186889,0.081793,0.430967,-0.196122,-0.230798,0.379811
0.139982,0.417969,-0.301552,0.16141,0.177485,-0.186889,0.081793,0.430967,-0.196122,-0.230798,0.379811,0.189527
0.136536,0.417969,0.16141,0.177485,-0.186889,0.081793,0.430967,-0.196122,-0.230798,0.379811,0.189527,-0.22086
0.132471,0.417969,0.177485,-0.186889,0.081793,0.430967,-0.196122,-0.230798,0.379811,0.189527,-0.22086,0.192272
0.139155,0.417969,-0.186889,0.081793,0.430967,-0.196122,-0.230798,0.379811,0.189527,-0.22086,0.192272,0.14529
0.14248,0.417969,0.081793,0.430967,-0.196122,-0.230798,0.379811,0.189527,-0.22086,0.192272,0.14529,-0.125115
0.138603,0.417969,0.430967,-0.196122,-0.230798,0.379811,0.189527,-0.22086,0.192272,0.14529,-0.125115,0.106586
0.141975,0.417969,-0.196122,-0.230798,0.379811,0.189527,-0.22086,0.192272,0.14529,-0.125115,0.106586,0.414324
0.144515,0.417969,-0.230798,0.379811,0.189527,-0.22086,0.192272,0.14529,-0.125115,0.106586,0.414324,-0.18466
0.142327,0.417969,0.379811,0.189527,-0.22086,0.192272,0.14529,-0.125115,0.106586,0.414324,-0.18466,-0.188441
0.144193,0.417969,0.189527,-0.22086,0.192272,0.14529,-0.125115,0.106586,0.414324,-0.18466,-0.188441,0.327364
0.15142,0.417969,-0.22086,0.192272,0.14529,-0.125115,0.106586,0.414324,-0.18466,-0.188441,0.327364,0.158337
0.148208,0.417969,0.192272,0.14529,-0.125115,0.106586,0.414324,-0.18466,-0.188441,0.327364,0.158337,-0.236094
0.144925,0.417969,0.14529,-0.125115,0.106586,0.414324,-0.18466,-0.188441,0.327364,0.158337,-0.236094,0.165037
0.150625,0.417969,-0.125115,0.106586,0.414324,-0.18466,-0.188441,0.327364,0.158337,-0.236094,0.165037,0.110868
0.153376,0.417969,0.106586,0.414324,-0.18466,-0.188441,0.327364,0.158337,-0.236094,0.165037,0.110868,-0.169414
0.149271,0.417969,0.414324,-0.18466,-0.188441,0.327364,0.158337,-0.236094,0.165037,0.110868,-0.169414,0.098696
0.152139,0.417969,-0.18466,-0.188441,0.327364,0.158337,-0.236094,0.165037,0.110868,-0.169414,0.098696,0.365924
0.15406,0.417969,-0.188441,0.327364,0.158337,-0.236094,0.165037,0.110868,-0.169414,0.098696,0.365924,-0.428078
0.151122,0.417969,0.327364,0.158337,-0.236094,0.165037,0.110868,-0.169414,0.098696,0.365924,-0.428078,-0.225674
0.152837,0.380127,0.158337,-0.236094,0.165037,0.110868,-0.169414,0.098696,0.365924,-0.428078,-0.225674,0.060123
0.159174,0.380127,-0.236094,0.165037,0.110868,-0.169414,0.098696,0.365924,-0.428078,-0.225674,0.060123,0.210229
0.151765,0.380127,0.165037,0.110868,-0.169414,0.098696,0.365924,-0.428078,-0.225674,0.060123,0.210229,-0.133777
0.147844,0.380127,0.110868,-0.169414,0.098696,0.365924,-0.428078,-0.225674,0.060123,0.210229,-0.133777,0.148737
0.14889,0.380127,-0.169414,0.098696,0.365924,-0.428078,-0.225674,0.060123,0.210229,-0.133777,0.148737,0.084577
0.152547,0.380127,0.098696,0.365924,-0.428078,-0.225674,0.060123,0.210229,-0.133777,0.148737,0.084577,-0.081047
0.15022,0.380127,0.365924,-0.428078,-0.225674,0.060123,0.210229,-0.133777,0.148737,0.084577,-0.081047,0.041462
0.152803,0.380127,-0.428078,-0.225674,0.060123,0.210229,-0.133777,0.148737,0.084577,-0.081047,0.041462,0.337486
0.154268,0.380127,-0.225674,0.060123,0.210229,-0.133777,0.148737,0.084577,-0.081047,0.041462,0.337486,-0.161338
0.152864,0.380127,0.060123,0.210229,-0.133777,0.148737,0.084577,-0.081047,0.041462,0.337486,-0.161338,-0.206853
0.153584,0.380127,0.210229,-0.133777,0.148737,0.084577,-0.081047,0.041462,0.337486,-0.161338,-0.206853,0.295027
0.159426,0.380127,-0.133777,0.148737,0.084577,-0.081047,0.041462,0.337486,-0.161338,-0.206853,0.295027,0.116898
0.15664,0.380127,0.148737,0.084577,-0.081047,0.041462,0.337486,-0.161338,-0.206853,0.295027,0.116898,-0.244727
0.153061,0.380127,0.084577,-0.081047,0.041462,0.337486,-0.161338,-0.206853,0.295027,0.116898,-0.244727,0.139247
0.158164,0.380127,-0.081047,0.041462,0.337486,-0.161338,-0.206853,0.295027,0.116898,-0.244727,0.139247,0.066389
0.160182,0.380127,0.041462,0.337486,-0.161338,-0.206853,0.295027,0.116898,-0.244727,0.139247,0.066389,-0.196315
0.155951,0.380127,0.337486,-0.161338,-0.206853,0.295027,0.116898,-0.244727,0.139247,0.066389,-0.196315,0.075329
0.158358,0.380127,-0.161338,-0.206853,0.295027,0.116898,-0.244727,0.139247,0.066389,-0.196315,0.075329,0.333725
0.159502,0.380127,-0.206853,0.295027,0.116898,-0.244727,0.139247,0.066389,-0.196315,0.075329,0.333725,-0.230939
0.156113,0.380127,0.295027,0.116898,-0.244727,0.139247,0.066389,-0.196315,0.075329,0.333725,-0.230939,-0.208172
0.157417,0.380127,0.116898,-0.244727,0.139247,0.066389,-0.196315,0.075329,0.333725,-0.230939,-0.208172,0.262623
0.163175,0.380127,-0.244727,0.139247,0.066389,-0.196315,0.075329,0.333725,-0.230939,-0.208172,0.262623,0.132003
0.159198,0.380127,0.139247,0.066389,-0.196315,0.075329,0.333725,-0.230939,-0.208172,0.262623,0.132003,-0.238738
0.155604,0.380127,0.066389,-0.196315,0.075329,0.333725,-0.230939,-0.208172,0.262623,0.132003,-0.238738,0.120713
0.160137,0.380127,-0.196315,0.075329,0.333725,-0.230939,-0.208172,0.262623,0.132003,-0.238738,0.120713,0.044709
0.162412,0.380127,0.075329,0.333725,-0.230939,-0.208172,0.262623,0.132003,-0.238738,0.120713,0.044709,-0.160826
0.158293,0.380127,0.333725,-0.230939,-0.208172,0.262623,0.132003,-0.238738,0.120713,0.044709,-0.160826,0.051266
0.160376,0.369568,-0.230939,-0.208172,0.262623,0.132003,-0.238738,0.120713,0.044709,-0.160826,0.051266,0.31077
0.161145,0.369568,-0.208172,0.262623,0.132003,-0.238738,0.120713,0.044709,-0.160826,0.051266,0.31077,-0.221906
0.158373,0.369568,0.262623,0.132003,-0.238738,0.120713,0.044709,-0.160826,0.051266,0.31077,-0.221906,-0.211429
0.159259,0.369568,0.132003,-0.238738,0.120713,0.044709,-0.160826,0.051266,0.31077,-0.221906,-0.211429,0.25134
0.164613,0.369568,-0.238738,0.120713,0.044709,-0.160826,0.051266,0.31077,-0.221906,-0.211429,0.25134,0.097961
0.160797,0.369568,0.120713,0.044709,-0.160826,0.051266,0.31077,-0.221906,-0.211429,0.25134,0.097961,-0.234301
0.157152,0.369568,0.044709,-0.160826,0.051266,0.31077,-0.221906,-0.211429,0.25134,0.097961,-0.234301,0.12348
0.161485,0.369568,-0.160826,0.051266,0.31077,-0.221906,-0.211429,0.25134,0.097961,-0.234301,0.12348,0.039916
0.163172,0.369568,0.051266,0.31077,-0.221906,-0.211429,0.25134,0.097961,-0.234301,0.12348,0.039916,-0.166076
0.159132,0.369568,0.31077,-0.221906,-0.211429,0.25134,0.097961,-0.234301,0.12348,0.039916,-0.166076,0.048864
0.161261,0.369568,-0.221906,-0.211429,0.25134,0.097961,-0.234301,0.12348,0.039916,-0.166076,0.048864,0.29901
0.161947,0.369568,-0.211429,0.25134,0.097961,-0.234301,0.12348,0.039916,-0.166076,0.048864,0.29901,-0.224584
0.159087,0.369568,0.25134,0.097961,-0.234301,0.12348,0.039916,-0.166076,0.048864,0.29901,-0.224584,-0.298914
0.15993,0.369568,0.097961,-0.234301,0.12348,0.039916,-0.166076,0.048864,0.29901,-0.224584,-0.298914,-0.100779
0.16508,0.369568,-0.234301,0.12348,0.039916,-0.166076,0.048864,0.29901,-0.224584,-0.298914,-0.100779,0.077557
0.161218,0.369568,0.12348,0.039916,-0.166076,0.048864,0.29901,-0.224584,-0.298914,-0.100779,0.077557,-0.172951
0.156064,0.369568,0.039916,-0.166076,0.048864,0.29901,-0.224584,-0.298914,-0.100779,0.077557,-0.172951,0.132995
0.15432,0.369568,-0.166076,0.048864,0.29901,-0.224584,-0.298914,-0.100779,0.077557,-0.172951,0.132995,0.094783
0.155664,0.369568,0.048864,0.29901,-0.224584,-0.298914,-0.100779,0.077557,-0.172951,0.132995,0.094783,-0.16108
0.152664,0.369568,0.29901,-0.224584,-0.298914,-0.100779,0.077557,-0.172951,0.132995,0.094783,-0.16108,0.079905
0.154969,0.369568,-0.224584,-0.298914,-0.100779,0.077557,-0.172951,0.132995,0.094783,-0.16108,0.079905,0.329238
0.156607,0.369568,-0.298914,-0.100779,0.077557,-0.172951,0.132995,0.094783,-0.16108,0.079905,0.329238,-0.244279
0.15382,0.369568,-0.100779,0.077557,-0.172951,0.132995,0.094783,-0.16108,0.079905,0.329238,-0.244279,-0.187663
0.155205,0.369568,0.077557,-0.172951,0.132995,0.094783,-0.16108,0.079905,0.329238,-0.244279,-0.187663,0.292863
0.160897,0.369568,-0.172951,0.132995,0.094783,-0.16108,0.079905,0.329238,-0.244279,-0.187663,0.292863,0.124279
0.156682,0.369568,0.132995,0.094783,-0.16108,0.079905,0.329238,-0.244279,-0.187663,0.292863,0.124279,-0.2474
0.153435,0.369568,0.094783,-0.16108,0.079905,0.329238,-0.244279,-0.187663,0.292863,0.124279,-0.2474,0.112674
0.158499,0.369568,-0.16108,0.079905,0.329238,-0.244279,-0.187663,0.292863,0.124279,-0.2474,0.112674,0.05174
0.160644,0.369568,0.079905,0.329238,-0.244279,-0.187663,0.292863,0.124279,-0.2474,0.112674,0.05174,-0.179237
0.156369,0.369568,0.329238,-0.244279,-0.187663,0.292863,0.124279,-0.2474,0.112674,0.05174,-0.179237,0.065663
0.158316,0.369568,-0.244279,-0.187663,0.292863,0.124279,-0.2474,0.112674,0.05174,-0.179237,0.065663,0.318844
0.159208,0.369568,-0.187663,0.292863,0.124279,-0.2474,0.112674,0.05174,-0.179237,0.065663,0.318844,-0.395576
0.156113,0.369568,0.292863,0.124279,-0.2474,0.112674,0.05174,-0.179237,0.065663,0.318844,-0.395576,-0.235217
0.15725,0.369568,0.124279,-0.2474,0.112674,0.05174,-0.179237,0.065663,0.318844,-0.395576,-0.235217,0.053335
0.162752,0.369568,-0.2474,0.112674,0.05174,-0.179237,0.065663,0.318844,-0.395576,-0.235217,0.053335,0.197549
0.155929,0.369568,0.112674,0.05174,-0.179237,0.065663,0.318844,-0.395576,-0.235217,0.053335,0.197549,-0.134845
0.151856,0.369568,0.05174,-0.179237,0.065663,0.318844,-0.395576,-0.235217,0.053335,0.197549,-0.134845,0.119001
0.152781,0.369568,-0.179237,0.065663,0.318844,-0.395576,-0.235217,0.053335,0.197549,-0.134845,0.119001,0.107192
0.156206,0.369568,0.065663,0.318844,-0.395576,-0.235217,0.053335,0.197549,-0.134845,0.119001,0.107192,-0.110991
0.153868,0.369568,0.318844,-0.395576,-0.235217,0.053335,0.197549,-0.134845,0.119001,0.107192,-0.110991,0.070476
0.155929,0.369568,-0.395576,-0.235217,0.053335,0.197549,-0.134845,0.119001,0.107192,-0.110991,0.070476,0.375157
0.15778,0.369568,-0.235217,0.053335,0.197549,-0.134845,0.119001,0.107192,-0.110991,0.070476,0.375157,-0.179875
0.155863,0.369568,0.053335,0.197549,-0.134845,0.119001,0.107192,-0.110991,0.070476,0.375157,-0.179875,-0.242739
0.157082,0.369568,0.197549,-0.134845,0.119001,0.107192,-0.110991,0.070476,0.375157,-0.179875,-0.242739,-0.035784
0.163555,0.369568,-0.134845,0.119001,0.107192,-0.110991,0.070476,0.375157,-0.179875,-0.242739,-0.035784,0.099441
0.16046,0.369568,0.119001,0.107192,-0.110991,0.070476,0.375157,-0.179875,-0.242739,-0.035784,0.099441,-0.159218
0.156273,0.369568,0.107192,-0.110991,0.070476,0.375157,-0.179875,-0.242739,-0.035784,0.099441,-0.159218,0.013059
0.155654,0.369568,-0.110991,0.070476,0.375157,-0.179875,-0.242739,-0.035784,0.099441,-0.159218,0.013059,-0.066916
0.157375,0.369568,0.070476,0.375157,-0.179875,-0.242739,-0.035784,0.099441,-0.159218,0.013059,-0.066916,-0.235847
0.154617,0.369568,0.375157,-0.179875,-0.242739,-0.035784,0.099441,-0.159218,0.013059,-0.066916,-0.235847,0.150849
0.154844,0.369568,-0.179875,-0.242739,-0.035784,0.099441,-0.159218,0.013059,-0.066916,-0.235847,0.150849,0.445499
0.153685,0.371918,-0.242739,-0.035784,0.099441,-0.159218,0.013059,-0.066916,-0.235847,0.150849,0.445499,-0.209922
0.149592,0.371918,-0.035784,0.099441,-0.159218,0.013059,-0.066916,-0.235847,0.150849,0.445499,-0.209922,-0.20668
0.152215,0.371918,0.099441,-0.159218,0.013059,-0.066916,-0.235847,0.150849,0.445499,-0.209922,-0.20668,-0.004139
0.15993,0.371918,-0.159218,0.013059,-0.066916,-0.235847,0.150849,0.445499,-0.209922,-0.20668,-0.004139,0.115741
0.156305,0.371918,0.013059,-0.066916,-0.235847,0.150849,0.445499,-0.209922,-0.20668,-0.004139,0.115741,-0.151099
0.152728,0.371918,-0.066916,-0.235847,0.150849,0.445499,-0.209922,-0.20668,-0.004139,0.115741,-0.151099,0.188129
0.152656,0.371918,-0.235847,0.150849,0.445499,-0.209922,-0.20668,-0.004139,0.115741,-0.151099,0.188129,0.048855
0.154664,0.371918,0.150849,0.445499,-0.209922,-0.20668,-0.004139,0.115741,-0.151099,0.188129,0.048855,-0.292417
0.152042,0.371918,0.445499,-0.209922,-0.20668,-0.004139,0.115741,-0.151099,0.188129,0.048855,-0.292417,-0.022795
0.155303,0.371918,-0.209922,-0.20668,-0.004139,0.115741,-0.151099,0.188129,0.048855,-0.292417,-0.022795,0.407293
0.156147,0.371918,-0.20668,-0.004139,0.115741,-0.151099,0.188129,0.048855,-0.292417,-0.022795,0.407293,-0.3264
0.151081,0.371918,-0.004139,0.115741,-0.151099,0.188129,0.048855,-0.292417,-0.022795,0.407293,-0.3264,-0.178411
0.150684,0.371918,0.115741,-0.151099,0.188129,0.048855,-0.292417,-0.022795,0.407293,-0.3264,-0.178411,0.155582
0.157749,0.371918,-0.151099,0.188129,0.048855,-0.292417,-0.022795,0.407293,-0.3264,-0.178411,0.155582,0.271712
0.152097,0.371918,0.188129,0.048855,-0.292417,-0.022795,0.407293,-0.3264,-0.178411,0.155582,0.271712,-0.280709
0.148999,0.371918,0.048855,-0.292417,-0.022795,0.407293,-0.3264,-0.178411,0.155582,0.271712,-0.280709,0.055776
0.151702,0.371918,-0.292417,-0.022795,0.407293,-0.3264,-0.178411,0.155582,0.271712,-0.280709,0.055776,-0.033075
0.156414,0.371918,-0.022795,0.407293,-0.3264,-0.178411,0.155582,0.271712,-0.280709,0.055776,-0.033075,-0.018416
0.151544,0.371918,0.407293,-0.3264,-0.178411,0.155582,0.271712,-0.280709,0.055776,-0.033075,-0.018416,0.199459
0.152513,0.371918,-0.3264,-0.178411,0.155582,0.271712,-0.280709,0.055776,-0.033075,-0.018416,0.199459,0.387764
0.151939,0.371918,-0.178411,0.155582,0.271712,-0.280709,0.055776,-0.033075,-0.018416,0.199459,0.387764,-0.135352
0.151619,0.371918,0.155582,0.271712,-0.280709,0.055776,-0.033075,-0.018416,0.199459,0.387764,-0.135352,-0.123516
0.155081,0.387177,0.271712,-0.280709,0.055776,-0.033075,-0.018416,0.199459,0.387764,-0.135352,-0.123516,0.364476
0.161782,0.387177,-0.280709,0.055776,-0.033075,-0.018416,0.199459,0.387764,-0.135352,-0.123516,0.364476,0.160054
0.15945,0.387177,0.055776,-0.033075,-0.018416,0.199459,0.387764,-0.135352,-0.123516,0.364476,0.160054,-0.162431
0.157319,0.387177,-0.033075,-0.018416,0.199459,0.387764,-0.135352,-0.123516,0.364476,0.160054,-0.162431,0.207141
0.163597,0.387177,-0.018416,0.199459,0.387764,-0.135352,-0.123516,0.364476,0.160054,-0.162431,0.207141,0.138095
0.166347,0.387177,0.199459,0.387764,-0.135352,-0.123516,0.364476,0.160054,-0.162431,0.207141,0.138095,-0.112593
0.163555,0.387177,0.387764,-0.135352,-0.123516,0.364476,0.160054,-0.162431,0.207141,0.138095,-0.112593,0.106407
0.16711,0.387177,-0.135352,-0.123516,0.364476,0.160054,-0.162431,0.207141,0.138095,-0.112593,0.106407,0.426076
0.169472,0.387177,-0.123516,0.364476,0.160054,-0.162431,0.207141,0.138095,-0.112593,0.106407,0.426076,-0.174894
0.167546,0.387177,0.364476,0.160054,-0.162431,0.207141,0.138095,-0.112593,0.106407,0.426076,-0.174894,-0.190665
0.169368,0.387177,0.160054,-0.162431,0.207141,0.138095,-0.112593,0.106407,0.426076,-0.174894,-0.190665,0.33803
0.17664,0.387177,-0.162431,0.207141,0.138095,-0.112593,0.106407,0.426076,-0.174894,-0.190665,0.33803,0.187111
0.173664,0.387177,0.207141,0.138095,-0.112593,0.106407,0.426076,-0.174894,-0.190665,0.33803,0.187111,-0.17225
0.170414,0.387177,0.138095,-0.112593,0.106407,0.426076,-0.174894,-0.190665,0.33803,0.187111,-0.17225,0.209952
0.176172,0.387177,-0.112593,0.106407,0.426076,-0.174894,-0.190665,0.33803,0.187111,-0.17225,0.209952,0.083548
0.179352,0.387177,0.106407,0.426076,-0.174894,-0.190665,0.33803,0.187111,-0.17225,0.209952,0.083548,-0.06544
0.176424,0.387177,0.426076,-0.174894,-0.190665,0.33803,0.187111,-0.17225,0.209952,0.083548,-0.06544,0.106145
0.179988,0.387177,-0.174894,-0.190665,0.33803,0.187111,-0.17225,0.209952,0.083548,-0.06544,0.106145,0.404205
0.181402,0.387177,-0.190665,0.33803,0.187111,-0.17225,0.209952,0.083548,-0.06544,0.106145,0.404205,-0.187305
0.180294,0.387177,0.33803,0.187111,-0.17225,0.209952,0.083548,-0.06544,0.106145,0.404205,-0.187305,-0.167864
0.182093,0.387177,0.187111,-0.17225,0.209952,0.083548,-0.06544,0.106145,0.404205,-0.187305,-0.167864,0.295761
0.188919,0.387177,-0.17225,0.209952,0.083548,-0.06544,0.106145,0.404205,-0.187305,-0.167864,0.295761,0.149531
0.185764,0.387177,0.209952,0.083548,-0.06544,0.106145,0.404205,-0.187305,-0.167864,0.295761,0.149531,-0.142516
0.182932,0.387177,0.083548,-0.06544,0.106145,0.404205,-0.187305,-0.167864,0.295761,0.149531,-0.142516,0.182762
0.187919,0.387177,-0.06544,0.106145,0.404205,-0.187305,-0.167864,0.295761,0.149531,-0.142516,0.182762,0.041068
0.190435,0.387177,0.106145,0.404205,-0.187305,-0.167864,0.295761,0.149531,-0.142516,0.182762,0.041068,-0.091555
0.188036,0.387177,0.404205,-0.187305,-0.167864,0.295761,0.149531,-0.142516,0.182762,0.041068,-0.091555,0.005121
0.191109,0.387177,-0.187305,-0.167864,0.295761,0.149531,-0.142516,0.182762,0.041068,-0.091555,0.005121,0.112594
0.191797,0.387177,-0.167864,0.295761,0.149531,-0.142516,0.182762,0.041068,-0.091555,0.005121,0.112594,-0.322336
0.190261,0.387177,0.295761,0.149531,-0.142516,0.182762,0.041068,-0.091555,0.005121,0.112594,-0.322336,-0.139688
0.190347,0.387177,0.149531,-0.142516,0.182762,0.041068,-0.091555,0.005121,0.112594,-0.322336,-0.139688,0.341594
0.192239,0.387177,-0.142516,0.182762,0.041068,-0.091555,0.005121,0.112594,-0.322336,-0.139688,0.341594,0.174
0.18682,0.387177,0.182762,0.041068,-0.091555,0.005121,0.112594,-0.322336,-0.139688,0.341594,0.174,-0.13542
0.184466,0.387177,0.041068,-0.091555,0.005121,0.112594,-0.322336,-0.139688,0.341594,0.174,-0.13542,0.168321
0.190217,0.387177,-0.091555,0.005121,0.112594,-0.322336,-0.139688,0.341594,0.174,-0.13542,0.168321,0.030718
0.193139,0.387177,0.005121,0.112594,-0.322336,-0.139688,0.341594,0.174,-0.13542,0.168321,0.030718,-0.094905
0.190864,0.387177,0.112594,-0.322336,-0.139688,0.341594,0.174,-0.13542,0.168321,0.030718,-0.094905,0.079109
0.193688,0.387177,-0.322336,-0.139688,0.341594,0.174,-0.13542,0.168321,0.030718,-0.094905,0.079109,0.368641
0.194202,0.387177,-0.139688,0.341594,0.174,-0.13542,0.168321,0.030718,-0.094905,0.079109,0.368641,-0.202498
0.192612,0.387177,0.341594,0.174,-0.13542,0.168321,0.030718,-0.094905,0.079109,0.368641,-0.202498,-0.206933
0.193939,0.387177,0.174,-0.13542,0.168321,0.030718,-0.094905,0.079109,0.368641,-0.202498,-0.206933,0.22237
0.200104,0.387177,-0.13542,0.168321,0.030718,-0.094905,0.079109,0.368641,-0.202498,-0.206933,0.22237,0.122524
0.196726,0.387177,0.168321,0.030718,-0.094905,0.079109,0.368641,-0.202498,-0.206933,0.22237,0.122524,-0.195852
0.193265,0.387177,0.030718,-0.094905,0.079109,0.368641,-0.202498,-0.206933,0.22237,0.122524,-0.195852,-0.011639
0.196984,0.387177,-0.094905,0.079109,0.368641,-0.202498,-0.206933,0.22237,0.122524,-0.195852,-0.011639,-0.211659
0.199031,0.387177,0.079109,0.368641,-0.202498,-0.206933,0.22237,0.122524,-0.195852,-0.011639,-0.211659,-0.283419
0.195757,0.387177,0.368641,-0.202498,-0.206933,0.22237,0.122524,-0.195852,-0.011639,-0.211659,-0.283419,0.130969
0.195562,0.387177,-0.202498,-0.206933,0.22237,0.122524,-0.195852,-0.011639,-0.211659,-0.283419,0.130969,0.404262
0.192019,0.387177,-0.206933,0.22237,0.122524,-0.195852,-0.011639,-0.211659,-0.283419,0.130969,0.404262,-0.237983
0.187258,0.387177,0.22237,0.122524,-0.195852,-0.011639,-0.211659,-0.283419,0.130969,0.404262,-0.237983,-0.183666
0.189463,0.387177,0.122524,-0.195852,-0.011639,-0.211659,-0.283419,0.130969,0.404262,-0.237983,-0.183666,0.2655
0.196248,0.387177,-0.195852,-0.011639,-0.211659,-0.283419,0.130969,0.404262,-0.237983,-0.183666,0.2655,0.124486
0.192263,0.387177,-0.011639,-0.211659,-0.283419,0.130969,0.404262,-0.237983,-0.183666,0.2655,0.124486,-0.189134
0.189181,0.404907,-0.211659,-0.283419,0.130969,0.404262,-0.237983,-0.183666,0.2655,0.124486,-0.189134,0.147809
0.193635,0.404907,-0.283419,0.130969,0.404262,-0.237983,-0.183666,0.2655,0.124486,-0.189134,0.147809,0.041558
0.195721,0.404907,0.130969,0.404262,-0.237983,-0.183666,0.2655,0.124486,-0.189134,0.147809,0.041558,-0.119312
0.19255,0.404907,0.404262,-0.237983,-0.183666,0.2655,0.124486,-0.189134,0.147809,0.041558,-0.119312,0.039342
0.195026,0.404907,-0.237983,-0.183666,0.2655,0.124486,-0.189134,0.147809,0.041558,-0.119312,0.039342,0.307067
0.195721,0.404907,-0.183666,0.2655,0.124486,-0.189134,0.147809,0.041558,-0.119312,0.039342,0.307067,-0.237014
0.193725,0.404907,0.2655,0.124486,-0.189134,0.147809,0.041558,-0.119312,0.039342,0.307067,-0.237014,-0.240812
0.194384,0.404907,0.124486,-0.189134,0.147809,0.041558,-0.119312,0.039342,0.307067,-0.237014,-0.240812,0.234857
0.19952,0.404907,-0.189134,0.147809,0.041558,-0.119312,0.039342,0.307067,-0.237014,-0.240812,0.234857,0.074062
0.195562,0.404907,0.147809,0.041558,-0.119312,0.039342,0.307067,-0.237014,-0.240812,0.234857,0.074062,-0.176277
0.191531,0.404907,0.041558,-0.119312,0.039342,0.307067,-0.237014,-0.240812,0.234857,0.074062,-0.176277,0.134966
0.195464,0.404907,-0.119312,0.039342,0.307067,-0.237014,-0.240812,0.234857,0.074062,-0.176277,0.134966,-0.014597
0.196703,0.404907,0.039342,0.307067,-0.237014,-0.240812,0.234857,0.074062,-0.176277,0.134966,-0.014597,-0.151233
0.19375,0.404907,0.307067,-0.237014,-0.240812,0.234857,0.074062,-0.176277,0.134966,-0.014597,-0.151233,0.07386
0.196009,0.404907,-0.237014,-0.240812,0.234857,0.074062,-0.176277,0.134966,-0.014597,-0.151233,0.07386,0.304447
0.195765,0.404907,-0.240812,0.234857,0.074062,-0.176277,0.134966,-0.014597,-0.151233,0.07386,0.304447,-0.226338
0.193235,0.404907,0.234857,0.074062,-0.176277,0.134966,-0.014597,-0.151233,0.07386,0.304447,-0.226338,-0.225041
0.194473,0.404907,0.074062,-0.176277,0.134966,-0.014597,-0.151233,0.07386,0.304447,-0.226338,-0.225041,0.24047
0.199565,0.404907,-0.176277,0.134966,-0.014597,-0.151233,0.07386,0.304447,-0.226338,-0.225041,0.24047,0.100888
0.195786,0.404907,0.134966,-0.014597,-0.151233,0.07386,0.304447,-0.226338,-0.225041,0.24047,0.100888,-0.176676
0.192019,0.404907,-0.014597,-0.151233,0.07386,0.304447,-0.226338,-0.225041,0.24047,0.100888,-0.176676,0.135399
0.196045,0.404907,-0.151233,0.07386,0.304447,-0.226338,-0.225041,0.24047,0.100888,-0.176676,0.135399,-0.011934
0.197732,0.404907,0.07386,0.304447,-0.226338,-0.225041,0.24047,0.100888,-0.176676,0.135399,-0.011934,-0.10638
0.194775,0.404907,0.304447,-0.226338,-0.225041,0.24047,0.100888,-0.176676,0.135399,-0.011934,-0.10638,0.074027
0.197039,0.404907,-0.226338,-0.225041,0.24047,0.100888,-0.176676,0.135399,-0.011934,-0.10638,0.074027,0.308668
0.19684,0.40451,-0.225041,0.24047,0.100888,-0.176676,0.135399,-0.011934,-0.10638,0.074027,0.308668,-0.229956
0.195062,0.40451,0.24047,0.100888,-0.176676,0.135399,-0.011934,-0.10638,0.074027,0.308668,-0.229956,-0.223369
0.196301,0.40451,0.100888,-0.176676,0.135399,-0.011934,-0.10638,0.074027,0.308668,-0.229956,-0.223369,0.254929
0.201456,0.40451,-0.176676,0.135399,-0.011934,-0.10638,0.074027,0.308668,-0.229956,-0.223369,0.254929,0.082378
0.197622,0.40451,0.135399,-0.011934,-0.10638,0.074027,0.308668,-0.229956,-0.223369,0.254929,0.082378,-0.185384
0.193889,0.40451,-0.011934,-0.10638,0.074027,0.308668,-0.229956,-0.223369,0.254929,0.082378,-0.185384,0.122626
0.19815,0.40451,-0.10638,0.074027,0.308668,-0.229956,-0.223369,0.254929,0.082378,-0.185384,0.122626,0.009612
0.199525,0.40451,0.074027,0.308668,-0.229956,-0.223369,0.254929,0.082378,-0.185384,0.122626,0.009612,-0.128397
0.196427,0.40451,0.308668,-0.229956,-0.223369,0.254929,0.082378,-0.185384,0.122626,0.009612,-0.128397,0.068793
0.198475,0.40451,-0.229956,-0.223369,0.254929,0.082378,-0.185384,0.122626,0.009612,-0.128397,0.068793,0.331521
0.198635,0.40451,-0.223369,0.254929,0.082378,-0.185384,0.122626,0.009612,-0.128397,0.068793,0.331521,-0.241602
0.196492,0.40451,0.254929,0.082378,-0.185384,0.122626,0.009612,-0.128397,0.068793,0.331521,-0.241602,-0.216166
0.197642,0.40451,0.082378,-0.185384,0.122626,0.009612,-0.128397,0.068793,0.331521,-0.241602,-0.216166,0.250494
0.203171,0.40451,-0.185384,0.122626,0.009612,-0.128397,0.068793,0.331521,-0.241602,-0.216166,0.250494,0.10687
0.199149,0.40451,0.122626,0.009612,-0.128397,0.068793,0.331521,-0.241602,-0.216166,0.250494,0.10687,-0.226419
0.195542,0.40451,0.009612,-0.128397,0.068793,0.331521,-0.241602,-0.216166,0.250494,0.10687,-0.226419,-0.014231
0.199722,0.40451,-0.128397,0.068793,0.331521,-0.241602,-0.216166,0.250494,0.10687,-0.226419,-0.014231,-0.196652
0.201504,0.40451,0.068793,0.331521,-0.241602,-0.216166,0.250494,0.10687,-0.226419,-0.014231,-0.196652,-0.279847
0.197725,0.40451,0.331521,-0.241602,-0.216166,0.250494,0.10687,-0.226419,-0.014231,-0.196652,-0.279847,0.139422
0.197487,0.40451,-0.241602,-0.216166,0.250494,0.10687,-0.226419,-0.014231,-0.196652,-0.279847,0.139422,0.401481
0.194202,0.40451,-0.216166,0.250494,0.10687,-0.226419,-0.014231,-0.196652,-0.279847,0.139422,0.401481,-0.244523
0.189509,0.40451,0.250494,0.10687,-0.226419,-0.014231,-0.196652,-0.279847,0.139422,0.401481,-0.244523,-0.160811
0.191852,0.40451,0.10687,-0.226419,-0.014231,-0.196652,-0.279847,0.139422,0.401481,-0.244523,-0.160811,0.29924
0.198577,0.40451,-0.226419,-0.014231,-0.196652,-0.279847,0.139422,0.401481,-0.244523,-0.160811,0.29924,0.092956
0.19449,0.40451,-0.014231,-0.196652,-0.279847,0.139422,0.401481,-0.244523,-0.160811,0.29924,0.092956,-0.158253
0.191797,0.40451,-0.196652,-0.279847,0.139422,0.401481,-0.244523,-0.160811,0.29924,0.092956,-0.158253,0.170771
0.196805,0.40451,-0.279847,0.139422,0.401481,-0.244523,-0.160811,0.29924,0.092956,-0.158253,0.170771,0.036602
0.198359,0.40451,0.139422,0.401481,-0.244523,-0.160811,0.29924,0.092956,-0.158253,0.170771,0.036602,-0.120559
0.195712,0.40451,0.401481,-0.244523,-0.160811,0.29924,0.092956,-0.158253,0.170771,0.036602,-0.120559,0.044716
0.198565,0.40451,-0.244523,-0.160811,0.29924,0.092956,-0.158253,0.170771,0.036602,-0.120559,0.044716,0.310011
0.199175,0.40451,-0.160811,0.29924,0.092956,-0.158253,0.170771,0.036602,-0.120559,0.044716,0.310011,-0.21727
0.197164,0.40451,0.29924,0.092956,-0.158253,0.170771,0.036602,-0.120559,0.044716,0.310011,-0.21727,-0.216335
0.197911,0.40451,0.092956,-0.158253,0.170771,0.036602,-0.120559,0.044716,0.310011,-0.21727,-0.216335,0.25608
0.203081,0.40451,-0.158253,0.170771,0.036602,-0.120559,0.044716,0.310011,-0.21727,-0.216335,0.25608,0.125896
0.199464,0.40451,0.170771,0.036602,-0.120559,0.044716,0.310011,-0.21727,-0.216335,0.25608,0.125896,-0.162255
0.195855,0.40451,0.036602,-0.120559,0.044716,0.310011,-0.21727,-0.216335,0.25608,0.125896,-0.162255,0.115686
0.200127,0.40451,-0.120559,0.044716,0.310011,-0.21727,-0.216335,0.25608,0.125896,-0.162255,0.115686,0.034208
0.202225,0.40451,0.044716,0.310011,-0.21727,-0.216335,0.25608,0.125896,-0.162255,0.115686,0.034208,-0.110784
0.19952,0.40451,0.310011,-0.21727,-0.216335,0.25608,0.125896,-0.162255,0.115686,0.034208,-0.110784,0.088008
0.201447,0.40451,-0.21727,-0.216335,0.25608,0.125896,-0.162255,0.115686,0.034208,-0.110784,0.088008,0.318632
0.202016,0.40451,-0.216335,0.25608,0.125896,-0.162255,0.115686,0.034208,-0.110784,0.088008,0.318632,-0.19726
0.200172,0.40451,0.25608,0.125896,-0.162255,0.115686,0.034208,-0.110784,0.088008,0.318632,-0.19726,-0.194157
0.201639,0.40451,0.125896,-0.162255,0.115686,0.034208,-0.110784,0.088008,0.318632,-0.19726,-0.194157,0.247819
0.206936,0.40451,-0.162255,0.115686,0.034208,-0.110784,0.088008,0.318632,-0.19726,-0.194157,0.247819,0.126865
0.203663,0.40451,0.115686,0.034208,-0.110784,0.088008,0.318632,-0.19726,-0.194157,0.247819,0.126865,-0.155621
0.200436,0.40451,0.034208,-0.110784,0.088008,0.318632,-0.19726,-0.194157,0.247819,0.126865,-0.155621,0.164042
0.204555,0.40451,-0.110784,0.088008,0.318632,-0.19726,-0.194157,0.247819,0.126865,-0.155621,0.164042,0.021005
0.206661,0.40451,0.088008,0.318632,-0.19726,-0.194157,0.247819,0.126865,-0.155621,0.164042,0.021005,-0.101565
0.204076,0.40451,0.318632,-0.19726,-0.194157,0.247819,0.126865,-0.155621,0.164042,0.021005,-0.101565,0.099635
0.206798,0.40451,-0.19726,-0.194157,0.247819,0.126865,-0.155621,0.164042,0.021005,-0.101565,0.099635,0.342819
0.207145,0.40451,-0.194157,0.247819,0.126865,-0.155621,0.164042,0.021005,-0.101565,0.099635,0.342819,-0.205221
0.205462,0.40451,0.247819,0.126865,-0.155621,0.164042,0.021005,-0.101565,0.099635,0.342819,-0.205221,-0.227018
0.207116,0.40451,0.126865,-0.155621,0.164042,0.021005,-0.101565,0.099635,0.342819,-0.205221,-0.227018,0.281211
0.212788,0.40451,-0.155621,0.164042,0.021005,-0.101565,0.099635,0.342819,-0.205221,-0.227018,0.281211,0.13091
0.209399,0.40451,0.164042,0.021005,-0.101565,0.099635,0.342819,-0.205221,-0.227018,0.281211,0.13091,-0.182386
0.205643,0.40451,0.021005,-0.101565,0.099635,0.342819,-0.205221,-0.227018,0.281211,0.13091,-0.182386,0.166672
0.210296,0.396423,-0.101565,0.099635,0.342819,-0.205221,-0.227018,0.281211,0.13091,-0.182386,0.166672,-0.162133
0.212459,0.396423,0.099635,0.342819,-0.205221,-0.227018,0.281211,0.13091,-0.182386,0.166672,-0.162133,-0.351748
0.209443,0.396423,0.342819,-0.205221,-0.227018,0.281211,0.13091,-0.182386,0.166672,-0.162133,-0.351748,-0.352324
0.212196,0.396423,-0.205221,-0.227018,0.281211,0.13091,-0.182386,0.166672,-0.162133,-0.351748,-0.352324,0.293648
0.209521,0.396423,-0.227018,0.281211,0.13091,-0.182386,0.166672,-0.162133,-0.351748,-0.352324,0.293648,-0.095463
0.203694,0.396423,0.281211,0.13091,-0.182386,0.166672,-0.162133,-0.351748,-0.352324,0.293648,-0.095463,-0.149883
0.197821,0.396423,0.13091,-0.182386,0.166672,-0.162133,-0.351748,-0.352324,0.293648,-0.095463,-0.149883,0.336756
0.202719,0.396423,-0.182386,0.166672,-0.162133,-0.351748,-0.352324,0.293648,-0.095463,-0.149883,0.336756,0.156926
0.201131,0.396423,0.166672,-0.162133,-0.351748,-0.352324,0.293648,-0.095463,-0.149883,0.336756,0.156926,-0.131144
0.198635,0.396423,-0.162133,-0.351748,-0.352324,0.293648,-0.095463,-0.149883,0.336756,0.156926,-0.131144,0.158821
0.204238,0.396423,-0.351748,-0.352324,0.293648,-0.095463,-0.149883,0.336756,0.156926,-0.131144,0.158821,0.037597
0.206843,0.396423,-0.352324,0.293648,-0.095463,-0.149883,0.336756,0.156926,-0.131144,0.158821,0.037597,-0.068855
0.204665,0.396423,0.293648,-0.095463,-0.149883,0.336756,0.156926,-0.131144,0.158821,0.037597,-0.068855,0.149405
0.207299,0.396423,-0.095463,-0.149883,0.336756,0.156926,-0.131144,0.158821,0.037597,-0.068855,0.149405,0.369979
0.207921,0.396423,-0.149883,0.336756,0.156926,-0.131144,0.158821,0.037597,-0.068855,0.149405,0.369979,-0.245278
0.206781,0.396423,0.336756,0.156926,-0.131144,0.158821,0.037597,-0.068855,0.149405,0.369979,-0.245278,-0.22255
0.209256,0.396423,0.156926,-0.131144,0.158821,0.037597,-0.068855,0.149405,0.369979,-0.245278,-0.22255,0.249083
0.215366,0.396423,-0.131144,0.158821,0.037597,-0.068855,0.149405,0.369979,-0.245278,-0.22255,0.249083,0.097802
0.211324,0.396423,0.158821,0.037597,-0.068855,0.149405,0.369979,-0.245278,-0.22255,0.249083,0.097802,-0.135676
0.207647,0.396423,0.037597,-0.068855,0.149405,0.369979,-0.245278,-0.22255,0.249083,0.097802,-0.135676,0.125579
0.211763,0.395386,-0.068855,0.149405,0.369979,-0.245278,-0.22255,0.249083,0.097802,-0.135676,0.125579,-0.01207
0.213377,0.395386,0.149405,0.369979,-0.245278,-0.22255,0.249083,0.097802,-0.135676,0.125579,-0.01207,-0.172792
0.211136,0.395386,0.369979,-0.245278,-0.22255,0.249083,0.097802,-0.135676,0.125579,-0.01207,-0.172792,-0.183765
0.213208,0.395386,-0.245278,-0.22255,0.249083,0.097802,-0.135676,0.125579,-0.01207,-0.172792,-0.183765,0.248379
0.213009,0.395386,-0.22255,0.249083,0.097802,-0.135676,0.125579,-0.01207,-0.172792,-0.183765,0.248379,-0.380281
0.210159,0.395386,0.249083,0.097802,-0.135676,0.125579,-0.01207,-0.172792,-0.183765,0.248379,-0.380281,-0.21104
0.207116,0.395386,0.097802,-0.135676,0.125579,-0.01207,-0.172792,-0.183765,0.248379,-0.380281,-0.21104,-0.349604
0.211228,0.395386,-0.135676,0.125579,-0.01207,-0.172792,-0.183765,0.248379,-0.380281,-0.21104,-0.349604,0.240368
0.204933,0.395386,0.125579,-0.01207,-0.172792,-0.183765,0.248379,-0.380281,-0.21104,-0.349604,0.240368,-0.000302
0.201428,0.395386,-0.01207,-0.172792,-0.183765,0.248379,-0.380281,-0.21104,-0.349604,0.240368,-0.000302,0.129285
0.195598,0.395386,-0.172792,-0.183765,0.248379,-0.380281,-0.21104,-0.349604,0.240368,-0.000302,0.129285,0.148807
0.199615,0.395386,-0.183765,0.248379,-0.380281,-0.21104,-0.349604,0.240368,-0.000302,0.129285,0.148807,-0.027119
0.19961,0.395386,0.248379,-0.380281,-0.21104,-0.349604,0.240368,-0.000302,0.129285,0.148807,-0.027119,0.118498
0.201763,0.395386,-0.380281,-0.21104,-0.349604,0.240368,-0.000302,0.129285,0.148807,-0.027119,0.118498,0.405456
0.204235,0.395386,-0.21104,-0.349604,0.240368,-0.000302,0.129285,0.148807,-0.027119,0.118498,0.405456,-0.166355
0.203785,0.395386,-0.349604,0.240368,-0.000302,0.129285,0.148807,-0.027119,0.118498,0.405456,-0.166355,-0.191465
0.205753,0.395386,0.240368,-0.000302,0.129285,0.148807,-0.027119,0.118498,0.405456,-0.166355,-0.191465,0.345771
0.212466,0.395386,-0.000302,0.129285,0.148807,-0.027119,0.118498,0.405456,-0.166355,-0.191465,0.345771,0.13137
0.20972,0.395386,0.129285,0.148807,-0.027119,0.118498,0.405456,-0.166355,-0.191465,0.345771,0.13137,-0.166515
0.206553,0.395386,0.148807,-0.027119,0.118498,0.405456,-0.166355,-0.191465,0.345771,0.13137,-0.166515,0.167776
0.212268,0.395386,-0.027119,0.118498,0.405456,-0.166355,-0.191465,0.345771,0.13137,-0.166515,0.167776,-0.000871
0.214434,0.395386,0.118498,0.405456,-0.166355,-0.191465,0.345771,0.13137,-0.166515,0.167776,-0.000871,-0.101077
0.211686,0.395386,0.405456,-0.166355,-0.191465,0.345771,0.13137,-0.166515,0.167776,-0.000871,-0.101077,0.128678
0.214452,0.395386,-0.166355,-0.191465,0.345771,0.13137,-0.166515,0.167776,-0.000871,-0.101077,0.128678,0.335795
0.214438,0.395386,-0.191465,0.345771,0.13137,-0.166515,0.167776,-0.000871,-0.101077,0.128678,0.335795,-0.177485
0.212773,0.395386,0.345771,0.13137,-0.166515,0.167776,-0.000871,-0.101077,0.128678,0.335795,-0.177485,-0.178191
0.214895,0.395386,0.13137,-0.166515,0.167776,-0.000871,-0.101077,0.128678,0.335795,-0.177485,-0.178191,0.303969
0.220416,0.395386,-0.166515,0.167776,-0.000871,-0.101077,0.128678,0.335795,-0.177485,-0.178191,0.303969,-0.028504
0.217504,0.395386,0.167776,-0.000871,-0.101077,0.128678,0.335795,-0.177485,-0.178191,0.303969,-0.028504,-0.263434
0.214576,0.395386,-0.000871,-0.101077,0.128678,0.335795,-0.177485,-0.178191,0.303969,-0.028504,-0.263434,-0.044296
0.219568,0.395386,-0.101077,0.128678,0.335795,-0.177485,-0.178191,0.303969,-0.028504,-0.263434,-0.044296,0.100187
0.2191,0.395386,0.128678,0.335795,-0.177485,-0.178191,0.303969,-0.028504,-0.263434,-0.044296,0.100187,-0.003351
0.214767,0.395386,0.335795,-0.177485,-0.178191,0.303969,-0.028504,-0.263434,-0.044296,0.100187,-0.003351,0.044995
0.214037,0.395386,-0.177485,-0.178191,0.303969,-0.028504,-0.263434,-0.044296,0.100187,-0.003351,0.044995,0.436932
0.215685,0.395386,-0.178191,0.303969,-0.028504,-0.263434,-0.044296,0.100187,-0.003351,0.044995,0.436932,-0.121663
0.21563,0.395386,0.303969,-0.028504,-0.263434,-0.044296,0.100187,-0.003351,0.044995,0.436932,-0.121663,-0.225171
0.21637,0.395386,-0.028504,-0.263434,-0.044296,0.100187,-0.003351,0.044995,0.436932,-0.121663,-0.225171,0.289083
0.223541,0.395386,-0.263434,-0.044296,0.100187,-0.003351,0.044995,0.436932,-0.121663,-0.225171,0.289083,-0.000532
0.221551,0.395386,-0.044296,0.100187,-0.003351,0.044995,0.436932,-0.121663,-0.225171,0.289083,-0.000532,-0.2965
0.217862,0.395386,0.100187,-0.003351,0.044995,0.436932,-0.121663,-0.225171,0.289083,-0.000532,-0.2965,-0.052847
0.222597,0.389526,-0.003351,0.044995,0.436932,-0.121663,-0.225171,0.289083,-0.000532,-0.2965,-0.052847,0.075465
0.222588,0.389526,0.044995,0.436932,-0.121663,-0.225171,0.289083,-0.000532,-0.2965,-0.052847,0.075465,-0.023291
0.217724,0.389526,0.436932,-0.121663,-0.225171,0.289083,-0.000532,-0.2965,-0.052847,0.075465,-0.023291,0.067598
0.216855,0.389526,-0.121663,-0.225171,0.289083,-0.000532,-0.2965,-0.052847,0.075465,-0.023291,0.067598,0.419613
0.218094,0.389526,-0.225171,0.289083,-0.000532,-0.2965,-0.052847,0.075465,-0.023291,0.067598,0.419613,-0.18224
0.217712,0.389526,0.289083,-0.000532,-0.2965,-0.052847,0.075465,-0.023291,0.067598,0.419613,-0.18224,-0.211608
0.218822,0.389526,-0.000532,-0.2965,-0.052847,0.075465,-0.023291,0.067598,0.419613,-0.18224,-0.211608,0.27566
0.225695,0.389526,-0.2965,-0.052847,0.075465,-0.023291,0.067598,0.419613,-0.18224,-0.211608,0.27566,-0.00922
0.222718,0.389526,-0.052847,0.075465,-0.023291,0.067598,0.419613,-0.18224,-0.211608,0.27566,-0.00922,-0.302832
0.219256,0.389526,0.075465,-0.023291,0.067598,0.419613,-0.18224,-0.211608,0.27566,-0.00922,-0.302832,-0.075483
0.223766,0.389526,-0.023291,0.067598,0.419613,-0.18224,-0.211608,0.27566,-0.00922,-0.302832,-0.075483,0.084087
0.223615,0.389526,0.067598,0.419613,-0.18224,-0.211608,0.27566,-0.00922,-0.302832,-0.075483,0.084087,0.002094
0.218651,0.389526,0.419613,-0.18224,-0.211608,0.27566,-0.00922,-0.302832,-0.075483,0.084087,0.002094,0.033733
0.217411,0.389526,-0.18224,-0.211608,0.27566,-0.00922,-0.302832,-0.075483,0.084087,0.002094,0.033733,0.385723
0.218791,0.389526,-0.211608,0.27566,-0.00922,-0.302832,-0.075483,0.084087,0.002094,0.033733,0.385723,-0.153638
0.218825,0.389526,0.27566,-0.00922,-0.302832,-0.075483,0.084087,0.002094,0.033733,0.385723,-0.153638,-0.231716
0.219379,0.389526,-0.00922,-0.302832,-0.075483,0.084087,0.002094,0.033733,0.385723,-0.153638,-0.231716,0.261416
0.225695,0.389526,-0.302832,-0.075483,0.084087,0.002094,0.033733,0.385723,-0.153638,-0.231716,0.261416,0.165595
0.223186,0.389526,-0.075483,0.084087,0.002094,0.033733,0.385723,-0.153638,-0.231716,0.261416,0.165595,-0.153595
0.219395,0.389526,0.084087,0.002094,0.033733,0.385723,-0.153638,-0.231716,0.261416,0.165595,-0.153595,0.176754
0.223673,0.384582,0.002094,0.033733,0.385723,-0.153638,-0.231716,0.261416,0.165595,-0.153595,0.176754,-0.043956
0.226378,0.384582,0.033733,0.385723,-0.153638,-0.231716,0.261416,0.165595,-0.153595,0.176754,-0.043956,-0.110463
0.223868,0.384582,0.385723,-0.153638,-0.231716,0.261416,0.165595,-0.153595,0.176754,-0.043956,-0.110463,0.099626
0.226753,0.384582,-0.153638,-0.231716,0.261416,0.165595,-0.153595,0.176754,-0.043956,-0.110463,0.099626,0.293264
0.226037,0.384582,-0.231716,0.261416,0.165595,-0.153595,0.176754,-0.043956,-0.110463,0.099626,0.293264,-0.425947
0.224234,0.384582,0.261416,0.165595,-0.153595,0.176754,-0.043956,-0.110463,0.099626,0.293264,-0.425947,-0.195023
0.225862,0.384582,0.165595,-0.153595,0.176754,-0.043956,-0.110463,0.099626,0.293264,-0.425947,-0.195023,-0.077486
0.230642,0.384582,-0.153595,0.176754,-0.043956,-0.110463,0.099626,0.293264,-0.425947,-0.195023,-0.077486,0.266848
0.223701,0.384582,0.176754,-0.043956,-0.110463,0.099626,0.293264,-0.425947,-0.195023,-0.077486,0.266848,-0.274581
0.220513,0.384582,-0.043956,-0.110463,0.099626,0.293264,-0.425947,-0.195023,-0.077486,0.266848,-0.274581,-0.120688
0.219243,0.384582,-0.110463,0.099626,0.293264,-0.425947,-0.195023,-0.077486,0.266848,-0.274581,-0.120688,-0.459496
0.223615,0.384582,0.099626,0.293264,-0.425947,-0.195023,-0.077486,0.266848,-0.274581,-0.120688,-0.459496,-0.406269
0.219115,0.384582,0.293264,-0.425947,-0.195023,-0.077486,0.266848,-0.274581,-0.120688,-0.459496,-0.406269,-0.21474
0.217133,0.384582,-0.425947,-0.195023,-0.077486,0.266848,-0.274581,-0.120688,-0.459496,-0.406269,-0.21474,0.064343
0.209566,0.384582,-0.195023,-0.077486,0.266848,-0.274581,-0.120688,-0.459496,-0.406269,-0.21474,0.064343,0.023754
0.202834,0.384582,-0.077486,0.266848,-0.274581,-0.120688,-0.459496,-0.406269,-0.21474,0.064343,0.023754,-0.358922
0.199256,0.384582,0.266848,-0.274581,-0.120688,-0.459496,-0.406269,-0.21474,0.064343,0.023754,-0.358922,0.412251
0.200329,0.384582,-0.274581,-0.120688,-0.459496,-0.406269,-0.21474,0.064343,0.023754,-0.358922,0.412251,0.257103
0.200725,0.384582,-0.120688,-0.459496,-0.406269,-0.21474,0.064343,0.023754,-0.358922,0.412251,0.257103,-0.220517
0.194737,0.384582,-0.459496,-0.406269,-0.21474,0.064343,0.023754,-0.358922,0.412251,0.257103,-0.220517,0.220659
0.201614,0.384582,-0.406269,-0.21474,0.064343,0.023754,-0.358922,0.412251,0.257103,-0.220517,0.220659,-0.017497
0.205889,0.384582,-0.21474,0.064343,0.023754,-0.358922,0.412251,0.257103,-0.220517,0.220659,-0.017497,-0.193675
0.202223,0.384582,0.064343,0.023754,-0.358922,0.412251,0.257103,-0.220517,0.220659,-0.017497,-0.193675,0.063817
0.205887,0.384582,0.023754,-0.358922,0.412251,0.257103,-0.220517,0.220659,-0.017497,-0.193675,0.063817,0.350508
0.205597,0.384582,-0.358922,0.412251,0.257103,-0.220517,0.220659,-0.017497,-0.193675,0.063817,0.350508,-0.179018
0.202382,0.384582,0.412251,0.257103,-0.220517,0.220659,-0.017497,-0.193675,0.063817,0.350508,-0.179018,-0.105241
0.203444,0.384582,0.257103,-0.220517,0.220659,-0.017497,-0.193675,0.063817,0.350508,-0.179018,-0.105241,0.269457
0.209261,0.384582,-0.220517,0.220659,-0.017497,-0.193675,0.063817,0.350508,-0.179018,-0.105241,0.269457,-0.026758
0.206297,0.384582,0.220659,-0.017497,-0.193675,0.063817,0.350508,-0.179018,-0.105241,0.269457,-0.026758,-0.23002
0.204552,0.384582,-0.017497,-0.193675,0.063817,0.350508,-0.179018,-0.105241,0.269457,-0.026758,-0.23002,-0.027602
0.209015,0.384582,-0.193675,0.063817,0.350508,-0.179018,-0.105241,0.269457,-0.026758,-0.23002,-0.027602,0.11132
0.208572,0.384582,0.063817,0.350508,-0.179018,-0.105241,0.269457,-0.026758,-0.23002,-0.027602,0.11132,0.04399
0.204756,0.384582,0.350508,-0.179018,-0.105241,0.269457,-0.026758,-0.23002,-0.027602,0.11132,0.04399,0.064099
0.204298,0.384582,-0.179018,-0.105241,0.269457,-0.026758,-0.23002,-0.027602,0.11132,0.04399,0.064099,0.416181
0.206143,0.384582,-0.105241,0.269457,-0.026758,-0.23002,-0.027602,0.11132,0.04399,0.064099,0.416181,-0.125326
0.206872,0.384582,0.269457,-0.026758,-0.23002,-0.027602,0.11132,0.04399,0.064099,0.416181,-0.125326,-0.176213
0.207934,0.384582,-0.026758,-0.23002,-0.027602,0.11132,0.04399,0.064099,0.416181,-0.125326,-0.176213,0.317532
0.214813,0.384582,-0.23002,-0.027602,0.11132,0.04399,0.064099,0.416181,-0.125326,-0.176213,0.317532,0.21087
0.212748,0.384582,-0.027602,0.11132,0.04399,0.064099,0.416181,-0.125326,-0.176213,0.317532,0.21087,-0.142721
0.209841,0.384308,0.11132,0.04399,0.064099,0.416181,-0.125326,-0.176213,0.317532,0.21087,-0.142721,0.238094
0.215076,0.384308,0.04399,0.064099,0.416181,-0.125326,-0.176213,0.317532,0.21087,-0.142721,0.238094,0.019159
0.218544,0.384308,0.064099,0.416181,-0.125326,-0.176213,0.317532,0.21087,-0.142721,0.238094,0.019159,-0.063297
0.216197,0.384308,0.416181,-0.125326,-0.176213,0.317532,0.21087,-0.142721,0.238094,0.019159,-0.063297,0.013919
0.220106,0.384308,-0.125326,-0.176213,0.317532,0.21087,-0.142721,0.238094,0.019159,-0.063297,0.013919,0.105847
0.220419,0.384308,-0.176213,0.317532,0.21087,-0.142721,0.238094,0.019159,-0.063297,0.013919,0.105847,-0.26254
0.219382,0.384308,0.317532,0.21087,-0.142721,0.238094,0.019159,-0.063297,0.013919,0.105847,-0.26254,-0.082535
0.219611,0.384308,0.21087,-0.142721,0.238094,0.019159,-0.063297,0.013919,0.105847,-0.26254,-0.082535,0.264944
0.221347,0.384308,-0.142721,0.238094,0.019159,-0.063297,0.013919,0.105847,-0.26254,-0.082535,0.264944,-0.22014
0.217041,0.384308,0.238094,0.019159,-0.063297,0.013919,0.105847,-0.26254,-0.082535,0.264944,-0.22014,-0.041385
0.215685,0.384308,0.019159,-0.063297,0.013919,0.105847,-0.26254,-0.082535,0.264944,-0.22014,-0.041385,0.234946
0.220033,0.384308,-0.063297,0.013919,0.105847,-0.26254,-0.082535,0.264944,-0.22014,-0.041385,0.234946,0.05895
0.216417,0.384308,0.013919,0.105847,-0.26254,-0.082535,0.264944,-0.22014,-0.041385,0.234946,0.05895,-0.088837
0.215735,0.384308,0.105847,-0.26254,-0.082535,0.264944,-0.22014,-0.041385,0.234946,0.05895,-0.088837,-0.11012
0.219594,0.384308,-0.26254,-0.082535,0.264944,-0.22014,-0.041385,0.234946,0.05895,-0.088837,-0.11012,0.309432
0.220559,0.384308,-0.082535,0.264944,-0.22014,-0.041385,0.234946,0.05895,-0.088837,-0.11012,0.309432,-0.038836
0.219104,0.384308,0.264944,-0.22014,-0.041385,0.234946,0.05895,-0.088837,-0.11012,0.309432,-0.038836,-0.213948
0.217294,0.384308,-0.22014,-0.041385,0.234946,0.05895,-0.088837,-0.11012,0.309432,-0.038836,-0.213948,-0.051537
0.222373,0.386383,-0.041385,0.234946,0.05895,-0.088837,-0.11012,0.309432,-0.038836,-0.213948,-0.051537,0.197664
0.221737,0.386383,0.234946,0.05895,-0.088837,-0.11012,0.309432,-0.038836,-0.213948,-0.051537,0.197664,-0.236247
0.218233,0.386383,0.05895,-0.088837,-0.11012,0.309432,-0.038836,-0.213948,-0.051537,0.197664,-0.236247,0.116454
0.217387,0.386383,-0.088837,-0.11012,0.309432,-0.038836,-0.213948,-0.051537,0.197664,-0.236247,0.116454,-0.136434
0.220633,0.386383,-0.11012,0.309432,-0.038836,-0.213948,-0.051537,0.197664,-0.236247,0.116454,-0.136434,0.055764
0.216752,0.386383,0.309432,-0.038836,-0.213948,-0.051537,0.197664,-0.236247,0.116454,-0.136434,0.055764,0.234532
0.218664,0.386383,-0.038836,-0.213948,-0.051537,0.197664,-0.236247,0.116454,-0.136434,0.055764,0.234532,0.338554
0.216425,0.386383,-0.213948,-0.051537,0.197664,-0.236247,0.116454,-0.136434,0.055764,0.234532,0.338554,-0.084979
0.217341,0.386383,-0.051537,0.197664,-0.236247,0.116454,-0.136434,0.055764,0.234532,0.338554,-0.084979,-0.138543
0.221191,0.386383,0.197664,-0.236247,0.116454,-0.136434,0.055764,0.234532,0.338554,-0.084979,-0.138543,0.220236
0.226729,0.386383,-0.236247,0.116454,-0.136434,0.055764,0.234532,0.338554,-0.084979,-0.138543,0.220236,-0.198723
0.225342,0.386383,0.116454,-0.136434,0.055764,0.234532,0.338554,-0.084979,-0.138543,0.220236,-0.198723,-0.115725
0.223081,0.386383,-0.136434,0.055764,0.234532,0.338554,-0.084979,-0.138543,0.220236,-0.198723,-0.115725,0.22153
0.226675,0.386383,0.055764,0.234532,0.338554,-0.084979,-0.138543,0.220236,-0.198723,-0.115725,0.22153,0.056991
0.223428,0.386383,0.234532,0.338554,-0.084979,-0.138543,0.220236,-0.198723,-0.115725,0.22153,0.056991,-0.035769
0.221533,0.386383,0.338554,-0.084979,-0.138543,0.220236,-0.198723,-0.115725,0.22153,0.056991,-0.035769,0.119985
0.225155,0.386383,-0.084979,-0.138543,0.220236,-0.198723,-0.115725,0.22153,0.056991,-0.035769,0.119985,0.388106
0.226084,0.386383,-0.138543,0.220236,-0.198723,-0.115725,0.22153,0.056991,-0.035769,0.119985,0.388106,-0.391394
0.2255,0.386383,0.220236,-0.198723,-0.115725,0.22153,0.056991,-0.035769,0.119985,0.388106,-0.391394,-0.173728
0.227458,0.386383,-0.198723,-0.115725,0.22153,0.056991,-0.035769,0.119985,0.388106,-0.391394,-0.173728,-0.047012
0.233772,0.386383,-0.115725,0.22153,0.056991,-0.035769,0.119985,0.388106,-0.391394,-0.173728,-0.047012,-0.09193
0.227412,0.386383,0.22153,0.056991,-0.035769,0.119985,0.388106,-0.391394,-0.173728,-0.047012,-0.09193,-0.084265
0.224581,0.386383,0.056991,-0.035769,0.119985,0.388106,-0.391394,-0.173728,-0.047012,-0.09193,-0.084265,0.160918
0.223813,0.386383,-0.035769,0.119985,0.388106,-0.391394,-0.173728,-0.047012,-0.09193,-0.084265,0.160918,0.117182
0.222309,0.386383,0.119985,0.388106,-0.391394,-0.173728,-0.047012,-0.09193,-0.084265,0.160918,0.117182,-0.027053
0.220928,0.386383,0.388106,-0.391394,-0.173728,-0.047012,-0.09193,-0.084265,0.160918,0.117182,-0.027053,0.114127
0.223561,0.386383,-0.391394,-0.173728,-0.047012,-0.09193,-0.084265,0.160918,0.117182,-0.027053,0.114127,0.154539
0.225473,0.386383,-0.173728,-0.047012,-0.09193,-0.084265,0.160918,0.117182,-0.027053,0.114127,0.154539,-0.338909
0.225031,0.386383,-0.047012,-0.09193,-0.084265,0.160918,0.117182,-0.027053,0.114127,0.154539,-0.338909,-0.450115
0.226894,0.386383,-0.09193,-0.084265,0.160918,0.117182,-0.027053,0.114127,0.154539,-0.338909,-0.450115,0.089645
0.229414,0.386383,-0.084265,0.160918,0.117182,-0.027053,0.114127,0.154539,-0.338909,-0.450115,0.089645,0.386032
0.223889,0.386383,0.160918,0.117182,-0.027053,0.114127,0.154539,-0.338909,-0.450115,0.089645,0.386032,-0.161481
0.216518,0.386383,0.117182,-0.027053,0.114127,0.154539,-0.338909,-0.450115,0.089645,0.386032,-0.161481,0.189989
0.21799,0.386383,-0.027053,0.114127,0.154539,-0.338909,-0.450115,0.089645,0.386032,-0.161481,0.189989,0.094444
0.224317,0.386383,0.114127,0.154539,-0.338909,-0.450115,0.089645,0.386032,-0.161481,0.189989,0.094444,-0.210841
0.221673,0.386383,0.154539,-0.338909,-0.450115,0.089645,0.386032,-0.161481,0.189989,0.094444,-0.210841,-0.114348
0.224779,0.386383,-0.338909,-0.450115,0.089645,0.386032,-0.161481,0.189989,0.094444,-0.210841,-0.114348,0.272266
0.226319,0.386383,-0.450115,0.089645,0.386032,-0.161481,0.189989,0.094444,-0.210841,-0.114348,0.272266,-0.093429
0.222878,0.364105,0.089645,0.386032,-0.161481,0.189989,0.094444,-0.210841,-0.114348,0.272266,-0.093429,-0.092374
0.221005,0.364105,0.386032,-0.161481,0.189989,0.094444,-0.210841,-0.114348,0.272266,-0.093429,-0.092374,0.245875
0.225461,0.364105,-0.161481,0.189989,0.094444,-0.210841,-0.114348,0.272266,-0.093429,-0.092374,0.245875,-0.06985
0.223935,0.364105,0.189989,0.094444,-0.210841,-0.114348,0.272266,-0.093429,-0.092374,0.245875,-0.06985,-0.087561
0.222426,0.364105,0.094444,-0.210841,-0.114348,0.272266,-0.093429,-0.092374,0.245875,-0.06985,-0.087561,-0.127439
0.22644,0.364105,-0.210841,-0.114348,0.272266,-0.093429,-0.092374,0.245875,-0.06985,-0.087561,-0.127439,0.09082
0.2253,0.364105,-0.114348,0.272266,-0.093429,-0.092374,0.245875,-0.06985,-0.087561,-0.127439,0.09082,0.019013
0.223868,0.364105,0.272266,-0.093429,-0.092374,0.245875,-0.06985,-0.087561,-0.127439,0.09082,0.019013,0.108132
0.221784,0.364105,-0.093429,-0.092374,0.245875,-0.06985,-0.087561,-0.127439,0.09082,0.019013,0.108132,0.400548
0.223268,0.364105,-0.092374,0.245875,-0.06985,-0.087561,-0.127439,0.09082,0.019013,0.108132,0.400548,-0.152582
0.223579,0.364105,0.245875,-0.06985,-0.087561,-0.127439,0.09082,0.019013,0.108132,0.400548,-0.152582,-0.229359
0.225346,0.364105,-0.06985,-0.087561,-0.127439,0.09082,0.019013,0.108132,0.400548,-0.152582,-0.229359,0.285455
0.231873,0.364105,-0.087561,-0.127439,0.09082,0.019013,0.108132,0.400548,-0.152582,-0.229359,0.285455,0.153041
0.229394,0.364105,-0.127439,0.09082,0.019013,0.108132,0.400548,-0.152582,-0.229359,0.285455,0.153041,-0.146917
0.225661,0.364105,0.09082,0.019013,0.108132,0.400548,-0.152582,-0.229359,0.285455,0.153041,-0.146917,0.206546
0.230307,0.364105,0.019013,0.108132,0.400548,-0.152582,-0.229359,0.285455,0.153041,-0.146917,0.206546,-0.006361
0.232794,0.364105,0.108132,0.400548,-0.152582,-0.229359,0.285455,0.153041,-0.146917,0.206546,-0.006361,-0.098404
0.230406,0.364105,0.400548,-0.152582,-0.229359,0.285455,0.153041,-0.146917,0.206546,-0.006361,-0.098404,0.106628
0.233758,0.364105,-0.152582,-0.229359,0.285455,0.153041,-0.146917,0.206546,-0.006361,-0.098404,0.106628,0.284671
0.233655,0.361603,-0.229359,0.285455,0.153041,-0.146917,0.206546,-0.006361,-0.098404,0.106628,0.284671,-0.139725
0.23206,0.361603,0.285455,0.153041,-0.146917,0.206546,-0.006361,-0.098404,0.106628,0.284671,-0.139725,-0.191946
0.233791,0.361603,0.153041,-0.146917,0.206546,-0.006361,-0.098404,0.106628,0.284671,-0.139725,-0.191946,0.201385
0.238401,0.361603,-0.146917,0.206546,-0.006361,-0.098404,0.106628,0.284671,-0.139725,-0.191946,0.201385,0.154692
0.236143,0.361603,0.206546,-0.006361,-0.098404,0.106628,0.284671,-0.139725,-0.191946,0.201385,0.154692,-0.104438
0.233036,0.361603,-0.006361,-0.098404,0.106628,0.284671,-0.139725,-0.191946,0.201385,0.154692,-0.104438,0.130004
0.236297,0.361603,-0.098404,0.106628,0.284671,-0.139725,-0.191946,0.201385,0.154692,-0.104438,0.130004,-0.024192
0.238798,0.361603,0.106628,0.284671,-0.139725,-0.191946,0.201385,0.154692,-0.104438,0.130004,-0.024192,-0.046616
0.237109,0.361603,0.284671,-0.139725,-0.191946,0.201385,0.154692,-0.104438,0.130004,-0.024192,-0.046616,0.080872
0.239209,0.361603,-0.139725,-0.191946,0.201385,0.154692,-0.104438,0.130004,-0.024192,-0.046616,0.080872,0.321973
0.238819,0.361603,-0.191946,0.201385,0.154692,-0.104438,0.130004,-0.024192,-0.046616,0.080872,0.321973,-0.183275
0.238066,0.361603,0.201385,0.154692,-0.104438,0.130004,-0.024192,-0.046616,0.080872,0.321973,-0.183275,-0.167602
0.239373,0.361603,0.154692,-0.104438,0.130004,-0.024192,-0.046616,0.080872,0.321973,-0.183275,-0.167602,0.242901
0.244563,0.361603,-0.104438,0.130004,-0.024192,-0.046616,0.080872,0.321973,-0.183275,-0.167602,0.242901,0.123401
0.241615,0.361603,0.130004,-0.024192,-0.046616,0.080872,0.321973,-0.183275,-0.167602,0.242901,0.123401,-0.138547
0.238915,0.361603,-0.024192,-0.046616,0.080872,0.321973,-0.183275,-0.167602,0.242901,0.123401,-0.138547,0.144251
0.242827,0.361603,-0.046616,0.080872,0.321973,-0.183275,-0.167602,0.242901,0.123401,-0.138547,0.144251,-0.006292
0.244813,0.361603,0.080872,0.321973,-0.183275,-0.167602,0.242901,0.123401,-0.138547,0.144251,-0.006292,-0.065727
0.242583,0.361603,0.321973,-0.183275,-0.167602,0.242901,0.123401,-0.138547,0.144251,-0.006292,-0.065727,0.039331
0.244902,0.361603,-0.183275,-0.167602,0.242901,0.123401,-0.138547,0.144251,-0.006292,-0.065727,0.039331,0.335335
0.244801,0.361603,-0.167602,0.242901,0.123401,-0.138547,0.144251,-0.006292,-0.065727,0.039331,0.335335,-0.384435
0.243745,0.361603,0.242901,0.123401,-0.138547,0.144251,-0.006292,-0.065727,0.039331,0.335335,-0.384435,-0.180321
0.244378,0.361603,0.123401,-0.138547,0.144251,-0.006292,-0.065727,0.039331,0.335335,-0.384435,-0.180321,-0.106488
0.249761,0.361603,-0.138547,0.144251,-0.006292,-0.065727,0.039331,0.335335,-0.384435,-0.180321,-0.106488,0.251071
0.243595,0.361603,0.144251,-0.006292,-0.065727,0.039331,0.335335,-0.384435,-0.180321,-0.106488,0.251071,-0.075397
0.240694,0.361603,-0.006292,-0.065727,0.039331,0.335335,-0.384435,-0.180321,-0.106488,0.251071,-0.075397,-0.057074
0.238977,0.361603,-0.065727,0.039331,0.335335,-0.384435,-0.180321,-0.106488,0.251071,-0.075397,-0.057074,-0.134607
0.243027,0.361603,0.039331,0.335335,-0.384435,-0.180321,-0.106488,0.251071,-0.075397,-0.057074,-0.134607,-0.229869
0.241812,0.361603,0.335335,-0.384435,-0.180321,-0.106488,0.251071,-0.075397,-0.057074,-0.134607,-0.229869,0.142521
0.240892,0.361603,-0.384435,-0.180321,-0.106488,0.251071,-0.075397,-0.057074,-0.134607,-0.229869,0.142521,0.36516
0.238723,0.361603,-0.180321,-0.106488,0.251071,-0.075397,-0.057074,-0.134607,-0.229869,0.142521,0.36516,-0.182778
0.235008,0.361603,-0.106488,0.251071,-0.075397,-0.057074,-0.134607,-0.229869,0.142521,0.36516,-0.182778,-0.152246
0.237316,0.361603,0.251071,-0.075397,-0.057074,-0.134607,-0.229869,0.142521,0.36516,-0.182778,-0.152246,0.248312
0.24321,0.361603,-0.075397,-0.057074,-0.134607,-0.229869,0.142521,0.36516,-0.182778,-0.152246,0.248312,0.069254
0.240266,0.361603,-0.057074,-0.134607,-0.229869,0.142521,0.36516,-0.182778,-0.152246,0.248312,0.069254,-0.099267
0.237811,0.361603,-0.134607,-0.229869,0.142521,0.36516,-0.182778,-0.152246,0.248312,0.069254,-0.099267,-0.027183
0.241814,0.361603,-0.229869,0.142521,0.36516,-0.182778,-0.152246,0.248312,0.069254,-0.099267,-0.027183,-0.173268
0.24293,0.361603,0.142521,0.36516,-0.182778,-0.152246,0.248312,0.069254,-0.099267,-0.027183,-0.173268,-0.24712
0.24133,0.361603,0.36516,-0.182778,-0.152246,0.248312,0.069254,-0.099267,-0.027183,-0.173268,-0.24712,0.118731
0.240892,0.361603,-0.182778,-0.152246,0.248312,0.069254,-0.099267,-0.027183,-0.173268,-0.24712,0.118731,0.304246
0.238099,0.35614,-0.152246,0.248312,0.069254,-0.099267,-0.027183,-0.173268,-0.24712,0.118731,0.304246,-0.170085
0.234103,0.35614,0.248312,0.069254,-0.099267,-0.027183,-0.173268,-0.24712,0.118731,0.304246,-0.170085,-0.133801
0.236027,0.35614,0.069254,-0.099267,-0.027183,-0.173268,-0.24712,0.118731,0.304246,-0.170085,-0.133801,0.181851
0.240945,0.35614,-0.099267,-0.027183,-0.173268,-0.24712,0.118731,0.304246,-0.170085,-0.133801,0.181851,0.101788
0.238201,0.35614,-0.027183,-0.173268,-0.24712,0.118731,0.304246,-0.170085,-0.133801,0.181851,0.101788,-0.086984
0.23604,0.35614,-0.173268,-0.24712,0.118731,0.304246,-0.170085,-0.133801,0.181851,0.101788,-0.086984,0.109906
0.238977,0.35614,-0.24712,0.118731,0.304246,-0.170085,-0.133801,0.181851,0.101788,-0.086984,0.109906,0.017632
0.240621,0.35614,0.118731,0.304246,-0.170085,-0.133801,0.181851,0.101788,-0.086984,0.109906,0.017632,-0.088801
0.239216,0.35614,0.304246,-0.170085,-0.133801,0.181851,0.101788,-0.086984,0.109906,0.017632,-0.088801,0.05423
0.240988,0.35614,-0.170085,-0.133801,0.181851,0.101788,-0.086984,0.109906,0.017632,-0.088801,0.05423,0.277883
0.241272,0.35614,-0.133801,0.181851,0.101788,-0.086984,0.109906,0.017632,-0.088801,0.05423,0.277883,-0.177509
0.239842,0.35614,0.181851,0.101788,-0.086984,0.109906,0.017632,-0.088801,0.05423,0.277883,-0.177509,-0.200661
0.240717,0.35614,0.101788,-0.086984,0.109906,0.017632,-0.088801,0.05423,0.277883,-0.177509,-0.200661,0.218988
0.245192,0.35614,-0.086984,0.109906,0.017632,-0.088801,0.05423,0.277883,-0.177509,-0.200661,0.218988,0.105332
0.242338,0.35614,0.109906,0.017632,-0.088801,0.05423,0.277883,-0.177509,-0.200661,0.218988,0.105332,-0.117482
0.239107,0.35614,0.017632,-0.088801,0.05423,0.277883,-0.177509,-0.200661,0.218988,0.105332,-0.117482,0.12007
0.242634,0.35614,-0.088801,0.05423,0.277883,-0.177509,-0.200661,0.218988,0.105332,-0.117482,0.12007,-0.000258
0.24433,0.356262,0.05423,0.277883,-0.177509,-0.200661,0.218988,0.105332,-0.117482,0.12007,-0.000258,-0.068635
0.242438,0.356262,0.277883,-0.177509,-0.200661,0.218988,0.105332,-0.117482,0.12007,-0.000258,-0.068635,0.087386
0.244369,0.356262,-0.177509,-0.200661,0.218988,0.105332,-0.117482,0.12007,-0.000258,-0.068635,0.087386,0.296002
0.244365,0.356262,-0.200661,0.218988,0.105332,-0.117482,0.12007,-0.000258,-0.068635,0.087386,0.296002,-0.145628
0.243262,0.356262,0.218988,0.105332,-0.117482,0.12007,-0.000258,-0.068635,0.087386,0.296002,-0.145628,-0.190815
0.244668,0.356262,0.105332,-0.117482,0.12007,-0.000258,-0.068635,0.087386,0.296002,-0.145628,-0.190815,0.187914
0.24942,0.356262,-0.117482,0.12007,-0.000258,-0.068635,0.087386,0.296002,-0.145628,-0.190815,0.187914,0.12424
0.247087,0.356262,0.12007,-0.000258,-0.068635,0.087386,0.296002,-0.145628,-0.190815,0.187914,0.12424,-0.124582
0.244026,0.356262,-0.000258,-0.068635,0.087386,0.296002,-0.145628,-0.190815,0.187914,0.12424,-0.124582,0.13397
0.247042,0.356262,-0.068635,0.087386,0.296002,-0.145628,-0.190815,0.187914,0.12424,-0.124582,0.13397,-0.00931
0.249034,0.356262,0.087386,0.296002,-0.145628,-0.190815,0.187914,0.12424,-0.124582,0.13397,-0.00931,-0.072744
