-0.079847,0.177338,-0.057138,-0.086028,-0.006816,0.016471,-0.058334,0.038107,-0.059995,-0.096145,0.103399,0.037486
-0.081151,0.177338,-0.086028,-0.006816,0.016471,-0.058334,0.038107,-0.059995,-0.096145,0.103399,0.037486,0.023563
-0.083245,0.177338,-0.006816,0.016471,-0.058334,0.038107,-0.059995,-0.096145,0.103399,0.037486,0.023563,0.027751
-0.08099,0.177338,0.016471,-0.058334,0.038107,-0.059995,-0.096145,0.103399,0.037486,0.023563,0.027751,0.009023
-0.080174,0.177338,-0.058334,0.038107,-0.059995,-0.096145,0.103399,0.037486,0.023563,0.027751,0.009023,0.04821
-0.079662,0.177338,0.038107,-0.059995,-0.096145,0.103399,0.037486,0.023563,0.027751,0.009023,0.04821,0.047841
-0.079059,0.177338,-0.059995,-0.096145,0.103399,0.037486,0.023563,0.027751,0.009023,0.04821,0.047841,0.043762
-0.078864,0.177338,-0.096145,0.103399,0.037486,0.023563,0.027751,0.009023,0.04821,0.047841,0.043762,-0.058261
-0.077817,0.177338,0.103399,0.037486,0.023563,0.027751,0.009023,0.04821,0.047841,0.043762,-0.058261,0.052105
-0.076779,0.177338,0.037486,0.023563,0.027751,0.009023,0.04821,0.047841,0.043762,-0.058261,0.052105,0.101624
-0.075831,0.177338,0.023563,0.027751,0.009023,0.04821,0.047841,0.043762,-0.058261,0.052105,0.101624,0.022563
-0.077092,0.177338,0.027751,0.009023,0.04821,0.047841,0.043762,-0.058261,0.052105,0.101624,0.022563,-0.019067
-0.075964,0.177338,0.009023,0.04821,0.047841,0.043762,-0.058261,0.052105,0.101624,0.022563,-0.019067,0.014686
-0.073766,0.177338,0.04821,0.047841,0.043762,-0.058261,0.052105,0.101624,0.022563,-0.019067,0.014686,-0.002275
-0.073278,0.177338,0.047841,0.043762,-0.058261,0.052105,0.101624,0.022563,-0.019067,0.014686,-0.002275,0.0151
-0.07369,0.177338,0.043762,-0.058261,0.052105,0.101624,0.022563,-0.019067,0.014686,-0.002275,0.0151,-0.087685
-0.073373,0.177338,-0.058261,0.052105,0.101624,0.022563,-0.019067,0.014686,-0.002275,0.0151,-0.087685,0.034194
-0.073422,0.177338,0.052105,0.101624,0.022563,-0.019067,0.014686,-0.002275,0.0151,-0.087685,0.034194,-0.052343
-0.073096,0.177338,0.101624,0.022563,-0.019067,0.014686,-0.002275,0.0151,-0.087685,0.034194,-0.052343,0.053555
-0.074992,0.177338,0.022563,-0.019067,0.014686,-0.002275,0.0151,-0.087685,0.034194,-0.052343,0.053555,0.110793
-0.074253,0.174072,-0.019067,0.014686,-0.002275,0.0151,-0.087685,0.034194,-0.052343,0.053555,0.110793,0.00406
-0.075383,0.174072,0.014686,-0.002275,0.0151,-0.087685,0.034194,-0.052343,0.053555,0.110793,0.00406,-0.014073
-0.074226,0.174072,-0.002275,0.0151,-0.087685,0.034194,-0.052343,0.053555,0.110793,0.00406,-0.014073,0.011034
-0.071834,0.174072,0.0151,-0.087685,0.034194,-0.052343,0.053555,0.110793,0.00406,-0.014073,0.011034,0.020159
-0.071747,0.174072,-0.087685,0.034194,-0.052343,0.053555,0.110793,0.00406,-0.014073,0.011034,0.020159,0.050087
-0.07205,0.174072,0.034194,-0.052343,0.053555,0.110793,0.00406,-0.014073,0.011034,0.020159,0.050087,0.060695
-0.071812,0.174072,-0.052343,0.053555,0.110793,0.00406,-0.014073,0.011034,0.020159,0.050087,0.060695,-0.020333
-0.071378,0.174072,0.053555,0.110793,0.00406,-0.014073,0.011034,0.020159,0.050087,0.060695,-0.020333,-0.16952
-0.070299,0.174072,0.110793,0.00406,-0.014073,0.011034,0.020159,0.050087,0.060695,-0.020333,-0.16952,-0.137371
-0.068993,0.174072,0.00406,-0.014073,0.011034,0.020159,0.050087,0.060695,-0.020333,-0.16952,-0.137371,0.058322
-0.06943,0.173035,-0.014073,0.011034,0.020159,0.050087,0.060695,-0.020333,-0.16952,-0.137371,0.058322,-0.067617
-0.073077,0.173035,0.011034,0.020159,0.050087,0.060695,-0.020333,-0.16952,-0.137371,0.058322,-0.067617,-0.042432
-0.076044,0.173035,0.020159,0.050087,0.060695,-0.020333,-0.16952,-0.137371,0.058322,-0.067617,-0.042432,-0.054348
-0.074782,0.173035,0.050087,0.060695,-0.020333,-0.16952,-0.137371,0.058322,-0.067617,-0.042432,-0.054348,-0.003235
-0.076246,0.173035,0.060695,-0.020333,-0.16952,-0.137371,0.058322,-0.067617,-0.042432,-0.054348,-0.003235,0.059272
-0.077165,0.173035,-0.020333,-0.16952,-0.137371,0.058322,-0.067617,-0.042432,-0.054348,-0.003235,0.059272,0.076308
-0.078343,0.173035,-0.16952,-0.137371,0.058322,-0.067617,-0.042432,-0.054348,-0.003235,0.059272,0.076308,0.040307
-0.078413,0.173035,-0.137371,0.058322,-0.067617,-0.042432,-0.054348,-0.003235,0.059272,0.076308,0.040307,-0.037444
-0.077126,0.173035,0.058322,-0.067617,-0.042432,-0.054348,-0.003235,0.059272,0.076308,0.040307,-0.037444,0.054789
-0.075472,0.173035,-0.067617,-0.042432,-0.054348,-0.003235,0.059272,0.076308,0.040307,-0.037444,0.054789,0.107053
-0.074601,0.173035,-0.042432,-0.054348,-0.003235,0.059272,0.076308,0.040307,-0.037444,0.054789,0.107053,-0.000932
-0.07541,0.173035,-0.054348,-0.003235,0.059272,0.076308,0.040307,-0.037444,0.054789,0.107053,-0.000932,-0.006579
-0.074226,0.173035,-0.003235,0.059272,0.076308,0.040307,-0.037444,0.054789,0.107053,-0.000932,-0.006579,0.022304
-0.071915,0.173035,0.059272,0.076308,0.040307,-0.037444,0.054789,0.107053,-0.000932,-0.006579,0.022304,0.002627
-0.071935,0.173035,0.076308,0.040307,-0.037444,0.054789,0.107053,-0.000932,-0.006579,0.022304,0.002627,0.03506
-0.072077,0.173035,0.040307,-0.037444,0.054789,0.107053,-0.000932,-0.006579,0.022304,0.002627,0.03506,0.029177
-0.071597,0.173035,-0.037444,0.054789,0.107053,-0.000932,-0.006579,0.022304,0.002627,0.03506,0.029177,0.04511
-0.07154,0.173035,0.054789,0.107053,-0.000932,-0.006579,0.022304,0.002627,0.03506,0.029177,0.04511,-0.071978
-0.070785,0.173035,0.107053,-0.000932,-0.006579,0.022304,0.002627,0.03506,0.029177,0.04511,-0.071978,0.015152
-0.070156,0.173035,-0.000932,-0.006579,0.022304,0.002627,0.03506,0.029177,0.04511,-0.071978,0.015152,-0.045029
-0.069186,0.173035,-0.006579,0.022304,0.002627,0.03506,0.029177,0.04511,-0.071978,0.015152,-0.045029,0.01909
-0.070733,0.173035,0.022304,0.002627,0.03506,0.029177,0.04511,-0.071978,0.015152,-0.045029,0.01909,0.014785
-0.070407,0.173035,0.002627,0.03506,0.029177,0.04511,-0.071978,0.015152,-0.045029,0.01909,0.014785,-0.029087
-0.071377,0.172638,0.03506,0.029177,0.04511,-0.071978,0.015152,-0.045029,0.01909,0.014785,-0.029087,-0.093524
-0.070965,0.172638,0.029177,0.04511,-0.071978,0.015152,-0.045029,0.01909,0.014785,-0.029087,-0.093524,0.023795
-0.070647,0.172638,0.04511,-0.071978,0.015152,-0.045029,0.01909,0.014785,-0.029087,-0.093524,0.023795,0.080097
-0.071273,0.172638,-0.071978,0.015152,-0.045029,0.01909,0.014785,-0.029087,-0.093524,0.023795,0.080097,0.046183
-0.073288,0.172638,0.015152,-0.045029,0.01909,0.014785,-0.029087,-0.093524,0.023795,0.080097,0.046183,-0.056753
-0.072774,0.172638,-0.045029,0.01909,0.014785,-0.029087,-0.093524,0.023795,0.080097,0.046183,-0.056753,0.036483
-0.071046,0.172638,0.01909,0.014785,-0.029087,-0.093524,0.023795,0.080097,0.046183,-0.056753,0.036483,0.127014
-0.070053,0.172638,0.014785,-0.029087,-0.093524,0.023795,0.080097,0.046183,-0.056753,0.036483,0.127014,0.011889
-0.071273,0.172638,-0.029087,-0.093524,0.023795,0.080097,0.046183,-0.056753,0.036483,0.127014,0.011889,-0.015275
-0.070488,0.172638,-0.093524,0.023795,0.080097,0.046183,-0.056753,0.036483,0.127014,0.011889,-0.015275,0.008714
-0.067757,0.172272,0.023795,0.080097,0.046183,-0.056753,0.036483,0.127014,0.011889,-0.015275,0.008714,-0.027911
-0.067502,0.172272,0.080097,0.046183,-0.056753,0.036483,0.127014,0.011889,-0.015275,0.008714,-0.027911,-0.07188
-0.06783,0.172272,0.046183,-0.056753,0.036483,0.127014,0.011889,-0.015275,0.008714,-0.027911,-0.07188,0.035619
-0.067643,0.172272,-0.056753,0.036483,0.127014,0.011889,-0.015275,0.008714,-0.027911,-0.07188,0.035619,0.052937
-0.068241,0.172272,0.036483,0.127014,0.011889,-0.015275,0.008714,-0.027911,-0.07188,0.035619,0.052937,-0.057113
-0.069787,0.172272,0.127014,0.011889,-0.015275,0.008714,-0.027911,-0.07188,0.035619,0.052937,-0.057113,0.034106
-0.06902,0.172272,0.011889,-0.015275,0.008714,-0.027911,-0.07188,0.035619,0.052937,-0.057113,0.034106,0.095962
-0.067884,0.172272,-0.015275,0.008714,-0.027911,-0.07188,0.035619,0.052937,-0.057113,0.034106,0.095962,0.004391
-0.069109,0.172272,0.008714,-0.027911,-0.07188,0.035619,0.052937,-0.057113,0.034106,0.095962,0.004391,-0.001269
-0.068377,0.172272,-0.027911,-0.07188,0.035619,0.052937,-0.057113,0.034106,0.095962,0.004391,-0.001269,0.02155
-0.066318,0.172272,-0.07188,0.035619,0.052937,-0.057113,0.034106,0.095962,0.004391,-0.001269,0.02155,0.00878
-0.066224,0.172272,0.035619,0.052937,-0.057113,0.034106,0.095962,0.004391,-0.001269,0.02155,0.00878,0.065917
-0.066251,0.172272,0.052937,-0.057113,0.034106,0.095962,0.004391,-0.001269,0.02155,0.00878,0.065917,0.031398
-0.06579,0.172272,-0.057113,0.034106,0.095962,0.004391,-0.001269,0.02155,0.00878,0.065917,0.031398,0.046485
-0.065602,0.172272,0.034106,0.095962,0.004391,-0.001269,0.02155,0.00878,0.065917,0.031398,0.046485,-0.088817
-0.064191,0.172272,0.095962,0.004391,-0.001269,0.02155,0.00878,0.065917,0.031398,0.046485,-0.088817,0.038246
-0.06352,0.172272,0.004391,-0.001269,0.02155,0.00878,0.065917,0.031398,0.046485,-0.088817,0.038246,0.108692
-0.062528,0.172272,-0.001269,0.02155,0.00878,0.065917,0.031398,0.046485,-0.088817,0.038246,0.108692,0.017602
-0.064423,0.172272,0.02155,0.00878,0.065917,0.031398,0.046485,-0.088817,0.038246,0.108692,0.017602,-0.010023
-0.063606,0.172272,0.00878,0.065917,0.031398,0.046485,-0.088817,0.038246,0.108692,0.017602,-0.010023,0.003832
-0.061286,0.172272,0.065917,0.031398,0.046485,-0.088817,0.038246,0.108692,0.017602,-0.010023,0.003832,0.00739
-0.06091,0.172272,0.031398,0.046485,-0.088817,0.038246,0.108692,0.017602,-0.010023,0.003832,0.00739,0.051008
-0.061124,0.172272,0.046485,-0.088817,0.038246,0.108692,0.017602,-0.010023,0.003832,0.00739,0.051008,0.03464
-0.061042,0.17279,-0.088817,0.038246,0.108692,0.017602,-0.010023,0.003832,0.00739,0.051008,0.03464,0.040895
-0.060885,0.17279,0.038246,0.108692,0.017602,-0.010023,0.003832,0.00739,0.051008,0.03464,0.040895,-0.100382
-0.059798,0.17279,0.108692,0.017602,-0.010023,0.003832,0.00739,0.051008,0.03464,0.040895,-0.100382,-0.096105
-0.059061,0.17279,0.017602,-0.010023,0.003832,0.00739,0.051008,0.03464,0.040895,-0.100382,-0.096105,0.102556
-0.058192,0.17279,-0.010023,0.003832,0.00739,0.051008,0.03464,0.040895,-0.100382,-0.096105,0.102556,0.03458
-0.060324,0.17279,0.003832,0.00739,0.051008,0.03464,0.040895,-0.100382,-0.096105,0.102556,0.03458,-0.007379
-0.062371,0.17279,0.00739,0.051008,0.03464,0.040895,-0.100382,-0.096105,0.102556,0.03458,-0.007379,0.016905
-0.060184,0.17279,0.051008,0.03464,0.040895,-0.100382,-0.096105,0.102556,0.03458,-0.007379,0.016905,0.000835
-0.059448,0.17279,0.03464,0.040895,-0.100382,-0.096105,0.102556,0.03458,-0.007379,0.016905,0.000835,0.04985
-0.059605,0.17279,0.040895,-0.100382,-0.096105,0.102556,0.03458,-0.007379,0.016905,0.000835,0.04985,0.041432
-0.059246,0.17279,-0.100382,-0.096105,0.102556,0.03458,-0.007379,0.016905,0.000835,0.04985,0.041432,0.043864
-0.059228,0.17279,-0.096105,0.102556,0.03458,-0.007379,0.016905,0.000835,0.04985,0.041432,0.043864,-0.055133
-0.058168,0.173828,0.102556,0.03458,-0.007379,0.016905,0.000835,0.04985,0.041432,0.043864,-0.055133,0.036139
-0.057288,0.173828,0.03458,-0.007379,0.016905,0.000835,0.04985,0.041432,0.043864,-0.055133,0.036139,0.097395
-0.056358,0.173828,-0.007379,0.016905,0.000835,0.04985,0.041432,0.043864,-0.055133,0.036139,0.097395,0.01565
-0.057526,0.173828,0.016905,0.000835,0.04985,0.041432,0.043864,-0.055133,0.036139,0.097395,0.01565,-0.021726
-0.05676,0.173828,0.000835,0.04985,0.041432,0.043864,-0.055133,0.036139,0.097395,0.01565,-0.021726,0.004015
-0.054696,0.173828,0.04985,0.041432,0.043864,-0.055133,0.036139,0.097395,0.01565,-0.021726,0.004015,-0.003333
-0.054364,0.173828,0.041432,0.043864,-0.055133,0.036139,0.097395,0.01565,-0.021726,0.004015,-0.003333,0.063437
-0.054824,0.173828,0.043864,-0.055133,0.036139,0.097395,0.01565,-0.021726,0.004015,-0.003333,0.063437,0.038296
-0.054739,0.173828,-0.055133,0.036139,0.097395,0.01565,-0.021726,0.004015,-0.003333,0.063437,0.038296,0.040795
-0.054809,0.173828,0.036139,0.097395,0.01565,-0.021726,0.004015,-0.003333,0.063437,0.038296,0.040795,-0.089068
-0.053467,0.173828,0.097395,0.01565,-0.021726,0.004015,-0.003333,0.063437,0.038296,0.040795,-0.089068,0.041712
-0.052657,0.173828,0.01565,-0.021726,0.004015,-0.003333,0.063437,0.038296,0.040795,-0.089068,0.041712,0.100996
-0.051797,0.173828,-0.021726,0.004015,-0.003333,0.063437,0.038296,0.040795,-0.089068,0.041712,0.100996,-0.001324
-0.053675,0.173828,0.004015,-0.003333,0.063437,0.038296,0.040795,-0.089068,0.041712,0.100996,-0.001324,-0.012399
-0.052795,0.173828,-0.003333,0.063437,0.038296,0.040795,-0.089068,0.041712,0.100996,-0.001324,-0.012399,0.016179
-0.050663,0.173828,0.063437,0.038296,0.040795,-0.089068,0.041712,0.100996,-0.001324,-0.012399,0.016179,-0.000901
-0.050691,0.173828,0.038296,0.040795,-0.089068,0.041712,0.100996,-0.001324,-0.012399,0.016179,-0.000901,0.057269
-0.050952,0.173828,0.040795,-0.089068,0.041712,0.100996,-0.001324,-0.012399,0.016179,-0.000901,0.057269,0.025548
-0.050612,0.173828,-0.089068,0.041712,0.100996,-0.001324,-0.012399,0.016179,-0.000901,0.057269,0.025548,0.04016
-0.050631,0.173828,0.041712,0.100996,-0.001324,-0.012399,0.016179,-0.000901,0.057269,0.025548,0.04016,-0.094091
-0.049424,0.173828,0.100996,-0.001324,-0.012399,0.016179,-0.000901,0.057269,0.025548,0.04016,-0.094091,0.047406
-0.048886,0.173828,-0.001324,-0.012399,0.016179,-0.000901,0.057269,0.025548,0.04016,-0.094091,0.047406,0.095167
-0.048042,0.173828,-0.012399,0.016179,-0.000901,0.057269,0.025548,0.04016,-0.094091,0.047406,0.095167,0.000178
-0.050019,0.173828,0.016179,-0.000901,0.057269,0.025548,0.04016,-0.094091,0.047406,0.095167,0.000178,0.005275
-0.049022,0.173828,-0.000901,0.057269,0.025548,0.04016,-0.094091,0.047406,0.095167,0.000178,0.005275,0.002896
-0.047022,0.173828,0.057269,0.025548,0.04016,-0.094091,0.047406,0.095167,0.000178,0.005275,0.002896,-0.011924
-0.047018,0.173828,0.025548,0.04016,-0.094091,0.047406,0.095167,0.000178,0.005275,0.002896,-0.011924,0.052226
-0.046907,0.173828,0.04016,-0.094091,0.047406,0.095167,0.000178,0.005275,0.002896,-0.011924,0.052226,-0.05656
-0.046847,0.173828,-0.094091,0.047406,0.095167,0.000178,0.005275,0.002896,-0.011924,0.052226,-0.05656,0.013379
-0.047097,0.173828,0.047406,0.095167,0.000178,0.005275,0.002896,-0.011924,0.052226,-0.05656,0.013379,-0.128051
-0.046,0.173828,0.095167,0.000178,0.005275,0.002896,-0.011924,0.052226,-0.05656,0.013379,-0.128051,0.048795
-0.047188,0.173828,0.000178,0.005275,0.002896,-0.011924,0.052226,-0.05656,0.013379,-0.128051,0.048795,0.112847
-0.046907,0.173828,0.005275,0.002896,-0.011924,0.052226,-0.05656,0.013379,-0.128051,0.048795,0.112847,0.013758
-0.049596,0.173828,0.002896,-0.011924,0.052226,-0.05656,0.013379,-0.128051,0.048795,0.112847,0.013758,-0.028572
-0.04857,0.172394,-0.011924,0.052226,-0.05656,0.013379,-0.128051,0.048795,0.112847,0.013758,-0.028572,0.009698
-0.046199,0.172394,0.052226,-0.05656,0.013379,-0.128051,0.048795,0.112847,0.013758,-0.028572,0.009698,-0.005191
-0.04591,0.172394,-0.05656,0.013379,-0.128051,0.048795,0.112847,0.013758,-0.028572,0.009698,-0.005191,0.011638
-0.046509,0.172394,0.013379,-0.128051,0.048795,0.112847,0.013758,-0.028572,0.009698,-0.005191,0.011638,-0.078102
-0.046306,0.172394,-0.128051,0.048795,0.112847,0.013758,-0.028572,0.009698,-0.005191,0.011638,-0.078102,-0.035252
-0.046415,0.172394,0.048795,0.112847,0.013758,-0.028572,0.009698,-0.005191,0.011638,-0.078102,-0.035252,-0.111362
-0.046171,0.172394,0.112847,0.013758,-0.028572,0.009698,-0.005191,0.011638,-0.078102,-0.035252,-0.111362,0.017841
-0.047811,0.172394,0.013758,-0.028572,0.009698,-0.005191,0.011638,-0.078102,-0.035252,-0.111362,0.017841,0.116336
-0.048552,0.172394,-0.028572,0.009698,-0.005191,0.011638,-0.078102,-0.035252,-0.111362,0.017841,0.116336,0.001474
-0.050894,0.172394,0.009698,-0.005191,0.011638,-0.078102,-0.035252,-0.111362,0.017841,0.116336,0.001474,-0.028512
-0.050518,0.172394,-0.005191,0.011638,-0.078102,-0.035252,-0.111362,0.017841,0.116336,0.001474,-0.028512,0.016343
-0.048069,0.172394,0.011638,-0.078102,-0.035252,-0.111362,0.017841,0.116336,0.001474,-0.028512,0.016343,0.000329
-0.048038,0.172394,-0.078102,-0.035252,-0.111362,0.017841,0.116336,0.001474,-0.028512,0.016343,0.000329,0.057512
-0.048637,0.172394,-0.035252,-0.111362,0.017841,0.116336,0.001474,-0.028512,0.016343,0.000329,0.057512,0.038023
-0.048294,0.172394,-0.111362,0.017841,0.116336,0.001474,-0.028512,0.016343,0.000329,0.057512,0.038023,0.051544
-0.048287,0.172394,0.017841,0.116336,0.001474,-0.028512,0.016343,0.000329,0.057512,0.038023,0.051544,-0.077274
-0.047078,0.172394,0.116336,0.001474,-0.028512,0.016343,0.000329,0.057512,0.038023,0.051544,-0.077274,0.017871
-0.04628,0.172394,0.001474,-0.028512,0.016343,0.000329,0.057512,0.038023,0.051544,-0.077274,0.017871,0.097111
-0.0452,0.172394,-0.028512,0.016343,0.000329,0.057512,0.038023,0.051544,-0.077274,0.017871,0.097111,0.01256
-0.046818,0.172394,0.016343,0.000329,0.057512,0.038023,0.051544,-0.077274,0.017871,0.097111,0.01256,-0.012255
-0.046443,0.172394,0.000329,0.057512,0.038023,0.051544,-0.077274,0.017871,0.097111,0.01256,-0.012255,-0.009332
-0.044407,0.172394,0.057512,0.038023,0.051544,-0.077274,0.017871,0.097111,0.01256,-0.012255,-0.009332,-0.00394
-0.044144,0.172394,0.038023,0.051544,-0.077274,0.017871,0.097111,0.01256,-0.012255,-0.009332,-0.00394,0.046984
-0.044401,0.172394,0.051544,-0.077274,0.017871,0.097111,0.01256,-0.012255,-0.009332,-0.00394,0.046984,0.022183
-0.044596,0.17096,-0.077274,0.017871,0.097111,0.01256,-0.012255,-0.009332,-0.00394,0.046984,0.022183,0.033002
-0.044678,0.17096,0.017871,0.097111,0.01256,-0.012255,-0.009332,-0.00394,0.046984,0.022183,0.033002,-0.101099
-0.043694,0.17096,0.097111,0.01256,-0.012255,-0.009332,-0.00394,0.046984,0.022183,0.033002,-0.101099,0.039735
-0.04323,0.17096,0.01256,-0.012255,-0.009332,-0.00394,0.046984,0.022183,0.033002,-0.101099,0.039735,0.093602
-0.042541,0.17096,-0.012255,-0.009332,-0.00394,0.046984,0.022183,0.033002,-0.101099,0.039735,0.093602,0.007284
-0.044653,0.17096,-0.009332,-0.00394,0.046984,0.022183,0.033002,-0.101099,0.039735,0.093602,0.007284,-0.009444
-0.043822,0.17096,-0.00394,0.046984,0.022183,0.033002,-0.101099,0.039735,0.093602,0.007284,-0.009444,-0.054707
-0.041865,0.17096,0.046984,0.022183,0.033002,-0.101099,0.039735,0.093602,0.007284,-0.009444,-0.054707,-0.092823
-0.041712,0.17096,0.022183,0.033002,-0.101099,0.039735,0.093602,0.007284,-0.009444,-0.054707,-0.092823,0.017023
-0.04191,0.17096,0.033002,-0.101099,0.039735,0.093602,0.007284,-0.009444,-0.054707,-0.092823,0.017023,0.067098
-0.043051,0.17096,-0.101099,0.039735,0.093602,0.007284,-0.009444,-0.054707,-0.092823,0.017023,0.067098,-0.032745
-0.044992,0.17096,0.039735,0.093602,0.007284,-0.009444,-0.054707,-0.092823,0.017023,0.067098,-0.032745,-0.153613
-0.044635,0.169525,0.093602,0.007284,-0.009444,-0.054707,-0.092823,0.017023,0.067098,-0.032745,-0.153613,-0.112942
-0.04323,0.169525,0.007284,-0.009444,-0.054707,-0.092823,0.017023,0.067098,-0.032745,-0.153613,-0.112942,0.096412
-0.043915,0.169525,-0.009444,-0.054707,-0.092823,0.017023,0.067098,-0.032745,-0.153613,-0.112942,0.096412,0.020394
-0.047131,0.169525,-0.054707,-0.092823,0.017023,0.067098,-0.032745,-0.153613,-0.112942,0.096412,0.020394,-0.059575
-0.049503,0.169525,-0.092823,0.017023,0.067098,-0.032745,-0.153613,-0.112942,0.096412,0.020394,-0.059575,-0.06986
-0.047475,0.169525,0.017023,0.067098,-0.032745,-0.153613,-0.112942,0.096412,0.020394,-0.059575,-0.06986,-0.00631
-0.047046,0.169525,0.067098,-0.032745,-0.153613,-0.112942,0.096412,0.020394,-0.059575,-0.06986,-0.00631,0.061372
-0.048297,0.169525,-0.032745,-0.153613,-0.112942,0.096412,0.020394,-0.059575,-0.06986,-0.00631,0.061372,0.040463
-0.049765,0.169525,-0.153613,-0.112942,0.096412,0.020394,-0.059575,-0.06986,-0.00631,0.061372,0.040463,0.059345
-0.049898,0.169525,-0.112942,0.096412,0.020394,-0.059575,-0.06986,-0.00631,0.061372,0.040463,0.059345,-0.090476
-0.048606,0.169525,0.096412,0.020394,-0.059575,-0.06986,-0.00631,0.061372,0.040463,0.059345,-0.090476,0.050268
-0.047755,0.169525,0.020394,-0.059575,-0.06986,-0.00631,0.061372,0.040463,0.059345,-0.090476,0.050268,0.100974
-0.046509,0.169525,-0.059575,-0.06986,-0.00631,0.061372,0.040463,0.059345,-0.090476,0.050268,0.100974,-0.016018
-0.048407,0.169525,-0.06986,-0.00631,0.061372,0.040463,0.059345,-0.090476,0.050268,0.100974,-0.016018,-0.03537
-0.047352,0.169525,-0.00631,0.061372,0.040463,0.059345,-0.090476,0.050268,0.100974,-0.016018,-0.03537,0.024664
-0.045233,0.169525,0.061372,0.040463,0.059345,-0.090476,0.050268,0.100974,-0.016018,-0.03537,0.024664,-0.005221
-0.045569,0.169525,0.040463,0.059345,-0.090476,0.050268,0.100974,-0.016018,-0.03537,0.024664,-0.005221,0.038746
-0.04631,0.169525,0.059345,-0.090476,0.050268,0.100974,-0.016018,-0.03537,0.024664,-0.005221,0.038746,-0.049914
-0.045794,0.169525,-0.090476,0.050268,0.100974,-0.016018,-0.03537,0.024664,-0.005221,0.038746,-0.049914,0.002628
-0.045903,0.169525,0.050268,0.100974,-0.016018,-0.03537,0.024664,-0.005221,0.038746,-0.049914,0.002628,-0.120285
-0.045091,0.169525,0.100974,-0.016018,-0.03537,0.024664,-0.005221,0.038746,-0.049914,0.002628,-0.120285,0.034043
-0.046138,0.169525,-0.016018,-0.03537,0.024664,-0.005221,0.038746,-0.049914,0.002628,-0.120285,0.034043,0.102202
-0.046083,0.169525,-0.03537,0.024664,-0.005221,0.038746,-0.049914,0.002628,-0.120285,0.034043,0.102202,0.011084
-0.048605,0.169525,0.024664,-0.005221,0.038746,-0.049914,0.002628,-0.120285,0.034043,0.102202,0.011084,-0.010925
-0.047891,0.169525,-0.005221,0.038746,-0.049914,0.002628,-0.120285,0.034043,0.102202,0.011084,-0.010925,0.01654
-0.045745,0.169251,0.038746,-0.049914,0.002628,-0.120285,0.034043,0.102202,0.011084,-0.010925,0.01654,-0.018843
-0.045512,0.169251,-0.049914,0.002628,-0.120285,0.034043,0.102202,0.011084,-0.010925,0.01654,-0.018843,0.012973
-0.045741,0.169251,0.002628,-0.120285,0.034043,0.102202,0.011084,-0.010925,0.01654,-0.018843,0.012973,-0.09442
-0.045395,0.169251,-0.120285,0.034043,0.102202,0.011084,-0.010925,0.01654,-0.018843,0.012973,-0.09442,-0.023131
-0.045789,0.169251,0.034043,0.102202,0.011084,-0.010925,0.01654,-0.018843,0.012973,-0.09442,-0.023131,-0.118254
-0.045517,0.169251,0.102202,0.011084,-0.010925,0.01654,-0.018843,0.012973,-0.09442,-0.023131,-0.118254,0.009801
-0.0475,0.169251,0.011084,-0.010925,0.01654,-0.018843,0.012973,-0.09442,-0.023131,-0.118254,0.009801,0.108342
-0.047986,0.169251,-0.010925,0.01654,-0.018843,0.012973,-0.09442,-0.023131,-0.118254,0.009801,0.108342,0.016295
-0.050471,0.169251,0.01654,-0.018843,0.012973,-0.09442,-0.023131,-0.118254,0.009801,0.108342,0.016295,-0.027172
-0.050264,0.169251,-0.018843,0.012973,-0.09442,-0.023131,-0.118254,0.009801,0.108342,0.016295,-0.027172,0.009615
-0.047984,0.169251,0.012973,-0.09442,-0.023131,-0.118254,0.009801,0.108342,0.016295,-0.027172,0.009615,-0.001035
-0.047642,0.169128,-0.09442,-0.023131,-0.118254,0.009801,0.108342,0.016295,-0.027172,0.009615,-0.001035,0.017089
-0.048212,0.169128,-0.023131,-0.118254,0.009801,0.108342,0.016295,-0.027172,0.009615,-0.001035,0.017089,-0.107266
-0.04801,0.169128,-0.118254,0.009801,0.108342,0.016295,-0.027172,0.009615,-0.001035,0.017089,-0.107266,0.03459
-0.048032,0.169128,0.009801,0.108342,0.016295,-0.027172,0.009615,-0.001035,0.017089,-0.107266,0.03459,-0.052252
-0.047673,0.169128,0.108342,0.016295,-0.027172,0.009615,-0.001035,0.017089,-0.107266,0.03459,-0.052252,0.040657
-0.049931,0.169128,0.016295,-0.027172,0.009615,-0.001035,0.017089,-0.107266,0.03459,-0.052252,0.040657,0.113956
-0.049203,0.169128,-0.027172,0.009615,-0.001035,0.017089,-0.107266,0.03459,-0.052252,0.040657,0.113956,-0.001174
-0.050302,0.169128,0.009615,-0.001035,0.017089,-0.107266,0.03459,-0.052252,0.040657,0.113956,-0.001174,-0.015029
-0.049446,0.169128,-0.001035,0.017089,-0.107266,0.03459,-0.052252,0.040657,0.113956,-0.001174,-0.015029,-0.011999
-0.04705,0.169128,0.017089,-0.107266,0.03459,-0.052252,0.040657,0.113956,-0.001174,-0.015029,-0.011999,0.000299
-0.047075,0.169128,-0.107266,0.03459,-0.052252,0.040657,0.113956,-0.001174,-0.015029,-0.011999,0.000299,0.064341
-0.04739,0.169128,0.03459,-0.052252,0.040657,0.113956,-0.001174,-0.015029,-0.011999,0.000299,0.064341,0.03951
-0.047642,0.169128,-0.052252,0.040657,0.113956,-0.001174,-0.015029,-0.011999,0.000299,0.064341,0.03951,0.033999
-0.047635,0.169128,0.040657,0.113956,-0.001174,-0.015029,-0.011999,0.000299,0.064341,0.03951,0.033999,-0.074659
-0.046284,0.169128,0.113956,-0.001174,-0.015029,-0.011999,0.000299,0.064341,0.03951,0.033999,-0.074659,0.027383
-0.045455,0.169128,-0.001174,-0.015029,-0.011999,0.000299,0.064341,0.03951,0.033999,-0.074659,0.027383,0.089092
-0.044743,0.169128,-0.015029,-0.011999,0.000299,0.064341,0.03951,0.033999,-0.074659,0.027383,0.089092,0.004423
-0.046306,0.169128,-0.011999,0.000299,0.064341,0.03951,0.033999,-0.074659,0.027383,0.089092,0.004423,-0.021806
-0.045732,0.169128,0.000299,0.064341,0.03951,0.033999,-0.074659,0.027383,0.089092,0.004423,-0.021806,0.001596
-0.043866,0.169128,0.064341,0.03951,0.033999,-0.074659,0.027383,0.089092,0.004423,-0.021806,0.001596,-0.010786
-0.043773,0.169128,0.03951,0.033999,-0.074659,0.027383,0.089092,0.004423,-0.021806,0.001596,-0.010786,0.072948
-0.044229,0.169128,0.033999,-0.074659,0.027383,0.089092,0.004423,-0.021806,0.001596,-0.010786,0.072948,0.018169
-0.044196,0.169128,-0.074659,0.027383,0.089092,0.004423,-0.021806,0.001596,-0.010786,0.072948,0.018169,0.03587
-0.044421,0.169128,0.027383,0.089092,0.004423,-0.021806,0.001596,-0.010786,0.072948,0.018169,0.03587,-0.101332
-0.042895,0.169128,0.089092,0.004423,-0.021806,0.001596,-0.010786,0.072948,0.018169,0.03587,-0.101332,0.034321
-0.042515,0.168213,0.004423,-0.021806,0.001596,-0.010786,0.072948,0.018169,0.03587,-0.101332,0.034321,0.112992
-0.041766,0.168213,-0.021806,0.001596,-0.010786,0.072948,0.018169,0.03587,-0.101332,0.034321,0.112992,-0.072325
-0.043881,0.168213,0.001596,-0.010786,0.072948,0.018169,0.03587,-0.101332,0.034321,0.112992,-0.072325,-0.076585
-0.043164,0.168213,-0.010786,0.072948,0.018169,0.03587,-0.101332,0.034321,0.112992,-0.072325,-0.076585,-0.013444
-0.040804,0.168213,0.072948,0.018169,0.03587,-0.101332,0.034321,0.112992,-0.072325,-0.076585,-0.013444,0.005593
-0.042314,0.168213,0.018169,0.03587,-0.101332,0.034321,0.112992,-0.072325,-0.076585,-0.013444,0.005593,0.045664
-0.043915,0.168213,0.03587,-0.101332,0.034321,0.112992,-0.072325,-0.076585,-0.013444,0.005593,0.045664,0.034573
-0.044196,0.168213,-0.101332,0.034321,0.112992,-0.072325,-0.076585,-0.013444,0.005593,0.045664,0.034573,0.05104
-0.044079,0.168213,0.034321,0.112992,-0.072325,-0.076585,-0.013444,0.005593,0.045664,0.034573,0.05104,-0.090499
-0.043123,0.168213,0.112992,-0.072325,-0.076585,-0.013444,0.005593,0.045664,0.034573,0.05104,-0.090499,0.037108
-0.0424,0.168213,-0.072325,-0.076585,-0.013444,0.005593,0.045664,0.034573,0.05104,-0.090499,0.037108,0.100783
-0.041335,0.168213,-0.076585,-0.013444,0.005593,0.045664,0.034573,0.05104,-0.090499,0.037108,0.100783,0.018436
-0.043223,0.168213,-0.013444,0.005593,0.045664,0.034573,0.05104,-0.090499,0.037108,0.100783,0.018436,-0.025982
-0.042448,0.169251,0.005593,0.045664,0.034573,0.05104,-0.090499,0.037108,0.100783,0.018436,-0.025982,0.000305
-0.040344,0.169251,0.045664,0.034573,0.05104,-0.090499,0.037108,0.100783,0.018436,-0.025982,0.000305,-0.015241
-0.03996,0.169251,0.034573,0.05104,-0.090499,0.037108,0.100783,0.018436,-0.025982,0.000305,-0.015241,0.048638
-0.040501,0.169251,0.05104,-0.090499,0.037108,0.100783,0.018436,-0.025982,0.000305,-0.015241,0.048638,0.026791
-0.040495,0.169251,-0.090499,0.037108,0.100783,0.018436,-0.025982,0.000305,-0.015241,0.048638,0.026791,0.055917
-0.040812,0.169251,0.037108,0.100783,0.018436,-0.025982,0.000305,-0.015241,0.048638,0.026791,0.055917,-0.094135
-0.039798,0.169251,0.100783,0.018436,-0.025982,0.000305,-0.015241,0.048638,0.026791,0.055917,-0.094135,0.027618
-0.039239,0.169251,0.018436,-0.025982,0.000305,-0.015241,0.048638,0.026791,0.055917,-0.094135,0.027618,0.100111
-0.038076,0.169251,-0.025982,0.000305,-0.015241,0.048638,0.026791,0.055917,-0.094135,0.027618,0.100111,0.010386
-0.040034,0.169251,0.000305,-0.015241,0.048638,0.026791,0.055917,-0.094135,0.027618,0.100111,0.010386,-0.033
-0.039459,0.169251,-0.015241,0.048638,0.026791,0.055917,-0.094135,0.027618,0.100111,0.010386,-0.033,-0.005231
-0.037375,0.169251,0.048638,0.026791,0.055917,-0.094135,0.027618,0.100111,0.010386,-0.033,-0.005231,-0.047438
-0.037159,0.169251,0.026791,0.055917,-0.094135,0.027618,0.100111,0.010386,-0.033,-0.005231,-0.047438,-0.052238
-0.037845,0.169251,0.055917,-0.094135,0.027618,0.100111,0.010386,-0.033,-0.005231,-0.047438,-0.052238,0.018465
-0.037953,0.169251,-0.094135,0.027618,0.100111,0.010386,-0.033,-0.005231,-0.047438,-0.052238,0.018465,0.05443
-0.038939,0.169251,0.027618,0.100111,0.010386,-0.033,-0.005231,-0.047438,-0.052238,0.018465,0.05443,-0.082941
-0.040028,0.169251,0.100111,0.010386,-0.033,-0.005231,-0.047438,-0.052238,0.018465,0.05443,-0.082941,0.040075
-0.039643,0.169251,0.010386,-0.033,-0.005231,-0.047438,-0.052238,0.018465,0.05443,-0.082941,0.040075,0.095952
-0.03851,0.169251,-0.033,-0.005231,-0.047438,-0.052238,0.018465,0.05443,-0.082941,0.040075,0.095952,0.010386
-0.040235,0.169251,-0.005231,-0.047438,-0.052238,0.018465,0.05443,-0.082941,0.040075,0.095952,0.010386,-0.023245
-0.039401,0.169251,-0.047438,-0.052238,0.018465,0.05443,-0.082941,0.040075,0.095952,0.010386,-0.023245,0.000349
-0.037404,0.169251,-0.052238,0.018465,0.05443,-0.082941,0.040075,0.095952,0.010386,-0.023245,0.000349,-0.001583
-0.037188,0.169251,0.018465,0.05443,-0.082941,0.040075,0.095952,0.010386,-0.023245,0.000349,-0.001583,0.067006
-0.037671,0.169251,0.05443,-0.082941,0.040075,0.095952,0.010386,-0.023245,0.000349,-0.001583,0.067006,0.021652
-0.037664,0.169251,-0.082941,0.040075,0.095952,0.010386,-0.023245,0.000349,-0.001583,0.067006,0.021652,0.030018
-0.037697,0.16861,0.040075,0.095952,0.010386,-0.023245,0.000349,-0.001583,0.067006,0.021652,0.030018,-0.106102
-0.036304,0.16861,0.095952,0.010386,-0.023245,0.000349,-0.001583,0.067006,0.021652,0.030018,-0.106102,0.033301
-0.035854,0.16861,0.010386,-0.023245,0.000349,-0.001583,0.067006,0.021652,0.030018,-0.106102,0.033301,0.106365
-0.035232,0.16861,-0.023245,0.000349,-0.001583,0.067006,0.021652,0.030018,-0.106102,0.033301,0.106365,-0.002021
-0.037432,0.16861,0.000349,-0.001583,0.067006,0.021652,0.030018,-0.106102,0.033301,0.106365,-0.002021,-0.014837
-0.036741,0.16861,-0.001583,0.067006,0.021652,0.030018,-0.106102,0.033301,0.106365,-0.002021,-0.014837,-0.058607
-0.034533,0.16861,0.067006,0.021652,0.030018,-0.106102,0.033301,0.106365,-0.002021,-0.014837,-0.058607,-0.085457
-0.034575,0.16861,0.021652,0.030018,-0.106102,0.033301,0.106365,-0.002021,-0.014837,-0.058607,-0.085457,0.025201
-0.034882,0.16861,0.030018,-0.106102,0.033301,0.106365,-0.002021,-0.014837,-0.058607,-0.085457,0.025201,0.039665
-0.036097,0.16861,-0.106102,0.033301,0.106365,-0.002021,-0.014837,-0.058607,-0.085457,0.025201,0.039665,0.031311
-0.03787,0.16861,0.033301,0.106365,-0.002021,-0.014837,-0.058607,-0.085457,0.025201,0.039665,0.031311,-0.100323
-0.037346,0.168732,0.106365,-0.002021,-0.014837,-0.058607,-0.085457,0.025201,0.039665,0.031311,-0.100323,0.037462
-0.036522,0.168732,-0.002021,-0.014837,-0.058607,-0.085457,0.025201,0.039665,0.031311,-0.100323,0.037462,0.103453
-0.035872,0.168732,-0.014837,-0.058607,-0.085457,0.025201,0.039665,0.031311,-0.100323,0.037462,0.103453,-0.009052
-0.037953,0.168732,-0.058607,-0.085457,0.025201,0.039665,0.031311,-0.100323,0.037462,0.103453,-0.009052,-0.027472
-0.037175,0.168732,-0.085457,0.025201,0.039665,0.031311,-0.100323,0.037462,0.103453,-0.009052,-0.027472,0.011618
-0.035027,0.168732,0.025201,0.039665,0.031311,-0.100323,0.037462,0.103453,-0.009052,-0.027472,0.011618,-0.004504
-0.035215,0.168732,0.039665,0.031311,-0.100323,0.037462,0.103453,-0.009052,-0.027472,0.011618,-0.004504,0.053234
-0.035785,0.168732,0.031311,-0.100323,0.037462,0.103453,-0.009052,-0.027472,0.011618,-0.004504,0.053234,0.027488
-0.035544,0.168732,-0.100323,0.037462,0.103453,-0.009052,-0.027472,0.011618,-0.004504,0.053234,0.027488,0.040203
-0.035637,0.168732,0.037462,0.103453,-0.009052,-0.027472,0.011618,-0.004504,0.053234,0.027488,0.040203,-0.099732
-0.034533,0.168732,0.103453,-0.009052,-0.027472,0.011618,-0.004504,0.053234,0.027488,0.040203,-0.099732,0.024986
-0.033963,0.168732,-0.009052,-0.027472,0.011618,-0.004504,0.053234,0.027488,0.040203,-0.099732,0.024986,0.101246
-0.033131,0.168732,-0.027472,0.011618,-0.004504,0.053234,0.027488,0.040203,-0.099732,0.024986,0.101246,-0.016065
-0.035195,0.168732,0.011618,-0.004504,0.053234,0.027488,0.040203,-0.099732,0.024986,0.101246,-0.016065,-0.023289
-0.034677,0.168732,-0.004504,0.053234,0.027488,0.040203,-0.099732,0.024986,0.101246,-0.016065,-0.023289,-0.002401
-0.03258,0.168732,0.053234,0.027488,0.040203,-0.099732,0.024986,0.101246,-0.016065,-0.023289,-0.002401,-0.003219
-0.032913,0.168732,0.027488,0.040203,-0.099732,0.024986,0.101246,-0.016065,-0.023289,-0.002401,-0.003219,0.05201
-0.033395,0.168732,0.040203,-0.099732,0.024986,0.101246,-0.016065,-0.023289,-0.002401,-0.003219,0.05201,0.023514
-0.033444,0.168732,-0.099732,0.024986,0.101246,-0.016065,-0.023289,-0.002401,-0.003219,0.05201,0.023514,0.046273
-0.033511,0.168732,0.024986,0.101246,-0.016065,-0.023289,-0.002401,-0.003219,0.05201,0.023514,0.046273,-0.120159
-0.032434,0.168732,0.101246,-0.016065,-0.023289,-0.002401,-0.003219,0.05201,0.023514,0.046273,-0.120159,0.03918
-0.031948,0.168732,-0.016065,-0.023289,-0.002401,-0.003219,0.05201,0.023514,0.046273,-0.120159,0.03918,0.087525
-0.030993,0.168732,-0.023289,-0.002401,-0.003219,0.05201,0.023514,0.046273,-0.120159,0.03918,0.087525,0.008073
-0.033473,0.168732,-0.002401,-0.003219,0.05201,0.023514,0.046273,-0.120159,0.03918,0.087525,0.008073,-0.043214
-0.032663,0.168732,-0.003219,0.05201,0.023514,0.046273,-0.120159,0.03918,0.087525,0.008073,-0.043214,-0.003802
-0.030854,0.168732,0.05201,0.023514,0.046273,-0.120159,0.03918,0.087525,0.008073,-0.043214,-0.003802,0.00093
-0.030688,0.165863,0.023514,0.046273,-0.120159,0.03918,0.087525,0.008073,-0.043214,-0.003802,0.00093,0.04649
-0.03158,0.165863,0.046273,-0.120159,0.03918,0.087525,0.008073,-0.043214,-0.003802,0.00093,0.04649,0.016611
-0.031658,0.165863,-0.120159,0.03918,0.087525,0.008073,-0.043214,-0.003802,0.00093,0.04649,0.016611,0.019454
-0.031639,0.165863,0.03918,0.087525,0.008073,-0.043214,-0.003802,0.00093,0.04649,0.016611,0.019454,-0.102084
-0.030678,0.165863,0.087525,0.008073,-0.043214,-0.003802,0.00093,0.04649,0.016611,0.019454,-0.102084,0.037865
-0.030335,0.165863,0.008073,-0.043214,-0.003802,0.00093,0.04649,0.016611,0.019454,-0.102084,0.037865,0.099208
-0.029934,0.165863,-0.043214,-0.003802,0.00093,0.04649,0.016611,0.019454,-0.102084,0.037865,0.099208,0.001046
-0.032039,0.165863,-0.003802,0.00093,0.04649,0.016611,0.019454,-0.102084,0.037865,0.099208,0.001046,-0.029037
-0.031258,0.165863,0.00093,0.04649,0.016611,0.019454,-0.102084,0.037865,0.099208,0.001046,-0.029037,-0.00094
-0.02921,0.165863,0.04649,0.016611,0.019454,-0.102084,0.037865,0.099208,0.001046,-0.029037,-0.00094,-0.01628
-0.029189,0.165863,0.016611,0.019454,-0.102084,0.037865,0.099208,0.001046,-0.029037,-0.00094,-0.01628,0.039457
-0.029787,0.165863,0.019454,-0.102084,0.037865,0.099208,0.001046,-0.029037,-0.00094,-0.01628,0.039457,0.012462
-0.029806,0.166901,-0.102084,0.037865,0.099208,0.001046,-0.029037,-0.00094,-0.01628,0.039457,0.012462,0.049737
-0.030142,0.166901,0.037865,0.099208,0.001046,-0.029037,-0.00094,-0.01628,0.039457,0.012462,0.049737,-0.102647
-0.029328,0.166901,0.099208,0.001046,-0.029037,-0.00094,-0.01628,0.039457,0.012462,0.049737,-0.102647,0.027985
-0.029071,0.166901,0.001046,-0.029037,-0.00094,-0.01628,0.039457,0.012462,0.049737,-0.102647,0.027985,0.096723
-0.028047,0.166901,-0.029037,-0.00094,-0.01628,0.039457,0.012462,0.049737,-0.102647,0.027985,0.096723,-0.004609
-0.03016,0.166901,-0.00094,-0.01628,0.039457,0.012462,0.049737,-0.102647,0.027985,0.096723,-0.004609,-0.047723
-0.029583,0.166901,-0.01628,0.039457,0.012462,0.049737,-0.102647,0.027985,0.096723,-0.004609,-0.047723,-0.000918
-0.02759,0.166901,0.039457,0.012462,0.049737,-0.102647,0.027985,0.096723,-0.004609,-0.047723,-0.000918,-0.016397
-0.027685,0.166901,0.012462,0.049737,-0.102647,0.027985,0.096723,-0.004609,-0.047723,-0.000918,-0.016397,0.049532
-0.028667,0.166901,0.049737,-0.102647,0.027985,0.096723,-0.004609,-0.047723,-0.000918,-0.016397,0.049532,0.016878
-0.028686,0.166901,-0.102647,0.027985,0.096723,-0.004609,-0.047723,-0.000918,-0.016397,0.049532,0.016878,0.025541
-0.029023,0.166901,0.027985,0.096723,-0.004609,-0.047723,-0.000918,-0.016397,0.049532,0.016878,0.025541,-0.105788
-0.028003,0.166901,0.096723,-0.004609,-0.047723,-0.000918,-0.016397,0.049532,0.016878,0.025541,-0.105788,0.039483
-0.027655,0.166901,-0.004609,-0.047723,-0.000918,-0.016397,0.049532,0.016878,0.025541,-0.105788,0.039483,0.099844
-0.02713,0.166901,-0.047723,-0.000918,-0.016397,0.049532,0.016878,0.025541,-0.105788,0.039483,0.099844,-0.018956
-0.029305,0.166901,-0.000918,-0.016397,0.049532,0.016878,0.025541,-0.105788,0.039483,0.099844,-0.018956,-0.050669
-0.028493,0.166901,-0.016397,0.049532,0.016878,0.025541,-0.105788,0.039483,0.099844,-0.018956,-0.050669,-0.002348
-0.026438,0.166901,0.049532,0.016878,0.025541,-0.105788,0.039483,0.099844,-0.018956,-0.050669,-0.002348,0.006503
-0.026828,0.166901,0.016878,0.025541,-0.105788,0.039483,0.099844,-0.018956,-0.050669,-0.002348,0.006503,0.04531
-0.02787,0.166901,0.025541,-0.105788,0.039483,0.099844,-0.018956,-0.050669,-0.002348,0.006503,0.04531,-0.050512
-0.027918,0.166901,-0.105788,0.039483,0.099844,-0.018956,-0.050669,-0.002348,0.006503,0.04531,-0.050512,-0.007551
-0.027784,0.166901,0.039483,0.099844,-0.018956,-0.050669,-0.002348,0.006503,0.04531,-0.050512,-0.007551,-0.173902
-0.026852,0.166901,0.099844,-0.018956,-0.050669,-0.002348,0.006503,0.04531,-0.050512,-0.007551,-0.173902,-0.088273
-0.027892,0.166901,-0.018956,-0.050669,-0.002348,0.006503,0.04531,-0.050512,-0.007551,-0.173902,-0.088273,0.076048
-0.028047,0.166901,-0.050669,-0.002348,0.006503,0.04531,-0.050512,-0.007551,-0.173902,-0.088273,0.076048,0.017913
-0.031629,0.166901,-0.002348,0.006503,0.04531,-0.050512,-0.007551,-0.173902,-0.088273,0.076048,0.017913,-0.070044
-0.033452,0.166138,0.006503,0.04531,-0.050512,-0.007551,-0.173902,-0.088273,0.076048,0.017913,-0.070044,-0.064565
-0.031879,0.166138,0.04531,-0.050512,-0.007551,-0.173902,-0.088273,0.076048,0.017913,-0.070044,-0.064565,-0.025688
-0.031509,0.166138,-0.050512,-0.007551,-0.173902,-0.088273,0.076048,0.017913,-0.070044,-0.064565,-0.025688,0.065976
-0.032956,0.166138,-0.007551,-0.173902,-0.088273,0.076048,0.017913,-0.070044,-0.064565,-0.025688,0.065976,0.026213
-0.034291,0.166138,-0.173902,-0.088273,0.076048,0.017913,-0.070044,-0.064565,-0.025688,0.065976,0.026213,0.046073
-0.034823,0.166138,-0.088273,0.076048,0.017913,-0.070044,-0.064565,-0.025688,0.065976,0.026213,0.046073,-0.140944
-0.033456,0.166138,0.076048,0.017913,-0.070044,-0.064565,-0.025688,0.065976,0.026213,0.046073,-0.140944,-0.109583
-0.032913,0.166138,0.017913,-0.070044,-0.064565,-0.025688,0.065976,0.026213,0.046073,-0.140944,-0.109583,0.08526
-0.031961,0.166138,-0.070044,-0.064565,-0.025688,0.065976,0.026213,0.046073,-0.140944,-0.109583,0.08526,0.02877
-0.034874,0.166138,-0.064565,-0.025688,0.065976,0.026213,0.046073,-0.140944,-0.109583,0.08526,0.02877,-0.00641
-0.037146,0.166138,-0.025688,0.065976,0.026213,0.046073,-0.140944,-0.109583,0.08526,0.02877,-0.00641,-0.00382
-0.035376,0.166138,0.065976,0.026213,0.046073,-0.140944,-0.109583,0.08526,0.02877,-0.00641,-0.00382,-0.041017
-0.034779,0.165466,0.026213,0.046073,-0.140944,-0.109583,0.08526,0.02877,-0.00641,-0.00382,-0.041017,-0.062732
-0.034912,0.165466,0.046073,-0.140944,-0.109583,0.08526,0.02877,-0.00641,-0.00382,-0.041017,-0.062732,0.002047
-0.034991,0.165466,-0.140944,-0.109583,0.08526,0.02877,-0.00641,-0.00382,-0.041017,-0.062732,0.002047,0.060632
-0.035841,0.165466,-0.109583,0.08526,0.02877,-0.00641,-0.00382,-0.041017,-0.062732,0.002047,0.060632,-0.082199
-0.037144,0.165466,0.08526,0.02877,-0.00641,-0.00382,-0.041017,-0.062732,0.002047,0.060632,-0.082199,0.041682
-0.037101,0.165466,0.02877,-0.00641,-0.00382,-0.041017,-0.062732,0.002047,0.060632,-0.082199,0.041682,0.093755
-0.035843,0.165466,-0.00641,-0.00382,-0.041017,-0.062732,0.002047,0.060632,-0.082199,0.041682,0.093755,0.010603
-0.037548,0.165466,-0.00382,-0.041017,-0.062732,0.002047,0.060632,-0.082199,0.041682,0.093755,0.010603,-0.045747
-0.036683,0.165466,-0.041017,-0.062732,0.002047,0.060632,-0.082199,0.041682,0.093755,0.010603,-0.045747,-0.008033
-0.034737,0.165466,-0.062732,0.002047,0.060632,-0.082199,0.041682,0.093755,0.010603,-0.045747,-0.008033,-0.045105
-0.034517,0.165466,0.002047,0.060632,-0.082199,0.041682,0.093755,0.010603,-0.045747,-0.008033,-0.045105,-0.056976
-0.035465,0.165466,0.060632,-0.082199,0.041682,0.093755,0.010603,-0.045747,-0.008033,-0.045105,-0.056976,0.025666
-0.035631,0.165466,-0.082199,0.041682,0.093755,0.010603,-0.045747,-0.008033,-0.045105,-0.056976,0.025666,0.049394
-0.036566,0.165466,0.041682,0.093755,0.010603,-0.045747,-0.008033,-0.045105,-0.056976,0.025666,0.049394,-0.084901
-0.037751,0.165466,0.093755,0.010603,-0.045747,-0.008033,-0.045105,-0.056976,0.025666,0.049394,-0.084901,0.030488
-0.037217,0.165466,0.010603,-0.045747,-0.008033,-0.045105,-0.056976,0.025666,0.049394,-0.084901,0.030488,0.092214
-0.036192,0.165466,-0.045747,-0.008033,-0.045105,-0.056976,0.025666,0.049394,-0.084901,0.030488,0.092214,-0.009057
-0.037953,0.165466,-0.008033,-0.045105,-0.056976,0.025666,0.049394,-0.084901,0.030488,0.092214,-0.009057,-0.02466
-0.03732,0.165466,-0.045105,-0.056976,0.025666,0.049394,-0.084901,0.030488,0.092214,-0.009057,-0.02466,-0.016438
-0.035405,0.165466,-0.056976,0.025666,0.049394,-0.084901,0.030488,0.092214,-0.009057,-0.02466,-0.016438,0.002546
-0.035593,0.165466,0.025666,0.049394,-0.084901,0.030488,0.092214,-0.009057,-0.02466,-0.016438,0.002546,0.075581
-0.036104,0.165466,0.049394,-0.084901,0.030488,0.092214,-0.009057,-0.02466,-0.016438,0.002546,0.075581,-0.059437
-0.036445,0.165466,-0.084901,0.030488,0.092214,-0.009057,-0.02466,-0.016438,0.002546,0.075581,-0.059437,0.001942
-0.036392,0.165466,0.030488,0.092214,-0.009057,-0.02466,-0.016438,0.002546,0.075581,-0.059437,0.001942,-0.168417
-0.034824,0.165466,0.092214,-0.009057,-0.02466,-0.016438,0.002546,0.075581,-0.059437,0.001942,-0.168417,-0.084377
-0.036057,0.165863,-0.009057,-0.02466,-0.016438,0.002546,0.075581,-0.059437,0.001942,-0.168417,-0.084377,0.087239
-0.036017,0.165863,-0.02466,-0.016438,0.002546,0.075581,-0.059437,0.001942,-0.168417,-0.084377,0.087239,0.028227
-0.039514,0.165863,-0.016438,0.002546,0.075581,-0.059437,0.001942,-0.168417,-0.084377,0.087239,0.028227,0.003137
-0.041272,0.165863,0.002546,0.075581,-0.059437,0.001942,-0.168417,-0.084377,0.087239,0.028227,0.003137,-0.009403
-0.039452,0.165863,0.075581,-0.059437,0.001942,-0.168417,-0.084377,0.087239,0.028227,0.003137,-0.009403,-0.01122
-0.038864,0.165863,-0.059437,0.001942,-0.168417,-0.084377,0.087239,0.028227,0.003137,-0.009403,-0.01122,0.062635
-0.038799,0.165863,0.001942,-0.168417,-0.084377,0.087239,0.028227,0.003137,-0.009403,-0.01122,0.062635,0.018689
-0.038995,0.165863,-0.168417,-0.084377,0.087239,0.028227,0.003137,-0.009403,-0.01122,0.062635,0.018689,0.032544
-0.039228,0.165863,-0.084377,0.087239,0.028227,0.003137,-0.009403,-0.01122,0.062635,0.018689,0.032544,-0.097253
-0.037924,0.165863,0.087239,0.028227,0.003137,-0.009403,-0.01122,0.062635,0.018689,0.032544,-0.097253,0.049932
-0.037535,0.165863,0.028227,0.003137,-0.009403,-0.01122,0.062635,0.018689,0.032544,-0.097253,0.049932,0.107479
-0.036859,0.164703,0.003137,-0.009403,-0.01122,0.062635,0.018689,0.032544,-0.097253,0.049932,0.107479,-0.007663
-0.038879,0.164703,-0.009403,-0.01122,0.062635,0.018689,0.032544,-0.097253,0.049932,0.107479,-0.007663,-0.02746
-0.037841,0.164703,-0.01122,0.062635,0.018689,0.032544,-0.097253,0.049932,0.107479,-0.007663,-0.02746,0.000373
-0.035608,0.164703,0.062635,0.018689,0.032544,-0.097253,0.049932,0.107479,-0.007663,-0.02746,0.000373,-0.025418
-0.035767,0.164703,0.018689,0.032544,-0.097253,0.049932,0.107479,-0.007663,-0.02746,0.000373,-0.025418,0.051732
-0.036337,0.164703,0.032544,-0.097253,0.049932,0.107479,-0.007663,-0.02746,0.000373,-0.025418,0.051732,0.004911
-0.036329,0.164703,-0.097253,0.049932,0.107479,-0.007663,-0.02746,0.000373,-0.025418,0.051732,0.004911,-0.027458
-0.036856,0.164703,0.049932,0.107479,-0.007663,-0.02746,0.000373,-0.025418,0.051732,0.004911,-0.027458,-0.159971
-0.035782,0.164703,0.107479,-0.007663,-0.02746,0.000373,-0.025418,0.051732,0.004911,-0.027458,-0.159971,-0.133877
-0.03568,0.164703,-0.007663,-0.02746,0.000373,-0.025418,0.051732,0.004911,-0.027458,-0.159971,-0.133877,0.095294
-0.03625,0.164703,-0.02746,0.000373,-0.025418,0.051732,0.004911,-0.027458,-0.159971,-0.133877,0.095294,0.039146
-0.039572,0.164703,0.000373,-0.025418,0.051732,0.004911,-0.027458,-0.159971,-0.133877,0.095294,0.039146,-0.068806
-0.042362,0.164703,-0.025418,0.051732,0.004911,-0.027458,-0.159971,-0.133877,0.095294,0.039146,-0.068806,-0.127609
-0.040373,0.164703,0.051732,0.004911,-0.027458,-0.159971,-0.133877,0.095294,0.039146,-0.068806,-0.127609,-0.092617
-0.039556,0.164703,0.004911,-0.027458,-0.159971,-0.133877,0.095294,0.039146,-0.068806,-0.127609,-0.092617,0.029251
-0.04099,0.164703,-0.027458,-0.159971,-0.133877,0.095294,0.039146,-0.068806,-0.127609,-0.092617,0.029251,0.076573
-0.043653,0.164703,-0.159971,-0.133877,0.095294,0.039146,-0.068806,-0.127609,-0.092617,0.029251,0.076573,-0.031375
-0.04559,0.164703,-0.133877,0.095294,0.039146,-0.068806,-0.127609,-0.092617,0.029251,0.076573,-0.031375,-0.131878
-0.044977,0.164703,0.095294,0.039146,-0.068806,-0.127609,-0.092617,0.029251,0.076573,-0.031375,-0.131878,-0.017341
-0.043373,0.164703,0.039146,-0.068806,-0.127609,-0.092617,0.029251,0.076573,-0.031375,-0.131878,-0.017341,-0.044914
-0.044029,0.164703,-0.068806,-0.127609,-0.092617,0.029251,0.076573,-0.031375,-0.131878,-0.017341,-0.044914,0.013588
-0.04679,0.164703,-0.127609,-0.092617,0.029251,0.076573,-0.031375,-0.131878,-0.017341,-0.044914,0.013588,0.00386
-0.047153,0.164703,-0.092617,0.029251,0.076573,-0.031375,-0.131878,-0.017341,-0.044914,0.013588,0.00386,0.029948
-0.048097,0.164703,0.029251,0.076573,-0.031375,-0.131878,-0.017341,-0.044914,0.013588,0.00386,0.029948,0.013806
-0.047811,0.164703,0.076573,-0.031375,-0.131878,-0.017341,-0.044914,0.013588,0.00386,0.029948,0.013806,0.049537
-0.04773,0.164703,-0.031375,-0.131878,-0.017341,-0.044914,0.013588,0.00386,0.029948,0.013806,0.049537,0.01787
-0.047102,0.16626,-0.131878,-0.017341,-0.044914,0.013588,0.00386,0.029948,0.013806,0.049537,0.01787,0.028554
-0.046813,0.16626,-0.017341,-0.044914,0.013588,0.00386,0.029948,0.013806,0.049537,0.01787,0.028554,-0.077361
-0.045773,0.16626,-0.044914,0.013588,0.00386,0.029948,0.013806,0.049537,0.01787,0.028554,-0.077361,0.036887
-0.045398,0.16626,0.013588,0.00386,0.029948,0.013806,0.049537,0.01787,0.028554,-0.077361,0.036887,0.098658
-0.0448,0.16626,0.00386,0.029948,0.013806,0.049537,0.01787,0.028554,-0.077361,0.036887,0.098658,0.007166
-0.04642,0.16626,0.029948,0.013806,0.049537,0.01787,0.028554,-0.077361,0.036887,0.098658,0.007166,-0.020444
-0.045647,0.16626,0.013806,0.049537,0.01787,0.028554,-0.077361,0.036887,0.098658,0.007166,-0.020444,0.005717
-0.04358,0.16626,0.049537,0.01787,0.028554,-0.077361,0.036887,0.098658,0.007166,-0.020444,0.005717,-0.020385
-0.04343,0.16626,0.01787,0.028554,-0.077361,0.036887,0.098658,0.007166,-0.020444,0.005717,-0.020385,0.05385
-0.043858,0.16626,0.028554,-0.077361,0.036887,0.098658,0.007166,-0.020444,0.005717,-0.020385,0.05385,-0.061036
-0.043738,0.16626,-0.077361,0.036887,0.098658,0.007166,-0.020444,0.005717,-0.020385,0.05385,-0.061036,0.008215
-0.044165,0.166779,0.036887,0.098658,0.007166,-0.020444,0.005717,-0.020385,0.05385,-0.061036,0.008215,-0.123694
-0.043038,0.166779,0.098658,0.007166,-0.020444,0.005717,-0.020385,0.05385,-0.061036,0.008215,-0.123694,0.054525
-0.044315,0.166779,0.007166,-0.020444,0.005717,-0.020385,0.05385,-0.061036,0.008215,-0.123694,0.054525,0.100037
-0.044144,0.166779,-0.020444,0.005717,-0.020385,0.05385,-0.061036,0.008215,-0.123694,0.054525,0.100037,0.008539
-0.046733,0.166779,0.005717,-0.020385,0.05385,-0.061036,0.008215,-0.123694,0.054525,0.100037,0.008539,-0.013605
-0.04559,0.166779,-0.020385,0.05385,-0.061036,0.008215,-0.123694,0.054525,0.100037,0.008539,-0.013605,0.001617
-0.043495,0.166779,0.05385,-0.061036,0.008215,-0.123694,0.054525,0.100037,0.008539,-0.013605,0.001617,-0.019042
-0.043316,0.166779,-0.061036,0.008215,-0.123694,0.054525,0.100037,0.008539,-0.013605,0.001617,-0.019042,0.053869
-0.0436,0.166779,0.008215,-0.123694,0.054525,0.100037,0.008539,-0.013605,0.001617,-0.019042,0.053869,0.037363
-0.043567,0.166779,-0.123694,0.054525,0.100037,0.008539,-0.013605,0.001617,-0.019042,0.053869,0.037363,0.056632
-0.043965,0.166779,0.054525,0.100037,0.008539,-0.013605,0.001617,-0.019042,0.053869,0.037363,0.056632,-0.097482
-0.042838,0.166779,0.100037,0.008539,-0.013605,0.001617,-0.019042,0.053869,0.037363,0.056632,-0.097482,0.039874
-0.042056,0.166779,0.008539,-0.013605,0.001617,-0.019042,0.053869,0.037363,0.056632,-0.097482,0.039874,0.071929
-0.040875,0.166779,-0.013605,0.001617,-0.019042,0.053869,0.037363,0.056632,-0.097482,0.039874,0.071929,-0.136682
-0.042908,0.166779,0.001617,-0.019042,0.053869,0.037363,0.056632,-0.097482,0.039874,0.071929,-0.136682,-0.019071
-0.042076,0.166779,-0.019042,0.053869,0.037363,0.056632,-0.097482,0.039874,0.071929,-0.136682,-0.019071,0.026263
-0.040574,0.166779,0.053869,0.037363,0.056632,-0.097482,0.039874,0.071929,-0.136682,-0.019071,0.026263,-0.014963
-0.04343,0.166779,0.037363,0.056632,-0.097482,0.039874,0.071929,-0.136682,-0.019071,0.026263,-0.014963,0.055268
-0.043829,0.166779,0.056632,-0.097482,0.039874,0.071929,-0.136682,-0.019071,0.026263,-0.014963,0.055268,0.031937
-0.04328,0.166779,-0.097482,0.039874,0.071929,-0.136682,-0.019071,0.026263,-0.014963,0.055268,0.031937,0.052557
-0.043593,0.166779,0.039874,0.071929,-0.136682,-0.019071,0.026263,-0.014963,0.055268,0.031937,0.052557,-0.092044
-0.042437,0.166779,0.071929,-0.136682,-0.019071,0.026263,-0.014963,0.055268,0.031937,0.052557,-0.092044,-0.002694
-0.04177,0.166779,-0.136682,-0.019071,0.026263,-0.014963,0.055268,0.031937,0.052557,-0.092044,-0.002694,-0.034983
-0.040674,0.166779,-0.019071,0.026263,-0.014963,0.055268,0.031937,0.052557,-0.092044,-0.002694,-0.034983,-0.047377
-0.042593,0.166779,0.026263,-0.014963,0.055268,0.031937,0.052557,-0.092044,-0.002694,-0.034983,-0.047377,-0.053116
-0.042649,0.167419,-0.014963,0.055268,0.031937,0.052557,-0.092044,-0.002694,-0.034983,-0.047377,-0.053116,-0.051451
-0.04338,0.167419,0.055268,0.031937,0.052557,-0.092044,-0.002694,-0.034983,-0.047377,-0.053116,-0.051451,-0.067364
-0.044372,0.167419,0.031937,0.052557,-0.092044,-0.002694,-0.034983,-0.047377,-0.053116,-0.051451,-0.067364,-0.025948
-0.045485,0.167419,0.052557,-0.092044,-0.002694,-0.034983,-0.047377,-0.053116,-0.051451,-0.067364,-0.025948,-0.056228
-0.046562,0.167419,-0.092044,-0.002694,-0.034983,-0.047377,-0.053116,-0.051451,-0.067364,-0.025948,-0.056228,0.041356
-0.047976,0.167419,-0.002694,-0.034983,-0.047377,-0.053116,-0.051451,-0.067364,-0.025948,-0.056228,0.041356,-0.054989
-0.048521,0.167419,-0.034983,-0.047377,-0.053116,-0.051451,-0.067364,-0.025948,-0.056228,0.041356,-0.054989,0.032615
-0.049705,0.167419,-0.047377,-0.053116,-0.051451,-0.067364,-0.025948,-0.056228,0.041356,-0.054989,0.032615,0.095111
-0.048835,0.167419,-0.053116,-0.051451,-0.067364,-0.025948,-0.056228,0.041356,-0.054989,0.032615,0.095111,-0.116753
-0.049991,0.167419,-0.051451,-0.067364,-0.025948,-0.056228,0.041356,-0.054989,0.032615,0.095111,-0.116753,-0.001651
-0.049305,0.167419,-0.067364,-0.025948,-0.056228,0.041356,-0.054989,0.032615,0.095111,-0.116753,-0.001651,0.006858
-0.047305,0.167419,-0.025948,-0.056228,0.041356,-0.054989,0.032615,0.095111,-0.116753,-0.001651,0.006858,0.005758
-0.049761,0.166656,-0.056228,0.041356,-0.054989,0.032615,0.095111,-0.116753,-0.001651,0.006858,0.005758,0.070828
-0.049796,0.166656,0.041356,-0.054989,0.032615,0.095111,-0.116753,-0.001651,0.006858,0.005758,0.070828,0.029767
-0.049652,0.166656,-0.054989,0.032615,0.095111,-0.116753,-0.001651,0.006858,0.005758,0.070828,0.029767,0.040443
-0.049531,0.166656,0.032615,0.095111,-0.116753,-0.001651,0.006858,0.005758,0.070828,0.029767,0.040443,-0.091803
-0.048041,0.166656,0.095111,-0.116753,-0.001651,0.006858,0.005758,0.070828,0.029767,0.040443,-0.091803,0.013809
-0.047415,0.166656,-0.116753,-0.001651,0.006858,0.005758,0.070828,0.029767,0.040443,-0.091803,0.013809,-0.035306
-0.046566,0.166656,-0.001651,0.006858,0.005758,0.070828,0.029767,0.040443,-0.091803,0.013809,-0.035306,0.014863
-0.048492,0.166656,0.006858,0.005758,0.070828,0.029767,0.040443,-0.091803,0.013809,-0.035306,0.014863,0.003798
-0.048202,0.166656,0.005758,0.070828,0.029767,0.040443,-0.091803,0.013809,-0.035306,0.014863,0.003798,0.002856
-0.048945,0.166656,0.070828,0.029767,0.040443,-0.091803,0.013809,-0.035306,0.014863,0.003798,0.002856,-0.041368
-0.048632,0.166656,0.029767,0.040443,-0.091803,0.013809,-0.035306,0.014863,0.003798,0.002856,-0.041368,-0.067124
-0.048552,0.166656,0.040443,-0.091803,0.013809,-0.035306,0.014863,0.003798,0.002856,-0.041368,-0.067124,0.029388
-0.048492,0.166656,-0.091803,0.013809,-0.035306,0.014863,0.003798,0.002856,-0.041368,-0.067124,0.029388,0.060093
-0.049361,0.166656,0.013809,-0.035306,0.014863,0.003798,0.002856,-0.041368,-0.067124,0.029388,0.060093,-0.071074
-0.050776,0.166656,-0.035306,0.014863,0.003798,0.002856,-0.041368,-0.067124,0.029388,0.060093,-0.071074,0.036622
-0.050156,0.166656,0.014863,0.003798,0.002856,-0.041368,-0.067124,0.029388,0.060093,-0.071074,0.036622,0.119298
-0.048892,0.166656,0.003798,0.002856,-0.041368,-0.067124,0.029388,0.060093,-0.071074,0.036622,0.119298,0.001526
-0.050386,0.166656,0.002856,-0.041368,-0.067124,0.029388,0.060093,-0.071074,0.036622,0.119298,0.001526,-0.023134
-0.049616,0.166656,-0.041368,-0.067124,0.029388,0.060093,-0.071074,0.036622,0.119298,0.001526,-0.023134,0.002878
-0.047107,0.166656,-0.067124,0.029388,0.060093,-0.071074,0.036622,0.119298,0.001526,-0.023134,0.002878,-0.009167
-0.047075,0.166656,0.029388,0.060093,-0.071074,0.036622,0.119298,0.001526,-0.023134,0.002878,-0.009167,0.080572
-0.04756,0.166656,0.060093,-0.071074,0.036622,0.119298,0.001526,-0.023134,0.002878,-0.009167,0.080572,-0.049812
-0.0475,0.166656,-0.071074,0.036622,0.119298,0.001526,-0.023134,0.002878,-0.009167,0.080572,-0.049812,0.002563
-0.047692,0.166656,0.036622,0.119298,0.001526,-0.023134,0.002878,-0.009167,0.080572,-0.049812,0.002563,-0.136078
-0.046,0.167969,0.119298,0.001526,-0.023134,0.002878,-0.009167,0.080572,-0.049812,0.002563,-0.136078,0.043383
-0.047046,0.167969,0.001526,-0.023134,0.002878,-0.009167,0.080572,-0.049812,0.002563,-0.136078,0.043383,0.103287
-0.046992,0.167969,-0.023134,0.002878,-0.009167,0.080572,-0.049812,0.002563,-0.136078,0.043383,0.103287,-0.002515
-0.04985,0.167969,0.002878,-0.009167,0.080572,-0.049812,0.002563,-0.136078,0.043383,0.103287,-0.002515,-0.027191
-0.048938,0.167969,-0.009167,0.080572,-0.049812,0.002563,-0.136078,0.043383,0.103287,-0.002515,-0.027191,0.017785
-0.046767,0.167969,0.080572,-0.049812,0.002563,-0.136078,0.043383,0.103287,-0.002515,-0.027191,0.017785,0.000268
-0.046819,0.167969,-0.049812,0.002563,-0.136078,0.043383,0.103287,-0.002515,-0.027191,0.017785,0.000268,0.042754
-0.04739,0.167969,0.002563,-0.136078,0.043383,0.103287,-0.002515,-0.027191,0.017785,0.000268,0.042754,0.03547
-0.047017,0.167969,-0.136078,0.043383,0.103287,-0.002515,-0.027191,0.017785,0.000268,0.042754,0.03547,0.049015
-0.047011,0.167969,0.043383,0.103287,-0.002515,-0.027191,0.017785,0.000268,0.042754,0.03547,0.049015,-0.089695
-0.046114,0.167969,0.103287,-0.002515,-0.027191,0.017785,0.000268,0.042754,0.03547,0.049015,-0.089695,0.02331
-0.04537,0.167969,-0.002515,-0.027191,0.017785,0.000268,0.042754,0.03547,0.049015,-0.089695,0.02331,0.100002
-0.044344,0.166779,-0.027191,0.017785,0.000268,0.042754,0.03547,0.049015,-0.089695,0.02331,0.100002,0.019454
-0.046221,0.166779,0.017785,0.000268,0.042754,0.03547,0.049015,-0.089695,0.02331,0.100002,0.019454,-0.028644
-0.045732,0.166779,0.000268,0.042754,0.03547,0.049015,-0.089695,0.02331,0.100002,0.019454,-0.028644,0.011194
-0.043637,0.166779,0.042754,0.03547,0.049015,-0.089695,0.02331,0.100002,0.019454,-0.028644,0.011194,-0.020408
-0.04323,0.166779,0.03547,0.049015,-0.089695,0.02331,0.100002,0.019454,-0.028644,0.011194,-0.020408,0.0607
-0.043829,0.166779,0.049015,-0.089695,0.02331,0.100002,0.019454,-0.028644,0.011194,-0.020408,0.0607,0.012706
-0.043595,0.166779,-0.089695,0.02331,0.100002,0.019454,-0.028644,0.011194,-0.020408,0.0607,0.012706,0.051012
-0.044022,0.166779,0.02331,0.100002,0.019454,-0.028644,0.011194,-0.020408,0.0607,0.012706,0.051012,-0.084981
-0.042752,0.166779,0.100002,0.019454,-0.028644,0.011194,-0.020408,0.0607,0.012706,0.051012,-0.084981,0.034361
-0.042486,0.166779,0.019454,-0.028644,0.011194,-0.020408,0.0607,0.012706,0.051012,-0.084981,0.034361,0.107668
-0.041421,0.166779,-0.028644,0.011194,-0.020408,0.0607,0.012706,0.051012,-0.084981,0.034361,0.107668,0.015682
-0.043194,0.166779,0.011194,-0.020408,0.0607,0.012706,0.051012,-0.084981,0.034361,0.107668,0.015682,-0.04669
-0.042477,0.166779,-0.020408,0.0607,0.012706,0.051012,-0.084981,0.034361,0.107668,0.015682,-0.04669,-0.005234
-0.040229,0.166779,0.0607,0.012706,0.051012,-0.084981,0.034361,0.107668,0.015682,-0.04669,-0.005234,0.001355
-0.039902,0.166779,0.012706,0.051012,-0.084981,0.034361,0.107668,0.015682,-0.04669,-0.005234,0.001355,0.047249
-0.040875,0.166779,0.051012,-0.084981,0.034361,0.107668,0.015682,-0.04669,-0.005234,0.001355,0.047249,0.028149
-0.040984,0.166779,-0.084981,0.034361,0.107668,0.015682,-0.04669,-0.005234,0.001355,0.047249,0.028149,0.033636
-0.040956,0.166779,0.034361,0.107668,0.015682,-0.04669,-0.005234,0.001355,0.047249,0.028149,0.033636,-0.082903
-0.03997,0.166779,0.107668,0.015682,-0.04669,-0.005234,0.001355,0.047249,0.028149,0.033636,-0.082903,0.027603
-0.039383,0.166779,0.015682,-0.04669,-0.005234,0.001355,0.047249,0.028149,0.033636,-0.082903,0.027603,0.097243
-0.038684,0.166779,-0.04669,-0.005234,0.001355,0.047249,0.028149,0.033636,-0.082903,0.027603,0.097243,-0.06733
-0.040408,0.166779,-0.005234,0.001355,0.047249,0.028149,0.033636,-0.082903,0.027603,0.097243,-0.06733,-0.064711
-0.039833,0.166779,0.001355,0.047249,0.028149,0.033636,-0.082903,0.027603,0.097243,-0.06733,-0.064711,-0.027338
-0.037809,0.166779,0.047249,0.028149,0.033636,-0.082903,0.027603,0.097243,-0.06733,-0.064711,-0.027338,0.012393
-0.039211,0.166779,0.028149,0.033636,-0.082903,0.027603,0.097243,-0.06733,-0.064711,-0.027338,0.012393,0.043115
-0.040558,0.167175,0.033636,-0.082903,0.027603,0.097243,-0.06733,-0.064711,-0.027338,0.012393,0.043115,0.030918
-0.041128,0.167175,-0.082903,0.027603,0.097243,-0.06733,-0.064711,-0.027338,0.012393,0.043115,0.030918,-0.017683
-0.04087,0.167175,0.027603,0.097243,-0.06733,-0.064711,-0.027338,0.012393,0.043115,0.030918,-0.017683,-0.169305
-0.03997,0.167175,0.097243,-0.06733,-0.064711,-0.027338,0.012393,0.043115,0.030918,-0.017683,-0.169305,-0.140323
-0.039326,0.167175,-0.06733,-0.064711,-0.027338,0.012393,0.043115,0.030918,-0.017683,-0.169305,-0.140323,0.048231
-0.039694,0.167175,-0.064711,-0.027338,0.012393,0.043115,0.030918,-0.017683,-0.169305,-0.140323,0.048231,-0.067494
-0.043223,0.167175,-0.027338,0.012393,0.043115,0.030918,-0.017683,-0.169305,-0.140323,0.048231,-0.067494,0.005308
-0.046159,0.167175,0.012393,0.043115,0.030918,-0.017683,-0.169305,-0.140323,0.048231,-0.067494,0.005308,-0.030997
-0.045148,0.167175,0.043115,0.030918,-0.017683,-0.169305,-0.140323,0.048231,-0.067494,0.005308,-0.030997,-0.083384
-0.046564,0.167175,0.030918,-0.017683,-0.169305,-0.140323,0.048231,-0.067494,0.005308,-0.030997,-0.083384,0.003686
-0.046452,0.167175,-0.017683,-0.169305,-0.140323,0.048231,-0.067494,0.005308,-0.030997,-0.083384,0.003686,-0.068234
-0.047102,0.167297,-0.169305,-0.140323,0.048231,-0.067494,0.005308,-0.030997,-0.083384,0.003686,-0.068234,0.039918
-0.048853,0.167297,-0.140323,0.048231,-0.067494,0.005308,-0.030997,-0.083384,0.003686,-0.068234,0.039918,-0.052227
-0.048775,0.167297,0.048231,-0.067494,0.005308,-0.030997,-0.083384,0.003686,-0.068234,0.039918,-0.052227,0.043328
-0.050212,0.167297,-0.067494,0.005308,-0.030997,-0.083384,0.003686,-0.068234,0.039918,-0.052227,0.043328,0.119321
-0.049372,0.167297,0.005308,-0.030997,-0.083384,0.003686,-0.068234,0.039918,-0.052227,0.043328,0.119321,-0.072562
-0.050471,0.167297,-0.030997,-0.083384,0.003686,-0.068234,0.039918,-0.052227,0.043328,0.119321,-0.072562,-0.099575
-0.049559,0.167297,-0.083384,0.003686,-0.068234,0.039918,-0.052227,0.043328,0.119321,-0.072562,-0.099575,-0.033332
-0.04705,0.167297,0.003686,-0.068234,0.039918,-0.052227,0.043328,0.119321,-0.072562,-0.099575,-0.033332,0.00715
-0.048576,0.167297,-0.068234,0.039918,-0.052227,0.043328,0.119321,-0.072562,-0.099575,-0.033332,0.00715,0.055866
-0.050671,0.167297,0.039918,-0.052227,0.043328,0.119321,-0.072562,-0.099575,-0.033332,0.00715,0.055866,0.048268
-0.051373,0.167297,-0.052227,0.043328,0.119321,-0.072562,-0.099575,-0.033332,0.00715,0.055866,0.048268,0.049575
-0.051222,0.167297,0.043328,0.119321,-0.072562,-0.099575,-0.033332,0.00715,0.055866,0.048268,0.049575,-0.09008
-0.050044,0.167297,0.119321,-0.072562,-0.099575,-0.033332,0.00715,0.055866,0.048268,0.049575,-0.09008,0.03397
-0.049028,0.167297,-0.072562,-0.099575,-0.033332,0.00715,0.055866,0.048268,0.049575,-0.09008,0.03397,0.0884
-0.047986,0.167297,-0.099575,-0.033332,0.00715,0.055866,0.048268,0.049575,-0.09008,0.03397,0.0884,0.019061
-0.049878,0.167297,-0.033332,0.00715,0.055866,0.048268,0.049575,-0.09008,0.03397,0.0884,0.019061,-0.016373
-0.049164,0.167297,0.00715,0.055866,0.048268,0.049575,-0.09008,0.03397,0.0884,0.019061,-0.016373,-0.051197
-0.047305,0.167297,0.055866,0.048268,0.049575,-0.09008,0.03397,0.0884,0.019061,-0.016373,-0.051197,-0.093719
-0.046904,0.167297,0.048268,0.049575,-0.09008,0.03397,0.0884,0.019061,-0.016373,-0.051197,-0.093719,0.019815
-0.047248,0.167297,0.049575,-0.09008,0.03397,0.0884,0.019061,-0.016373,-0.051197,-0.093719,0.019815,-0.016006
-0.048322,0.167297,-0.09008,0.03397,0.0884,0.019061,-0.016373,-0.051197,-0.093719,0.019815,-0.016006,0.009049
-0.050293,0.167297,0.03397,0.0884,0.019061,-0.016373,-0.051197,-0.093719,0.019815,-0.016006,0.009049,-0.133508
-0.049875,0.167297,0.0884,0.019061,-0.016373,-0.051197,-0.093719,0.019815,-0.016006,0.009049,-0.133508,-0.088217
-0.050212,0.167297,0.019061,-0.016373,-0.051197,-0.093719,0.019815,-0.016006,0.009049,-0.133508,-0.088217,0.075359
-0.050022,0.167297,-0.016373,-0.051197,-0.093719,0.019815,-0.016006,0.009049,-0.133508,-0.088217,0.075359,0.041011
-0.052834,0.168091,-0.051197,-0.093719,0.019815,-0.016006,0.009049,-0.133508,-0.088217,0.075359,0.041011,-0.005781
-0.054698,0.168091,-0.093719,0.019815,-0.016006,0.009049,-0.133508,-0.088217,0.075359,0.041011,-0.005781,0.002756
-0.053104,0.168091,0.019815,-0.016006,0.009049,-0.133508,-0.088217,0.075359,0.041011,-0.005781,0.002756,0.00318
-0.052237,0.168091,-0.016006,0.009049,-0.133508,-0.088217,0.075359,0.041011,-0.005781,0.002756,0.00318,0.070429
-0.052359,0.168091,0.009049,-0.133508,-0.088217,0.075359,0.041011,-0.005781,0.002756,0.00318,0.070429,0.025378
-0.052301,0.168091,-0.133508,-0.088217,0.075359,0.041011,-0.005781,0.002756,0.00318,0.070429,0.025378,0.037229
-0.052234,0.168091,-0.088217,0.075359,0.041011,-0.005781,0.002756,0.00318,0.070429,0.025378,0.037229,-0.080337
-0.050748,0.168091,0.075359,0.041011,-0.005781,0.002756,0.00318,0.070429,0.025378,0.037229,-0.080337,0.032561
-0.050212,0.168091,0.041011,-0.005781,0.002756,0.00318,0.070429,0.025378,0.037229,-0.080337,0.032561,0.108295
-0.049429,0.168091,-0.005781,0.002756,0.00318,0.070429,0.025378,0.037229,-0.080337,0.032561,0.108295,-0.0066
-0.051119,0.168091,0.002756,0.00318,0.070429,0.025378,0.037229,-0.080337,0.032561,0.108295,-0.0066,-0.008307
-0.050434,0.16861,0.00318,0.070429,0.025378,0.037229,-0.080337,0.032561,0.108295,-0.0066,-0.008307,-0.002542
-0.048154,0.16861,0.070429,0.025378,0.037229,-0.080337,0.032561,0.108295,-0.0066,-0.008307,-0.002542,-0.001007
-0.048293,0.16861,0.025378,0.037229,-0.080337,0.032561,0.108295,-0.0066,-0.008307,-0.002542,-0.001007,0.050749
-0.048467,0.16861,0.037229,-0.080337,0.032561,0.108295,-0.0066,-0.008307,-0.002542,-0.001007,0.050749,0.016346
-0.048521,0.16861,-0.080337,0.032561,0.108295,-0.0066,-0.008307,-0.002542,-0.001007,0.050749,0.016346,0.039135
-0.048542,0.16861,0.032561,0.108295,-0.0066,-0.008307,-0.002542,-0.001007,0.050749,0.016346,0.039135,-0.083776
-0.047475,0.16861,0.108295,-0.0066,-0.008307,-0.002542,-0.001007,0.050749,0.016346,0.039135,-0.083776,0.035431
-0.047131,0.16861,-0.0066,-0.008307,-0.002542,-0.001007,0.050749,0.016346,0.039135,-0.083776,0.035431,0.103691
-0.04631,0.16861,-0.008307,-0.002542,-0.001007,0.050749,0.016346,0.039135,-0.083776,0.035431,0.103691,0.015214
-0.048067,0.16861,-0.002542,-0.001007,0.050749,0.016346,0.039135,-0.083776,0.035431,0.103691,0.015214,-0.012266
-0.047323,0.16861,-0.001007,0.050749,0.016346,0.039135,-0.083776,0.035431,0.103691,0.015214,-0.012266,0.001575
-0.045148,0.16861,0.050749,0.016346,0.039135,-0.083776,0.035431,0.103691,0.015214,-0.012266,0.001575,-0.06233
-0.044829,0.16861,0.016346,0.039135,-0.083776,0.035431,0.103691,0.015214,-0.012266,0.001575,-0.06233,-0.055874
-0.045086,0.16861,0.039135,-0.083776,0.035431,0.103691,0.015214,-0.012266,0.001575,-0.06233,-0.055874,0.010943
-0.045053,0.16861,-0.083776,0.035431,0.103691,0.015214,-0.012266,0.001575,-0.06233,-0.055874,0.010943,0.071681
-0.046358,0.16861,0.035431,0.103691,0.015214,-0.012266,0.001575,-0.06233,-0.055874,0.010943,0.071681,-0.086606
-0.047531,0.16861,0.103691,0.015214,-0.012266,0.001575,-0.06233,-0.055874,0.010943,0.071681,-0.086606,0.036806
-0.047301,0.16861,0.015214,-0.012266,0.001575,-0.06233,-0.055874,0.010943,0.071681,-0.086606,0.036806,0.111976
-0.045798,0.16861,-0.012266,0.001575,-0.06233,-0.055874,0.010943,0.071681,-0.086606,0.036806,0.111976,0.000299
-0.047613,0.16861,0.001575,-0.06233,-0.055874,0.010943,0.071681,-0.086606,0.036806,0.111976,0.000299,-0.038142
-0.046841,0.16861,-0.06233,-0.055874,0.010943,0.071681,-0.086606,0.036806,0.111976,0.000299,-0.038142,0.001575
-0.044493,0.16861,-0.055874,0.010943,0.071681,-0.086606,0.036806,0.111976,0.000299,-0.038142,0.001575,0.00699
-0.044487,0.16861,0.010943,0.071681,-0.086606,0.036806,0.111976,0.000299,-0.038142,0.001575,0.00699,0.07148
-0.045285,0.16861,0.071681,-0.086606,0.036806,0.111976,0.000299,-0.038142,0.001575,0.00699,0.07148,0.022196
-0.045252,0.16861,-0.086606,0.036806,0.111976,0.000299,-0.038142,0.001575,0.00699,0.07148,0.022196,0.039876
-0.045106,0.165222,0.036806,0.111976,0.000299,-0.038142,0.001575,0.00699,0.07148,0.022196,0.039876,-0.090236
-0.043609,0.165222,0.111976,0.000299,-0.038142,0.001575,0.00699,0.07148,0.022196,0.039876,-0.090236,0.027463
-0.043144,0.165222,0.000299,-0.038142,0.001575,0.00699,0.07148,0.022196,0.039876,-0.090236,0.027463,0.096389
-0.042311,0.165222,-0.038142,0.001575,0.00699,0.07148,0.022196,0.039876,-0.090236,0.027463,0.096389,-0.000935
-0.044196,0.165222,0.001575,0.00699,0.07148,0.022196,0.039876,-0.090236,0.027463,0.096389,-0.000935,-0.020448
-0.043622,0.165222,0.00699,0.07148,0.022196,0.039876,-0.090236,0.027463,0.096389,-0.000935,-0.020448,-0.051944
-0.041607,0.165222,0.07148,0.022196,0.039876,-0.090236,0.027463,0.096389,-0.000935,-0.020448,-0.051944,-0.119999
-0.041626,0.165222,0.022196,0.039876,-0.090236,0.027463,0.096389,-0.000935,-0.020448,-0.051944,-0.119999,-0.096501
-0.042053,0.165222,0.039876,-0.090236,0.027463,0.096389,-0.000935,-0.020448,-0.051944,-0.119999,-0.096501,0.041979
-0.043137,0.165222,-0.090236,0.027463,0.096389,-0.000935,-0.020448,-0.051944,-0.119999,-0.096501,0.041979,0.065026
-0.045647,0.165222,0.027463,0.096389,-0.000935,-0.020448,-0.051944,-0.119999,-0.096501,0.041979,0.065026,-0.086702
-0.047673,0.163788,0.096389,-0.000935,-0.020448,-0.051944,-0.119999,-0.096501,0.041979,0.065026,-0.086702,0.031413
-0.046791,0.163788,-0.000935,-0.020448,-0.051944,-0.119999,-0.096501,0.041979,0.065026,-0.086702,0.031413,0.098437
-0.045428,0.163788,-0.020448,-0.051944,-0.119999,-0.096501,0.041979,0.065026,-0.086702,0.031413,0.098437,-0.052687
-0.047244,0.163788,-0.051944,-0.119999,-0.096501,0.041979,0.065026,-0.086702,0.031413,0.098437,-0.052687,-0.078704
-0.046585,0.163788,-0.119999,-0.096501,0.041979,0.065026,-0.086702,0.031413,0.098437,-0.052687,-0.078704,-0.022818
-0.044521,0.163788,-0.096501,0.041979,0.065026,-0.086702,0.031413,0.098437,-0.052687,-0.078704,-0.022818,0.011105
-0.045626,0.163788,0.041979,0.065026,-0.086702,0.031413,0.098437,-0.052687,-0.078704,-0.022818,0.011105,0.052183
-0.047276,0.163788,0.065026,-0.086702,0.031413,0.098437,-0.052687,-0.078704,-0.022818,0.011105,0.052183,-0.045716
-0.047755,0.163788,-0.086702,0.031413,0.098437,-0.052687,-0.078704,-0.022818,0.011105,0.052183,-0.045716,-0.010977
-0.047522,0.163788,0.031413,0.098437,-0.052687,-0.078704,-0.022818,0.011105,0.052183,-0.045716,-0.010977,-0.11033
-0.046426,0.163788,0.098437,-0.052687,-0.078704,-0.022818,0.011105,0.052183,-0.045716,-0.010977,-0.11033,0.037998
-0.047386,0.163788,-0.052687,-0.078704,-0.022818,0.011105,0.052183,-0.045716,-0.010977,-0.11033,0.037998,0.099193
-0.047617,0.163788,-0.078704,-0.022818,0.011105,0.052183,-0.045716,-0.010977,-0.11033,0.037998,0.099193,0.021791
-0.049934,0.163788,-0.022818,0.011105,0.052183,-0.045716,-0.010977,-0.11033,0.037998,0.099193,0.021791,-0.017724
-0.049135,0.163788,0.011105,0.052183,-0.045716,-0.010977,-0.11033,0.037998,0.099193,0.021791,-0.017724,0.001541
-0.04705,0.163788,0.052183,-0.045716,-0.010977,-0.11033,0.037998,0.099193,0.021791,-0.017724,0.001541,-0.024087
-0.046592,0.163788,-0.045716,-0.010977,-0.11033,0.037998,0.099193,0.021791,-0.017724,0.001541,-0.024087,0.049493
-0.046964,0.163788,-0.010977,-0.11033,0.037998,0.099193,0.021791,-0.017724,0.001541,-0.024087,0.049493,0.030001
-0.046932,0.163788,-0.11033,0.037998,0.099193,0.021791,-0.017724,0.001541,-0.024087,0.049493,0.030001,0.048928
-0.047437,0.163788,0.037998,0.099193,0.021791,-0.017724,0.001541,-0.024087,0.049493,0.030001,0.048928,-0.089595
-0.046398,0.163788,0.099193,0.021791,-0.017724,0.001541,-0.024087,0.049493,0.030001,0.048928,-0.089595,0.030089
-0.045768,0.163788,0.021791,-0.017724,0.001541,-0.024087,0.049493,0.030001,0.048928,-0.089595,0.030089,0.09313
-0.044743,0.163788,-0.017724,0.001541,-0.024087,0.049493,0.030001,0.048928,-0.089595,0.030089,0.09313,0.003047
-0.046619,0.163788,0.001541,-0.024087,0.049493,0.030001,0.048928,-0.089595,0.030089,0.09313,0.003047,-0.028626
-0.045989,0.163269,-0.024087,0.049493,0.030001,0.048928,-0.089595,0.030089,0.09313,0.003047,-0.028626,-0.00933
-0.044037,0.163269,0.049493,0.030001,0.048928,-0.089595,0.030089,0.09313,0.003047,-0.028626,-0.00933,-0.018909
-0.043973,0.163269,0.030001,0.048928,-0.089595,0.030089,0.09313,0.003047,-0.028626,-0.00933,-0.018909,0.059205
-0.044572,0.163269,0.048928,-0.089595,0.030089,0.09313,0.003047,-0.028626,-0.00933,-0.018909,0.059205,0.019424
-0.044767,0.163269,-0.089595,0.030089,0.09313,0.003047,-0.028626,-0.00933,-0.018909,0.059205,0.019424,0.03981
-0.045163,0.163269,0.030089,0.09313,0.003047,-0.028626,-0.00933,-0.018909,0.059205,0.019424,0.03981,-0.117424
-0.043923,0.163269,0.09313,0.003047,-0.028626,-0.00933,-0.018909,0.059205,0.019424,0.03981,-0.117424,0.026067
-0.043516,0.163269,0.003047,-0.028626,-0.00933,-0.018909,0.059205,0.019424,0.03981,-0.117424,0.026067,0.092063
-0.042684,0.163269,-0.028626,-0.00933,-0.018909,0.059205,0.019424,0.03981,-0.117424,0.026067,0.092063,0.008601
-0.045138,0.163269,-0.00933,-0.018909,0.059205,0.019424,0.03981,-0.117424,0.026067,0.092063,0.008601,-0.07929
-0.044593,0.163269,-0.018909,0.059205,0.019424,0.03981,-0.117424,0.026067,0.092063,0.008601,-0.07929,-0.074791
-0.042666,0.163269,0.059205,0.019424,0.03981,-0.117424,0.026067,0.092063,0.008601,-0.07929,-0.074791,-0.025594
-0.042486,0.162079,0.019424,0.03981,-0.117424,0.026067,0.092063,0.008601,-0.07929,-0.074791,-0.025594,0.067239
-0.044144,0.162079,0.03981,-0.117424,0.026067,0.092063,0.008601,-0.07929,-0.074791,-0.025594,0.067239,0.024774
-0.045708,0.162079,-0.117424,0.026067,0.092063,0.008601,-0.07929,-0.074791,-0.025594,0.067239,0.024774,0.028715
-0.046244,0.162079,0.026067,0.092063,0.008601,-0.07929,-0.074791,-0.025594,0.067239,0.024774,0.028715,-0.092587
-0.044835,0.162079,0.092063,0.008601,-0.07929,-0.074791,-0.025594,0.067239,0.024774,0.028715,-0.092587,0.031492
-0.044315,0.162079,0.008601,-0.07929,-0.074791,-0.025594,0.067239,0.024774,0.028715,-0.092587,0.031492,0.096079
-0.043715,0.162079,-0.07929,-0.074791,-0.025594,0.067239,0.024774,0.028715,-0.092587,0.031492,0.096079,0.001739
-0.045651,0.162079,-0.074791,-0.025594,0.067239,0.024774,0.028715,-0.092587,0.031492,0.096079,0.001739,-0.027286
-0.044992,0.162079,-0.025594,0.067239,0.024774,0.028715,-0.092587,0.031492,0.096079,0.001739,-0.027286,0.022183
-0.042981,0.162079,0.067239,0.024774,0.028715,-0.092587,0.031492,0.096079,0.001739,-0.027286,0.022183,-0.021837
-0.042944,0.162079,0.024774,0.028715,-0.092587,0.031492,0.096079,0.001739,-0.027286,0.022183,-0.021837,0.026552
-0.043514,0.162079,0.028715,-0.092587,0.031492,0.096079,0.001739,-0.027286,0.022183,-0.021837,0.026552,0.016794
-0.043051,0.162079,-0.092587,0.031492,0.096079,0.001739,-0.027286,0.022183,-0.021837,0.026552,0.016794,-0.027296
-0.043507,0.162079,0.031492,0.096079,0.001739,-0.027286,0.022183,-0.021837,0.026552,0.016794,-0.027296,-0.136294
-0.042952,0.162079,0.096079,0.001739,-0.027286,0.022183,-0.021837,0.026552,0.016794,-0.027296,-0.136294,-0.035041
-0.042601,0.162079,0.001739,-0.027286,0.022183,-0.021837,0.026552,0.016794,-0.027296,-0.136294,-0.035041,0.0821
-0.043171,0.162079,-0.027286,0.022183,-0.021837,0.026552,0.016794,-0.027296,-0.136294,-0.035041,0.0821,-0.095894
-0.046021,0.162079,0.022183,-0.021837,0.026552,0.016794,-0.027296,-0.136294,-0.035041,0.0821,-0.095894,-0.167038
-0.046756,0.162079,-0.021837,0.026552,0.016794,-0.027296,-0.136294,-0.035041,0.0821,-0.095894,-0.167038,-0.120002
-0.045034,0.162079,0.026552,0.016794,-0.027296,-0.136294,-0.035041,0.0821,-0.095894,-0.167038,-0.120002,-0.070971
-0.047046,0.162079,0.016794,-0.027296,-0.136294,-0.035041,0.0821,-0.095894,-0.167038,-0.120002,-0.070971,0.026468
-0.050558,0.162079,-0.027296,-0.136294,-0.035041,0.0821,-0.095894,-0.167038,-0.120002,-0.070971,0.026468,0.026291
-0.053087,0.162079,-0.136294,-0.035041,0.0821,-0.095894,-0.167038,-0.120002,-0.070971,0.026468,0.026291,0.05394
-0.054586,0.162079,-0.035041,0.0821,-0.095894,-0.167038,-0.120002,-0.070971,0.026468,0.026291,0.05394,-0.054443
-0.054026,0.162231,0.0821,-0.095894,-0.167038,-0.120002,-0.070971,0.026468,0.026291,0.05394,-0.054443,0.007199
-0.05347,0.162231,-0.095894,-0.167038,-0.120002,-0.070971,0.026468,0.026291,0.05394,-0.054443,0.007199,-0.073889
-0.052331,0.162231,-0.167038,-0.120002,-0.070971,0.026468,0.026291,0.05394,-0.054443,0.007199,-0.073889,-0.008086
-0.053479,0.162231,-0.120002,-0.070971,0.026468,0.026291,0.05394,-0.054443,0.007199,-0.073889,-0.008086,-0.036206
-0.053327,0.162231,-0.070971,0.026468,0.026291,0.05394,-0.054443,0.007199,-0.073889,-0.008086,-0.036206,-0.026307
-0.054891,0.162231,0.026468,0.026291,0.05394,-0.054443,0.007199,-0.073889,-0.008086,-0.036206,-0.026307,-0.081835
-0.055062,0.162231,0.026291,0.05394,-0.054443,0.007199,-0.073889,-0.008086,-0.036206,-0.026307,-0.081835,-0.086673
-0.055829,0.162231,0.05394,-0.054443,0.007199,-0.073889,-0.008086,-0.036206,-0.026307,-0.081835,-0.086673,0.003474
-0.056385,0.162231,-0.054443,0.007199,-0.073889,-0.008086,-0.036206,-0.026307,-0.081835,-0.086673,0.003474,0.036823
-0.05812,0.162231,0.007199,-0.073889,-0.008086,-0.036206,-0.026307,-0.081835,-0.086673,0.003474,0.036823,-0.109165
-0.059964,0.162598,-0.073889,-0.008086,-0.036206,-0.026307,-0.081835,-0.086673,0.003474,0.036823,-0.109165,-0.127789
-0.05989,0.162598,-0.008086,-0.036206,-0.026307,-0.081835,-0.086673,0.003474,0.036823,-0.109165,-0.127789,0.085384
-0.059107,0.162598,-0.036206,-0.026307,-0.081835,-0.086673,0.003474,0.036823,-0.109165,-0.127789,0.085384,-0.013377
-0.061428,0.162598,-0.026307,-0.081835,-0.086673,0.003474,0.036823,-0.109165,-0.127789,0.085384,-0.013377,-0.029371
-0.064153,0.162598,-0.081835,-0.086673,0.003474,0.036823,-0.109165,-0.127789,0.085384,-0.013377,-0.029371,-0.016811
-0.062329,0.162598,-0.086673,0.003474,0.036823,-0.109165,-0.127789,0.085384,-0.013377,-0.029371,-0.016811,-0.064301
-0.062615,0.162598,0.003474,0.036823,-0.109165,-0.127789,0.085384,-0.013377,-0.029371,-0.016811,-0.064301,-0.096961
-0.063242,0.162598,0.036823,-0.109165,-0.127789,0.085384,-0.013377,-0.029371,-0.016811,-0.064301,-0.096961,-0.000728
-0.0636,0.162598,-0.109165,-0.127789,0.085384,-0.013377,-0.029371,-0.016811,-0.064301,-0.096961,-0.000728,0.026653
-0.064974,0.162598,-0.127789,0.085384,-0.013377,-0.029371,-0.016811,-0.064301,-0.096961,-0.000728,0.026653,-0.096624
-0.067052,0.162598,0.085384,-0.013377,-0.029371,-0.016811,-0.064301,-0.096961,-0.000728,0.026653,-0.096624,0.031609
-0.067067,0.162598,-0.013377,-0.029371,-0.016811,-0.064301,-0.096961,-0.000728,0.026653,-0.096624,0.031609,0.073215
-0.066496,0.162598,-0.029371,-0.016811,-0.064301,-0.096961,-0.000728,0.026653,-0.096624,0.031609,0.073215,-0.031137
-0.068567,0.162598,-0.016811,-0.064301,-0.096961,-0.000728,0.026653,-0.096624,0.031609,0.073215,-0.031137,-0.048221
-0.067889,0.162598,-0.064301,-0.096961,-0.000728,0.026653,-0.096624,0.031609,0.073215,-0.031137,-0.048221,-0.020432
-0.066318,0.162598,-0.096961,-0.000728,0.026653,-0.096624,0.031609,0.073215,-0.031137,-0.048221,-0.020432,-0.012655
-0.066986,0.162598,-0.000728,0.026653,-0.096624,0.031609,0.073215,-0.031137,-0.048221,-0.020432,-0.012655,0.025068
-0.06802,0.162598,0.026653,-0.096624,0.031609,0.073215,-0.031137,-0.048221,-0.020432,-0.012655,0.025068,-0.065002
-0.068458,0.162598,-0.096624,0.031609,0.073215,-0.031137,-0.048221,-0.020432,-0.012655,0.025068,-0.065002,-0.03039
-0.068729,0.162598,0.031609,0.073215,-0.031137,-0.048221,-0.020432,-0.012655,0.025068,-0.065002,-0.03039,-0.104276
-0.068191,0.162598,0.073215,-0.031137,-0.048221,-0.020432,-0.012655,0.025068,-0.065002,-0.03039,-0.104276,0.026394
-0.069589,0.162598,-0.031137,-0.048221,-0.020432,-0.012655,0.025068,-0.065002,-0.03039,-0.104276,0.026394,0.076332
-0.070242,0.162598,-0.048221,-0.020432,-0.012655,0.025068,-0.065002,-0.03039,-0.104276,0.026394,0.076332,-0.087115
-0.072486,0.164551,-0.020432,-0.012655,0.025068,-0.065002,-0.03039,-0.104276,0.026394,0.076332,-0.087115,-0.104888
-0.071917,0.164551,-0.012655,0.025068,-0.065002,-0.03039,-0.104276,0.026394,0.076332,-0.087115,-0.104888,-0.032513
-0.070272,0.164551,0.025068,-0.065002,-0.03039,-0.104276,0.026394,0.076332,-0.087115,-0.104888,-0.032513,-0.005893
-0.07215,0.164551,-0.065002,-0.03039,-0.104276,0.026394,0.076332,-0.087115,-0.104888,-0.032513,-0.005893,0.026258
-0.074413,0.164551,-0.03039,-0.104276,0.026394,0.076332,-0.087115,-0.104888,-0.032513,-0.005893,0.026258,0.016264
-0.075116,0.164551,-0.104276,0.026394,0.076332,-0.087115,-0.104888,-0.032513,-0.005893,0.026258,0.016264,0.021877
-0.075243,0.164551,0.026394,0.076332,-0.087115,-0.104888,-0.032513,-0.005893,0.026258,0.016264,0.021877,-0.09695
-0.074675,0.164551,0.076332,-0.087115,-0.104888,-0.032513,-0.005893,0.026258,0.016264,0.021877,-0.09695,0.001565
-0.074323,0.164551,-0.087115,-0.104888,-0.032513,-0.005893,0.026258,0.016264,0.021877,-0.09695,0.001565,0.074407
-0.073851,0.164551,-0.104888,-0.032513,-0.005893,0.026258,0.016264,0.021877,-0.09695,0.001565,0.074407,-0.017118
-0.075945,0.164551,-0.032513,-0.005893,0.026258,0.016264,0.021877,-0.09695,0.001565,0.074407,-0.017118,-0.0339
-0.075911,0.1651,-0.005893,0.026258,0.016264,0.021877,-0.09695,0.001565,0.074407,-0.017118,-0.0339,-0.005234
-0.074301,0.1651,0.026258,0.016264,0.021877,-0.09695,0.001565,0.074407,-0.017118,-0.0339,-0.005234,-0.019444
-0.074671,0.1651,0.016264,0.021877,-0.09695,0.001565,0.074407,-0.017118,-0.0339,-0.005234,-0.019444,0.021321
-0.075404,0.1651,0.021877,-0.09695,0.001565,0.074407,-0.017118,-0.0339,-0.005234,-0.019444,0.021321,-0.053993
-0.075517,0.1651,-0.09695,0.001565,0.074407,-0.017118,-0.0339,-0.005234,-0.019444,0.021321,-0.053993,-0.036257
-0.075937,0.1651,0.001565,0.074407,-0.017118,-0.0339,-0.005234,-0.019444,0.021321,-0.053993,-0.036257,-0.114198
-0.075476,0.1651,0.074407,-0.017118,-0.0339,-0.005234,-0.019444,0.021321,-0.053993,-0.036257,-0.114198,0.000513
-0.076646,0.1651,-0.017118,-0.0339,-0.005234,-0.019444,0.021321,-0.053993,-0.036257,-0.114198,0.000513,-0.063543
-0.077431,0.1651,-0.0339,-0.005234,-0.019444,0.021321,-0.053993,-0.036257,-0.114198,0.000513,-0.063543,-0.001326
-0.079908,0.1651,-0.005234,-0.019444,0.021321,-0.053993,-0.036257,-0.114198,0.000513,-0.063543,-0.001326,-0.004501
-0.079897,0.1651,-0.019444,0.021321,-0.053993,-0.036257,-0.114198,0.000513,-0.063543,-0.001326,-0.004501,-0.000378
-0.08128,0.1651,0.021321,-0.053993,-0.036257,-0.114198,0.000513,-0.063543,-0.001326,-0.004501,-0.000378,-0.022427
-0.081309,0.1651,-0.053993,-0.036257,-0.114198,0.000513,-0.063543,-0.001326,-0.004501,-0.000378,-0.022427,0.040689
-0.081407,0.1651,-0.036257,-0.114198,0.000513,-0.063543,-0.001326,-0.004501,-0.000378,-0.022427,0.040689,0.022924
-0.081415,0.1651,-0.114198,0.000513,-0.063543,-0.001326,-0.004501,-0.000378,-0.022427,0.040689,0.022924,0.006474
-0.081903,0.1651,0.000513,-0.063543,-0.001326,-0.004501,-0.000378,-0.022427,0.040689,0.022924,0.006474,-0.103485
-0.081017,0.1651,-0.063543,-0.001326,-0.004501,-0.000378,-0.022427,0.040689,0.022924,0.006474,-0.103485,-0.127945
-0.080517,0.1651,-0.001326,-0.004501,-0.000378,-0.022427,0.040689,0.022924,0.006474,-0.103485,-0.127945,0.078814
-0.080377,0.1651,-0.004501,-0.000378,-0.022427,0.040689,0.022924,0.006474,-0.103485,-0.127945,0.078814,0.011787
-0.082628,0.1651,-0.000378,-0.022427,0.040689,0.022924,0.006474,-0.103485,-0.127945,0.078814,0.011787,-0.014227
-0.08542,0.1651,-0.022427,0.040689,0.022924,0.006474,-0.103485,-0.127945,0.078814,0.011787,-0.014227,-0.070088
-0.083697,0.1651,0.040689,0.022924,0.006474,-0.103485,-0.127945,0.078814,0.011787,-0.014227,-0.070088,-0.091094
-0.083439,0.165985,0.022924,0.006474,-0.103485,-0.127945,0.078814,0.011787,-0.014227,-0.070088,-0.091094,-0.00118
-0.08375,0.165985,0.006474,-0.103485,-0.127945,0.078814,0.011787,-0.014227,-0.070088,-0.091094,-0.00118,0.038822
-0.085279,0.165985,-0.103485,-0.127945,0.078814,0.011787,-0.014227,-0.070088,-0.091094,-0.00118,0.038822,-0.041633
-0.087272,0.165985,-0.127945,0.078814,0.011787,-0.014227,-0.070088,-0.091094,-0.00118,0.038822,-0.041633,-0.12133
-0.087298,0.165985,0.078814,0.011787,-0.014227,-0.070088,-0.091094,-0.00118,0.038822,-0.041633,-0.12133,-0.007287
-0.086447,0.165985,0.011787,-0.014227,-0.070088,-0.091094,-0.00118,0.038822,-0.041633,-0.12133,-0.007287,0.072029
-0.087358,0.165985,-0.014227,-0.070088,-0.091094,-0.00118,0.038822,-0.041633,-0.12133,-0.007287,0.072029,-0.006335
-0.090019,0.165985,-0.070088,-0.091094,-0.00118,0.038822,-0.041633,-0.12133,-0.007287,0.072029,-0.006335,-0.033192
-0.090179,0.165985,-0.091094,-0.00118,0.038822,-0.041633,-0.12133,-0.007287,0.072029,-0.006335,-0.033192,-0.000493
-0.088596,0.165985,-0.00118,0.038822,-0.041633,-0.12133,-0.007287,0.072029,-0.006335,-0.033192,-0.000493,-0.012047
-0.088735,0.164825,0.038822,-0.041633,-0.12133,-0.007287,0.072029,-0.006335,-0.033192,-0.000493,-0.012047,0.023728
-0.089464,0.164825,-0.041633,-0.12133,-0.007287,0.072029,-0.006335,-0.033192,-0.000493,-0.012047,0.023728,0.025494
-0.089474,0.164825,-0.12133,-0.007287,0.072029,-0.006335,-0.033192,-0.000493,-0.012047,0.023728,0.025494,0.031907
-0.089739,0.164825,-0.007287,0.072029,-0.006335,-0.033192,-0.000493,-0.012047,0.023728,0.025494,0.031907,-0.10461
-0.089217,0.164825,0.072029,-0.006335,-0.033192,-0.000493,-0.012047,0.023728,0.025494,0.031907,-0.10461,-0.116273
-0.088657,0.164825,-0.006335,-0.033192,-0.000493,-0.012047,0.023728,0.025494,0.031907,-0.10461,-0.116273,0.070432
-0.087957,0.164825,-0.033192,-0.000493,-0.012047,0.023728,0.025494,0.031907,-0.10461,-0.116273,0.070432,0.002963
-0.090252,0.164825,-0.000493,-0.012047,0.023728,0.025494,0.031907,-0.10461,-0.116273,0.070432,0.002963,-0.023693
-0.09281,0.164825,-0.012047,0.023728,0.025494,0.031907,-0.10461,-0.116273,0.070432,0.002963,-0.023693,-0.000525
-0.091258,0.164825,0.023728,0.025494,0.031907,-0.10461,-0.116273,0.070432,0.002963,-0.023693,-0.000525,-0.002481
-0.091192,0.164825,0.025494,0.031907,-0.10461,-0.116273,0.070432,0.002963,-0.023693,-0.000525,-0.002481,0.019031
-0.091714,0.164825,0.031907,-0.10461,-0.116273,0.070432,0.002963,-0.023693,-0.000525,-0.002481,0.019031,0.021705
-0.091725,0.164825,-0.10461,-0.116273,0.070432,0.002963,-0.023693,-0.000525,-0.002481,0.019031,0.021705,0.006834
-0.09178,0.164825,-0.116273,0.070432,0.002963,-0.023693,-0.000525,-0.002481,0.019031,0.021705,0.006834,-0.061581
-0.091361,0.164825,0.070432,0.002963,-0.023693,-0.000525,-0.002481,0.019031,0.021705,0.006834,-0.061581,0.01744
-0.090883,0.164825,0.002963,-0.023693,-0.000525,-0.002481,0.019031,0.021705,0.006834,-0.061581,0.01744,0.077655
-0.090732,0.164825,-0.023693,-0.000525,-0.002481,0.019031,0.021705,0.006834,-0.061581,0.01744,0.077655,-0.012246
-0.092087,0.164825,-0.000525,-0.002481,0.019031,0.021705,0.006834,-0.061581,0.01744,0.077655,-0.012246,-0.01666
-0.091703,0.164825,-0.002481,0.019031,0.021705,0.006834,-0.061581,0.01744,0.077655,-0.012246,-0.01666,-0.001685
-0.089993,0.164825,0.019031,0.021705,0.006834,-0.061581,0.01744,0.077655,-0.012246,-0.01666,-0.001685,-0.024858
-0.090263,0.164825,0.021705,0.006834,-0.061581,0.01744,0.077655,-0.012246,-0.01666,-0.001685,-0.024858,0.015516
-0.090629,0.167572,0.006834,-0.061581,0.01744,0.077655,-0.012246,-0.01666,-0.001685,-0.024858,0.015516,0.03233
-0.090666,0.167572,-0.061581,0.01744,0.077655,-0.012246,-0.01666,-0.001685,-0.024858,0.015516,0.03233,0.008069
-0.091212,0.167572,0.01744,0.077655,-0.012246,-0.01666,-0.001685,-0.024858,0.015516,0.03233,0.008069,-0.106288
-0.090871,0.167572,0.077655,-0.012246,-0.01666,-0.001685,-0.024858,0.015516,0.03233,0.008069,-0.106288,-0.106109
-0.090159,0.167572,-0.012246,-0.01666,-0.001685,-0.024858,0.015516,0.03233,0.008069,-0.106288,-0.106109,0.082935
-0.089982,0.167572,-0.01666,-0.001685,-0.024858,0.015516,0.03233,0.008069,-0.106288,-0.106109,0.082935,0.019198
-0.092319,0.167572,-0.001685,-0.024858,0.015516,0.03233,0.008069,-0.106288,-0.106109,0.082935,0.019198,-0.011995
-0.094658,0.167572,-0.024858,0.015516,0.03233,0.008069,-0.106288,-0.106109,0.082935,0.019198,-0.011995,-0.014565
-0.092827,0.167572,0.015516,0.03233,0.008069,-0.106288,-0.106109,0.082935,0.019198,-0.011995,-0.014565,-0.008249
-0.092403,0.167572,0.03233,0.008069,-0.106288,-0.106109,0.082935,0.019198,-0.011995,-0.014565,-0.008249,0.01556
-0.092667,0.167816,0.008069,-0.106288,-0.106109,0.082935,0.019198,-0.011995,-0.014565,-0.008249,0.01556,0.020361
-0.092988,0.167816,-0.106288,-0.106109,0.082935,0.019198,-0.011995,-0.014565,-0.008249,0.01556,0.020361,0.007887
-0.09317,0.167816,-0.106109,0.082935,0.019198,-0.011995,-0.014565,-0.008249,0.01556,0.020361,0.007887,-0.057808
-0.092827,0.167816,0.082935,0.019198,-0.011995,-0.014565,-0.008249,0.01556,0.020361,0.007887,-0.057808,0.030258
-0.092377,0.167816,0.019198,-0.011995,-0.014565,-0.008249,0.01556,0.020361,0.007887,-0.057808,0.030258,0.071603
-0.092204,0.167816,-0.011995,-0.014565,-0.008249,0.01556,0.020361,0.007887,-0.057808,0.030258,0.071603,-0.001718
-0.093477,0.167816,-0.014565,-0.008249,0.01556,0.020361,0.007887,-0.057808,0.030258,0.071603,-0.001718,-0.03072
-0.09281,0.167816,-0.008249,0.01556,0.020361,0.007887,-0.057808,0.030258,0.071603,-0.001718,-0.03072,-0.005218
-0.091232,0.167816,0.01556,0.020361,0.007887,-0.057808,0.030258,0.071603,-0.001718,-0.03072,-0.005218,-0.012996
-0.09127,0.167816,0.020361,0.007887,-0.057808,0.030258,0.071603,-0.001718,-0.03072,-0.005218,-0.012996,-0.003119
-0.091946,0.167816,0.007887,-0.057808,0.030258,0.071603,-0.001718,-0.03072,-0.005218,-0.012996,-0.003119,0.053152
-0.092061,0.167816,-0.057808,0.030258,0.071603,-0.001718,-0.03072,-0.005218,-0.012996,-0.003119,0.053152,0.023257
-0.092347,0.167816,0.030258,0.071603,-0.001718,-0.03072,-0.005218,-0.012996,-0.003119,0.053152,0.023257,-0.077978
-0.092416,0.167816,0.071603,-0.001718,-0.03072,-0.005218,-0.012996,-0.003119,0.053152,0.023257,-0.077978,0.009246
-0.091244,0.167816,-0.001718,-0.03072,-0.005218,-0.012996,-0.003119,0.053152,0.023257,-0.077978,0.009246,0.072868
-0.090732,0.167816,-0.03072,-0.005218,-0.012996,-0.003119,0.053152,0.023257,-0.077978,0.009246,0.072868,-0.01342
-0.092447,0.167816,-0.005218,-0.012996,-0.003119,0.053152,0.023257,-0.077978,0.009246,0.072868,-0.01342,-0.017835
-0.092244,0.167816,-0.012996,-0.003119,0.053152,0.023257,-0.077978,0.009246,0.072868,-0.01342,-0.017835,-0.047426
-0.090639,0.167816,-0.003119,0.053152,0.023257,-0.077978,0.009246,0.072868,-0.01342,-0.017835,-0.047426,-0.095648
-0.090934,0.167816,0.053152,0.023257,-0.077978,0.009246,0.072868,-0.01342,-0.017835,-0.047426,-0.095648,-0.005261
-0.091327,0.167816,0.023257,-0.077978,0.009246,0.072868,-0.01342,-0.017835,-0.047426,-0.095648,-0.005261,0.060816
-0.09237,0.167816,-0.077978,0.009246,0.072868,-0.01342,-0.017835,-0.047426,-0.095648,-0.005261,0.060816,0.015981
-0.094479,0.170288,0.009246,0.072868,-0.01342,-0.017835,-0.047426,-0.095648,-0.005261,0.060816,0.015981,-0.098356
-0.094595,0.170288,0.072868,-0.01342,-0.017835,-0.047426,-0.095648,-0.005261,0.060816,0.015981,-0.098356,-0.11652
-0.093251,0.170288,-0.01342,-0.017835,-0.047426,-0.095648,-0.005261,0.060816,0.015981,-0.098356,-0.11652,0.073111
-0.092899,0.170288,-0.017835,-0.047426,-0.095648,-0.005261,0.060816,0.015981,-0.098356,-0.11652,0.073111,0.00617
-0.095068,0.170288,-0.047426,-0.095648,-0.005261,0.060816,0.015981,-0.098356,-0.11652,0.073111,0.00617,-0.0236
-0.097645,0.170288,-0.095648,-0.005261,0.060816,0.015981,-0.098356,-0.11652,0.073111,0.00617,-0.0236,0.020213
-0.096025,0.170288,-0.005261,0.060816,0.015981,-0.098356,-0.11652,0.073111,0.00617,-0.0236,0.020213,-0.006875
-0.095889,0.170288,0.060816,0.015981,-0.098356,-0.11652,0.073111,0.00617,-0.0236,0.020213,-0.006875,0.009851
-0.096411,0.170288,0.015981,-0.098356,-0.11652,0.073111,0.00617,-0.0236,0.020213,-0.006875,0.009851,0.016563
-0.095964,0.170288,-0.098356,-0.11652,0.073111,0.00617,-0.0236,0.020213,-0.006875,0.009851,0.016563,0.013411
-0.096116,0.170288,-0.11652,0.073111,0.00617,-0.0236,0.020213,-0.006875,0.009851,0.016563,0.013411,-0.082663
-0.095898,0.170288,0.073111,0.00617,-0.0236,0.020213,-0.006875,0.009851,0.016563,0.013411,-0.082663,-0.114514
-0.095531,0.170288,0.00617,-0.0236,0.020213,-0.006875,0.009851,0.016563,0.013411,-0.082663,-0.114514,0.073917
-0.095235,0.170288,-0.0236,0.020213,-0.006875,0.009851,0.016563,0.013411,-0.082663,-0.114514,0.073917,0.002607
-0.097062,0.170288,0.020213,-0.006875,0.009851,0.016563,0.013411,-0.082663,-0.114514,0.073917,0.002607,-0.001766
-0.099601,0.170288,-0.006875,0.009851,0.016563,0.013411,-0.082663,-0.114514,0.073917,0.002607,-0.001766,-0.014399
-0.097959,0.170288,0.009851,0.016563,0.013411,-0.082663,-0.114514,0.073917,0.002607,-0.001766,-0.014399,-0.009005
-0.097901,0.170288,0.016563,0.013411,-0.082663,-0.114514,0.073917,0.002607,-0.001766,-0.014399,-0.009005,0.003087
-0.09794,0.170288,0.013411,-0.082663,-0.114514,0.073917,0.002607,-0.001766,-0.014399,-0.009005,0.003087,0.036938
-0.098259,0.170288,-0.082663,-0.114514,0.073917,0.002607,-0.001766,-0.014399,-0.009005,0.003087,0.036938,0.021258
-0.098459,0.170288,-0.114514,0.073917,0.002607,-0.001766,-0.014399,-0.009005,0.003087,0.036938,0.021258,-0.063841
-0.09839,0.170288,0.073917,0.002607,-0.001766,-0.014399,-0.009005,0.003087,0.036938,0.021258,-0.063841,0.032287
-0.097571,0.170288,0.002607,-0.001766,-0.014399,-0.009005,0.003087,0.036938,0.021258,-0.063841,0.032287,0.066175
-0.0971,0.170288,-0.001766,-0.014399,-0.009005,0.003087,0.036938,0.021258,-0.063841,0.032287,0.066175,-0.005366
-0.098514,0.170288,-0.014399,-0.009005,0.003087,0.036938,0.021258,-0.063841,0.032287,0.066175,-0.005366,-0.085633
-0.097798,0.170288,-0.009005,0.003087,0.036938,0.021258,-0.063841,0.032287,0.066175,-0.005366,-0.085633,-0.08756
-0.096331,0.170288,0.003087,0.036938,0.021258,-0.063841,0.032287,0.066175,-0.005366,-0.085633,-0.08756,-0.025916
-0.09645,0.170288,0.036938,0.021258,-0.063841,0.032287,0.066175,-0.005366,-0.085633,-0.08756,-0.025916,0.02252
-0.098347,0.170288,0.021258,-0.063841,0.032287,0.066175,-0.005366,-0.085633,-0.08756,-0.025916,0.02252,0.054844
-0.10029,0.170288,-0.063841,0.032287,0.066175,-0.005366,-0.085633,-0.08756,-0.025916,0.02252,0.054844,0.009606
-0.100866,0.171356,0.032287,0.066175,-0.005366,-0.085633,-0.08756,-0.025916,0.02252,0.054844,0.009606,-0.058922
-0.100365,0.171356,0.066175,-0.005366,-0.085633,-0.08756,-0.025916,0.02252,0.054844,0.009606,-0.058922,0.013927
-0.099145,0.171356,-0.005366,-0.085633,-0.08756,-0.025916,0.02252,0.054844,0.009606,-0.058922,0.013927,0.073861
-0.098932,0.171356,-0.085633,-0.08756,-0.025916,0.02252,0.054844,0.009606,-0.058922,0.013927,0.073861,-0.019129
-0.100239,0.171356,-0.08756,-0.025916,0.02252,0.054844,0.009606,-0.058922,0.013927,0.073861,-0.019129,-0.001808
-0.09993,0.171356,-0.025916,0.02252,0.054844,0.009606,-0.058922,0.013927,0.073861,-0.019129,-0.001808,0.018875
-0.098289,0.171356,0.02252,0.054844,0.009606,-0.058922,0.013927,0.073861,-0.019129,-0.001808,0.018875,-0.003275
-0.098714,0.171356,0.054844,0.009606,-0.058922,0.013927,0.073861,-0.019129,-0.001808,0.018875,-0.003275,0.000799
-0.098754,0.171356,0.009606,-0.058922,0.013927,0.073861,-0.019129,-0.001808,0.018875,-0.003275,0.000799,0.04382
-0.098336,0.171356,-0.058922,0.013927,0.073861,-0.019129,-0.001808,0.018875,-0.003275,0.000799,0.04382,0.001708
-0.098408,0.17279,0.013927,0.073861,-0.019129,-0.001808,0.018875,-0.003275,0.000799,0.04382,0.001708,-0.0592
-0.09839,0.17279,0.073861,-0.019129,-0.001808,0.018875,-0.003275,0.000799,0.04382,0.001708,-0.0592,0.005905
-0.097418,0.17279,-0.019129,-0.001808,0.018875,-0.003275,0.000799,0.04382,0.001708,-0.0592,0.005905,0.082145
-0.09738,0.17279,-0.001808,0.018875,-0.003275,0.000799,0.04382,0.001708,-0.0592,0.005905,0.082145,0.000367
-0.098692,0.17279,0.018875,-0.003275,0.000799,0.04382,0.001708,-0.0592,0.005905,0.082145,0.000367,-0.01667
-0.098561,0.17279,-0.003275,0.000799,0.04382,0.001708,-0.0592,0.005905,0.082145,0.000367,-0.01667,0.008617
-0.096739,0.17279,0.000799,0.04382,0.001708,-0.0592,0.005905,0.082145,0.000367,-0.01667,0.008617,-0.014863
-0.096731,0.17279,0.04382,0.001708,-0.0592,0.005905,0.082145,0.000367,-0.01667,0.008617,-0.014863,0.015637
-0.0971,0.17279,0.001708,-0.0592,0.005905,0.082145,0.000367,-0.01667,0.008617,-0.014863,0.015637,0.036037
-0.096909,0.17279,-0.0592,0.005905,0.082145,0.000367,-0.01667,0.008617,-0.014863,0.015637,0.036037,0.023763
-0.097238,0.17279,0.005905,0.082145,0.000367,-0.01667,0.008617,-0.014863,0.015637,0.036037,0.023763,-0.062986
-0.096891,0.17279,0.082145,0.000367,-0.01667,0.008617,-0.014863,0.015637,0.036037,0.023763,-0.062986,0.038149
-0.096093,0.17279,0.000367,-0.01667,0.008617,-0.014863,0.015637,0.036037,0.023763,-0.062986,0.038149,0.043308
-0.095567,0.17279,-0.01667,0.008617,-0.014863,0.015637,0.036037,0.023763,-0.062986,0.038149,0.043308,-0.09171
-0.09696,0.17279,0.008617,-0.014863,0.015637,0.036037,0.023763,-0.062986,0.038149,0.043308,-0.09171,0.002877
-0.096116,0.17279,-0.014863,0.015637,0.036037,0.023763,-0.062986,0.038149,0.043308,-0.09171,0.002877,0.038634
-0.095158,0.17279,0.015637,0.036037,0.023763,-0.062986,0.038149,0.043308,-0.09171,0.002877,0.038634,0.020861
-0.097189,0.17279,0.036037,0.023763,-0.062986,0.038149,0.043308,-0.09171,0.002877,0.038634,0.020861,0.014452
-0.097125,0.17279,0.023763,-0.062986,0.038149,0.043308,-0.09171,0.002877,0.038634,0.020861,0.014452,0.068718
-0.096271,0.17279,-0.062986,0.038149,0.043308,-0.09171,0.002877,0.038634,0.020861,0.014452,0.068718,0.040379
-0.095809,0.17279,0.038149,0.043308,-0.09171,0.002877,0.038634,0.020861,0.014452,0.068718,0.040379,-0.089023
-0.09549,0.174225,0.043308,-0.09171,0.002877,0.038634,0.020861,0.014452,0.068718,0.040379,-0.089023,-0.106179
-0.09397,0.174225,-0.09171,0.002877,0.038634,0.020861,0.014452,0.068718,0.040379,-0.089023,-0.106179,0.098531
-0.093079,0.174225,0.002877,0.038634,0.020861,0.014452,0.068718,0.040379,-0.089023,-0.106179,0.098531,0.043272
-0.095043,0.174225,0.038634,0.020861,0.014452,0.068718,0.040379,-0.089023,-0.106179,0.098531,0.043272,0.000752
-0.097391,0.174225,0.020861,0.014452,0.068718,0.040379,-0.089023,-0.106179,0.098531,0.043272,0.000752,0.019228
-0.095209,0.174225,0.014452,0.068718,0.040379,-0.089023,-0.106179,0.098531,0.043272,0.000752,0.019228,0.01276
-0.094252,0.174225,0.068718,0.040379,-0.089023,-0.106179,0.098531,0.043272,0.000752,0.019228,0.01276,0.036503
-0.094235,0.174225,0.040379,-0.089023,-0.106179,0.098531,0.043272,0.000752,0.019228,0.01276,0.036503,0.060111
-0.093811,0.174225,-0.089023,-0.106179,0.098531,0.043272,0.000752,0.019228,0.01276,0.036503,0.060111,0.03734
-0.09353,0.174225,-0.106179,0.098531,0.043272,0.000752,0.019228,0.01276,0.036503,0.060111,0.03734,-0.056917
-0.092724,0.17514,0.098531,0.043272,0.000752,0.019228,0.01276,0.036503,0.060111,0.03734,-0.056917,0.058549
-0.091399,0.17514,0.043272,0.000752,0.019228,0.01276,0.036503,0.060111,0.03734,-0.056917,0.058549,0.090849
-0.090577,0.17514,0.000752,0.019228,0.01276,0.036503,0.060111,0.03734,-0.056917,0.058549,0.090849,0.006655
-0.091829,0.17514,0.019228,0.01276,0.036503,0.060111,0.03734,-0.056917,0.058549,0.090849,0.006655,-0.01428
-0.090541,0.17514,0.01276,0.036503,0.060111,0.03734,-0.056917,0.058549,0.090849,0.006655,-0.01428,0.02561
-0.088544,0.17514,0.036503,0.060111,0.03734,-0.056917,0.058549,0.090849,0.006655,-0.01428,0.02561,0.018671
