0.312519,0.2565,-0.160962,-0.145012,0.219635,-0.107366,-0.150793,0.084206,-0.063572,-0.14703,0.185325,-0.030467
0.311549,0.2565,-0.145012,0.219635,-0.107366,-0.150793,0.084206,-0.063572,-0.14703,0.185325,-0.030467,-0.028759
0.309303,0.2565,0.219635,-0.107366,-0.150793,0.084206,-0.063572,-0.14703,0.185325,-0.030467,-0.028759,0.063284
0.312131,0.2565,-0.107366,-0.150793,0.084206,-0.063572,-0.14703,0.185325,-0.030467,-0.028759,0.063284,0.301662
0.311667,0.2565,-0.150793,0.084206,-0.063572,-0.14703,0.185325,-0.030467,-0.028759,0.063284,0.301662,-0.128963
0.311228,0.2565,0.084206,-0.063572,-0.14703,0.185325,-0.030467,-0.028759,0.063284,0.301662,-0.128963,-0.168912
0.312194,0.2565,-0.063572,-0.14703,0.185325,-0.030467,-0.028759,0.063284,0.301662,-0.128963,-0.168912,0.126901
0.316788,0.2565,-0.14703,0.185325,-0.030467,-0.028759,0.063284,0.301662,-0.128963,-0.168912,0.126901,0.162876
0.314828,0.2565,0.185325,-0.030467,-0.028759,0.063284,0.301662,-0.128963,-0.168912,0.126901,0.162876,-0.134257
0.312259,0.2565,-0.030467,-0.028759,0.063284,0.301662,-0.128963,-0.168912,0.126901,0.162876,-0.134257,0.152307
0.31419,0.2565,-0.028759,0.063284,0.301662,-0.128963,-0.168912,0.126901,0.162876,-0.134257,0.152307,-0.052114
0.316668,0.2565,0.063284,0.301662,-0.128963,-0.168912,0.126901,0.162876,-0.134257,0.152307,-0.052114,-0.057833
0.314626,0.2565,0.301662,-0.128963,-0.168912,0.126901,0.162876,-0.134257,0.152307,-0.052114,-0.057833,-0.081954
0.31694,0.2565,-0.128963,-0.168912,0.126901,0.162876,-0.134257,0.152307,-0.052114,-0.057833,-0.081954,0.167434
0.316149,0.2565,-0.168912,0.126901,0.162876,-0.134257,0.152307,-0.052114,-0.057833,-0.081954,0.167434,-0.242386
0.315271,0.2565,0.126901,0.162876,-0.134257,0.152307,-0.052114,-0.057833,-0.081954,0.167434,-0.242386,-0.129434
0.314023,0.2565,0.162876,-0.134257,0.152307,-0.052114,-0.057833,-0.081954,0.167434,-0.242386,-0.129434,0.115985
0.316572,0.2565,-0.134257,0.152307,-0.052114,-0.057833,-0.081954,0.167434,-0.242386,-0.129434,0.115985,0.088089
0.312885,0.2565,0.152307,-0.052114,-0.057833,-0.081954,0.167434,-0.242386,-0.129434,0.115985,0.088089,0.067916
0.310914,0.2565,-0.052114,-0.057833,-0.081954,0.167434,-0.242386,-0.129434,0.115985,0.088089,0.067916,0.027624
0.312681,0.2565,-0.057833,-0.081954,0.167434,-0.242386,-0.129434,0.115985,0.088089,0.067916,0.027624,-0.140784
0.314023,0.2565,-0.081954,0.167434,-0.242386,-0.129434,0.115985,0.088089,0.067916,0.027624,-0.140784,-0.131416
0.315057,0.2565,0.167434,-0.242386,-0.129434,0.115985,0.088089,0.067916,0.027624,-0.140784,-0.131416,-0.126353
0.315477,0.2565,-0.242386,-0.129434,0.115985,0.088089,0.067916,0.027624,-0.140784,-0.131416,-0.126353,0.395277
0.313337,0.2565,-0.129434,0.115985,0.088089,0.067916,0.027624,-0.140784,-0.131416,-0.126353,0.395277,-0.157012
0.311336,0.2565,0.115985,0.088089,0.067916,0.027624,-0.140784,-0.131416,-0.126353,0.395277,-0.157012,-0.150641
0.309406,0.2565,0.088089,0.067916,0.027624,-0.140784,-0.131416,-0.126353,0.395277,-0.157012,-0.150641,0.123025
0.315436,0.2565,0.067916,0.027624,-0.140784,-0.131416,-0.126353,0.395277,-0.157012,-0.150641,0.123025,-0.186473
0.313047,0.2565,0.027624,-0.140784,-0.131416,-0.126353,0.395277,-0.157012,-0.150641,0.123025,-0.186473,0.035376
0.310752,0.2565,-0.140784,-0.131416,-0.126353,0.395277,-0.157012,-0.150641,0.123025,-0.186473,0.035376,0.05159
0.312627,0.2565,-0.131416,-0.126353,0.395277,-0.157012,-0.150641,0.123025,-0.186473,0.035376,0.05159,0.022506
0.309781,0.2565,-0.126353,0.395277,-0.157012,-0.150641,0.123025,-0.186473,0.035376,0.05159,0.022506,-0.042818
0.310321,0.2565,0.395277,-0.157012,-0.150641,0.123025,-0.186473,0.035376,0.05159,0.022506,-0.042818,0.024585
0.311108,0.2565,-0.157012,-0.150641,0.123025,-0.186473,0.035376,0.05159,0.022506,-0.042818,0.024585,0.332888
0.311451,0.2565,-0.150641,0.123025,-0.186473,0.035376,0.05159,0.022506,-0.042818,0.024585,0.332888,-0.135943
0.310798,0.2565,0.123025,-0.186473,0.035376,0.05159,0.022506,-0.042818,0.024585,0.332888,-0.135943,-0.196928
0.311174,0.255066,-0.186473,0.035376,0.05159,0.022506,-0.042818,0.024585,0.332888,-0.135943,-0.196928,0.137282
0.316247,0.255066,0.035376,0.05159,0.022506,-0.042818,0.024585,0.332888,-0.135943,-0.196928,0.137282,-0.035563
0.31418,0.255066,0.05159,0.022506,-0.042818,0.024585,0.332888,-0.135943,-0.196928,0.137282,-0.035563,0.014617
0.311182,0.255066,0.022506,-0.042818,0.024585,0.332888,-0.135943,-0.196928,0.137282,-0.035563,0.014617,-0.191514
0.313273,0.255066,-0.042818,0.024585,0.332888,-0.135943,-0.196928,0.137282,-0.035563,0.014617,-0.191514,0.078854
0.312731,0.255066,0.024585,0.332888,-0.135943,-0.196928,0.137282,-0.035563,0.014617,-0.191514,0.078854,-0.074448
0.312954,0.255066,0.332888,-0.135943,-0.196928,0.137282,-0.035563,0.014617,-0.191514,0.078854,-0.074448,0.03514
0.310034,0.255066,-0.135943,-0.196928,0.137282,-0.035563,0.014617,-0.191514,0.078854,-0.074448,0.03514,0.343112
0.311236,0.255066,-0.196928,0.137282,-0.035563,0.014617,-0.191514,0.078854,-0.074448,0.03514,0.343112,-0.160671
0.310101,0.255066,0.137282,-0.035563,0.014617,-0.191514,0.078854,-0.074448,0.03514,0.343112,-0.160671,-0.118985
0.310638,0.255066,-0.035563,0.014617,-0.191514,0.078854,-0.074448,0.03514,0.343112,-0.160671,-0.118985,0.109037
0.315868,0.255066,0.014617,-0.191514,0.078854,-0.074448,0.03514,0.343112,-0.160671,-0.118985,0.109037,-0.077849
0.313424,0.255066,-0.191514,0.078854,-0.074448,0.03514,0.343112,-0.160671,-0.118985,0.109037,-0.077849,0.053363
0.311613,0.255066,0.078854,-0.074448,0.03514,0.343112,-0.160671,-0.118985,0.109037,-0.077849,0.053363,-0.177436
0.313273,0.255066,-0.074448,0.03514,0.343112,-0.160671,-0.118985,0.109037,-0.077849,0.053363,-0.177436,0.100086
0.312086,0.255066,0.03514,0.343112,-0.160671,-0.118985,0.109037,-0.077849,0.053363,-0.177436,0.100086,-0.074561
0.3129,0.255066,0.343112,-0.160671,-0.118985,0.109037,-0.077849,0.053363,-0.177436,0.100086,-0.074561,-0.010514
0.310195,0.255066,-0.160671,-0.118985,0.109037,-0.077849,0.053363,-0.177436,0.100086,-0.074561,-0.010514,0.371357
0.31172,0.255066,-0.118985,0.109037,-0.077849,0.053363,-0.177436,0.100086,-0.074561,-0.010514,0.371357,-0.153641
0.310584,0.255066,0.109037,-0.077849,0.053363,-0.177436,0.100086,-0.074561,-0.010514,0.371357,-0.153641,-0.193212
0.310423,0.253632,-0.077849,0.053363,-0.177436,0.100086,-0.074561,-0.010514,0.371357,-0.153641,-0.193212,-0.119977
0.316084,0.253632,0.053363,-0.177436,0.100086,-0.074561,-0.010514,0.371357,-0.153641,-0.193212,-0.119977,0.165003
0.313748,0.253632,-0.177436,0.100086,-0.074561,-0.010514,0.371357,-0.153641,-0.193212,-0.119977,0.165003,-0.08393
0.310806,0.253632,0.100086,-0.074561,-0.010514,0.371357,-0.153641,-0.193212,-0.119977,0.165003,-0.08393,0.175179
0.308975,0.253632,-0.074561,-0.010514,0.371357,-0.153641,-0.193212,-0.119977,0.165003,-0.08393,0.175179,-0.019879
0.311496,0.253632,-0.010514,0.371357,-0.153641,-0.193212,-0.119977,0.165003,-0.08393,0.175179,-0.019879,-0.053596
0.310214,0.253632,0.371357,-0.153641,-0.193212,-0.119977,0.165003,-0.08393,0.175179,-0.019879,-0.053596,0.028056
0.312885,0.253632,-0.153641,-0.193212,-0.119977,0.165003,-0.08393,0.175179,-0.019879,-0.053596,0.028056,0.290973
0.312582,0.253632,-0.193212,-0.119977,0.165003,-0.08393,0.175179,-0.019879,-0.053596,0.028056,0.290973,-0.128921
0.311766,0.253632,-0.119977,0.165003,-0.08393,0.175179,-0.019879,-0.053596,0.028056,0.290973,-0.128921,-0.147625
0.312194,0.253632,0.165003,-0.08393,0.175179,-0.019879,-0.053596,0.028056,0.290973,-0.128921,-0.147625,0.151799
0.316626,0.253632,-0.08393,0.175179,-0.019879,-0.053596,0.028056,0.290973,-0.128921,-0.147625,0.151799,0.056322
0.314666,0.253632,0.175179,-0.019879,-0.053596,0.028056,0.290973,-0.128921,-0.147625,0.151799,0.056322,0.022004
0.312421,0.253632,-0.019879,-0.053596,0.028056,0.290973,-0.128921,-0.147625,0.151799,0.056322,0.022004,0.077733
0.31473,0.253632,-0.053596,0.028056,0.290973,-0.128921,-0.147625,0.151799,0.056322,0.022004,0.077733,-0.141269
0.315587,0.253632,0.028056,0.290973,-0.128921,-0.147625,0.151799,0.056322,0.022004,0.077733,-0.141269,-0.167382
0.315922,0.253632,0.290973,-0.128921,-0.147625,0.151799,0.056322,0.022004,0.077733,-0.141269,-0.167382,-0.116247
0.317103,0.253632,-0.128921,-0.147625,0.151799,0.056322,0.022004,0.077733,-0.141269,-0.167382,-0.116247,0.382237
0.314958,0.253632,-0.147625,0.151799,0.056322,0.022004,0.077733,-0.141269,-0.167382,-0.116247,0.382237,-0.114674
0.312411,0.253632,0.151799,0.056322,0.022004,0.077733,-0.141269,-0.167382,-0.116247,0.382237,-0.114674,-0.144098
0.310638,0.253632,0.056322,0.022004,0.077733,-0.141269,-0.167382,-0.116247,0.382237,-0.114674,-0.144098,0.130502
0.316463,0.253632,0.022004,0.077733,-0.141269,-0.167382,-0.116247,0.382237,-0.114674,-0.144098,0.130502,0.084724
0.31472,0.253632,0.077733,-0.141269,-0.167382,-0.116247,0.382237,-0.114674,-0.144098,0.130502,0.084724,0.054054
0.312528,0.253632,-0.141269,-0.167382,-0.116247,0.382237,-0.114674,-0.144098,0.130502,0.084724,0.054054,0.052873
0.314514,0.253632,-0.167382,-0.116247,0.382237,-0.114674,-0.144098,0.130502,0.084724,0.054054,0.052873,-0.019974
0.315804,0.253632,-0.116247,0.382237,-0.114674,-0.144098,0.130502,0.084724,0.054054,0.052873,-0.019974,-0.03306
0.316626,0.253632,0.382237,-0.114674,-0.144098,0.130502,0.084724,0.054054,0.052873,-0.019974,-0.03306,0.002939
0.317429,0.253632,-0.114674,-0.144098,0.130502,0.084724,0.054054,0.052873,-0.019974,-0.03306,0.002939,0.305052
0.317126,0.253632,-0.144098,0.130502,0.084724,0.054054,0.052873,-0.019974,-0.03306,0.002939,0.305052,-0.133497
0.316624,0.253632,0.130502,0.084724,0.054054,0.052873,-0.019974,-0.03306,0.002939,0.305052,-0.133497,-0.174096
0.316668,0.253632,0.084724,0.054054,0.052873,-0.019974,-0.03306,0.002939,0.305052,-0.133497,-0.174096,0.127872
0.321299,0.253632,0.054054,0.052873,-0.019974,-0.03306,0.002939,0.305052,-0.133497,-0.174096,0.127872,-0.100734
0.319277,0.253632,0.052873,-0.019974,-0.03306,0.002939,0.305052,-0.133497,-0.174096,0.127872,-0.100734,0.057866
0.316637,0.253632,-0.019974,-0.03306,0.002939,0.305052,-0.133497,-0.174096,0.127872,-0.100734,0.057866,-0.175499
0.318577,0.253632,-0.03306,0.002939,0.305052,-0.133497,-0.174096,0.127872,-0.100734,0.057866,-0.175499,0.101369
0.317047,0.253632,0.002939,0.305052,-0.133497,-0.174096,0.127872,-0.100734,0.057866,-0.175499,0.101369,-0.075777
0.317927,0.253632,0.305052,-0.133497,-0.174096,0.127872,-0.100734,0.057866,-0.175499,0.101369,-0.075777,0.003039
0.315261,0.253632,-0.133497,-0.174096,0.127872,-0.100734,0.057866,-0.175499,0.101369,-0.075777,0.003039,0.336648
0.3168,0.253632,-0.174096,0.127872,-0.100734,0.057866,-0.175499,0.101369,-0.075777,0.003039,0.336648,-0.187147
0.315649,0.253632,0.127872,-0.100734,0.057866,-0.175499,0.101369,-0.075777,0.003039,0.336648,-0.187147,-0.202103
0.315695,0.253632,-0.100734,0.057866,-0.175499,0.101369,-0.075777,0.003039,0.336648,-0.187147,-0.202103,0.0348
0.320808,0.253632,0.057866,-0.175499,0.101369,-0.075777,0.003039,0.336648,-0.187147,-0.202103,0.0348,-0.004044
0.317972,0.253632,-0.175499,0.101369,-0.075777,0.003039,0.336648,-0.187147,-0.202103,0.0348,-0.004044,-0.095048
0.314904,0.253632,0.101369,-0.075777,0.003039,0.336648,-0.187147,-0.202103,0.0348,-0.004044,-0.095048,-0.043466
0.315433,0.253632,-0.075777,0.003039,0.336648,-0.187147,-0.202103,0.0348,-0.004044,-0.095048,-0.043466,-0.097752
0.315371,0.254028,0.003039,0.336648,-0.187147,-0.202103,0.0348,-0.004044,-0.095048,-0.043466,-0.097752,-0.137866
0.313924,0.254028,0.336648,-0.187147,-0.202103,0.0348,-0.004044,-0.095048,-0.043466,-0.097752,-0.137866,-0.069851
0.313262,0.254028,-0.187147,-0.202103,0.0348,-0.004044,-0.095048,-0.043466,-0.097752,-0.137866,-0.069851,0.210774
0.311774,0.254028,-0.202103,0.0348,-0.004044,-0.095048,-0.043466,-0.097752,-0.137866,-0.069851,0.210774,-0.208653
0.309672,0.254028,0.0348,-0.004044,-0.095048,-0.043466,-0.097752,-0.137866,-0.069851,0.210774,-0.208653,-0.10032
0.308604,0.254028,-0.004044,-0.095048,-0.043466,-0.097752,-0.137866,-0.069851,0.210774,-0.208653,-0.10032,0.164355
0.311825,0.254028,-0.095048,-0.043466,-0.097752,-0.137866,-0.069851,0.210774,-0.208653,-0.10032,0.164355,0.084291
0.30864,0.254028,-0.043466,-0.097752,-0.137866,-0.069851,0.210774,-0.208653,-0.10032,0.164355,0.084291,0.063702
0.307107,0.254028,-0.097752,-0.137866,-0.069851,0.210774,-0.208653,-0.10032,0.164355,0.084291,0.063702,-0.008163
0.309618,0.254028,-0.137866,-0.069851,0.210774,-0.208653,-0.10032,0.164355,0.084291,0.063702,-0.008163,-0.012789
0.310906,0.254028,-0.069851,0.210774,-0.208653,-0.10032,0.164355,0.084291,0.063702,-0.008163,-0.012789,-0.134277
0.311878,0.254028,0.210774,-0.208653,-0.10032,0.164355,0.084291,0.063702,-0.008163,-0.012789,-0.134277,-0.02087
0.311754,0.254028,-0.208653,-0.10032,0.164355,0.084291,0.063702,-0.008163,-0.012789,-0.134277,-0.02087,0.292322
0.311559,0.254028,-0.10032,0.164355,0.084291,0.063702,-0.008163,-0.012789,-0.134277,-0.02087,0.292322,-0.163581
0.309511,0.254028,0.164355,0.084291,0.063702,-0.008163,-0.012789,-0.134277,-0.02087,0.292322,-0.163581,-0.185121
0.309192,0.254028,0.084291,0.063702,-0.008163,-0.012789,-0.134277,-0.02087,0.292322,-0.163581,-0.185121,0.090872
0.313655,0.254028,0.063702,-0.008163,-0.012789,-0.134277,-0.02087,0.292322,-0.163581,-0.185121,0.090872,0.119446
0.311162,0.254028,-0.008163,-0.012789,-0.134277,-0.02087,0.292322,-0.163581,-0.185121,0.090872,0.119446,-0.157536
0.308338,0.254028,-0.012789,-0.134277,-0.02087,0.292322,-0.163581,-0.185121,0.090872,0.119446,-0.157536,0.142893
0.309725,0.254028,-0.134277,-0.02087,0.292322,-0.163581,-0.185121,0.090872,0.119446,-0.157536,0.142893,-0.037479
0.311549,0.254028,-0.02087,0.292322,-0.163581,-0.185121,0.090872,0.119446,-0.157536,0.142893,-0.037479,-0.077844
0.309143,0.25415,0.292322,-0.163581,-0.185121,0.090872,0.119446,-0.157536,0.142893,-0.037479,-0.077844,-0.003381
0.311323,0.25415,-0.163581,-0.185121,0.090872,0.119446,-0.157536,0.142893,-0.037479,-0.077844,-0.003381,0.095038
0.310752,0.25415,-0.185121,0.090872,0.119446,-0.157536,0.142893,-0.037479,-0.077844,-0.003381,0.095038,-0.064535
0.309565,0.25415,0.090872,0.119446,-0.157536,0.142893,-0.037479,-0.077844,-0.003381,0.095038,-0.064535,-0.456123
0.309513,0.25415,0.119446,-0.157536,0.142893,-0.037479,-0.077844,-0.003381,0.095038,-0.064535,-0.456123,0.257176
0.310965,0.25415,-0.157536,0.142893,-0.037479,-0.077844,-0.003381,0.095038,-0.064535,-0.456123,0.257176,0.08056
0.30998,0.25415,0.142893,-0.037479,-0.077844,-0.003381,0.095038,-0.064535,-0.456123,0.257176,0.08056,-0.149593
0.303004,0.25415,-0.037479,-0.077844,-0.003381,0.095038,-0.064535,-0.456123,0.257176,0.08056,-0.149593,0.187094
0.306944,0.25415,-0.077844,-0.003381,0.095038,-0.064535,-0.456123,0.257176,0.08056,-0.149593,0.187094,-0.072356
0.308177,0.25415,-0.003381,0.095038,-0.064535,-0.456123,0.257176,0.08056,-0.149593,0.187094,-0.072356,-0.010754
0.305885,0.25415,0.095038,-0.064535,-0.456123,0.257176,0.08056,-0.149593,0.187094,-0.072356,-0.010754,-0.034492
0.308747,0.25415,-0.064535,-0.456123,0.257176,0.08056,-0.149593,0.187094,-0.072356,-0.010754,-0.034492,0.280122
0.307642,0.25415,-0.456123,0.257176,0.08056,-0.149593,0.187094,-0.072356,-0.010754,-0.034492,0.280122,-0.113755
0.307478,0.25415,0.257176,0.08056,-0.149593,0.187094,-0.072356,-0.010754,-0.034492,0.280122,-0.113755,-0.187951
0.30695,0.25415,0.08056,-0.149593,0.187094,-0.072356,-0.010754,-0.034492,0.280122,-0.113755,-0.187951,0.118637
0.311233,0.25415,-0.149593,0.187094,-0.072356,-0.010754,-0.034492,0.280122,-0.113755,-0.187951,0.118637,0.115722
0.309497,0.25415,0.187094,-0.072356,-0.010754,-0.034492,0.280122,-0.113755,-0.187951,0.118637,0.115722,-0.160633
0.306626,0.25415,-0.072356,-0.010754,-0.034492,0.280122,-0.113755,-0.187951,0.118637,0.115722,-0.160633,0.149357
0.30844,0.25415,-0.010754,-0.034492,0.280122,-0.113755,-0.187951,0.118637,0.115722,-0.160633,0.149357,-0.0374
0.310209,0.25415,-0.034492,0.280122,-0.113755,-0.187951,0.118637,0.115722,-0.160633,0.149357,-0.0374,-0.088036
0.307752,0.25415,0.280122,-0.113755,-0.187951,0.118637,0.115722,-0.160633,0.149357,-0.0374,-0.088036,0.000282
0.310034,0.25415,-0.113755,-0.187951,0.118637,0.115722,-0.160633,0.149357,-0.0374,-0.088036,0.000282,0.256268
0.309463,0.25415,-0.187951,0.118637,0.115722,-0.160633,0.149357,-0.0374,-0.088036,0.000282,0.256268,-0.092781
0.308119,0.25415,0.118637,0.115722,-0.160633,0.149357,-0.0374,-0.088036,0.000282,0.256268,-0.092781,-0.205912
0.308123,0.25415,0.115722,-0.160633,0.149357,-0.0374,-0.088036,0.000282,0.256268,-0.092781,-0.205912,0.139876
0.312039,0.25415,-0.160633,0.149357,-0.0374,-0.088036,0.000282,0.256268,-0.092781,-0.205912,0.139876,0.119436
0.310625,0.25415,0.149357,-0.0374,-0.088036,0.000282,0.256268,-0.092781,-0.205912,0.139876,0.119436,-0.182002
0.307482,0.25415,-0.0374,-0.088036,0.000282,0.256268,-0.092781,-0.205912,0.139876,0.119436,-0.182002,0.156792
0.309618,0.25415,-0.088036,0.000282,0.256268,-0.092781,-0.205912,0.139876,0.119436,-0.182002,0.156792,-0.051556
0.311442,0.25415,0.000282,0.256268,-0.092781,-0.205912,0.139876,0.119436,-0.182002,0.156792,-0.051556,-0.081232
0.308661,0.25415,0.256268,-0.092781,-0.205912,0.139876,0.119436,-0.182002,0.156792,-0.051556,-0.081232,-0.055722
0.311055,0.25415,-0.092781,-0.205912,0.139876,0.119436,-0.182002,0.156792,-0.051556,-0.081232,-0.055722,0.115689
0.310269,0.25415,-0.205912,0.139876,0.119436,-0.182002,0.156792,-0.051556,-0.081232,-0.055722,0.115689,-0.211396
0.309029,0.25415,0.139876,0.119436,-0.182002,0.156792,-0.051556,-0.081232,-0.055722,0.115689,-0.211396,-0.127767
0.308177,0.25415,0.119436,-0.182002,0.156792,-0.051556,-0.081232,-0.055722,0.115689,-0.211396,-0.127767,0.146172
0.309946,0.25415,-0.182002,0.156792,-0.051556,-0.081232,-0.055722,0.115689,-0.211396,-0.127767,0.146172,-0.121185
0.306715,0.25415,0.156792,-0.051556,-0.081232,-0.055722,0.115689,-0.211396,-0.127767,0.146172,-0.121185,0.052077
0.30476,0.25415,-0.051556,-0.081232,-0.055722,0.115689,-0.211396,-0.127767,0.146172,-0.121185,0.052077,-0.154429
0.306997,0.25415,-0.081232,-0.055722,0.115689,-0.211396,-0.127767,0.146172,-0.121185,0.052077,-0.154429,0.081021
0.30514,0.25415,-0.055722,0.115689,-0.211396,-0.127767,0.146172,-0.121185,0.052077,-0.154429,0.081021,-0.079864
0.305938,0.25415,0.115689,-0.211396,-0.127767,0.146172,-0.121185,0.052077,-0.154429,0.081021,-0.079864,-0.023426
0.303572,0.25415,-0.211396,-0.127767,0.146172,-0.121185,0.052077,-0.154429,0.081021,-0.079864,-0.023426,0.378798
0.304813,0.25415,-0.127767,0.146172,-0.121185,0.052077,-0.154429,0.081021,-0.079864,-0.023426,0.378798,-0.322249
0.303589,0.25415,0.146172,-0.121185,0.052077,-0.154429,0.081021,-0.079864,-0.023426,0.378798,-0.322249,-0.123592
0.303229,0.250519,-0.121185,0.052077,-0.154429,0.081021,-0.079864,-0.023426,0.378798,-0.322249,-0.123592,-0.09643
0.309035,0.250519,0.052077,-0.154429,0.081021,-0.079864,-0.023426,0.378798,-0.322249,-0.123592,-0.09643,0.266482
0.304103,0.250519,-0.154429,0.081021,-0.079864,-0.023426,0.378798,-0.322249,-0.123592,-0.09643,0.266482,-0.162455
0.302208,0.250519,0.081021,-0.079864,-0.023426,0.378798,-0.322249,-0.123592,-0.09643,0.266482,-0.162455,0.157472
0.300727,0.250519,-0.079864,-0.023426,0.378798,-0.322249,-0.123592,-0.09643,0.266482,-0.162455,0.157472,-0.012747
0.304821,0.250519,-0.023426,0.378798,-0.322249,-0.123592,-0.09643,0.266482,-0.162455,0.157472,-0.012747,-0.097102
0.302326,0.250519,0.378798,-0.322249,-0.123592,-0.09643,0.266482,-0.162455,0.157472,-0.012747,-0.097102,0.038762
0.304742,0.250519,-0.322249,-0.123592,-0.09643,0.266482,-0.162455,0.157472,-0.012747,-0.097102,0.038762,0.256861
0.304547,0.250519,-0.123592,-0.09643,0.266482,-0.162455,0.157472,-0.012747,-0.097102,0.038762,0.256861,-0.099185
0.303058,0.250519,-0.09643,0.266482,-0.162455,0.157472,-0.012747,-0.097102,0.038762,0.256861,-0.099185,-0.186562
0.303653,0.250519,0.266482,-0.162455,0.157472,-0.012747,-0.097102,0.038762,0.256861,-0.099185,-0.186562,0.131841
0.307592,0.250519,-0.162455,0.157472,-0.012747,-0.097102,0.038762,0.256861,-0.099185,-0.186562,0.131841,0.035259
0.306074,0.250519,0.157472,-0.012747,-0.097102,0.038762,0.256861,-0.099185,-0.186562,0.131841,0.035259,0.031328
0.303217,0.250519,-0.012747,-0.097102,0.038762,0.256861,-0.099185,-0.186562,0.131841,0.035259,0.031328,0.071725
0.305237,0.250519,-0.097102,0.038762,0.256861,-0.099185,-0.186562,0.131841,0.035259,0.031328,0.071725,-0.100051
0.305778,0.250519,0.038762,0.256861,-0.099185,-0.186562,0.131841,0.035259,0.031328,0.071725,-0.100051,-0.031469
0.306258,0.250519,0.256861,-0.099185,-0.186562,0.131841,0.035259,0.031328,0.071725,-0.100051,-0.031469,-0.00638
0.307356,0.250519,-0.099185,-0.186562,0.131841,0.035259,0.031328,0.071725,-0.100051,-0.031469,-0.00638,0.264912
0.305826,0.250519,-0.186562,0.131841,0.035259,0.031328,0.071725,-0.100051,-0.031469,-0.00638,0.264912,-0.10643
0.305344,0.250519,0.131841,0.035259,0.031328,0.071725,-0.100051,-0.031469,-0.00638,0.264912,-0.10643,-0.204593
0.305246,0.24881,0.035259,0.031328,0.071725,-0.100051,-0.031469,-0.00638,0.264912,-0.10643,-0.204593,0.139131
0.309303,0.24881,0.031328,0.071725,-0.100051,-0.031469,-0.00638,0.264912,-0.10643,-0.204593,0.139131,0.059619
0.307677,0.24881,0.071725,-0.100051,-0.031469,-0.00638,0.264912,-0.10643,-0.204593,0.139131,0.059619,0.014108
0.304547,0.24881,-0.100051,-0.031469,-0.00638,0.264912,-0.10643,-0.204593,0.139131,0.059619,0.014108,0.06862
0.306677,0.24881,-0.031469,-0.00638,0.264912,-0.10643,-0.204593,0.139131,0.059619,0.014108,0.06862,-0.040835
0.30759,0.24881,-0.00638,0.264912,-0.10643,-0.204593,0.139131,0.059619,0.014108,0.06862,-0.040835,-0.070243
0.307806,0.24881,0.264912,-0.10643,-0.204593,0.139131,0.059619,0.014108,0.06862,-0.040835,-0.070243,0.014299
0.308854,0.24881,-0.10643,-0.204593,0.139131,0.059619,0.014108,0.06862,-0.040835,-0.070243,0.014299,0.111931
0.308231,0.24881,-0.204593,0.139131,0.059619,0.014108,0.06862,-0.040835,-0.070243,0.014299,0.111931,-0.029386
0.307157,0.24881,0.139131,0.059619,0.014108,0.06862,-0.040835,-0.070243,0.014299,0.111931,-0.029386,-0.43749
0.307376,0.24881,0.059619,0.014108,0.06862,-0.040835,-0.070243,0.014299,0.111931,-0.029386,-0.43749,0.242692
0.309089,0.24881,0.014108,0.06862,-0.040835,-0.070243,0.014299,0.111931,-0.029386,-0.43749,0.242692,0.118767
0.30864,0.24881,0.06862,-0.040835,-0.070243,0.014299,0.111931,-0.029386,-0.43749,0.242692,0.118767,-0.142462
0.301943,0.24881,-0.040835,-0.070243,0.014299,0.111931,-0.029386,-0.43749,0.242692,0.118767,-0.142462,0.214815
0.305663,0.24881,-0.070243,0.014299,0.111931,-0.029386,-0.43749,0.242692,0.118767,-0.142462,0.214815,-0.093315
0.307483,0.24881,0.014299,0.111931,-0.029386,-0.43749,0.242692,0.118767,-0.142462,0.214815,-0.093315,-0.000239
0.3053,0.24881,0.111931,-0.029386,-0.43749,0.242692,0.118767,-0.142462,0.214815,-0.093315,-0.000239,0.007335
0.308586,0.24881,-0.029386,-0.43749,0.242692,0.118767,-0.142462,0.214815,-0.093315,-0.000239,0.007335,0.083912
0.307161,0.24881,-0.43749,0.242692,0.118767,-0.142462,0.214815,-0.093315,-0.000239,0.007335,0.083912,-0.196923
0.307157,0.24881,0.242692,0.118767,-0.142462,0.214815,-0.093315,-0.000239,0.007335,0.083912,-0.196923,-0.403568
0.307269,0.24881,0.118767,-0.142462,0.214815,-0.093315,-0.000239,0.007335,0.083912,-0.196923,-0.403568,0.055212
0.308554,0.24881,-0.142462,0.214815,-0.093315,-0.000239,0.007335,0.083912,-0.196923,-0.403568,0.055212,0.221264
0.305541,0.24881,0.214815,-0.093315,-0.000239,0.007335,0.083912,-0.196923,-0.403568,0.055212,0.221264,-0.165497
0.29935,0.24881,-0.093315,-0.000239,0.007335,0.083912,-0.196923,-0.403568,0.055212,0.221264,-0.165497,0.219303
0.300199,0.24881,-0.000239,0.007335,0.083912,-0.196923,-0.403568,0.055212,0.221264,-0.165497,0.219303,-0.043989
0.3036,0.24881,0.007335,0.083912,-0.196923,-0.403568,0.055212,0.221264,-0.165497,0.219303,-0.043989,-0.076144
0.301056,0.24881,0.083912,-0.196923,-0.403568,0.055212,0.221264,-0.165497,0.219303,-0.043989,-0.076144,0.052579
0.304423,0.24881,-0.196923,-0.403568,0.055212,0.221264,-0.165497,0.219303,-0.043989,-0.076144,0.052579,0.312508
0.303749,0.24881,-0.403568,0.055212,0.221264,-0.165497,0.219303,-0.043989,-0.076144,0.052579,0.312508,-0.095773
0.302581,0.24881,0.055212,0.221264,-0.165497,0.219303,-0.043989,-0.076144,0.052579,0.312508,-0.095773,-0.15904
0.303388,0.24881,0.221264,-0.165497,0.219303,-0.043989,-0.076144,0.052579,0.312508,-0.095773,-0.15904,0.135576
0.30818,0.24881,-0.165497,0.219303,-0.043989,-0.076144,0.052579,0.312508,-0.095773,-0.15904,0.135576,0.056123
0.306715,0.24881,0.219303,-0.043989,-0.076144,0.052579,0.312508,-0.095773,-0.15904,0.135576,0.056123,0.038491
0.304281,0.24881,-0.043989,-0.076144,0.052579,0.312508,-0.095773,-0.15904,0.135576,0.056123,0.038491,0.044084
0.306357,0.24881,-0.076144,0.052579,0.312508,-0.095773,-0.15904,0.135576,0.056123,0.038491,0.044084,-0.061819
0.307216,0.24881,0.052579,0.312508,-0.095773,-0.15904,0.135576,0.056123,0.038491,0.044084,-0.061819,-0.017731
0.307806,0.24881,0.312508,-0.095773,-0.15904,0.135576,0.056123,0.038491,0.044084,-0.061819,-0.017731,0.010807
0.308479,0.24881,-0.095773,-0.15904,0.135576,0.056123,0.038491,0.044084,-0.061819,-0.017731,0.010807,0.259341
0.307535,0.24881,-0.15904,0.135576,0.056123,0.038491,0.044084,-0.061819,-0.017731,0.010807,0.259341,-0.10676
0.307264,0.24881,0.135576,0.056123,0.038491,0.044084,-0.061819,-0.017731,0.010807,0.259341,-0.10676,-0.18107
0.307429,0.24881,0.056123,0.038491,0.044084,-0.061819,-0.017731,0.010807,0.259341,-0.10676,-0.18107,0.146775
0.311395,0.24881,0.038491,0.044084,-0.061819,-0.017731,0.010807,0.259341,-0.10676,-0.18107,0.146775,0.052688
0.309766,0.24881,0.044084,-0.061819,-0.017731,0.010807,0.259341,-0.10676,-0.18107,0.146775,0.052688,0.003829
0.307,0.24881,-0.061819,-0.017731,0.010807,0.259341,-0.10676,-0.18107,0.146775,0.052688,0.003829,0.051545
0.309243,0.248535,-0.017731,0.010807,0.259341,-0.10676,-0.18107,0.146775,0.052688,0.003829,0.051545,-0.037451
0.310048,0.248535,0.010807,0.259341,-0.10676,-0.18107,0.146775,0.052688,0.003829,0.051545,-0.037451,-0.025071
0.310107,0.248535,0.259341,-0.10676,-0.18107,0.146775,0.052688,0.003829,0.051545,-0.037451,-0.025071,-0.031442
0.310893,0.248535,-0.10676,-0.18107,0.146775,0.052688,0.003829,0.051545,-0.037451,-0.025071,-0.031442,0.278368
0.310322,0.248535,-0.18107,0.146775,0.052688,0.003829,0.051545,-0.037451,-0.025071,-0.031442,0.278368,-0.114194
0.30994,0.248535,0.146775,0.052688,0.003829,0.051545,-0.037451,-0.025071,-0.031442,0.278368,-0.114194,-0.19247
0.309459,0.248535,0.052688,0.003829,0.051545,-0.037451,-0.025071,-0.031442,0.278368,-0.114194,-0.19247,0.147324
0.313708,0.248535,0.003829,0.051545,-0.037451,-0.025071,-0.031442,0.278368,-0.114194,-0.19247,0.147324,0.1409
0.311969,0.248535,0.051545,-0.037451,-0.025071,-0.031442,0.278368,-0.114194,-0.19247,0.147324,0.1409,-0.147551
0.309034,0.248535,-0.037451,-0.025071,-0.031442,0.278368,-0.114194,-0.19247,0.147324,0.1409,-0.147551,0.143741
0.311282,0.248535,-0.025071,-0.031442,0.278368,-0.114194,-0.19247,0.147324,0.1409,-0.147551,0.143741,-0.009259
0.313431,0.248535,-0.031442,0.278368,-0.114194,-0.19247,0.147324,0.1409,-0.147551,0.143741,-0.009259,-0.085512
0.31118,0.248535,0.278368,-0.114194,-0.19247,0.147324,0.1409,-0.147551,0.143741,-0.009259,-0.085512,0.013962
0.31337,0.248535,-0.114194,-0.19247,0.147324,0.1409,-0.147551,0.143741,-0.009259,-0.085512,0.013962,0.251801
0.313229,0.248535,-0.19247,0.147324,0.1409,-0.147551,0.143741,-0.009259,-0.085512,0.013962,0.251801,-0.093289
0.311927,0.248535,0.147324,0.1409,-0.147551,0.143741,-0.009259,-0.085512,0.013962,0.251801,-0.093289,-0.200618
0.31214,0.248535,0.1409,-0.147551,0.143741,-0.009259,-0.085512,0.013962,0.251801,-0.093289,-0.200618,0.105473
0.315976,0.248535,-0.147551,0.143741,-0.009259,-0.085512,0.013962,0.251801,-0.093289,-0.200618,0.105473,-0.183217
0.314558,0.248535,0.143741,-0.009259,-0.085512,0.013962,0.251801,-0.093289,-0.200618,0.105473,-0.183217,-0.122248
0.311505,0.248535,-0.009259,-0.085512,0.013962,0.251801,-0.093289,-0.200618,0.105473,-0.183217,-0.122248,0.072277
0.313112,0.247101,-0.085512,0.013962,0.251801,-0.093289,-0.200618,0.105473,-0.183217,-0.122248,0.072277,-0.303016
0.310316,0.247101,0.013962,0.251801,-0.093289,-0.200618,0.105473,-0.183217,-0.122248,0.072277,-0.303016,-0.027878
0.308447,0.247101,0.251801,-0.093289,-0.200618,0.105473,-0.183217,-0.122248,0.072277,-0.303016,-0.027878,-0.134014
0.309551,0.247101,-0.093289,-0.200618,0.105473,-0.183217,-0.122248,0.072277,-0.303016,-0.027878,-0.134014,0.360601
0.30492,0.247101,-0.200618,0.105473,-0.183217,-0.122248,0.072277,-0.303016,-0.027878,-0.134014,0.360601,-0.255734
0.304492,0.247101,0.105473,-0.183217,-0.122248,0.072277,-0.303016,-0.027878,-0.134014,0.360601,-0.255734,-0.168491
0.302435,0.247101,-0.183217,-0.122248,0.072277,-0.303016,-0.027878,-0.134014,0.360601,-0.255734,-0.168491,-0.240119
0.307966,0.247101,-0.122248,0.072277,-0.303016,-0.027878,-0.134014,0.360601,-0.255734,-0.168491,-0.240119,0.237461
0.30405,0.247101,0.072277,-0.303016,-0.027878,-0.134014,0.360601,-0.255734,-0.168491,-0.240119,0.237461,-0.123764
0.301466,0.247101,-0.303016,-0.027878,-0.134014,0.360601,-0.255734,-0.168491,-0.240119,0.237461,-0.123764,0.156217
0.297773,0.247101,-0.027878,-0.134014,0.360601,-0.255734,-0.168491,-0.240119,0.237461,-0.123764,0.156217,0.063358
0.30143,0.247101,-0.134014,0.360601,-0.255734,-0.168491,-0.240119,0.237461,-0.123764,0.156217,0.063358,-0.065589
0.299525,0.247101,0.360601,-0.255734,-0.168491,-0.240119,0.237461,-0.123764,0.156217,0.063358,-0.065589,0.056016
0.301926,0.247101,-0.255734,-0.168491,-0.240119,0.237461,-0.123764,0.156217,0.063358,-0.065589,0.056016,0.280637
0.302898,0.247101,-0.168491,-0.240119,0.237461,-0.123764,0.156217,0.063358,-0.065589,0.056016,0.280637,-0.102581
0.301892,0.247101,-0.240119,0.237461,-0.123764,0.156217,0.063358,-0.065589,0.056016,0.280637,-0.102581,-0.155165
0.302753,0.247101,0.237461,-0.123764,0.156217,0.063358,-0.065589,0.056016,0.280637,-0.102581,-0.155165,0.170078
0.307058,0.247101,-0.123764,0.156217,0.063358,-0.065589,0.056016,0.280637,-0.102581,-0.155165,0.170078,-0.113776
0.305488,0.247101,0.156217,0.063358,-0.065589,0.056016,0.280637,-0.102581,-0.155165,0.170078,-0.113776,0.031072
0.303111,0.247101,0.063358,-0.065589,0.056016,0.280637,-0.102581,-0.155165,0.170078,-0.113776,0.031072,-0.171276
0.305717,0.247101,-0.065589,0.056016,0.280637,-0.102581,-0.155165,0.170078,-0.113776,0.031072,-0.171276,0.070261
0.303972,0.247101,0.056016,0.280637,-0.102581,-0.155165,0.170078,-0.113776,0.031072,-0.171276,0.070261,-0.062144
0.304449,0.247101,0.280637,-0.102581,-0.155165,0.170078,-0.113776,0.031072,-0.171276,0.070261,-0.062144,-0.016288
0.30182,0.247101,-0.102581,-0.155165,0.170078,-0.113776,0.031072,-0.171276,0.070261,-0.062144,-0.016288,0.332063
0.302898,0.247101,-0.155165,0.170078,-0.113776,0.031072,-0.171276,0.070261,-0.062144,-0.016288,0.332063,-0.119928
0.301945,0.247101,0.170078,-0.113776,0.031072,-0.171276,0.070261,-0.062144,-0.016288,0.332063,-0.119928,-0.179189
0.301694,0.247101,-0.113776,0.031072,-0.171276,0.070261,-0.062144,-0.016288,0.332063,-0.119928,-0.179189,0.090001
0.306791,0.247101,0.031072,-0.171276,0.070261,-0.062144,-0.016288,0.332063,-0.119928,-0.179189,0.090001,-0.198874
0.304955,0.247101,-0.171276,0.070261,-0.062144,-0.016288,0.332063,-0.119928,-0.179189,0.090001,-0.198874,0.034052
0.302208,0.247101,0.070261,-0.062144,-0.016288,0.332063,-0.119928,-0.179189,0.090001,-0.198874,0.034052,0.087704
0.303589,0.247101,-0.062144,-0.016288,0.332063,-0.119928,-0.179189,0.090001,-0.198874,0.034052,0.087704,-0.016183
0.300532,0.247101,-0.016288,0.332063,-0.119928,-0.179189,0.090001,-0.198874,0.034052,0.087704,-0.016183,-0.079203
0.301056,0.247101,0.332063,-0.119928,-0.179189,0.090001,-0.198874,0.034052,0.087704,-0.016183,-0.079203,0.03192
0.302403,0.247101,-0.119928,-0.179189,0.090001,-0.198874,0.034052,0.087704,-0.016183,-0.079203,0.03192,0.276228
0.302155,0.247101,-0.179189,0.090001,-0.198874,0.034052,0.087704,-0.016183,-0.079203,0.03192,0.276228,-0.081555
0.300939,0.247101,0.090001,-0.198874,0.034052,0.087704,-0.016183,-0.079203,0.03192,0.276228,-0.081555,-0.189348
0.30143,0.247101,-0.198874,0.034052,0.087704,-0.016183,-0.079203,0.03192,0.276228,-0.081555,-0.189348,0.162628
0.305672,0.247101,0.034052,0.087704,-0.016183,-0.079203,0.03192,0.276228,-0.081555,-0.189348,0.162628,0.066459
0.304423,0.247101,0.087704,-0.016183,-0.079203,0.03192,0.276228,-0.081555,-0.189348,0.162628,0.066459,0.024279
0.301519,0.247101,-0.016183,-0.079203,0.03192,0.276228,-0.081555,-0.189348,0.162628,0.066459,0.024279,0.078495
0.304014,0.247101,-0.079203,0.03192,0.276228,-0.081555,-0.189348,0.162628,0.066459,0.024279,0.078495,-0.148589
0.305034,0.247101,0.03192,0.276228,-0.081555,-0.189348,0.162628,0.066459,0.024279,0.078495,-0.148589,-0.224686
0.305406,0.247101,0.276228,-0.081555,-0.189348,0.162628,0.066459,0.024279,0.078495,-0.148589,-0.224686,-0.336757
0.306608,0.244507,-0.081555,-0.189348,0.162628,0.066459,0.024279,0.078495,-0.148589,-0.224686,-0.336757,0.128659
0.304334,0.244507,-0.189348,0.162628,0.066459,0.024279,0.078495,-0.148589,-0.224686,-0.336757,0.128659,-0.118189
0.300886,0.244507,0.162628,0.066459,0.024279,0.078495,-0.148589,-0.224686,-0.336757,0.128659,-0.118189,-0.104489
0.295695,0.244507,0.066459,0.024279,0.078495,-0.148589,-0.224686,-0.336757,0.128659,-0.118189,-0.104489,0.184267
0.297681,0.244507,0.024279,0.078495,-0.148589,-0.224686,-0.336757,0.128659,-0.118189,-0.104489,0.184267,0.066122
0.295858,0.244507,0.078495,-0.148589,-0.224686,-0.336757,0.128659,-0.118189,-0.104489,0.184267,0.066122,0.095272
0.294246,0.244507,-0.148589,-0.224686,-0.336757,0.128659,-0.118189,-0.104489,0.184267,0.066122,0.095272,-0.0638
0.297089,0.244507,-0.224686,-0.336757,0.128659,-0.118189,-0.104489,0.184267,0.066122,0.095272,-0.0638,-0.094842
0.298109,0.244507,-0.336757,0.128659,-0.118189,-0.104489,0.184267,0.066122,0.095272,-0.0638,-0.094842,-0.162913
0.299577,0.244507,0.128659,-0.118189,-0.104489,0.184267,0.066122,0.095272,-0.0638,-0.094842,-0.162913,0.12371
0.298595,0.244507,-0.118189,-0.104489,0.184267,0.066122,0.095272,-0.0638,-0.094842,-0.162913,0.12371,0.307155
0.297135,0.244507,-0.104489,0.184267,0.066122,0.095272,-0.0638,-0.094842,-0.162913,0.12371,0.307155,-0.115439
0.294622,0.244507,0.184267,0.066122,0.095272,-0.0638,-0.094842,-0.162913,0.12371,0.307155,-0.115439,-0.14975
0.296533,0.244507,0.066122,0.095272,-0.0638,-0.094842,-0.162913,0.12371,0.307155,-0.115439,-0.14975,0.123557
0.301268,0.244507,0.095272,-0.0638,-0.094842,-0.162913,0.12371,0.307155,-0.115439,-0.14975,0.123557,0.176075
0.299492,0.244507,-0.0638,-0.094842,-0.162913,0.12371,0.307155,-0.115439,-0.14975,0.123557,0.176075,-0.144405
0.297188,0.244507,-0.094842,-0.162913,0.12371,0.307155,-0.115439,-0.14975,0.123557,0.176075,-0.144405,0.166598
0.29909,0.244507,-0.162913,0.12371,0.307155,-0.115439,-0.14975,0.123557,0.176075,-0.144405,0.166598,-0.109313
0.3018,0.244507,0.12371,0.307155,-0.115439,-0.14975,0.123557,0.176075,-0.144405,0.166598,-0.109313,-0.208798
0.299577,0.244507,0.307155,-0.115439,-0.14975,0.123557,0.176075,-0.144405,0.166598,-0.109313,-0.208798,-0.246001
0.302138,0.244507,-0.115439,-0.14975,0.123557,0.176075,-0.144405,0.166598,-0.109313,-0.208798,-0.246001,0.301364
0.30046,0.244507,-0.14975,0.123557,0.176075,-0.144405,0.166598,-0.109313,-0.208798,-0.246001,0.301364,-0.070542
0.297247,0.244385,0.123557,0.176075,-0.144405,0.166598,-0.109313,-0.208798,-0.246001,0.301364,-0.070542,-0.108149
0.293446,0.244385,0.176075,-0.144405,0.166598,-0.109313,-0.208798,-0.246001,0.301364,-0.070542,-0.108149,0.160737
0.298102,0.244385,-0.144405,0.166598,-0.109313,-0.208798,-0.246001,0.301364,-0.070542,-0.108149,0.160737,0.199704
0.297015,0.244385,0.166598,-0.109313,-0.208798,-0.246001,0.301364,-0.070542,-0.108149,0.160737,0.199704,-0.075728
0.295348,0.244385,-0.109313,-0.208798,-0.246001,0.301364,-0.070542,-0.108149,0.160737,0.199704,-0.075728,0.159761
0.297826,0.244385,-0.208798,-0.246001,0.301364,-0.070542,-0.108149,0.160737,0.199704,-0.075728,0.159761,0.028772
0.300902,0.244385,-0.246001,0.301364,-0.070542,-0.108149,0.160737,0.199704,-0.075728,0.159761,0.028772,-0.034483
0.299736,0.244385,0.301364,-0.070542,-0.108149,0.160737,0.199704,-0.075728,0.159761,0.028772,-0.034483,0.087072
0.302191,0.244385,-0.070542,-0.108149,0.160737,0.199704,-0.075728,0.159761,0.028772,-0.034483,0.087072,0.260204
0.302633,0.244385,-0.108149,0.160737,0.199704,-0.075728,0.159761,0.028772,-0.034483,0.087072,0.260204,-0.092194
0.302104,0.244385,0.160737,0.199704,-0.075728,0.159761,0.028772,-0.034483,0.087072,0.260204,-0.092194,-0.158802
0.303441,0.244385,0.199704,-0.075728,0.159761,0.028772,-0.034483,0.087072,0.260204,-0.092194,-0.158802,0.142368
0.307432,0.244385,-0.075728,0.159761,0.028772,-0.034483,0.087072,0.260204,-0.092194,-0.158802,0.142368,0.063069
0.306021,0.244385,0.159761,0.028772,-0.034483,0.087072,0.260204,-0.092194,-0.158802,0.142368,0.063069,0.052369
0.303589,0.244385,0.028772,-0.034483,0.087072,0.260204,-0.092194,-0.158802,0.142368,0.063069,0.052369,0.075555
0.30577,0.244385,-0.034483,0.087072,0.260204,-0.092194,-0.158802,0.142368,0.063069,0.052369,0.075555,-0.002244
0.306736,0.244385,0.087072,0.260204,-0.092194,-0.158802,0.142368,0.063069,0.052369,0.075555,-0.002244,-0.070341
0.307538,0.244385,0.260204,-0.092194,-0.158802,0.142368,0.063069,0.052369,0.075555,-0.002244,-0.070341,0.052659
0.308694,0.244385,-0.092194,-0.158802,0.142368,0.063069,0.052369,0.075555,-0.002244,-0.070341,0.052659,0.115767
0.308659,0.244385,-0.158802,0.142368,0.063069,0.052369,0.075555,-0.002244,-0.070341,0.052659,0.115767,-0.004761
0.307584,0.244385,0.142368,0.063069,0.052369,0.075555,-0.002244,-0.070341,0.052659,0.115767,-0.004761,-0.418104
0.30839,0.244385,0.063069,0.052369,0.075555,-0.002244,-0.070341,0.052659,0.115767,-0.004761,-0.418104,0.240064
0.31016,0.244385,0.052369,0.075555,-0.002244,-0.070341,0.052659,0.115767,-0.004761,-0.418104,0.240064,-0.194079
0.310088,0.244385,0.075555,-0.002244,-0.070341,0.052659,0.115767,-0.004761,-0.418104,0.240064,-0.194079,0.051941
0.303695,0.244385,-0.002244,-0.070341,0.052659,0.115767,-0.004761,-0.418104,0.240064,-0.194079,0.051941,0.040106
0.307371,0.244385,-0.070341,0.052659,0.115767,-0.004761,-0.418104,0.240064,-0.194079,0.051941,0.040106,-0.127514
0.304396,0.244385,0.052659,0.115767,-0.004761,-0.418104,0.240064,-0.194079,0.051941,0.040106,-0.127514,-0.107258
0.305193,0.244385,0.115767,-0.004761,-0.418104,0.240064,-0.194079,0.051941,0.040106,-0.127514,-0.107258,0.125092
0.305808,0.244385,-0.004761,-0.418104,0.240064,-0.194079,0.051941,0.040106,-0.127514,-0.107258,0.125092,0.3061
0.303855,0.244385,-0.418104,0.240064,-0.194079,0.051941,0.040106,-0.127514,-0.107258,0.125092,0.3061,-0.074892
0.30221,0.244385,0.240064,-0.194079,0.051941,0.040106,-0.127514,-0.107258,0.125092,0.3061,-0.074892,-0.110587
0.304131,0.244385,-0.194079,0.051941,0.040106,-0.127514,-0.107258,0.125092,0.3061,-0.074892,-0.110587,0.142997
0.308821,0.244385,0.051941,0.040106,-0.127514,-0.107258,0.125092,0.3061,-0.074892,-0.110587,0.142997,0.098171
0.307677,0.244385,0.040106,-0.127514,-0.107258,0.125092,0.3061,-0.074892,-0.110587,0.142997,0.098171,0.01782
0.305986,0.244385,-0.127514,-0.107258,0.125092,0.3061,-0.074892,-0.110587,0.142997,0.098171,0.01782,0.100861
0.308172,0.244385,-0.107258,0.125092,0.3061,-0.074892,-0.110587,0.142997,0.098171,0.01782,0.100861,-0.026906
0.309673,0.244385,0.125092,0.3061,-0.074892,-0.110587,0.142997,0.098171,0.01782,0.100861,-0.026906,-0.134094
0.309946,0.244385,0.3061,-0.074892,-0.110587,0.142997,0.098171,0.01782,0.100861,-0.026906,-0.134094,-0.198468
0.311485,0.244385,-0.074892,-0.110587,0.142997,0.098171,0.01782,0.100861,-0.026906,-0.134094,-0.198468,0.055718
0.311075,0.244385,-0.110587,0.142997,0.098171,0.01782,0.100861,-0.026906,-0.134094,-0.198468,0.055718,-0.137308
0.309029,0.244385,0.142997,0.098171,0.01782,0.100861,-0.026906,-0.134094,-0.198468,0.055718,-0.137308,-0.168745
0.305991,0.244385,0.098171,0.01782,0.100861,-0.026906,-0.134094,-0.198468,0.055718,-0.137308,-0.168745,-0.027517
0.306845,0.244385,0.01782,0.100861,-0.026906,-0.134094,-0.198468,0.055718,-0.137308,-0.168745,-0.027517,0.142292
0.304742,0.244385,0.100861,-0.026906,-0.134094,-0.198468,0.055718,-0.137308,-0.168745,-0.027517,0.142292,-0.06572
0.302155,0.243347,-0.026906,-0.134094,-0.198468,0.055718,-0.137308,-0.168745,-0.027517,0.142292,-0.06572,0.171647
0.301733,0.243347,-0.134094,-0.198468,0.055718,-0.137308,-0.168745,-0.027517,0.142292,-0.06572,0.171647,0.022096
0.303919,0.243347,-0.198468,0.055718,-0.137308,-0.168745,-0.027517,0.142292,-0.06572,0.171647,0.022096,-0.055815
0.302909,0.243347,0.055718,-0.137308,-0.168745,-0.027517,0.142292,-0.06572,0.171647,0.022096,-0.055815,0.083878
0.305541,0.243347,-0.137308,-0.168745,-0.027517,0.142292,-0.06572,0.171647,0.022096,-0.055815,0.083878,0.321842
0.305879,0.243347,-0.168745,-0.027517,0.142292,-0.06572,0.171647,0.022096,-0.055815,0.083878,0.321842,-0.138329
0.305025,0.243347,-0.027517,0.142292,-0.06572,0.171647,0.022096,-0.055815,0.083878,0.321842,-0.138329,-0.131905
0.30631,0.243347,0.142292,-0.06572,0.171647,0.022096,-0.055815,0.083878,0.321842,-0.138329,-0.131905,0.164355
0.311233,0.243347,-0.06572,0.171647,0.022096,-0.055815,0.083878,0.321842,-0.138329,-0.131905,0.164355,0.14406
0.309122,0.243347,0.171647,0.022096,-0.055815,0.083878,0.321842,-0.138329,-0.131905,0.164355,0.14406,-0.154119
0.307107,0.243347,0.022096,-0.055815,0.083878,0.321842,-0.138329,-0.131905,0.164355,0.14406,-0.154119,0.174811
0.309618,0.243347,-0.055815,0.083878,0.321842,-0.138329,-0.131905,0.164355,0.14406,-0.154119,0.174811,-0.044601
0.311818,0.243347,0.083878,0.321842,-0.138329,-0.131905,0.164355,0.14406,-0.154119,0.174811,-0.044601,-0.081534
0.309464,0.243347,0.321842,-0.138329,-0.131905,0.164355,0.14406,-0.154119,0.174811,-0.044601,-0.081534,0.017599
0.312131,0.243347,-0.138329,-0.131905,0.164355,0.14406,-0.154119,0.174811,-0.044601,-0.081534,0.017599,0.275538
0.311451,0.243347,-0.131905,0.164355,0.14406,-0.154119,0.174811,-0.044601,-0.081534,0.017599,0.275538,-0.093117
0.310208,0.243347,0.164355,0.14406,-0.154119,0.174811,-0.044601,-0.081534,0.017599,0.275538,-0.093117,-0.200062
0.310477,0.243347,0.14406,-0.154119,0.174811,-0.044601,-0.081534,0.017599,0.275538,-0.093117,-0.200062,0.144111
0.314679,0.243347,-0.154119,0.174811,-0.044601,-0.081534,0.017599,0.275538,-0.093117,-0.200062,0.144111,0.162405
0.313262,0.244232,0.174811,-0.044601,-0.081534,0.017599,0.275538,-0.093117,-0.200062,0.144111,0.162405,-0.147944
0.310215,0.244232,-0.044601,-0.081534,0.017599,0.275538,-0.093117,-0.200062,0.144111,0.162405,-0.147944,0.133675
0.312411,0.244232,-0.081534,0.017599,0.275538,-0.093117,-0.200062,0.144111,0.162405,-0.147944,0.133675,-0.0448
0.314886,0.244232,0.017599,0.275538,-0.093117,-0.200062,0.144111,0.162405,-0.147944,0.133675,-0.0448,-0.082178
0.312631,0.244232,0.275538,-0.093117,-0.200062,0.144111,0.162405,-0.147944,0.133675,-0.0448,-0.082178,0.013906
0.314666,0.244232,-0.093117,-0.200062,0.144111,0.162405,-0.147944,0.133675,-0.0448,-0.082178,0.013906,0.291525
0.313985,0.244232,-0.200062,0.144111,0.162405,-0.147944,0.133675,-0.0448,-0.082178,0.013906,0.291525,-0.157544
0.312734,0.244232,0.144111,0.162405,-0.147944,0.133675,-0.0448,-0.082178,0.013906,0.291525,-0.157544,-0.147726
0.312946,0.244232,0.162405,-0.147944,0.133675,-0.0448,-0.082178,0.013906,0.291525,-0.157544,-0.147726,0.13766
0.317384,0.244232,-0.147944,0.133675,-0.0448,-0.082178,0.013906,0.291525,-0.157544,-0.147726,0.13766,0.141678
0.314991,0.244232,0.133675,-0.0448,-0.082178,0.013906,0.291525,-0.157544,-0.147726,0.13766,0.141678,-0.134338
0.312744,0.244232,-0.0448,-0.082178,0.013906,0.291525,-0.157544,-0.147726,0.13766,0.141678,-0.134338,0.11673
0.314838,0.244232,-0.082178,0.013906,0.291525,-0.157544,-0.147726,0.13766,0.141678,-0.134338,0.11673,0.008619
0.316993,0.244232,0.013906,0.291525,-0.157544,-0.147726,0.13766,0.141678,-0.134338,0.11673,0.008619,-0.093584
0.314949,0.244232,0.291525,-0.157544,-0.147726,0.13766,0.141678,-0.134338,0.11673,0.008619,-0.093584,-0.011141
0.316723,0.244232,-0.157544,-0.147726,0.13766,0.141678,-0.134338,0.11673,0.008619,-0.093584,-0.011141,0.303986
0.316854,0.244232,-0.147726,0.13766,0.141678,-0.134338,0.11673,0.008619,-0.093584,-0.011141,0.303986,-0.172538
0.315433,0.244232,0.13766,0.141678,-0.134338,0.11673,0.008619,-0.093584,-0.011141,0.303986,-0.172538,-0.216007
0.315263,0.244232,0.141678,-0.134338,0.11673,0.008619,-0.093584,-0.011141,0.303986,-0.172538,-0.216007,-0.142238
0.319882,0.244232,-0.134338,0.11673,0.008619,-0.093584,-0.011141,0.303986,-0.172538,-0.216007,-0.142238,0.056256
0.317266,0.244232,0.11673,0.008619,-0.093584,-0.011141,0.303986,-0.172538,-0.216007,-0.142238,0.056256,0.035796
0.313985,0.244232,0.008619,-0.093584,-0.011141,0.303986,-0.172538,-0.216007,-0.142238,0.056256,0.035796,0.052181
0.31182,0.244232,-0.093584,-0.011141,0.303986,-0.172538,-0.216007,-0.142238,0.056256,0.035796,0.052181,-0.019901
0.312678,0.244232,-0.011141,0.303986,-0.172538,-0.216007,-0.142238,0.056256,0.035796,0.052181,-0.019901,-0.082108
0.313223,0.244232,0.303986,-0.172538,-0.216007,-0.142238,0.056256,0.035796,0.052181,-0.019901,-0.082108,-0.042449
0.314018,0.244232,-0.172538,-0.216007,-0.142238,0.056256,0.035796,0.052181,-0.019901,-0.082108,-0.042449,0.148739
0.313715,0.244232,-0.216007,-0.142238,0.056256,0.035796,0.052181,-0.019901,-0.082108,-0.042449,0.148739,-0.248263
0.312465,0.244232,-0.142238,0.056256,0.035796,0.052181,-0.019901,-0.082108,-0.042449,0.148739,-0.248263,-0.093651
0.311818,0.244232,0.056256,0.035796,0.052181,-0.019901,-0.082108,-0.042449,0.148739,-0.248263,-0.093651,0.140243
0.314086,0.244232,0.035796,0.052181,-0.019901,-0.082108,-0.042449,0.148739,-0.248263,-0.093651,0.140243,0.070316
0.310302,0.244232,0.052181,-0.019901,-0.082108,-0.042449,0.148739,-0.248263,-0.093651,0.140243,0.070316,0.039237
0.308874,0.244232,-0.019901,-0.082108,-0.042449,0.148739,-0.248263,-0.093651,0.140243,0.070316,0.039237,-0.071697
0.311013,0.244232,-0.082108,-0.042449,0.148739,-0.248263,-0.093651,0.140243,0.070316,0.039237,-0.071697,-0.132592
0.312086,0.244232,-0.042449,0.148739,-0.248263,-0.093651,0.140243,0.070316,0.039237,-0.071697,-0.132592,-0.18243
0.312685,0.244232,0.148739,-0.248263,-0.093651,0.140243,0.070316,0.039237,-0.071697,-0.132592,-0.18243,0.000409
0.311592,0.244232,-0.248263,-0.093651,0.140243,0.070316,0.039237,-0.071697,-0.132592,-0.18243,0.000409,0.101254
0.309571,0.244232,-0.093651,0.140243,0.070316,0.039237,-0.071697,-0.132592,-0.18243,0.000409,0.101254,-0.193369
0.306783,0.244232,0.140243,0.070316,0.039237,-0.071697,-0.132592,-0.18243,0.000409,0.101254,-0.193369,-0.092709
0.30679,0.244232,0.070316,0.039237,-0.071697,-0.132592,-0.18243,0.000409,0.101254,-0.193369,-0.092709,0.111123
0.30834,0.244232,0.039237,-0.071697,-0.132592,-0.18243,0.000409,0.101254,-0.193369,-0.092709,0.111123,0.056109
0.305381,0.244232,-0.071697,-0.132592,-0.18243,0.000409,0.101254,-0.193369,-0.092709,0.111123,0.056109,-0.083293
0.303961,0.244232,-0.132592,-0.18243,0.000409,0.101254,-0.193369,-0.092709,0.111123,0.056109,-0.083293,0.061022
0.305663,0.244232,-0.18243,0.000409,0.101254,-0.193369,-0.092709,0.111123,0.056109,-0.083293,0.061022,-0.255848
0.306523,0.244232,0.000409,0.101254,-0.193369,-0.092709,0.111123,0.056109,-0.083293,0.061022,-0.255848,0.062313
0.305246,0.242279,0.101254,-0.193369,-0.092709,0.111123,0.056109,-0.083293,0.061022,-0.255848,0.062313,-0.013019
0.306181,0.242279,-0.193369,-0.092709,0.111123,0.056109,-0.083293,0.061022,-0.255848,0.062313,-0.013019,0.113998
0.302261,0.242279,-0.092709,0.111123,0.056109,-0.083293,0.061022,-0.255848,0.062313,-0.013019,0.113998,-0.001678
0.303217,0.242279,0.111123,0.056109,-0.083293,0.061022,-0.255848,0.062313,-0.013019,0.113998,-0.001678,-0.474757
0.303017,0.242279,0.056109,-0.083293,0.061022,-0.255848,0.062313,-0.013019,0.113998,-0.001678,-0.474757,0.261163
0.304768,0.242279,-0.083293,0.061022,-0.255848,0.062313,-0.013019,0.113998,-0.001678,-0.474757,0.261163,0.100804
0.304742,0.242279,0.061022,-0.255848,0.062313,-0.013019,0.113998,-0.001678,-0.474757,0.261163,0.100804,-0.130986
0.297451,0.242279,-0.255848,0.062313,-0.013019,0.113998,-0.001678,-0.474757,0.261163,0.100804,-0.130986,0.198457
0.301468,0.242279,0.062313,-0.013019,0.113998,-0.001678,-0.474757,0.261163,0.100804,-0.130986,0.198457,-0.088996
0.303017,0.242279,-0.013019,0.113998,-0.001678,-0.474757,0.261163,0.100804,-0.130986,0.198457,-0.088996,0.010433
0.301003,0.242279,0.113998,-0.001678,-0.474757,0.261163,0.100804,-0.130986,0.198457,-0.088996,0.010433,0.007714
0.30405,0.242279,-0.001678,-0.474757,0.261163,0.100804,-0.130986,0.198457,-0.088996,0.010433,0.007714,0.238994
0.302686,0.242279,-0.474757,0.261163,0.100804,-0.130986,0.198457,-0.088996,0.010433,0.007714,0.238994,-0.088611
0.302846,0.242279,0.261163,0.100804,-0.130986,0.198457,-0.088996,0.010433,0.007714,0.238994,-0.088611,-0.186241
0.302964,0.242279,0.100804,-0.130986,0.198457,-0.088996,0.010433,0.007714,0.238994,-0.088611,-0.186241,0.138596
0.306631,0.242279,-0.130986,0.198457,-0.088996,0.010433,0.007714,0.238994,-0.088611,-0.186241,0.138596,0.122055
0.305274,0.242279,0.198457,-0.088996,0.010433,0.007714,0.238994,-0.088611,-0.186241,0.138596,0.122055,-0.26996
0.30242,0.242279,-0.088996,0.010433,0.007714,0.238994,-0.088611,-0.186241,0.138596,0.122055,-0.26996,0.136607
0.304546,0.242279,0.010433,0.007714,0.238994,-0.088611,-0.186241,0.138596,0.122055,-0.26996,0.136607,-0.213476
0.306417,0.242279,0.007714,0.238994,-0.088611,-0.186241,0.138596,0.122055,-0.26996,0.136607,-0.213476,0.00017
0.302273,0.242676,0.238994,-0.088611,-0.186241,0.138596,0.122055,-0.26996,0.136607,-0.213476,0.00017,-0.012744
0.304369,0.242676,-0.088611,-0.186241,0.138596,0.122055,-0.26996,0.136607,-0.213476,0.00017,-0.012744,0.334877
0.301095,0.242676,-0.186241,0.138596,0.122055,-0.26996,0.136607,-0.213476,0.00017,-0.012744,0.334877,-0.092011
0.301098,0.242676,0.138596,0.122055,-0.26996,0.136607,-0.213476,0.00017,-0.012744,0.334877,-0.092011,-0.199796
0.300902,0.242676,0.122055,-0.26996,0.136607,-0.213476,0.00017,-0.012744,0.334877,-0.092011,-0.199796,0.152244
0.306045,0.242676,-0.26996,0.136607,-0.213476,0.00017,-0.012744,0.334877,-0.092011,-0.199796,0.152244,0.17753
0.304635,0.242676,0.136607,-0.213476,0.00017,-0.012744,0.334877,-0.092011,-0.199796,0.152244,0.17753,-0.135311
0.301572,0.242676,-0.213476,0.00017,-0.012744,0.334877,-0.092011,-0.199796,0.152244,0.17753,-0.135311,0.147998
0.303908,0.242676,0.00017,-0.012744,0.334877,-0.092011,-0.199796,0.152244,0.17753,-0.135311,0.147998,-0.030221
0.30663,0.242676,-0.012744,0.334877,-0.092011,-0.199796,0.152244,0.17753,-0.135311,0.147998,-0.030221,-0.05591
0.304555,0.242676,0.334877,-0.092011,-0.199796,0.152244,0.17753,-0.135311,0.147998,-0.030221,-0.05591,0.021364
0.306822,0.242676,-0.092011,-0.199796,0.152244,0.17753,-0.135311,0.147998,-0.030221,-0.05591,0.021364,0.282843
0.306359,0.242676,-0.199796,0.152244,0.17753,-0.135311,0.147998,-0.030221,-0.05591,0.021364,0.282843,-0.113571
0.305504,0.242676,0.152244,0.17753,-0.135311,0.147998,-0.030221,-0.05591,0.021364,0.282843,-0.113571,-0.145673
0.305831,0.242676,0.17753,-0.135311,0.147998,-0.030221,-0.05591,0.021364,0.282843,-0.113571,-0.145673,0.129043
0.31016,0.242676,-0.135311,0.147998,-0.030221,-0.05591,0.021364,0.282843,-0.113571,-0.145673,0.129043,0.150754
0.308426,0.242676,0.147998,-0.030221,-0.05591,0.021364,0.282843,-0.113571,-0.145673,0.129043,0.150754,-0.143251
0.306199,0.242676,-0.030221,-0.05591,0.021364,0.282843,-0.113571,-0.145673,0.129043,0.150754,-0.143251,0.167191
0.308172,0.242676,-0.05591,0.021364,0.282843,-0.113571,-0.145673,0.129043,0.150754,-0.143251,0.167191,-0.033927
0.310477,0.242676,0.021364,0.282843,-0.113571,-0.145673,0.129043,0.150754,-0.143251,0.167191,-0.033927,-0.063703
0.308287,0.242676,0.282843,-0.113571,-0.145673,0.129043,0.150754,-0.143251,0.167191,-0.033927,-0.063703,0.024654
0.31084,0.242676,-0.113571,-0.145673,0.129043,0.150754,-0.143251,0.167191,-0.033927,-0.063703,0.024654,0.303334
0.310322,0.242676,-0.145673,0.129043,0.150754,-0.143251,0.167191,-0.033927,-0.063703,0.024654,0.303334,-0.290603
0.30935,0.242676,0.129043,0.150754,-0.143251,0.167191,-0.033927,-0.063703,0.024654,0.303334,-0.290603,-0.181135
0.309727,0.242676,0.150754,-0.143251,0.167191,-0.033927,-0.063703,0.024654,0.303334,-0.290603,-0.181135,-0.302461
0.314356,0.242676,-0.143251,0.167191,-0.033927,-0.063703,0.024654,0.303334,-0.290603,-0.181135,-0.302461,0.267392
0.309927,0.242676,0.167191,-0.033927,-0.063703,0.024654,0.303334,-0.290603,-0.181135,-0.302461,0.267392,-0.149156
0.307161,0.242676,-0.033927,-0.063703,0.024654,0.303334,-0.290603,-0.181135,-0.302461,0.267392,-0.149156,0.17582
0.302528,0.242676,-0.063703,0.024654,0.303334,-0.290603,-0.181135,-0.302461,0.267392,-0.149156,0.17582,0.018703
0.30663,0.242676,0.024654,0.303334,-0.290603,-0.181135,-0.302461,0.267392,-0.149156,0.17582,0.018703,-0.052605
0.304342,0.242676,0.303334,-0.290603,-0.181135,-0.302461,0.267392,-0.149156,0.17582,0.018703,-0.052605,-0.003033
0.307035,0.242676,-0.290603,-0.181135,-0.302461,0.267392,-0.149156,0.17582,0.018703,-0.052605,-0.003033,0.122112
0.307321,0.242676,-0.181135,-0.302461,0.267392,-0.149156,0.17582,0.018703,-0.052605,-0.003033,0.122112,-0.172494
0.306517,0.242676,-0.302461,0.267392,-0.149156,0.17582,0.018703,-0.052605,-0.003033,0.122112,-0.172494,-0.103186
0.30647,0.242676,0.267392,-0.149156,0.17582,0.018703,-0.052605,-0.003033,0.122112,-0.172494,-0.103186,0.205325
0.30834,0.242676,-0.149156,0.17582,0.018703,-0.052605,-0.003033,0.122112,-0.172494,-0.103186,0.205325,-0.07617
0.305701,0.242676,0.17582,0.018703,-0.052605,-0.003033,0.122112,-0.172494,-0.103186,0.205325,-0.07617,0.076636
0.304121,0.242676,0.018703,-0.052605,-0.003033,0.122112,-0.172494,-0.103186,0.205325,-0.07617,0.076636,-0.165201
0.307264,0.242676,-0.052605,-0.003033,0.122112,-0.172494,-0.103186,0.205325,-0.07617,0.076636,-0.165201,-0.005792
0.306097,0.242676,-0.003033,0.122112,-0.172494,-0.103186,0.205325,-0.07617,0.076636,-0.165201,-0.005792,-0.1559
0.307271,0.242676,0.122112,-0.172494,-0.103186,0.205325,-0.07617,0.076636,-0.165201,-0.005792,-0.1559,-0.10567
0.304742,0.242676,-0.172494,-0.103186,0.205325,-0.07617,0.076636,-0.165201,-0.005792,-0.1559,-0.10567,0.449514
0.304653,0.242676,-0.103186,0.205325,-0.07617,0.076636,-0.165201,-0.005792,-0.1559,-0.10567,0.449514,-0.144425
0.302263,0.242676,0.205325,-0.07617,0.076636,-0.165201,-0.005792,-0.1559,-0.10567,0.449514,-0.144425,-0.116987
0.300638,0.243347,-0.07617,0.076636,-0.165201,-0.005792,-0.1559,-0.10567,0.449514,-0.144425,-0.116987,0.138874
0.307538,0.243347,0.076636,-0.165201,-0.005792,-0.1559,-0.10567,0.449514,-0.144425,-0.116987,0.138874,0.167597
0.305328,0.243347,-0.165201,-0.005792,-0.1559,-0.10567,0.449514,-0.144425,-0.116987,0.138874,0.167597,-0.239812
0.303536,0.243347,-0.005792,-0.1559,-0.10567,0.449514,-0.144425,-0.116987,0.138874,0.167597,-0.239812,0.12357
0.305663,0.243347,-0.1559,-0.10567,0.449514,-0.144425,-0.116987,0.138874,0.167597,-0.239812,0.12357,-0.210982
0.30823,0.243347,-0.10567,0.449514,-0.144425,-0.116987,0.138874,0.167597,-0.239812,0.12357,-0.210982,0.079735
0.304555,0.243347,0.449514,-0.144425,-0.116987,0.138874,0.167597,-0.239812,0.12357,-0.210982,0.079735,-0.006264
0.306448,0.243347,-0.144425,-0.116987,0.138874,0.167597,-0.239812,0.12357,-0.210982,0.079735,-0.006264,0.278271
0.303217,0.243347,-0.116987,0.138874,0.167597,-0.239812,0.12357,-0.210982,0.079735,-0.006264,0.278271,-0.05039
0.304439,0.243347,0.138874,0.167597,-0.239812,0.12357,-0.210982,0.079735,-0.006264,0.278271,-0.05039,-0.208141
0.304343,0.243347,0.167597,-0.239812,0.12357,-0.210982,0.079735,-0.006264,0.278271,-0.05039,-0.208141,0.121714
0.308607,0.243347,-0.239812,0.12357,-0.210982,0.079735,-0.006264,0.278271,-0.05039,-0.208141,0.121714,-0.089825
0.307837,0.243347,0.12357,-0.210982,0.079735,-0.006264,0.278271,-0.05039,-0.208141,0.121714,-0.089825,-0.276121
0.304653,0.243347,-0.210982,0.079735,-0.006264,0.278271,-0.05039,-0.208141,0.121714,-0.089825,-0.276121,0.070403
0.306517,0.243347,0.079735,-0.006264,0.278271,-0.05039,-0.208141,0.121714,-0.089825,-0.276121,0.070403,-0.284287
0.30514,0.243347,-0.006264,0.278271,-0.05039,-0.208141,0.121714,-0.089825,-0.276121,0.070403,-0.284287,-0.057631
0.300897,0.243347,0.278271,-0.05039,-0.208141,0.121714,-0.089825,-0.276121,0.070403,-0.284287,-0.057631,0.096789
0.301979,0.243347,-0.05039,-0.208141,0.121714,-0.089825,-0.276121,0.070403,-0.284287,-0.057631,0.096789,0.287767
0.297609,0.243347,-0.208141,0.121714,-0.089825,-0.276121,0.070403,-0.284287,-0.057631,0.096789,0.287767,-0.036401
0.296721,0.243347,0.121714,-0.089825,-0.276121,0.070403,-0.284287,-0.057631,0.096789,0.287767,-0.036401,-0.150584
0.298214,0.243347,-0.089825,-0.276121,0.070403,-0.284287,-0.057631,0.096789,0.287767,-0.036401,-0.150584,0.148275
0.302644,0.243591,-0.276121,0.070403,-0.284287,-0.057631,0.096789,0.287767,-0.036401,-0.150584,0.148275,0.215087
0.302085,0.243591,0.070403,-0.284287,-0.057631,0.096789,0.287767,-0.036401,-0.150584,0.148275,0.215087,-0.276246
0.299772,0.243591,-0.284287,-0.057631,0.096789,0.287767,-0.036401,-0.150584,0.148275,0.215087,-0.276246,0.184649
0.302051,0.243591,-0.057631,0.096789,0.287767,-0.036401,-0.150584,0.148275,0.215087,-0.276246,0.184649,-0.216722
0.305353,0.243591,0.096789,0.287767,-0.036401,-0.150584,0.148275,0.215087,-0.276246,0.184649,-0.216722,0.027732
0.301109,0.243591,0.287767,-0.036401,-0.150584,0.148275,0.215087,-0.276246,0.184649,-0.216722,0.027732,0.035352
0.303944,0.243591,-0.036401,-0.150584,0.148275,0.215087,-0.276246,0.184649,-0.216722,0.027732,0.035352,0.279818
0.300619,0.243591,-0.150584,0.148275,0.215087,-0.276246,0.184649,-0.216722,0.027732,0.035352,0.279818,-0.06421
0.301045,0.243591,0.148275,0.215087,-0.276246,0.184649,-0.216722,0.027732,0.035352,0.279818,-0.06421,-0.199911
0.301588,0.243591,0.215087,-0.276246,0.184649,-0.216722,0.027732,0.035352,0.279818,-0.06421,-0.199911,0.183557
0.305885,0.243591,-0.276246,0.184649,-0.216722,0.027732,0.035352,0.279818,-0.06421,-0.199911,0.183557,0.125544
0.304902,0.243591,0.184649,-0.216722,0.027732,0.035352,0.279818,-0.06421,-0.199911,0.183557,0.125544,-0.111048
0.301837,0.243591,-0.216722,0.027732,0.035352,0.279818,-0.06421,-0.199911,0.183557,0.125544,-0.111048,0.1621
0.304652,0.243591,0.027732,0.035352,0.279818,-0.06421,-0.199911,0.183557,0.125544,-0.111048,0.1621,-0.012757
0.306577,0.243591,0.035352,0.279818,-0.06421,-0.199911,0.183557,0.125544,-0.111048,0.1621,-0.012757,-0.063039
0.304874,0.243591,0.279818,-0.06421,-0.199911,0.183557,0.125544,-0.111048,0.1621,-0.012757,-0.063039,0.024807
0.307356,0.243591,-0.06421,-0.199911,0.183557,0.125544,-0.111048,0.1621,-0.012757,-0.063039,0.024807,0.286889
0.307161,0.243591,-0.199911,0.183557,0.125544,-0.111048,0.1621,-0.012757,-0.063039,0.024807,0.286889,-0.089134
0.306197,0.243591,0.183557,0.125544,-0.111048,0.1621,-0.012757,-0.063039,0.024807,0.286889,-0.089134,-0.18101
0.306577,0.243591,0.125544,-0.111048,0.1621,-0.012757,-0.063039,0.024807,0.286889,-0.089134,-0.18101,0.118683
0.310965,0.243591,-0.111048,0.1621,-0.012757,-0.063039,0.024807,0.286889,-0.089134,-0.18101,0.118683,0.080697
0.309605,0.243591,0.1621,-0.012757,-0.063039,0.024807,0.286889,-0.089134,-0.18101,0.118683,0.080697,0.038905
0.30684,0.243591,-0.012757,-0.063039,0.024807,0.286889,-0.089134,-0.18101,0.118683,0.080697,0.038905,0.055151
0.308654,0.243591,-0.063039,0.024807,0.286889,-0.089134,-0.18101,0.118683,0.080697,0.038905,0.055151,-0.026898
0.309888,0.243591,0.024807,0.286889,-0.089134,-0.18101,0.118683,0.080697,0.038905,0.055151,-0.026898,-0.067348
0.310482,0.243591,0.286889,-0.089134,-0.18101,0.118683,0.080697,0.038905,0.055151,-0.026898,-0.067348,0.035155
0.311323,0.243591,-0.089134,-0.18101,0.118683,0.080697,0.038905,0.055151,-0.026898,-0.067348,0.035155,0.2755
0.310914,0.243591,-0.18101,0.118683,0.080697,0.038905,0.055151,-0.026898,-0.067348,0.035155,0.2755,-0.103737
0.309886,0.243591,0.118683,0.080697,0.038905,0.055151,-0.026898,-0.067348,0.035155,0.2755,-0.103737,-0.189406
0.310423,0.243591,0.080697,0.038905,0.055151,-0.026898,-0.067348,0.035155,0.2755,-0.103737,-0.189406,0.129968
0.314626,0.243591,0.038905,0.055151,-0.026898,-0.067348,0.035155,0.2755,-0.103737,-0.189406,0.129968,0.063323
0.313047,0.243591,0.055151,-0.026898,-0.067348,0.035155,0.2755,-0.103737,-0.189406,0.129968,0.063323,0.028786
0.310161,0.243591,-0.026898,-0.067348,0.035155,0.2755,-0.103737,-0.189406,0.129968,0.063323,0.028786,0.048701
0.312142,0.243591,-0.067348,0.035155,0.2755,-0.103737,-0.189406,0.129968,0.063323,0.028786,0.048701,-0.016362
0.313108,0.243591,0.035155,0.2755,-0.103737,-0.189406,0.129968,0.063323,0.028786,0.048701,-0.016362,-0.071571
0.313547,0.243591,0.2755,-0.103737,-0.189406,0.129968,0.063323,0.028786,0.048701,-0.016362,-0.071571,0.006828
0.314288,0.243591,-0.103737,-0.189406,0.129968,0.063323,0.028786,0.048701,-0.016362,-0.071571,0.006828,0.305871
0.314039,0.243591,-0.189406,0.129968,0.063323,0.028786,0.048701,-0.016362,-0.071571,0.006828,0.305871,-0.125584
0.31295,0.243591,0.129968,0.063323,0.028786,0.048701,-0.016362,-0.071571,0.006828,0.305871,-0.125584,-0.194076
0.313054,0.243591,0.063323,0.028786,0.048701,-0.016362,-0.071571,0.006828,0.305871,-0.125584,-0.194076,0.098613
0.317709,0.243591,0.028786,0.048701,-0.016362,-0.071571,0.006828,0.305871,-0.125584,-0.194076,0.098613,-0.303214
0.315802,0.243591,0.048701,-0.016362,-0.071571,0.006828,0.305871,-0.125584,-0.194076,0.098613,-0.303214,0.031854
0.312852,0.243591,-0.016362,-0.071571,0.006828,0.305871,-0.125584,-0.194076,0.098613,-0.303214,0.031854,-0.134585
0.314352,0.243591,-0.071571,0.006828,0.305871,-0.125584,-0.194076,0.098613,-0.303214,0.031854,-0.134585,0.081983
0.309727,0.244507,0.006828,0.305871,-0.125584,-0.194076,0.098613,-0.303214,0.031854,-0.134585,0.081983,-0.140455
0.310214,0.244507,0.305871,-0.125584,-0.194076,0.098613,-0.303214,0.031854,-0.134585,0.081983,-0.140455,-0.128232
0.308158,0.244507,-0.125584,-0.194076,0.098613,-0.303214,0.031854,-0.134585,0.081983,-0.140455,-0.128232,0.303493
0.30941,0.244507,-0.194076,0.098613,-0.303214,0.031854,-0.134585,0.081983,-0.140455,-0.128232,0.303493,-0.131029
0.307264,0.244507,0.098613,-0.303214,0.031854,-0.134585,0.081983,-0.140455,-0.128232,0.303493,-0.131029,-0.131579
0.305299,0.244507,-0.303214,0.031854,-0.134585,0.081983,-0.140455,-0.128232,0.303493,-0.131029,-0.131579,0.167499
0.309946,0.244507,0.031854,-0.134585,0.081983,-0.140455,-0.128232,0.303493,-0.131029,-0.131579,0.167499,0.189473
0.307944,0.244507,-0.134585,0.081983,-0.140455,-0.128232,0.303493,-0.131029,-0.131579,0.167499,0.189473,-0.118974
0.305932,0.244507,0.081983,-0.140455,-0.128232,0.303493,-0.131029,-0.131579,0.167499,0.189473,-0.118974,0.030335
0.308494,0.244507,-0.140455,-0.128232,0.303493,-0.131029,-0.131579,0.167499,0.189473,-0.118974,0.030335,-0.128662
0.311388,0.244507,-0.128232,0.303493,-0.131029,-0.131579,0.167499,0.189473,-0.118974,0.030335,-0.128662,-0.178224
0.309571,0.244507,0.303493,-0.131029,-0.131579,0.167499,0.189473,-0.118974,0.030335,-0.128662,-0.178224,0.073481
0.310034,0.244507,-0.131029,-0.131579,0.167499,0.189473,-0.118974,0.030335,-0.128662,-0.178224,0.073481,0.269236
0.30807,0.244507,-0.131579,0.167499,0.189473,-0.118974,0.030335,-0.128662,-0.178224,0.073481,0.269236,-0.10663
0.305344,0.244507,0.167499,0.189473,-0.118974,0.030335,-0.128662,-0.178224,0.073481,0.269236,-0.10663,-0.145834
0.30647,0.244507,0.189473,-0.118974,0.030335,-0.128662,-0.178224,0.073481,0.269236,-0.10663,-0.145834,0.090638
0.310589,0.244507,-0.118974,0.030335,-0.128662,-0.178224,0.073481,0.269236,-0.10663,-0.145834,0.090638,0.182335
0.308961,0.244507,0.030335,-0.128662,-0.178224,0.073481,0.269236,-0.10663,-0.145834,0.090638,0.182335,-0.153857
0.306733,0.244507,-0.128662,-0.178224,0.073481,0.269236,-0.10663,-0.145834,0.090638,0.182335,-0.153857,0.156747
0.308119,0.244507,-0.178224,0.073481,0.269236,-0.10663,-0.145834,0.090638,0.182335,-0.153857,0.156747,-0.135938
0.310906,0.244629,0.073481,0.269236,-0.10663,-0.145834,0.090638,0.182335,-0.153857,0.156747,-0.135938,-0.161176
0.308554,0.244629,0.269236,-0.10663,-0.145834,0.090638,0.182335,-0.153857,0.156747,-0.135938,-0.161176,-0.103645
0.310947,0.244629,-0.10663,-0.145834,0.090638,0.182335,-0.153857,0.156747,-0.135938,-0.161176,-0.103645,0.352201
0.308874,0.244629,-0.145834,0.090638,0.182335,-0.153857,0.156747,-0.135938,-0.161176,-0.103645,0.352201,-0.134585
0.30641,0.244629,0.090638,0.182335,-0.153857,0.156747,-0.135938,-0.161176,-0.103645,0.352201,-0.134585,-0.169995
0.304821,0.244629,0.182335,-0.153857,0.156747,-0.135938,-0.161176,-0.103645,0.352201,-0.134585,-0.169995,0.121915
0.310214,0.244629,-0.153857,0.156747,-0.135938,-0.161176,-0.103645,0.352201,-0.134585,-0.169995,0.121915,0.077104
0.308158,0.244629,0.156747,-0.135938,-0.161176,-0.103645,0.352201,-0.134585,-0.169995,0.121915,0.077104,0.049213
0.305559,0.244629,-0.135938,-0.161176,-0.103645,0.352201,-0.134585,-0.169995,0.121915,0.077104,0.049213,0.023278
0.307424,0.244629,-0.161176,-0.103645,0.352201,-0.134585,-0.169995,0.121915,0.077104,0.049213,0.023278,0.015364
0.308604,0.244629,-0.103645,0.352201,-0.134585,-0.169995,0.121915,0.077104,0.049213,0.023278,0.015364,-0.056612
0.309357,0.244629,0.352201,-0.134585,-0.169995,0.121915,0.077104,0.049213,0.023278,0.015364,-0.056612,0.00017
0.309712,0.244629,-0.134585,-0.169995,0.121915,0.077104,0.049213,0.023278,0.015364,-0.056612,0.00017,0.108965
0.309946,0.244629,-0.169995,0.121915,0.077104,0.049213,0.023278,0.015364,-0.056612,0.00017,0.108965,-0.071538
0.309082,0.244629,0.121915,0.077104,0.049213,0.023278,0.015364,-0.056612,0.00017,0.108965,-0.071538,-0.417701
0.309085,0.244629,0.077104,0.049213,0.023278,0.015364,-0.056612,0.00017,0.108965,-0.071538,-0.417701,0.236367
0.31075,0.244629,0.049213,0.023278,0.015364,-0.056612,0.00017,0.108965,-0.071538,-0.417701,0.236367,0.087536
0.309658,0.244629,0.023278,0.015364,-0.056612,0.00017,0.108965,-0.071538,-0.417701,0.236367,0.087536,-0.114842
0.30327,0.244629,0.015364,-0.056612,0.00017,0.108965,-0.071538,-0.417701,0.236367,0.087536,-0.114842,0.197931
0.30689,0.244629,-0.056612,0.00017,0.108965,-0.071538,-0.417701,0.236367,0.087536,-0.114842,0.197931,-0.058424
0.30823,0.244629,0.00017,0.108965,-0.071538,-0.417701,0.236367,0.087536,-0.114842,0.197931,-0.058424,-0.063337
0.306471,0.244629,0.108965,-0.071538,-0.417701,0.236367,0.087536,-0.114842,0.197931,-0.058424,-0.063337,-0.013621
0.309497,0.244629,-0.071538,-0.417701,0.236367,0.087536,-0.114842,0.197931,-0.058424,-0.063337,-0.013621,0.336853
0.308606,0.244629,-0.417701,0.236367,0.087536,-0.114842,0.197931,-0.058424,-0.063337,-0.013621,0.336853,-0.30358
0.307638,0.244629,0.236367,0.087536,-0.114842,0.197931,-0.058424,-0.063337,-0.013621,0.336853,-0.30358,-0.124606
0.307429,0.244629,0.087536,-0.114842,0.197931,-0.058424,-0.063337,-0.013621,0.336853,-0.30358,-0.124606,-0.104474
0.312577,0.244629,-0.114842,0.197931,-0.058424,-0.063337,-0.013621,0.336853,-0.30358,-0.124606,-0.104474,0.066481
0.307944,0.244629,0.197931,-0.058424,-0.063337,-0.013621,0.336853,-0.30358,-0.124606,-0.104474,0.066481,-0.155739
0.306039,0.244629,-0.058424,-0.063337,-0.013621,0.336853,-0.30358,-0.124606,-0.104474,0.066481,-0.155739,-0.13644
0.304439,0.244629,-0.063337,-0.013621,0.336853,-0.30358,-0.124606,-0.104474,0.066481,-0.155739,-0.13644,-0.105611
0.305459,0.244629,-0.013621,0.336853,-0.30358,-0.124606,-0.104474,0.066481,-0.155739,-0.13644,-0.105611,-0.010019
0.303068,0.244629,0.336853,-0.30358,-0.124606,-0.104474,0.066481,-0.155739,-0.13644,-0.105611,-0.010019,0.062799
0.300973,0.244629,-0.30358,-0.124606,-0.104474,0.066481,-0.155739,-0.13644,-0.105611,-0.010019,0.062799,0.323858
0.29935,0.244629,-0.124606,-0.104474,0.066481,-0.155739,-0.13644,-0.105611,-0.010019,0.062799,0.323858,-0.095364
0.299196,0.244629,-0.104474,0.066481,-0.155739,-0.13644,-0.105611,-0.010019,0.062799,0.323858,-0.095364,-0.140755
0.300163,0.244629,0.066481,-0.155739,-0.13644,-0.105611,-0.010019,0.062799,0.323858,-0.095364,-0.140755,0.173029
0.30514,0.244629,-0.155739,-0.13644,-0.105611,-0.010019,0.062799,0.323858,-0.095364,-0.140755,0.173029,0.115042
0.303678,0.244629,-0.13644,-0.105611,-0.010019,0.062799,0.323858,-0.095364,-0.140755,0.173029,0.115042,-0.117843
0.301519,0.244629,-0.105611,-0.010019,0.062799,0.323858,-0.095364,-0.140755,0.173029,0.115042,-0.117843,0.175722
0.304173,0.244629,-0.010019,0.062799,0.323858,-0.095364,-0.140755,0.173029,0.115042,-0.117843,0.175722,-0.047671
0.305938,0.244629,0.062799,0.323858,-0.095364,-0.140755,0.173029,0.115042,-0.117843,0.175722,-0.047671,-0.146113
0.30413,0.244629,0.323858,-0.095364,-0.140755,0.173029,0.115042,-0.117843,0.175722,-0.047671,-0.146113,-0.154378
0.306822,0.244629,-0.095364,-0.140755,0.173029,0.115042,-0.117843,0.175722,-0.047671,-0.146113,-0.154378,0.199955
0.306093,0.244629,-0.140755,0.173029,0.115042,-0.117843,0.175722,-0.047671,-0.146113,-0.154378,0.199955,-0.046791
0.303855,0.242554,0.173029,0.115042,-0.117843,0.175722,-0.047671,-0.146113,-0.154378,0.199955,-0.046791,-0.230449
0.301483,0.242554,0.115042,-0.117843,0.175722,-0.047671,-0.146113,-0.154378,0.199955,-0.046791,-0.230449,-0.089023
0.304555,0.242554,-0.117843,0.175722,-0.047671,-0.146113,-0.154378,0.199955,-0.046791,-0.230449,-0.089023,0.155399
0.303837,0.242554,0.175722,-0.047671,-0.146113,-0.154378,0.199955,-0.046791,-0.230449,-0.089023,0.155399,-0.106617
0.300301,0.242554,-0.047671,-0.146113,-0.154378,0.199955,-0.046791,-0.230449,-0.089023,0.155399,-0.106617,0.177005
0.298932,0.242554,-0.146113,-0.154378,0.199955,-0.046791,-0.230449,-0.089023,0.155399,-0.106617,0.177005,-0.012725
0.301324,0.242554,-0.154378,0.199955,-0.046791,-0.230449,-0.089023,0.155399,-0.106617,0.177005,-0.012725,-0.037869
0.299683,0.242554,0.199955,-0.046791,-0.230449,-0.089023,0.155399,-0.106617,0.177005,-0.012725,-0.037869,0.090479
0.302403,0.242554,-0.046791,-0.230449,-0.089023,0.155399,-0.106617,0.177005,-0.012725,-0.037869,0.090479,0.270374
0.302208,0.242554,-0.230449,-0.089023,0.155399,-0.106617,0.177005,-0.012725,-0.037869,0.090479,0.270374,-0.11652
0.301627,0.242554,-0.089023,0.155399,-0.106617,0.177005,-0.012725,-0.037869,0.090479,0.270374,-0.11652,-0.158591
0.303017,0.242554,0.155399,-0.106617,0.177005,-0.012725,-0.037869,0.090479,0.270374,-0.11652,-0.158591,0.156115
0.307165,0.242554,-0.106617,0.177005,-0.012725,-0.037869,0.090479,0.270374,-0.11652,-0.158591,0.156115,0.125675
0.305381,0.242554,0.177005,-0.012725,-0.037869,0.090479,0.270374,-0.11652,-0.158591,0.156115,0.125675,-0.145876
0.302951,0.242554,-0.012725,-0.037869,0.090479,0.270374,-0.11652,-0.158591,0.156115,0.125675,-0.145876,0.179659
0.305344,0.242554,-0.037869,0.090479,0.270374,-0.11652,-0.158591,0.156115,0.125675,-0.145876,0.179659,-0.047749
0.307269,0.242554,0.090479,0.270374,-0.11652,-0.158591,0.156115,0.125675,-0.145876,0.179659,-0.047749,-0.136079
0.305034,0.242554,0.270374,-0.11652,-0.158591,0.156115,0.125675,-0.145876,0.179659,-0.047749,-0.136079,-0.151444
0.307784,0.242554,-0.11652,-0.158591,0.156115,0.125675,-0.145876,0.179659,-0.047749,-0.136079,-0.151444,0.22837
0.307054,0.242554,-0.158591,0.156115,0.125675,-0.145876,0.179659,-0.047749,-0.136079,-0.151444,0.22837,-0.057271
0.304971,0.242554,0.156115,0.125675,-0.145876,0.179659,-0.047749,-0.136079,-0.151444,0.22837,-0.057271,-0.220809
0.302647,0.242554,0.125675,-0.145876,0.179659,-0.047749,-0.136079,-0.151444,0.22837,-0.057271,-0.220809,-0.079134
0.306152,0.243713,-0.145876,0.179659,-0.047749,-0.136079,-0.151444,0.22837,-0.057271,-0.220809,-0.079134,-0.074344
0.305274,0.243713,0.179659,-0.047749,-0.136079,-0.151444,0.22837,-0.057271,-0.220809,-0.079134,-0.074344,-0.055084
0.30189,0.243713,-0.047749,-0.136079,-0.151444,0.22837,-0.057271,-0.220809,-0.079134,-0.074344,-0.055084,-0.152462
0.300674,0.243713,-0.136079,-0.151444,0.22837,-0.057271,-0.220809,-0.079134,-0.074344,-0.055084,-0.152462,-0.06719
0.29953,0.243713,-0.151444,0.22837,-0.057271,-0.220809,-0.079134,-0.074344,-0.055084,-0.152462,-0.06719,0.031142
0.298681,0.243713,0.22837,-0.057271,-0.220809,-0.079134,-0.074344,-0.055084,-0.152462,-0.06719,0.031142,0.042262
0.296331,0.243713,-0.057271,-0.220809,-0.079134,-0.074344,-0.055084,-0.152462,-0.06719,0.031142,0.042262,0.406924
0.295295,0.243713,-0.220809,-0.079134,-0.074344,-0.055084,-0.152462,-0.06719,0.031142,0.042262,0.406924,-0.115703
0.295776,0.243713,-0.079134,-0.074344,-0.055084,-0.152462,-0.06719,0.031142,0.042262,0.406924,-0.115703,-0.150216
0.296428,0.243713,-0.074344,-0.055084,-0.152462,-0.06719,0.031142,0.042262,0.406924,-0.115703,-0.150216,0.189297
0.302697,0.243713,-0.055084,-0.152462,-0.06719,0.031142,0.042262,0.406924,-0.115703,-0.150216,0.189297,0.166435
0.30092,0.243713,-0.152462,-0.06719,0.031142,0.042262,0.406924,-0.115703,-0.150216,0.189297,0.166435,-0.12435
0.298611,0.243713,-0.06719,0.031142,0.042262,0.406924,-0.115703,-0.150216,0.189297,0.166435,-0.12435,0.188665
0.301521,0.243713,0.031142,0.042262,0.406924,-0.115703,-0.150216,0.189297,0.166435,-0.12435,0.188665,-0.037093
0.304078,0.243713,0.042262,0.406924,-0.115703,-0.150216,0.189297,0.166435,-0.12435,0.188665,-0.037093,-0.048616
0.302167,0.243713,0.406924,-0.115703,-0.150216,0.189297,0.166435,-0.12435,0.188665,-0.037093,-0.048616,0.011096
0.305061,0.243713,-0.115703,-0.150216,0.189297,0.166435,-0.12435,0.188665,-0.037093,-0.048616,0.011096,0.312923
0.304493,0.243713,-0.150216,0.189297,0.166435,-0.12435,0.188665,-0.037093,-0.048616,0.011096,0.312923,-0.113313
0.303748,0.243713,0.189297,0.166435,-0.12435,0.188665,-0.037093,-0.048616,0.011096,0.312923,-0.113313,-0.186931
0.303919,0.243713,0.166435,-0.12435,0.188665,-0.037093,-0.048616,0.011096,0.312923,-0.113313,-0.186931,0.118123
0.308714,0.243713,-0.12435,0.188665,-0.037093,-0.048616,0.011096,0.312923,-0.113313,-0.186931,0.118123,0.178151
0.306982,0.243713,0.188665,-0.037093,-0.048616,0.011096,0.312923,-0.113313,-0.186931,0.118123,0.178151,-0.142776
0.304121,0.243713,-0.037093,-0.048616,0.011096,0.312923,-0.113313,-0.186931,0.118123,0.178151,-0.142776,0.152316
0.30593,0.243713,-0.048616,0.011096,0.312923,-0.113313,-0.186931,0.118123,0.178151,-0.142776,0.152316,-0.012771
0.308657,0.243713,0.011096,0.312923,-0.113313,-0.186931,0.118123,0.178151,-0.142776,0.152316,-0.012771,-0.063337
0.306471,0.243713,0.312923,-0.113313,-0.186931,0.118123,0.178151,-0.142776,0.152316,-0.012771,-0.063337,0.028223
0.308801,0.243713,-0.113313,-0.186931,0.118123,0.178151,-0.142776,0.152316,-0.012771,-0.063337,0.028223,0.122666
0.308606,0.243713,-0.186931,0.118123,0.178151,-0.142776,0.152316,-0.012771,-0.063337,0.028223,0.122666,-0.043409
0.307638,0.243713,0.118123,0.178151,-0.142776,0.152316,-0.012771,-0.063337,0.028223,0.122666,-0.043409,-0.396565
0.30807,0.243713,0.178151,-0.142776,0.152316,-0.012771,-0.063337,0.028223,0.122666,-0.043409,-0.396565,0.260783
0.309946,0.243713,-0.142776,0.152316,-0.012771,-0.063337,0.028223,0.122666,-0.043409,-0.396565,0.260783,0.126019
0.309283,0.243713,0.152316,-0.012771,-0.063337,0.028223,0.122666,-0.043409,-0.396565,0.260783,0.126019,-0.10805
0.303217,0.243713,-0.012771,-0.063337,0.028223,0.122666,-0.043409,-0.396565,0.260783,0.126019,-0.10805,0.096575
0.307211,0.243713,-0.063337,0.028223,0.122666,-0.043409,-0.396565,0.260783,0.126019,-0.10805,0.096575,-0.138851
0.309139,0.243713,0.028223,0.122666,-0.043409,-0.396565,0.260783,0.126019,-0.10805,0.096575,-0.138851,-0.142936
0.307485,0.243713,0.122666,-0.043409,-0.396565,0.260783,0.126019,-0.10805,0.096575,-0.138851,-0.142936,0.073426
0.308961,0.243713,-0.043409,-0.396565,0.260783,0.126019,-0.10805,0.096575,-0.138851,-0.142936,0.073426,0.303859
0.30684,0.243713,-0.396565,0.260783,0.126019,-0.10805,0.096575,-0.138851,-0.142936,0.073426,0.303859,-0.082049
0.304652,0.243713,0.260783,0.126019,-0.10805,0.096575,-0.138851,-0.142936,0.073426,0.303859,-0.082049,-0.131921
0.305778,0.243713,0.126019,-0.10805,0.096575,-0.138851,-0.142936,0.073426,0.303859,-0.082049,-0.131921,0.115243
0.310428,0.243713,-0.10805,0.096575,-0.138851,-0.142936,0.073426,0.303859,-0.082049,-0.131921,0.115243,0.203698
0.309176,0.243713,0.096575,-0.138851,-0.142936,0.073426,0.303859,-0.082049,-0.131921,0.115243,0.203698,-0.150673
0.307161,0.243713,-0.138851,-0.142936,0.073426,0.303859,-0.082049,-0.131921,0.115243,0.203698,-0.150673,0.157267
0.308922,0.243713,-0.142936,0.073426,0.303859,-0.082049,-0.131921,0.115243,0.203698,-0.150673,0.157267,-0.009261
0.312033,0.243866,0.073426,0.303859,-0.082049,-0.131921,0.115243,0.203698,-0.150673,0.157267,-0.009261,-0.085191
0.309732,0.243866,0.303859,-0.082049,-0.131921,0.115243,0.203698,-0.150673,0.157267,-0.009261,-0.085191,0.017568
0.312131,0.243866,-0.082049,-0.131921,0.115243,0.203698,-0.150673,0.157267,-0.009261,-0.085191,0.017568,0.272324
0.31199,0.243866,-0.131921,0.115243,0.203698,-0.150673,0.157267,-0.009261,-0.085191,0.017568,0.272324,-0.114439
0.310691,0.243866,0.115243,0.203698,-0.150673,0.157267,-0.009261,-0.085191,0.017568,0.272324,-0.114439,-0.168383
0.310959,0.243866,0.203698,-0.150673,0.157267,-0.009261,-0.085191,0.017568,0.272324,-0.114439,-0.168383,0.126563
0.315111,0.243866,-0.150673,0.157267,-0.009261,-0.085191,0.017568,0.272324,-0.114439,-0.168383,0.126563,0.144766
0.31337,0.243866,0.157267,-0.009261,-0.085191,0.017568,0.272324,-0.114439,-0.168383,0.126563,0.144766,-0.140906
0.310806,0.243866,-0.009261,-0.085191,0.017568,0.272324,-0.114439,-0.168383,0.126563,0.144766,-0.140906,0.158635
0.312734,0.243866,-0.085191,0.017568,0.272324,-0.114439,-0.168383,0.126563,0.144766,-0.140906,0.158635,-0.030608
0.31494,0.243866,0.017568,0.272324,-0.114439,-0.168383,0.126563,0.144766,-0.140906,0.158635,-0.030608,-0.046912
0.312793,0.243866,0.272324,-0.114439,-0.168383,0.126563,0.144766,-0.140906,0.158635,-0.030608,-0.046912,-0.010953
0.315207,0.243866,-0.114439,-0.168383,0.126563,0.144766,-0.140906,0.158635,-0.030608,-0.046912,-0.010953,0.302918
0.314742,0.243866,-0.168383,0.126563,0.144766,-0.140906,0.158635,-0.030608,-0.046912,-0.010953,0.302918,-0.296545
0.314028,0.243866,0.126563,0.144766,-0.140906,0.158635,-0.030608,-0.046912,-0.010953,0.302918,-0.296545,-0.136796
0.313862,0.243866,0.144766,-0.140906,0.158635,-0.030608,-0.046912,-0.010953,0.302918,-0.296545,-0.136796,-0.099238
0.318469,0.243866,-0.140906,0.158635,-0.030608,-0.046912,-0.010953,0.302918,-0.296545,-0.136796,-0.099238,0.26435
0.313964,0.243866,0.158635,-0.030608,-0.046912,-0.010953,0.302918,-0.296545,-0.136796,-0.099238,0.26435,-0.175999
0.311882,0.243866,-0.030608,-0.046912,-0.010953,0.302918,-0.296545,-0.136796,-0.099238,0.26435,-0.175999,0.06602
0.310369,0.243866,-0.046912,-0.010953,0.302918,-0.296545,-0.136796,-0.099238,0.26435,-0.175999,0.06602,-0.143489
0.3144,0.243713,-0.010953,0.302918,-0.296545,-0.136796,-0.099238,0.26435,-0.175999,0.06602,-0.143489,-0.165402
0.311717,0.243713,0.302918,-0.296545,-0.136796,-0.099238,0.26435,-0.175999,0.06602,-0.143489,-0.165402,0.045673
0.312723,0.243713,-0.296545,-0.136796,-0.099238,0.26435,-0.175999,0.06602,-0.143489,-0.165402,0.045673,0.084286
0.310537,0.243713,-0.136796,-0.099238,0.26435,-0.175999,0.06602,-0.143489,-0.165402,0.045673,0.084286,-0.190476
0.308012,0.243713,-0.099238,0.26435,-0.175999,0.06602,-0.143489,-0.165402,0.045673,0.084286,-0.190476,-0.100004
0.308711,0.243713,0.26435,-0.175999,0.06602,-0.143489,-0.165402,0.045673,0.084286,-0.190476,-0.100004,0.160384
0.31,0.243713,-0.175999,0.06602,-0.143489,-0.165402,0.045673,0.084286,-0.190476,-0.100004,0.160384,-0.076373
0.307089,0.243713,0.06602,-0.143489,-0.165402,0.045673,0.084286,-0.190476,-0.100004,0.160384,-0.076373,0.021012
0.305559,0.243713,-0.143489,-0.165402,0.045673,0.084286,-0.190476,-0.100004,0.160384,-0.076373,0.021012,-0.137384
0.308012,0.243713,-0.165402,0.045673,0.084286,-0.190476,-0.100004,0.160384,-0.076373,0.021012,-0.137384,0.091803
0.306843,0.243713,0.045673,0.084286,-0.190476,-0.100004,0.160384,-0.076373,0.021012,-0.137384,0.091803,-0.066364
0.307165,0.243713,0.084286,-0.190476,-0.100004,0.160384,-0.076373,0.021012,-0.137384,0.091803,-0.066364,0.010957
0.305061,0.243713,-0.190476,-0.100004,0.160384,-0.076373,0.021012,-0.137384,0.091803,-0.066364,0.010957,0.349394
0.306466,0.243713,-0.100004,0.160384,-0.076373,0.021012,-0.137384,0.091803,-0.066364,0.010957,0.349394,-0.138263
0.305451,0.243713,0.160384,-0.076373,0.021012,-0.137384,0.091803,-0.066364,0.010957,0.349394,-0.138263,-0.145812
0.305618,0.243713,-0.076373,0.021012,-0.137384,0.091803,-0.066364,0.010957,0.349394,-0.138263,-0.145812,0.104628
0.310965,0.243713,0.021012,-0.137384,0.091803,-0.066364,0.010957,0.349394,-0.138263,-0.145812,0.104628,0.056166
0.308854,0.243713,-0.137384,0.091803,-0.066364,0.010957,0.349394,-0.138263,-0.145812,0.104628,0.056166,0.056313
0.306626,0.243713,0.091803,-0.066364,0.010957,0.349394,-0.138263,-0.145812,0.104628,0.056166,0.056313,-0.071473
0.308226,0.243713,-0.066364,0.010957,0.349394,-0.138263,-0.145812,0.104628,0.056166,0.056313,-0.071473,-0.149308
0.309085,0.243713,0.010957,0.349394,-0.138263,-0.145812,0.104628,0.056166,0.056313,-0.071473,-0.149308,-0.156713
0.309946,0.243713,0.349394,-0.138263,-0.145812,0.104628,0.056166,0.056313,-0.071473,-0.149308,-0.156713,0.069933
0.308854,0.243713,-0.138263,-0.145812,0.104628,0.056166,0.056313,-0.071473,-0.149308,-0.156713,0.069933,0.278916
0.306573,0.243713,-0.145812,0.104628,0.056166,0.056313,-0.071473,-0.149308,-0.156713,0.069933,0.278916,-0.12394
0.304173,0.243713,0.104628,0.056166,0.056313,-0.071473,-0.149308,-0.156713,0.069933,0.278916,-0.12394,-0.159358
0.305246,0.243713,0.056166,0.056313,-0.071473,-0.149308,-0.156713,0.069933,0.278916,-0.12394,-0.159358,0.139295
0.309517,0.243713,0.056313,-0.071473,-0.149308,-0.156713,0.069933,0.278916,-0.12394,-0.159358,0.139295,0.143541
0.307623,0.243713,-0.071473,-0.149308,-0.156713,0.069933,0.278916,-0.12394,-0.159358,0.139295,0.143541,-0.16042
0.305186,0.243713,-0.149308,-0.156713,0.069933,0.278916,-0.12394,-0.159358,0.139295,0.143541,-0.16042,0.036944
0.307317,0.243713,-0.156713,0.069933,0.278916,-0.12394,-0.159358,0.139295,0.143541,-0.16042,0.036944,-0.12801
0.309513,0.243713,0.069933,0.278916,-0.12394,-0.159358,0.139295,0.143541,-0.16042,0.036944,-0.12801,-0.166707
0.307058,0.243713,0.278916,-0.12394,-0.159358,0.139295,0.143541,-0.16042,0.036944,-0.12801,-0.166707,0.062956
0.307623,0.243713,-0.12394,-0.159358,0.139295,0.143541,-0.16042,0.036944,-0.12801,-0.166707,0.062956,0.253648
0.305666,0.243713,-0.159358,0.139295,0.143541,-0.16042,0.036944,-0.12801,-0.166707,0.062956,0.253648,-0.088776
0.303111,0.243713,0.139295,0.143541,-0.16042,0.036944,-0.12801,-0.166707,0.062956,0.253648,-0.088776,-0.152053
0.304078,0.243713,0.143541,-0.16042,0.036944,-0.12801,-0.166707,0.062956,0.253648,-0.088776,-0.152053,0.11467
0.307966,0.243713,-0.16042,0.036944,-0.12801,-0.166707,0.062956,0.253648,-0.088776,-0.152053,0.11467,0.07352
0.306608,0.243713,0.036944,-0.12801,-0.166707,0.062956,0.253648,-0.088776,-0.152053,0.11467,0.07352,0.034991
0.304281,0.243713,-0.12801,-0.166707,0.062956,0.253648,-0.088776,-0.152053,0.11467,0.07352,0.034991,0.093138
0.306037,0.243713,-0.166707,0.062956,0.253648,-0.088776,-0.152053,0.11467,0.07352,0.034991,0.093138,-0.033829
0.307163,0.243713,0.062956,0.253648,-0.088776,-0.152053,0.11467,0.07352,0.034991,0.093138,-0.033829,-0.066835
0.307699,0.243713,0.253648,-0.088776,-0.152053,0.11467,0.07352,0.034991,0.093138,-0.033829,-0.066835,0.010783
0.309122,0.243713,-0.088776,-0.152053,0.11467,0.07352,0.034991,0.093138,-0.033829,-0.066835,0.010783,0.284213
0.308606,0.243713,-0.152053,0.11467,0.07352,0.034991,0.093138,-0.033829,-0.066835,0.010783,0.284213,-0.303287
0.307584,0.243713,0.11467,0.07352,0.034991,0.093138,-0.033829,-0.066835,0.010783,0.284213,-0.303287,-0.127957
0.30775,0.244904,0.07352,0.034991,0.093138,-0.033829,-0.066835,0.010783,0.284213,-0.303287,-0.127957,-0.083506
0.312093,0.244904,0.034991,0.093138,-0.033829,-0.066835,0.010783,0.284213,-0.303287,-0.127957,-0.083506,0.268267
0.307463,0.244904,0.093138,-0.033829,-0.066835,0.010783,0.284213,-0.303287,-0.127957,-0.083506,0.268267,-0.163541
0.305506,0.244904,-0.033829,-0.066835,0.010783,0.284213,-0.303287,-0.127957,-0.083506,0.268267,-0.163541,0.134537
0.304227,0.244904,-0.066835,0.010783,0.284213,-0.303287,-0.127957,-0.083506,0.268267,-0.163541,0.134537,0.011752
0.308337,0.244904,0.010783,0.284213,-0.303287,-0.127957,-0.083506,0.268267,-0.163541,0.134537,0.011752,-0.084165
0.305832,0.244904,0.284213,-0.303287,-0.127957,-0.083506,0.268267,-0.163541,0.134537,0.011752,-0.084165,0.031739
0.307891,0.244904,-0.303287,-0.127957,-0.083506,0.268267,-0.163541,0.134537,0.011752,-0.084165,0.031739,0.280345
0.30807,0.244904,-0.127957,-0.083506,0.268267,-0.163541,0.134537,0.011752,-0.084165,0.031739,0.280345,-0.099747
0.306783,0.244904,-0.083506,0.268267,-0.163541,0.134537,0.011752,-0.084165,0.031739,0.280345,-0.099747,-0.177683
0.307269,0.244904,0.268267,-0.163541,0.134537,0.011752,-0.084165,0.031739,0.280345,-0.099747,-0.177683,0.136329
0.311556,0.244904,-0.163541,0.134537,0.011752,-0.084165,0.031739,0.280345,-0.099747,-0.177683,0.136329,0.15105
0.310034,0.244904,0.134537,0.011752,-0.084165,0.031739,0.280345,-0.099747,-0.177683,0.136329,0.15105,-0.133069
0.307321,0.244904,0.011752,-0.084165,0.031739,0.280345,-0.099747,-0.177683,0.136329,0.15105,-0.133069,0.111358
0.309404,0.244904,-0.084165,0.031739,0.280345,-0.099747,-0.177683,0.136329,0.15105,-0.133069,0.111358,-0.012791
0.311711,0.244904,0.031739,0.280345,-0.099747,-0.177683,0.136329,0.15105,-0.133069,0.111358,-0.012791,-0.084979
0.309678,0.244904,0.280345,-0.099747,-0.177683,0.136329,0.15105,-0.133069,0.111358,-0.012791,-0.084979,0.049186
0.311377,0.244904,-0.099747,-0.177683,0.136329,0.15105,-0.133069,0.111358,-0.012791,-0.084979,0.049186,0.272103
0.311182,0.244904,-0.177683,0.136329,0.15105,-0.133069,0.111358,-0.012791,-0.084979,0.049186,0.272103,-0.117916
0.309886,0.244904,0.136329,0.15105,-0.133069,0.111358,-0.012791,-0.084979,0.049186,0.272103,-0.117916,-0.175294
0.310638,0.243713,0.15105,-0.133069,0.111358,-0.012791,-0.084979,0.049186,0.272103,-0.117916,-0.175294,0.140601
0.314787,0.243713,-0.133069,0.111358,-0.012791,-0.084979,0.049186,0.272103,-0.117916,-0.175294,0.140601,-0.088171
0.312993,0.243713,0.111358,-0.012791,-0.084979,0.049186,0.272103,-0.117916,-0.175294,0.140601,-0.088171,0.021492
0.310322,0.243713,-0.012791,-0.084979,0.049186,0.272103,-0.117916,-0.175294,0.140601,-0.088171,0.021492,-0.155917
0.312465,0.243713,-0.084979,0.049186,0.272103,-0.117916,-0.175294,0.140601,-0.088171,0.021492,-0.155917,0.085701
0.31112,0.243713,0.049186,0.272103,-0.117916,-0.175294,0.140601,-0.088171,0.021492,-0.155917,0.085701,-0.070732
0.311448,0.243713,0.272103,-0.117916,-0.175294,0.140601,-0.088171,0.021492,-0.155917,0.085701,-0.070732,-0.010349
0.309069,0.243713,-0.117916,-0.175294,0.140601,-0.088171,0.021492,-0.155917,0.085701,-0.070732,-0.010349,0.359551
0.310376,0.243713,-0.175294,0.140601,-0.088171,0.021492,-0.155917,0.085701,-0.070732,-0.010349,0.359551,-0.163857
0.309297,0.243713,0.140601,-0.088171,0.021492,-0.155917,0.085701,-0.070732,-0.010349,0.359551,-0.163857,-0.150354
0.309139,0.243713,-0.088171,0.021492,-0.155917,0.085701,-0.070732,-0.010349,0.359551,-0.163857,-0.150354,0.08756
0.314626,0.243713,0.021492,-0.155917,0.085701,-0.070732,-0.010349,0.359551,-0.163857,-0.150354,0.08756,-0.066735
0.312131,0.243713,-0.155917,0.085701,-0.070732,-0.010349,0.359551,-0.163857,-0.150354,0.08756,-0.066735,0.067061
0.309839,0.243713,0.085701,-0.070732,-0.010349,0.359551,-0.163857,-0.150354,0.08756,-0.066735,0.067061,-0.229387
0.311174,0.243713,-0.070732,-0.010349,0.359551,-0.163857,-0.150354,0.08756,-0.066735,0.067061,-0.229387,0.106474
0.310155,0.243713,-0.010349,0.359551,-0.163857,-0.150354,0.08756,-0.066735,0.067061,-0.229387,0.106474,-0.098484
0.31118,0.243713,0.359551,-0.163857,-0.150354,0.08756,-0.066735,0.067061,-0.229387,0.106474,-0.098484,0.03171
0.307677,0.243713,-0.163857,-0.150354,0.08756,-0.066735,0.067061,-0.229387,0.106474,-0.098484,0.03171,0.33404
0.309302,0.243713,-0.150354,0.08756,-0.066735,0.067061,-0.229387,0.106474,-0.098484,0.03171,0.33404,-0.159973
0.307798,0.243713,0.08756,-0.066735,0.067061,-0.229387,0.106474,-0.098484,0.03171,0.33404,-0.159973,-0.149973
0.308283,0.243713,-0.066735,0.067061,-0.229387,0.106474,-0.098484,0.03171,0.33404,-0.159973,-0.149973,0.122578
0.313385,0.243713,0.067061,-0.229387,0.106474,-0.098484,0.03171,0.33404,-0.159973,-0.149973,0.122578,0.172487
0.310947,0.243713,-0.229387,0.106474,-0.098484,0.03171,0.33404,-0.159973,-0.149973,0.122578,0.172487,-0.119343
0.308659,0.243713,0.106474,-0.098484,0.03171,0.33404,-0.159973,-0.149973,0.122578,0.172487,-0.119343,0.119002
0.31053,0.243713,-0.098484,0.03171,0.33404,-0.159973,-0.149973,0.122578,0.172487,-0.119343,0.119002,-0.150674
0.313162,0.243713,0.03171,0.33404,-0.159973,-0.149973,0.122578,0.172487,-0.119343,0.119002,-0.150674,-0.127
0.311341,0.243713,0.33404,-0.159973,-0.149973,0.122578,0.172487,-0.119343,0.119002,-0.150674,-0.127,-0.153241
0.313154,0.243713,-0.159973,-0.149973,0.122578,0.172487,-0.119343,0.119002,-0.150674,-0.127,-0.153241,0.353751
0.31086,0.243713,-0.149973,0.122578,0.172487,-0.119343,0.119002,-0.150674,-0.127,-0.153241,0.353751,-0.127954
0.308922,0.243713,0.122578,0.172487,-0.119343,0.119002,-0.150674,-0.127,-0.153241,0.353751,-0.127954,-0.128662
0.306577,0.243713,0.172487,-0.119343,0.119002,-0.150674,-0.127,-0.153241,0.353751,-0.127954,-0.128662,0.111905
0.311986,0.243713,-0.119343,0.119002,-0.150674,-0.127,-0.153241,0.353751,-0.127954,-0.128662,0.111905,0.154663
0.310034,0.243713,0.119002,-0.150674,-0.127,-0.153241,0.353751,-0.127954,-0.128662,0.111905,0.154663,-0.147198
0.30807,0.243713,-0.150674,-0.127,-0.153241,0.353751,-0.127954,-0.128662,0.111905,0.154663,-0.147198,0.146739
0.309779,0.243713,-0.127,-0.153241,0.353751,-0.127954,-0.128662,0.111905,0.154663,-0.147198,0.146739,-0.037534
0.31214,0.243713,-0.153241,0.353751,-0.127954,-0.128662,0.111905,0.154663,-0.147198,0.146739,-0.037534,-0.071004
0.309892,0.243713,0.353751,-0.127954,-0.128662,0.111905,0.154663,-0.147198,0.146739,-0.037534,-0.071004,0.031626
0.312131,0.243713,-0.127954,-0.128662,0.111905,0.154663,-0.147198,0.146739,-0.037534,-0.071004,0.031626,0.261676
0.311559,0.243713,-0.128662,0.111905,0.154663,-0.147198,0.146739,-0.037534,-0.071004,0.031626,0.261676,-0.128569
0.310476,0.243713,0.111905,0.154663,-0.147198,0.146739,-0.037534,-0.071004,0.031626,0.261676,-0.128569,-0.192898
0.310959,0.243713,0.154663,-0.147198,0.146739,-0.037534,-0.071004,0.031626,0.261676,-0.128569,-0.192898,0.122869
0.314949,0.243713,-0.147198,0.146739,-0.037534,-0.071004,0.031626,0.261676,-0.128569,-0.192898,0.122869,0.155199
0.312993,0.243713,0.146739,-0.037534,-0.071004,0.031626,0.261676,-0.128569,-0.192898,0.122869,0.155199,-0.133694
0.310054,0.244781,-0.037534,-0.071004,0.031626,0.261676,-0.128569,-0.192898,0.122869,0.155199,-0.133694,0.122882
0.311927,0.244781,-0.071004,0.031626,0.261676,-0.128569,-0.192898,0.122869,0.155199,-0.133694,0.122882,-0.012807
0.314293,0.244781,0.031626,0.261676,-0.128569,-0.192898,0.122869,0.155199,-0.133694,0.122882,-0.012807,-0.057388
0.312255,0.244781,0.261676,-0.128569,-0.192898,0.122869,0.155199,-0.133694,0.122882,-0.012807,-0.057388,0.003289
0.314126,0.244781,-0.128569,-0.192898,0.122869,0.155199,-0.133694,0.122882,-0.012807,-0.057388,0.003289,0.280936
0.313931,0.244781,-0.192898,0.122869,0.155199,-0.133694,0.122882,-0.012807,-0.057388,0.003289,0.280936,-0.153991
0.313058,0.244781,0.122869,0.155199,-0.133694,0.122882,-0.012807,-0.057388,0.003289,0.280936,-0.153991,-0.154827
0.313108,0.244781,0.155199,-0.133694,0.122882,-0.012807,-0.057388,0.003289,0.280936,-0.153991,-0.154827,0.130551
0.317384,0.244781,-0.133694,0.122882,-0.012807,-0.057388,0.003289,0.280936,-0.153991,-0.154827,0.130551,0.123837
0.315045,0.244781,0.122882,-0.012807,-0.057388,0.003289,0.280936,-0.153991,-0.154827,0.130551,0.123837,-0.123596
0.31269,0.244781,-0.012807,-0.057388,0.003289,0.280936,-0.153991,-0.154827,0.130551,0.123837,-0.123596,0.134478
0.314676,0.244781,-0.057388,0.003289,0.280936,-0.153991,-0.154827,0.130551,0.123837,-0.123596,0.134478,-0.030681
0.31656,0.244781,0.003289,0.280936,-0.153991,-0.154827,0.130551,0.123837,-0.123596,0.134478,-0.030681,-0.082754
0.314679,0.244781,0.280936,-0.153991,-0.154827,0.130551,0.123837,-0.123596,0.134478,-0.030681,-0.082754,-0.067731
0.316723,0.244781,-0.153991,-0.154827,0.130551,0.123837,-0.123596,0.134478,-0.030681,-0.082754,-0.067731,0.149614
0.316258,0.244781,-0.154827,0.130551,0.123837,-0.123596,0.134478,-0.030681,-0.082754,-0.067731,0.149614,-0.235163
0.315,0.244781,0.130551,0.123837,-0.123596,0.134478,-0.030681,-0.082754,-0.067731,0.149614,-0.235163,-0.139949
0.313969,0.244781,0.123837,-0.123596,0.134478,-0.030681,-0.082754,-0.067731,0.149614,-0.235163,-0.139949,0.158349
0.316247,0.244781,-0.123596,0.134478,-0.030681,-0.082754,-0.067731,0.149614,-0.235163,-0.139949,0.158349,0.066888
0.312669,0.244781,0.134478,-0.030681,-0.082754,-0.067731,0.149614,-0.235163,-0.139949,0.158349,0.066888,0.046625
0.310537,0.244781,-0.030681,-0.082754,-0.067731,0.149614,-0.235163,-0.139949,0.158349,0.066888,0.046625,0.034681
0.31295,0.243347,-0.082754,-0.067731,0.149614,-0.235163,-0.139949,0.158349,0.066888,0.046625,0.034681,-0.023491
0.313969,0.243347,-0.067731,0.149614,-0.235163,-0.139949,0.158349,0.066888,0.046625,0.034681,-0.023491,-0.068213
0.314679,0.243347,0.149614,-0.235163,-0.139949,0.158349,0.066888,0.046625,0.034681,-0.023491,-0.068213,0.020896
0.315207,0.243347,-0.235163,-0.139949,0.158349,0.066888,0.046625,0.034681,-0.023491,-0.068213,0.020896,0.11767
0.31485,0.243347,-0.139949,0.158349,0.066888,0.046625,0.034681,-0.023491,-0.068213,0.020896,0.11767,-0.057737
0.313813,0.243347,0.158349,0.066888,0.046625,0.034681,-0.023491,-0.068213,0.020896,0.11767,-0.057737,-0.422733
0.314131,0.243347,0.066888,0.046625,0.034681,-0.023491,-0.068213,0.020896,0.11767,-0.057737,-0.422733,0.256596
0.315922,0.243347,0.046625,0.034681,-0.023491,-0.068213,0.020896,0.11767,-0.057737,-0.422733,0.256596,-0.165393
0.315045,0.243347,0.034681,-0.023491,-0.068213,0.020896,0.11767,-0.057737,-0.422733,0.256596,-0.165393,0.031898
0.308606,0.243347,-0.023491,-0.068213,0.020896,0.11767,-0.057737,-0.422733,0.256596,-0.165393,0.031898,-0.120634
0.312519,0.243347,-0.068213,0.020896,0.11767,-0.057737,-0.422733,0.256596,-0.165393,0.031898,-0.120634,0.057465
0.309995,0.243347,0.020896,0.11767,-0.057737,-0.422733,0.256596,-0.165393,0.031898,-0.120634,0.057465,-0.067031
0.310482,0.243347,0.11767,-0.057737,-0.422733,0.256596,-0.165393,0.031898,-0.120634,0.057465,-0.067031,-0.003261
0.30864,0.243347,-0.057737,-0.422733,0.256596,-0.165393,0.031898,-0.120634,0.057465,-0.067031,-0.003261,0.358923
0.309517,0.243347,-0.422733,0.256596,-0.165393,0.031898,-0.120634,0.057465,-0.067031,-0.003261,0.358923,-0.160124
0.308494,0.243347,0.256596,-0.165393,0.031898,-0.120634,0.057465,-0.067031,-0.003261,0.358923,-0.160124,-0.132565
0.308444,0.243347,-0.165393,0.031898,-0.120634,0.057465,-0.067031,-0.003261,0.358923,-0.160124,-0.132565,0.059349
0.313924,0.243347,0.031898,-0.120634,0.057465,-0.067031,-0.003261,0.358923,-0.160124,-0.132565,0.059349,0.197162
0.311485,0.243347,-0.120634,0.057465,-0.067031,-0.003261,0.358923,-0.160124,-0.132565,0.059349,0.197162,-0.151057
0.309463,0.243347,0.057465,-0.067031,-0.003261,0.358923,-0.160124,-0.132565,0.059349,0.197162,-0.151057,0.12245
0.310369,0.243347,-0.067031,-0.003261,0.358923,-0.160124,-0.132565,0.059349,0.197162,-0.151057,0.12245,-0.026958
0.313377,0.243347,-0.003261,0.358923,-0.160124,-0.132565,0.059349,0.197162,-0.151057,0.12245,-0.026958,-0.085333
0.311072,0.243347,0.358923,-0.160124,-0.132565,0.059349,0.197162,-0.151057,0.12245,-0.026958,-0.085333,0.014013
0.312939,0.243347,-0.160124,-0.132565,0.059349,0.197162,-0.151057,0.12245,-0.026958,-0.085333,0.014013,0.099106
0.312528,0.243347,-0.132565,0.059349,0.197162,-0.151057,0.12245,-0.026958,-0.085333,0.014013,0.099106,-0.07878
0.311228,0.243347,0.059349,0.197162,-0.151057,0.12245,-0.026958,-0.085333,0.014013,0.099106,-0.07878,-0.405722
0.311442,0.243347,0.197162,-0.151057,0.12245,-0.026958,-0.085333,0.014013,0.099106,-0.07878,-0.405722,0.247997
0.312954,0.243347,-0.151057,0.12245,-0.026958,-0.085333,0.014013,0.099106,-0.07878,-0.405722,0.247997,0.122898
0.311754,0.243347,0.12245,-0.026958,-0.085333,0.014013,0.099106,-0.07878,-0.405722,0.247997,0.122898,-0.14345
0.305559,0.243347,-0.026958,-0.085333,0.014013,0.099106,-0.07878,-0.405722,0.247997,0.122898,-0.14345,0.202853
0.30935,0.243347,-0.085333,0.014013,0.099106,-0.07878,-0.405722,0.247997,0.122898,-0.14345,0.202853,-0.07989
0.311227,0.243347,0.014013,0.099106,-0.07878,-0.405722,0.247997,0.122898,-0.14345,0.202853,-0.07989,0.003026
0.309035,0.243347,0.099106,-0.07878,-0.405722,0.247997,0.122898,-0.14345,0.202853,-0.07989,0.003026,-0.024597
0.312131,0.243347,-0.07878,-0.405722,0.247997,0.122898,-0.14345,0.202853,-0.07989,0.003026,-0.024597,0.289794
0.310914,0.243347,-0.405722,0.247997,0.122898,-0.14345,0.202853,-0.07989,0.003026,-0.024597,0.289794,-0.089617
0.31096,0.243347,0.247997,0.122898,-0.14345,0.202853,-0.07989,0.003026,-0.024597,0.289794,-0.089617,-0.175535
0.310584,0.243347,0.122898,-0.14345,0.202853,-0.07989,0.003026,-0.024597,0.289794,-0.089617,-0.175535,0.084178
0.315003,0.243347,-0.14345,0.202853,-0.07989,0.003026,-0.024597,0.289794,-0.089617,-0.175535,0.084178,-0.165263
0.31364,0.243347,0.202853,-0.07989,0.003026,-0.024597,0.289794,-0.089617,-0.175535,0.084178,-0.165263,0.017826
0.310967,0.243347,-0.07989,0.003026,-0.024597,0.289794,-0.089617,-0.175535,0.084178,-0.165263,0.017826,0.044478
0.31225,0.243347,0.003026,-0.024597,0.289794,-0.089617,-0.175535,0.084178,-0.165263,0.017826,0.044478,0.004847
0.309727,0.243347,-0.024597,0.289794,-0.089617,-0.175535,0.084178,-0.165263,0.017826,0.044478,0.004847,-0.091887
0.31,0.243347,0.289794,-0.089617,-0.175535,0.084178,-0.165263,0.017826,0.044478,0.004847,-0.091887,0.066715
0.310678,0.243347,-0.089617,-0.175535,0.084178,-0.165263,0.017826,0.044478,0.004847,-0.091887,0.066715,0.27901
