-0.606345,0.275299,0.044415,-0.001314,0.012198,0.01537,0.025768,-0.000054,-0.040639,-0.154147,0.030734,-0.007681
-0.608414,0.274902,-0.001314,0.012198,0.01537,0.025768,-0.000054,-0.040639,-0.154147,0.030734,-0.007681,0.041299
-0.616361,0.274902,0.012198,0.01537,0.025768,-0.000054,-0.040639,-0.154147,0.030734,-0.007681,0.041299,0.009703
-0.614763,0.27594,0.01537,0.025768,-0.000054,-0.040639,-0.154147,0.030734,-0.007681,0.041299,0.009703,0.019369
-0.615163,0.27594,0.025768,-0.000054,-0.040639,-0.154147,0.030734,-0.007681,0.041299,0.009703,0.019369,0.018391
-0.61302,0.27594,-0.000054,-0.040639,-0.154147,0.030734,-0.007681,0.041299,0.009703,0.019369,0.018391,0.041987
-0.612519,0.27594,-0.040639,-0.154147,0.030734,-0.007681,0.041299,0.009703,0.019369,0.018391,0.041987,0.007036
-0.611522,0.27594,-0.154147,0.030734,-0.007681,0.041299,0.009703,0.019369,0.018391,0.041987,0.007036,0.01797
-0.610577,0.27594,0.030734,-0.007681,0.041299,0.009703,0.019369,0.018391,0.041987,0.007036,0.01797,0.04136
-0.608425,0.277374,-0.007681,0.041299,0.009703,0.019369,0.018391,0.041987,0.007036,0.01797,0.04136,0.026383
-0.608065,0.277374,0.041299,0.009703,0.019369,0.018391,0.041987,0.007036,0.01797,0.04136,0.026383,0.028682
-0.607149,0.277374,0.009703,0.019369,0.018391,0.041987,0.007036,0.01797,0.04136,0.026383,0.028682,-0.039045
-0.605051,0.276978,0.019369,0.018391,0.041987,0.007036,0.01797,0.04136,0.026383,0.028682,-0.039045,-0.160431
-0.603718,0.276978,0.018391,0.041987,0.007036,0.01797,0.04136,0.026383,0.028682,-0.039045,-0.160431,-0.001292
-0.602272,0.276978,0.041987,0.007036,0.01797,0.04136,0.026383,0.028682,-0.039045,-0.160431,-0.001292,0.036483
-0.604242,0.276978,0.007036,0.01797,0.04136,0.026383,0.028682,-0.039045,-0.160431,-0.001292,0.036483,0.04647
-0.612435,0.276978,0.01797,0.04136,0.026383,0.028682,-0.039045,-0.160431,-0.001292,0.036483,0.04647,0.013642
-0.612501,0.277771,0.04136,0.026383,0.028682,-0.039045,-0.160431,-0.001292,0.036483,0.04647,0.013642,0.022724
-0.610624,0.277771,0.026383,0.028682,-0.039045,-0.160431,-0.001292,0.036483,0.04647,0.013642,0.022724,0.028734
-0.608243,0.277771,0.028682,-0.039045,-0.160431,-0.001292,0.036483,0.04647,0.013642,0.022724,0.028734,0.039586
-0.607546,0.277771,-0.039045,-0.160431,-0.001292,0.036483,0.04647,0.013642,0.022724,0.028734,0.039586,-0.015983
-0.60639,0.277771,-0.160431,-0.001292,0.036483,0.04647,0.013642,0.022724,0.028734,0.039586,-0.015983,0.058595
-0.604934,0.277771,-0.001292,0.036483,0.04647,0.013642,0.022724,0.028734,0.039586,-0.015983,0.058595,0.031739
-0.602936,0.277771,0.036483,0.04647,0.013642,0.022724,0.028734,0.039586,-0.015983,0.058595,0.031739,0.015851
-0.603743,0.277771,0.04647,0.013642,0.022724,0.028734,0.039586,-0.015983,0.058595,0.031739,0.015851,0.016877
-0.600793,0.276184,0.013642,0.022724,0.028734,0.039586,-0.015983,0.058595,0.031739,0.015851,0.016877,0.042089
-0.599206,0.276184,0.022724,0.028734,0.039586,-0.015983,0.058595,0.031739,0.015851,0.016877,0.042089,0.010094
-0.598417,0.276184,0.028734,0.039586,-0.015983,0.058595,0.031739,0.015851,0.016877,0.042089,0.010094,0.01433
-0.597578,0.276062,0.039586,-0.015983,0.058595,0.031739,0.015851,0.016877,0.042089,0.010094,0.01433,0.014167
-0.59549,0.276062,-0.015983,0.058595,0.031739,0.015851,0.016877,0.042089,0.010094,0.01433,0.014167,0.019084
-0.594991,0.276062,0.058595,0.031739,0.015851,0.016877,0.042089,0.010094,0.01433,0.014167,0.019084,0.015375
-0.594284,0.276062,0.031739,0.015851,0.016877,0.042089,0.010094,0.01433,0.014167,0.019084,0.015375,0.024631
-0.593587,0.276062,0.015851,0.016877,0.042089,0.010094,0.01433,0.014167,0.019084,0.015375,0.024631,-0.003896
-0.592649,0.275299,0.016877,0.042089,0.010094,0.01433,0.014167,0.019084,0.015375,0.024631,-0.003896,0.009168
-0.591895,0.275299,0.042089,0.010094,0.01433,0.014167,0.019084,0.015375,0.024631,-0.003896,0.009168,0.017735
-0.590688,0.275299,0.010094,0.01433,0.014167,0.019084,0.015375,0.024631,-0.003896,0.009168,0.017735,0.02888
-0.590878,0.277252,0.01433,0.014167,0.019084,0.015375,0.024631,-0.003896,0.009168,0.017735,0.02888,-0.00545
-0.590431,0.277252,0.014167,0.019084,0.015375,0.024631,-0.003896,0.009168,0.017735,0.02888,-0.00545,0.006571
-0.589566,0.277252,0.019084,0.015375,0.024631,-0.003896,0.009168,0.017735,0.02888,-0.00545,0.006571,0.01377
-0.58816,0.277252,0.015375,0.024631,-0.003896,0.009168,0.017735,0.02888,-0.00545,0.006571,0.01377,0.007916
-0.588425,0.277252,0.024631,-0.003896,0.009168,0.017735,0.02888,-0.00545,0.006571,0.01377,0.007916,0.012741
-0.588106,0.277252,-0.003896,0.009168,0.017735,0.02888,-0.00545,0.006571,0.01377,0.007916,0.012741,0.017519
-0.587439,0.274902,0.009168,0.017735,0.02888,-0.00545,0.006571,0.01377,0.007916,0.012741,0.017519,-0.010568
-0.587056,0.274902,0.017735,0.02888,-0.00545,0.006571,0.01377,0.007916,0.012741,0.017519,-0.010568,0.006633
-0.586438,0.274902,0.02888,-0.00545,0.006571,0.01377,0.007916,0.012741,0.017519,-0.010568,0.006633,0.003745
-0.585591,0.273987,-0.00545,0.006571,0.01377,0.007916,0.012741,0.017519,-0.010568,0.006633,0.003745,0.019969
-0.586102,0.273987,0.006571,0.01377,0.007916,0.012741,0.017519,-0.010568,0.006633,0.003745,0.019969,-0.010424
-0.585781,0.273987,0.01377,0.007916,0.012741,0.017519,-0.010568,0.006633,0.003745,0.019969,-0.010424,-0.055515
-0.585601,0.273987,0.007916,0.012741,0.017519,-0.010568,0.006633,0.003745,0.019969,-0.010424,-0.055515,-0.171094
-0.584637,0.273987,0.012741,0.017519,-0.010568,0.006633,0.003745,0.019969,-0.010424,-0.055515,-0.171094,-0.01727
-0.58514,0.273987,0.017519,-0.010568,0.006633,0.003745,0.019969,-0.010424,-0.055515,-0.171094,-0.01727,0.022416
-0.587825,0.272949,-0.010568,0.006633,0.003745,0.019969,-0.010424,-0.055515,-0.171094,-0.01727,0.022416,0.019674
-0.596205,0.272949,0.006633,0.003745,0.019969,-0.010424,-0.055515,-0.171094,-0.01727,0.022416,0.019674,0.004948
-0.597061,0.272675,0.003745,0.019969,-0.010424,-0.055515,-0.171094,-0.01727,0.022416,0.019674,0.004948,0.008152
-0.595949,0.272675,0.019969,-0.010424,-0.055515,-0.171094,-0.01727,0.022416,0.019674,0.004948,0.008152,-0.0032
-0.594975,0.272675,-0.010424,-0.055515,-0.171094,-0.01727,0.022416,0.019674,0.004948,0.008152,-0.0032,0.025072
-0.594731,0.272675,-0.055515,-0.171094,-0.01727,0.022416,0.019674,0.004948,0.008152,-0.0032,0.025072,-0.012884
-0.594329,0.272675,-0.171094,-0.01727,0.022416,0.019674,0.004948,0.008152,-0.0032,0.025072,-0.012884,0.013741
-0.594487,0.272675,-0.01727,0.022416,0.019674,0.004948,0.008152,-0.0032,0.025072,-0.012884,0.013741,0.027668
-0.593252,0.273468,0.022416,0.019674,0.004948,0.008152,-0.0032,0.025072,-0.012884,0.013741,0.027668,0.012342
-0.593886,0.273468,0.019674,0.004948,0.008152,-0.0032,0.025072,-0.012884,0.013741,0.027668,0.012342,0.019131
-0.59321,0.273468,0.004948,0.008152,-0.0032,0.025072,-0.012884,0.013741,0.027668,0.012342,0.019131,0.013501
-0.591853,0.274506,0.008152,-0.0032,0.025072,-0.012884,0.013741,0.027668,0.012342,0.019131,0.013501,-0.00282
-0.591249,0.274506,-0.0032,0.025072,-0.012884,0.013741,0.027668,0.012342,0.019131,0.013501,-0.00282,0.010443
-0.590314,0.274506,0.025072,-0.012884,0.013741,0.027668,0.012342,0.019131,0.013501,-0.00282,0.010443,0.012415
-0.589655,0.274506,-0.012884,0.013741,0.027668,0.012342,0.019131,0.013501,-0.00282,0.010443,0.012415,0.023892
-0.589792,0.274506,0.013741,0.027668,0.012342,0.019131,0.013501,-0.00282,0.010443,0.012415,0.023892,-0.007975
-0.589284,0.274506,0.027668,0.012342,0.019131,0.013501,-0.00282,0.010443,0.012415,0.023892,-0.007975,-0.044054
-0.58868,0.274231,0.012342,0.019131,0.013501,-0.00282,0.010443,0.012415,0.023892,-0.007975,-0.044054,-0.167977
-0.587519,0.274231,0.019131,0.013501,-0.00282,0.010443,0.012415,0.023892,-0.007975,-0.044054,-0.167977,-0.005756
-0.587906,0.274231,0.013501,-0.00282,0.010443,0.012415,0.023892,-0.007975,-0.044054,-0.167977,-0.005756,-0.024754
-0.59005,0.274506,-0.00282,0.010443,0.012415,0.023892,-0.007975,-0.044054,-0.167977,-0.005756,-0.024754,-0.160176
-0.598321,0.274506,0.010443,0.012415,0.023892,-0.007975,-0.044054,-0.167977,-0.005756,-0.024754,-0.160176,-0.005251
-0.598608,0.274506,0.012415,0.023892,-0.007975,-0.044054,-0.167977,-0.005756,-0.024754,-0.160176,-0.005251,0.017114
-0.599844,0.274506,0.023892,-0.007975,-0.044054,-0.167977,-0.005756,-0.024754,-0.160176,-0.005251,0.017114,0.014525
-0.60794,0.274506,-0.007975,-0.044054,-0.167977,-0.005756,-0.024754,-0.160176,-0.005251,0.017114,0.014525,0.038053
-0.608208,0.276184,-0.044054,-0.167977,-0.005756,-0.024754,-0.160176,-0.005251,0.017114,0.014525,0.038053,0.000942
-0.607336,0.276184,-0.167977,-0.005756,-0.024754,-0.160176,-0.005251,0.017114,0.014525,0.038053,0.000942,0.027608
-0.606598,0.276184,-0.005756,-0.024754,-0.160176,-0.005251,0.017114,0.014525,0.038053,0.000942,0.027608,0.046025
-0.604667,0.27475,-0.024754,-0.160176,-0.005251,0.017114,0.014525,0.038053,0.000942,0.027608,0.046025,0.022422
-0.604619,0.27475,-0.160176,-0.005251,0.017114,0.014525,0.038053,0.000942,0.027608,0.046025,0.022422,0.036498
-0.603225,0.27475,-0.005251,0.017114,0.014525,0.038053,0.000942,0.027608,0.046025,0.022422,0.036498,0.046533
-0.600914,0.27475,0.017114,0.014525,0.038053,0.000942,0.027608,0.046025,0.022422,0.036498,0.046533,0.006666
-0.599792,0.27475,0.014525,0.038053,0.000942,0.027608,0.046025,0.022422,0.036498,0.046533,0.006666,0.007903
-0.597971,0.276062,0.038053,0.000942,0.027608,0.046025,0.022422,0.036498,0.046533,0.006666,0.007903,0.024788
-0.595661,0.276062,0.000942,0.027608,0.046025,0.022422,0.036498,0.046533,0.006666,0.007903,0.024788,0.045629
-0.595331,0.276062,0.027608,0.046025,0.022422,0.036498,0.046533,0.006666,0.007903,0.024788,0.045629,0.018604
-0.594941,0.275147,0.046025,0.022422,0.036498,0.046533,0.006666,0.007903,0.024788,0.045629,0.018604,0.025737
-0.59372,0.275147,0.022422,0.036498,0.046533,0.006666,0.007903,0.024788,0.045629,0.018604,0.025737,-0.033479
-0.591478,0.275147,0.036498,0.046533,0.006666,0.007903,0.024788,0.045629,0.018604,0.025737,-0.033479,-0.135965
-0.590568,0.275147,0.046533,0.006666,0.007903,0.024788,0.045629,0.018604,0.025737,-0.033479,-0.135965,-0.028181
-0.589312,0.275147,0.006666,0.007903,0.024788,0.045629,0.018604,0.025737,-0.033479,-0.135965,-0.028181,0.069665
-0.590945,0.275147,0.007903,0.024788,0.045629,0.018604,0.025737,-0.033479,-0.135965,-0.028181,0.069665,0.008643
-0.597644,0.276337,0.024788,0.045629,0.018604,0.025737,-0.033479,-0.135965,-0.028181,0.069665,0.008643,0.026944
-0.599048,0.276337,0.045629,0.018604,0.025737,-0.033479,-0.135965,-0.028181,0.069665,0.008643,0.026944,0.028355
-0.595584,0.279327,0.018604,0.025737,-0.033479,-0.135965,-0.028181,0.069665,0.008643,0.026944,0.028355,0.033601
-0.595157,0.279327,0.025737,-0.033479,-0.135965,-0.028181,0.069665,0.008643,0.026944,0.028355,0.033601,0.010438
-0.593829,0.279327,-0.033479,-0.135965,-0.028181,0.069665,0.008643,0.026944,0.028355,0.033601,0.010438,0.025365
-0.592436,0.279327,-0.135965,-0.028181,0.069665,0.008643,0.026944,0.028355,0.033601,0.010438,0.025365,0.033944
-0.59079,0.279327,-0.028181,0.069665,0.008643,0.026944,0.028355,0.033601,0.010438,0.025365,0.033944,0.041375
-0.590279,0.279327,0.069665,0.008643,0.026944,0.028355,0.033601,0.010438,0.025365,0.033944,0.041375,0.031203
-0.589043,0.277252,0.008643,0.026944,0.028355,0.033601,0.010438,0.025365,0.033944,0.041375,0.031203,0.02231
-0.587396,0.277252,0.026944,0.028355,0.033601,0.010438,0.025365,0.033944,0.041375,0.031203,0.02231,0.003242
-0.585397,0.277252,0.028355,0.033601,0.010438,0.025365,0.033944,0.041375,0.031203,0.02231,0.003242,-0.035976
-0.583893,0.276733,0.033601,0.010438,0.025365,0.033944,0.041375,0.031203,0.02231,0.003242,-0.035976,-0.220844
-0.582821,0.276733,0.010438,0.025365,0.033944,0.041375,0.031203,0.02231,0.003242,-0.035976,-0.220844,-0.173031
-0.582666,0.276733,0.025365,0.033944,0.041375,0.031203,0.02231,0.003242,-0.035976,-0.220844,-0.173031,0.012541
-0.584392,0.276733,0.033944,0.041375,0.031203,0.02231,0.003242,-0.035976,-0.220844,-0.173031,0.012541,0.036756
-0.595154,0.276733,0.041375,0.031203,0.02231,0.003242,-0.035976,-0.220844,-0.173031,0.012541,0.036756,0.038439
-0.603801,0.276733,0.031203,0.02231,0.003242,-0.035976,-0.220844,-0.173031,0.012541,0.036756,0.038439,0.036063
-0.603168,0.276733,0.02231,0.003242,-0.035976,-0.220844,-0.173031,0.012541,0.036756,0.038439,0.036063,-0.021347
-0.60132,0.276733,0.003242,-0.035976,-0.220844,-0.173031,0.012541,0.036756,0.038439,0.036063,-0.021347,-0.149965
-0.599398,0.2771,-0.035976,-0.220844,-0.173031,0.012541,0.036756,0.038439,0.036063,-0.021347,-0.149965,-0.004038
-0.597603,0.2771,-0.220844,-0.173031,0.012541,0.036756,0.038439,0.036063,-0.021347,-0.149965,-0.004038,0.050826
-0.598666,0.2771,-0.173031,0.012541,0.036756,0.038439,0.036063,-0.021347,-0.149965,-0.004038,0.050826,0.006352
-0.606219,0.2771,0.012541,0.036756,0.038439,0.036063,-0.021347,-0.149965,-0.004038,0.050826,0.006352,-0.124066
-0.606424,0.2771,0.036756,0.038439,0.036063,-0.021347,-0.149965,-0.004038,0.050826,0.006352,-0.124066,0.011489
-0.603852,0.2771,0.038439,0.036063,-0.021347,-0.149965,-0.004038,0.050826,0.006352,-0.124066,0.011489,0.046214
-0.603532,0.279602,0.036063,-0.021347,-0.149965,-0.004038,0.050826,0.006352,-0.124066,0.011489,0.046214,-0.01553
-0.609845,0.279602,-0.021347,-0.149965,-0.004038,0.050826,0.006352,-0.124066,0.011489,0.046214,-0.01553,-0.10866
-0.609256,0.279602,-0.149965,-0.004038,0.050826,0.006352,-0.124066,0.011489,0.046214,-0.01553,-0.10866,0.002272
-0.606898,0.278534,-0.004038,0.050826,0.006352,-0.124066,0.011489,0.046214,-0.01553,-0.10866,0.002272,0.089366
-0.607688,0.278534,0.050826,0.006352,-0.124066,0.011489,0.046214,-0.01553,-0.10866,0.002272,0.089366,0.037711
-0.613264,0.278534,0.006352,-0.124066,0.011489,0.046214,-0.01553,-0.10866,0.002272,0.089366,0.037711,0.057947
-0.613147,0.278534,-0.124066,0.011489,0.046214,-0.01553,-0.10866,0.002272,0.089366,0.037711,0.057947,0.067447
-0.608549,0.278534,0.011489,0.046214,-0.01553,-0.10866,0.002272,0.089366,0.037711,0.057947,0.067447,0.091321
-0.606627,0.28064,0.046214,-0.01553,-0.10866,0.002272,0.089366,0.037711,0.057947,0.067447,0.091321,0.038035
-0.603695,0.28064,-0.01553,-0.10866,0.002272,0.089366,0.037711,0.057947,0.067447,0.091321,0.038035,0.046572
-0.600307,0.28064,-0.10866,0.002272,0.089366,0.037711,0.057947,0.067447,0.091321,0.038035,0.046572,0.057251
-0.59576,0.280762,0.002272,0.089366,0.037711,0.057947,0.067447,0.091321,0.038035,0.046572,0.057251,0.061127
-0.593881,0.280762,0.089366,0.037711,0.057947,0.067447,0.091321,0.038035,0.046572,0.057251,0.061127,0.056194
-0.591594,0.280762,0.037711,0.057947,0.067447,0.091321,0.038035,0.046572,0.057251,0.061127,0.056194,0.044857
-0.588803,0.280762,0.057947,0.067447,0.091321,0.038035,0.046572,0.057251,0.061127,0.056194,0.044857,-0.009652
-0.585842,0.280762,0.067447,0.091321,0.038035,0.046572,0.057251,0.061127,0.056194,0.044857,-0.009652,-0.02481
-0.583135,0.280762,0.091321,0.038035,0.046572,0.057251,0.061127,0.056194,0.044857,-0.009652,-0.02481,0.029373
-0.580987,0.279449,0.038035,0.046572,0.057251,0.061127,0.056194,0.044857,-0.009652,-0.02481,0.029373,-0.013699
-0.581448,0.279449,0.046572,0.057251,0.061127,0.056194,0.044857,-0.009652,-0.02481,0.029373,-0.013699,-0.186604
-0.582634,0.279449,0.057251,0.061127,0.056194,0.044857,-0.009652,-0.02481,0.029373,-0.013699,-0.186604,-0.013715
-0.581229,0.279449,0.061127,0.056194,0.044857,-0.009652,-0.02481,0.029373,-0.013699,-0.186604,-0.013715,0.025536
-0.581885,0.279449,0.056194,0.044857,-0.009652,-0.02481,0.029373,-0.013699,-0.186604,-0.013715,0.025536,0.010937
-0.590918,0.279449,0.044857,-0.009652,-0.02481,0.029373,-0.013699,-0.186604,-0.013715,0.025536,0.010937,0.026447
-0.591589,0.279449,-0.009652,-0.02481,0.029373,-0.013699,-0.186604,-0.013715,0.025536,0.010937,0.026447,0.023672
-0.590342,0.279449,-0.02481,0.029373,-0.013699,-0.186604,-0.013715,0.025536,0.010937,0.026447,0.023672,-0.007631
-0.589808,0.279449,0.029373,-0.013699,-0.186604,-0.013715,0.025536,0.010937,0.026447,0.023672,-0.007631,0.008523
-0.58852,0.278809,-0.013699,-0.186604,-0.013715,0.025536,0.010937,0.026447,0.023672,-0.007631,0.008523,0.02217
-0.58737,0.278809,-0.186604,-0.013715,0.025536,0.010937,0.026447,0.023672,-0.007631,0.008523,0.02217,0.041663
-0.58774,0.279846,-0.013715,0.025536,0.010937,0.026447,0.023672,-0.007631,0.008523,0.02217,0.041663,0.013447
-0.587327,0.279846,0.025536,0.010937,0.026447,0.023672,-0.007631,0.008523,0.02217,0.041663,0.013447,0.01124
-0.586255,0.279846,0.010937,0.026447,0.023672,-0.007631,0.008523,0.02217,0.041663,0.013447,0.01124,0.015234
-0.584244,0.279846,0.026447,0.023672,-0.007631,0.008523,0.02217,0.041663,0.013447,0.01124,0.015234,0.006048
-0.583597,0.279846,0.023672,-0.007631,0.008523,0.02217,0.041663,0.013447,0.01124,0.015234,0.006048,0.017619
-0.583058,0.279846,-0.007631,0.008523,0.02217,0.041663,0.013447,0.01124,0.015234,0.006048,0.017619,0.027659
-0.582328,0.278931,0.008523,0.02217,0.041663,0.013447,0.01124,0.015234,0.006048,0.017619,0.027659,0.002114
-0.582039,0.278931,0.02217,0.041663,0.013447,0.01124,0.015234,0.006048,0.017619,0.027659,0.002114,0.012936
-0.581196,0.278931,0.041663,0.013447,0.01124,0.015234,0.006048,0.017619,0.027659,0.002114,0.012936,0.015124
-0.579876,0.278015,0.013447,0.01124,0.015234,0.006048,0.017619,0.027659,0.002114,0.012936,0.015124,0.034925
-0.579775,0.278015,0.01124,0.015234,0.006048,0.017619,0.027659,0.002114,0.012936,0.015124,0.034925,-0.002367
-0.579161,0.278015,0.015234,0.006048,0.017619,0.027659,0.002114,0.012936,0.015124,0.034925,-0.002367,0.006868
-0.578443,0.278015,0.006048,0.017619,0.027659,0.002114,0.012936,0.015124,0.034925,-0.002367,0.006868,-0.003055
-0.576788,0.278015,0.017619,0.027659,0.002114,0.012936,0.015124,0.034925,-0.002367,0.006868,-0.003055,0.006291
-0.5769,0.278015,0.027659,0.002114,0.012936,0.015124,0.034925,-0.002367,0.006868,-0.003055,0.006291,0.013262
-0.576576,0.276978,0.002114,0.012936,0.015124,0.034925,-0.002367,0.006868,-0.003055,0.006291,0.013262,-0.042784
-0.57672,0.276978,0.012936,0.015124,0.034925,-0.002367,0.006868,-0.003055,0.006291,0.013262,-0.042784,-0.180621
-0.576423,0.276978,0.015124,0.034925,-0.002367,0.006868,-0.003055,0.006291,0.013262,-0.042784,-0.180621,-0.025611
-0.575797,0.276459,0.034925,-0.002367,0.006868,-0.003055,0.006291,0.013262,-0.042784,-0.180621,-0.025611,-0.020414
-0.577821,0.276459,-0.002367,0.006868,-0.003055,0.006291,0.013262,-0.042784,-0.180621,-0.025611,-0.020414,-0.163726
-0.586466,0.276459,0.006868,-0.003055,0.006291,0.013262,-0.042784,-0.180621,-0.025611,-0.020414,-0.163726,-0.071543
-0.587705,0.276459,-0.003055,0.006291,0.013262,-0.042784,-0.180621,-0.025611,-0.020414,-0.163726,-0.071543,-0.152904
-0.588696,0.276459,0.006291,0.013262,-0.042784,-0.180621,-0.025611,-0.020414,-0.163726,-0.071543,-0.152904,-0.002247
-0.596742,0.276459,0.013262,-0.042784,-0.180621,-0.025611,-0.020414,-0.163726,-0.071543,-0.152904,-0.002247,0.025544
-0.60031,0.278534,-0.042784,-0.180621,-0.025611,-0.020414,-0.163726,-0.071543,-0.152904,-0.002247,0.025544,0.029829
-0.608035,0.278534,-0.180621,-0.025611,-0.020414,-0.163726,-0.071543,-0.152904,-0.002247,0.025544,0.029829,-0.011041
-0.60815,0.279968,-0.025611,-0.020414,-0.163726,-0.071543,-0.152904,-0.002247,0.025544,0.029829,-0.011041,-0.148581
-0.606849,0.279968,-0.020414,-0.163726,-0.071543,-0.152904,-0.002247,0.025544,0.029829,-0.011041,-0.148581,0.007763
-0.605334,0.279968,-0.163726,-0.071543,-0.152904,-0.002247,0.025544,0.029829,-0.011041,-0.148581,0.007763,0.04848
-0.605894,0.279968,-0.071543,-0.152904,-0.002247,0.025544,0.029829,-0.011041,-0.148581,0.007763,0.04848,0.078073
-0.613507,0.279968,-0.152904,-0.002247,0.025544,0.029829,-0.011041,-0.148581,0.007763,0.04848,0.078073,0.052806
-0.613106,0.279968,-0.002247,0.025544,0.029829,-0.011041,-0.148581,0.007763,0.04848,0.078073,0.052806,0.064252
-0.61061,0.283112,0.025544,0.029829,-0.011041,-0.148581,0.007763,0.04848,0.078073,0.052806,0.064252,0.040949
-0.606617,0.283112,0.029829,-0.011041,-0.148581,0.007763,0.04848,0.078073,0.052806,0.064252,0.040949,0.035325
-0.603939,0.282318,-0.011041,-0.148581,0.007763,0.04848,0.078073,0.052806,0.064252,0.040949,0.035325,0.044041
-0.600708,0.282318,-0.148581,0.007763,0.04848,0.078073,0.052806,0.064252,0.040949,0.035325,0.044041,0.067355
-0.598664,0.282318,0.007763,0.04848,0.078073,0.052806,0.064252,0.040949,0.035325,0.044041,0.067355,0.044457
-0.596909,0.282318,0.04848,0.078073,0.052806,0.064252,0.040949,0.035325,0.044041,0.067355,0.044457,0.034552
-0.594728,0.282318,0.078073,0.052806,0.064252,0.040949,0.035325,0.044041,0.067355,0.044457,0.034552,0.041995
-0.591414,0.282318,0.052806,0.064252,0.040949,0.035325,0.044041,0.067355,0.044457,0.034552,0.041995,0.065832
-0.589244,0.288055,0.064252,0.040949,0.035325,0.044041,0.067355,0.044457,0.034552,0.041995,0.065832,0.020413
-0.587567,0.288055,0.040949,0.035325,0.044041,0.067355,0.044457,0.034552,0.041995,0.065832,0.020413,0.027531
-0.585536,0.288055,0.035325,0.044041,0.067355,0.044457,0.034552,0.041995,0.065832,0.020413,0.027531,0.046634
-0.58237,0.291443,0.044041,0.067355,0.044457,0.034552,0.041995,0.065832,0.020413,0.027531,0.046634,0.035759
-0.581392,0.291443,0.067355,0.044457,0.034552,0.041995,0.065832,0.020413,0.027531,0.046634,0.035759,0.043952
-0.580079,0.291443,0.044457,0.034552,0.041995,0.065832,0.020413,0.027531,0.046634,0.035759,0.043952,0.043513
-0.577866,0.291443,0.034552,0.041995,0.065832,0.020413,0.027531,0.046634,0.035759,0.043952,0.043513,0.002331
-0.576176,0.291443,0.041995,0.065832,0.020413,0.027531,0.046634,0.035759,0.043952,0.043513,0.002331,0.0204
-0.574106,0.291443,0.065832,0.020413,0.027531,0.046634,0.035759,0.043952,0.043513,0.002331,0.0204,0.029644
-0.572065,0.291595,0.020413,0.027531,0.046634,0.035759,0.043952,0.043513,0.002331,0.0204,0.029644,0.035596
-0.571956,0.291595,0.027531,0.046634,0.035759,0.043952,0.043513,0.002331,0.0204,0.029644,0.035596,-0.002579
-0.571005,0.291595,0.046634,0.035759,0.043952,0.043513,0.002331,0.0204,0.029644,0.035596,-0.002579,0.020974
-0.569626,0.290558,0.035759,0.043952,0.043513,0.002331,0.0204,0.029644,0.035596,-0.002579,0.020974,0.024976
-0.567974,0.290558,0.043952,0.043513,0.002331,0.0204,0.029644,0.035596,-0.002579,0.020974,0.024976,0.01539
-0.568093,0.290558,0.043513,0.002331,0.0204,0.029644,0.035596,-0.002579,0.020974,0.024976,0.01539,0.025026
-0.567123,0.290558,0.002331,0.0204,0.029644,0.035596,-0.002579,0.020974,0.024976,0.01539,0.025026,0.029224
-0.565972,0.290558,0.0204,0.029644,0.035596,-0.002579,0.020974,0.024976,0.01539,0.025026,0.029224,0.01035
-0.565264,0.290558,0.029644,0.035596,-0.002579,0.020974,0.024976,0.01539,0.025026,0.029224,0.01035,0.011861
-0.564113,0.291077,0.035596,-0.002579,0.020974,0.024976,0.01539,0.025026,0.029224,0.01035,0.011861,0.018128
-0.562773,0.291077,-0.002579,0.020974,0.024976,0.01539,0.025026,0.029224,0.01035,0.011861,0.018128,0.03869
-0.5623,0.291077,0.020974,0.024976,0.01539,0.025026,0.029224,0.01035,0.011861,0.018128,0.03869,-0.001877
-0.561759,0.290802,0.024976,0.01539,0.025026,0.029224,0.01035,0.011861,0.018128,0.03869,-0.001877,0.006272
-0.560933,0.290802,0.01539,0.025026,0.029224,0.01035,0.011861,0.018128,0.03869,-0.001877,0.006272,0.021746
-0.559173,0.290802,0.025026,0.029224,0.01035,0.011861,0.018128,0.03869,-0.001877,0.006272,0.021746,0.011054
-0.559258,0.290802,0.029224,0.01035,0.011861,0.018128,0.03869,-0.001877,0.006272,0.021746,0.011054,0.027475
-0.558973,0.290802,0.01035,0.011861,0.018128,0.03869,-0.001877,0.006272,0.021746,0.011054,0.027475,0.02153
-0.557989,0.290802,0.011861,0.018128,0.03869,-0.001877,0.006272,0.021746,0.011054,0.027475,0.02153,-0.069731
-0.55749,0.289887,0.018128,0.03869,-0.001877,0.006272,0.021746,0.011054,0.027475,0.02153,-0.069731,-0.190073
-0.556249,0.289887,0.03869,-0.001877,0.006272,0.021746,0.011054,0.027475,0.02153,-0.069731,-0.190073,-0.001865
-0.555279,0.289887,-0.001877,0.006272,0.021746,0.011054,0.027475,0.02153,-0.069731,-0.190073,-0.001865,0.042646
-0.558425,0.289368,0.006272,0.021746,0.011054,0.027475,0.02153,-0.069731,-0.190073,-0.001865,0.042646,-0.006922
-0.567112,0.289368,0.021746,0.011054,0.027475,0.02153,-0.069731,-0.190073,-0.001865,0.042646,-0.006922,0.016902
-0.567198,0.289368,0.011054,0.027475,0.02153,-0.069731,-0.190073,-0.001865,0.042646,-0.006922,0.016902,0.028139
-0.565231,0.289368,0.027475,0.02153,-0.069731,-0.190073,-0.001865,0.042646,-0.006922,0.016902,0.028139,0.012987
-0.56555,0.289368,0.02153,-0.069731,-0.190073,-0.001865,0.042646,-0.006922,0.016902,0.028139,0.012987,0.019978
-0.564772,0.289368,-0.069731,-0.190073,-0.001865,0.042646,-0.006922,0.016902,0.028139,0.012987,0.019978,0.019001
-0.563482,0.289368,-0.190073,-0.001865,0.042646,-0.006922,0.016902,0.028139,0.012987,0.019978,0.019001,0.021279
-0.562888,0.291321,-0.001865,0.042646,-0.006922,0.016902,0.028139,0.012987,0.019978,0.019001,0.021279,0.033121
-0.561974,0.291321,0.042646,-0.006922,0.016902,0.028139,0.012987,0.019978,0.019001,0.021279,0.033121,0.008055
-0.561107,0.291321,-0.006922,0.016902,0.028139,0.012987,0.019978,0.019001,0.021279,0.033121,0.008055,-0.023869
-0.560138,0.292358,0.016902,0.028139,0.012987,0.019978,0.019001,0.021279,0.033121,0.008055,-0.023869,-0.187147
-0.558636,0.292358,0.028139,0.012987,0.019978,0.019001,0.021279,0.033121,0.008055,-0.023869,-0.187147,-0.063926
-0.558272,0.292358,0.012987,0.019978,0.019001,0.021279,0.033121,0.008055,-0.023869,-0.187147,-0.063926,-0.152024
-0.559354,0.292358,0.019978,0.019001,0.021279,0.033121,0.008055,-0.023869,-0.187147,-0.063926,-0.152024,-0.000559
-0.567942,0.292358,0.019001,0.021279,0.033121,0.008055,-0.023869,-0.187147,-0.063926,-0.152024,-0.000559,0.058437
-0.570911,0.292358,0.021279,0.033121,0.008055,-0.023869,-0.187147,-0.063926,-0.152024,-0.000559,0.058437,0.052587
-0.57805,0.29419,0.033121,0.008055,-0.023869,-0.187147,-0.063926,-0.152024,-0.000559,0.058437,0.052587,-0.042746
-0.578076,0.29419,0.008055,-0.023869,-0.187147,-0.063926,-0.152024,-0.000559,0.058437,0.052587,-0.042746,-0.172101
-0.575313,0.295227,-0.023869,-0.187147,-0.063926,-0.152024,-0.000559,0.058437,0.052587,-0.042746,-0.172101,0.017757
-0.572841,0.295227,-0.187147,-0.063926,-0.152024,-0.000559,0.058437,0.052587,-0.042746,-0.172101,0.017757,0.079353
-0.574847,0.295227,-0.063926,-0.152024,-0.000559,0.058437,0.052587,-0.042746,-0.172101,0.017757,0.079353,-0.017405
-0.583015,0.295227,-0.152024,-0.000559,0.058437,0.052587,-0.042746,-0.172101,0.017757,0.079353,-0.017405,-0.145082
-0.582164,0.295227,-0.000559,0.058437,0.052587,-0.042746,-0.172101,0.017757,0.079353,-0.017405,-0.145082,0.050116
-0.578381,0.295227,0.058437,0.052587,-0.042746,-0.172101,0.017757,0.079353,-0.017405,-0.145082,0.050116,0.054215
-0.579208,0.295227,0.052587,-0.042746,-0.172101,0.017757,0.079353,-0.017405,-0.145082,0.050116,0.054215,0.053067
-0.586161,0.299164,-0.042746,-0.172101,0.017757,0.079353,-0.017405,-0.145082,0.050116,0.054215,0.053067,0.053908
-0.583748,0.299164,-0.172101,0.017757,0.079353,-0.017405,-0.145082,0.050116,0.054215,0.053067,0.053908,0.045632
-0.581153,0.299164,0.017757,0.079353,-0.017405,-0.145082,0.050116,0.054215,0.053067,0.053908,0.045632,0.019131
-0.578624,0.300201,0.079353,-0.017405,-0.145082,0.050116,0.054215,0.053067,0.053908,0.045632,0.019131,-0.212612
-0.576071,0.300201,-0.017405,-0.145082,0.050116,0.054215,0.053067,0.053908,0.045632,0.019131,-0.212612,-0.164433
-0.573924,0.300201,-0.145082,0.050116,0.054215,0.053067,0.053908,0.045632,0.019131,-0.212612,-0.164433,-0.031253
-0.573028,0.300201,0.050116,0.054215,0.053067,0.053908,0.045632,0.019131,-0.212612,-0.164433,-0.031253,-0.117748
-0.583101,0.300201,0.054215,0.053067,0.053908,0.045632,0.019131,-0.212612,-0.164433,-0.031253,-0.117748,0.065459
-0.591072,0.300201,0.053067,0.053908,0.045632,0.019131,-0.212612,-0.164433,-0.031253,-0.117748,0.065459,0.094277
-0.592605,0.30307,0.053908,0.045632,0.019131,-0.212612,-0.164433,-0.031253,-0.117748,0.065459,0.094277,0.093447
-0.598426,0.30307,0.045632,0.019131,-0.212612,-0.164433,-0.031253,-0.117748,0.065459,0.094277,0.093447,0.083369
-0.595182,0.30307,0.019131,-0.212612,-0.164433,-0.031253,-0.117748,0.065459,0.094277,0.093447,0.083369,0.066042
-0.590554,0.305542,-0.212612,-0.164433,-0.031253,-0.117748,0.065459,0.094277,0.093447,0.083369,0.066042,0.077147
-0.586011,0.305542,-0.164433,-0.031253,-0.117748,0.065459,0.094277,0.093447,0.083369,0.066042,0.077147,0.104709
-0.581999,0.305542,-0.031253,-0.117748,0.065459,0.094277,0.093447,0.083369,0.066042,0.077147,0.104709,0.120683
-0.578851,0.305542,-0.117748,0.065459,0.094277,0.093447,0.083369,0.066042,0.077147,0.104709,0.120683,0.069467
-0.575207,0.305542,0.065459,0.094277,0.093447,0.083369,0.066042,0.077147,0.104709,0.120683,0.069467,0.021467
-0.570308,0.305542,0.094277,0.093447,0.083369,0.066042,0.077147,0.104709,0.120683,0.069467,0.021467,-0.144384
-0.564723,0.304901,0.093447,0.083369,0.066042,0.077147,0.104709,0.120683,0.069467,0.021467,-0.144384,0.026009
-0.561539,0.304901,0.083369,0.066042,0.077147,0.104709,0.120683,0.069467,0.021467,-0.144384,0.026009,0.092714
-0.560561,0.30307,0.066042,0.077147,0.104709,0.120683,0.069467,0.021467,-0.144384,0.026009,0.092714,0.063341
-0.567177,0.30307,0.077147,0.104709,0.120683,0.069467,0.021467,-0.144384,0.026009,0.092714,0.063341,0.043103
-0.565977,0.30307,0.104709,0.120683,0.069467,0.021467,-0.144384,0.026009,0.092714,0.063341,0.043103,0.057369
-0.561723,0.30307,0.120683,0.069467,0.021467,-0.144384,0.026009,0.092714,0.063341,0.043103,0.057369,0.053744
-0.558839,0.30307,0.069467,0.021467,-0.144384,0.026009,0.092714,0.063341,0.043103,0.057369,0.053744,0.065308
-0.556889,0.30307,0.021467,-0.144384,0.026009,0.092714,0.063341,0.043103,0.057369,0.053744,0.065308,0.020464
-0.55431,0.30307,-0.144384,0.026009,0.092714,0.063341,0.043103,0.057369,0.053744,0.065308,0.020464,0.044468
-0.551906,0.300323,0.026009,0.092714,0.063341,0.043103,0.057369,0.053744,0.065308,0.020464,0.044468,0.0625
-0.548999,0.300323,0.092714,0.063341,0.043103,0.057369,0.053744,0.065308,0.020464,0.044468,0.0625,0.021257
-0.548091,0.300323,0.063341,0.043103,0.057369,0.053744,0.065308,0.020464,0.044468,0.0625,0.021257,0.026943
-0.546128,0.299164,0.043103,0.057369,0.053744,0.065308,0.020464,0.044468,0.0625,0.021257,0.026943,0.033398
-0.543384,0.299164,0.057369,0.053744,0.065308,0.020464,0.044468,0.0625,0.021257,0.026943,0.033398,0.011714
-0.542455,0.299164,0.053744,0.065308,0.020464,0.044468,0.0625,0.021257,0.026943,0.033398,0.011714,0.011262
-0.541278,0.299164,0.065308,0.020464,0.044468,0.0625,0.021257,0.026943,0.033398,0.011714,0.011262,0.01609
-0.539823,0.299164,0.020464,0.044468,0.0625,0.021257,0.026943,0.033398,0.011714,0.011262,0.01609,0.034837
-0.539314,0.299164,0.044468,0.0625,0.021257,0.026943,0.033398,0.011714,0.011262,0.01609,0.034837,0.003169
-0.538826,0.299164,0.0625,0.021257,0.026943,0.033398,0.011714,0.011262,0.01609,0.034837,0.003169,0.005045
-0.538129,0.293671,0.021257,0.026943,0.033398,0.011714,0.011262,0.01609,0.034837,0.003169,0.005045,-0.055986
-0.536622,0.293671,0.026943,0.033398,0.011714,0.011262,0.01609,0.034837,0.003169,0.005045,-0.055986,-0.202092
-0.536485,0.293671,0.033398,0.011714,0.011262,0.01609,0.034837,0.003169,0.005045,-0.055986,-0.202092,0.001586
-0.536267,0.295502,0.011714,0.011262,0.01609,0.034837,0.003169,0.005045,-0.055986,-0.202092,0.001586,0.046554
-0.538686,0.295502,0.011262,0.01609,0.034837,0.003169,0.005045,-0.055986,-0.202092,0.001586,0.046554,0.002739
-0.547528,0.295502,0.01609,0.034837,0.003169,0.005045,-0.055986,-0.202092,0.001586,0.046554,0.002739,0.009897
-0.547457,0.295502,0.034837,0.003169,0.005045,-0.055986,-0.202092,0.001586,0.046554,0.002739,0.009897,0.021088
-0.545403,0.295502,0.003169,0.005045,-0.055986,-0.202092,0.001586,0.046554,0.002739,0.009897,0.021088,-0.023867
-0.545282,0.295502,0.005045,-0.055986,-0.202092,0.001586,0.046554,0.002739,0.009897,0.021088,-0.023867,-0.198234
-0.544847,0.295502,-0.055986,-0.202092,0.001586,0.046554,0.002739,0.009897,0.021088,-0.023867,-0.198234,-0.014289
-0.543922,0.293945,-0.202092,0.001586,0.046554,0.002739,0.009897,0.021088,-0.023867,-0.198234,-0.014289,0.058075
-0.544971,0.293945,0.001586,0.046554,0.002739,0.009897,0.021088,-0.023867,-0.198234,-0.014289,0.058075,-0.01843
-0.553779,0.292877,0.046554,0.002739,0.009897,0.021088,-0.023867,-0.198234,-0.014289,0.058075,-0.01843,-0.165457
-0.554419,0.292877,0.002739,0.009897,0.021088,-0.023867,-0.198234,-0.014289,0.058075,-0.01843,-0.165457,0.017416
-0.551823,0.292877,0.009897,0.021088,-0.023867,-0.198234,-0.014289,0.058075,-0.01843,-0.165457,0.017416,-0.028809
-0.552645,0.292877,0.021088,-0.023867,-0.198234,-0.014289,0.058075,-0.01843,-0.165457,0.017416,-0.028809,-0.173366
-0.56011,0.292877,-0.023867,-0.198234,-0.014289,0.058075,-0.01843,-0.165457,0.017416,-0.028809,-0.173366,0.024395
-0.559319,0.292877,-0.198234,-0.014289,0.058075,-0.01843,-0.165457,0.017416,-0.028809,-0.173366,0.024395,0.093247
-0.560628,0.292877,-0.014289,0.058075,-0.01843,-0.165457,0.017416,-0.028809,-0.173366,0.024395,0.093247,0.056987
-0.568585,0.294861,0.058075,-0.01843,-0.165457,0.017416,-0.028809,-0.173366,0.024395,0.093247,0.056987,0.049146
-0.567456,0.294861,-0.01843,-0.165457,0.017416,-0.028809,-0.173366,0.024395,0.093247,0.056987,0.049146,0.054466
-0.563162,0.294861,-0.165457,0.017416,-0.028809,-0.173366,0.024395,0.093247,0.056987,0.049146,0.054466,0.050155
-0.560558,0.292114,0.017416,-0.028809,-0.173366,0.024395,0.093247,0.056987,0.049146,0.054466,0.050155,0.064622
-0.558328,0.292114,-0.028809,-0.173366,0.024395,0.093247,0.056987,0.049146,0.054466,0.050155,0.064622,0.048345
-0.55587,0.292114,-0.173366,0.024395,0.093247,0.056987,0.049146,0.054466,0.050155,0.064622,0.048345,0.041395
-0.553619,0.292114,0.024395,0.093247,0.056987,0.049146,0.054466,0.050155,0.064622,0.048345,0.041395,0.058527
-0.550731,0.292114,0.093247,0.056987,0.049146,0.054466,0.050155,0.064622,0.048345,0.041395,0.058527,0.039241
-0.548582,0.292114,0.056987,0.049146,0.054466,0.050155,0.064622,0.048345,0.041395,0.058527,0.039241,0.053679
-0.546752,0.292877,0.049146,0.054466,0.050155,0.064622,0.048345,0.041395,0.058527,0.039241,0.053679,-0.037147
-0.544179,0.292877,0.054466,0.050155,0.064622,0.048345,0.041395,0.058527,0.039241,0.053679,-0.037147,-0.232973
-0.542461,0.292877,0.050155,0.064622,0.048345,0.041395,0.058527,0.039241,0.053679,-0.037147,-0.232973,-0.256471
-0.540119,0.291717,0.064622,0.048345,0.041395,0.058527,0.039241,0.053679,-0.037147,-0.232973,-0.256471,-0.171209
-0.541739,0.291717,0.048345,0.041395,0.058527,0.039241,0.053679,-0.037147,-0.232973,-0.256471,-0.171209,0.040655
-0.552022,0.291717,0.041395,0.058527,0.039241,0.053679,-0.037147,-0.232973,-0.256471,-0.171209,0.040655,0.087426
-0.563613,0.291717,0.058527,0.039241,0.053679,-0.037147,-0.232973,-0.256471,-0.171209,0.040655,0.087426,0.044733
-0.571528,0.291717,0.039241,0.053679,-0.037147,-0.232973,-0.256471,-0.171209,0.040655,0.087426,0.044733,0.059938
-0.569633,0.291717,0.053679,-0.037147,-0.232973,-0.256471,-0.171209,0.040655,0.087426,0.044733,0.059938,0.056691
-0.565585,0.291717,-0.037147,-0.232973,-0.256471,-0.171209,0.040655,0.087426,0.044733,0.059938,0.056691,0.066913
-0.563531,0.294586,-0.232973,-0.256471,-0.171209,0.040655,0.087426,0.044733,0.059938,0.056691,0.066913,0.039443
-0.560795,0.294586,-0.256471,-0.171209,0.040655,0.087426,0.044733,0.059938,0.056691,0.066913,0.039443,0.07493
-0.558223,0.293945,-0.171209,0.040655,0.087426,0.044733,0.059938,0.056691,0.066913,0.039443,0.07493,0.087657
-0.555202,0.293945,0.040655,0.087426,0.044733,0.059938,0.056691,0.066913,0.039443,0.07493,0.087657,0.061744
-0.55343,0.293945,0.087426,0.044733,0.059938,0.056691,0.066913,0.039443,0.07493,0.087657,0.061744,0.054408
-0.550087,0.293945,0.044733,0.059938,0.056691,0.066913,0.039443,0.07493,0.087657,0.061744,0.054408,0.056491
-0.546211,0.293945,0.059938,0.056691,0.066913,0.039443,0.07493,0.087657,0.061744,0.054408,0.056491,0.036108
-0.543499,0.293945,0.056691,0.066913,0.039443,0.07493,0.087657,0.061744,0.054408,0.056491,0.036108,0.035206
-0.54112,0.293945,0.066913,0.039443,0.07493,0.087657,0.061744,0.054408,0.056491,0.036108,0.035206,0.042883
-0.538662,0.29303,0.039443,0.07493,0.087657,0.061744,0.054408,0.056491,0.036108,0.035206,0.042883,-0.001322
-0.5371,0.29303,0.07493,0.087657,0.061744,0.054408,0.056491,0.036108,0.035206,0.042883,-0.001322,-0.179
-0.535582,0.29303,0.087657,0.061744,0.054408,0.056491,0.036108,0.035206,0.042883,-0.001322,-0.179,0.015011
-0.53374,0.29303,0.061744,0.054408,0.056491,0.036108,0.035206,0.042883,-0.001322,-0.179,0.015011,0.062269
-0.533797,0.294983,0.054408,0.056491,0.036108,0.035206,0.042883,-0.001322,-0.179,0.015011,0.062269,0.03553
-0.541549,0.294983,0.056491,0.036108,0.035206,0.042883,-0.001322,-0.179,0.015011,0.062269,0.03553,0.048453
-0.540895,0.294983,0.036108,0.035206,0.042883,-0.001322,-0.179,0.015011,0.062269,0.03553,0.048453,0.049525
-0.538193,0.294983,0.035206,0.042883,-0.001322,-0.179,0.015011,0.062269,0.03553,0.048453,0.049525,-0.047935
-0.536657,0.294983,0.042883,-0.001322,-0.179,0.015011,0.062269,0.03553,0.048453,0.049525,-0.047935,-0.186798
-0.534569,0.294983,-0.001322,-0.179,0.015011,0.062269,0.03553,0.048453,0.049525,-0.047935,-0.186798,0.002732
-0.532444,0.294983,-0.179,0.015011,0.062269,0.03553,0.048453,0.049525,-0.047935,-0.186798,0.002732,0.080008
-0.534498,0.291595,0.015011,0.062269,0.03553,0.048453,0.049525,-0.047935,-0.186798,0.002732,0.080008,0.031332
-0.542587,0.291595,0.062269,0.03553,0.048453,0.049525,-0.047935,-0.186798,0.002732,0.080008,0.031332,0.019868
-0.542468,0.291595,0.03553,0.048453,0.049525,-0.047935,-0.186798,0.002732,0.080008,0.031332,0.019868,0.03387
-0.538981,0.291199,0.048453,0.049525,-0.047935,-0.186798,0.002732,0.080008,0.031332,0.019868,0.03387,0.025845
-0.537623,0.291199,0.049525,-0.047935,-0.186798,0.002732,0.080008,0.031332,0.019868,0.03387,0.025845,0.025894
-0.536764,0.291199,-0.047935,-0.186798,0.002732,0.080008,0.031332,0.019868,0.03387,0.025845,0.025894,0.027724
-0.535306,0.291199,-0.186798,0.002732,0.080008,0.031332,0.019868,0.03387,0.025845,0.025894,0.027724,0.021436
-0.534195,0.291199,0.002732,0.080008,0.031332,0.019868,0.03387,0.025845,0.025894,0.027724,0.021436,0.039285
-0.533084,0.291199,0.080008,0.031332,0.019868,0.03387,0.025845,0.025894,0.027724,0.021436,0.039285,0.023595
-0.531897,0.291199,0.031332,0.019868,0.03387,0.025845,0.025894,0.027724,0.021436,0.039285,0.023595,0.041028
-0.530982,0.289246,0.019868,0.03387,0.025845,0.025894,0.027724,0.021436,0.039285,0.023595,0.041028,0.012909
-0.529311,0.289246,0.03387,0.025845,0.025894,0.027724,0.021436,0.039285,0.023595,0.041028,0.012909,0.012063
-0.52831,0.289246,0.025845,0.025894,0.027724,0.021436,0.039285,0.023595,0.041028,0.012909,0.012063,0.017297
-0.526573,0.287659,0.025894,0.027724,0.021436,0.039285,0.023595,0.041028,0.012909,0.012063,0.017297,0.011525
-0.526027,0.287659,0.027724,0.021436,0.039285,0.023595,0.041028,0.012909,0.012063,0.017297,0.011525,0.026519
-0.525519,0.287659,0.021436,0.039285,0.023595,0.041028,0.012909,0.012063,0.017297,0.011525,0.026519,0.026527
-0.524791,0.287659,0.039285,0.023595,0.041028,0.012909,0.012063,0.017297,0.011525,0.026519,0.026527,0.005304
-0.524306,0.287659,0.023595,0.041028,0.012909,0.012063,0.017297,0.011525,0.026519,0.026527,0.005304,0.00537
-0.523192,0.287659,0.041028,0.012909,0.012063,0.017297,0.011525,0.026519,0.026527,0.005304,0.00537,0.001048
-0.522079,0.287659,0.012909,0.012063,0.017297,0.011525,0.026519,0.026527,0.005304,0.00537,0.001048,0.033238
-0.521857,0.28479,0.012063,0.017297,0.011525,0.026519,0.026527,0.005304,0.00537,0.001048,0.033238,-0.001599
-0.521633,0.28479,0.017297,0.011525,0.026519,0.026527,0.005304,0.00537,0.001048,0.033238,-0.001599,0.000064
-0.521589,0.28479,0.011525,0.026519,0.026527,0.005304,0.00537,0.001048,0.033238,-0.001599,0.000064,0.004918
-0.520201,0.28479,0.026519,0.026527,0.005304,0.00537,0.001048,0.033238,-0.001599,0.000064,0.004918,-0.059193
-0.520267,0.283234,0.026527,0.005304,0.00537,0.001048,0.033238,-0.001599,0.000064,0.004918,-0.059193,-0.18459
-0.520265,0.283234,0.005304,0.00537,0.001048,0.033238,-0.001599,0.000064,0.004918,-0.059193,-0.18459,-0.002536
-0.52006,0.283234,0.00537,0.001048,0.033238,-0.001599,0.000064,0.004918,-0.059193,-0.18459,-0.002536,0.019078
-0.522532,0.283234,0.001048,0.033238,-0.001599,0.000064,0.004918,-0.059193,-0.18459,-0.002536,0.019078,-0.001473
-0.530333,0.283234,0.033238,-0.001599,0.000064,0.004918,-0.059193,-0.18459,-0.002536,0.019078,-0.001473,0.007702
-0.530441,0.283234,-0.001599,0.000064,0.004918,-0.059193,-0.18459,-0.002536,0.019078,-0.001473,0.007702,0.035701
-0.52963,0.283234,0.000064,0.004918,-0.059193,-0.18459,-0.002536,0.019078,-0.001473,0.007702,0.035701,-0.002189
-0.529692,0.281158,0.004918,-0.059193,-0.18459,-0.002536,0.019078,-0.001473,0.007702,0.035701,-0.002189,-0.000332
-0.529365,0.281158,-0.059193,-0.18459,-0.002536,0.019078,-0.001473,0.007702,0.035701,-0.002189,-0.000332,0.014032
-0.527849,0.281158,-0.18459,-0.002536,0.019078,-0.001473,0.007702,0.035701,-0.002189,-0.000332,0.014032,0.022014
-0.527942,0.281158,-0.002536,0.019078,-0.001473,0.007702,0.035701,-0.002189,-0.000332,0.014032,0.022014,0.040613
-0.527956,0.281158,0.019078,-0.001473,0.007702,0.035701,-0.002189,-0.000332,0.014032,0.022014,0.040613,0.023202
-0.527363,0.281158,-0.001473,0.007702,0.035701,-0.002189,-0.000332,0.014032,0.022014,0.040613,0.023202,0.004522
-0.526432,0.281158,0.007702,0.035701,-0.002189,-0.000332,0.014032,0.022014,0.040613,0.023202,0.004522,0.008183
-0.524719,0.281158,0.035701,-0.002189,-0.000332,0.014032,0.022014,0.040613,0.023202,0.004522,0.008183,0.005315
-0.523743,0.281158,-0.002189,-0.000332,0.014032,0.022014,0.040613,0.023202,0.004522,0.008183,0.005315,0.036075
-0.523553,0.281158,-0.000332,0.014032,0.022014,0.040613,0.023202,0.004522,0.008183,0.005315,0.036075,0.003172
-0.52321,0.281158,0.014032,0.022014,0.040613,0.023202,0.004522,0.008183,0.005315,0.036075,0.003172,0.009475
-0.522987,0.279968,0.022014,0.040613,0.023202,0.004522,0.008183,0.005315,0.036075,0.003172,0.009475,0.013519
-0.521476,0.279968,0.040613,0.023202,0.004522,0.008183,0.005315,0.036075,0.003172,0.009475,0.013519,0.008972
-0.521343,0.279968,0.023202,0.004522,0.008183,0.005315,0.036075,0.003172,0.009475,0.013519,0.008972,0.027078
-0.520948,0.279724,0.004522,0.008183,0.005315,0.036075,0.003172,0.009475,0.013519,0.008972,0.027078,0.028757
-0.520384,0.279724,0.008183,0.005315,0.036075,0.003172,0.009475,0.013519,0.008972,0.027078,0.028757,0.002428
-0.52001,0.279724,0.005315,0.036075,0.003172,0.009475,0.013519,0.008972,0.027078,0.028757,0.002428,-0.007278
-0.518883,0.279724,0.036075,0.003172,0.009475,0.013519,0.008972,0.027078,0.028757,0.002428,-0.007278,0.009051
-0.517687,0.279724,0.003172,0.009475,0.013519,0.008972,0.027078,0.028757,0.002428,-0.007278,0.009051,0.038886
-0.517587,0.279724,0.009475,0.013519,0.008972,0.027078,0.028757,0.002428,-0.007278,0.009051,0.038886,0.00324
-0.517888,0.279724,0.013519,0.008972,0.027078,0.028757,0.002428,-0.007278,0.009051,0.038886,0.00324,-0.007953
-0.517513,0.279724,0.008972,0.027078,0.028757,0.002428,-0.007278,0.009051,0.038886,0.00324,-0.007953,0.005083
-0.515903,0.278931,0.027078,0.028757,0.002428,-0.007278,0.009051,0.038886,0.00324,-0.007953,0.005083,0.003073
-0.515769,0.278931,0.028757,0.002428,-0.007278,0.009051,0.038886,0.00324,-0.007953,0.005083,0.003073,0.020156
-0.516097,0.278931,0.002428,-0.007278,0.009051,0.038886,0.00324,-0.007953,0.005083,0.003073,0.020156,0.025982
-0.515888,0.278412,-0.007278,0.009051,0.038886,0.00324,-0.007953,0.005083,0.003073,0.020156,0.025982,-0.006554
-0.515761,0.278412,0.009051,0.038886,0.00324,-0.007953,0.005083,0.003073,0.020156,0.025982,-0.006554,-0.001484
-0.514928,0.278412,0.038886,0.00324,-0.007953,0.005083,0.003073,0.020156,0.025982,-0.006554,-0.001484,0.006653
-0.513857,0.278412,0.00324,-0.007953,0.005083,0.003073,0.020156,0.025982,-0.006554,-0.001484,0.006653,0.033116
-0.514127,0.278412,-0.007953,0.005083,0.003073,0.020156,0.025982,-0.006554,-0.001484,0.006653,0.033116,-0.010513
-0.514188,0.278412,0.005083,0.003073,0.020156,0.025982,-0.006554,-0.001484,0.006653,0.033116,-0.010513,-0.013049
-0.513914,0.278412,0.003073,0.020156,0.025982,-0.006554,-0.001484,0.006653,0.033116,-0.010513,-0.013049,0.007896
-0.512553,0.278015,0.020156,0.025982,-0.006554,-0.001484,0.006653,0.033116,-0.010513,-0.013049,0.007896,0.002877
-0.512985,0.278015,0.025982,-0.006554,-0.001484,0.006653,0.033116,-0.010513,-0.013049,0.007896,0.002877,0.011714
-0.513521,0.278015,-0.006554,-0.001484,0.006653,0.033116,-0.010513,-0.013049,0.007896,0.002877,0.011714,0.021143
-0.513197,0.278015,-0.001484,0.006653,0.033116,-0.010513,-0.013049,0.007896,0.002877,0.011714,0.021143,-0.002388
-0.513078,0.2771,0.006653,0.033116,-0.010513,-0.013049,0.007896,0.002877,0.011714,0.021143,-0.002388,-0.010581
-0.512597,0.2771,0.033116,-0.010513,-0.013049,0.007896,0.002877,0.011714,0.021143,-0.002388,-0.010581,0.003597
-0.511729,0.2771,-0.010513,-0.013049,0.007896,0.002877,0.011714,0.021143,-0.002388,-0.010581,0.003597,0.036338
-0.511827,0.2771,-0.013049,0.007896,0.002877,0.011714,0.021143,-0.002388,-0.010581,0.003597,0.036338,-0.006031
-0.512261,0.2771,0.007896,0.002877,0.011714,0.021143,-0.002388,-0.010581,0.003597,0.036338,-0.006031,-0.007675
-0.512113,0.2771,0.002877,0.011714,0.021143,-0.002388,-0.010581,0.003597,0.036338,-0.006031,-0.007675,-0.000024
-0.510625,0.2771,0.011714,0.021143,-0.002388,-0.010581,0.003597,0.036338,-0.006031,-0.007675,-0.000024,-0.004441
-0.510872,0.2771,0.021143,-0.002388,-0.010581,0.003597,0.036338,-0.006031,-0.007675,-0.000024,-0.004441,0.013413
-0.511186,0.275543,-0.002388,-0.010581,0.003597,0.036338,-0.006031,-0.007675,-0.000024,-0.004441,0.013413,0.014815
-0.511186,0.275543,-0.010581,0.003597,0.036338,-0.006031,-0.007675,-0.000024,-0.004441,0.013413,0.014815,-0.013734
-0.511368,0.275543,0.003597,0.036338,-0.006031,-0.007675,-0.000024,-0.004441,0.013413,0.014815,-0.013734,-0.006615
-0.510819,0.275818,0.036338,-0.006031,-0.007675,-0.000024,-0.004441,0.013413,0.014815,-0.013734,-0.006615,0.000667
-0.510213,0.275818,-0.006031,-0.007675,-0.000024,-0.004441,0.013413,0.014815,-0.013734,-0.006615,0.000667,0.0393
-0.510774,0.275818,-0.007675,-0.000024,-0.004441,0.013413,0.014815,-0.013734,-0.006615,0.000667,0.0393,-0.001813
-0.511044,0.275818,-0.000024,-0.004441,0.013413,0.014815,-0.013734,-0.006615,0.000667,0.0393,-0.001813,-0.006961
-0.511017,0.275818,-0.004441,0.013413,0.014815,-0.013734,-0.006615,0.000667,0.0393,-0.001813,-0.006961,0.016069
-0.509411,0.275818,0.013413,0.014815,-0.013734,-0.006615,0.000667,0.0393,-0.001813,-0.006961,0.016069,0.010071
-0.509485,0.275818,0.014815,-0.013734,-0.006615,0.000667,0.0393,-0.001813,-0.006961,0.016069,0.010071,0.016868
-0.509769,0.275818,-0.013734,-0.006615,0.000667,0.0393,-0.001813,-0.006961,0.016069,0.010071,0.016868,0.016819
-0.509115,0.275024,-0.006615,0.000667,0.0393,-0.001813,-0.006961,0.016069,0.010071,0.016868,0.016819,-0.005678
-0.508705,0.275024,0.000667,0.0393,-0.001813,-0.006961,0.016069,0.010071,0.016868,0.016819,-0.005678,0.004122
-0.508018,0.275024,0.0393,-0.001813,-0.006961,0.016069,0.010071,0.016868,0.016819,-0.005678,0.004122,-0.047168
-0.507334,0.274383,-0.001813,-0.006961,0.016069,0.010071,0.016868,0.016819,-0.005678,0.004122,-0.047168,-0.162372
-0.507565,0.274383,-0.006961,0.016069,0.010071,0.016868,0.016819,-0.005678,0.004122,-0.047168,-0.162372,-0.021824
-0.507397,0.274383,0.016069,0.010071,0.016868,0.016819,-0.005678,0.004122,-0.047168,-0.162372,-0.021824,0.020681
-0.509315,0.274383,0.010071,0.016868,0.016819,-0.005678,0.004122,-0.047168,-0.162372,-0.021824,0.020681,0.018616
-0.515983,0.274383,0.016868,0.016819,-0.005678,0.004122,-0.047168,-0.162372,-0.021824,0.020681,0.018616,0.015029
-0.516887,0.274383,0.016819,-0.005678,0.004122,-0.047168,-0.162372,-0.021824,0.020681,0.018616,0.015029,0.035153
-0.516032,0.274383,-0.005678,0.004122,-0.047168,-0.162372,-0.021824,0.020681,0.018616,0.015029,0.035153,0.058503
-0.515264,0.274383,0.004122,-0.047168,-0.162372,-0.021824,0.020681,0.018616,0.015029,0.035153,0.058503,0.029039
-0.514644,0.274383,-0.047168,-0.162372,-0.021824,0.020681,0.018616,0.015029,0.035153,0.058503,0.029039,0.015159
-0.513197,0.274383,-0.162372,-0.021824,0.020681,0.018616,0.015029,0.035153,0.058503,0.029039,0.015159,0.044553
-0.510797,0.274383,-0.021824,0.020681,0.018616,0.015029,0.035153,0.058503,0.029039,0.015159,0.044553,0.031608
-0.509611,0.273193,0.020681,0.018616,0.015029,0.035153,0.058503,0.029039,0.015159,0.044553,0.031608,-0.167417
-0.508994,0.273193,0.018616,0.015029,0.035153,0.058503,0.029039,0.015159,0.044553,0.031608,-0.167417,-0.003852
-0.507184,0.273193,0.015029,0.035153,0.058503,0.029039,0.015159,0.044553,0.031608,-0.167417,-0.003852,0.052241
-0.505902,0.273193,0.035153,0.058503,0.029039,0.015159,0.044553,0.031608,-0.167417,-0.003852,0.052241,0.034871
-0.512733,0.273193,0.058503,0.029039,0.015159,0.044553,0.031608,-0.167417,-0.003852,0.052241,0.034871,0.048768
-0.512891,0.273193,0.029039,0.015159,0.044553,0.031608,-0.167417,-0.003852,0.052241,0.034871,0.048768,0.055866
-0.510753,0.273193,0.015159,0.044553,0.031608,-0.167417,-0.003852,0.052241,0.034871,0.048768,0.055866,0.022814
-0.50933,0.273193,0.044553,0.031608,-0.167417,-0.003852,0.052241,0.034871,0.048768,0.055866,0.022814,0.022815
-0.507345,0.272156,0.031608,-0.167417,-0.003852,0.052241,0.034871,0.048768,0.055866,0.022814,0.022815,0.026653
-0.50508,0.272156,-0.167417,-0.003852,0.052241,0.034871,0.048768,0.055866,0.022814,0.022815,0.026653,0.071144
-0.504159,0.272156,-0.003852,0.052241,0.034871,0.048768,0.055866,0.022814,0.022815,0.026653,0.071144,0.039435
-0.50324,0.271362,0.052241,0.034871,0.048768,0.055866,0.022814,0.022815,0.026653,0.071144,0.039435,-0.029379
-0.502169,0.271362,0.034871,0.048768,0.055866,0.022814,0.022815,0.026653,0.071144,0.039435,-0.029379,-0.154022
-0.499317,0.271362,0.048768,0.055866,0.022814,0.022815,0.026653,0.071144,0.039435,-0.029379,-0.154022,-0.003819
-0.497743,0.271362,0.055866,0.022814,0.022815,0.026653,0.071144,0.039435,-0.029379,-0.154022,-0.003819,0.051745
-0.498914,0.271362,0.022814,0.022815,0.026653,0.071144,0.039435,-0.029379,-0.154022,-0.003819,0.051745,0.046365
-0.505094,0.271362,0.022815,0.026653,0.071144,0.039435,-0.029379,-0.154022,-0.003819,0.051745,0.046365,0.009638
-0.505248,0.271362,0.026653,0.071144,0.039435,-0.029379,-0.154022,-0.003819,0.051745,0.046365,0.009638,-0.023226
-0.503159,0.271362,0.071144,0.039435,-0.029379,-0.154022,-0.003819,0.051745,0.046365,0.009638,-0.023226,-0.164919
-0.501295,0.270325,0.039435,-0.029379,-0.154022,-0.003819,0.051745,0.046365,0.009638,-0.023226,-0.164919,0.033273
-0.500908,0.270325,-0.029379,-0.154022,-0.003819,0.051745,0.046365,0.009638,-0.023226,-0.164919,0.033273,0.037234
-0.501839,0.270325,-0.154022,-0.003819,0.051745,0.046365,0.009638,-0.023226,-0.164919,0.033273,0.037234,0.034327
-0.508501,0.270325,-0.003819,0.051745,0.046365,0.009638,-0.023226,-0.164919,0.033273,0.037234,0.034327,0.055928
-0.507148,0.270447,0.051745,0.046365,0.009638,-0.023226,-0.164919,0.033273,0.037234,0.034327,0.055928,0.030711
-0.505638,0.270447,0.046365,0.009638,-0.023226,-0.164919,0.033273,0.037234,0.034327,0.055928,0.030711,0.038275
-0.504251,0.270447,0.009638,-0.023226,-0.164919,0.033273,0.037234,0.034327,0.055928,0.030711,0.038275,0.039455
-0.502002,0.270447,-0.023226,-0.164919,0.033273,0.037234,0.034327,0.055928,0.030711,0.038275,0.039455,0.007583
-0.500771,0.270447,-0.164919,0.033273,0.037234,0.034327,0.055928,0.030711,0.038275,0.039455,0.007583,0.024629
-0.499239,0.270447,0.033273,0.037234,0.034327,0.055928,0.030711,0.038275,0.039455,0.007583,0.024629,0.052595
-0.497664,0.270447,0.037234,0.034327,0.055928,0.030711,0.038275,0.039455,0.007583,0.024629,0.052595,0.060938
-0.497362,0.270447,0.034327,0.055928,0.030711,0.038275,0.039455,0.007583,0.024629,0.052595,0.060938,-0.00095
-0.496384,0.268768,0.055928,0.030711,0.038275,0.039455,0.007583,0.024629,0.052595,0.060938,-0.00095,-0.046278
-0.494301,0.268768,0.030711,0.038275,0.039455,0.007583,0.024629,0.052595,0.060938,-0.00095,-0.046278,-0.153272
-0.491895,0.268768,0.038275,0.039455,0.007583,0.024629,0.052595,0.060938,-0.00095,-0.046278,-0.153272,0.003554
-0.491932,0.268097,0.039455,0.007583,0.024629,0.052595,0.060938,-0.00095,-0.046278,-0.153272,0.003554,0.047947
-0.493757,0.268097,0.007583,0.024629,0.052595,0.060938,-0.00095,-0.046278,-0.153272,0.003554,0.047947,0.054224
-0.499844,0.268097,0.024629,0.052595,0.060938,-0.00095,-0.046278,-0.153272,0.003554,0.047947,0.054224,0.020023
-0.499701,0.268097,0.052595,0.060938,-0.00095,-0.046278,-0.153272,0.003554,0.047947,0.054224,0.020023,0.019142
-0.497787,0.268097,0.060938,-0.00095,-0.046278,-0.153272,0.003554,0.047947,0.054224,0.020023,0.019142,-0.024749
-0.49563,0.268097,-0.00095,-0.046278,-0.153272,0.003554,0.047947,0.054224,0.020023,0.019142,-0.024749,-0.206343
-0.494837,0.268097,-0.046278,-0.153272,0.003554,0.047947,0.054224,0.020023,0.019142,-0.024749,-0.206343,-0.198118
-0.49408,0.268097,-0.153272,0.003554,0.047947,0.054224,0.020023,0.019142,-0.024749,-0.206343,-0.198118,0.04476
-0.495059,0.26654,0.003554,0.047947,0.054224,0.020023,0.019142,-0.024749,-0.206343,-0.198118,0.04476,0.073819
-0.503306,0.26654,0.047947,0.054224,0.020023,0.019142,-0.024749,-0.206343,-0.198118,0.04476,0.073819,0.026776
-0.511357,0.26654,0.054224,0.020023,0.019142,-0.024749,-0.206343,-0.198118,0.04476,0.073819,0.026776,0.044819
-0.509528,0.26654,0.020023,0.019142,-0.024749,-0.206343,-0.198118,0.04476,0.073819,0.026776,0.044819,0.058201
-0.50653,0.270844,0.019142,-0.024749,-0.206343,-0.198118,0.04476,0.073819,0.026776,0.044819,0.058201,0.025221
-0.505447,0.270844,-0.024749,-0.206343,-0.198118,0.04476,0.073819,0.026776,0.044819,0.058201,0.025221,0.017696
-0.503637,0.270844,-0.206343,-0.198118,0.04476,0.073819,0.026776,0.044819,0.058201,0.025221,0.017696,0.038409
-0.501295,0.270844,-0.198118,0.04476,0.073819,0.026776,0.044819,0.058201,0.025221,0.017696,0.038409,0.095289
-0.500284,0.270844,0.04476,0.073819,0.026776,0.044819,0.058201,0.025221,0.017696,0.038409,0.095289,0.042198
-0.499577,0.270844,0.073819,0.026776,0.044819,0.058201,0.025221,0.017696,0.038409,0.095289,0.042198,0.019052
-0.498045,0.270844,0.026776,0.044819,0.058201,0.025221,0.017696,0.038409,0.095289,0.042198,0.019052,0.043726
-0.49426,0.270844,0.044819,0.058201,0.025221,0.017696,0.038409,0.095289,0.042198,0.019052,0.043726,0.027009
-0.492593,0.269562,0.058201,0.025221,0.017696,0.038409,0.095289,0.042198,0.019052,0.043726,0.027009,0.04306
-0.491842,0.269562,0.025221,0.017696,0.038409,0.095289,0.042198,0.019052,0.043726,0.027009,0.04306,0.045395
-0.490126,0.269562,0.017696,0.038409,0.095289,0.042198,0.019052,0.043726,0.027009,0.04306,0.045395,0.012819
-0.489068,0.269562,0.038409,0.095289,0.042198,0.019052,0.043726,0.027009,0.04306,0.045395,0.012819,0.023796
-0.487384,0.268097,0.095289,0.042198,0.019052,0.043726,0.027009,0.04306,0.045395,0.012819,0.023796,0.036885
-0.485614,0.268097,0.042198,0.019052,0.043726,0.027009,0.04306,0.045395,0.012819,0.023796,0.036885,0.060782
-0.485116,0.268097,0.019052,0.043726,0.027009,0.04306,0.045395,0.012819,0.023796,0.036885,0.060782,0.012649
-0.484194,0.268097,0.043726,0.027009,0.04306,0.045395,0.012819,0.023796,0.036885,0.060782,0.012649,0.019624
-0.482766,0.268097,0.027009,0.04306,0.045395,0.012819,0.023796,0.036885,0.060782,0.012649,0.019624,0.024462
-0.48042,0.268097,0.04306,0.045395,0.012819,0.023796,0.036885,0.060782,0.012649,0.019624,0.024462,0.017014
-0.479933,0.268097,0.045395,0.012819,0.023796,0.036885,0.060782,0.012649,0.019624,0.024462,0.017014,0.022919
-0.479179,0.268097,0.012819,0.023796,0.036885,0.060782,0.012649,0.019624,0.024462,0.017014,0.022919,0.032788
-0.478241,0.2659,0.023796,0.036885,0.060782,0.012649,0.019624,0.024462,0.017014,0.022919,0.032788,-0.000296
-0.47759,0.2659,0.036885,0.060782,0.012649,0.019624,0.024462,0.017014,0.022919,0.032788,-0.000296,0.002812
-0.476712,0.2659,0.060782,0.012649,0.019624,0.024462,0.017014,0.022919,0.032788,-0.000296,0.002812,0.004092
-0.475459,0.2659,0.012649,0.019624,0.024462,0.017014,0.022919,0.032788,-0.000296,0.002812,0.004092,0.042198
-0.475471,0.265503,0.019624,0.024462,0.017014,0.022919,0.032788,-0.000296,0.002812,0.004092,0.042198,-0.007845
-0.475364,0.265503,0.024462,0.017014,0.022919,0.032788,-0.000296,0.002812,0.004092,0.042198,-0.007845,-0.004798
-0.475208,0.265503,0.017014,0.022919,0.032788,-0.000296,0.002812,0.004092,0.042198,-0.007845,-0.004798,0.006496
-0.473601,0.265503,0.022919,0.032788,-0.000296,0.002812,0.004092,0.042198,-0.007845,-0.004798,0.006496,-0.00434
-0.473899,0.265503,0.032788,-0.000296,0.002812,0.004092,0.042198,-0.007845,-0.004798,0.006496,-0.00434,0.010945
-0.474082,0.265503,-0.000296,0.002812,0.004092,0.042198,-0.007845,-0.004798,0.006496,-0.00434,0.010945,0.013562
-0.473835,0.265503,0.002812,0.004092,0.042198,-0.007845,-0.004798,0.006496,-0.00434,0.010945,0.013562,-0.012558
-0.474,0.265503,0.004092,0.042198,-0.007845,-0.004798,0.006496,-0.00434,0.010945,0.013562,-0.012558,-0.011518
-0.473583,0.262756,0.042198,-0.007845,-0.004798,0.006496,-0.00434,0.010945,0.013562,-0.012558,-0.011518,-0.00274
-0.473068,0.262756,-0.007845,-0.004798,0.006496,-0.00434,0.010945,0.013562,-0.012558,-0.011518,-0.00274,0.030992
-0.473545,0.262756,-0.004798,0.006496,-0.00434,0.010945,0.013562,-0.012558,-0.011518,-0.00274,0.030992,-0.019475
-0.473982,0.262756,0.006496,-0.00434,0.010945,0.013562,-0.012558,-0.011518,-0.00274,0.030992,-0.019475,-0.013674
-0.474086,0.262756,-0.00434,0.010945,0.013562,-0.012558,-0.011518,-0.00274,0.030992,-0.019475,-0.013674,0.008088
-0.472908,0.262756,0.010945,0.013562,-0.012558,-0.011518,-0.00274,0.030992,-0.019475,-0.013674,0.008088,0.000215
-0.473648,0.262756,0.013562,-0.012558,-0.011518,-0.00274,0.030992,-0.019475,-0.013674,0.008088,0.000215,0.005716
-0.474168,0.262756,-0.012558,-0.011518,-0.00274,0.030992,-0.019475,-0.013674,0.008088,0.000215,0.005716,0.009223
-0.473861,0.262756,-0.011518,-0.00274,0.030992,-0.019475,-0.013674,0.008088,0.000215,0.005716,0.009223,-0.013917
-0.473853,0.262756,-0.00274,0.030992,-0.019475,-0.013674,0.008088,0.000215,0.005716,0.009223,-0.013917,-0.015596
-0.473635,0.262756,0.030992,-0.019475,-0.013674,0.008088,0.000215,0.005716,0.009223,-0.013917,-0.015596,-0.005218
-0.473285,0.262756,-0.019475,-0.013674,0.008088,0.000215,0.005716,0.009223,-0.013917,-0.015596,-0.005218,0.033199
-0.473813,0.260925,-0.013674,0.008088,0.000215,0.005716,0.009223,-0.013917,-0.015596,-0.005218,0.033199,-0.009215
-0.474406,0.260925,0.008088,0.000215,0.005716,0.009223,-0.013917,-0.015596,-0.005218,0.033199,-0.009215,-0.006846
-0.474604,0.260925,0.000215,0.005716,0.009223,-0.013917,-0.015596,-0.005218,0.033199,-0.009215,-0.006846,-0.05021
-0.473341,0.260925,0.005716,0.009223,-0.013917,-0.015596,-0.005218,0.033199,-0.009215,-0.006846,-0.05021,-0.191074
-0.473692,0.260162,0.009223,-0.013917,-0.015596,-0.005218,0.033199,-0.009215,-0.006846,-0.05021,-0.191074,-0.013771
-0.473952,0.260162,-0.013917,-0.015596,-0.005218,0.033199,-0.009215,-0.006846,-0.05021,-0.191074,-0.013771,0.038665
-0.475862,0.260162,-0.015596,-0.005218,0.033199,-0.009215,-0.006846,-0.05021,-0.191074,-0.013771,0.038665,-0.003111
-0.483201,0.260162,-0.005218,0.033199,-0.009215,-0.006846,-0.05021,-0.191074,-0.013771,0.038665,-0.003111,-0.007127
-0.483734,0.260162,0.033199,-0.009215,-0.006846,-0.05021,-0.191074,-0.013771,0.038665,-0.003111,-0.007127,0.019311
-0.482237,0.260162,-0.009215,-0.006846,-0.05021,-0.191074,-0.013771,0.038665,-0.003111,-0.007127,0.019311,0.049202
-0.482357,0.260162,-0.006846,-0.05021,-0.191074,-0.013771,0.038665,-0.003111,-0.007127,0.019311,0.049202,-0.007503
-0.482632,0.260162,-0.05021,-0.191074,-0.013771,0.038665,-0.003111,-0.007127,0.019311,0.049202,-0.007503,-0.003082
-0.481887,0.261078,-0.191074,-0.013771,0.038665,-0.003111,-0.007127,0.019311,0.049202,-0.007503,-0.003082,0.03268
-0.47999,0.261078,-0.013771,0.038665,-0.003111,-0.007127,0.019311,0.049202,-0.007503,-0.003082,0.03268,0.028052
-0.480279,0.261078,0.038665,-0.003111,-0.007127,0.019311,0.049202,-0.007503,-0.003082,0.03268,0.028052,0.014418
-0.480397,0.261078,-0.003111,-0.007127,0.019311,0.049202,-0.007503,-0.003082,0.03268,0.028052,0.014418,0.029033
-0.479142,0.260681,-0.007127,0.019311,0.049202,-0.007503,-0.003082,0.03268,0.028052,0.014418,0.029033,-0.004365
-0.478067,0.260681,0.019311,0.049202,-0.007503,-0.003082,0.03268,0.028052,0.014418,0.029033,-0.004365,0.00818
-0.477514,0.260681,0.049202,-0.007503,-0.003082,0.03268,0.028052,0.014418,0.029033,-0.004365,0.00818,0.018733
-0.476403,0.260681,-0.007503,-0.003082,0.03268,0.028052,0.014418,0.029033,-0.004365,0.00818,0.018733,0.044628
-0.47657,0.260681,-0.003082,0.03268,0.028052,0.014418,0.029033,-0.004365,0.00818,0.018733,0.044628,-0.006479
-0.476258,0.260681,0.03268,0.028052,0.014418,0.029033,-0.004365,0.00818,0.018733,0.044628,-0.006479,0.006804
-0.475543,0.260681,0.028052,0.014418,0.029033,-0.004365,0.00818,0.018733,0.044628,-0.006479,0.006804,0.027568
-0.473843,0.260681,0.014418,0.029033,-0.004365,0.00818,0.018733,0.044628,-0.006479,0.006804,0.027568,-0.039741
-0.474089,0.260681,0.029033,-0.004365,0.00818,0.018733,0.044628,-0.006479,0.006804,0.027568,-0.039741,-0.165434
-0.473831,0.26004,-0.004365,0.00818,0.018733,0.044628,-0.006479,0.006804,0.027568,-0.039741,-0.165434,0.020306
-0.472785,0.26004,0.00818,0.018733,0.044628,-0.006479,0.006804,0.027568,-0.039741,-0.165434,0.020306,0.031145
-0.474294,0.26004,0.018733,0.044628,-0.006479,0.006804,0.027568,-0.039741,-0.165434,0.020306,0.031145,0.014514
-0.48063,0.259644,0.044628,-0.006479,0.006804,0.027568,-0.039741,-0.165434,0.020306,0.031145,0.014514,0.019703
-0.479848,0.259644,-0.006479,0.006804,0.027568,-0.039741,-0.165434,0.020306,0.031145,0.014514,0.019703,0.008423
-0.478652,0.259644,0.006804,0.027568,-0.039741,-0.165434,0.020306,0.031145,0.014514,0.019703,0.008423,-0.1641
-0.478096,0.259644,0.027568,-0.039741,-0.165434,0.020306,0.031145,0.014514,0.019703,0.008423,-0.1641,-0.015827
-0.477342,0.259644,-0.039741,-0.165434,0.020306,0.031145,0.014514,0.019703,0.008423,-0.1641,-0.015827,0.032846
-0.47702,0.259644,-0.165434,0.020306,0.031145,0.014514,0.019703,0.008423,-0.1641,-0.015827,0.032846,0.046129
-0.48334,0.259644,0.020306,0.031145,0.014514,0.019703,0.008423,-0.1641,-0.015827,0.032846,0.046129,0.053634
-0.483953,0.259644,0.031145,0.014514,0.019703,0.008423,-0.1641,-0.015827,0.032846,0.046129,0.053634,0.043023
-0.482683,0.259644,0.014514,0.019703,0.008423,-0.1641,-0.015827,0.032846,0.046129,0.053634,0.043023,0.000766
-0.480903,0.259247,0.019703,0.008423,-0.1641,-0.015827,0.032846,0.046129,0.053634,0.043023,0.000766,0.016674
-0.47884,0.259247,0.008423,-0.1641,-0.015827,0.032846,0.046129,0.053634,0.043023,0.000766,0.016674,0.016911
-0.47719,0.259247,-0.1641,-0.015827,0.032846,0.046129,0.053634,0.043023,0.000766,0.016674,0.016911,0.065458
-0.47716,0.257813,-0.015827,0.032846,0.046129,0.053634,0.043023,0.000766,0.016674,0.016911,0.065458,0.024334
-0.476523,0.257813,0.032846,0.046129,0.053634,0.043023,0.000766,0.016674,0.016911,0.065458,0.024334,0.0159
-0.475878,0.257813,0.046129,0.053634,0.043023,0.000766,0.016674,0.016911,0.065458,0.024334,0.0159,0.029756
-0.473385,0.257813,0.053634,0.043023,0.000766,0.016674,0.016911,0.065458,0.024334,0.0159,0.029756,-0.029908
-0.47246,0.257813,0.043023,0.000766,0.016674,0.016911,0.065458,0.024334,0.0159,0.029756,-0.029908,-0.156518
-0.471858,0.257813,0.000766,0.016674,0.016911,0.065458,0.024334,0.0159,0.029756,-0.029908,-0.156518,0.011347
-0.470733,0.257813,0.016674,0.016911,0.065458,0.024334,0.0159,0.029756,-0.029908,-0.156518,0.011347,0.019327
-0.471864,0.257813,0.016911,0.065458,0.024334,0.0159,0.029756,-0.029908,-0.156518,0.011347,0.019327,0.027325
-0.477829,0.257813,0.065458,0.024334,0.0159,0.029756,-0.029908,-0.156518,0.011347,0.019327,0.027325,0.023995
-0.477394,0.248413,0.024334,0.0159,0.029756,-0.029908,-0.156518,0.011347,0.019327,0.027325,0.023995,0.060125
-0.476655,0.248413,0.0159,0.029756,-0.029908,-0.156518,0.011347,0.019327,0.027325,0.023995,0.060125,0.009088
-0.475613,0.248413,0.029756,-0.029908,-0.156518,0.011347,0.019327,0.027325,0.023995,0.060125,0.009088,-0.040052
-0.474699,0.248413,-0.029908,-0.156518,0.011347,0.019327,0.027325,0.023995,0.060125,0.009088,-0.040052,-0.157038
-0.472414,0.245941,-0.156518,0.011347,0.019327,0.027325,0.023995,0.060125,0.009088,-0.040052,-0.157038,0.003445
-0.472069,0.245941,0.011347,0.019327,0.027325,0.023995,0.060125,0.009088,-0.040052,-0.157038,0.003445,0.066281
-0.473588,0.245941,0.019327,0.027325,0.023995,0.060125,0.009088,-0.040052,-0.157038,0.003445,0.066281,-0.007336
-0.479583,0.245941,0.027325,0.023995,0.060125,0.009088,-0.040052,-0.157038,0.003445,0.066281,-0.007336,-0.156287
-0.479451,0.245941,0.023995,0.060125,0.009088,-0.040052,-0.157038,0.003445,0.066281,-0.007336,-0.156287,-0.009257
-0.476909,0.245941,0.060125,0.009088,-0.040052,-0.157038,0.003445,0.066281,-0.007336,-0.156287,-0.009257,0.040915
-0.47719,0.245941,0.009088,-0.040052,-0.157038,0.003445,0.066281,-0.007336,-0.156287,-0.009257,0.040915,0.058832
-0.483202,0.245941,-0.040052,-0.157038,0.003445,0.066281,-0.007336,-0.156287,-0.009257,0.040915,0.058832,-0.051169
-0.48356,0.241516,-0.157038,0.003445,0.066281,-0.007336,-0.156287,-0.009257,0.040915,0.058832,-0.051169,-0.147195
-0.481979,0.241516,0.003445,0.066281,-0.007336,-0.156287,-0.009257,0.040915,0.058832,-0.051169,-0.147195,0.031312
-0.479711,0.241516,0.066281,-0.007336,-0.156287,-0.009257,0.040915,0.058832,-0.051169,-0.147195,0.031312,-0.009869
-0.481684,0.241516,-0.007336,-0.156287,-0.009257,0.040915,0.058832,-0.051169,-0.147195,0.031312,-0.009869,-0.132277
-0.487394,0.238251,-0.156287,-0.009257,0.040915,0.058832,-0.051169,-0.147195,0.031312,-0.009869,-0.132277,0.034836
-0.486175,0.238251,-0.009257,0.040915,0.058832,-0.051169,-0.147195,0.031312,-0.009869,-0.132277,0.034836,0.067463
-0.486559,0.238251,0.040915,0.058832,-0.051169,-0.147195,0.031312,-0.009869,-0.132277,0.034836,0.067463,0.034429
-0.491742,0.238251,0.058832,-0.051169,-0.147195,0.031312,-0.009869,-0.132277,0.034836,0.067463,0.034429,0.038181
-0.490372,0.238251,-0.051169,-0.147195,0.031312,-0.009869,-0.132277,0.034836,0.067463,0.034429,0.038181,0.060766
-0.487731,0.238251,-0.147195,0.031312,-0.009869,-0.132277,0.034836,0.067463,0.034429,0.038181,0.060766,0.024159
-0.48639,0.238251,0.031312,-0.009869,-0.132277,0.034836,0.067463,0.034429,0.038181,0.060766,0.024159,0.052759
-0.484906,0.238251,-0.009869,-0.132277,0.034836,0.067463,0.034429,0.038181,0.060766,0.024159,0.052759,0.035953
-0.482551,0.237854,-0.132277,0.034836,0.067463,0.034429,0.038181,0.060766,0.024159,0.052759,0.035953,0.042953
-0.481617,0.237854,0.034836,0.067463,0.034429,0.038181,0.060766,0.024159,0.052759,0.035953,0.042953,0.061603
-0.479585,0.237854,0.067463,0.034429,0.038181,0.060766,0.024159,0.052759,0.035953,0.042953,0.061603,0.049571
-0.478207,0.237854,0.034429,0.038181,0.060766,0.024159,0.052759,0.035953,0.042953,0.061603,0.049571,0.020761
-0.476564,0.236542,0.038181,0.060766,0.024159,0.052759,0.035953,0.042953,0.061603,0.049571,0.020761,0.017966
-0.474214,0.236542,0.060766,0.024159,0.052759,0.035953,0.042953,0.061603,0.049571,0.020761,0.017966,0.026853
-0.47233,0.236542,0.024159,0.052759,0.035953,0.042953,0.061603,0.049571,0.020761,0.017966,0.026853,0.058774
-0.471544,0.236542,0.052759,0.035953,0.042953,0.061603,0.049571,0.020761,0.017966,0.026853,0.058774,0.008992
-0.470865,0.236542,0.035953,0.042953,0.061603,0.049571,0.020761,0.017966,0.026853,0.058774,0.008992,0.019636
-0.469851,0.236542,0.042953,0.061603,0.049571,0.020761,0.017966,0.026853,0.058774,0.008992,0.019636,0.037892
-0.467637,0.236542,0.061603,0.049571,0.020761,0.017966,0.026853,0.058774,0.008992,0.019636,0.037892,0.012921
-0.467299,0.236542,0.049571,0.020761,0.017966,0.026853,0.058774,0.008992,0.019636,0.037892,0.012921,0.031556
-0.466563,0.236542,0.020761,0.017966,0.026853,0.058774,0.008992,0.019636,0.037892,0.012921,0.031556,0.034972
-0.465145,0.233948,0.017966,0.026853,0.058774,0.008992,0.019636,0.037892,0.012921,0.031556,0.034972,-0.005441
-0.464662,0.233948,0.026853,0.058774,0.008992,0.019636,0.037892,0.012921,0.031556,0.034972,-0.005441,0.01388
-0.463484,0.233948,0.058774,0.008992,0.019636,0.037892,0.012921,0.031556,0.034972,-0.005441,0.01388,0.00794
-0.462181,0.233948,0.008992,0.019636,0.037892,0.012921,0.031556,0.034972,-0.005441,0.01388,0.00794,0.052101
-0.462383,0.23407,0.019636,0.037892,0.012921,0.031556,0.034972,-0.005441,0.01388,0.00794,0.052101,-0.063332
-0.461867,0.23407,0.037892,0.012921,0.031556,0.034972,-0.005441,0.01388,0.00794,0.052101,-0.063332,-0.165477
-0.461572,0.23407,0.012921,0.031556,0.034972,-0.005441,0.01388,0.00794,0.052101,-0.063332,-0.165477,-0.011823
-0.459639,0.23407,0.031556,0.034972,-0.005441,0.01388,0.00794,0.052101,-0.063332,-0.165477,-0.011823,0.023597
-0.461991,0.23407,0.034972,-0.005441,0.01388,0.00794,0.052101,-0.063332,-0.165477,-0.011823,0.023597,-0.026249
-0.468177,0.23407,-0.005441,0.01388,0.00794,0.052101,-0.063332,-0.165477,-0.011823,0.023597,-0.026249,-0.142375
-0.468622,0.23407,0.01388,0.00794,0.052101,-0.063332,-0.165477,-0.011823,0.023597,-0.026249,-0.142375,-0.027013
-0.467735,0.23407,0.00794,0.052101,-0.063332,-0.165477,-0.011823,0.023597,-0.026249,-0.142375,-0.027013,0.034416
-0.468723,0.231323,0.052101,-0.063332,-0.165477,-0.011823,0.023597,-0.026249,-0.142375,-0.027013,0.034416,0.020531
-0.474115,0.231323,-0.063332,-0.165477,-0.011823,0.023597,-0.026249,-0.142375,-0.027013,0.034416,0.020531,0.037795
-0.475143,0.231323,-0.165477,-0.011823,0.023597,-0.026249,-0.142375,-0.027013,0.034416,0.020531,0.037795,0.006846
-0.473835,0.231323,-0.011823,0.023597,-0.026249,-0.142375,-0.027013,0.034416,0.020531,0.037795,0.006846,0.025319
-0.473056,0.231323,0.023597,-0.026249,-0.142375,-0.027013,0.034416,0.020531,0.037795,0.006846,0.025319,-0.028369
-0.471622,0.231323,-0.026249,-0.142375,-0.027013,0.034416,0.020531,0.037795,0.006846,0.025319,-0.028369,-0.209682
-0.471363,0.231323,-0.142375,-0.027013,0.034416,0.020531,0.037795,0.006846,0.025319,-0.028369,-0.209682,-0.154266
-0.470406,0.231323,-0.027013,0.034416,0.020531,0.037795,0.006846,0.025319,-0.028369,-0.209682,-0.154266,0.046611
-0.471477,0.231323,0.034416,0.020531,0.037795,0.006846,0.025319,-0.028369,-0.209682,-0.154266,0.046611,0.023847
-0.479468,0.231323,0.020531,0.037795,0.006846,0.025319,-0.028369,-0.209682,-0.154266,0.046611,0.023847,0.033753
-0.485434,0.231323,0.037795,0.006846,0.025319,-0.028369,-0.209682,-0.154266,0.046611,0.023847,0.033753,0.018322
-0.483623,0.231323,0.006846,0.025319,-0.028369,-0.209682,-0.154266,0.046611,0.023847,0.033753,0.018322,0.074731
-0.482701,0.231476,0.025319,-0.028369,-0.209682,-0.154266,0.046611,0.023847,0.033753,0.018322,0.074731,0.016694
-0.481399,0.231476,-0.028369,-0.209682,-0.154266,0.046611,0.023847,0.033753,0.018322,0.074731,0.016694,0.017337
-0.480693,0.231476,-0.209682,-0.154266,0.046611,0.023847,0.033753,0.018322,0.074731,0.016694,0.017337,0.036623
-0.477821,0.231476,-0.154266,0.046611,0.023847,0.033753,0.018322,0.074731,0.016694,0.017337,0.036623,0.05598
-0.477181,0.230408,0.046611,0.023847,0.033753,0.018322,0.074731,0.016694,0.017337,0.036623,0.05598,0.056479
-0.476518,0.230408,0.023847,0.033753,0.018322,0.074731,0.016694,0.017337,0.036623,0.05598,0.056479,0.03895
-0.475122,0.230408,0.033753,0.018322,0.074731,0.016694,0.017337,0.036623,0.05598,0.056479,0.03895,0.001539
-0.472995,0.230408,0.018322,0.074731,0.016694,0.017337,0.036623,0.05598,0.056479,0.03895,0.001539,0.018919
-0.470854,0.230408,0.074731,0.016694,0.017337,0.036623,0.05598,0.056479,0.03895,0.001539,0.018919,0.03186
-0.469383,0.230408,0.016694,0.017337,0.036623,0.05598,0.056479,0.03895,0.001539,0.018919,0.03186,0.054002
-0.469325,0.230408,0.017337,0.036623,0.05598,0.056479,0.03895,0.001539,0.018919,0.03186,0.054002,0.014184
-0.468613,0.230408,0.036623,0.05598,0.056479,0.03895,0.001539,0.018919,0.03186,0.054002,0.014184,-0.023612
-0.467416,0.230408,0.05598,0.056479,0.03895,0.001539,0.018919,0.03186,0.054002,0.014184,-0.023612,-0.123525
-0.46539,0.231323,0.056479,0.03895,0.001539,0.018919,0.03186,0.054002,0.014184,-0.023612,-0.123525,0.006865
-0.464859,0.231323,0.03895,0.001539,0.018919,0.03186,0.054002,0.014184,-0.023612,-0.123525,0.006865,0.054234
-0.465742,0.231323,0.001539,0.018919,0.03186,0.054002,0.014184,-0.023612,-0.123525,0.006865,0.054234,0.05767
-0.470383,0.232391,0.018919,0.03186,0.054002,0.014184,-0.023612,-0.123525,0.006865,0.054234,0.05767,0.021273
-0.470123,0.232391,0.03186,0.054002,0.014184,-0.023612,-0.123525,0.006865,0.054234,0.05767,0.021273,-0.016298
-0.468079,0.232391,0.054002,0.014184,-0.023612,-0.123525,0.006865,0.054234,0.05767,0.021273,-0.016298,-0.144425
-0.465913,0.232391,0.014184,-0.023612,-0.123525,0.006865,0.054234,0.05767,0.021273,-0.016298,-0.144425,0.033943
-0.465117,0.232391,-0.023612,-0.123525,0.006865,0.054234,0.05767,0.021273,-0.016298,-0.144425,0.033943,0.033103
-0.465726,0.232391,-0.123525,0.006865,0.054234,0.05767,0.021273,-0.016298,-0.144425,0.033943,0.033103,0.035729
-0.471157,0.232391,0.006865,0.054234,0.05767,0.021273,-0.016298,-0.144425,0.033943,0.033103,0.035729,0.049199
-0.469874,0.232391,0.054234,0.05767,0.021273,-0.016298,-0.144425,0.033943,0.033103,0.035729,0.049199,-0.02217
-0.468625,0.232391,0.05767,0.021273,-0.016298,-0.144425,0.033943,0.033103,0.035729,0.049199,-0.02217,-0.137872
-0.467282,0.231079,0.021273,-0.016298,-0.144425,0.033943,0.033103,0.035729,0.049199,-0.02217,-0.137872,-0.032883
-0.46544,0.231079,-0.016298,-0.144425,0.033943,0.033103,0.035729,0.049199,-0.02217,-0.137872,-0.032883,-0.11746
-0.46627,0.231079,-0.144425,0.033943,0.033103,0.035729,0.049199,-0.02217,-0.137872,-0.032883,-0.11746,0.009267
-0.471465,0.231079,0.033943,0.033103,0.035729,0.049199,-0.02217,-0.137872,-0.032883,-0.11746,0.009267,0.062057
-0.472712,0.231079,0.033103,0.035729,0.049199,-0.02217,-0.137872,-0.032883,-0.11746,0.009267,0.062057,0.079951
-0.477186,0.231079,0.035729,0.049199,-0.02217,-0.137872,-0.032883,-0.11746,0.009267,0.062057,0.079951,0.020954
-0.476832,0.231079,0.049199,-0.02217,-0.137872,-0.032883,-0.11746,0.009267,0.062057,0.079951,0.020954,0.02335
-0.474466,0.231079,-0.02217,-0.137872,-0.032883,-0.11746,0.009267,0.062057,0.079951,0.020954,0.02335,0.035774
-0.47143,0.231079,-0.137872,-0.032883,-0.11746,0.009267,0.062057,0.079951,0.020954,0.02335,0.035774,0.039463
-0.470637,0.231079,-0.032883,-0.11746,0.009267,0.062057,0.079951,0.020954,0.02335,0.035774,0.039463,0.051742
-0.469756,0.231079,-0.11746,0.009267,0.062057,0.079951,0.020954,0.02335,0.035774,0.039463,0.051742,0.048617
-0.46841,0.231079,0.009267,0.062057,0.079951,0.020954,0.02335,0.035774,0.039463,0.051742,0.048617,0.030211
-0.466928,0.232117,0.062057,0.079951,0.020954,0.02335,0.035774,0.039463,0.051742,0.048617,0.030211,0.021739
-0.464989,0.232117,0.079951,0.020954,0.02335,0.035774,0.039463,0.051742,0.048617,0.030211,0.021739,0.023159
-0.463173,0.232117,0.020954,0.02335,0.035774,0.039463,0.051742,0.048617,0.030211,0.021739,0.023159,0.052643
-0.462048,0.232117,0.02335,0.035774,0.039463,0.051742,0.048617,0.030211,0.021739,0.023159,0.052643,0.015678
-0.461241,0.230957,0.035774,0.039463,0.051742,0.048617,0.030211,0.021739,0.023159,0.052643,0.015678,0.017032
-0.460383,0.230957,0.039463,0.051742,0.048617,0.030211,0.021739,0.023159,0.052643,0.015678,0.017032,0.028415
-0.458434,0.230957,0.051742,0.048617,0.030211,0.021739,0.023159,0.052643,0.015678,0.017032,0.028415,0.018373
-0.457855,0.230957,0.048617,0.030211,0.021739,0.023159,0.052643,0.015678,0.017032,0.028415,0.018373,0.030264
-0.457227,0.230957,0.030211,0.021739,0.023159,0.052643,0.015678,0.017032,0.028415,0.018373,0.030264,0.040861
-0.456182,0.230957,0.021739,0.023159,0.052643,0.015678,0.017032,0.028415,0.018373,0.030264,0.040861,0.008693
-0.455507,0.230957,0.023159,0.052643,0.015678,0.017032,0.028415,0.018373,0.030264,0.040861,0.008693,0.001887
-0.454396,0.230957,0.052643,0.015678,0.017032,0.028415,0.018373,0.030264,0.040861,0.008693,0.001887,-0.029289
-0.452898,0.230957,0.015678,0.017032,0.028415,0.018373,0.030264,0.040861,0.008693,0.001887,-0.029289,-0.186538
-0.452581,0.229248,0.017032,0.028415,0.018373,0.030264,0.040861,0.008693,0.001887,-0.029289,-0.186538,-0.176584
-0.452512,0.229248,0.028415,0.018373,0.030264,0.040861,0.008693,0.001887,-0.029289,-0.186538,-0.176584,0.009224
-0.453582,0.229248,0.018373,0.030264,0.040861,0.008693,0.001887,-0.029289,-0.186538,-0.176584,0.009224,0.040975
-0.460458,0.229248,0.030264,0.040861,0.008693,0.001887,-0.029289,-0.186538,-0.176584,0.009224,0.040975,-0.030061
-0.467051,0.23056,0.040861,0.008693,0.001887,-0.029289,-0.186538,-0.176584,0.009224,0.040975,-0.030061,-0.133936
-0.466705,0.23056,0.008693,0.001887,-0.029289,-0.186538,-0.176584,0.009224,0.040975,-0.030061,-0.133936,0.01842
-0.465172,0.23056,0.001887,-0.029289,-0.186538,-0.176584,0.009224,0.040975,-0.030061,-0.133936,0.01842,0.025447
-0.466296,0.23056,-0.029289,-0.186538,-0.176584,0.009224,0.040975,-0.030061,-0.133936,0.01842,0.025447,0.011615
-0.471343,0.23056,-0.186538,-0.176584,0.009224,0.040975,-0.030061,-0.133936,0.01842,0.025447,0.011615,0.033644
-0.470646,0.23056,-0.176584,0.009224,0.040975,-0.030061,-0.133936,0.01842,0.025447,0.011615,0.033644,0.076467
-0.469686,0.23056,0.009224,0.040975,-0.030061,-0.133936,0.01842,0.025447,0.011615,0.033644,0.076467,0.022842
-0.469248,0.23056,0.040975,-0.030061,-0.133936,0.01842,0.025447,0.011615,0.033644,0.076467,0.022842,-0.046826
-0.467983,0.23056,-0.030061,-0.133936,0.01842,0.025447,0.011615,0.033644,0.076467,0.022842,-0.046826,-0.130768
-0.465114,0.231201,-0.133936,0.01842,0.025447,0.011615,0.033644,0.076467,0.022842,-0.046826,-0.130768,0.008019
-0.464259,0.231201,0.01842,0.025447,0.011615,0.033644,0.076467,0.022842,-0.046826,-0.130768,0.008019,0.063705
-0.46601,0.231201,0.025447,0.011615,0.033644,0.076467,0.022842,-0.046826,-0.130768,0.008019,0.063705,0.047893
-0.470926,0.230042,0.011615,0.033644,0.076467,0.022842,-0.046826,-0.130768,0.008019,0.063705,0.047893,0.020478
-0.470623,0.230042,0.033644,0.076467,0.022842,-0.046826,-0.130768,0.008019,0.063705,0.047893,0.020478,0.028234
-0.46822,0.230042,0.076467,0.022842,-0.046826,-0.130768,0.008019,0.063705,0.047893,0.020478,0.028234,0.024027
-0.46642,0.230042,0.022842,-0.046826,-0.130768,0.008019,0.063705,0.047893,0.020478,0.028234,0.024027,0.054493
-0.465653,0.230042,-0.046826,-0.130768,0.008019,0.063705,0.047893,0.020478,0.028234,0.024027,0.054493,0.016534
-0.464599,0.230042,-0.130768,0.008019,0.063705,0.047893,0.020478,0.028234,0.024027,0.054493,0.016534,0.029166
-0.463702,0.230042,0.008019,0.063705,0.047893,0.020478,0.028234,0.024027,0.054493,0.016534,0.029166,0.057311
-0.461673,0.230042,0.063705,0.047893,0.020478,0.028234,0.024027,0.054493,0.016534,0.029166,0.057311,0.026759
-0.461058,0.230042,0.047893,0.020478,0.028234,0.024027,0.054493,0.016534,0.029166,0.057311,0.026759,0.044947
-0.459977,0.231079,0.020478,0.028234,0.024027,0.054493,0.016534,0.029166,0.057311,0.026759,0.044947,0.040144
-0.45786,0.231079,0.028234,0.024027,0.054493,0.016534,0.029166,0.057311,0.026759,0.044947,0.040144,0.006326
-0.456875,0.231079,0.024027,0.054493,0.016534,0.029166,0.057311,0.026759,0.044947,0.040144,0.006326,0.012104
-0.455221,0.231079,0.054493,0.016534,0.029166,0.057311,0.026759,0.044947,0.040144,0.006326,0.012104,0.027856
-0.453748,0.230804,0.016534,0.029166,0.057311,0.026759,0.044947,0.040144,0.006326,0.012104,0.027856,0.055268
-0.453516,0.230804,0.029166,0.057311,0.026759,0.044947,0.040144,0.006326,0.012104,0.027856,0.055268,0.006244
-0.453074,0.230804,0.057311,0.026759,0.044947,0.040144,0.006326,0.012104,0.027856,0.055268,0.006244,0.006082
-0.452057,0.230804,0.026759,0.044947,0.040144,0.006326,0.012104,0.027856,0.055268,0.006244,0.006082,0.028396
-0.450042,0.230804,0.044947,0.040144,0.006326,0.012104,0.027856,0.055268,0.006244,0.006082,0.028396,0.017886
-0.449815,0.230804,0.040144,0.006326,0.012104,0.027856,0.055268,0.006244,0.006082,0.028396,0.017886,0.01408
-0.449594,0.230804,0.006326,0.012104,0.027856,0.055268,0.006244,0.006082,0.028396,0.017886,0.01408,0.022246
-0.448564,0.230804,0.012104,0.027856,0.055268,0.006244,0.006082,0.028396,0.017886,0.01408,0.022246,-0.003771
-0.447916,0.228455,0.027856,0.055268,0.006244,0.006082,0.028396,0.017886,0.01408,0.022246,-0.003771,0.006252
-0.447406,0.228455,0.055268,0.006244,0.006082,0.028396,0.017886,0.01408,0.022246,-0.003771,0.006252,0.005539
-0.4466,0.228455,0.006244,0.006082,0.028396,0.017886,0.01408,0.022246,-0.003771,0.006252,0.005539,0.027951
-0.446737,0.228455,0.006082,0.028396,0.017886,0.01408,0.022246,-0.003771,0.006252,0.005539,0.027951,-0.006246
-0.446511,0.228455,0.028396,0.017886,0.01408,0.022246,-0.003771,0.006252,0.005539,0.027951,-0.006246,-0.00402
-0.446311,0.228729,0.017886,0.01408,0.022246,-0.003771,0.006252,0.005539,0.027951,-0.006246,-0.00402,0.002029
-0.445301,0.228729,0.01408,0.022246,-0.003771,0.006252,0.005539,0.027951,-0.006246,-0.00402,0.002029,-0.015488
-0.445527,0.228729,0.022246,-0.003771,0.006252,0.005539,0.027951,-0.006246,-0.00402,0.002029,-0.015488,-0.044489
-0.445672,0.228729,-0.003771,0.006252,0.005539,0.027951,-0.006246,-0.00402,0.002029,-0.015488,-0.044489,-0.208363
-0.445599,0.228729,0.006252,0.005539,0.027951,-0.006246,-0.00402,0.002029,-0.015488,-0.044489,-0.208363,-0.179682
-0.446157,0.228729,0.005539,0.027951,-0.006246,-0.00402,0.002029,-0.015488,-0.044489,-0.208363,-0.179682,-0.009016
-0.447767,0.228729,0.027951,-0.006246,-0.00402,0.002029,-0.015488,-0.044489,-0.208363,-0.179682,-0.009016,0.025245
-0.455374,0.228729,-0.006246,-0.00402,0.002029,-0.015488,-0.044489,-0.208363,-0.179682,-0.009016,0.025245,0.048449
-0.462012,0.228729,-0.00402,0.002029,-0.015488,-0.044489,-0.208363,-0.179682,-0.009016,0.025245,0.048449,-0.001221
-0.462347,0.228333,0.002029,-0.015488,-0.044489,-0.208363,-0.179682,-0.009016,0.025245,0.048449,-0.001221,-0.001979
-0.461409,0.228333,-0.015488,-0.044489,-0.208363,-0.179682,-0.009016,0.025245,0.048449,-0.001221,-0.001979,0.01139
-0.459612,0.228333,-0.044489,-0.208363,-0.179682,-0.009016,0.025245,0.048449,-0.001221,-0.001979,0.01139,0.002787
-0.459657,0.228333,-0.208363,-0.179682,-0.009016,0.025245,0.048449,-0.001221,-0.001979,0.01139,0.002787,0.022125
-0.459731,0.228851,-0.179682,-0.009016,0.025245,0.048449,-0.001221,-0.001979,0.01139,0.002787,0.022125,0.043613
-0.459309,0.228851,-0.009016,0.025245,0.048449,-0.001221,-0.001979,0.01139,0.002787,0.022125,0.043613,0.01692
-0.459206,0.228851,0.025245,0.048449,-0.001221,-0.001979,0.01139,0.002787,0.022125,0.043613,0.01692,0.001314
-0.458388,0.228851,0.048449,-0.001221,-0.001979,0.01139,0.002787,0.022125,0.043613,0.01692,0.001314,0.008539
-0.456779,0.228851,-0.001221,-0.001979,0.01139,0.002787,0.022125,0.043613,0.01692,0.001314,0.008539,0.035288
-0.456156,0.228851,-0.001979,0.01139,0.002787,0.022125,0.043613,0.01692,0.001314,0.008539,0.035288,-0.058512
-0.456108,0.228851,0.01139,0.002787,0.022125,0.043613,0.01692,0.001314,0.008539,0.035288,-0.058512,-0.147179
-0.455794,0.228851,0.002787,0.022125,0.043613,0.01692,0.001314,0.008539,0.035288,-0.058512,-0.147179,0.013173
-0.454498,0.228851,0.022125,0.043613,0.01692,0.001314,0.008539,0.035288,-0.058512,-0.147179,0.013173,0.034415
-0.456649,0.228973,0.043613,0.01692,0.001314,0.008539,0.035288,-0.058512,-0.147179,0.013173,0.034415,0.034114
-0.462094,0.228973,0.01692,0.001314,0.008539,0.035288,-0.058512,-0.147179,0.013173,0.034415,0.034114,0.044179
-0.461605,0.228973,0.001314,0.008539,0.035288,-0.058512,-0.147179,0.013173,0.034415,0.034114,0.044179,0.020598
-0.460328,0.228973,0.008539,0.035288,-0.058512,-0.147179,0.013173,0.034415,0.034114,0.044179,0.020598,0.015138
-0.459065,0.228729,0.035288,-0.058512,-0.147179,0.013173,0.034415,0.034114,0.044179,0.020598,0.015138,0.012574
-0.457432,0.228729,-0.058512,-0.147179,0.013173,0.034415,0.034114,0.044179,0.020598,0.015138,0.012574,0.051799
-0.456673,0.228729,-0.147179,0.013173,0.034415,0.034114,0.044179,0.020598,0.015138,0.012574,0.051799,0.023363
-0.456117,0.228729,0.013173,0.034415,0.034114,0.044179,0.020598,0.015138,0.012574,0.051799,0.023363,0.034157
-0.455655,0.228729,0.034415,0.034114,0.044179,0.020598,0.015138,0.012574,0.051799,0.023363,0.034157,0.025202
-0.453754,0.228729,0.034114,0.044179,0.020598,0.015138,0.012574,0.051799,0.023363,0.034157,0.025202,0.019297
-0.452898,0.228729,0.044179,0.020598,0.015138,0.012574,0.051799,0.023363,0.034157,0.025202,0.019297,-0.017876
-0.451651,0.228729,0.020598,0.015138,0.012574,0.051799,0.023363,0.034157,0.025202,0.019297,-0.017876,-0.133202
-0.450734,0.228729,0.015138,0.012574,0.051799,0.023363,0.034157,0.025202,0.019297,-0.017876,-0.133202,-0.030057
-0.450032,0.227936,0.012574,0.051799,0.023363,0.034157,0.025202,0.019297,-0.017876,-0.133202,-0.030057,0.036601
-0.450683,0.227936,0.051799,0.023363,0.034157,0.025202,0.019297,-0.017876,-0.133202,-0.030057,0.036601,0.025034
-0.455559,0.227936,0.023363,0.034157,0.025202,0.019297,-0.017876,-0.133202,-0.030057,0.036601,0.025034,0.062093
-0.456664,0.228851,0.034157,0.025202,0.019297,-0.017876,-0.133202,-0.030057,0.036601,0.025034,0.062093,0.012286
-0.45532,0.228851,0.025202,0.019297,-0.017876,-0.133202,-0.030057,0.036601,0.025034,0.062093,0.012286,0.013188
-0.454402,0.228851,0.019297,-0.017876,-0.133202,-0.030057,0.036601,0.025034,0.062093,0.012286,0.013188,0.0336
-0.452129,0.228851,-0.017876,-0.133202,-0.030057,0.036601,0.025034,0.062093,0.012286,0.013188,0.0336,0.013613
-0.45168,0.228851,-0.133202,-0.030057,0.036601,0.025034,0.062093,0.012286,0.013188,0.0336,0.013613,0.032844
-0.4512,0.228851,-0.030057,0.036601,0.025034,0.062093,0.012286,0.013188,0.0336,0.013613,0.032844,0.058294
-0.449978,0.228851,0.036601,0.025034,0.062093,0.012286,0.013188,0.0336,0.013613,0.032844,0.058294,0.008994
-0.449483,0.228851,0.025034,0.062093,0.012286,0.013188,0.0336,0.013613,0.032844,0.058294,0.008994,0.003891
-0.44829,0.228851,0.062093,0.012286,0.013188,0.0336,0.013613,0.032844,0.058294,0.008994,0.003891,-0.031909
-0.446179,0.228088,0.012286,0.013188,0.0336,0.013613,0.032844,0.058294,0.008994,0.003891,-0.031909,-0.13347
-0.445854,0.228088,0.013188,0.0336,0.013613,0.032844,0.058294,0.008994,0.003891,-0.031909,-0.13347,-0.067715
-0.445714,0.228088,0.0336,0.013613,0.032844,0.058294,0.008994,0.003891,-0.031909,-0.13347,-0.067715,-0.122126
-0.446866,0.228088,0.013613,0.032844,0.058294,0.008994,0.003891,-0.031909,-0.13347,-0.067715,-0.122126,0.014204
-0.451717,0.228088,0.032844,0.058294,0.008994,0.003891,-0.031909,-0.13347,-0.067715,-0.122126,0.014204,0.031477
-0.454195,0.227692,0.058294,0.008994,0.003891,-0.031909,-0.13347,-0.067715,-0.122126,0.014204,0.031477,0.050971
-0.458688,0.227692,0.008994,0.003891,-0.031909,-0.13347,-0.067715,-0.122126,0.014204,0.031477,0.050971,0.058774
-0.458164,0.227692,0.003891,-0.031909,-0.13347,-0.067715,-0.122126,0.014204,0.031477,0.050971,0.058774,-0.037768
-0.457004,0.227692,-0.031909,-0.13347,-0.067715,-0.122126,0.014204,0.031477,0.050971,0.058774,-0.037768,-0.139613
-0.455128,0.227692,-0.13347,-0.067715,-0.122126,0.014204,0.031477,0.050971,0.058774,-0.037768,-0.139613,0.00996
-0.452973,0.227692,-0.067715,-0.122126,0.014204,0.031477,0.050971,0.058774,-0.037768,-0.139613,0.00996,0.094781
-0.454356,0.227692,-0.122126,0.014204,0.031477,0.050971,0.058774,-0.037768,-0.139613,0.00996,0.094781,0.016756
-0.459492,0.227692,0.014204,0.031477,0.050971,0.058774,-0.037768,-0.139613,0.00996,0.094781,0.016756,0.033942
-0.459124,0.227692,0.031477,0.050971,0.058774,-0.037768,-0.139613,0.00996,0.094781,0.016756,0.033942,0.040045
-0.455628,0.227936,0.050971,0.058774,-0.037768,-0.139613,0.00996,0.094781,0.016756,0.033942,0.040045,0.032863
-0.455012,0.227936,0.058774,-0.037768,-0.139613,0.00996,0.094781,0.016756,0.033942,0.040045,0.032863,0.029253
-0.453768,0.227936,-0.037768,-0.139613,0.00996,0.094781,0.016756,0.033942,0.040045,0.032863,0.029253,0.033601
-0.452305,0.227539,-0.139613,0.00996,0.094781,0.016756,0.033942,0.040045,0.032863,0.029253,0.033601,0.01061
-0.451107,0.227539,0.00996,0.094781,0.016756,0.033942,0.040045,0.032863,0.029253,0.033601,0.01061,0.040754
-0.450042,0.227539,0.094781,0.016756,0.033942,0.040045,0.032863,0.029253,0.033601,0.01061,0.040754,0.026497
-0.44882,0.227539,0.016756,0.033942,0.040045,0.032863,0.029253,0.033601,0.01061,0.040754,0.026497,0.053904
-0.448435,0.227539,0.033942,0.040045,0.032863,0.029253,0.033601,0.01061,0.040754,0.026497,0.053904,0.012792
-0.446961,0.227539,0.040045,0.032863,0.029253,0.033601,0.01061,0.040754,0.026497,0.053904,0.012792,0.018397
-0.446004,0.227539,0.032863,0.029253,0.033601,0.01061,0.040754,0.026497,0.053904,0.012792,0.018397,0.031683
-0.44406,0.227539,0.029253,0.033601,0.01061,0.040754,0.026497,0.053904,0.012792,0.018397,0.031683,0.013175
-0.4436,0.227539,0.033601,0.01061,0.040754,0.026497,0.053904,0.012792,0.018397,0.031683,0.013175,0.028488
-0.442939,0.228088,0.01061,0.040754,0.026497,0.053904,0.012792,0.018397,0.031683,0.013175,0.028488,0.042028
-0.441804,0.228088,0.040754,0.026497,0.053904,0.012792,0.018397,0.031683,0.013175,0.028488,0.042028,-0.006133
-0.441332,0.228088,0.026497,0.053904,0.012792,0.018397,0.031683,0.013175,0.028488,0.042028,-0.006133,0.015458
-0.440312,0.228088,0.053904,0.012792,0.018397,0.031683,0.013175,0.028488,0.042028,-0.006133,0.015458,0.01748
-0.438811,0.228088,0.012792,0.018397,0.031683,0.013175,0.028488,0.042028,-0.006133,0.015458,0.01748,0.044482
-0.43903,0.227295,0.018397,0.031683,0.013175,0.028488,0.042028,-0.006133,0.015458,0.01748,0.044482,-0.002392
-0.438479,0.227295,0.031683,0.013175,0.028488,0.042028,-0.006133,0.015458,0.01748,0.044482,-0.002392,-0.00892
-0.437857,0.227295,0.013175,0.028488,0.042028,-0.006133,0.015458,0.01748,0.044482,-0.002392,-0.00892,0.009225
-0.436276,0.227295,0.028488,0.042028,-0.006133,0.015458,0.01748,0.044482,-0.002392,-0.00892,0.009225,-0.042718
-0.436361,0.227295,0.042028,-0.006133,0.015458,0.01748,0.044482,-0.002392,-0.00892,0.009225,-0.042718,-0.157147
-0.436678,0.227295,-0.006133,0.015458,0.01748,0.044482,-0.002392,-0.00892,0.009225,-0.042718,-0.157147,-0.000613
-0.43635,0.227295,0.015458,0.01748,0.044482,-0.002392,-0.00892,0.009225,-0.042718,-0.157147,-0.000613,0.004903
-0.437867,0.227295,0.01748,0.044482,-0.002392,-0.00892,0.009225,-0.042718,-0.157147,-0.000613,0.004903,0.005591
-0.443491,0.227295,0.044482,-0.002392,-0.00892,0.009225,-0.042718,-0.157147,-0.000613,0.004903,0.005591,0.010683
-0.443513,0.226654,-0.002392,-0.00892,0.009225,-0.042718,-0.157147,-0.000613,0.004903,0.005591,0.010683,0.035933
-0.443336,0.226654,-0.00892,0.009225,-0.042718,-0.157147,-0.000613,0.004903,0.005591,0.010683,0.035933,-0.01712
-0.443136,0.226654,0.009225,-0.042718,-0.157147,-0.000613,0.004903,0.005591,0.010683,0.035933,-0.01712,-0.003428
-0.442753,0.226379,-0.042718,-0.157147,-0.000613,0.004903,0.005591,0.010683,0.035933,-0.01712,-0.003428,0.007541
-0.441463,0.226379,-0.157147,-0.000613,0.004903,0.005591,0.010683,0.035933,-0.01712,-0.003428,0.007541,0.003914
-0.442077,0.226379,-0.000613,0.004903,0.005591,0.010683,0.035933,-0.01712,-0.003428,0.007541,0.003914,0.027618
-0.4422,0.226379,0.004903,0.005591,0.010683,0.035933,-0.01712,-0.003428,0.007541,0.003914,0.027618,0.018854
-0.44193,0.226379,0.005591,0.010683,0.035933,-0.01712,-0.003428,0.007541,0.003914,0.027618,0.018854,-0.02611
-0.44179,0.226379,0.010683,0.035933,-0.01712,-0.003428,0.007541,0.003914,0.027618,0.018854,-0.02611,-0.004709
-0.440801,0.226379,0.035933,-0.01712,-0.003428,0.007541,0.003914,0.027618,0.018854,-0.02611,-0.004709,-0.004546
-0.440126,0.226379,-0.01712,-0.003428,0.007541,0.003914,0.027618,0.018854,-0.02611,-0.004709,-0.004546,0.031486
-0.441059,0.226379,-0.003428,0.007541,0.003914,0.027618,0.018854,-0.02611,-0.004709,-0.004546,0.031486,-0.002177
-0.441228,0.226379,0.007541,0.003914,0.027618,0.018854,-0.02611,-0.004709,-0.004546,0.031486,-0.002177,-0.006684
-0.441391,0.22467,0.003914,0.027618,0.018854,-0.02611,-0.004709,-0.004546,0.031486,-0.002177,-0.006684,0.012841
-0.440264,0.22467,0.027618,0.018854,-0.02611,-0.004709,-0.004546,0.031486,-0.002177,-0.006684,0.012841,-0.000492
-0.440341,0.22467,0.018854,-0.02611,-0.004709,-0.004546,0.031486,-0.002177,-0.006684,0.012841,-0.000492,0.019547
-0.44058,0.22467,-0.02611,-0.004709,-0.004546,0.031486,-0.002177,-0.006684,0.012841,-0.000492,0.019547,0.022617
-0.440122,0.226257,-0.004709,-0.004546,0.031486,-0.002177,-0.006684,0.012841,-0.000492,0.019547,0.022617,-0.015244
-0.440139,0.226257,-0.004546,0.031486,-0.002177,-0.006684,0.012841,-0.000492,0.019547,0.022617,-0.015244,-0.000045
-0.439441,0.226257,0.031486,-0.002177,-0.006684,0.012841,-0.000492,0.019547,0.022617,-0.015244,-0.000045,0.004997
-0.438634,0.226257,-0.002177,-0.006684,0.012841,-0.000492,0.019547,0.022617,-0.015244,-0.000045,0.004997,0.035941
-0.439177,0.226257,-0.006684,0.012841,-0.000492,0.019547,0.022617,-0.015244,-0.000045,0.004997,0.035941,-0.011554
-0.439179,0.226257,0.012841,-0.000492,0.019547,0.022617,-0.015244,-0.000045,0.004997,0.035941,-0.011554,0.001078
-0.439001,0.226257,-0.000492,0.019547,0.022617,-0.015244,-0.000045,0.004997,0.035941,-0.011554,0.001078,0.00636
-0.43772,0.226257,0.019547,0.022617,-0.015244,-0.000045,0.004997,0.035941,-0.011554,0.001078,0.00636,-0.002506
-0.438132,0.226257,0.022617,-0.015244,-0.000045,0.004997,0.035941,-0.011554,0.001078,0.00636,-0.002506,0.004141
-0.438093,0.226257,-0.015244,-0.000045,0.004997,0.035941,-0.011554,0.001078,0.00636,-0.002506,0.004141,0.020354
-0.437867,0.226257,-0.000045,0.004997,0.035941,-0.011554,0.001078,0.00636,-0.002506,0.004141,0.020354,-0.013088
-0.437956,0.226257,0.004997,0.035941,-0.011554,0.001078,0.00636,-0.002506,0.004141,0.020354,-0.013088,0.006661
-0.437809,0.226257,0.035941,-0.011554,0.001078,0.00636,-0.002506,0.004141,0.020354,-0.013088,0.006661,-0.039155
-0.437084,0.225861,-0.011554,0.001078,0.00636,-0.002506,0.004141,0.020354,-0.013088,0.006661,-0.039155,-0.139262
-0.43755,0.225861,0.001078,0.00636,-0.002506,0.004141,0.020354,-0.013088,0.006661,-0.039155,-0.139262,-0.021793
-0.437313,0.225861,0.00636,-0.002506,0.004141,0.020354,-0.013088,0.006661,-0.039155,-0.139262,-0.021793,0.020432
-0.438706,0.225861,-0.002506,0.004141,0.020354,-0.013088,0.006661,-0.039155,-0.139262,-0.021793,0.020432,0.015567
-0.443693,0.225861,0.004141,0.020354,-0.013088,0.006661,-0.039155,-0.139262,-0.021793,0.020432,0.015567,0.007707
-0.444478,0.225861,0.020354,-0.013088,0.006661,-0.039155,-0.139262,-0.021793,0.020432,0.015567,0.007707,0.021274
-0.443743,0.225861,-0.013088,0.006661,-0.039155,-0.139262,-0.021793,0.020432,0.015567,0.007707,0.021274,-0.016536
-0.443184,0.225861,0.006661,-0.039155,-0.139262,-0.021793,0.020432,0.015567,0.007707,0.021274,-0.016536,-0.195601
-0.442908,0.225861,-0.039155,-0.139262,-0.021793,0.020432,0.015567,0.007707,0.021274,-0.016536,-0.195601,-0.17188
-0.442144,0.226105,-0.139262,-0.021793,0.020432,0.015567,0.007707,0.021274,-0.016536,-0.195601,-0.17188,-0.033873
-0.442738,0.226105,-0.021793,0.020432,0.015567,0.007707,0.021274,-0.016536,-0.195601,-0.17188,-0.033873,-0.09275
-0.449802,0.226105,0.020432,0.015567,0.007707,0.021274,-0.016536,-0.195601,-0.17188,-0.033873,-0.09275,0.007079
-0.45608,0.226105,0.015567,0.007707,0.021274,-0.016536,-0.195601,-0.17188,-0.033873,-0.09275,0.007079,0.045859
-0.457326,0.225586,0.007707,0.021274,-0.016536,-0.195601,-0.17188,-0.033873,-0.09275,0.007079,0.045859,0.042904
-0.460758,0.225586,0.021274,-0.016536,-0.195601,-0.17188,-0.033873,-0.09275,0.007079,0.045859,0.042904,0.033379
-0.460495,0.225586,-0.016536,-0.195601,-0.17188,-0.033873,-0.09275,0.007079,0.045859,0.042904,0.033379,0.050198
-0.458798,0.225586,-0.195601,-0.17188,-0.033873,-0.09275,0.007079,0.045859,0.042904,0.033379,0.050198,0.059892
-0.457216,0.225586,-0.17188,-0.033873,-0.09275,0.007079,0.045859,0.042904,0.033379,0.050198,0.059892,0.049944
-0.455988,0.225586,-0.033873,-0.09275,0.007079,0.045859,0.042904,0.033379,0.050198,0.059892,0.049944,0.030925
-0.454145,0.225586,-0.09275,0.007079,0.045859,0.042904,0.033379,0.050198,0.059892,0.049944,0.030925,-0.00127
-0.451952,0.225586,0.007079,0.045859,0.042904,0.033379,0.050198,0.059892,0.049944,0.030925,-0.00127,-0.105068
-0.450133,0.225586,0.045859,0.042904,0.033379,0.050198,0.059892,0.049944,0.030925,-0.00127,-0.105068,0.007608
-0.44901,0.227173,0.042904,0.033379,0.050198,0.059892,0.049944,0.030925,-0.00127,-0.105068,0.007608,0.053368
-0.449057,0.227173,0.033379,0.050198,0.059892,0.049944,0.030925,-0.00127,-0.105068,0.007608,0.053368,0.058064
-0.452887,0.227173,0.050198,0.059892,0.049944,0.030925,-0.00127,-0.105068,0.007608,0.053368,0.058064,0.045591
-0.452608,0.227173,0.059892,0.049944,0.030925,-0.00127,-0.105068,0.007608,0.053368,0.058064,0.045591,0.061684
-0.450662,0.226379,0.049944,0.030925,-0.00127,-0.105068,0.007608,0.053368,0.058064,0.045591,0.061684,0.07037
-0.448554,0.226379,0.030925,-0.00127,-0.105068,0.007608,0.053368,0.058064,0.045591,0.061684,0.07037,-0.01806
-0.446904,0.226379,-0.00127,-0.105068,0.007608,0.053368,0.058064,0.045591,0.061684,0.07037,-0.01806,-0.15483
