-0.088398,0.17514,0.060111,0.03734,-0.056917,0.058549,0.090849,0.006655,-0.01428,0.02561,0.018671,0.02966
-0.088711,0.17514,0.03734,-0.056917,0.058549,0.090849,0.006655,-0.01428,0.02561,0.018671,0.02966,0.048385
-0.08815,0.17514,-0.056917,0.058549,0.090849,0.006655,-0.01428,0.02561,0.018671,0.02966,0.048385,0.035934
-0.08774,0.17514,0.058549,0.090849,0.006655,-0.01428,0.02561,0.018671,0.02966,0.048385,0.035934,-0.048291
-0.08709,0.17514,0.090849,0.006655,-0.01428,0.02561,0.018671,0.02966,0.048385,0.035934,-0.048291,0.040216
-0.086029,0.17514,0.006655,-0.01428,0.02561,0.018671,0.02966,0.048385,0.035934,-0.048291,0.040216,0.093213
-0.085244,0.17514,-0.01428,0.02561,0.018671,0.02966,0.048385,0.035934,-0.048291,0.040216,0.093213,0.020233
-0.086299,0.17514,0.02561,0.018671,0.02966,0.048385,0.035934,-0.048291,0.040216,0.093213,0.020233,0.005076
-0.08542,0.17514,0.018671,0.02966,0.048385,0.035934,-0.048291,0.040216,0.093213,0.020233,0.005076,0.014108
-0.083382,0.17514,0.02966,0.048385,0.035934,-0.048291,0.040216,0.093213,0.020233,0.005076,0.014108,-0.007821
-0.08294,0.17514,0.048385,0.035934,-0.048291,0.040216,0.093213,0.020233,0.005076,0.014108,-0.007821,0.045474
-0.08283,0.17514,0.035934,-0.048291,0.040216,0.093213,0.020233,0.005076,0.014108,-0.007821,0.045474,-0.032713
-0.082522,0.17514,-0.048291,0.040216,0.093213,0.020233,0.005076,0.014108,-0.007821,0.045474,-0.032713,-0.011798
-0.082693,0.17514,0.040216,0.093213,0.020233,0.005076,0.014108,-0.007821,0.045474,-0.032713,-0.011798,-0.097952
-0.081701,0.174744,0.093213,0.020233,0.005076,0.014108,-0.007821,0.045474,-0.032713,-0.011798,-0.097952,0.053573
-0.082415,0.174744,0.020233,0.005076,0.014108,-0.007821,0.045474,-0.032713,-0.011798,-0.097952,0.053573,0.103295
-0.082672,0.174744,0.005076,0.014108,-0.007821,0.045474,-0.032713,-0.011798,-0.097952,0.053573,0.103295,0.018036
-0.084808,0.174744,0.014108,-0.007821,0.045474,-0.032713,-0.011798,-0.097952,0.053573,0.103295,0.018036,-0.009341
-0.083639,0.174744,-0.007821,0.045474,-0.032713,-0.011798,-0.097952,0.053573,0.103295,0.018036,-0.009341,0.0057
-0.081385,0.174744,0.045474,-0.032713,-0.011798,-0.097952,0.053573,0.103295,0.018036,-0.009341,0.0057,0.01392
-0.080992,0.174744,-0.032713,-0.011798,-0.097952,0.053573,0.103295,0.018036,-0.009341,0.0057,0.01392,0.03833
-0.081196,0.174744,-0.011798,-0.097952,0.053573,0.103295,0.018036,-0.009341,0.0057,0.01392,0.03833,0.055954
-0.081072,0.174744,-0.097952,0.053573,0.103295,0.018036,-0.009341,0.0057,0.01392,0.03833,0.055954,0.038465
-0.080769,0.174744,0.053573,0.103295,0.018036,-0.009341,0.0057,0.01392,0.03833,0.055954,0.038465,-0.059129
-0.079935,0.174744,0.103295,0.018036,-0.009341,0.0057,0.01392,0.03833,0.055954,0.038465,-0.059129,0.035932
-0.078718,0.174866,0.018036,-0.009341,0.0057,0.01392,0.03833,0.055954,0.038465,-0.059129,0.035932,0.097317
-0.077884,0.174866,-0.009341,0.0057,0.01392,0.03833,0.055954,0.038465,-0.059129,0.035932,0.097317,-0.063688
-0.079166,0.174866,0.0057,0.01392,0.03833,0.055954,0.038465,-0.059129,0.035932,0.097317,-0.063688,-0.072872
-0.078386,0.174866,0.01392,0.03833,0.055954,0.038465,-0.059129,0.035932,0.097317,-0.063688,-0.072872,-0.001564
-0.076275,0.174866,0.03833,0.055954,0.038465,-0.059129,0.035932,0.097317,-0.063688,-0.072872,-0.001564,-0.022689
-0.077656,0.174866,0.055954,0.038465,-0.059129,0.035932,0.097317,-0.063688,-0.072872,-0.001564,-0.022689,-0.091374
-0.079238,0.174866,0.038465,-0.059129,0.035932,0.097317,-0.063688,-0.072872,-0.001564,-0.022689,-0.091374,0.056751
-0.079272,0.174866,-0.059129,0.035932,0.097317,-0.063688,-0.072872,-0.001564,-0.022689,-0.091374,0.056751,0.078424
-0.079764,0.174866,0.035932,0.097317,-0.063688,-0.072872,-0.001564,-0.022689,-0.091374,0.056751,0.078424,-0.079667
-0.081754,0.174866,0.097317,-0.063688,-0.072872,-0.001564,-0.022689,-0.091374,0.056751,0.078424,-0.079667,0.029738
-0.080517,0.174866,-0.063688,-0.072872,-0.001564,-0.022689,-0.091374,0.056751,0.078424,-0.079667,0.029738,0.109185
-0.078813,0.174866,-0.072872,-0.001564,-0.022689,-0.091374,0.056751,0.078424,-0.079667,0.029738,0.109185,0.020892
-0.080543,0.174866,-0.001564,-0.022689,-0.091374,0.056751,0.078424,-0.079667,0.029738,0.109185,0.020892,0.001833
-0.079897,0.174866,-0.022689,-0.091374,0.056751,0.078424,-0.079667,0.029738,0.109185,0.020892,0.001833,0.005846
-0.077525,0.174866,-0.091374,0.056751,0.078424,-0.079667,0.029738,0.109185,0.020892,0.001833,0.005846,0.01022
-0.077072,0.174866,0.056751,0.078424,-0.079667,0.029738,0.109185,0.020892,0.001833,0.005846,0.01022,0.06564
-0.077032,0.174866,0.078424,-0.079667,0.029738,0.109185,0.020892,0.001833,0.005846,0.01022,0.06564,0.038457
-0.076905,0.174866,-0.079667,0.029738,0.109185,0.020892,0.001833,0.005846,0.01022,0.06564,0.038457,0.030558
-0.076684,0.174866,0.029738,0.109185,0.020892,0.001833,0.005846,0.01022,0.06564,0.038457,0.030558,-0.072237
-0.075262,0.174866,0.109185,0.020892,0.001833,0.005846,0.01022,0.06564,0.038457,0.030558,-0.072237,0.03248
-0.07443,0.174866,0.020892,0.001833,0.005846,0.01022,0.06564,0.038457,0.030558,-0.072237,0.03248,0.098237
-0.07377,0.174866,0.001833,0.005846,0.01022,0.06564,0.038457,0.030558,-0.072237,0.03248,0.098237,0.013982
-0.07533,0.174866,0.005846,0.01022,0.06564,0.038457,0.030558,-0.072237,0.03248,0.098237,0.013982,-0.012828
-0.074628,0.174988,0.01022,0.06564,0.038457,0.030558,-0.072237,0.03248,0.098237,0.013982,-0.012828,-0.033925
-0.072506,0.174988,0.06564,0.038457,0.030558,-0.072237,0.03248,0.098237,0.013982,-0.012828,-0.033925,-0.128673
-0.072204,0.174988,0.038457,0.030558,-0.072237,0.03248,0.098237,0.013982,-0.012828,-0.033925,-0.128673,-0.114755
-0.07248,0.174988,0.030558,-0.072237,0.03248,0.098237,0.013982,-0.012828,-0.033925,-0.128673,-0.114755,0.071
-0.073212,0.174988,-0.072237,0.03248,0.098237,0.013982,-0.012828,-0.033925,-0.128673,-0.114755,0.071,0.061014
-0.075991,0.174988,0.03248,0.098237,0.013982,-0.012828,-0.033925,-0.128673,-0.114755,0.071,0.061014,-0.045971
-0.07848,0.174988,0.098237,0.013982,-0.012828,-0.033925,-0.128673,-0.114755,0.071,0.061014,-0.045971,0.044751
-0.076939,0.174988,0.013982,-0.012828,-0.033925,-0.128673,-0.114755,0.071,0.061014,-0.045971,0.044751,0.105427
-0.075618,0.174988,-0.012828,-0.033925,-0.128673,-0.114755,0.071,0.061014,-0.045971,0.044751,0.105427,0.025094
-0.076612,0.174988,-0.033925,-0.128673,-0.114755,0.071,0.061014,-0.045971,0.044751,0.105427,0.025094,-0.00412
-0.075644,0.174988,-0.128673,-0.114755,0.071,0.061014,-0.045971,0.044751,0.105427,0.025094,-0.00412,0.012239
-0.073364,0.174347,-0.114755,0.071,0.061014,-0.045971,0.044751,0.105427,0.025094,-0.00412,0.012239,0.008908
-0.072822,0.174347,0.071,0.061014,-0.045971,0.044751,0.105427,0.025094,-0.00412,0.012239,0.008908,0.067481
-0.072911,0.174347,0.061014,-0.045971,0.044751,0.105427,0.025094,-0.00412,0.012239,0.008908,0.067481,0.041692
-0.072647,0.174347,-0.045971,0.044751,0.105427,0.025094,-0.00412,0.012239,0.008908,0.067481,0.041692,0.035037
-0.072455,0.174347,0.044751,0.105427,0.025094,-0.00412,0.012239,0.008908,0.067481,0.041692,0.035037,-0.081989
-0.071,0.174347,0.105427,0.025094,-0.00412,0.012239,0.008908,0.067481,0.041692,0.035037,-0.081989,0.036493
-0.070102,0.174347,0.025094,-0.00412,0.012239,0.008908,0.067481,0.041692,0.035037,-0.081989,0.036493,0.099288
-0.069349,0.174347,-0.00412,0.012239,0.008908,0.067481,0.041692,0.035037,-0.081989,0.036493,0.099288,-0.003299
-0.071111,0.174347,0.012239,0.008908,0.067481,0.041692,0.035037,-0.081989,0.036493,0.099288,-0.003299,-0.012754
-0.070326,0.174347,0.008908,0.067481,0.041692,0.035037,-0.081989,0.036493,0.099288,-0.003299,-0.012754,0.00615
-0.068191,0.174347,0.067481,0.041692,0.035037,-0.081989,0.036493,0.099288,-0.003299,-0.012754,0.00615,-0.026547
-0.068262,0.174347,0.041692,0.035037,-0.081989,0.036493,0.099288,-0.003299,-0.012754,0.00615,-0.026547,-0.074163
-0.068536,0.174347,0.035037,-0.081989,0.036493,0.099288,-0.003299,-0.012754,0.00615,-0.026547,-0.074163,0.031729
-0.068404,0.174347,-0.081989,0.036493,0.099288,-0.003299,-0.012754,0.00615,-0.026547,-0.074163,0.031729,0.062848
-0.068973,0.174347,0.036493,0.099288,-0.003299,-0.012754,0.00615,-0.026547,-0.074163,0.031729,0.062848,-0.068347
-0.070569,0.174347,0.099288,-0.003299,-0.012754,0.00615,-0.026547,-0.074163,0.031729,0.062848,-0.068347,0.041618
-0.069886,0.174347,-0.003299,-0.012754,0.00615,-0.026547,-0.074163,0.031729,0.062848,-0.068347,0.041618,0.099589
-0.068536,0.174347,-0.012754,0.00615,-0.026547,-0.074163,0.031729,0.062848,-0.068347,0.041618,0.099589,-0.070249
-0.070003,0.174347,0.00615,-0.026547,-0.074163,0.031729,0.062848,-0.068347,0.041618,0.099589,-0.070249,-0.063189
-0.069109,0.174347,-0.026547,-0.074163,0.031729,0.062848,-0.068347,0.041618,0.099589,-0.070249,-0.063189,-0.058045
-0.06697,0.174347,-0.074163,0.031729,0.062848,-0.068347,0.041618,0.099589,-0.070249,-0.063189,-0.058045,-0.068662
-0.068479,0.174347,0.031729,0.062848,-0.068347,0.041618,0.099589,-0.070249,-0.063189,-0.058045,-0.068662,0.023795
-0.069836,0.17279,0.062848,-0.068347,0.041618,0.099589,-0.070249,-0.063189,-0.058045,-0.068662,0.023795,0.071544
-0.071084,0.17279,-0.068347,0.041618,0.099589,-0.070249,-0.063189,-0.058045,-0.068662,0.023795,0.071544,0.042518
-0.072563,0.17279,0.041618,0.099589,-0.070249,-0.063189,-0.058045,-0.068662,0.023795,0.071544,0.042518,-0.080677
-0.072049,0.17279,0.099589,-0.070249,-0.063189,-0.058045,-0.068662,0.023795,0.071544,0.042518,-0.080677,0.035224
-0.070507,0.17279,-0.070249,-0.063189,-0.058045,-0.068662,0.023795,0.071544,0.042518,-0.080677,0.035224,0.113102
-0.069593,0.17279,-0.063189,-0.058045,-0.068662,0.023795,0.071544,0.042518,-0.080677,0.035224,0.113102,0.027024
-0.071327,0.17279,-0.058045,-0.068662,0.023795,0.071544,0.042518,-0.080677,0.035224,0.113102,0.027024,-0.006405
-0.070569,0.17279,-0.068662,0.023795,0.071544,0.042518,-0.080677,0.035224,0.113102,0.027024,-0.006405,-0.053355
-0.068137,0.17279,0.023795,0.071544,0.042518,-0.080677,0.035224,0.113102,0.027024,-0.006405,-0.053355,-0.085594
-0.067556,0.17279,0.071544,0.042518,-0.080677,0.035224,0.113102,0.027024,-0.006405,-0.053355,-0.085594,0.023806
-0.067694,0.17279,0.042518,-0.080677,0.035224,0.113102,0.027024,-0.006405,-0.053355,-0.085594,0.023806,0.056945
-0.068838,0.174469,-0.080677,0.035224,0.113102,0.027024,-0.006405,-0.053355,-0.085594,0.023806,0.056945,0.046626
-0.070677,0.174469,0.035224,0.113102,0.027024,-0.006405,-0.053355,-0.085594,0.023806,0.056945,0.046626,-0.083598
-0.070164,0.174469,0.113102,0.027024,-0.006405,-0.053355,-0.085594,0.023806,0.056945,0.046626,-0.083598,0.051743
-0.068939,0.174469,0.027024,-0.006405,-0.053355,-0.085594,0.023806,0.056945,0.046626,-0.083598,0.051743,0.097174
-0.067938,0.174469,-0.006405,-0.053355,-0.085594,0.023806,0.056945,0.046626,-0.083598,0.051743,0.097174,0.010721
-0.069732,0.174469,-0.053355,-0.085594,0.023806,0.056945,0.046626,-0.083598,0.051743,0.097174,0.010721,-0.015261
-0.068621,0.174469,-0.085594,0.023806,0.056945,0.046626,-0.083598,0.051743,0.097174,0.010721,-0.015261,0.016414
-0.066535,0.174469,0.023806,0.056945,0.046626,-0.083598,0.051743,0.097174,0.010721,-0.015261,0.016414,0.01643
-0.066305,0.174469,0.056945,0.046626,-0.083598,0.051743,0.097174,0.010721,-0.015261,0.016414,0.01643,0.04037
-0.066632,0.174469,0.046626,-0.083598,0.051743,0.097174,0.010721,-0.015261,0.016414,0.01643,0.04037,0.042776
-0.066281,0.174469,-0.083598,0.051743,0.097174,0.010721,-0.015261,0.016414,0.01643,0.04037,0.042776,0.048924
-0.065929,0.174469,0.051743,0.097174,0.010721,-0.015261,0.016414,0.01643,0.04037,0.042776,0.048924,-0.072019
-0.065065,0.174469,0.097174,0.010721,-0.015261,0.016414,0.01643,0.04037,0.042776,0.048924,-0.072019,0.027977
-0.064149,0.174469,0.010721,-0.015261,0.016414,0.01643,0.04037,0.042776,0.048924,-0.072019,0.027977,0.087979
-0.063104,0.174469,-0.015261,0.016414,0.01643,0.04037,0.042776,0.048924,-0.072019,0.027977,0.087979,0.017509
-0.064642,0.174469,0.016414,0.01643,0.04037,0.042776,0.048924,-0.072019,0.027977,0.087979,0.017509,-0.008758
-0.064044,0.174469,0.01643,0.04037,0.042776,0.048924,-0.072019,0.027977,0.087979,0.017509,-0.008758,-0.000073
-0.062165,0.174469,0.04037,0.042776,0.048924,-0.072019,0.027977,0.087979,0.017509,-0.008758,-0.000073,-0.035134
-0.061791,0.174469,0.042776,0.048924,-0.072019,0.027977,0.087979,0.017509,-0.008758,-0.000073,-0.035134,-0.063356
-0.061978,0.174469,0.048924,-0.072019,0.027977,0.087979,0.017509,-0.008758,-0.000073,-0.035134,-0.063356,0.028855
-0.061979,0.174469,-0.072019,0.027977,0.087979,0.017509,-0.008758,-0.000073,-0.035134,-0.063356,0.028855,0.055516
-0.062728,0.174469,0.027977,0.087979,0.017509,-0.008758,-0.000073,-0.035134,-0.063356,0.028855,0.055516,-0.077332
-0.064082,0.174469,0.087979,0.017509,-0.008758,-0.000073,-0.035134,-0.063356,0.028855,0.055516,-0.077332,0.039578
-0.063465,0.172913,0.017509,-0.008758,-0.000073,-0.035134,-0.063356,0.028855,0.055516,-0.077332,0.039578,0.057243
-0.06228,0.172913,-0.008758,-0.000073,-0.035134,-0.063356,0.028855,0.055516,-0.077332,0.039578,0.057243,-0.122356
-0.063929,0.172913,-0.000073,-0.035134,-0.063356,0.028855,0.055516,-0.077332,0.039578,0.057243,-0.122356,-0.002444
-0.063085,0.172913,-0.035134,-0.063356,0.028855,0.055516,-0.077332,0.039578,0.057243,-0.122356,-0.002444,0.034536
-0.061863,0.172913,-0.063356,0.028855,0.055516,-0.077332,0.039578,0.057243,-0.122356,-0.002444,0.034536,0.010022
-0.064477,0.172913,0.028855,0.055516,-0.077332,0.039578,0.057243,-0.122356,-0.002444,0.034536,0.010022,0.052059
-0.06453,0.172913,0.055516,-0.077332,0.039578,0.057243,-0.122356,-0.002444,0.034536,0.010022,0.052059,0.04325
-0.063792,0.172913,-0.077332,0.039578,0.057243,-0.122356,-0.002444,0.034536,0.010022,0.052059,0.04325,0.02746
-0.063578,0.172913,0.039578,0.057243,-0.122356,-0.002444,0.034536,0.010022,0.052059,0.04325,0.02746,-0.063443
-0.062466,0.172913,0.057243,-0.122356,-0.002444,0.034536,0.010022,0.052059,0.04325,0.02746,-0.063443,0.026779
-0.061543,0.171875,-0.122356,-0.002444,0.034536,0.010022,0.052059,0.04325,0.02746,-0.063443,0.026779,0.109203
-0.060958,0.171875,-0.002444,0.034536,0.010022,0.052059,0.04325,0.02746,-0.063443,0.026779,0.109203,0.012596
-0.062309,0.171875,0.034536,0.010022,0.052059,0.04325,0.02746,-0.063443,0.026779,0.109203,0.012596,-0.011275
-0.061739,0.171875,0.010022,0.052059,0.04325,0.02746,-0.063443,0.026779,0.109203,0.012596,-0.011275,-0.000031
-0.059412,0.171875,0.052059,0.04325,0.02746,-0.063443,0.026779,0.109203,0.012596,-0.011275,-0.000031,-0.012165
-0.059144,0.171875,0.04325,0.02746,-0.063443,0.026779,0.109203,0.012596,-0.011275,-0.000031,-0.012165,0.053725
-0.059384,0.171875,0.02746,-0.063443,0.026779,0.109203,0.012596,-0.011275,-0.000031,-0.012165,0.053725,0.020495
-0.059384,0.171875,-0.063443,0.026779,0.109203,0.012596,-0.011275,-0.000031,-0.012165,0.053725,0.020495,0.058127
-0.059643,0.171875,0.026779,0.109203,0.012596,-0.011275,-0.000031,-0.012165,0.053725,0.020495,0.058127,-0.09035
-0.0585,0.171875,0.109203,0.012596,-0.011275,-0.000031,-0.012165,0.053725,0.020495,0.058127,-0.09035,0.037369
-0.058064,0.171875,0.012596,-0.011275,-0.000031,-0.012165,0.053725,0.020495,0.058127,-0.09035,0.037369,0.107615
-0.056831,0.171875,-0.011275,-0.000031,-0.012165,0.053725,0.020495,0.058127,-0.09035,0.037369,0.107615,-0.001535
-0.058747,0.171875,-0.000031,-0.012165,0.053725,0.020495,0.058127,-0.09035,0.037369,0.107615,-0.001535,-0.029603
-0.057954,0.171875,-0.012165,0.053725,0.020495,0.058127,-0.09035,0.037369,0.107615,-0.001535,-0.029603,0.019775
-0.05567,0.171875,0.053725,0.020495,0.058127,-0.09035,0.037369,0.107615,-0.001535,-0.029603,0.019775,-0.051854
-0.055703,0.171875,0.020495,0.058127,-0.09035,0.037369,0.107615,-0.001535,-0.029603,0.019775,-0.051854,-0.077965
-0.05633,0.171875,0.058127,-0.09035,0.037369,0.107615,-0.001535,-0.029603,0.019775,-0.051854,-0.077965,0.036121
-0.055912,0.171875,-0.09035,0.037369,0.107615,-0.001535,-0.029603,0.019775,-0.051854,-0.077965,0.036121,0.072628
-0.05701,0.171875,0.037369,0.107615,-0.001535,-0.029603,0.019775,-0.051854,-0.077965,0.036121,0.072628,-0.074782
-0.058666,0.171875,0.107615,-0.001535,-0.029603,0.019775,-0.051854,-0.077965,0.036121,0.072628,-0.074782,0.026946
-0.057898,0.171875,-0.001535,-0.029603,0.019775,-0.051854,-0.077965,0.036121,0.072628,-0.074782,0.026946,0.097251
-0.056358,0.171875,-0.029603,0.019775,-0.051854,-0.077965,0.036121,0.072628,-0.074782,0.026946,0.097251,0.009002
-0.057943,0.171875,0.019775,-0.051854,-0.077965,0.036121,0.072628,-0.074782,0.026946,0.097251,0.009002,-0.071694
-0.057371,0.171875,-0.051854,-0.077965,0.036121,0.072628,-0.074782,0.026946,0.097251,0.009002,-0.071694,-0.082565
-0.055309,0.169922,-0.077965,0.036121,0.072628,-0.074782,0.026946,0.097251,0.009002,-0.071694,-0.082565,-0.008338
-0.055118,0.169922,0.036121,0.072628,-0.074782,0.026946,0.097251,0.009002,-0.071694,-0.082565,-0.008338,0.068192
-0.056636,0.169922,0.072628,-0.074782,0.026946,0.097251,0.009002,-0.071694,-0.082565,-0.008338,0.068192,0.042932
-0.058387,0.169922,-0.074782,0.026946,0.097251,0.009002,-0.071694,-0.082565,-0.008338,0.068192,0.042932,0.041442
-0.058564,0.169922,0.026946,0.097251,0.009002,-0.071694,-0.082565,-0.008338,0.068192,0.042932,0.041442,-0.092076
-0.057115,0.169922,0.097251,0.009002,-0.071694,-0.082565,-0.008338,0.068192,0.042932,0.041442,-0.092076,0.032223
-0.056204,0.169922,0.009002,-0.071694,-0.082565,-0.008338,0.068192,0.042932,0.041442,-0.092076,0.032223,0.097435
-0.055326,0.169922,-0.071694,-0.082565,-0.008338,0.068192,0.042932,0.041442,-0.092076,0.032223,0.097435,0.0249
-0.057276,0.169922,-0.082565,-0.008338,0.068192,0.042932,0.041442,-0.092076,0.032223,0.097435,0.0249,-0.013788
-0.056593,0.169922,-0.008338,0.068192,0.042932,0.041442,-0.092076,0.032223,0.097435,0.0249,-0.013788,0.008005
-0.054528,0.169922,0.068192,0.042932,0.041442,-0.092076,0.032223,0.097435,0.0249,-0.013788,0.008005,-0.000724
-0.054001,0.169251,0.042932,0.041442,-0.092076,0.032223,0.097435,0.0249,-0.013788,0.008005,-0.000724,0.050277
-0.054293,0.169251,0.041442,-0.092076,0.032223,0.097435,0.0249,-0.013788,0.008005,-0.000724,0.050277,0.014479
-0.054124,0.169251,-0.092076,0.032223,0.097435,0.0249,-0.013788,0.008005,-0.000724,0.050277,0.014479,-0.037661
-0.054139,0.169251,0.032223,0.097435,0.0249,-0.013788,0.008005,-0.000724,0.050277,0.014479,-0.037661,-0.133397
-0.053076,0.169251,0.097435,0.0249,-0.013788,0.008005,-0.000724,0.050277,0.014479,-0.037661,-0.133397,0.003335
-0.05277,0.169251,0.0249,-0.013788,0.008005,-0.000724,0.050277,0.014479,-0.037661,-0.133397,0.003335,0.114657
-0.053565,0.169251,-0.013788,0.008005,-0.000724,0.050277,0.014479,-0.037661,-0.133397,0.003335,0.114657,0.0025
-0.056385,0.169251,0.008005,-0.000724,0.050277,0.014479,-0.037661,-0.133397,0.003335,0.114657,0.0025,-0.011146
-0.056315,0.169251,-0.000724,0.050277,0.014479,-0.037661,-0.133397,0.003335,0.114657,0.0025,-0.011146,0.010669
-0.053886,0.169251,0.050277,0.014479,-0.037661,-0.133397,0.003335,0.114657,0.0025,-0.011146,0.010669,-0.006032
-0.053833,0.169251,0.014479,-0.037661,-0.133397,0.003335,0.114657,0.0025,-0.011146,0.010669,-0.006032,0.056914
-0.054069,0.169251,-0.037661,-0.133397,0.003335,0.114657,0.0025,-0.011146,0.010669,-0.006032,0.056914,0.026453
-0.053844,0.169251,-0.133397,0.003335,0.114657,0.0025,-0.011146,0.010669,-0.006032,0.056914,0.026453,0.06493
-0.053971,0.169251,0.003335,0.114657,0.0025,-0.011146,0.010669,-0.006032,0.056914,0.026453,0.06493,-0.087985
-0.052768,0.169251,0.114657,0.0025,-0.011146,0.010669,-0.006032,0.056914,0.026453,0.06493,-0.087985,0.035131
-0.052209,0.169251,0.0025,-0.011146,0.010669,-0.006032,0.056914,0.026453,0.06493,-0.087985,0.035131,0.097192
-0.05084,0.169251,-0.011146,0.010669,-0.006032,0.056914,0.026453,0.06493,-0.087985,0.035131,0.097192,0.000042
-0.052694,0.169251,0.010669,-0.006032,0.056914,0.026453,0.06493,-0.087985,0.035131,0.097192,0.000042,-0.029797
-0.051953,0.169251,-0.006032,0.056914,0.026453,0.06493,-0.087985,0.035131,0.097192,0.000042,-0.029797,0.002804
-0.049903,0.169251,0.056914,0.026453,0.06493,-0.087985,0.035131,0.097192,0.000042,-0.029797,0.002804,-0.000909
-0.049902,0.169251,0.026453,0.06493,-0.087985,0.035131,0.097192,0.000042,-0.029797,0.002804,-0.000909,0.061306
-0.05053,0.169251,0.06493,-0.087985,0.035131,0.097192,0.000042,-0.029797,0.002804,-0.000909,0.061306,-0.052135
-0.050471,0.169251,-0.087985,0.035131,0.097192,0.000042,-0.029797,0.002804,-0.000909,0.061306,-0.052135,-0.003018
-0.05049,0.169251,0.035131,0.097192,0.000042,-0.029797,0.002804,-0.000909,0.061306,-0.052135,-0.003018,-0.124069
-0.049199,0.169251,0.097192,0.000042,-0.029797,0.002804,-0.000909,0.061306,-0.052135,-0.003018,-0.124069,0.055103
-0.050297,0.170166,0.000042,-0.029797,0.002804,-0.000909,0.061306,-0.052135,-0.003018,-0.124069,0.055103,0.093211
-0.050361,0.170166,-0.029797,0.002804,-0.000909,0.061306,-0.052135,-0.003018,-0.124069,0.055103,0.093211,0.000042
-0.052975,0.170166,0.002804,-0.000909,0.061306,-0.052135,-0.003018,-0.124069,0.055103,0.093211,0.000042,-0.02176
-0.051812,0.170166,-0.000909,0.061306,-0.052135,-0.003018,-0.124069,0.055103,0.093211,0.000042,-0.02176,-0.032031
-0.049847,0.170166,0.061306,-0.052135,-0.003018,-0.124069,0.055103,0.093211,0.000042,-0.02176,-0.032031,-0.090152
-0.049846,0.170166,-0.052135,-0.003018,-0.124069,0.055103,0.093211,0.000042,-0.02176,-0.032031,-0.090152,0.014541
-0.050304,0.170166,-0.003018,-0.124069,0.055103,0.093211,0.000042,-0.02176,-0.032031,-0.090152,0.014541,0.070406
-0.050978,0.170166,-0.124069,0.055103,0.093211,0.000042,-0.02176,-0.032031,-0.090152,0.014541,0.070406,0.046456
-0.052879,0.170166,0.055103,0.093211,0.000042,-0.02176,-0.032031,-0.090152,0.014541,0.070406,0.046456,-0.081515
-0.052572,0.170166,0.093211,0.000042,-0.02176,-0.032031,-0.090152,0.014541,0.070406,0.046456,-0.081515,0.028515
-0.051085,0.169769,0.000042,-0.02176,-0.032031,-0.090152,0.014541,0.070406,0.046456,-0.081515,0.028515,0.101377
-0.050107,0.169769,-0.02176,-0.032031,-0.090152,0.014541,0.070406,0.046456,-0.081515,0.028515,0.101377,0.012166
-0.051823,0.169769,-0.032031,-0.090152,0.014541,0.070406,0.046456,-0.081515,0.028515,0.101377,0.012166,-0.025803
-0.051222,0.169769,-0.090152,0.014541,0.070406,0.046456,-0.081515,0.028515,0.101377,0.012166,-0.025803,-0.041498
-0.049086,0.169769,0.014541,0.070406,0.046456,-0.081515,0.028515,0.101377,0.012166,-0.025803,-0.041498,-0.099718
-0.04883,0.169769,0.070406,0.046456,-0.081515,0.028515,0.101377,0.012166,-0.025803,-0.041498,-0.099718,0.030475
-0.049372,0.169769,0.046456,-0.081515,0.028515,0.101377,0.012166,-0.025803,-0.041498,-0.099718,0.030475,0.045262
-0.050245,0.169769,-0.081515,0.028515,0.101377,0.012166,-0.025803,-0.041498,-0.099718,0.030475,0.045262,0.049207
-0.052346,0.169769,0.028515,0.101377,0.012166,-0.025803,-0.041498,-0.099718,0.030475,0.045262,0.049207,-0.074919
-0.051703,0.169769,0.101377,0.012166,-0.025803,-0.041498,-0.099718,0.030475,0.045262,0.049207,-0.074919,0.036564
-0.050747,0.169769,0.012166,-0.025803,-0.041498,-0.099718,0.030475,0.045262,0.049207,-0.074919,0.036564,0.108266
-0.049711,0.169769,-0.025803,-0.041498,-0.099718,0.030475,0.045262,0.049207,-0.074919,0.036564,0.108266,0.009542
-0.051288,0.169769,-0.041498,-0.099718,0.030475,0.045262,0.049207,-0.074919,0.036564,0.108266,0.009542,-0.028512
-0.050518,0.169769,-0.099718,0.030475,0.045262,0.049207,-0.074919,0.036564,0.108266,0.009542,-0.028512,0.005549
-0.048239,0.169769,0.030475,0.045262,0.049207,-0.074919,0.036564,0.108266,0.009542,-0.028512,0.005549,0.004382
-0.048038,0.169769,0.045262,0.049207,-0.074919,0.036564,0.108266,0.009542,-0.028512,0.005549,0.004382,0.046715
-0.048637,0.169769,0.049207,-0.074919,0.036564,0.108266,0.009542,-0.028512,0.005549,0.004382,0.046715,0.021747
-0.048521,0.169769,-0.074919,0.036564,0.108266,0.009542,-0.028512,0.005549,0.004382,0.046715,0.021747,0.039165
-0.048428,0.169769,0.036564,0.108266,0.009542,-0.028512,0.005549,0.004382,0.046715,0.021747,0.039165,-0.079756
-0.047446,0.169769,0.108266,0.009542,-0.028512,0.005549,0.004382,0.046715,0.021747,0.039165,-0.079756,0.035439
-0.04699,0.169769,0.009542,-0.028512,0.005549,0.004382,0.046715,0.021747,0.039165,-0.079756,0.035439,0.082035
-0.046168,0.169769,-0.028512,0.005549,0.004382,0.046715,0.021747,0.039165,-0.079756,0.035439,0.082035,0.00976
-0.04784,0.169769,0.005549,0.004382,0.046715,0.021747,0.039165,-0.079756,0.035439,0.082035,0.00976,-0.025875
-0.047097,0.169769,0.004382,0.046715,0.021747,0.039165,-0.079756,0.035439,0.082035,0.00976,-0.025875,0.009733
-0.045375,0.169769,0.046715,0.021747,0.039165,-0.079756,0.035439,0.082035,0.00976,-0.025875,0.009733,-0.005242
-0.04517,0.16861,0.021747,0.039165,-0.079756,0.035439,0.082035,0.00976,-0.025875,0.009733,-0.005242,0.056437
-0.045713,0.16861,0.039165,-0.079756,0.035439,0.082035,0.00976,-0.025875,0.009733,-0.005242,0.056437,0.031641
-0.045509,0.16861,-0.079756,0.035439,0.082035,0.00976,-0.025875,0.009733,-0.005242,0.056437,0.031641,0.046619
-0.045619,0.16861,0.035439,0.082035,0.00976,-0.025875,0.009733,-0.005242,0.056437,0.031641,0.046619,-0.105117
-0.044436,0.16861,0.082035,0.00976,-0.025875,0.009733,-0.005242,0.056437,0.031641,0.046619,-0.105117,0.034253
-0.043773,0.16861,0.00976,-0.025875,0.009733,-0.005242,0.056437,0.031641,0.046619,-0.105117,0.034253,0.105833
-0.042799,0.16861,-0.025875,0.009733,-0.005242,0.056437,0.031641,0.046619,-0.105117,0.034253,0.105833,0.004525
-0.044995,0.16861,0.009733,-0.005242,0.056437,0.031641,0.046619,-0.105117,0.034253,0.105833,0.004525,-0.017693
-0.044279,0.16861,-0.005242,0.056437,0.031641,0.046619,-0.105117,0.034253,0.105833,0.004525,-0.017693,0.007138
-0.042065,0.16861,0.056437,0.031641,0.046619,-0.105117,0.034253,0.105833,0.004525,-0.017693,0.007138,-0.001338
-0.041971,0.16861,0.031641,0.046619,-0.105117,0.034253,0.105833,0.004525,-0.017693,0.007138,-0.001338,0.059524
-0.04234,0.16861,0.046619,-0.105117,0.034253,0.105833,0.004525,-0.017693,0.007138,-0.001338,0.059524,0.005973
-0.042191,0.168854,-0.105117,0.034253,0.105833,0.004525,-0.017693,0.007138,-0.001338,0.059524,0.005973,0.03478
-0.042219,0.168854,0.034253,0.105833,0.004525,-0.017693,0.007138,-0.001338,0.059524,0.005973,0.03478,-0.085311
-0.040976,0.168854,0.105833,0.004525,-0.017693,0.007138,-0.001338,0.059524,0.005973,0.03478,-0.085311,0.031686
-0.040851,0.168854,0.004525,-0.017693,0.007138,-0.001338,0.059524,0.005973,0.03478,-0.085311,0.031686,0.101066
-0.040126,0.168854,-0.017693,0.007138,-0.001338,0.059524,0.005973,0.03478,-0.085311,0.031686,0.101066,-0.006362
-0.041904,0.168854,0.007138,-0.001338,0.059524,0.005973,0.03478,-0.085311,0.031686,0.101066,-0.006362,-0.025989
-0.041243,0.168854,-0.001338,0.059524,0.005973,0.03478,-0.085311,0.031686,0.101066,-0.006362,-0.025989,0.007243
-0.039136,0.168854,0.059524,0.005973,0.03478,-0.085311,0.031686,0.101066,-0.006362,-0.025989,0.007243,-0.016701
-0.039268,0.168854,0.005973,0.03478,-0.085311,0.031686,0.101066,-0.006362,-0.025989,0.007243,-0.016701,0.050082
-0.039809,0.168854,0.03478,-0.085311,0.031686,0.101066,-0.006362,-0.025989,0.007243,-0.016701,0.050082,0.029672
-0.039659,0.168854,-0.085311,0.031686,0.101066,-0.006362,-0.025989,0.007243,-0.016701,0.050082,0.029672,0.051942
-0.040006,0.168854,0.031686,0.101066,-0.006362,-0.025989,0.007243,-0.016701,0.050082,0.029672,0.051942,-0.090191
-0.038963,0.168854,0.101066,-0.006362,-0.025989,0.007243,-0.016701,0.050082,0.029672,0.051942,-0.090191,0.033214
-0.038345,0.168854,-0.006362,-0.025989,0.007243,-0.016701,0.050082,0.029672,0.051942,-0.090191,0.033214,0.098955
-0.037265,0.168854,-0.025989,0.007243,-0.016701,0.050082,0.029672,0.051942,-0.090191,0.033214,0.098955,0.014652
-0.039139,0.168854,0.007243,-0.016701,0.050082,0.029672,0.051942,-0.090191,0.033214,0.098955,0.014652,-0.024655
-0.038448,0.168854,-0.016701,0.050082,0.029672,0.051942,-0.090191,0.033214,0.098955,0.014652,-0.024655,-0.019219
-0.036391,0.168854,0.050082,0.029672,0.051942,-0.090191,0.033214,0.098955,0.014652,-0.024655,-0.019219,-0.004411
-0.036087,0.168854,0.029672,0.051942,-0.090191,0.033214,0.098955,0.014652,-0.024655,-0.019219,-0.004411,0.062892
-0.036598,0.168854,0.051942,-0.090191,0.033214,0.098955,0.014652,-0.024655,-0.019219,-0.004411,0.062892,0.024515
-0.036997,0.168854,-0.090191,0.033214,0.098955,0.014652,-0.024655,-0.019219,-0.004411,0.062892,0.024515,0.045587
-0.037088,0.168854,0.033214,0.098955,0.014652,-0.024655,-0.019219,-0.004411,0.062892,0.024515,0.045587,-0.10358
-0.035782,0.168854,0.098955,0.014652,-0.024655,-0.019219,-0.004411,0.062892,0.024515,0.045587,-0.10358,0.043173
-0.035273,0.168854,0.014652,-0.024655,-0.019219,-0.004411,0.062892,0.024515,0.045587,-0.10358,0.043173,0.093992
-0.034329,0.167572,-0.024655,-0.019219,-0.004411,0.062892,0.024515,0.045587,-0.10358,0.043173,0.093992,-0.001992
-0.036474,0.167572,-0.019219,-0.004411,0.062892,0.024515,0.045587,-0.10358,0.043173,0.093992,-0.001992,-0.028915
-0.035579,0.167572,-0.004411,0.062892,0.024515,0.045587,-0.10358,0.043173,0.093992,-0.001992,-0.028915,-0.003819
-0.033631,0.167572,0.062892,0.024515,0.045587,-0.10358,0.043173,0.093992,-0.001992,-0.028915,-0.003819,-0.010205
-0.033672,0.167572,0.024515,0.045587,-0.10358,0.043173,0.093992,-0.001992,-0.028915,-0.003819,-0.010205,0.053333
-0.03427,0.167572,0.045587,-0.10358,0.043173,0.093992,-0.001992,-0.028915,-0.003819,-0.010205,0.053333,0.026213
-0.034349,0.167572,-0.10358,0.043173,0.093992,-0.001992,-0.028915,-0.003819,-0.010205,0.053333,0.026213,0.036143
-0.034561,0.167572,0.043173,0.093992,-0.001992,-0.028915,-0.003819,-0.010205,0.053333,0.026213,0.036143,-0.107053
-0.033456,0.167572,0.093992,-0.001992,-0.028915,-0.003819,-0.010205,0.053333,0.026213,0.036143,-0.107053,0.039112
-0.032913,0.167572,-0.001992,-0.028915,-0.003819,-0.010205,0.053333,0.026213,0.036143,-0.107053,0.039112,0.101504
-0.032166,0.167572,-0.028915,-0.003819,-0.010205,0.053333,0.026213,0.036143,-0.107053,0.039112,0.101504,-0.007566
-0.034378,0.167572,-0.003819,-0.010205,0.053333,0.026213,0.036143,-0.107053,0.039112,0.101504,-0.007566,-0.019046
-0.033569,0.168091,-0.010205,0.053333,0.026213,0.036143,-0.107053,0.039112,0.101504,-0.007566,-0.019046,-0.005227
-0.031469,0.168091,0.053333,0.026213,0.036143,-0.107053,0.039112,0.101504,-0.007566,-0.019046,-0.005227,-0.008968
-0.031626,0.168091,0.026213,0.036143,-0.107053,0.039112,0.101504,-0.007566,-0.019046,-0.005227,-0.008968,0.056365
-0.032019,0.168091,0.036143,-0.107053,0.039112,0.101504,-0.007566,-0.019046,-0.005227,-0.008968,0.056365,0.016568
-0.032127,0.168091,-0.107053,0.039112,0.101504,-0.007566,-0.019046,-0.005227,-0.008968,0.056365,0.016568,0.03366
-0.032312,0.168091,0.039112,0.101504,-0.007566,-0.019046,-0.005227,-0.008968,0.056365,0.016568,0.03366,-0.110544
-0.031147,0.168091,0.101504,-0.007566,-0.019046,-0.005227,-0.008968,0.056365,0.016568,0.03366,-0.110544,0.03642
-0.030805,0.168091,-0.007566,-0.019046,-0.005227,-0.008968,0.056365,0.016568,0.03366,-0.110544,0.03642,0.099114
-0.030111,0.168091,-0.019046,-0.005227,-0.008968,0.056365,0.016568,0.03366,-0.110544,0.03642,0.099114,0.006734
-0.032391,0.168091,-0.005227,-0.008968,0.056365,0.016568,0.03366,-0.110544,0.03642,0.099114,0.006734,-0.036165
-0.031639,0.168091,-0.008968,0.056365,0.016568,0.03366,-0.110544,0.03642,0.099114,0.006734,-0.036165,-0.000944
-0.029592,0.168091,0.056365,0.016568,0.03366,-0.110544,0.03642,0.099114,0.006734,-0.036165,-0.000944,-0.013387
-0.029454,0.168091,0.016568,0.03366,-0.110544,0.03642,0.099114,0.006734,-0.036165,-0.000944,-0.013387,0.04514
-0.030199,0.168091,0.03366,-0.110544,0.03642,0.099114,0.006734,-0.036165,-0.000944,-0.013387,0.04514,0.006734
-0.030218,0.168091,-0.110544,0.03642,0.099114,0.006734,-0.036165,-0.000944,-0.013387,0.04514,0.006734,0.042491
-0.030494,0.168091,0.03642,0.099114,0.006734,-0.036165,-0.000944,-0.013387,0.04514,0.006734,0.042491,-0.098223
-0.029563,0.168091,0.099114,0.006734,-0.036165,-0.000944,-0.013387,0.04514,0.006734,0.042491,-0.098223,0.026547
-0.029424,0.168091,0.006734,-0.036165,-0.000944,-0.013387,0.04514,0.006734,0.042491,-0.098223,0.026547,0.093758
-0.028549,0.168091,-0.036165,-0.000944,-0.013387,0.04514,0.006734,0.042491,-0.098223,0.026547,0.093758,-0.006056
-0.030571,0.168091,-0.000944,-0.013387,0.04514,0.006734,0.042491,-0.098223,0.026547,0.093758,-0.006056,-0.033358
-0.030024,0.168091,-0.013387,0.04514,0.006734,0.042491,-0.098223,0.026547,0.093758,-0.006056,-0.033358,0.00051
-0.028092,0.168091,0.04514,0.006734,0.042491,-0.098223,0.026547,0.093758,-0.006056,-0.033358,0.00051,-0.03925
-0.028216,0.168091,0.006734,0.042491,-0.098223,0.026547,0.093758,-0.006056,-0.033358,0.00051,-0.03925,-0.06299
-0.028903,0.168091,0.042491,-0.098223,0.026547,0.093758,-0.006056,-0.033358,0.00051,-0.03925,-0.06299,0.016582
-0.028892,0.168091,-0.098223,0.026547,0.093758,-0.006056,-0.033358,0.00051,-0.03925,-0.06299,0.016582,0.069412
-0.029701,0.168091,0.026547,0.093758,-0.006056,-0.033358,0.00051,-0.03925,-0.06299,0.016582,0.069412,-0.133572
-0.031001,0.166656,0.093758,-0.006056,-0.033358,0.00051,-0.03925,-0.06299,0.016582,0.069412,-0.133572,-0.098036
-0.030658,0.166656,-0.006056,-0.033358,0.00051,-0.03925,-0.06299,0.016582,0.069412,-0.133572,-0.098036,0.094334
-0.029227,0.166656,-0.033358,0.00051,-0.03925,-0.06299,0.016582,0.069412,-0.133572,-0.098036,0.094334,0.029236
-0.031981,0.166656,0.00051,-0.03925,-0.06299,0.016582,0.069412,-0.133572,-0.098036,0.094334,0.029236,-0.031821
-0.034007,0.166656,-0.03925,-0.06299,0.016582,0.069412,-0.133572,-0.098036,0.094334,0.029236,-0.031821,-0.006646
-0.032054,0.166656,-0.06299,0.016582,0.069412,-0.133572,-0.098036,0.094334,0.029236,-0.031821,-0.006646,-0.000453
-0.03145,0.166656,0.016582,0.069412,-0.133572,-0.098036,0.094334,0.029236,-0.031821,-0.006646,-0.000453,0.073395
-0.032107,0.166656,0.069412,-0.133572,-0.098036,0.094334,0.029236,-0.031821,-0.006646,-0.000453,0.073395,0.012342
-0.032244,0.166656,-0.133572,-0.098036,0.094334,0.029236,-0.031821,-0.006646,-0.000453,0.073395,0.012342,0.03086
-0.032254,0.166656,-0.098036,0.094334,0.029236,-0.031821,-0.006646,-0.000453,0.073395,0.012342,0.03086,-0.110633
-0.030737,0.166656,0.094334,0.029236,-0.031821,-0.006646,-0.000453,0.073395,0.012342,0.03086,-0.110633,0.053498
-0.030482,0.166656,0.029236,-0.031821,-0.006646,-0.000453,0.073395,0.012342,0.03086,-0.110633,0.053498,0.089268
-0.029846,0.166656,-0.031821,-0.006646,-0.000453,0.073395,0.012342,0.03086,-0.110633,0.053498,0.089268,-0.001799
-0.032127,0.167297,-0.006646,-0.000453,0.073395,0.012342,0.03086,-0.110633,0.053498,0.089268,-0.001799,-0.030469
-0.031023,0.167297,-0.000453,0.073395,0.012342,0.03086,-0.110633,0.053498,0.089268,-0.001799,-0.030469,0.000494
-0.029181,0.167297,0.073395,0.012342,0.03086,-0.110633,0.053498,0.089268,-0.001799,-0.030469,0.000494,-0.016283
-0.029218,0.167297,0.012342,0.03086,-0.110633,0.053498,0.089268,-0.001799,-0.030469,0.000494,-0.016283,0.046592
-0.029846,0.167297,0.03086,-0.110633,0.053498,0.089268,-0.001799,-0.030469,0.000494,-0.016283,0.046592,0.013897
-0.029836,0.167297,-0.110633,0.053498,0.089268,-0.001799,-0.030469,0.000494,-0.016283,0.046592,0.013897,0.033978
-0.030171,0.167297,0.053498,0.089268,-0.001799,-0.030469,0.000494,-0.016283,0.046592,0.013897,0.033978,-0.096889
-0.02921,0.167297,0.089268,-0.001799,-0.030469,0.000494,-0.016283,0.046592,0.013897,0.033978,-0.096889,0.035127
-0.028924,0.167297,-0.001799,-0.030469,0.000494,-0.016283,0.046592,0.013897,0.033978,-0.096889,0.035127,0.102485
-0.028224,0.167297,-0.030469,0.000494,-0.016283,0.046592,0.013897,0.033978,-0.096889,0.035127,0.102485,-0.004602
-0.030218,0.167297,0.000494,-0.016283,0.046592,0.013897,0.033978,-0.096889,0.035127,0.102485,-0.004602,-0.021905
-0.029495,0.167297,-0.016283,0.046592,0.013897,0.033978,-0.096889,0.035127,0.102485,-0.004602,-0.021905,-0.012414
-0.027384,0.167297,0.046592,0.013897,0.033978,-0.096889,0.035127,0.102485,-0.004602,-0.021905,-0.012414,-0.027911
-0.027478,0.167297,0.013897,0.033978,-0.096889,0.035127,0.102485,-0.004602,-0.021905,-0.012414,-0.027911,0.066758
-0.027929,0.167297,0.033978,-0.096889,0.035127,0.102485,-0.004602,-0.021905,-0.012414,-0.027911,0.066758,0.01119
-0.028184,0.167297,-0.096889,0.035127,0.102485,-0.004602,-0.021905,-0.012414,-0.027911,0.066758,0.01119,0.042931
-0.028758,0.167297,0.035127,0.102485,-0.004602,-0.021905,-0.012414,-0.027911,0.066758,0.01119,0.042931,-0.117533
-0.027384,0.167297,0.102485,-0.004602,-0.021905,-0.012414,-0.027911,0.066758,0.01119,0.042931,-0.117533,0.042398
-0.027153,0.167297,-0.004602,-0.021905,-0.012414,-0.027911,0.066758,0.01119,0.042931,-0.117533,0.042398,0.105765
-0.026271,0.167297,-0.021905,-0.012414,-0.027911,0.066758,0.01119,0.042931,-0.117533,0.042398,0.105765,-0.010309
-0.028686,0.167297,-0.012414,-0.027911,0.066758,0.01119,0.042931,-0.117533,0.042398,0.105765,-0.010309,-0.044998
-0.027814,0.167297,-0.027911,0.066758,0.01119,0.042931,-0.117533,0.042398,0.105765,-0.010309,-0.044998,-0.000888
-0.025639,0.167297,0.066758,0.01119,0.042931,-0.117533,0.042398,0.105765,-0.010309,-0.044998,-0.000888,-0.000741
-0.025851,0.167297,0.01119,0.042931,-0.117533,0.042398,0.105765,-0.010309,-0.044998,-0.000888,-0.000741,0.002192
-0.026775,0.167297,0.042931,-0.117533,0.042398,0.105765,-0.010309,-0.044998,-0.000888,-0.000741,0.002192,-0.170482
-0.026793,0.167297,-0.117533,0.042398,0.105765,-0.010309,-0.044998,-0.000888,-0.000741,0.002192,-0.170482,-0.004791
-0.026808,0.165466,0.042398,0.105765,-0.010309,-0.044998,-0.000888,-0.000741,0.002192,-0.170482,-0.004791,-0.121792
-0.026763,0.165466,0.105765,-0.010309,-0.044998,-0.000888,-0.000741,0.002192,-0.170482,-0.004791,-0.121792,0.036382
-0.030277,0.165466,-0.010309,-0.044998,-0.000888,-0.000741,0.002192,-0.170482,-0.004791,-0.121792,0.036382,0.083365
-0.030375,0.165466,-0.044998,-0.000888,-0.000741,0.002192,-0.170482,-0.004791,-0.121792,0.036382,0.083365,-0.060043
-0.032888,0.165466,-0.000888,-0.000741,0.002192,-0.170482,-0.004791,-0.121792,0.036382,0.083365,-0.060043,-0.068613
-0.032137,0.165466,-0.000741,0.002192,-0.170482,-0.004791,-0.121792,0.036382,0.083365,-0.060043,-0.068613,-0.008053
-0.030414,0.165466,0.002192,-0.170482,-0.004791,-0.121792,0.036382,0.083365,-0.060043,-0.068613,-0.008053,0.001
-0.031655,0.165466,-0.170482,-0.004791,-0.121792,0.036382,0.083365,-0.060043,-0.068613,-0.008053,0.001,0.046383
-0.033073,0.165466,-0.004791,-0.121792,0.036382,0.083365,-0.060043,-0.068613,-0.008053,0.001,0.046383,0.03487
-0.033239,0.165466,-0.121792,0.036382,0.083365,-0.060043,-0.068613,-0.008053,0.001,0.046383,0.03487,0.04778
-0.033219,0.165466,0.036382,0.083365,-0.060043,-0.068613,-0.008053,0.001,0.046383,0.03487,0.04778,-0.114653
-0.032259,0.165466,0.083365,-0.060043,-0.068613,-0.008053,0.001,0.046383,0.03487,0.04778,-0.114653,0.027886
-0.031538,0.165466,-0.060043,-0.068613,-0.008053,0.001,0.046383,0.03487,0.04778,-0.114653,0.027886,0.096113
-0.030552,0.164551,-0.068613,-0.008053,0.001,0.046383,0.03487,0.04778,-0.114653,0.027886,0.096113,0.019495
-0.032918,0.164551,-0.008053,0.001,0.046383,0.03487,0.04778,-0.114653,0.027886,0.096113,0.019495,-0.027594
-0.032342,0.164551,0.001,0.046383,0.03487,0.04778,-0.114653,0.027886,0.096113,0.019495,-0.027594,-0.006653
-0.030356,0.164551,0.046383,0.03487,0.04778,-0.114653,0.027886,0.096113,0.019495,-0.027594,-0.006653,-0.00766
-0.029953,0.164551,0.03487,0.04778,-0.114653,0.027886,0.096113,0.019495,-0.027594,-0.006653,-0.00766,0.056511
-0.030522,0.164551,0.04778,-0.114653,0.027886,0.096113,0.019495,-0.027594,-0.006653,-0.00766,0.056511,0.008158
-0.03066,0.164551,-0.114653,0.027886,0.096113,0.019495,-0.027594,-0.006653,-0.00766,0.056511,0.008158,0.026718
-0.030817,0.164551,0.027886,0.096113,0.019495,-0.027594,-0.006653,-0.00766,0.056511,0.008158,0.026718,-0.11662
-0.029651,0.164551,0.096113,0.019495,-0.027594,-0.006653,-0.00766,0.056511,0.008158,0.026718,-0.11662,0.049309
-0.029483,0.164551,0.019495,-0.027594,-0.006653,-0.00766,0.056511,0.008158,0.026718,-0.11662,0.049309,0.097989
-0.028933,0.164551,-0.027594,-0.006653,-0.00766,0.056511,0.008158,0.026718,-0.11662,0.049309,0.097989,0.006822
-0.031335,0.164551,-0.006653,-0.00766,0.056511,0.008158,0.026718,-0.11662,0.049309,0.097989,0.006822,-0.043386
-0.030318,0.164551,-0.00766,0.056511,0.008158,0.026718,-0.11662,0.049309,0.097989,0.006822,-0.043386,0.001938
-0.028298,0.164551,0.056511,0.008158,0.026718,-0.11662,0.049309,0.097989,0.006822,-0.043386,0.001938,-0.052069
-0.028157,0.164551,0.008158,0.026718,-0.11662,0.049309,0.097989,0.006822,-0.043386,0.001938,-0.052069,-0.057222
-0.02905,0.164551,0.026718,-0.11662,0.049309,0.097989,0.006822,-0.043386,0.001938,-0.052069,-0.057222,0.01514
-0.029011,0.164551,-0.11662,0.049309,0.097989,0.006822,-0.043386,0.001938,-0.052069,-0.057222,0.01514,0.066473
-0.030083,0.164551,0.049309,0.097989,0.006822,-0.043386,0.001938,-0.052069,-0.057222,0.01514,0.066473,-0.086549
-0.031264,0.164551,0.097989,0.006822,-0.043386,0.001938,-0.052069,-0.057222,0.01514,0.066473,-0.086549,0.03934
-0.030952,0.164551,0.006822,-0.043386,0.001938,-0.052069,-0.057222,0.01514,0.066473,-0.086549,0.03934,0.105084
-0.029581,0.164551,-0.043386,0.001938,-0.052069,-0.057222,0.01514,0.066473,-0.086549,0.03934,0.105084,-0.006066
-0.031365,0.164551,0.001938,-0.052069,-0.057222,0.01514,0.066473,-0.086549,0.03934,0.105084,-0.006066,-0.033352
-0.030553,0.164551,-0.052069,-0.057222,0.01514,0.066473,-0.086549,0.03934,0.105084,-0.006066,-0.033352,-0.009516
-0.028386,0.164551,-0.057222,0.01514,0.066473,-0.086549,0.03934,0.105084,-0.006066,-0.033352,-0.009516,-0.0049
-0.028511,0.164551,0.01514,0.066473,-0.086549,0.03934,0.105084,-0.006066,-0.033352,-0.009516,-0.0049,0.073817
-0.029198,0.163513,0.066473,-0.086549,0.03934,0.105084,-0.006066,-0.033352,-0.009516,-0.0049,0.073817,0.024057
-0.029394,0.163513,-0.086549,0.03934,0.105084,-0.006066,-0.033352,-0.009516,-0.0049,0.073817,0.024057,-0.03196
-0.029495,0.163513,0.03934,0.105084,-0.006066,-0.033352,-0.009516,-0.0049,0.073817,0.024057,-0.03196,-0.155363
-0.027974,0.163513,0.105084,-0.006066,-0.033352,-0.009516,-0.0049,0.073817,0.024057,-0.03196,-0.155363,-0.033161
-0.027478,0.163513,-0.006066,-0.033352,-0.009516,-0.0049,0.073817,0.024057,-0.03196,-0.155363,-0.033161,-0.029935
-0.028136,0.163513,-0.033352,-0.009516,-0.0049,0.073817,0.024057,-0.03196,-0.155363,-0.033161,-0.029935,-0.063958
-0.031335,0.163513,-0.009516,-0.0049,0.073817,0.024057,-0.03196,-0.155363,-0.033161,-0.029935,-0.063958,-0.041567
-0.03202,0.163513,-0.0049,0.073817,0.024057,-0.03196,-0.155363,-0.033161,-0.029935,-0.063958,-0.041567,-0.022111
-0.032639,0.163513,0.073817,0.024057,-0.03196,-0.155363,-0.033161,-0.029935,-0.063958,-0.041567,-0.022111,0.00812
-0.033963,0.163513,0.024057,-0.03196,-0.155363,-0.033161,-0.029935,-0.063958,-0.041567,-0.022111,0.00812,0.050471
-0.034824,0.163513,-0.03196,-0.155363,-0.033161,-0.029935,-0.063958,-0.041567,-0.022111,0.00812,0.050471,-0.060938
-0.035282,0.164551,-0.155363,-0.033161,-0.029935,-0.063958,-0.041567,-0.022111,0.00812,0.050471,-0.060938,0.025874
-0.035114,0.164551,-0.033161,-0.029935,-0.063958,-0.041567,-0.022111,0.00812,0.050471,-0.060938,0.025874,-0.123004
-0.034067,0.164551,-0.029935,-0.063958,-0.041567,-0.022111,0.00812,0.050471,-0.060938,0.025874,-0.123004,0.038905
-0.035331,0.164551,-0.063958,-0.041567,-0.022111,0.00812,0.050471,-0.060938,0.025874,-0.123004,0.038905,0.105009
-0.034795,0.164551,-0.041567,-0.022111,0.00812,0.050471,-0.060938,0.025874,-0.123004,0.038905,0.105009,0.010631
-0.037345,0.164551,-0.022111,0.00812,0.050471,-0.060938,0.025874,-0.123004,0.038905,0.105009,0.010631,-0.021873
-0.036537,0.164551,0.00812,0.050471,-0.060938,0.025874,-0.123004,0.038905,0.105009,0.010631,-0.021873,-0.001003
-0.034358,0.164551,0.050471,-0.060938,0.025874,-0.123004,0.038905,0.105009,0.010631,-0.021873,-0.001003,-0.008776
-0.034138,0.164551,-0.060938,0.025874,-0.123004,0.038905,0.105009,0.010631,-0.021873,-0.001003,-0.008776,0.043463
-0.034591,0.164551,0.025874,-0.123004,0.038905,0.105009,0.010631,-0.021873,-0.001003,-0.008776,0.043463,0.020528
-0.034612,0.164551,-0.123004,0.038905,0.105009,0.010631,-0.021873,-0.001003,-0.008776,0.043463,0.020528,0.045952
-0.034794,0.164551,0.038905,0.105009,0.010631,-0.021873,-0.001003,-0.008776,0.043463,0.020528,0.045952,-0.095674
-0.033893,0.164551,0.105009,0.010631,-0.021873,-0.001003,-0.008776,0.043463,0.020528,0.045952,-0.095674,0.034874
-0.033467,0.164551,0.010631,-0.021873,-0.001003,-0.008776,0.043463,0.020528,0.045952,-0.095674,0.034874,0.101455
-0.032517,0.164551,-0.021873,-0.001003,-0.008776,0.043463,0.020528,0.045952,-0.095674,0.034874,0.101455,-0.061282
-0.034495,0.164551,-0.001003,-0.008776,0.043463,0.020528,0.045952,-0.095674,0.034874,0.101455,-0.061282,-0.081083
-0.033773,0.164551,-0.008776,0.043463,0.020528,0.045952,-0.095674,0.034874,0.101455,-0.061282,-0.081083,-0.040398
-0.031674,0.164551,0.043463,0.020528,0.045952,-0.095674,0.034874,0.101455,-0.061282,-0.081083,-0.040398,-0.0017
-0.032942,0.164551,0.020528,0.045952,-0.095674,0.034874,0.101455,-0.061282,-0.081083,-0.040398,-0.0017,0.049038
-0.03462,0.164551,0.045952,-0.095674,0.034874,0.101455,-0.061282,-0.081083,-0.040398,-0.0017,0.049038,0.026092
-0.035457,0.164551,-0.095674,0.034874,0.101455,-0.061282,-0.081083,-0.040398,-0.0017,0.049038,0.026092,0.055761
-0.035492,0.164551,0.034874,0.101455,-0.061282,-0.081083,-0.040398,-0.0017,0.049038,0.026092,0.055761,-0.106867
-0.034475,0.164551,0.101455,-0.061282,-0.081083,-0.040398,-0.0017,0.049038,0.026092,0.055761,-0.106867,0.00811
-0.033934,0.164551,-0.061282,-0.081083,-0.040398,-0.0017,0.049038,0.026092,0.055761,-0.106867,0.00811,-0.044844
-0.032781,0.164551,-0.081083,-0.040398,-0.0017,0.049038,0.026092,0.055761,-0.106867,0.00811,-0.044844,0.010517
-0.034991,0.164551,-0.040398,-0.0017,0.049038,0.026092,0.055761,-0.106867,0.00811,-0.044844,0.010517,0.006186
-0.034823,0.1651,-0.0017,0.049038,0.026092,0.055761,-0.106867,0.00811,-0.044844,0.010517,0.006186,-0.012256
-0.035753,0.1651,0.049038,0.026092,0.055761,-0.106867,0.00811,-0.044844,0.010517,0.006186,-0.012256,-0.00309
-0.035535,0.1651,0.026092,0.055761,-0.106867,0.00811,-0.044844,0.010517,0.006186,-0.012256,-0.00309,0.029405
-0.035406,0.1651,0.055761,-0.106867,0.00811,-0.044844,0.010517,0.006186,-0.012256,-0.00309,0.029405,-0.095658
-0.03566,0.1651,-0.106867,0.00811,-0.044844,0.010517,0.006186,-0.012256,-0.00309,0.029405,-0.095658,0.022831
-0.035724,0.1651,0.00811,-0.044844,0.010517,0.006186,-0.012256,-0.00309,0.029405,-0.095658,0.022831,-0.084796
-0.035114,0.1651,-0.044844,0.010517,0.006186,-0.012256,-0.00309,0.029405,-0.095658,0.022831,-0.084796,0.038828
-0.037101,0.1651,0.010517,0.006186,-0.012256,-0.00309,0.029405,-0.095658,0.022831,-0.084796,0.038828,0.113153
-0.036627,0.1651,0.006186,-0.012256,-0.00309,0.029405,-0.095658,0.022831,-0.084796,0.038828,0.113153,0.000745
-0.038387,0.1651,-0.012256,-0.00309,0.029405,-0.095658,0.022831,-0.084796,0.038828,0.113153,0.000745,-0.016252
-0.037581,0.1651,-0.00309,0.029405,-0.095658,0.022831,-0.084796,0.038828,0.113153,0.000745,-0.016252,0.001795
-0.035231,0.164551,0.029405,-0.095658,0.022831,-0.084796,0.038828,0.113153,0.000745,-0.016252,0.001795,-0.017118
-0.035215,0.164551,-0.095658,0.022831,-0.084796,0.038828,0.113153,0.000745,-0.016252,0.001795,-0.017118,0.060224
-0.035552,0.164551,0.022831,-0.084796,0.038828,0.113153,0.000745,-0.016252,0.001795,-0.017118,0.060224,0.030285
-0.035515,0.164551,-0.084796,0.038828,0.113153,0.000745,-0.016252,0.001795,-0.017118,0.060224,0.030285,0.035953
-0.03587,0.164551,0.038828,0.113153,0.000745,-0.016252,0.001795,-0.017118,0.060224,0.030285,0.035953,-0.116553
-0.03462,0.164551,0.113153,0.000745,-0.016252,0.001795,-0.017118,0.060224,0.030285,0.035953,-0.116553,0.030592
-0.033992,0.164551,0.000745,-0.016252,0.001795,-0.017118,0.060224,0.030285,0.035953,-0.116553,0.030592,0.094112
-0.033248,0.164551,-0.016252,0.001795,-0.017118,0.060224,0.030285,0.035953,-0.116553,0.030592,0.094112,-0.000554
-0.03566,0.164551,0.001795,-0.017118,0.060224,0.030285,0.035953,-0.116553,0.030592,0.094112,-0.000554,-0.023285
-0.035027,0.164551,-0.017118,0.060224,0.030285,0.035953,-0.116553,0.030592,0.094112,-0.000554,-0.023285,-0.013708
-0.033077,0.164551,0.060224,0.030285,0.035953,-0.116553,0.030592,0.094112,-0.000554,-0.023285,-0.013708,-0.011654
-0.033088,0.164551,0.030285,0.035953,-0.116553,0.030592,0.094112,-0.000554,-0.023285,-0.013708,-0.011654,0.051963
-0.03357,0.164551,0.035953,-0.116553,0.030592,0.094112,-0.000554,-0.023285,-0.013708,-0.011654,0.051963,0.020625
-0.033853,0.164551,-0.116553,0.030592,0.094112,-0.000554,-0.023285,-0.013708,-0.011654,0.051963,0.020625,0.043294
-0.034094,0.164551,0.030592,0.094112,-0.000554,-0.023285,-0.013708,-0.011654,0.051963,0.020625,0.043294,-0.098735
-0.033018,0.164551,0.094112,-0.000554,-0.023285,-0.013708,-0.011654,0.051963,0.020625,0.043294,-0.098735,0.027854
-0.032591,0.164551,-0.000554,-0.023285,-0.013708,-0.011654,0.051963,0.020625,0.043294,-0.098735,0.027854,0.101602
-0.031697,0.164551,-0.023285,-0.013708,-0.011654,0.051963,0.020625,0.043294,-0.098735,0.027854,0.101602,-0.008975
-0.033736,0.164551,-0.013708,-0.011654,0.051963,0.020625,0.043294,-0.098735,0.027854,0.101602,-0.008975,-0.028983
-0.03316,0.164551,-0.011654,0.051963,0.020625,0.043294,-0.098735,0.027854,0.101602,-0.008975,-0.028983,-0.056279
-0.031059,0.164551,0.051963,0.020625,0.043294,-0.098735,0.027854,0.101602,-0.008975,-0.028983,-0.056279,-0.082206
-0.031245,0.164551,0.020625,0.043294,-0.098735,0.027854,0.101602,-0.008975,-0.028983,-0.056279,-0.082206,-0.01968
-0.031843,0.164551,0.043294,-0.098735,0.027854,0.101602,-0.008975,-0.028983,-0.056279,-0.082206,-0.01968,-0.059403
-0.033006,0.164551,-0.098735,0.027854,0.101602,-0.008975,-0.028983,-0.056279,-0.082206,-0.01968,-0.059403,0.031348
-0.034706,0.164551,0.027854,0.101602,-0.008975,-0.028983,-0.056279,-0.082206,-0.01968,-0.059403,0.031348,-0.066864
-0.035114,0.164551,0.101602,-0.008975,-0.028983,-0.056279,-0.082206,-0.01968,-0.059403,0.031348,-0.066864,0.03892
-0.036348,0.1651,-0.008975,-0.028983,-0.056279,-0.082206,-0.01968,-0.059403,0.031348,-0.066864,0.03892,0.088231
-0.035697,0.1651,-0.028983,-0.056279,-0.082206,-0.01968,-0.059403,0.031348,-0.066864,0.03892,0.088231,0.010618
-0.037084,0.1651,-0.056279,-0.082206,-0.01968,-0.059403,0.031348,-0.066864,0.03892,0.088231,0.010618,-0.026086
-0.036276,0.1651,-0.082206,-0.01968,-0.059403,0.031348,-0.066864,0.03892,0.088231,0.010618,-0.026086,-0.005232
-0.034446,0.1651,-0.01968,-0.059403,0.031348,-0.066864,0.03892,0.088231,0.010618,-0.026086,-0.005232,-0.014376
-0.034226,0.1651,-0.059403,0.031348,-0.066864,0.03892,0.088231,0.010618,-0.026086,-0.005232,-0.014376,0.070148
-0.034766,0.1651,0.031348,-0.066864,0.03892,0.088231,0.010618,-0.026086,-0.005232,-0.014376,0.070148,0.026183
-0.034874,0.1651,-0.066864,0.03892,0.088231,0.010618,-0.026086,-0.005232,-0.014376,0.070148,0.026183,0.03468
-0.035172,0.1651,0.03892,0.088231,0.010618,-0.026086,-0.005232,-0.014376,0.070148,0.026183,0.03468,-0.111192
-0.033718,0.1651,0.088231,0.010618,-0.026086,-0.005232,-0.014376,0.070148,0.026183,0.03468,-0.111192,0.015141
-0.033176,0.1651,0.010618,-0.026086,-0.005232,-0.014376,0.070148,0.026183,0.03468,-0.111192,0.015141,0.109778
-0.032459,0.1651,-0.026086,-0.005232,-0.014376,0.070148,0.026183,0.03468,-0.111192,0.015141,0.109778,0.002313
-0.034758,0.166138,-0.005232,-0.014376,0.070148,0.026183,0.03468,-0.111192,0.015141,0.109778,0.002313,-0.031791
-0.034444,0.166138,-0.014376,0.070148,0.026183,0.03468,-0.111192,0.015141,0.109778,0.002313,-0.031791,-0.012305
-0.032171,0.166138,0.070148,0.026183,0.03468,-0.111192,0.015141,0.109778,0.002313,-0.031791,-0.012305,-0.003248
-0.032123,0.166138,0.026183,0.03468,-0.111192,0.015141,0.109778,0.002313,-0.031791,-0.012305,-0.003248,0.056287
-0.032781,0.166138,0.03468,-0.111192,0.015141,0.109778,0.002313,-0.031791,-0.012305,-0.003248,0.056287,0.017908
-0.033035,0.166138,-0.111192,0.015141,0.109778,0.002313,-0.031791,-0.012305,-0.003248,0.056287,0.017908,-0.040312
-0.033102,0.166138,0.015141,0.109778,0.002313,-0.031791,-0.012305,-0.003248,0.056287,0.017908,-0.040312,-0.14638
-0.031937,0.166138,0.109778,0.002313,-0.031791,-0.012305,-0.003248,0.056287,0.017908,-0.040312,-0.14638,0.009525
-0.031567,0.166138,0.002313,-0.031791,-0.012305,-0.003248,0.056287,0.017908,-0.040312,-0.14638,0.009525,0.064514
-0.0324,0.166138,-0.031791,-0.012305,-0.003248,0.056287,0.017908,-0.040312,-0.14638,0.009525,0.064514,-0.105744
-0.035427,0.166138,-0.012305,-0.003248,0.056287,0.017908,-0.040312,-0.14638,0.009525,0.064514,-0.105744,-0.007864
-0.03523,0.166138,-0.003248,0.056287,0.017908,-0.040312,-0.14638,0.009525,0.064514,-0.105744,-0.007864,0.022819
-0.033893,0.166138,0.056287,0.017908,-0.040312,-0.14638,0.009525,0.064514,-0.105744,-0.007864,0.022819,-0.017094
-0.036087,0.166138,0.017908,-0.040312,-0.14638,0.009525,0.064514,-0.105744,-0.007864,0.022819,-0.017094,0.051795
-0.03625,0.166138,-0.040312,-0.14638,0.009525,0.064514,-0.105744,-0.007864,0.022819,-0.017094,0.051795,0.016183
-0.035777,0.166138,-0.14638,0.009525,0.064514,-0.105744,-0.007864,0.022819,-0.017094,0.051795,0.016183,0.041469
-0.036131,0.166138,0.009525,0.064514,-0.105744,-0.007864,0.022819,-0.017094,0.051795,0.016183,0.041469,-0.088288
-0.035056,0.166138,0.064514,-0.105744,-0.007864,0.022819,-0.017094,0.051795,0.016183,0.041469,-0.088288,0.005324
-0.034721,0.166138,-0.105744,-0.007864,0.022819,-0.017094,0.051795,0.016183,0.041469,-0.088288,0.005324,-0.036315
-0.033862,0.166138,-0.007864,0.022819,-0.017094,0.051795,0.016183,0.041469,-0.088288,0.005324,-0.036315,0.007678
-0.035689,0.166138,0.022819,-0.017094,0.051795,0.016183,0.041469,-0.088288,0.005324,-0.036315,0.007678,0.011737
-0.035579,0.166138,-0.017094,0.051795,0.016183,0.041469,-0.088288,0.005324,-0.036315,0.007678,0.011737,-0.001021
-0.036333,0.166138,0.051795,0.016183,0.041469,-0.088288,0.005324,-0.036315,0.007678,0.011737,-0.001021,-0.015678
-0.036174,0.166138,0.016183,0.041469,-0.088288,0.005324,-0.036315,0.007678,0.011737,-0.001021,-0.015678,0.061588
-0.03593,0.166138,0.041469,-0.088288,0.005324,-0.036315,0.007678,0.011737,-0.001021,-0.015678,0.061588,0.016188
-0.035951,0.166656,-0.088288,0.005324,-0.036315,0.007678,0.011737,-0.001021,-0.015678,0.061588,0.016188,0.044303
-0.036276,0.166656,0.005324,-0.036315,0.007678,0.011737,-0.001021,-0.015678,0.061588,0.016188,0.044303,-0.105162
-0.034998,0.166656,-0.036315,0.007678,0.011737,-0.001021,-0.015678,0.061588,0.016188,0.044303,-0.105162,0.043218
-0.034662,0.166656,0.007678,0.011737,-0.001021,-0.015678,0.061588,0.016188,0.044303,-0.105162,0.043218,0.11527
-0.033745,0.166656,0.011737,-0.001021,-0.015678,0.061588,0.016188,0.044303,-0.105162,0.043218,0.11527,-0.078018
-0.035922,0.166656,-0.001021,-0.015678,0.061588,0.016188,0.044303,-0.105162,0.043218,0.11527,-0.078018,-0.083641
-0.035027,0.166656,-0.015678,0.061588,0.016188,0.044303,-0.105162,0.043218,0.11527,-0.078018,-0.083641,-0.026248
-0.032639,0.166656,0.061588,0.016188,0.044303,-0.105162,0.043218,0.11527,-0.078018,-0.083641,-0.026248,0.016549
-0.034255,0.166656,0.016188,0.044303,-0.105162,0.043218,0.11527,-0.078018,-0.083641,-0.026248,0.016549,0.044785
-0.035988,0.166656,0.044303,-0.105162,0.043218,0.11527,-0.078018,-0.083641,-0.026248,0.016549,0.044785,-0.046812
-0.036532,0.166656,-0.105162,0.043218,0.11527,-0.078018,-0.083641,-0.026248,0.016549,0.044785,-0.046812,0.004726
-0.036189,0.166656,0.043218,0.11527,-0.078018,-0.083641,-0.026248,0.016549,0.044785,-0.046812,0.004726,-0.115562
-0.03526,0.166382,0.11527,-0.078018,-0.083641,-0.026248,0.016549,0.044785,-0.046812,0.004726,-0.115562,0.026286
-0.036232,0.166382,-0.078018,-0.083641,-0.026248,0.016549,0.044785,-0.046812,0.004726,-0.115562,0.026286,0.094867
-0.036133,0.166382,-0.083641,-0.026248,0.016549,0.044785,-0.046812,0.004726,-0.115562,0.026286,0.094867,0.011894
-0.038532,0.166382,-0.026248,0.016549,0.044785,-0.046812,0.004726,-0.115562,0.026286,0.094867,0.011894,-0.009252
-0.037986,0.166382,0.016549,0.044785,-0.046812,0.004726,-0.115562,0.026286,0.094867,0.011894,-0.009252,0.003188
-0.036014,0.166382,0.044785,-0.046812,0.004726,-0.115562,0.026286,0.094867,0.011894,-0.009252,0.003188,-0.014282
-0.035767,0.166382,-0.046812,0.004726,-0.115562,0.026286,0.094867,0.011894,-0.009252,0.003188,-0.014282,0.053184
-0.035959,0.166382,0.004726,-0.115562,0.026286,0.094867,0.011894,-0.009252,0.003188,-0.014282,0.053184,0.028814
-0.035893,0.166382,-0.115562,0.026286,0.094867,0.011894,-0.009252,0.003188,-0.014282,0.053184,0.028814,0.044342
-0.036189,0.166382,0.026286,0.094867,0.011894,-0.009252,0.003188,-0.014282,0.053184,0.028814,0.044342,-0.092581
-0.035085,0.166382,0.094867,0.011894,-0.009252,0.003188,-0.014282,0.053184,0.028814,0.044342,-0.092581,0.029191
-0.034488,0.166382,0.011894,-0.009252,0.003188,-0.014282,0.053184,0.028814,0.044342,-0.092581,0.029191,0.109662
-0.03357,0.166382,-0.009252,0.003188,-0.014282,0.053184,0.028814,0.044342,-0.092581,0.029191,0.109662,0.010772
-0.035486,0.166382,0.003188,-0.014282,0.053184,0.028814,0.044342,-0.092581,0.029191,0.109662,0.010772,-0.079777
-0.034881,0.166382,-0.014282,0.053184,0.028814,0.044342,-0.092581,0.029191,0.109662,0.010772,-0.079777,-0.086838
-0.03261,0.166382,0.053184,0.028814,0.044342,-0.092581,0.029191,0.109662,0.010772,-0.079777,-0.086838,-0.038079
-0.032387,0.166382,0.028814,0.044342,-0.092581,0.029191,0.109662,0.010772,-0.079777,-0.086838,-0.038079,0.068544
-0.034037,0.166382,0.044342,-0.092581,0.029191,0.109662,0.010772,-0.079777,-0.086838,-0.038079,0.068544,0.037225
-0.035835,0.166382,-0.092581,0.029191,0.109662,0.010772,-0.079777,-0.086838,-0.038079,0.068544,0.037225,0.041529
-0.036625,0.166382,0.029191,0.109662,0.010772,-0.079777,-0.086838,-0.038079,0.068544,0.037225,0.041529,-0.088365
-0.035202,0.166382,0.109662,0.010772,-0.079777,-0.086838,-0.038079,0.068544,0.037225,0.041529,-0.088365,0.041861
-0.034429,0.166382,0.010772,-0.079777,-0.086838,-0.038079,0.068544,0.037225,0.041529,-0.088365,0.041861,0.106927
-0.03357,0.166382,-0.079777,-0.086838,-0.038079,0.068544,0.037225,0.041529,-0.088365,0.041861,0.106927,-0.009003
-0.035398,0.166382,-0.086838,-0.038079,0.068544,0.037225,0.041529,-0.088365,0.041861,0.106927,-0.009003,-0.020465
-0.034531,0.166382,-0.038079,0.068544,0.037225,0.041529,-0.088365,0.041861,0.106927,-0.009003,-0.020465,0.001855
-0.032317,0.166382,0.068544,0.037225,0.041529,-0.088365,0.041861,0.106927,-0.009003,-0.020465,0.001855,-0.042802
-0.032504,0.165985,0.037225,0.041529,-0.088365,0.041861,0.106927,-0.009003,-0.020465,0.001855,-0.042802,-0.05629
-0.032927,0.165985,0.041529,-0.088365,0.041861,0.106927,-0.009003,-0.020465,0.001855,-0.042802,-0.05629,0.004971
-0.032888,0.165985,-0.088365,0.041861,0.106927,-0.009003,-0.020465,0.001855,-0.042802,-0.05629,0.004971,0.072496
-0.033773,0.165985,0.041861,0.106927,-0.009003,-0.020465,0.001855,-0.042802,-0.05629,0.004971,0.072496,-0.099667
-0.03494,0.165985,0.106927,-0.009003,-0.020465,0.001855,-0.042802,-0.05629,0.004971,0.072496,-0.099667,0.032011
-0.034837,0.165985,-0.009003,-0.020465,0.001855,-0.042802,-0.05629,0.004971,0.072496,-0.099667,0.032011,0.099816
-0.033336,0.165985,-0.020465,0.001855,-0.042802,-0.05629,0.004971,0.072496,-0.099667,0.032011,0.099816,0.000877
-0.035398,0.165985,0.001855,-0.042802,-0.05629,0.004971,0.072496,-0.099667,0.032011,0.099816,0.000877,-0.023291
-0.034735,0.165985,-0.042802,-0.05629,0.004971,0.072496,-0.099667,0.032011,0.099816,0.000877,-0.023291,0.004678
-0.032668,0.165985,-0.05629,0.004971,0.072496,-0.099667,0.032011,0.099816,0.000877,-0.023291,0.004678,-0.008901
-0.03265,0.165985,0.004971,0.072496,-0.099667,0.032011,0.099816,0.000877,-0.023291,0.004678,-0.008901,0.077499
-0.033131,0.165985,0.072496,-0.099667,0.032011,0.099816,0.000877,-0.023291,0.004678,-0.008901,0.077499,0.01652
-0.033035,0.166138,-0.099667,0.032011,0.099816,0.000877,-0.023291,0.004678,-0.008901,0.077499,0.01652,0.033584
-0.033219,0.166138,0.032011,0.099816,0.000877,-0.023291,0.004678,-0.008901,0.077499,0.01652,0.033584,-0.108973
-0.031616,0.166138,0.099816,0.000877,-0.023291,0.004678,-0.008901,0.077499,0.01652,0.033584,-0.108973,0.022219
-0.031274,0.166138,0.000877,-0.023291,0.004678,-0.008901,0.077499,0.01652,0.033584,-0.108973,0.022219,0.121705
-0.030581,0.166138,-0.023291,0.004678,-0.008901,0.077499,0.01652,0.033584,-0.108973,0.022219,0.121705,-0.072888
-0.03283,0.166138,0.004678,-0.008901,0.077499,0.01652,0.033584,-0.108973,0.022219,0.121705,-0.072888,-0.074309
-0.032371,0.166138,-0.008901,0.077499,0.01652,0.033584,-0.108973,0.022219,0.121705,-0.072888,-0.074309,-0.025037
-0.029857,0.166138,0.077499,0.01652,0.033584,-0.108973,0.022219,0.121705,-0.072888,-0.074309,-0.025037,0.005246
-0.031362,0.166138,0.01652,0.033584,-0.108973,0.022219,0.121705,-0.072888,-0.074309,-0.025037,0.005246,0.046379
-0.032897,0.166138,0.033584,-0.108973,0.022219,0.121705,-0.072888,-0.074309,-0.025037,0.005246,0.046379,0.013616
-0.033415,0.166138,-0.108973,0.022219,0.121705,-0.072888,-0.074309,-0.025037,0.005246,0.046379,0.013616,0.053365
-0.033306,0.166138,0.022219,0.121705,-0.072888,-0.074309,-0.025037,0.005246,0.046379,0.013616,0.053365,-0.107442
-0.032347,0.166138,0.121705,-0.072888,-0.074309,-0.025037,0.005246,0.046379,0.013616,0.053365,-0.107442,0.033539
-0.032065,0.166138,-0.072888,-0.074309,-0.025037,0.005246,0.046379,0.013616,0.053365,-0.107442,0.033539,0.101763
-0.030963,0.166138,-0.074309,-0.025037,0.005246,0.046379,0.013616,0.053365,-0.107442,0.033539,0.101763,0.010951
-0.033181,0.166138,-0.025037,0.005246,0.046379,0.013616,0.053365,-0.107442,0.033539,0.101763,0.010951,-0.02474
-0.032488,0.166138,0.005246,0.046379,0.013616,0.053365,-0.107442,0.033539,0.101763,0.010951,-0.02474,-0.000951
-0.030385,0.166138,0.046379,0.013616,0.053365,-0.107442,0.033539,0.101763,0.010951,-0.02474,-0.000951,-0.019038
-0.030159,0.166138,0.013616,0.053365,-0.107442,0.033539,0.101763,0.010951,-0.02474,-0.000951,-0.019038,0.059332
-0.030669,0.166138,0.053365,-0.107442,0.033539,0.101763,0.010951,-0.02474,-0.000951,-0.019038,0.059332,0.009568
-0.030689,0.166138,-0.107442,0.033539,0.101763,0.010951,-0.02474,-0.000951,-0.019038,0.059332,0.009568,0.058214
-0.031082,0.166138,0.033539,0.101763,0.010951,-0.02474,-0.000951,-0.019038,0.059332,0.009568,0.058214,-0.111079
-0.029857,0.166138,0.101763,0.010951,-0.02474,-0.000951,-0.019038,0.059332,0.009568,0.058214,-0.111079,0.033666
-0.029659,0.166138,0.010951,-0.02474,-0.000951,-0.019038,0.059332,0.009568,0.058214,-0.111079,0.033666,0.108075
-0.02846,0.166138,-0.02474,-0.000951,-0.019038,0.059332,0.009568,0.058214,-0.111079,0.033666,0.108075,0.001122
-0.030748,0.166138,-0.000951,-0.019038,0.059332,0.009568,0.058214,-0.111079,0.033666,0.108075,0.001122,-0.044852
-0.030054,0.16626,-0.019038,0.059332,0.009568,0.058214,-0.111079,0.033666,0.108075,0.001122,-0.044852,-0.005221
-0.027826,0.16626,0.059332,0.009568,0.058214,-0.111079,0.033666,0.108075,0.001122,-0.044852,-0.005221,-0.042116
-0.027803,0.16626,0.009568,0.058214,-0.111079,0.033666,0.108075,0.001122,-0.044852,-0.005221,-0.042116,-0.050218
-0.028726,0.16626,0.058214,-0.111079,0.033666,0.108075,0.001122,-0.044852,-0.005221,-0.042116,-0.050218,0.022298
-0.028833,0.16626,-0.111079,0.033666,0.108075,0.001122,-0.044852,-0.005221,-0.042116,-0.050218,0.022298,0.055198
-0.029701,0.16626,0.033666,0.108075,0.001122,-0.044852,-0.005221,-0.042116,-0.050218,0.022298,0.055198,-0.083802
-0.030737,0.16626,0.108075,0.001122,-0.044852,-0.005221,-0.042116,-0.050218,0.022298,0.055198,-0.083802,0.035092
-0.030277,0.16626,0.001122,-0.044852,-0.005221,-0.042116,-0.050218,0.022298,0.055198,-0.083802,0.035092,0.08944
-0.029139,0.16626,-0.044852,-0.005221,-0.042116,-0.050218,0.022298,0.055198,-0.083802,0.035092,0.08944,-0.003195
-0.030865,0.16626,-0.005221,-0.042116,-0.050218,0.022298,0.055198,-0.083802,0.035092,0.08944,-0.003195,-0.040516
-0.030142,0.16626,-0.042116,-0.050218,0.022298,0.055198,-0.083802,0.035092,0.08944,-0.003195,-0.040516,-0.042411
-0.028298,0.16626,-0.050218,0.022298,0.055198,-0.083802,0.035092,0.08944,-0.003195,-0.040516,-0.042411,-0.08594
-0.028364,0.16626,0.022298,0.055198,-0.083802,0.035092,0.08944,-0.003195,-0.040516,-0.042411,-0.08594,0.033706
-0.029198,0.165863,0.055198,-0.083802,0.035092,0.08944,-0.003195,-0.040516,-0.042411,-0.08594,0.033706,0.046424
-0.030071,0.165863,-0.083802,0.035092,0.08944,-0.003195,-0.040516,-0.042411,-0.08594,0.033706,0.046424,0.030905
-0.031844,0.165863,0.035092,0.08944,-0.003195,-0.040516,-0.042411,-0.08594,0.033706,0.046424,0.030905,-0.099356
-0.031147,0.165863,0.08944,-0.003195,-0.040516,-0.042411,-0.08594,0.033706,0.046424,0.030905,-0.099356,0.042164
-0.030188,0.165863,-0.003195,-0.040516,-0.042411,-0.08594,0.033706,0.046424,0.030905,-0.099356,0.042164,0.08933
-0.029551,0.165863,-0.040516,-0.042411,-0.08594,0.033706,0.046424,0.030905,-0.099356,0.042164,0.08933,-0.004654
-0.031599,0.165863,-0.042411,-0.08594,0.033706,0.046424,0.030905,-0.099356,0.042164,0.08933,-0.004654,-0.011885
-0.030729,0.165863,-0.08594,0.033706,0.046424,0.030905,-0.099356,0.042164,0.08933,-0.004654,-0.011885,-0.008085
-0.028887,0.165863,0.033706,0.046424,0.030905,-0.099356,0.042164,0.08933,-0.004654,-0.011885,-0.008085,-0.0049
-0.028983,0.165863,0.046424,0.030905,-0.099356,0.042164,0.08933,-0.004654,-0.011885,-0.008085,-0.0049,0.053787
-0.029227,0.165863,0.030905,-0.099356,0.042164,0.08933,-0.004654,-0.011885,-0.008085,-0.0049,0.053787,0.011107
-0.029394,0.165863,-0.099356,0.042164,0.08933,-0.004654,-0.011885,-0.008085,-0.0049,0.053787,0.011107,0.031227
-0.029495,0.165863,0.042164,0.08933,-0.004654,-0.011885,-0.008085,-0.0049,0.053787,0.011107,0.031227,-0.099944
-0.028386,0.165863,0.08933,-0.004654,-0.011885,-0.008085,-0.0049,0.053787,0.011107,0.031227,-0.099944,0.039461
-0.028157,0.165863,-0.004654,-0.011885,-0.008085,-0.0049,0.053787,0.011107,0.031227,-0.099944,0.039461,0.104095
-0.027515,0.165863,-0.011885,-0.008085,-0.0049,0.053787,0.011107,0.031227,-0.099944,0.039461,0.104095,0.00406
-0.029571,0.165863,-0.008085,-0.0049,0.053787,0.011107,0.031227,-0.099944,0.039461,0.104095,0.00406,-0.059323
-0.028758,0.165863,-0.0049,0.053787,0.011107,0.031227,-0.099944,0.039461,0.104095,0.00406,-0.059323,0.001968
-0.026616,0.165863,0.053787,0.011107,0.031227,-0.099944,0.039461,0.104095,0.00406,-0.059323,0.001968,-0.010743
-0.026532,0.165863,0.011107,0.031227,-0.099944,0.039461,0.104095,0.00406,-0.059323,0.001968,-0.010743,0.049608
-0.027751,0.165863,0.031227,-0.099944,0.039461,0.104095,0.00406,-0.059323,0.001968,-0.010743,0.049608,0.015544
-0.027711,0.165863,-0.099944,0.039461,0.104095,0.00406,-0.059323,0.001968,-0.010743,0.049608,0.015544,0.037263
-0.027932,0.165863,0.039461,0.104095,0.00406,-0.059323,0.001968,-0.010743,0.049608,0.015544,0.037263,-0.10188
-0.026911,0.165863,0.104095,0.00406,-0.059323,0.001968,-0.010743,0.049608,0.015544,0.037263,-0.10188,0.035266
-0.026591,0.165863,0.00406,-0.059323,0.001968,-0.010743,0.049608,0.015544,0.037263,-0.10188,0.035266,0.103033
-0.025826,0.1651,-0.059323,0.001968,-0.010743,0.049608,0.015544,0.037263,-0.10188,0.035266,0.103033,-0.021859
-0.027918,0.1651,0.001968,-0.010743,0.049608,0.015544,0.037263,-0.10188,0.035266,0.103033,-0.021859,-0.033474
-0.027193,0.1651,-0.010743,0.049608,0.015544,0.037263,-0.10188,0.035266,0.103033,-0.021859,-0.033474,-0.002324
-0.025076,0.1651,0.049608,0.015544,0.037263,-0.10188,0.035266,0.103033,-0.021859,-0.033474,-0.002324,-0.009431
-0.025525,0.1651,0.015544,0.037263,-0.10188,0.035266,0.103033,-0.021859,-0.033474,-0.002324,-0.009431,0.052608
-0.026212,0.1651,0.037263,-0.10188,0.035266,0.103033,-0.021859,-0.033474,-0.002324,-0.009431,0.052608,0.017142
-0.02626,0.1651,-0.10188,0.035266,0.103033,-0.021859,-0.033474,-0.002324,-0.009431,0.052608,0.017142,0.040444
-0.026453,0.1651,0.035266,0.103033,-0.021859,-0.033474,-0.002324,-0.009431,0.052608,0.017142,0.040444,-0.11248
-0.025372,0.1651,0.103033,-0.021859,-0.033474,-0.002324,-0.009431,0.052608,0.017142,0.040444,-0.11248,0.035349
-0.02502,0.1651,-0.021859,-0.033474,-0.002324,-0.009431,0.052608,0.017142,0.040444,-0.11248,0.035349,0.090323
-0.024191,0.1651,-0.033474,-0.002324,-0.009431,0.052608,0.017142,0.040444,-0.11248,0.035349,0.090323,0.007123
-0.026497,0.1651,-0.002324,-0.009431,0.052608,0.017142,0.040444,-0.11248,0.035349,0.090323,0.007123,-0.032093
-0.025771,0.166138,-0.009431,0.052608,0.017142,0.040444,-0.11248,0.035349,0.090323,0.007123,-0.032093,-0.003767
-0.023918,0.166138,0.052608,0.017142,0.040444,-0.11248,0.035349,0.090323,0.007123,-0.032093,-0.003767,-0.008114
-0.023772,0.166138,0.017142,0.040444,-0.11248,0.035349,0.090323,0.007123,-0.032093,-0.003767,-0.008114,0.022309
-0.024429,0.166138,0.040444,-0.11248,0.035349,0.090323,0.007123,-0.032093,-0.003767,-0.008114,0.022309,-0.177434
-0.024506,0.166138,-0.11248,0.035349,0.090323,0.007123,-0.032093,-0.003767,-0.008114,0.022309,-0.177434,-0.000368
-0.024673,0.166138,0.035349,0.090323,0.007123,-0.032093,-0.003767,-0.008114,0.022309,-0.177434,-0.000368,-0.122695
-0.024215,0.166138,0.090323,0.007123,-0.032093,-0.003767,-0.008114,0.022309,-0.177434,-0.000368,-0.122695,0.043686
-0.027862,0.166138,0.007123,-0.032093,-0.003767,-0.008114,0.022309,-0.177434,-0.000368,-0.122695,0.043686,0.111092
-0.02787,0.166138,-0.032093,-0.003767,-0.008114,0.022309,-0.177434,-0.000368,-0.122695,0.043686,0.111092,-0.007465
-0.030395,0.166138,-0.003767,-0.008114,0.022309,-0.177434,-0.000368,-0.122695,0.043686,0.111092,-0.007465,-0.011841
-0.029495,0.166138,-0.008114,0.022309,-0.177434,-0.000368,-0.122695,0.043686,0.111092,-0.007465,-0.011841,0.000535
-0.027206,0.166138,0.022309,-0.177434,-0.000368,-0.122695,0.043686,0.111092,-0.007465,-0.011841,0.000535,-0.048072
-0.02736,0.166138,-0.177434,-0.000368,-0.122695,0.043686,0.111092,-0.007465,-0.011841,0.000535,-0.048072,-0.071835
-0.027604,0.166138,-0.000368,-0.122695,0.043686,0.111092,-0.007465,-0.011841,0.000535,-0.048072,-0.071835,0.026653
-0.027593,0.166138,-0.122695,0.043686,0.111092,-0.007465,-0.011841,0.000535,-0.048072,-0.071835,0.026653,0.059686
-0.028581,0.166138,0.043686,0.111092,-0.007465,-0.011841,0.000535,-0.048072,-0.071835,0.026653,0.059686,-0.092582
-0.030062,0.166138,0.111092,-0.007465,-0.011841,0.000535,-0.048072,-0.071835,0.026653,0.059686,-0.092582,0.010844
-0.029512,0.166138,-0.007465,-0.011841,0.000535,-0.048072,-0.071835,0.026653,0.059686,-0.092582,0.010844,-0.038804
-0.028283,0.166138,-0.011841,0.000535,-0.048072,-0.071835,0.026653,0.059686,-0.092582,0.010844,-0.038804,-0.072729
-0.030189,0.166138,0.000535,-0.048072,-0.071835,0.026653,0.059686,-0.092582,0.010844,-0.038804,-0.072729,-0.048745
-0.029965,0.166138,-0.048072,-0.071835,0.026653,0.059686,-0.092582,0.010844,-0.038804,-0.072729,-0.048745,-0.025015
-0.030766,0.166138,-0.071835,0.026653,0.059686,-0.092582,0.010844,-0.038804,-0.072729,-0.048745,-0.025015,-0.034193
-0.03227,0.166138,0.026653,0.059686,-0.092582,0.010844,-0.038804,-0.072729,-0.048745,-0.025015,-0.034193,-0.063094
-0.033278,0.166138,0.059686,-0.092582,0.010844,-0.038804,-0.072729,-0.048745,-0.025015,-0.034193,-0.063094,0.023114
-0.033795,0.166138,-0.092582,0.010844,-0.038804,-0.072729,-0.048745,-0.025015,-0.034193,-0.063094,0.023114,0.072353
-0.034502,0.166138,0.010844,-0.038804,-0.072729,-0.048745,-0.025015,-0.034193,-0.063094,0.023114,0.072353,-0.09391
-0.035811,0.165344,-0.038804,-0.072729,-0.048745,-0.025015,-0.034193,-0.063094,0.023114,0.072353,-0.09391,0.039016
-0.035331,0.165344,-0.072729,-0.048745,-0.025015,-0.034193,-0.063094,0.023114,0.072353,-0.09391,0.039016,0.099765
-0.033833,0.165344,-0.048745,-0.025015,-0.034193,-0.063094,0.023114,0.072353,-0.09391,0.039016,0.099765,-0.001962
-0.035777,0.165344,-0.025015,-0.034193,-0.063094,0.023114,0.072353,-0.09391,0.039016,0.099765,-0.001962,-0.023284
-0.034968,0.165344,-0.034193,-0.063094,0.023114,0.072353,-0.09391,0.039016,0.099765,-0.001962,-0.023284,-0.010888
-0.032901,0.165344,-0.063094,0.023114,0.072353,-0.09391,0.039016,0.099765,-0.001962,-0.023284,-0.010888,-0.001798
-0.032942,0.165344,0.023114,0.072353,-0.09391,0.039016,0.099765,-0.001962,-0.023284,-0.010888,-0.001798,0.073188
-0.033424,0.165344,0.072353,-0.09391,0.039016,0.099765,-0.001962,-0.023284,-0.010888,-0.001798,0.073188,-0.061211
-0.033649,0.165344,-0.09391,0.039016,0.099765,-0.001962,-0.023284,-0.010888,-0.001798,0.073188,-0.061211,0.003532
-0.033686,0.165344,0.039016,0.099765,-0.001962,-0.023284,-0.010888,-0.001798,0.073188,-0.061211,0.003532,-0.148761
-0.032171,0.165344,0.099765,-0.001962,-0.023284,-0.010888,-0.001798,0.073188,-0.061211,0.003532,-0.148761,0.038961
-0.033438,0.165344,-0.001962,-0.023284,-0.010888,-0.001798,0.073188,-0.061211,0.003532,-0.148761,0.038961,0.101016
-0.033365,0.164551,-0.023284,-0.010888,-0.001798,0.073188,-0.061211,0.003532,-0.148761,0.038961,0.101016,0.003654
-0.036445,0.164551,-0.010888,-0.001798,0.073188,-0.061211,0.003532,-0.148761,0.038961,0.101016,0.003654,-0.030336
-0.035637,0.164551,-0.001798,0.073188,-0.061211,0.003532,-0.148761,0.038961,0.101016,0.003654,-0.030336,0.011705
-0.033543,0.164551,0.073188,-0.061211,0.003532,-0.148761,0.038961,0.101016,0.003654,-0.030336,0.011705,-0.00743
-0.033467,0.164551,-0.061211,0.003532,-0.148761,0.038961,0.101016,0.003654,-0.030336,0.011705,-0.00743,0.01395
-0.034095,0.164551,0.003532,-0.148761,0.038961,0.101016,0.003654,-0.030336,0.011705,-0.00743,0.01395,-0.09181
-0.033853,0.164551,-0.148761,0.038961,0.101016,0.003654,-0.030336,0.011705,-0.00743,0.01395,-0.09181,0.03568
-0.034007,0.164551,0.038961,0.101016,0.003654,-0.030336,0.011705,-0.00743,0.01395,-0.09181,0.03568,-0.079629
-0.033718,0.164551,0.101016,0.003654,-0.030336,0.011705,-0.00743,0.01395,-0.09181,0.03568,-0.079629,0.05018
-0.035622,0.164551,0.003654,-0.030336,0.011705,-0.00743,0.01395,-0.09181,0.03568,-0.079629,0.05018,0.106683
-0.034882,0.164551,-0.030336,0.011705,-0.00743,0.01395,-0.09181,0.03568,-0.079629,0.05018,0.106683,0.005077
-0.036532,0.164551,0.011705,-0.00743,0.01395,-0.09181,0.03568,-0.079629,0.05018,0.106683,0.005077,-0.030345
-0.035492,0.164551,-0.00743,0.01395,-0.09181,0.03568,-0.079629,0.05018,0.106683,0.005077,-0.030345,-0.010872
-0.033281,0.164551,0.01395,-0.09181,0.03568,-0.079629,0.05018,0.106683,0.005077,-0.030345,-0.010872,-0.048217
-0.033176,0.164551,-0.09181,0.03568,-0.079629,0.05018,0.106683,0.005077,-0.030345,-0.010872,-0.048217,-0.054575
-0.033803,0.164551,0.03568,-0.079629,0.05018,0.106683,0.005077,-0.030345,-0.010872,-0.048217,-0.054575,0.017477
-0.034028,0.164551,-0.079629,0.05018,0.106683,0.005077,-0.030345,-0.010872,-0.048217,-0.054575,0.017477,0.076445
-0.035027,0.164551,0.05018,0.106683,0.005077,-0.030345,-0.010872,-0.048217,-0.054575,0.017477,0.076445,-0.095204
-0.036159,0.164551,0.106683,0.005077,-0.030345,-0.010872,-0.048217,-0.054575,0.017477,0.076445,-0.095204,0.003936
-0.035796,0.164551,0.005077,-0.030345,-0.010872,-0.048217,-0.054575,0.017477,0.076445,-0.095204,0.003936,-0.030643
-0.034212,0.164551,-0.030345,-0.010872,-0.048217,-0.054575,0.017477,0.076445,-0.095204,0.003936,-0.030643,0.00486
-0.036184,0.164551,-0.010872,-0.048217,-0.054575,0.017477,0.076445,-0.095204,0.003936,-0.030643,0.00486,-0.052543
-0.036102,0.164551,-0.048217,-0.054575,0.017477,0.076445,-0.095204,0.003936,-0.030643,0.00486,-0.052543,-0.144069
-0.036739,0.164551,-0.054575,0.017477,0.076445,-0.095204,0.003936,-0.030643,0.00486,-0.052543,-0.144069,-0.099094
-0.036638,0.164551,0.017477,0.076445,-0.095204,0.003936,-0.030643,0.00486,-0.052543,-0.144069,-0.099094,0.056721
-0.037729,0.164307,0.076445,-0.095204,0.003936,-0.030643,0.00486,-0.052543,-0.144069,-0.099094,0.056721,0.062367
-0.040725,0.164307,-0.095204,0.003936,-0.030643,0.00486,-0.052543,-0.144069,-0.099094,0.056721,0.062367,0.032091
-0.042792,0.164307,0.003936,-0.030643,0.00486,-0.052543,-0.144069,-0.099094,0.056721,0.062367,0.032091,-0.086807
-0.041607,0.164307,-0.030643,0.00486,-0.052543,-0.144069,-0.099094,0.056721,0.062367,0.032091,-0.086807,0.049654
-0.040305,0.164307,0.00486,-0.052543,-0.144069,-0.099094,0.056721,0.062367,0.032091,-0.086807,0.049654,0.109594
-0.039636,0.164307,-0.052543,-0.144069,-0.099094,0.056721,0.062367,0.032091,-0.086807,0.049654,0.109594,-0.011881
-0.041444,0.164307,-0.144069,-0.099094,0.056721,0.062367,0.032091,-0.086807,0.049654,0.109594,-0.011881,-0.021843
-0.040409,0.164307,-0.099094,0.056721,0.062367,0.032091,-0.086807,0.049654,0.109594,-0.011881,-0.021843,0.003108
-0.038126,0.164307,0.056721,0.062367,0.032091,-0.086807,0.049654,0.109594,-0.011881,-0.021843,0.003108,0.012369
-0.038374,0.164307,0.062367,0.032091,-0.086807,0.049654,0.109594,-0.011881,-0.021843,0.003108,0.012369,0.052982
-0.038828,0.164307,0.032091,-0.086807,0.049654,0.109594,-0.011881,-0.021843,0.003108,0.012369,0.052982,0.008993
-0.038763,0.164307,-0.086807,0.049654,0.109594,-0.011881,-0.021843,0.003108,0.012369,0.052982,0.008993,0.045194
-0.038506,0.165222,0.049654,0.109594,-0.011881,-0.021843,0.003108,0.012369,0.052982,0.008993,0.045194,-0.109945
-0.037404,0.165222,0.109594,-0.011881,-0.021843,0.003108,0.012369,0.052982,0.008993,0.045194,-0.109945,0.027676
-0.037217,0.165222,-0.011881,-0.021843,0.003108,0.012369,0.052982,0.008993,0.045194,-0.109945,0.027676,0.093471
-0.036279,0.165222,-0.021843,0.003108,0.012369,0.052982,0.008993,0.045194,-0.109945,0.027676,0.093471,0.002108
-0.038561,0.165222,0.003108,0.012369,0.052982,0.008993,0.045194,-0.109945,0.027676,0.093471,0.002108,-0.06796
-0.037986,0.165222,0.012369,0.052982,0.008993,0.045194,-0.109945,0.027676,0.093471,0.002108,-0.06796,-0.079044
-0.036043,0.165222,0.052982,0.008993,0.045194,-0.109945,0.027676,0.093471,0.002108,-0.06796,-0.079044,-0.031997
-0.035999,0.165222,0.008993,0.045194,-0.109945,0.027676,0.093471,0.002108,-0.06796,-0.079044,-0.031997,0.072282
-0.03741,0.165222,0.045194,-0.109945,0.027676,0.093471,0.002108,-0.06796,-0.079044,-0.031997,0.072282,0.024215
-0.039052,0.165222,-0.109945,0.027676,0.093471,0.002108,-0.06796,-0.079044,-0.031997,0.072282,0.024215,-0.026023
-0.039718,0.165222,0.027676,0.093471,0.002108,-0.06796,-0.079044,-0.031997,0.072282,0.024215,-0.026023,-0.163148
-0.038213,0.165222,0.093471,0.002108,-0.06796,-0.079044,-0.031997,0.072282,0.024215,-0.026023,-0.163148,-0.131549
-0.037709,0.165222,0.002108,-0.06796,-0.079044,-0.031997,0.072282,0.024215,-0.026023,-0.163148,-0.131549,0.108539
-0.03825,0.165222,-0.06796,-0.079044,-0.031997,0.072282,0.024215,-0.026023,-0.163148,-0.131549,0.108539,0.025114
-0.041645,0.165222,-0.079044,-0.031997,0.072282,0.024215,-0.026023,-0.163148,-0.131549,0.108539,0.025114,-0.00119
-0.044393,0.165222,-0.031997,0.072282,0.024215,-0.026023,-0.163148,-0.131549,0.108539,0.025114,-0.00119,0.004415
-0.042122,0.165222,0.072282,0.024215,-0.026023,-0.163148,-0.131549,0.108539,0.025114,-0.00119,0.004415,0.004133
-0.041598,0.165222,0.024215,-0.026023,-0.163148,-0.131549,0.108539,0.025114,-0.00119,0.004415,0.004133,0.014194
-0.041622,0.165222,-0.026023,-0.163148,-0.131549,0.108539,0.025114,-0.00119,0.004415,0.004133,0.014194,-0.107815
-0.04153,0.165222,-0.163148,-0.131549,0.108539,0.025114,-0.00119,0.004415,0.004133,0.014194,-0.107815,0.027481
-0.041444,0.165222,-0.131549,0.108539,0.025114,-0.00119,0.004415,0.004133,0.014194,-0.107815,0.027481,-0.086001
-0.041148,0.165222,0.108539,0.025114,-0.00119,0.004415,0.004133,0.014194,-0.107815,0.027481,-0.086001,-0.078728
-0.043402,0.165222,0.025114,-0.00119,0.004415,0.004133,0.014194,-0.107815,0.027481,-0.086001,-0.078728,0.067233
-0.042827,0.165222,-0.00119,0.004415,0.004133,0.014194,-0.107815,0.027481,-0.086001,-0.078728,0.067233,-0.112138
-0.044624,0.165222,0.004415,0.004133,0.014194,-0.107815,0.027481,-0.086001,-0.078728,0.067233,-0.112138,-0.000155
-0.046273,0.1651,0.004133,0.014194,-0.107815,0.027481,-0.086001,-0.078728,0.067233,-0.112138,-0.000155,0.011018
-0.044863,0.1651,0.014194,-0.107815,0.027481,-0.086001,-0.078728,0.067233,-0.112138,-0.000155,0.011018,-0.006499
-0.047216,0.1651,-0.107815,0.027481,-0.086001,-0.078728,0.067233,-0.112138,-0.000155,0.011018,-0.006499,0.048159
-0.04722,0.1651,0.027481,-0.086001,-0.078728,0.067233,-0.112138,-0.000155,0.011018,-0.006499,0.048159,0.034111
-0.046989,0.1651,-0.086001,-0.078728,0.067233,-0.112138,-0.000155,0.011018,-0.006499,0.048159,0.034111,0.05857
-0.047125,0.1651,-0.078728,0.067233,-0.112138,-0.000155,0.011018,-0.006499,0.048159,0.034111,0.05857,-0.099256
-0.046114,0.1651,0.067233,-0.112138,-0.000155,0.011018,-0.006499,0.048159,0.034111,0.05857,-0.099256,0.038266
-0.045398,0.1651,-0.112138,-0.000155,0.011018,-0.006499,0.048159,0.034111,0.05857,-0.099256,0.038266,0.094602
-0.044172,0.1651,-0.000155,0.011018,-0.006499,0.048159,0.034111,0.05857,-0.099256,0.038266,0.094602,0.016746
-0.046249,0.1651,0.011018,-0.006499,0.048159,0.034111,0.05857,-0.099256,0.038266,0.094602,0.016746,-0.020443
-0.045448,0.1651,-0.006499,0.048159,0.034111,0.05857,-0.099256,0.038266,0.094602,0.016746,-0.020443,-0.013449
-0.043466,0.1651,0.048159,0.034111,0.05857,-0.099256,0.038266,0.094602,0.016746,-0.020443,-0.013449,-0.014916
-0.043116,0.163116,0.034111,0.05857,-0.099256,0.038266,0.094602,0.016746,-0.020443,-0.013449,-0.014916,0.056583
-0.043543,0.163116,0.05857,-0.099256,0.038266,0.094602,0.016746,-0.020443,-0.013449,-0.014916,0.056583,0.0209
-0.043824,0.163116,-0.099256,0.038266,0.094602,0.016746,-0.020443,-0.013449,-0.014916,0.056583,0.0209,-0.042367
-0.044136,0.163116,0.038266,0.094602,0.016746,-0.020443,-0.013449,-0.014916,0.056583,0.0209,-0.042367,-0.167408
-0.042952,0.163116,0.094602,0.016746,-0.020443,-0.013449,-0.014916,0.056583,0.0209,-0.042367,-0.167408,-0.131832
-0.042515,0.163116,0.016746,-0.020443,-0.013449,-0.014916,0.056583,0.0209,-0.042367,-0.167408,-0.131832,0.103107
-0.0434,0.163116,-0.020443,-0.013449,-0.014916,0.056583,0.0209,-0.042367,-0.167408,-0.131832,0.103107,0.04201
-0.046903,0.163116,-0.013449,-0.014916,0.056583,0.0209,-0.042367,-0.167408,-0.131832,0.103107,0.04201,-0.070426
-0.049672,0.163116,-0.014916,0.056583,0.0209,-0.042367,-0.167408,-0.131832,0.103107,0.04201,-0.070426,-0.079308
-0.047503,0.163116,0.056583,0.0209,-0.042367,-0.167408,-0.131832,0.103107,0.04201,-0.070426,-0.079308,-0.000944
-0.046621,0.163116,0.0209,-0.042367,-0.167408,-0.131832,0.103107,0.04201,-0.070426,-0.079308,-0.000944,0.064068
-0.048099,0.163116,-0.042367,-0.167408,-0.131832,0.103107,0.04201,-0.070426,-0.079308,-0.000944,0.064068,0.016253
-0.049765,0.163116,-0.167408,-0.131832,0.103107,0.04201,-0.070426,-0.079308,-0.000944,0.064068,0.016253,-0.023121
-0.049785,0.163116,-0.131832,0.103107,0.04201,-0.070426,-0.079308,-0.000944,0.064068,0.016253,-0.023121,-0.142109
-0.048436,0.163116,0.103107,0.04201,-0.070426,-0.079308,-0.000944,0.064068,0.016253,-0.023121,-0.142109,0.001819
-0.048095,0.163116,0.04201,-0.070426,-0.079308,-0.000944,0.064068,0.016253,-0.023121,-0.142109,0.001819,0.09327
-0.04858,0.163116,-0.070426,-0.079308,-0.000944,0.064068,0.016253,-0.023121,-0.142109,0.001819,0.09327,0.00408
-0.05157,0.163116,-0.079308,-0.000944,0.064068,0.016253,-0.023121,-0.142109,0.001819,0.09327,0.00408,-0.004324
-0.051531,0.163116,-0.000944,0.064068,0.016253,-0.023121,-0.142109,0.001819,0.09327,0.00408,-0.004324,0.008207
-0.049565,0.163116,0.064068,0.016253,-0.023121,-0.142109,0.001819,0.09327,0.00408,-0.004324,0.008207,-0.017073
-0.049479,0.163116,0.016253,-0.023121,-0.142109,0.001819,0.09327,0.00408,-0.004324,0.008207,-0.017073,0.04528
-0.04957,0.163116,-0.023121,-0.142109,0.001819,0.09327,0.00408,-0.004324,0.008207,-0.017073,0.04528,0.017561
-0.049398,0.163116,-0.142109,0.001819,0.09327,0.00408,-0.004324,0.008207,-0.017073,0.04528,0.017561,0.064584
-0.049757,0.163116,0.001819,0.09327,0.00408,-0.004324,0.008207,-0.017073,0.04528,0.017561,0.064584,-0.117229
-0.048804,0.161438,0.09327,0.00408,-0.004324,0.008207,-0.017073,0.04528,0.017561,0.064584,-0.117229,-0.101306
-0.048434,0.161438,0.00408,-0.004324,0.008207,-0.017073,0.04528,0.017561,0.064584,-0.117229,-0.101306,0.075851
-0.047078,0.161438,-0.004324,0.008207,-0.017073,0.04528,0.017561,0.064584,-0.117229,-0.101306,0.075851,0.029488
-0.049539,0.161438,0.008207,-0.017073,0.04528,0.017561,0.064584,-0.117229,-0.101306,0.075851,0.029488,-0.013719
-0.051672,0.161438,-0.017073,0.04528,0.017561,0.064584,-0.117229,-0.101306,0.075851,0.029488,-0.013719,-0.010607
-0.050072,0.161438,0.04528,0.017561,0.064584,-0.117229,-0.101306,0.075851,0.029488,-0.013719,-0.010607,-0.003613
-0.049451,0.161438,0.017561,0.064584,-0.117229,-0.101306,0.075851,0.029488,-0.013719,-0.010607,-0.003613,0.062697
-0.04974,0.161438,0.064584,-0.117229,-0.101306,0.075851,0.029488,-0.013719,-0.010607,-0.003613,0.062697,0.01219
-0.049963,0.161438,-0.117229,-0.101306,0.075851,0.029488,-0.013719,-0.010607,-0.003613,0.062697,0.01219,0.041592
-0.050039,0.161438,-0.101306,0.075851,0.029488,-0.013719,-0.010607,-0.003613,0.062697,0.01219,0.041592,-0.094217
-0.048719,0.162476,0.075851,0.029488,-0.013719,-0.010607,-0.003613,0.062697,0.01219,0.041592,-0.094217,0.043408
-0.048462,0.162476,0.029488,-0.013719,-0.010607,-0.003613,0.062697,0.01219,0.041592,-0.094217,0.043408,0.092552
-0.047589,0.162476,-0.013719,-0.010607,-0.003613,0.062697,0.01219,0.041592,-0.094217,0.043408,0.092552,-0.007912
-0.049567,0.162476,-0.010607,-0.003613,0.062697,0.01219,0.041592,-0.094217,0.043408,0.092552,-0.007912,-0.031248
-0.048655,0.162476,-0.003613,0.062697,0.01219,0.041592,-0.094217,0.043408,0.092552,-0.007912,-0.031248,0.009649
-0.04671,0.162476,0.062697,0.01219,0.041592,-0.094217,0.043408,0.092552,-0.007912,-0.031248,0.009649,-0.00918
-0.046876,0.162476,0.01219,0.041592,-0.094217,0.043408,0.092552,-0.007912,-0.031248,0.009649,-0.00918,0.041374
-0.047532,0.162476,0.041592,-0.094217,0.043408,0.092552,-0.007912,-0.031248,0.009649,-0.00918,0.041374,-0.056474
-0.047329,0.162476,-0.094217,0.043408,0.092552,-0.007912,-0.031248,0.009649,-0.00918,0.041374,-0.056474,0.001159
-0.047522,0.162476,0.043408,0.092552,-0.007912,-0.031248,0.009649,-0.00918,0.041374,-0.056474,0.001159,-0.112949
-0.046653,0.162476,0.092552,-0.007912,-0.031248,0.009649,-0.00918,0.041374,-0.056474,0.001159,-0.112949,0.044692
-0.04784,0.162476,-0.007912,-0.031248,0.009649,-0.00918,0.041374,-0.056474,0.001159,-0.112949,0.044692,0.084341
-0.047815,0.162476,-0.031248,0.009649,-0.00918,0.041374,-0.056474,0.001159,-0.112949,0.044692,0.084341,-0.046962
-0.050189,0.162476,0.009649,-0.00918,0.041374,-0.056474,0.001159,-0.112949,0.044692,0.084341,-0.046962,-0.060743
-0.049249,0.162476,-0.00918,0.041374,-0.056474,0.001159,-0.112949,0.044692,0.084341,-0.046962,-0.060743,-0.038771
-0.047475,0.162476,0.041374,-0.056474,0.001159,-0.112949,0.044692,0.084341,-0.046962,-0.060743,-0.038771,-0.032989
-0.048462,0.162476,-0.056474,0.001159,-0.112949,0.044692,0.084341,-0.046962,-0.060743,-0.038771,-0.032989,-0.032082
-0.04974,0.162476,0.001159,-0.112949,0.044692,0.084341,-0.046962,-0.060743,-0.038771,-0.032989,-0.032082,0.014582
-0.050555,0.162476,-0.112949,0.044692,0.084341,-0.046962,-0.060743,-0.038771,-0.032989,-0.032082,0.014582,-0.14644
-0.05125,0.162476,0.044692,0.084341,-0.046962,-0.060743,-0.038771,-0.032989,-0.032082,0.014582,-0.14644,-0.203543
-0.051927,0.162476,0.084341,-0.046962,-0.060743,-0.038771,-0.032989,-0.032082,0.014582,-0.14644,-0.203543,-0.038207
-0.051619,0.162476,-0.046962,-0.060743,-0.038771,-0.032989,-0.032082,0.014582,-0.14644,-0.203543,-0.038207,-0.046088
-0.054712,0.162476,-0.060743,-0.038771,-0.032989,-0.032082,0.014582,-0.14644,-0.203543,-0.038207,-0.046088,0.025414
-0.059024,0.162476,-0.038771,-0.032989,-0.032082,0.014582,-0.14644,-0.203543,-0.038207,-0.046088,0.025414,0.006861
-0.059836,0.162598,-0.032989,-0.032082,0.014582,-0.14644,-0.203543,-0.038207,-0.046088,0.025414,0.006861,0.016873
-0.060818,0.162598,-0.032082,0.014582,-0.14644,-0.203543,-0.038207,-0.046088,0.025414,0.006861,0.016873,-0.022515
-0.060276,0.162598,0.014582,-0.14644,-0.203543,-0.038207,-0.046088,0.025414,0.006861,0.016873,-0.022515,0.031601
-0.06013,0.162598,-0.14644,-0.203543,-0.038207,-0.046088,0.025414,0.006861,0.016873,-0.022515,0.031601,-0.023741
-0.059772,0.162598,-0.203543,-0.038207,-0.046088,0.025414,0.006861,0.016873,-0.022515,0.031601,-0.023741,0.014675
-0.06025,0.162598,-0.038207,-0.046088,0.025414,0.006861,0.016873,-0.022515,0.031601,-0.023741,0.014675,-0.093435
-0.059578,0.162598,-0.046088,0.025414,0.006861,0.016873,-0.022515,0.031601,-0.023741,0.014675,-0.093435,-0.002926
-0.060083,0.162598,0.025414,0.006861,0.016873,-0.022515,0.031601,-0.023741,0.014675,-0.093435,-0.002926,0.067727
-0.059771,0.162598,0.006861,0.016873,-0.022515,0.031601,-0.023741,0.014675,-0.093435,-0.002926,0.067727,-0.01337
-0.061759,0.162598,0.016873,-0.022515,0.031601,-0.023741,0.014675,-0.093435,-0.002926,0.067727,-0.01337,-0.041075
-0.061821,0.162598,-0.022515,0.031601,-0.023741,0.014675,-0.093435,-0.002926,0.067727,-0.01337,-0.041075,-0.002649
-0.060377,0.162598,0.031601,-0.023741,0.014675,-0.093435,-0.002926,0.067727,-0.01337,-0.041075,-0.002649,-0.040351
-0.060662,0.161682,-0.023741,0.014675,-0.093435,-0.002926,0.067727,-0.01337,-0.041075,-0.002649,-0.040351,0.018673
-0.061537,0.161682,0.014675,-0.093435,-0.002926,0.067727,-0.01337,-0.041075,-0.002649,-0.040351,0.018673,-0.058322
-0.061594,0.161682,-0.093435,-0.002926,0.067727,-0.01337,-0.041075,-0.002649,-0.040351,0.018673,-0.058322,-0.10228
-0.062453,0.161682,-0.002926,0.067727,-0.01337,-0.041075,-0.002649,-0.040351,0.018673,-0.058322,-0.10228,-0.177927
-0.062055,0.161682,0.067727,-0.01337,-0.041075,-0.002649,-0.040351,0.018673,-0.058322,-0.10228,-0.177927,-0.007544
-0.063301,0.161682,-0.01337,-0.041075,-0.002649,-0.040351,0.018673,-0.058322,-0.10228,-0.177927,-0.007544,0.081806
-0.065487,0.161682,-0.041075,-0.002649,-0.040351,0.018673,-0.058322,-0.10228,-0.177927,-0.007544,0.081806,-0.031065
-0.069299,0.161682,-0.002649,-0.040351,0.018673,-0.058322,-0.10228,-0.177927,-0.007544,0.081806,-0.031065,-0.022863
-0.069461,0.161682,-0.040351,0.018673,-0.058322,-0.10228,-0.177927,-0.007544,0.081806,-0.031065,-0.022863,0.004877
-0.067703,0.161682,0.018673,-0.058322,-0.10228,-0.177927,-0.007544,0.081806,-0.031065,-0.022863,0.004877,-0.011366
-0.06837,0.161682,-0.058322,-0.10228,-0.177927,-0.007544,0.081806,-0.031065,-0.022863,0.004877,-0.011366,0.028849
-0.068861,0.161682,-0.10228,-0.177927,-0.007544,0.081806,-0.031065,-0.022863,0.004877,-0.011366,0.028849,0.001742
-0.068757,0.161682,-0.177927,-0.007544,0.081806,-0.031065,-0.022863,0.004877,-0.011366,0.028849,0.001742,0.020133
-0.069,0.161682,-0.007544,0.081806,-0.031065,-0.022863,0.004877,-0.011366,0.028849,0.001742,0.020133,-0.078565
-0.068381,0.161682,0.081806,-0.031065,-0.022863,0.004877,-0.011366,0.028849,0.001742,0.020133,-0.078565,-0.010041
-0.068343,0.161682,-0.031065,-0.022863,0.004877,-0.011366,0.028849,0.001742,0.020133,-0.078565,-0.010041,0.057783
-0.067911,0.161682,-0.022863,0.004877,-0.011366,0.028849,0.001742,0.020133,-0.078565,-0.010041,0.057783,-0.082502
-0.069597,0.161682,0.004877,-0.011366,0.028849,0.001742,0.020133,-0.078565,-0.010041,0.057783,-0.082502,-0.08792
-0.069812,0.161682,-0.011366,0.028849,0.001742,0.020133,-0.078565,-0.010041,0.057783,-0.082502,-0.08792,-0.020226
-0.06857,0.161682,0.028849,0.001742,0.020133,-0.078565,-0.010041,0.057783,-0.082502,-0.08792,-0.020226,-0.012284
-0.070345,0.161682,0.001742,0.020133,-0.078565,-0.010041,0.057783,-0.082502,-0.08792,-0.020226,-0.012284,0.006386
-0.072238,0.161682,0.020133,-0.078565,-0.010041,0.057783,-0.082502,-0.08792,-0.020226,-0.012284,0.006386,0.02641
-0.072674,0.163513,-0.078565,-0.010041,0.057783,-0.082502,-0.08792,-0.020226,-0.012284,0.006386,0.02641,-0.050212
-0.072939,0.163513,-0.010041,0.057783,-0.082502,-0.08792,-0.020226,-0.012284,0.006386,0.02641,-0.050212,-0.141592
-0.072801,0.163513,0.057783,-0.082502,-0.08792,-0.020226,-0.012284,0.006386,0.02641,-0.050212,-0.141592,-0.010735
-0.072231,0.163513,-0.082502,-0.08792,-0.020226,-0.012284,0.006386,0.02641,-0.050212,-0.141592,-0.010735,0.09157
-0.073314,0.163513,-0.08792,-0.020226,-0.012284,0.006386,0.02641,-0.050212,-0.141592,-0.010735,0.09157,-0.004754
-0.076372,0.163513,-0.020226,-0.012284,0.006386,0.02641,-0.050212,-0.141592,-0.010735,0.09157,-0.004754,-0.043785
-0.076604,0.163513,-0.012284,0.006386,0.02641,-0.050212,-0.141592,-0.010735,0.09157,-0.004754,-0.043785,-0.02376
-0.074621,0.163513,0.006386,0.02641,-0.050212,-0.141592,-0.010735,0.09157,-0.004754,-0.043785,-0.02376,-0.018141
-0.074724,0.163513,0.02641,-0.050212,-0.141592,-0.010735,0.09157,-0.004754,-0.043785,-0.02376,-0.018141,0.025014
-0.075671,0.163513,-0.050212,-0.141592,-0.010735,0.09157,-0.004754,-0.043785,-0.02376,-0.018141,0.025014,0.014898
-0.076185,0.163513,-0.141592,-0.010735,0.09157,-0.004754,-0.043785,-0.02376,-0.018141,0.025014,0.014898,-0.044929
-0.076577,0.163513,-0.010735,0.09157,-0.004754,-0.043785,-0.02376,-0.018141,0.025014,0.014898,-0.044929,-0.149868
-0.076035,0.163513,0.09157,-0.004754,-0.043785,-0.02376,-0.018141,0.025014,0.014898,-0.044929,-0.149868,-0.012881
-0.075713,0.163513,-0.004754,-0.043785,-0.02376,-0.018141,0.025014,0.014898,-0.044929,-0.149868,-0.012881,0.073683
-0.076685,0.163513,-0.043785,-0.02376,-0.018141,0.025014,0.014898,-0.044929,-0.149868,-0.012881,0.073683,-0.073024
-0.079934,0.163513,-0.02376,-0.018141,0.025014,0.014898,-0.044929,-0.149868,-0.012881,0.073683,-0.073024,-0.097823
-0.080214,0.163513,-0.018141,0.025014,0.014898,-0.044929,-0.149868,-0.012881,0.073683,-0.073024,-0.097823,-0.026984
-0.078612,0.163513,0.025014,0.014898,-0.044929,-0.149868,-0.012881,0.073683,-0.073024,-0.097823,-0.026984,0.000642
-0.0802,0.163513,0.014898,-0.044929,-0.149868,-0.012881,0.073683,-0.073024,-0.097823,-0.026984,0.000642,0.021354
-0.08233,0.163513,-0.044929,-0.149868,-0.012881,0.073683,-0.073024,-0.097823,-0.026984,0.000642,0.021354,0.03241
-0.082917,0.163513,-0.149868,-0.012881,0.073683,-0.073024,-0.097823,-0.026984,0.000642,0.021354,0.03241,0.016076
-0.082903,0.163513,-0.012881,0.073683,-0.073024,-0.097823,-0.026984,0.000642,0.021354,0.03241,0.016076,-0.066971
-0.082437,0.163513,0.073683,-0.073024,-0.097823,-0.026984,0.000642,0.021354,0.03241,0.016076,-0.066971,0.006677
-0.08173,0.163513,-0.073024,-0.097823,-0.026984,0.000642,0.021354,0.03241,0.016076,-0.066971,0.006677,0.063599
-0.08138,0.163513,-0.097823,-0.026984,0.000642,0.021354,0.03241,0.016076,-0.066971,0.006677,0.063599,-0.013416
-0.082838,0.163513,-0.026984,0.000642,0.021354,0.03241,0.016076,-0.066971,0.006677,0.063599,-0.013416,-0.009361
-0.082693,0.163513,0.000642,0.021354,0.03241,0.016076,-0.066971,0.006677,0.063599,-0.013416,-0.009361,-0.01613
-0.081306,0.163513,0.021354,0.03241,0.016076,-0.066971,0.006677,0.063599,-0.013416,-0.009361,-0.01613,-0.053693
-0.081599,0.163513,0.03241,0.016076,-0.066971,0.006677,0.063599,-0.013416,-0.009361,-0.01613,-0.053693,-0.092449
-0.081802,0.163513,0.016076,-0.066971,0.006677,0.063599,-0.013416,-0.009361,-0.01613,-0.053693,-0.092449,0.015239
-0.082154,0.163513,-0.066971,0.006677,0.063599,-0.013416,-0.009361,-0.01613,-0.053693,-0.092449,0.015239,-0.041747
-0.083324,0.163513,0.006677,0.063599,-0.013416,-0.009361,-0.01613,-0.053693,-0.092449,0.015239,-0.041747,-0.13728
-0.085344,0.165863,0.063599,-0.013416,-0.009361,-0.01613,-0.053693,-0.092449,0.015239,-0.041747,-0.13728,-0.006179
-0.085011,0.165863,-0.013416,-0.009361,-0.01613,-0.053693,-0.092449,0.015239,-0.041747,-0.13728,-0.006179,0.085251
-0.085924,0.165863,-0.009361,-0.01613,-0.053693,-0.092449,0.015239,-0.041747,-0.13728,-0.006179,0.085251,0.003187
-0.088929,0.165863,-0.01613,-0.053693,-0.092449,0.015239,-0.041747,-0.13728,-0.006179,0.085251,0.003187,-0.035649
-0.089065,0.165863,-0.053693,-0.092449,0.015239,-0.041747,-0.13728,-0.006179,0.085251,0.003187,-0.035649,-0.001657
-0.087194,0.165863,-0.092449,0.015239,-0.041747,-0.13728,-0.006179,0.085251,0.003187,-0.035649,-0.001657,-0.013359
-0.087124,0.165863,0.015239,-0.041747,-0.13728,-0.006179,0.085251,0.003187,-0.035649,-0.001657,-0.013359,0.029651
-0.087905,0.165863,-0.041747,-0.13728,-0.006179,0.085251,0.003187,-0.035649,-0.001657,-0.013359,0.029651,-0.064237
-0.087941,0.165863,-0.13728,-0.006179,0.085251,0.003187,-0.035649,-0.001657,-0.013359,0.029651,-0.064237,-0.041428
-0.088234,0.165863,-0.006179,0.085251,0.003187,-0.035649,-0.001657,-0.013359,0.029651,-0.064237,-0.041428,-0.073483
-0.087584,0.164825,0.085251,0.003187,-0.035649,-0.001657,-0.013359,0.029651,-0.064237,-0.041428,-0.073483,0.019798
-0.088994,0.164825,0.003187,-0.035649,-0.001657,-0.013359,0.029651,-0.064237,-0.041428,-0.073483,0.019798,0.068352
-0.089904,0.164825,-0.035649,-0.001657,-0.013359,0.029651,-0.064237,-0.041428,-0.073483,0.019798,0.068352,-0.015774
-0.091519,0.164825,-0.001657,-0.013359,0.029651,-0.064237,-0.041428,-0.073483,0.019798,0.068352,-0.015774,-0.027249
-0.091083,0.164825,-0.013359,0.029651,-0.064237,-0.041428,-0.073483,0.019798,0.068352,-0.015774,-0.027249,-0.070996
-0.08958,0.164825,0.029651,-0.064237,-0.041428,-0.073483,0.019798,0.068352,-0.015774,-0.027249,-0.070996,-0.121291
-0.089926,0.164825,-0.064237,-0.041428,-0.073483,0.019798,0.068352,-0.015774,-0.027249,-0.070996,-0.121291,-0.12494
-0.090525,0.164825,-0.041428,-0.073483,0.019798,0.068352,-0.015774,-0.027249,-0.070996,-0.121291,-0.12494,-0.023725
-0.092087,0.164825,-0.073483,0.019798,0.068352,-0.015774,-0.027249,-0.070996,-0.121291,-0.12494,-0.023725,-0.002925
-0.094761,0.164825,0.019798,0.068352,-0.015774,-0.027249,-0.070996,-0.121291,-0.12494,-0.023725,-0.002925,-0.093329
-0.097527,0.164825,0.068352,-0.015774,-0.027249,-0.070996,-0.121291,-0.12494,-0.023725,-0.002925,-0.093329,0.027618
-0.098054,0.164825,-0.015774,-0.027249,-0.070996,-0.121291,-0.12494,-0.023725,-0.002925,-0.093329,0.027618,0.051056
-0.098118,0.164825,-0.027249,-0.070996,-0.121291,-0.12494,-0.023725,-0.002925,-0.093329,0.027618,0.051056,0.000293
-0.100189,0.164825,-0.070996,-0.121291,-0.12494,-0.023725,-0.002925,-0.093329,0.027618,0.051056,0.000293,-0.010954
-0.099575,0.164825,-0.121291,-0.12494,-0.023725,-0.002925,-0.093329,0.027618,0.051056,0.000293,-0.010954,0.014286
-0.098441,0.164825,-0.12494,-0.023725,-0.002925,-0.093329,0.027618,0.051056,0.000293,-0.010954,0.014286,0.004751
-0.098435,0.164825,-0.023725,-0.002925,-0.093329,0.027618,0.051056,0.000293,-0.010954,0.014286,0.004751,0.031689
-0.098678,0.164825,-0.002925,-0.093329,0.027618,0.051056,0.000293,-0.010954,0.014286,0.004751,0.031689,0.030184
-0.098361,0.164825,-0.093329,0.027618,0.051056,0.000293,-0.010954,0.014286,0.004751,0.031689,0.030184,0.008656
-0.098256,0.164825,0.027618,0.051056,0.000293,-0.010954,0.014286,0.004751,0.031689,0.030184,0.008656,-0.090313
