0.081843,0.218689,-0.023536,0.004456,0.112994,-0.009752,-0.206999,0.106968,0.244834,-0.075527,-0.071498,0.015079
0.086363,0.218689,0.004456,0.112994,-0.009752,-0.206999,0.106968,0.244834,-0.075527,-0.071498,0.015079,-0.0476
0.08497,0.218689,0.112994,-0.009752,-0.206999,0.106968,0.244834,-0.075527,-0.071498,0.015079,-0.0476,-0.00753
0.083652,0.218689,-0.009752,-0.206999,0.106968,0.244834,-0.075527,-0.071498,0.015079,-0.0476,-0.00753,0.265446
0.08393,0.218689,-0.206999,0.106968,0.244834,-0.075527,-0.071498,0.015079,-0.0476,-0.00753,0.265446,0.008536
0.083052,0.218689,0.106968,0.244834,-0.075527,-0.071498,0.015079,-0.0476,-0.00753,0.265446,0.008536,-0.127409
0.082912,0.218689,0.244834,-0.075527,-0.071498,0.015079,-0.0476,-0.00753,0.265446,0.008536,-0.127409,0.144609
0.087809,0.218689,-0.075527,-0.071498,0.015079,-0.0476,-0.00753,0.265446,0.008536,-0.127409,0.144609,0.173525
0.087966,0.218689,-0.071498,0.015079,-0.0476,-0.00753,0.265446,0.008536,-0.127409,0.144609,0.173525,-0.082387
0.085623,0.218689,0.015079,-0.0476,-0.00753,0.265446,0.008536,-0.127409,0.144609,0.173525,-0.082387,0.022923
0.088282,0.218689,-0.0476,-0.00753,0.265446,0.008536,-0.127409,0.144609,0.173525,-0.082387,0.022923,0.150018
0.091469,0.218689,-0.00753,0.265446,0.008536,-0.127409,0.144609,0.173525,-0.082387,0.022923,0.150018,-0.024879
0.089957,0.218689,0.265446,0.008536,-0.127409,0.144609,0.173525,-0.082387,0.022923,0.150018,-0.024879,-0.032958
0.090377,0.218689,0.008536,-0.127409,0.144609,0.173525,-0.082387,0.022923,0.150018,-0.024879,-0.032958,0.223374
0.093123,0.218689,-0.127409,0.144609,0.173525,-0.082387,0.022923,0.150018,-0.024879,-0.032958,0.223374,-0.029795
0.092668,0.218689,0.144609,0.173525,-0.082387,0.022923,0.150018,-0.024879,-0.032958,0.223374,-0.029795,-0.187158
0.092064,0.218689,0.173525,-0.082387,0.022923,0.150018,-0.024879,-0.032958,0.223374,-0.029795,-0.187158,0.085414
0.096151,0.218689,-0.082387,0.022923,0.150018,-0.024879,-0.032958,0.223374,-0.029795,-0.187158,0.085414,0.075088
0.095608,0.218689,0.022923,0.150018,-0.024879,-0.032958,0.223374,-0.029795,-0.187158,0.085414,0.075088,-0.217243
0.092189,0.218689,0.150018,-0.024879,-0.032958,0.223374,-0.029795,-0.187158,0.085414,0.075088,-0.217243,-0.037852
0.093751,0.218689,-0.024879,-0.032958,0.223374,-0.029795,-0.187158,0.085414,0.075088,-0.217243,-0.037852,0.080624
0.095124,0.218689,-0.032958,0.223374,-0.029795,-0.187158,0.085414,0.075088,-0.217243,-0.037852,0.080624,-0.026762
0.091145,0.218689,0.223374,-0.029795,-0.187158,0.085414,0.075088,-0.217243,-0.037852,0.080624,-0.026762,-0.006413
0.090451,0.218689,-0.029795,-0.187158,0.085414,0.075088,-0.217243,-0.037852,0.080624,-0.026762,-0.006413,0.253659
0.091928,0.218689,-0.187158,0.085414,0.075088,-0.217243,-0.037852,0.080624,-0.026762,-0.006413,0.253659,-0.00099
0.091438,0.218689,0.085414,0.075088,-0.217243,-0.037852,0.080624,-0.026762,-0.006413,0.253659,-0.00099,-0.136219
0.09132,0.218689,0.075088,-0.217243,-0.037852,0.080624,-0.026762,-0.006413,0.253659,-0.00099,-0.136219,0.128802
0.095964,0.218689,-0.217243,-0.037852,0.080624,-0.026762,-0.006413,0.253659,-0.00099,-0.136219,0.128802,0.128942
0.095946,0.218689,-0.037852,0.080624,-0.026762,-0.006413,0.253659,-0.00099,-0.136219,0.128802,0.128942,-0.124661
0.093459,0.218689,0.080624,-0.026762,-0.006413,0.253659,-0.00099,-0.136219,0.128802,0.128942,-0.124661,-0.009227
0.095811,0.216064,-0.026762,-0.006413,0.253659,-0.00099,-0.136219,0.128802,0.128942,-0.124661,-0.009227,0.061229
0.098164,0.216064,-0.006413,0.253659,-0.00099,-0.136219,0.128802,0.128942,-0.124661,-0.009227,0.061229,-0.039759
0.095889,0.216064,0.253659,-0.00099,-0.136219,0.128802,0.128942,-0.124661,-0.009227,0.061229,-0.039759,-0.041765
0.09572,0.216064,-0.00099,-0.136219,0.128802,0.128942,-0.124661,-0.009227,0.061229,-0.039759,-0.041765,0.223504
0.096836,0.216064,-0.136219,0.128802,0.128942,-0.124661,-0.009227,0.061229,-0.039759,-0.041765,0.223504,-0.046424
0.096111,0.216064,0.128802,0.128942,-0.124661,-0.009227,0.061229,-0.039759,-0.041765,0.223504,-0.046424,-0.141274
0.095349,0.216064,0.128942,-0.124661,-0.009227,0.061229,-0.039759,-0.041765,0.223504,-0.046424,-0.141274,0.121277
0.099426,0.216064,-0.124661,-0.009227,0.061229,-0.039759,-0.041765,0.223504,-0.046424,-0.141274,0.121277,0.142056
0.098581,0.216064,-0.009227,0.061229,-0.039759,-0.041765,0.223504,-0.046424,-0.141274,0.121277,0.142056,-0.088159
0.096009,0.216064,0.061229,-0.039759,-0.041765,0.223504,-0.046424,-0.141274,0.121277,0.142056,-0.088159,-0.007
0.098218,0.216064,-0.039759,-0.041765,0.223504,-0.046424,-0.141274,0.121277,0.142056,-0.088159,-0.007,0.091073
0.100804,0.216064,-0.041765,0.223504,-0.046424,-0.141274,0.121277,0.142056,-0.088159,-0.007,0.091073,-0.032075
0.0992,0.216064,0.223504,-0.046424,-0.141274,0.121277,0.142056,-0.088159,-0.007,0.091073,-0.032075,-0.048799
0.099072,0.216064,-0.046424,-0.141274,0.121277,0.142056,-0.088159,-0.007,0.091073,-0.032075,-0.048799,0.219837
0.100727,0.216064,-0.141274,0.121277,0.142056,-0.088159,-0.007,0.091073,-0.032075,-0.048799,0.219837,-0.044544
0.100144,0.216064,0.121277,0.142056,-0.088159,-0.007,0.091073,-0.032075,-0.048799,0.219837,-0.044544,-0.165594
0.099256,0.216064,0.142056,-0.088159,-0.007,0.091073,-0.032075,-0.048799,0.219837,-0.044544,-0.165594,0.124316
0.103253,0.216064,-0.088159,-0.007,0.091073,-0.032075,-0.048799,0.219837,-0.044544,-0.165594,0.124316,0.149403
0.102445,0.216064,-0.007,0.091073,-0.032075,-0.048799,0.219837,-0.044544,-0.165594,0.124316,0.149403,-0.088829
0.099439,0.213592,0.091073,-0.032075,-0.048799,0.219837,-0.044544,-0.165594,0.124316,0.149403,-0.088829,-0.002625
0.101697,0.213592,-0.032075,-0.048799,0.219837,-0.044544,-0.165594,0.124316,0.149403,-0.088829,-0.002625,0.081523
0.104408,0.213592,-0.048799,0.219837,-0.044544,-0.165594,0.124316,0.149403,-0.088829,-0.002625,0.081523,-0.049385
0.102797,0.213592,0.219837,-0.044544,-0.165594,0.124316,0.149403,-0.088829,-0.002625,0.081523,-0.049385,-0.034876
0.102749,0.213592,-0.044544,-0.165594,0.124316,0.149403,-0.088829,-0.002625,0.081523,-0.049385,-0.034876,0.222094
0.104225,0.213592,-0.165594,0.124316,0.149403,-0.088829,-0.002625,0.081523,-0.049385,-0.034876,0.222094,-0.063746
0.103331,0.213592,0.124316,0.149403,-0.088829,-0.002625,0.081523,-0.049385,-0.034876,0.222094,-0.063746,-0.152249
0.102698,0.213592,0.149403,-0.088829,-0.002625,0.081523,-0.049385,-0.034876,0.222094,-0.063746,-0.152249,0.118947
0.106723,0.213592,-0.088829,-0.002625,0.081523,-0.049385,-0.034876,0.222094,-0.063746,-0.152249,0.118947,0.086979
0.10557,0.213592,-0.002625,0.081523,-0.049385,-0.034876,0.222094,-0.063746,-0.152249,0.118947,0.086979,-0.202565
0.102815,0.213592,0.081523,-0.049385,-0.034876,0.222094,-0.063746,-0.152249,0.118947,0.086979,-0.202565,-0.042434
0.104969,0.213592,-0.049385,-0.034876,0.222094,-0.063746,-0.152249,0.118947,0.086979,-0.202565,-0.042434,0.091891
0.106543,0.213592,-0.034876,0.222094,-0.063746,-0.152249,0.118947,0.086979,-0.202565,-0.042434,0.091891,-0.019914
0.102872,0.213592,0.222094,-0.063746,-0.152249,0.118947,0.086979,-0.202565,-0.042434,0.091891,-0.019914,-0.04325
0.102103,0.213592,-0.063746,-0.152249,0.118947,0.086979,-0.202565,-0.042434,0.091891,-0.019914,-0.04325,0.20514
0.103767,0.213592,-0.152249,0.118947,0.086979,-0.202565,-0.042434,0.091891,-0.019914,-0.04325,0.20514,-0.124838
0.103407,0.213592,0.118947,0.086979,-0.202565,-0.042434,0.091891,-0.019914,-0.04325,0.20514,-0.124838,-0.149577
0.102622,0.213592,0.086979,-0.202565,-0.042434,0.091891,-0.019914,-0.04325,0.20514,-0.124838,-0.149577,-0.00921
0.10634,0.213592,-0.202565,-0.042434,0.091891,-0.019914,-0.04325,0.20514,-0.124838,-0.149577,-0.00921,0.10525
0.104082,0.213592,-0.042434,0.091891,-0.019914,-0.04325,0.20514,-0.124838,-0.149577,-0.00921,0.10525,-0.178048
0.101371,0.213592,0.091891,-0.019914,-0.04325,0.20514,-0.124838,-0.149577,-0.00921,0.10525,-0.178048,-0.004888
0.101204,0.213592,-0.019914,-0.04325,0.20514,-0.124838,-0.149577,-0.00921,0.10525,-0.178048,-0.004888,0.057815
0.103115,0.213592,-0.04325,0.20514,-0.124838,-0.149577,-0.00921,0.10525,-0.178048,-0.004888,0.057815,-0.002913
0.099879,0.213592,0.20514,-0.124838,-0.149577,-0.00921,0.10525,-0.178048,-0.004888,0.057815,-0.002913,-0.003245
0.099791,0.213592,-0.124838,-0.149577,-0.00921,0.10525,-0.178048,-0.004888,0.057815,-0.002913,-0.003245,0.203981
0.10084,0.213592,-0.149577,-0.00921,0.10525,-0.178048,-0.004888,0.057815,-0.002913,-0.003245,0.203981,-0.036193
0.100788,0.213592,-0.00921,0.10525,-0.178048,-0.004888,0.057815,-0.002913,-0.003245,0.203981,-0.036193,-0.145275
0.100729,0.213592,0.10525,-0.178048,-0.004888,0.057815,-0.002913,-0.003245,0.203981,-0.036193,-0.145275,0.105903
0.104432,0.213592,-0.178048,-0.004888,0.057815,-0.002913,-0.003245,0.203981,-0.036193,-0.145275,0.105903,0.158275
0.103777,0.213592,-0.004888,0.057815,-0.002913,-0.003245,0.203981,-0.036193,-0.145275,0.105903,0.158275,-0.099621
0.101144,0.213592,0.057815,-0.002913,-0.003245,0.203981,-0.036193,-0.145275,0.105903,0.158275,-0.099621,-0.069777
0.103064,0.213592,-0.002913,-0.003245,0.203981,-0.036193,-0.145275,0.105903,0.158275,-0.099621,-0.069777,-0.008929
0.105932,0.213592,-0.003245,0.203981,-0.036193,-0.145275,0.105903,0.158275,-0.099621,-0.069777,-0.008929,-0.092973
0.104128,0.213592,0.203981,-0.036193,-0.145275,0.105903,0.158275,-0.099621,-0.069777,-0.008929,-0.092973,-0.032378
0.102863,0.213592,-0.036193,-0.145275,0.105903,0.158275,-0.099621,-0.069777,-0.008929,-0.092973,-0.032378,0.119973
0.102701,0.213592,-0.145275,0.105903,0.158275,-0.099621,-0.069777,-0.008929,-0.092973,-0.032378,0.119973,-0.01311
0.101015,0.213592,0.105903,0.158275,-0.099621,-0.069777,-0.008929,-0.092973,-0.032378,0.119973,-0.01311,-0.234099
0.100426,0.213592,0.158275,-0.099621,-0.069777,-0.008929,-0.092973,-0.032378,0.119973,-0.01311,-0.234099,0.086482
0.102607,0.211762,-0.099621,-0.069777,-0.008929,-0.092973,-0.032378,0.119973,-0.01311,-0.234099,0.086482,0.192672
0.102369,0.211762,-0.069777,-0.008929,-0.092973,-0.032378,0.119973,-0.01311,-0.234099,0.086482,0.192672,-0.090688
0.098117,0.211762,-0.008929,-0.092973,-0.032378,0.119973,-0.01311,-0.234099,0.086482,0.192672,-0.090688,0.009845
0.09969,0.211762,-0.092973,-0.032378,0.119973,-0.01311,-0.234099,0.086482,0.192672,-0.090688,0.009845,0.100196
0.103191,0.211762,-0.032378,0.119973,-0.01311,-0.234099,0.086482,0.192672,-0.090688,0.009845,0.100196,-0.042966
0.101544,0.211762,0.119973,-0.01311,-0.234099,0.086482,0.192672,-0.090688,0.009845,0.100196,-0.042966,-0.066054
0.101723,0.211762,-0.01311,-0.234099,0.086482,0.192672,-0.090688,0.009845,0.100196,-0.042966,-0.066054,0.242443
0.103539,0.211762,-0.234099,0.086482,0.192672,-0.090688,0.009845,0.100196,-0.042966,-0.066054,0.242443,-0.034124
0.10276,0.211762,0.086482,0.192672,-0.090688,0.009845,0.100196,-0.042966,-0.066054,0.242443,-0.034124,-0.154256
0.101561,0.211762,0.192672,-0.090688,0.009845,0.100196,-0.042966,-0.066054,0.242443,-0.034124,-0.154256,0.131527
0.105958,0.211762,-0.090688,0.009845,0.100196,-0.042966,-0.066054,0.242443,-0.034124,-0.154256,0.131527,0.06797
0.105341,0.211762,0.009845,0.100196,-0.042966,-0.066054,0.242443,-0.034124,-0.154256,0.131527,0.06797,-0.198192
0.102549,0.211762,0.100196,-0.042966,-0.066054,0.242443,-0.034124,-0.154256,0.131527,0.06797,-0.198192,-0.052874
0.104931,0.211762,-0.042966,-0.066054,0.242443,-0.034124,-0.154256,0.131527,0.06797,-0.198192,-0.052874,0.102271
0.106161,0.211762,-0.066054,0.242443,-0.034124,-0.154256,0.131527,0.06797,-0.198192,-0.052874,0.102271,-0.024072
0.102569,0.211762,0.242443,-0.034124,-0.154256,0.131527,0.06797,-0.198192,-0.052874,0.102271,-0.024072,-0.028559
0.101609,0.211762,-0.034124,-0.154256,0.131527,0.06797,-0.198192,-0.052874,0.102271,-0.024072,-0.028559,0.221975
0.103463,0.211762,-0.154256,0.131527,0.06797,-0.198192,-0.052874,0.102271,-0.024072,-0.028559,0.221975,-0.029902
0.103027,0.211762,0.131527,0.06797,-0.198192,-0.052874,0.102271,-0.024072,-0.028559,0.221975,-0.029902,-0.165027
0.102508,0.211762,0.06797,-0.198192,-0.052874,0.102271,-0.024072,-0.028559,0.221975,-0.029902,-0.165027,0.12111
0.106532,0.211762,-0.198192,-0.052874,0.102271,-0.024072,-0.028559,0.221975,-0.029902,-0.165027,0.12111,0.161122
0.105991,0.211762,-0.052874,0.102271,-0.024072,-0.028559,0.221975,-0.029902,-0.165027,0.12111,0.161122,-0.207539
0.103006,0.211762,0.102271,-0.024072,-0.028559,0.221975,-0.029902,-0.165027,0.12111,0.161122,-0.207539,-0.010947
0.105198,0.211762,-0.024072,-0.028559,0.221975,-0.029902,-0.165027,0.12111,0.161122,-0.207539,-0.010947,0.010038
0.108112,0.211762,-0.028559,0.221975,-0.029902,-0.165027,0.12111,0.161122,-0.207539,-0.010947,0.010038,-0.041002
0.104356,0.211762,0.221975,-0.029902,-0.165027,0.12111,0.161122,-0.207539,-0.010947,0.010038,-0.041002,-0.020275
0.104158,0.211762,-0.029902,-0.165027,0.12111,0.161122,-0.207539,-0.010947,0.010038,-0.041002,-0.020275,0.247879
0.10434,0.211762,-0.165027,0.12111,0.161122,-0.207539,-0.010947,0.010038,-0.041002,-0.020275,0.247879,-0.04477
0.103597,0.211762,0.12111,0.161122,-0.207539,-0.010947,0.010038,-0.041002,-0.020275,0.247879,-0.04477,-0.161207
0.103229,0.211762,0.161122,-0.207539,-0.010947,0.010038,-0.041002,-0.020275,0.247879,-0.04477,-0.161207,0.11503
0.107719,0.211762,-0.207539,-0.010947,0.010038,-0.041002,-0.020275,0.247879,-0.04477,-0.161207,0.11503,0.057505
0.10691,0.211762,-0.010947,0.010038,-0.041002,-0.020275,0.247879,-0.04477,-0.161207,0.11503,0.057505,-0.173481
0.103996,0.211762,0.010038,-0.041002,-0.020275,0.247879,-0.04477,-0.161207,0.11503,0.057505,-0.173481,-0.029878
0.106077,0.211762,-0.041002,-0.020275,0.247879,-0.04477,-0.161207,0.11503,0.057505,-0.173481,-0.029878,0.092245
0.107117,0.211762,-0.020275,0.247879,-0.04477,-0.161207,0.11503,0.057505,-0.173481,-0.029878,0.092245,-0.013735
0.103975,0.211762,0.247879,-0.04477,-0.161207,0.11503,0.057505,-0.173481,-0.029878,0.092245,-0.013735,-0.01415
0.103434,0.211762,-0.04477,-0.161207,0.11503,0.057505,-0.173481,-0.029878,0.092245,-0.013735,-0.01415,0.197858
0.105103,0.211762,-0.161207,0.11503,0.057505,-0.173481,-0.029878,0.092245,-0.013735,-0.01415,0.197858,-0.046911
0.104855,0.211762,0.11503,0.057505,-0.173481,-0.029878,0.092245,-0.013735,-0.01415,0.197858,-0.046911,-0.155052
0.104598,0.211762,0.057505,-0.173481,-0.029878,0.092245,-0.013735,-0.01415,0.197858,-0.046911,-0.155052,0.123643
0.108179,0.211762,-0.173481,-0.029878,0.092245,-0.013735,-0.01415,0.197858,-0.046911,-0.155052,0.123643,0.159541
0.107332,0.211762,-0.029878,0.092245,-0.013735,-0.01415,0.197858,-0.046911,-0.155052,0.123643,0.159541,-0.108908
0.10453,0.211762,0.092245,-0.013735,-0.01415,0.197858,-0.046911,-0.155052,0.123643,0.159541,-0.108908,0.01683
0.106766,0.211762,-0.013735,-0.01415,0.197858,-0.046911,-0.155052,0.123643,0.159541,-0.108908,0.01683,0.084928
0.109647,0.211762,-0.01415,0.197858,-0.046911,-0.155052,0.123643,0.159541,-0.108908,0.01683,0.084928,-0.092966
0.10768,0.211762,0.197858,-0.046911,-0.155052,0.123643,0.159541,-0.108908,0.01683,0.084928,-0.092966,-0.202191
0.107984,0.211762,-0.046911,-0.155052,0.123643,0.159541,-0.108908,0.01683,0.084928,-0.092966,-0.202191,0.233696
0.109514,0.211762,-0.155052,0.123643,0.159541,-0.108908,0.01683,0.084928,-0.092966,-0.202191,0.233696,-0.138089
0.107838,0.211762,0.123643,0.159541,-0.108908,0.01683,0.084928,-0.092966,-0.202191,0.233696,-0.138089,-0.125041
0.10418,0.211762,0.159541,-0.108908,0.01683,0.084928,-0.092966,-0.202191,0.233696,-0.138089,-0.125041,-0.019899
0.108409,0.211762,-0.108908,0.01683,0.084928,-0.092966,-0.202191,0.233696,-0.138089,-0.125041,-0.019899,-0.03696
0.105915,0.211762,0.01683,0.084928,-0.092966,-0.202191,0.233696,-0.138089,-0.125041,-0.019899,-0.03696,-0.0322
0.103653,0.211762,0.084928,-0.092966,-0.202191,0.233696,-0.138089,-0.125041,-0.019899,-0.03696,-0.0322,0.041332
0.103293,0.211762,-0.092966,-0.202191,0.233696,-0.138089,-0.125041,-0.019899,-0.03696,-0.0322,0.041332,0.003665
0.102622,0.211762,-0.202191,0.233696,-0.138089,-0.125041,-0.019899,-0.03696,-0.0322,0.041332,0.003665,-0.136808
0.102037,0.211762,0.233696,-0.138089,-0.125041,-0.019899,-0.03696,-0.0322,0.041332,0.003665,-0.136808,-0.090251
0.102787,0.211762,-0.138089,-0.125041,-0.019899,-0.03696,-0.0322,0.041332,0.003665,-0.136808,-0.090251,0.119322
0.102853,0.211762,-0.125041,-0.019899,-0.03696,-0.0322,0.041332,0.003665,-0.136808,-0.090251,0.119322,-0.036095
0.100371,0.21283,-0.019899,-0.03696,-0.0322,0.041332,0.003665,-0.136808,-0.090251,0.119322,-0.036095,-0.143956
0.098728,0.21283,-0.03696,-0.0322,0.041332,0.003665,-0.136808,-0.090251,0.119322,-0.036095,-0.143956,0.159208
0.1009,0.21283,-0.0322,0.041332,0.003665,-0.136808,-0.090251,0.119322,-0.036095,-0.143956,0.159208,0.180456
0.100245,0.21283,0.041332,0.003665,-0.136808,-0.090251,0.119322,-0.036095,-0.143956,0.159208,0.180456,-0.117944
0.097627,0.21283,0.003665,-0.136808,-0.090251,0.119322,-0.036095,-0.143956,0.159208,0.180456,-0.117944,-0.019414
0.100523,0.21283,-0.136808,-0.090251,0.119322,-0.036095,-0.143956,0.159208,0.180456,-0.117944,-0.019414,0.100077
0.103799,0.21283,-0.090251,0.119322,-0.036095,-0.143956,0.159208,0.180456,-0.117944,-0.019414,0.100077,-0.017743
0.101658,0.21283,0.119322,-0.036095,-0.143956,0.159208,0.180456,-0.117944,-0.019414,0.100077,-0.017743,-0.043127
0.101306,0.21283,-0.036095,-0.143956,0.159208,0.180456,-0.117944,-0.019414,0.100077,-0.017743,-0.043127,0.246995
0.10312,0.21283,-0.143956,0.159208,0.180456,-0.117944,-0.019414,0.100077,-0.017743,-0.043127,0.246995,-0.042592
0.102798,0.21283,0.159208,0.180456,-0.117944,-0.019414,0.100077,-0.017743,-0.043127,0.246995,-0.042592,-0.152306
0.102015,0.21283,0.180456,-0.117944,-0.019414,0.100077,-0.017743,-0.043127,0.246995,-0.042592,-0.152306,0.114766
0.106493,0.21283,-0.117944,-0.019414,0.100077,-0.017743,-0.043127,0.246995,-0.042592,-0.152306,0.114766,0.150473
0.105723,0.21283,-0.019414,0.100077,-0.017743,-0.043127,0.246995,-0.042592,-0.152306,0.114766,0.150473,-0.095799
0.102968,0.21283,0.100077,-0.017743,-0.043127,0.246995,-0.042592,-0.152306,0.114766,0.150473,-0.095799,0.008165
0.105045,0.21283,-0.017743,-0.043127,0.246995,-0.042592,-0.152306,0.114766,0.150473,-0.095799,0.008165,0.095123
0.107767,0.21283,-0.043127,0.246995,-0.042592,-0.152306,0.114766,0.150473,-0.095799,0.008165,0.095123,-0.043721
0.106035,0.21283,0.246995,-0.042592,-0.152306,0.114766,0.150473,-0.095799,0.008165,0.095123,-0.043721,-0.035567
0.106182,0.21283,-0.042592,-0.152306,0.114766,0.150473,-0.095799,0.008165,0.095123,-0.043721,-0.035567,0.222459
0.107899,0.213989,-0.152306,0.114766,0.150473,-0.095799,0.008165,0.095123,-0.043721,-0.035567,0.222459,-0.047045
0.10711,0.213989,0.114766,0.150473,-0.095799,0.008165,0.095123,-0.043721,-0.035567,0.222459,-0.047045,-0.151733
0.106467,0.213989,0.150473,-0.095799,0.008165,0.095123,-0.043721,-0.035567,0.222459,-0.047045,-0.151733,0.130714
0.110485,0.213989,-0.095799,0.008165,0.095123,-0.043721,-0.035567,0.222459,-0.047045,-0.151733,0.130714,0.168982
0.109637,0.213989,0.008165,0.095123,-0.043721,-0.035567,0.222459,-0.047045,-0.151733,0.130714,0.168982,-0.126629
0.106902,0.213989,0.095123,-0.043721,-0.035567,0.222459,-0.047045,-0.151733,0.130714,0.168982,-0.126629,0.010684
0.10926,0.213989,-0.043721,-0.035567,0.222459,-0.047045,-0.151733,0.130714,0.168982,-0.126629,0.010684,0.023187
0.112304,0.213989,-0.035567,0.222459,-0.047045,-0.151733,0.130714,0.168982,-0.126629,0.010684,0.023187,-0.106098
0.110023,0.213989,0.222459,-0.047045,-0.151733,0.130714,0.168982,-0.126629,0.010684,0.023187,-0.106098,-0.112086
0.110215,0.213989,-0.047045,-0.151733,0.130714,0.168982,-0.126629,0.010684,0.023187,-0.106098,-0.112086,0.235437
0.110632,0.213989,-0.151733,0.130714,0.168982,-0.126629,0.010684,0.023187,-0.106098,-0.112086,0.235437,-0.006379
0.108721,0.213989,0.130714,0.168982,-0.126629,0.010684,0.023187,-0.106098,-0.112086,0.235437,-0.006379,-0.147938
0.106696,0.213989,0.168982,-0.126629,0.010684,0.023187,-0.106098,-0.112086,0.235437,-0.006379,-0.147938,0.161092
0.110947,0.213989,-0.126629,0.010684,0.023187,-0.106098,-0.112086,0.235437,-0.006379,-0.147938,0.161092,0.139487
0.110832,0.213989,0.010684,0.023187,-0.106098,-0.112086,0.235437,-0.006379,-0.147938,0.161092,0.139487,-0.109854
0.108168,0.213989,0.023187,-0.106098,-0.112086,0.235437,-0.006379,-0.147938,0.161092,0.139487,-0.109854,0.008695
0.11107,0.213989,-0.106098,-0.112086,0.235437,-0.006379,-0.147938,0.161092,0.139487,-0.109854,0.008695,0.103162
0.11358,0.213989,-0.112086,0.235437,-0.006379,-0.147938,0.161092,0.139487,-0.109854,0.008695,0.103162,-0.018854
0.111603,0.213989,0.235437,-0.006379,-0.147938,0.161092,0.139487,-0.109854,0.008695,0.103162,-0.018854,-0.03457
0.111759,0.213989,-0.006379,-0.147938,0.161092,0.139487,-0.109854,0.008695,0.103162,-0.018854,-0.03457,0.239603
0.113612,0.213989,-0.147938,0.161092,0.139487,-0.109854,0.008695,0.103162,-0.018854,-0.03457,0.239603,-0.060448
0.113273,0.213989,0.161092,0.139487,-0.109854,0.008695,0.103162,-0.018854,-0.03457,0.239603,-0.060448,-0.143378
0.112652,0.213989,0.139487,-0.109854,0.008695,0.103162,-0.018854,-0.03457,0.239603,-0.060448,-0.143378,0.152181
0.116955,0.213989,-0.109854,0.008695,0.103162,-0.018854,-0.03457,0.239603,-0.060448,-0.143378,0.152181,0.045133
0.115872,0.213989,0.008695,0.103162,-0.018854,-0.03457,0.239603,-0.060448,-0.143378,0.152181,0.045133,-0.203394
0.113302,0.213989,0.103162,-0.018854,-0.03457,0.239603,-0.060448,-0.143378,0.152181,0.045133,-0.203394,-0.010572
0.11603,0.213989,-0.018854,-0.03457,0.239603,-0.060448,-0.143378,0.152181,0.045133,-0.203394,-0.010572,0.097025
0.11684,0.213989,-0.03457,0.239603,-0.060448,-0.143378,0.152181,0.045133,-0.203394,-0.010572,0.097025,0.009178
0.113188,0.213989,0.239603,-0.060448,-0.143378,0.152181,0.045133,-0.203394,-0.010572,0.097025,0.009178,-0.030552
0.112998,0.213989,-0.060448,-0.143378,0.152181,0.045133,-0.203394,-0.010572,0.097025,0.009178,-0.030552,0.236431
0.114738,0.213989,-0.143378,0.152181,0.045133,-0.203394,-0.010572,0.097025,0.009178,-0.030552,0.236431,-0.043126
0.114903,0.213989,0.152181,0.045133,-0.203394,-0.010572,0.097025,0.009178,-0.030552,0.236431,-0.043126,-0.146263
0.114354,0.213989,0.045133,-0.203394,-0.010572,0.097025,0.009178,-0.030552,0.236431,-0.043126,-0.146263,0.141927
0.118594,0.213989,-0.203394,-0.010572,0.097025,0.009178,-0.030552,0.236431,-0.043126,-0.146263,0.141927,0.150192
0.117822,0.213989,-0.010572,0.097025,0.009178,-0.030552,0.236431,-0.043126,-0.146263,0.141927,0.150192,-0.10497
0.115205,0.213989,0.097025,0.009178,-0.030552,0.236431,-0.043126,-0.146263,0.141927,0.150192,-0.10497,0.029071
0.117746,0.213989,0.009178,-0.030552,0.236431,-0.043126,-0.146263,0.141927,0.150192,-0.10497,0.029071,0.123018
0.120432,0.213989,-0.030552,0.236431,-0.043126,-0.146263,0.141927,0.150192,-0.10497,0.029071,0.123018,-0.109785
0.118555,0.213989,0.236431,-0.043126,-0.146263,0.141927,0.150192,-0.10497,0.029071,0.123018,-0.109785,-0.185731
0.119074,0.213989,-0.043126,-0.146263,0.141927,0.150192,-0.10497,0.029071,0.123018,-0.109785,-0.185731,0.22879
0.121269,0.223114,-0.146263,0.141927,0.150192,-0.10497,0.029071,0.123018,-0.109785,-0.185731,0.22879,-0.126363
0.11931,0.223114,0.141927,0.150192,-0.10497,0.029071,0.123018,-0.109785,-0.185731,0.22879,-0.126363,-0.15061
0.115984,0.223114,0.150192,-0.10497,0.029071,0.123018,-0.109785,-0.185731,0.22879,-0.126363,-0.15061,0.069991
0.120081,0.223114,-0.10497,0.029071,0.123018,-0.109785,-0.185731,0.22879,-0.126363,-0.15061,0.069991,0.165058
0.117822,0.223114,0.029071,0.123018,-0.109785,-0.185731,0.22879,-0.126363,-0.15061,0.069991,0.165058,-0.052408
0.115127,0.223114,0.123018,-0.109785,-0.185731,0.22879,-0.126363,-0.15061,0.069991,0.165058,-0.052408,0.029054
0.116381,0.223114,-0.109785,-0.185731,0.22879,-0.126363,-0.15061,0.069991,0.165058,-0.052408,0.029054,0.094296
0.119336,0.223114,-0.185731,0.22879,-0.126363,-0.15061,0.069991,0.165058,-0.052408,0.029054,0.094296,-0.030598
0.118398,0.223114,0.22879,-0.126363,-0.15061,0.069991,0.165058,-0.052408,0.029054,0.094296,-0.030598,-0.016125
0.118918,0.223114,-0.126363,-0.15061,0.069991,0.165058,-0.052408,0.029054,0.094296,-0.030598,-0.016125,0.260152
0.1206,0.223114,-0.15061,0.069991,0.165058,-0.052408,0.029054,0.094296,-0.030598,-0.016125,0.260152,-0.043382
0.120054,0.223114,0.069991,0.165058,-0.052408,0.029054,0.094296,-0.030598,-0.016125,0.260152,-0.043382,-0.139614
0.119766,0.223114,0.165058,-0.052408,0.029054,0.094296,-0.030598,-0.016125,0.260152,-0.043382,-0.139614,0.18162
0.124408,0.223114,-0.052408,0.029054,0.094296,-0.030598,-0.016125,0.260152,-0.043382,-0.139614,0.18162,0.136662
0.123636,0.223114,0.029054,0.094296,-0.030598,-0.016125,0.260152,-0.043382,-0.139614,0.18162,0.136662,-0.137488
0.121151,0.223114,0.094296,-0.030598,-0.016125,0.260152,-0.043382,-0.139614,0.18162,0.136662,-0.137488,0.038859
0.124384,0.223114,-0.030598,-0.016125,0.260152,-0.043382,-0.139614,0.18162,0.136662,-0.137488,0.038859,0.122877
0.126814,0.223114,-0.016125,0.260152,-0.043382,-0.139614,0.18162,0.136662,-0.137488,0.038859,0.122877,-0.089594
0.124368,0.223114,0.260152,-0.043382,-0.139614,0.18162,0.136662,-0.137488,0.038859,0.122877,-0.089594,-0.027969
0.125059,0.223114,-0.043382,-0.139614,0.18162,0.136662,-0.137488,0.038859,0.122877,-0.089594,-0.027969,0.275478
0.127239,0.223114,-0.139614,0.18162,0.136662,-0.137488,0.038859,0.122877,-0.089594,-0.027969,0.275478,-0.036867
0.12565,0.22821,0.18162,0.136662,-0.137488,0.038859,0.122877,-0.089594,-0.027969,0.275478,-0.036867,-0.170761
0.125152,0.22821,0.136662,-0.137488,0.038859,0.122877,-0.089594,-0.027969,0.275478,-0.036867,-0.170761,0.177111
0.130043,0.22821,-0.137488,0.038859,0.122877,-0.089594,-0.027969,0.275478,-0.036867,-0.170761,0.177111,0.14712
0.129391,0.22821,0.038859,0.122877,-0.089594,-0.027969,0.275478,-0.036867,-0.170761,0.177111,0.14712,-0.246821
0.126366,0.22821,0.122877,-0.089594,-0.027969,0.275478,-0.036867,-0.170761,0.177111,0.14712,-0.246821,0.043954
0.129504,0.22821,-0.089594,-0.027969,0.275478,-0.036867,-0.170761,0.177111,0.14712,-0.246821,0.043954,0.022471
0.132108,0.22821,-0.027969,0.275478,-0.036867,-0.170761,0.177111,0.14712,-0.246821,0.043954,0.022471,-0.110245
0.127735,0.22821,0.275478,-0.036867,-0.170761,0.177111,0.14712,-0.246821,0.043954,0.022471,-0.110245,-0.123797
0.128514,0.22821,-0.036867,-0.170761,0.177111,0.14712,-0.246821,0.043954,0.022471,-0.110245,-0.123797,0.257187
0.128912,0.22821,-0.170761,0.177111,0.14712,-0.246821,0.043954,0.022471,-0.110245,-0.123797,0.257187,-0.039099
0.126958,0.22821,0.177111,0.14712,-0.246821,0.043954,0.022471,-0.110245,-0.123797,0.257187,-0.039099,-0.134672
0.124757,0.22821,0.14712,-0.246821,0.043954,0.022471,-0.110245,-0.123797,0.257187,-0.039099,-0.134672,0.174802
0.129326,0.22821,-0.246821,0.043954,0.022471,-0.110245,-0.123797,0.257187,-0.039099,-0.134672,0.174802,0.12899
0.128633,0.22821,0.043954,0.022471,-0.110245,-0.123797,0.257187,-0.039099,-0.134672,0.174802,0.12899,-0.089522
0.126247,0.22821,0.022471,-0.110245,-0.123797,0.257187,-0.039099,-0.134672,0.174802,0.12899,-0.089522,0.087408
0.129345,0.22821,-0.110245,-0.123797,0.257187,-0.039099,-0.134672,0.174802,0.12899,-0.089522,0.087408,0.100075
0.131628,0.22821,-0.123797,0.257187,-0.039099,-0.134672,0.174802,0.12899,-0.089522,0.087408,0.100075,-0.05966
0.130043,0.22821,0.257187,-0.039099,-0.134672,0.174802,0.12899,-0.089522,0.087408,0.100075,-0.05966,0.004853
0.131589,0.22821,-0.039099,-0.134672,0.174802,0.12899,-0.089522,0.087408,0.100075,-0.05966,0.004853,0.28585
0.133355,0.22821,-0.134672,0.174802,0.12899,-0.089522,0.087408,0.100075,-0.05966,0.004853,0.28585,-0.082955
0.132302,0.22821,0.174802,0.12899,-0.089522,0.087408,0.100075,-0.05966,0.004853,0.28585,-0.082955,-0.166793
0.132388,0.22821,0.12899,-0.089522,0.087408,0.100075,-0.05966,0.004853,0.28585,-0.082955,-0.166793,0.193647
0.13743,0.22821,-0.089522,0.087408,0.100075,-0.05966,0.004853,0.28585,-0.082955,-0.166793,0.193647,0.140002
0.135971,0.22821,0.087408,0.100075,-0.05966,0.004853,0.28585,-0.082955,-0.166793,0.193647,0.140002,-0.120664
0.133033,0.22821,0.100075,-0.05966,0.004853,0.28585,-0.082955,-0.166793,0.193647,0.140002,-0.120664,0.075636
0.136444,0.22821,-0.05966,0.004853,0.28585,-0.082955,-0.166793,0.193647,0.140002,-0.120664,0.075636,0.104269
0.138907,0.22821,0.004853,0.28585,-0.082955,-0.166793,0.193647,0.140002,-0.120664,0.075636,0.104269,-0.084176
0.136784,0.22821,0.28585,-0.082955,-0.166793,0.193647,0.140002,-0.120664,0.075636,0.104269,-0.084176,0.020492
0.138114,0.22821,-0.082955,-0.166793,0.193647,0.140002,-0.120664,0.075636,0.104269,-0.084176,0.020492,0.284115
0.139943,0.22821,-0.166793,0.193647,0.140002,-0.120664,0.075636,0.104269,-0.084176,0.020492,0.284115,-0.062893
0.138466,0.22821,0.193647,0.140002,-0.120664,0.075636,0.104269,-0.084176,0.020492,0.284115,-0.062893,-0.15341
0.138826,0.22821,0.140002,-0.120664,0.075636,0.104269,-0.084176,0.020492,0.284115,-0.062893,-0.15341,0.189845
0.14381,0.22821,-0.120664,0.075636,0.104269,-0.084176,0.020492,0.284115,-0.062893,-0.15341,0.189845,0.156009
0.14271,0.22821,0.075636,0.104269,-0.084176,0.020492,0.284115,-0.062893,-0.15341,0.189845,0.156009,-0.143569
0.140024,0.22821,0.104269,-0.084176,0.020492,0.284115,-0.062893,-0.15341,0.189845,0.156009,-0.143569,0.082195
0.143348,0.22821,-0.084176,0.020492,0.284115,-0.062893,-0.15341,0.189845,0.156009,-0.143569,0.082195,0.094512
0.146076,0.22821,0.020492,0.284115,-0.062893,-0.15341,0.189845,0.156009,-0.143569,0.082195,0.094512,-0.076665
0.143565,0.22821,0.284115,-0.062893,-0.15341,0.189845,0.156009,-0.143569,0.082195,0.094512,-0.076665,0.022577
0.145001,0.22821,-0.062893,-0.15341,0.189845,0.156009,-0.143569,0.082195,0.094512,-0.076665,0.022577,0.301597
0.146649,0.22821,-0.15341,0.189845,0.156009,-0.143569,0.082195,0.094512,-0.076665,0.022577,0.301597,-0.077819
0.145312,0.236816,0.189845,0.156009,-0.143569,0.082195,0.094512,-0.076665,0.022577,0.301597,-0.077819,-0.163142
0.145707,0.236816,0.156009,-0.143569,0.082195,0.094512,-0.076665,0.022577,0.301597,-0.077819,-0.163142,0.228546
0.150965,0.236816,-0.143569,0.082195,0.094512,-0.076665,0.022577,0.301597,-0.077819,-0.163142,0.228546,0.098636
0.149612,0.236816,0.082195,0.094512,-0.076665,0.022577,0.301597,-0.077819,-0.163142,0.228546,0.098636,-0.133753
0.146773,0.236816,0.094512,-0.076665,0.022577,0.301597,-0.077819,-0.163142,0.228546,0.098636,-0.133753,0.096063
0.15075,0.236816,-0.076665,0.022577,0.301597,-0.077819,-0.163142,0.228546,0.098636,-0.133753,0.096063,0.014798
0.152464,0.236816,0.022577,0.301597,-0.077819,-0.163142,0.228546,0.098636,-0.133753,0.096063,0.014798,-0.151812
0.150138,0.236816,0.301597,-0.077819,-0.163142,0.228546,0.098636,-0.133753,0.096063,0.014798,-0.151812,-0.067436
0.151807,0.236816,-0.077819,-0.163142,0.228546,0.098636,-0.133753,0.096063,0.014798,-0.151812,-0.067436,0.349302
0.152064,0.236816,-0.163142,0.228546,0.098636,-0.133753,0.096063,0.014798,-0.151812,-0.067436,0.349302,-0.039856
0.149427,0.236816,0.228546,0.098636,-0.133753,0.096063,0.014798,-0.151812,-0.067436,0.349302,-0.039856,-0.12896
0.148252,0.236816,0.098636,-0.133753,0.096063,0.014798,-0.151812,-0.067436,0.349302,-0.039856,-0.12896,0.25277
0.154326,0.236816,-0.133753,0.096063,0.014798,-0.151812,-0.067436,0.349302,-0.039856,-0.12896,0.25277,0.143031
0.153635,0.236816,0.096063,0.014798,-0.151812,-0.067436,0.349302,-0.039856,-0.12896,0.25277,0.143031,-0.075134
0.1514,0.236816,0.014798,-0.151812,-0.067436,0.349302,-0.039856,-0.12896,0.25277,0.143031,-0.075134,0.137245
0.155779,0.236816,-0.151812,-0.067436,0.349302,-0.039856,-0.12896,0.25277,0.143031,-0.075134,0.137245,0.095958
0.158253,0.236816,-0.067436,0.349302,-0.039856,-0.12896,0.25277,0.143031,-0.075134,0.137245,0.095958,-0.051154
0.156954,0.236816,0.349302,-0.039856,-0.12896,0.25277,0.143031,-0.075134,0.137245,0.095958,-0.051154,0.075744
0.159324,0.236816,-0.039856,-0.12896,0.25277,0.143031,-0.075134,0.137245,0.095958,-0.051154,0.075744,0.27054
0.160976,0.236816,-0.12896,0.25277,0.143031,-0.075134,0.137245,0.095958,-0.051154,0.075744,0.27054,-0.072356
0.160095,0.236816,0.25277,0.143031,-0.075134,0.137245,0.095958,-0.051154,0.075744,0.27054,-0.072356,-0.117742
0.161401,0.236816,0.143031,-0.075134,0.137245,0.095958,-0.051154,0.075744,0.27054,-0.072356,-0.117742,0.224884
0.166056,0.236816,-0.075134,0.137245,0.095958,-0.051154,0.075744,0.27054,-0.072356,-0.117742,0.224884,0.096302
0.164814,0.236816,0.137245,0.095958,-0.051154,0.075744,0.27054,-0.072356,-0.117742,0.224884,0.096302,-0.069083
0.162793,0.239929,0.095958,-0.051154,0.075744,0.27054,-0.072356,-0.117742,0.224884,0.096302,-0.069083,0.149178
0.166652,0.239929,-0.051154,0.075744,0.27054,-0.072356,-0.117742,0.224884,0.096302,-0.069083,0.149178,0.04347
0.168303,0.239929,0.075744,0.27054,-0.072356,-0.117742,0.224884,0.096302,-0.069083,0.149178,0.04347,-0.065478
0.167118,0.239929,0.27054,-0.072356,-0.117742,0.224884,0.096302,-0.069083,0.149178,0.04347,-0.065478,0.011764
0.169671,0.239929,-0.072356,-0.117742,0.224884,0.096302,-0.069083,0.149178,0.04347,-0.065478,0.011764,0.120647
0.170414,0.239929,-0.117742,0.224884,0.096302,-0.069083,0.149178,0.04347,-0.065478,0.011764,0.120647,-0.138058
0.169295,0.239929,0.224884,0.096302,-0.069083,0.149178,0.04347,-0.065478,0.011764,0.120647,-0.138058,-0.074133
0.169496,0.239929,0.096302,-0.069083,0.149178,0.04347,-0.065478,0.011764,0.120647,-0.138058,-0.074133,0.257792
0.17156,0.239929,-0.069083,0.149178,0.04347,-0.065478,0.011764,0.120647,-0.138058,-0.074133,0.257792,0.094661
0.169201,0.239929,0.149178,0.04347,-0.065478,0.011764,0.120647,-0.138058,-0.074133,0.257792,0.094661,-0.064731
0.167933,0.239929,0.04347,-0.065478,0.011764,0.120647,-0.138058,-0.074133,0.257792,0.094661,-0.064731,0.154363
0.172337,0.239929,-0.065478,0.011764,0.120647,-0.138058,-0.074133,0.257792,0.094661,-0.064731,0.154363,0.069742
0.173952,0.239929,0.011764,0.120647,-0.138058,-0.074133,0.257792,0.094661,-0.064731,0.154363,0.069742,-0.054206
0.172847,0.239929,0.120647,-0.138058,-0.074133,0.257792,0.094661,-0.064731,0.154363,0.069742,-0.054206,0.08753
0.175476,0.239929,-0.138058,-0.074133,0.257792,0.094661,-0.064731,0.154363,0.069742,-0.054206,0.08753,0.313649
0.176661,0.239929,-0.074133,0.257792,0.094661,-0.064731,0.154363,0.069742,-0.054206,0.08753,0.313649,-0.074207
0.17574,0.239929,0.257792,0.094661,-0.064731,0.154363,0.069742,-0.054206,0.08753,0.313649,-0.074207,-0.10705
0.177229,0.239929,0.094661,-0.064731,0.154363,0.069742,-0.054206,0.08753,0.313649,-0.074207,-0.10705,0.207797
0.182551,0.239929,-0.064731,0.154363,0.069742,-0.054206,0.08753,0.313649,-0.074207,-0.10705,0.207797,0.104028
0.181296,0.239929,0.154363,0.069742,-0.054206,0.08753,0.313649,-0.074207,-0.10705,0.207797,0.104028,-0.073665
0.179483,0.239929,0.069742,-0.054206,0.08753,0.313649,-0.074207,-0.10705,0.207797,0.104028,-0.073665,0.159443
0.183,0.239929,-0.054206,0.08753,0.313649,-0.074207,-0.10705,0.207797,0.104028,-0.073665,0.159443,0.037844
0.184758,0.239929,0.08753,0.313649,-0.074207,-0.10705,0.207797,0.104028,-0.073665,0.159443,0.037844,-0.048417
0.183513,0.239929,0.313649,-0.074207,-0.10705,0.207797,0.104028,-0.073665,0.159443,0.037844,-0.048417,0.091477
0.186204,0.239929,-0.074207,-0.10705,0.207797,0.104028,-0.073665,0.159443,0.037844,-0.048417,0.091477,0.272339
0.186841,0.239929,-0.10705,0.207797,0.104028,-0.073665,0.159443,0.037844,-0.048417,0.091477,0.272339,-0.09113
0.186025,0.239929,0.207797,0.104028,-0.073665,0.159443,0.037844,-0.048417,0.091477,0.272339,-0.09113,-0.093621
0.187568,0.239929,0.104028,-0.073665,0.159443,0.037844,-0.048417,0.091477,0.272339,-0.09113,-0.093621,0.161974
0.19215,0.239929,-0.073665,0.159443,0.037844,-0.048417,0.091477,0.272339,-0.09113,-0.093621,0.161974,-0.150225
0.190621,0.239929,0.159443,0.037844,-0.048417,0.091477,0.272339,-0.09113,-0.093621,0.161974,-0.150225,-0.061165
0.189048,0.239929,0.037844,-0.048417,0.091477,0.272339,-0.09113,-0.093621,0.161974,-0.150225,-0.061165,0.188146
0.191768,0.239929,-0.048417,0.091477,0.272339,-0.09113,-0.093621,0.161974,-0.150225,-0.061165,0.188146,0.05967
0.189243,0.239929,0.091477,0.272339,-0.09113,-0.093621,0.161974,-0.150225,-0.061165,0.188146,0.05967,-0.112837
0.188213,0.239929,0.272339,-0.09113,-0.093621,0.161974,-0.150225,-0.061165,0.188146,0.05967,-0.112837,-0.076317
0.191375,0.239929,-0.09113,-0.093621,0.161974,-0.150225,-0.061165,0.188146,0.05967,-0.112837,-0.076317,0.241735
0.192375,0.239929,-0.093621,0.161974,-0.150225,-0.061165,0.188146,0.05967,-0.112837,-0.076317,0.241735,-0.022383
0.190482,0.239929,0.161974,-0.150225,-0.061165,0.188146,0.05967,-0.112837,-0.076317,0.241735,-0.022383,-0.083517
0.189198,0.239929,-0.150225,-0.061165,0.188146,0.05967,-0.112837,-0.076317,0.241735,-0.022383,-0.083517,0.210808
0.193261,0.239929,-0.061165,0.188146,0.05967,-0.112837,-0.076317,0.241735,-0.022383,-0.083517,0.210808,0.130135
0.192886,0.239929,0.188146,0.05967,-0.112837,-0.076317,0.241735,-0.022383,-0.083517,0.210808,0.130135,-0.024518
0.191486,0.239929,0.05967,-0.112837,-0.076317,0.241735,-0.022383,-0.083517,0.210808,0.130135,-0.024518,0.039373
0.195017,0.239929,-0.112837,-0.076317,0.241735,-0.022383,-0.083517,0.210808,0.130135,-0.024518,0.039373,-0.076343
0.197195,0.239929,-0.076317,0.241735,-0.022383,-0.083517,0.210808,0.130135,-0.024518,0.039373,-0.076343,-0.130116
0.196785,0.239929,0.241735,-0.022383,-0.083517,0.210808,0.130135,-0.024518,0.039373,-0.076343,-0.130116,0.156595
0.197443,0.239929,-0.022383,-0.083517,0.210808,0.130135,-0.024518,0.039373,-0.076343,-0.130116,0.156595,0.306223
0.196168,0.239929,-0.083517,0.210808,0.130135,-0.024518,0.039373,-0.076343,-0.130116,0.156595,0.306223,-0.098007
0.193992,0.239929,0.210808,0.130135,-0.024518,0.039373,-0.076343,-0.130116,0.156595,0.306223,-0.098007,-0.063299
0.196614,0.239929,0.130135,-0.024518,0.039373,-0.076343,-0.130116,0.156595,0.306223,-0.098007,-0.063299,0.192634
0.201726,0.250122,-0.024518,0.039373,-0.076343,-0.130116,0.156595,0.306223,-0.098007,-0.063299,0.192634,0.085542
0.200094,0.250122,0.039373,-0.076343,-0.130116,0.156595,0.306223,-0.098007,-0.063299,0.192634,0.085542,-0.057126
0.19904,0.250122,-0.076343,-0.130116,0.156595,0.306223,-0.098007,-0.063299,0.192634,0.085542,-0.057126,0.064965
0.202247,0.250122,-0.130116,0.156595,0.306223,-0.098007,-0.063299,0.192634,0.085542,-0.057126,0.064965,-0.074702
0.20367,0.250122,0.156595,0.306223,-0.098007,-0.063299,0.192634,0.085542,-0.057126,0.064965,-0.074702,-0.165035
0.202719,0.250122,0.306223,-0.098007,-0.063299,0.192634,0.085542,-0.057126,0.064965,-0.074702,-0.165035,0.139362
0.203799,0.250122,-0.098007,-0.063299,0.192634,0.085542,-0.057126,0.064965,-0.074702,-0.165035,0.139362,0.302588
0.202558,0.250122,-0.063299,0.192634,0.085542,-0.057126,0.064965,-0.074702,-0.165035,0.139362,0.302588,-0.076989
0.199812,0.250122,0.192634,0.085542,-0.057126,0.064965,-0.074702,-0.165035,0.139362,0.302588,-0.076989,-0.143385
0.202135,0.250122,0.085542,-0.057126,0.064965,-0.074702,-0.165035,0.139362,0.302588,-0.076989,-0.143385,0.000216
0.207163,0.250122,-0.057126,0.064965,-0.074702,-0.165035,0.139362,0.302588,-0.076989,-0.143385,0.000216,0.063886
0.205887,0.250122,0.064965,-0.074702,-0.165035,0.139362,0.302588,-0.076989,-0.143385,0.000216,0.063886,0.002723
0.203509,0.250122,-0.074702,-0.165035,0.139362,0.302588,-0.076989,-0.143385,0.000216,0.063886,0.002723,0.068158
0.203513,0.250122,-0.165035,0.139362,0.302588,-0.076989,-0.143385,0.000216,0.063886,0.002723,0.068158,-0.055859
0.204575,0.250122,0.139362,0.302588,-0.076989,-0.143385,0.000216,0.063886,0.002723,0.068158,-0.055859,-0.103564
0.20462,0.250122,0.302588,-0.076989,-0.143385,0.000216,0.063886,0.002723,0.068158,-0.055859,-0.103564,0.13747
0.205751,0.250122,-0.076989,-0.143385,0.000216,0.063886,0.002723,0.068158,-0.055859,-0.103564,0.13747,0.288651
0.204825,0.250122,-0.143385,0.000216,0.063886,0.002723,0.068158,-0.055859,-0.103564,0.13747,0.288651,-0.099424
0.203106,0.250122,0.000216,0.063886,0.002723,0.068158,-0.055859,-0.103564,0.13747,0.288651,-0.099424,-0.053435
0.20539,0.250122,0.063886,0.002723,0.068158,-0.055859,-0.103564,0.13747,0.288651,-0.099424,-0.053435,0.237954
0.210175,0.250122,0.002723,0.068158,-0.055859,-0.103564,0.13747,0.288651,-0.099424,-0.053435,0.237954,0.058836
0.208531,0.250122,0.068158,-0.055859,-0.103564,0.13747,0.288651,-0.099424,-0.053435,0.237954,0.058836,-0.046771
0.207647,0.250122,-0.055859,-0.103564,0.13747,0.288651,-0.099424,-0.053435,0.237954,0.058836,-0.046771,0.193045
0.211579,0.246857,-0.103564,0.13747,0.288651,-0.099424,-0.053435,0.237954,0.058836,-0.046771,0.193045,-0.062556
0.212551,0.246857,0.13747,0.288651,-0.099424,-0.053435,0.237954,0.058836,-0.046771,0.193045,-0.062556,-0.167687
0.211778,0.246857,0.288651,-0.099424,-0.053435,0.237954,0.058836,-0.046771,0.193045,-0.062556,-0.167687,-0.013271
0.21496,0.246857,-0.099424,-0.053435,0.237954,0.058836,-0.046771,0.193045,-0.062556,-0.167687,-0.013271,0.309833
0.21393,0.246857,-0.053435,0.237954,0.058836,-0.046771,0.193045,-0.062556,-0.167687,-0.013271,0.309833,-0.047152
0.211166,0.246857,0.237954,0.058836,-0.046771,0.193045,-0.062556,-0.167687,-0.013271,0.309833,-0.047152,-0.12139
0.210947,0.246857,0.058836,-0.046771,0.193045,-0.062556,-0.167687,-0.013271,0.309833,-0.047152,-0.12139,0.212767
0.216059,0.246857,-0.046771,0.193045,-0.062556,-0.167687,-0.013271,0.309833,-0.047152,-0.12139,0.212767,0.115465
0.215283,0.246857,0.193045,-0.062556,-0.167687,-0.013271,0.309833,-0.047152,-0.12139,0.212767,0.115465,-0.06121
0.213285,0.246857,-0.062556,-0.167687,-0.013271,0.309833,-0.047152,-0.12139,0.212767,0.115465,-0.06121,0.145176
0.216785,0.246857,-0.167687,-0.013271,0.309833,-0.047152,-0.12139,0.212767,0.115465,-0.06121,0.145176,0.030542
0.218683,0.246857,-0.013271,0.309833,-0.047152,-0.12139,0.212767,0.115465,-0.06121,0.145176,0.030542,-0.000855
0.217677,0.246857,0.309833,-0.047152,-0.12139,0.212767,0.115465,-0.06121,0.145176,0.030542,-0.000855,0.079167
0.220059,0.246857,-0.047152,-0.12139,0.212767,0.115465,-0.06121,0.145176,0.030542,-0.000855,0.079167,0.258501
0.220559,0.246857,-0.12139,0.212767,0.115465,-0.06121,0.145176,0.030542,-0.000855,0.079167,0.258501,-0.064786
0.220545,0.246857,0.212767,0.115465,-0.06121,0.145176,0.030542,-0.000855,0.079167,0.258501,-0.064786,-0.09833
0.221843,0.246857,0.115465,-0.06121,0.145176,0.030542,-0.000855,0.079167,0.258501,-0.064786,-0.09833,0.177104
0.226071,0.246857,-0.06121,0.145176,0.030542,-0.000855,0.079167,0.258501,-0.064786,-0.09833,0.177104,0.108587
0.225014,0.246857,0.145176,0.030542,-0.000855,0.079167,0.258501,-0.064786,-0.09833,0.177104,0.108587,-0.079351
0.223409,0.246857,0.030542,-0.000855,0.079167,0.258501,-0.064786,-0.09833,0.177104,0.108587,-0.079351,0.169523
0.226299,0.246857,-0.000855,0.079167,0.258501,-0.064786,-0.09833,0.177104,0.108587,-0.079351,0.169523,-0.000566
0.22807,0.246857,0.079167,0.258501,-0.064786,-0.09833,0.177104,0.108587,-0.079351,0.169523,-0.000566,-0.001442
0.226776,0.246857,0.258501,-0.064786,-0.09833,0.177104,0.108587,-0.079351,0.169523,-0.000566,-0.001442,0.062603
0.229536,0.246857,-0.064786,-0.09833,0.177104,0.108587,-0.079351,0.169523,-0.000566,-0.001442,0.062603,0.264586
0.229527,0.246857,-0.09833,0.177104,0.108587,-0.079351,0.169523,-0.000566,-0.001442,0.062603,0.264586,-0.074291
0.229503,0.246857,0.177104,0.108587,-0.079351,0.169523,-0.000566,-0.001442,0.062603,0.264586,-0.074291,-0.11779
0.230522,0.246857,0.108587,-0.079351,0.169523,-0.000566,-0.001442,0.062603,0.264586,-0.074291,-0.11779,0.174327
0.234819,0.246857,-0.079351,0.169523,-0.000566,-0.001442,0.062603,0.264586,-0.074291,-0.11779,0.174327,0.101137
0.233615,0.246857,0.169523,-0.000566,-0.001442,0.062603,0.264586,-0.074291,-0.11779,0.174327,0.101137,-0.08632
0.231706,0.246857,-0.000566,-0.001442,0.062603,0.264586,-0.074291,-0.11779,0.174327,0.101137,-0.08632,0.170546
0.234532,0.246857,-0.001442,0.062603,0.264586,-0.074291,-0.11779,0.174327,0.101137,-0.08632,0.170546,-0.009304
0.23617,0.246857,0.062603,0.264586,-0.074291,-0.11779,0.174327,0.101137,-0.08632,0.170546,-0.009304,-0.01677
0.234771,0.246857,0.264586,-0.074291,-0.11779,0.174327,0.101137,-0.08632,0.170546,-0.009304,-0.01677,0.039347
0.23753,0.246857,-0.074291,-0.11779,0.174327,0.101137,-0.08632,0.170546,-0.009304,-0.01677,0.039347,0.284682
0.23738,0.246857,-0.11779,0.174327,0.101137,-0.08632,0.170546,-0.009304,-0.01677,0.039347,0.284682,-0.081037
0.237109,0.246857,0.174327,0.101137,-0.08632,0.170546,-0.009304,-0.01677,0.039347,0.284682,-0.081037,-0.149531
0.237746,0.246857,0.101137,-0.08632,0.170546,-0.009304,-0.01677,0.039347,0.284682,-0.081037,-0.149531,-0.055474
0.242342,0.246857,-0.08632,0.170546,-0.009304,-0.01677,0.039347,0.284682,-0.081037,-0.149531,-0.055474,0.101605
0.241037,0.246857,0.170546,-0.009304,-0.01677,0.039347,0.284682,-0.081037,-0.149531,-0.055474,0.101605,-0.030494
0.238627,0.247101,-0.009304,-0.01677,0.039347,0.284682,-0.081037,-0.149531,-0.055474,0.101605,-0.030494,0.166601
0.237731,0.247101,-0.01677,0.039347,0.284682,-0.081037,-0.149531,-0.055474,0.101605,-0.030494,0.166601,0.017665
0.239373,0.247101,0.039347,0.284682,-0.081037,-0.149531,-0.055474,0.101605,-0.030494,0.166601,0.017665,-0.014242
0.23888,0.247101,0.284682,-0.081037,-0.149531,-0.055474,0.101605,-0.030494,0.166601,0.017665,-0.014242,0.00051
0.241567,0.247101,-0.081037,-0.149531,-0.055474,0.101605,-0.030494,0.166601,0.017665,-0.014242,0.00051,-0.030524
0.241851,0.247101,-0.149531,-0.055474,0.101605,-0.030494,0.166601,0.017665,-0.014242,0.00051,-0.030524,-0.065986
0.241622,0.247101,-0.055474,0.101605,-0.030494,0.166601,0.017665,-0.014242,0.00051,-0.030524,-0.065986,-0.303101
0.24163,0.247101,0.101605,-0.030494,0.166601,0.017665,-0.014242,0.00051,-0.030524,-0.065986,-0.303101,0.080814
0.241138,0.247101,-0.030494,0.166601,0.017665,-0.014242,0.00051,-0.030524,-0.065986,-0.303101,0.080814,0.098462
0.240074,0.247101,0.166601,0.017665,-0.014242,0.00051,-0.030524,-0.065986,-0.303101,0.080814,0.098462,-0.145544
0.235181,0.247101,0.017665,-0.014242,0.00051,-0.030524,-0.065986,-0.303101,0.080814,0.098462,-0.145544,0.156163
0.236488,0.247101,-0.014242,0.00051,-0.030524,-0.065986,-0.303101,0.080814,0.098462,-0.145544,0.156163,-0.198783
0.23808,0.247101,0.00051,-0.030524,-0.065986,-0.303101,0.080814,0.098462,-0.145544,0.156163,-0.198783,-0.07533
0.235725,0.247101,-0.030524,-0.065986,-0.303101,0.080814,0.098462,-0.145544,0.156163,-0.198783,-0.07533,0.021767
0.238249,0.247101,-0.065986,-0.303101,0.080814,0.098462,-0.145544,0.156163,-0.198783,-0.07533,0.021767,0.317612
0.235037,0.247101,-0.303101,0.080814,0.098462,-0.145544,0.156163,-0.198783,-0.07533,0.021767,0.317612,-0.009365
0.233818,0.247101,0.080814,0.098462,-0.145544,0.156163,-0.198783,-0.07533,0.021767,0.317612,-0.009365,-0.101467
0.234171,0.24295,0.098462,-0.145544,0.156163,-0.198783,-0.07533,0.021767,0.317612,-0.009365,-0.101467,0.185397
0.239312,0.24295,-0.145544,0.156163,-0.198783,-0.07533,0.021767,0.317612,-0.009365,-0.101467,0.185397,0.128921
0.239161,0.24295,0.156163,-0.198783,-0.07533,0.021767,0.317612,-0.009365,-0.101467,0.185397,0.128921,-0.08131
0.237524,0.24295,-0.198783,-0.07533,0.021767,0.317612,-0.009365,-0.101467,0.185397,0.128921,-0.08131,0.167764
0.240515,0.24295,-0.07533,0.021767,0.317612,-0.009365,-0.101467,0.185397,0.128921,-0.08131,0.167764,0.011786
0.242593,0.24295,0.021767,0.317612,-0.009365,-0.101467,0.185397,0.128921,-0.08131,0.167764,0.011786,-0.017475
0.241282,0.24295,0.317612,-0.009365,-0.101467,0.185397,0.128921,-0.08131,0.167764,0.011786,-0.017475,0.078422
0.243982,0.24295,-0.009365,-0.101467,0.185397,0.128921,-0.08131,0.167764,0.011786,-0.017475,0.078422,0.262891
0.244171,0.24295,-0.101467,0.185397,0.128921,-0.08131,0.167764,0.011786,-0.017475,0.078422,0.262891,-0.103124
0.24389,0.24295,0.185397,0.128921,-0.08131,0.167764,0.011786,-0.017475,0.078422,0.262891,-0.103124,-0.118529
0.245152,0.24295,0.128921,-0.08131,0.167764,0.011786,-0.017475,0.078422,0.262891,-0.103124,-0.118529,0.16122
0.249371,0.24295,-0.08131,0.167764,0.011786,-0.017475,0.078422,0.262891,-0.103124,-0.118529,0.16122,0.115367
0.24772,0.24295,0.167764,0.011786,-0.017475,0.078422,0.262891,-0.103124,-0.118529,0.16122,0.115367,-0.091467
0.24582,0.24295,0.011786,-0.017475,0.078422,0.262891,-0.103124,-0.118529,0.16122,0.115367,-0.091467,0.149986
0.248404,0.24295,-0.017475,0.078422,0.262891,-0.103124,-0.118529,0.16122,0.115367,-0.091467,0.149986,0.018291
0.250252,0.24295,0.078422,0.262891,-0.103124,-0.118529,0.16122,0.115367,-0.091467,0.149986,0.018291,-0.039688
0.248787,0.24295,0.262891,-0.103124,-0.118529,0.16122,0.115367,-0.091467,0.149986,0.018291,-0.039688,0.045402
0.251186,0.24295,-0.103124,-0.118529,0.16122,0.115367,-0.091467,0.149986,0.018291,-0.039688,0.045402,0.258113
0.251478,0.24295,-0.118529,0.16122,0.115367,-0.091467,0.149986,0.018291,-0.039688,0.045402,0.258113,-0.057876
0.250844,0.24295,0.16122,0.115367,-0.091467,0.149986,0.018291,-0.039688,0.045402,0.258113,-0.057876,-0.148091
0.25157,0.24295,0.115367,-0.091467,0.149986,0.018291,-0.039688,0.045402,0.258113,-0.057876,-0.148091,0.157187
0.255692,0.24295,-0.091467,0.149986,0.018291,-0.039688,0.045402,0.258113,-0.057876,-0.148091,0.157187,0.119622
0.25477,0.24295,0.149986,0.018291,-0.039688,0.045402,0.258113,-0.057876,-0.148091,0.157187,0.119622,-0.095606
0.25241,0.24295,0.018291,-0.039688,0.045402,0.258113,-0.057876,-0.148091,0.157187,0.119622,-0.095606,0.159111
0.254916,0.24295,-0.039688,0.045402,0.258113,-0.057876,-0.148091,0.157187,0.119622,-0.095606,0.159111,-0.018661
0.256822,0.24295,0.045402,0.258113,-0.057876,-0.148091,0.157187,0.119622,-0.095606,0.159111,-0.018661,-0.040653
0.255298,0.24295,0.258113,-0.057876,-0.148091,0.157187,0.119622,-0.095606,0.159111,-0.018661,-0.040653,0.079589
0.257831,0.24295,-0.057876,-0.148091,0.157187,0.119622,-0.095606,0.159111,-0.018661,-0.040653,0.079589,0.246945
0.257534,0.24295,-0.148091,0.157187,0.119622,-0.095606,0.159111,-0.018661,-0.040653,0.079589,0.246945,-0.07393
0.256888,0.24295,0.157187,0.119622,-0.095606,0.159111,-0.018661,-0.040653,0.079589,0.246945,-0.07393,-0.106408
0.258154,0.24295,0.119622,-0.095606,0.159111,-0.018661,-0.040653,0.079589,0.246945,-0.07393,-0.106408,0.165608
0.262078,0.24295,-0.095606,0.159111,-0.018661,-0.040653,0.079589,0.246945,-0.07393,-0.106408,0.165608,-0.101573
0.260906,0.24295,0.159111,-0.018661,-0.040653,0.079589,0.246945,-0.07393,-0.106408,0.165608,-0.101573,0.044212
0.259219,0.24295,-0.018661,-0.040653,0.079589,0.246945,-0.07393,-0.106408,0.165608,-0.101573,0.044212,-0.095705
0.261844,0.24295,-0.040653,0.079589,0.246945,-0.07393,-0.106408,0.165608,-0.101573,0.044212,-0.095705,0.084655
0.260232,0.24295,0.079589,0.246945,-0.07393,-0.106408,0.165608,-0.101573,0.044212,-0.095705,0.084655,-0.022398
0.260935,0.24295,0.246945,-0.07393,-0.106408,0.165608,-0.101573,0.044212,-0.095705,0.084655,-0.022398,-0.001384
0.259416,0.24295,-0.07393,-0.106408,0.165608,-0.101573,0.044212,-0.095705,0.084655,-0.022398,-0.001384,0.185405
0.260758,0.24295,-0.106408,0.165608,-0.101573,0.044212,-0.095705,0.084655,-0.022398,-0.001384,0.185405,0.007835
0.260403,0.239563,0.165608,-0.101573,0.044212,-0.095705,0.084655,-0.022398,-0.001384,0.185405,0.007835,-0.354304
0.260381,0.239563,-0.101573,0.044212,-0.095705,0.084655,-0.022398,-0.001384,0.185405,0.007835,-0.354304,0.227855
0.263323,0.239563,0.044212,-0.095705,0.084655,-0.022398,-0.001384,0.185405,0.007835,-0.354304,0.227855,0.146001
0.263447,0.239563,-0.095705,0.084655,-0.022398,-0.001384,0.185405,0.007835,-0.354304,0.227855,0.146001,-0.10617
0.257831,0.239563,0.084655,-0.022398,-0.001384,0.185405,0.007835,-0.354304,0.227855,0.146001,-0.10617,0.187569
0.261447,0.239563,-0.022398,-0.001384,0.185405,0.007835,-0.354304,0.227855,0.146001,-0.10617,0.187569,-0.031485
0.263761,0.239563,-0.001384,0.185405,0.007835,-0.354304,0.227855,0.146001,-0.10617,0.187569,-0.031485,-0.04495
0.262078,0.239563,0.185405,0.007835,-0.354304,0.227855,0.146001,-0.10617,0.187569,-0.031485,-0.04495,0.067591
0.265046,0.239563,0.007835,-0.354304,0.227855,0.146001,-0.10617,0.187569,-0.031485,-0.04495,0.067591,0.26412
0.264549,0.239563,-0.354304,0.227855,0.146001,-0.10617,0.187569,-0.031485,-0.04495,0.067591,0.26412,-0.077782
0.263838,0.239563,0.227855,0.146001,-0.10617,0.187569,-0.031485,-0.04495,0.067591,0.26412,-0.077782,-0.149302
0.264908,0.239563,0.146001,-0.10617,0.187569,-0.031485,-0.04495,0.067591,0.26412,-0.077782,-0.149302,-0.067248
0.269082,0.239563,-0.10617,0.187569,-0.031485,-0.04495,0.067591,0.26412,-0.077782,-0.149302,-0.067248,0.115061
0.267855,0.239563,0.187569,-0.031485,-0.04495,0.067591,0.26412,-0.077782,-0.149302,-0.067248,0.115061,-0.078241
0.2655,0.239563,-0.031485,-0.04495,0.067591,0.26412,-0.077782,-0.149302,-0.067248,0.115061,-0.078241,0.144528
0.264438,0.239563,-0.04495,0.067591,0.26412,-0.077782,-0.149302,-0.067248,0.115061,-0.078241,0.144528,0.051291
0.266257,0.239563,0.067591,0.26412,-0.077782,-0.149302,-0.067248,0.115061,-0.078241,0.144528,0.051291,-0.064658
0.26502,0.239563,0.26412,-0.077782,-0.149302,-0.067248,0.115061,-0.078241,0.144528,0.051291,-0.064658,0.026477
0.267302,0.239563,-0.077782,-0.149302,-0.067248,0.115061,-0.078241,0.144528,0.051291,-0.064658,0.026477,0.288387
0.268111,0.234344,-0.149302,-0.067248,0.115061,-0.078241,0.144528,0.051291,-0.064658,0.026477,0.288387,-0.231717
0.267091,0.234344,-0.067248,0.115061,-0.078241,0.144528,0.051291,-0.064658,0.026477,0.288387,-0.231717,-0.076303
0.26751,0.234344,0.115061,-0.078241,0.144528,0.051291,-0.064658,0.026477,0.288387,-0.231717,-0.076303,-0.039053
0.272056,0.234344,-0.078241,0.144528,0.051291,-0.064658,0.026477,0.288387,-0.231717,-0.076303,-0.039053,0.243003
0.268408,0.234344,0.144528,0.051291,-0.064658,0.026477,0.288387,-0.231717,-0.076303,-0.039053,0.243003,-0.129739
0.267206,0.234344,0.051291,-0.064658,0.026477,0.288387,-0.231717,-0.076303,-0.039053,0.243003,-0.129739,0.142749
0.26659,0.234344,-0.064658,0.026477,0.288387,-0.231717,-0.076303,-0.039053,0.243003,-0.129739,0.142749,0.035685
0.270424,0.234344,0.026477,0.288387,-0.231717,-0.076303,-0.039053,0.243003,-0.129739,0.142749,0.035685,-0.07494
0.268378,0.234344,0.288387,-0.231717,-0.076303,-0.039053,0.243003,-0.129739,0.142749,0.035685,-0.07494,0.048748
0.270626,0.234344,-0.231717,-0.076303,-0.039053,0.243003,-0.129739,0.142749,0.035685,-0.07494,0.048748,0.094136
0.271187,0.234344,-0.076303,-0.039053,0.243003,-0.129739,0.142749,0.035685,-0.07494,0.048748,0.094136,-0.155062
0.270008,0.234344,-0.039053,0.243003,-0.129739,0.142749,0.035685,-0.07494,0.048748,0.094136,-0.155062,-0.283515
0.270776,0.234344,0.243003,-0.129739,0.142749,0.035685,-0.07494,0.048748,0.094136,-0.155062,-0.283515,0.062656
0.272259,0.234344,-0.129739,0.142749,0.035685,-0.07494,0.048748,0.094136,-0.155062,-0.283515,0.062656,0.223719
0.269819,0.234344,0.142749,0.035685,-0.07494,0.048748,0.094136,-0.155062,-0.283515,0.062656,0.223719,-0.15185
0.26535,0.234344,0.035685,-0.07494,0.048748,0.094136,-0.155062,-0.283515,0.062656,0.223719,-0.15185,0.193643
0.266339,0.234344,-0.07494,0.048748,0.094136,-0.155062,-0.283515,0.062656,0.223719,-0.15185,0.193643,-0.009309
0.26987,0.234344,0.048748,0.094136,-0.155062,-0.283515,0.062656,0.223719,-0.15185,0.193643,-0.009309,-0.052358
0.267474,0.234344,0.094136,-0.155062,-0.283515,0.062656,0.223719,-0.15185,0.193643,-0.009309,-0.052358,0.067928
0.270525,0.234344,-0.155062,-0.283515,0.062656,0.223719,-0.15185,0.193643,-0.009309,-0.052358,0.067928,0.264856
0.270379,0.234344,-0.283515,0.062656,0.223719,-0.15185,0.193643,-0.009309,-0.052358,0.067928,0.264856,-0.068673
0.269555,0.234344,0.062656,0.223719,-0.15185,0.193643,-0.009309,-0.052358,0.067928,0.264856,-0.068673,-0.12228
0.270625,0.234344,0.223719,-0.15185,0.193643,-0.009309,-0.052358,0.067928,0.264856,-0.068673,-0.12228,0.127757
0.274792,0.234344,-0.15185,0.193643,-0.009309,-0.052358,0.067928,0.264856,-0.068673,-0.12228,0.127757,0.119917
0.273714,0.234344,0.193643,-0.009309,-0.052358,0.067928,0.264856,-0.068673,-0.12228,0.127757,0.119917,-0.243604
0.271794,0.234344,-0.009309,-0.052358,0.067928,0.264856,-0.068673,-0.12228,0.127757,0.119917,-0.243604,0.160393
0.2738,0.234344,-0.052358,0.067928,0.264856,-0.068673,-0.12228,0.127757,0.119917,-0.243604,0.160393,-0.151469
0.275683,0.234344,0.067928,0.264856,-0.068673,-0.12228,0.127757,0.119917,-0.243604,0.160393,-0.151469,-0.004438
0.271854,0.234344,0.264856,-0.068673,-0.12228,0.127757,0.119917,-0.243604,0.160393,-0.151469,-0.004438,0.055203
0.274374,0.234344,-0.068673,-0.12228,0.127757,0.119917,-0.243604,0.160393,-0.151469,-0.004438,0.055203,0.068898
0.271997,0.234344,-0.12228,0.127757,0.119917,-0.243604,0.160393,-0.151469,-0.004438,0.055203,0.068898,0.047739
0.271927,0.234344,0.127757,0.119917,-0.243604,0.160393,-0.151469,-0.004438,0.055203,0.068898,0.047739,-0.347517
0.272795,0.234344,0.119917,-0.243604,0.160393,-0.151469,-0.004438,0.055203,0.068898,0.047739,-0.347517,0.201109
0.273878,0.234344,-0.243604,0.160393,-0.151469,-0.004438,0.055203,0.068898,0.047739,-0.347517,0.201109,-0.079592
0.274628,0.234344,0.160393,-0.151469,-0.004438,0.055203,0.068898,0.047739,-0.347517,0.201109,-0.079592,0.001142
0.269168,0.234344,-0.151469,-0.004438,0.055203,0.068898,0.047739,-0.347517,0.201109,-0.079592,0.001142,-0.007438
0.272331,0.234344,-0.004438,0.055203,0.068898,0.047739,-0.347517,0.201109,-0.079592,0.001142,-0.007438,0.051813
0.271079,0.234344,0.055203,0.068898,0.047739,-0.347517,0.201109,-0.079592,0.001142,-0.007438,0.051813,-0.075079
0.271097,0.234344,0.068898,0.047739,-0.347517,0.201109,-0.079592,0.001142,-0.007438,0.051813,-0.075079,0.039146
0.27098,0.234344,0.047739,-0.347517,0.201109,-0.079592,0.001142,-0.007438,0.051813,-0.075079,0.039146,0.294413
0.271794,0.234344,-0.347517,0.201109,-0.079592,0.001142,-0.007438,0.051813,-0.075079,0.039146,0.294413,-0.081715
0.270614,0.223236,0.201109,-0.079592,0.001142,-0.007438,0.051813,-0.075079,0.039146,0.294413,-0.081715,-0.125732
0.27123,0.223236,-0.079592,0.001142,-0.007438,0.051813,-0.075079,0.039146,0.294413,-0.081715,-0.125732,0.118238
0.275858,0.223236,0.001142,-0.007438,0.051813,-0.075079,0.039146,0.294413,-0.081715,-0.125732,0.118238,0.126518
0.274577,0.223236,-0.007438,0.051813,-0.075079,0.039146,0.294413,-0.081715,-0.125732,0.118238,0.126518,-0.115071
0.272604,0.223236,0.051813,-0.075079,0.039146,0.294413,-0.081715,-0.125732,0.118238,0.126518,-0.115071,0.161684
0.27446,0.223236,-0.075079,0.039146,0.294413,-0.081715,-0.125732,0.118238,0.126518,-0.115071,0.161684,-0.019088
0.276445,0.223236,0.039146,0.294413,-0.081715,-0.125732,0.118238,0.126518,-0.115071,0.161684,-0.019088,-0.07956
0.274639,0.223236,0.294413,-0.081715,-0.125732,0.118238,0.126518,-0.115071,0.161684,-0.019088,-0.07956,0.026141
0.277173,0.223236,-0.081715,-0.125732,0.118238,0.126518,-0.115071,0.161684,-0.019088,-0.07956,0.026141,0.235883
0.276875,0.223236,-0.125732,0.118238,0.126518,-0.115071,0.161684,-0.019088,-0.07956,0.026141,0.235883,-0.072343
0.275629,0.223236,0.118238,0.126518,-0.115071,0.161684,-0.019088,-0.07956,0.026141,0.235883,-0.072343,-0.130091
0.276039,0.223236,0.126518,-0.115071,0.161684,-0.019088,-0.07956,0.026141,0.235883,-0.072343,-0.130091,0.102753
0.279734,0.223236,-0.115071,0.161684,-0.019088,-0.07956,0.026141,0.235883,-0.072343,-0.130091,0.102753,-0.000016
0.278603,0.223236,0.161684,-0.019088,-0.07956,0.026141,0.235883,-0.072343,-0.130091,0.102753,-0.000016,0.040734
0.276569,0.223236,-0.019088,-0.07956,0.026141,0.235883,-0.072343,-0.130091,0.102753,-0.000016,0.040734,0.084763
0.278176,0.223236,-0.07956,0.026141,0.235883,-0.072343,-0.130091,0.102753,-0.000016,0.040734,0.084763,-0.042112
0.278176,0.223236,0.026141,0.235883,-0.072343,-0.130091,0.102753,-0.000016,0.040734,0.084763,-0.042112,-0.076959
0.278814,0.223236,0.235883,-0.072343,-0.130091,0.102753,-0.000016,0.040734,0.084763,-0.042112,-0.076959,0.029294
0.280139,0.223236,-0.072343,-0.130091,0.102753,-0.000016,0.040734,0.084763,-0.042112,-0.076959,0.029294,0.230975
0.279481,0.213989,-0.130091,0.102753,-0.000016,0.040734,0.084763,-0.042112,-0.076959,0.029294,0.230975,-0.079143
0.278279,0.213989,0.102753,-0.000016,0.040734,0.084763,-0.042112,-0.076959,0.029294,0.230975,-0.079143,-0.157
0.278737,0.213989,-0.000016,0.040734,0.084763,-0.042112,-0.076959,0.029294,0.230975,-0.079143,-0.157,0.106398
0.282348,0.213989,0.040734,0.084763,-0.042112,-0.076959,0.029294,0.230975,-0.079143,-0.157,0.106398,0.012855
0.281113,0.213989,0.084763,-0.042112,-0.076959,0.029294,0.230975,-0.079143,-0.157,0.106398,0.012855,0.041106
0.278662,0.213989,-0.042112,-0.076959,0.029294,0.230975,-0.079143,-0.157,0.106398,0.012855,0.041106,0.07554
0.280325,0.213989,-0.076959,0.029294,0.230975,-0.079143,-0.157,0.106398,0.012855,0.041106,0.07554,-0.052175
0.280525,0.213989,0.029294,0.230975,-0.079143,-0.157,0.106398,0.012855,0.041106,0.07554,-0.052175,-0.061051
0.281168,0.213989,0.230975,-0.079143,-0.157,0.106398,0.012855,0.041106,0.07554,-0.052175,-0.061051,0.035775
0.282347,0.213989,-0.079143,-0.157,0.106398,0.012855,0.041106,0.07554,-0.052175,-0.061051,0.035775,0.2159
0.281533,0.213989,-0.157,0.106398,0.012855,0.041106,0.07554,-0.052175,-0.061051,0.035775,0.2159,-0.085982
0.280581,0.213989,0.106398,0.012855,0.041106,0.07554,-0.052175,-0.061051,0.035775,0.2159,-0.085982,-0.137965
0.28114,0.213989,0.012855,0.041106,0.07554,-0.052175,-0.061051,0.035775,0.2159,-0.085982,-0.137965,0.106835
0.284509,0.213989,0.041106,0.07554,-0.052175,-0.061051,0.035775,0.2159,-0.085982,-0.137965,0.106835,-0.007056
0.28317,0.213989,0.07554,-0.052175,-0.061051,0.035775,0.2159,-0.085982,-0.137965,0.106835,-0.007056,0.031543
0.28102,0.213989,-0.052175,-0.061051,0.035775,0.2159,-0.085982,-0.137965,0.106835,-0.007056,0.031543,0.082656
0.282686,0.213989,-0.061051,0.035775,0.2159,-0.085982,-0.137965,0.106835,-0.007056,0.031543,0.082656,-0.029189
0.282575,0.213989,0.035775,0.2159,-0.085982,-0.137965,0.106835,-0.007056,0.031543,0.082656,-0.029189,-0.094536
0.283068,0.213989,0.2159,-0.085982,-0.137965,0.106835,-0.007056,0.031543,0.082656,-0.029189,-0.094536,-0.013609
0.284355,0.213989,-0.085982,-0.137965,0.106835,-0.007056,0.031543,0.082656,-0.029189,-0.094536,-0.013609,0.27292
0.283901,0.213989,-0.137965,0.106835,-0.007056,0.031543,0.082656,-0.029189,-0.094536,-0.013609,0.27292,-0.099485
0.282429,0.213989,0.106835,-0.007056,0.031543,0.082656,-0.029189,-0.094536,-0.013609,0.27292,-0.099485,-0.171522
0.282216,0.213989,-0.007056,0.031543,0.082656,-0.029189,-0.094536,-0.013609,0.27292,-0.099485,-0.171522,0.093833
0.28647,0.213989,0.031543,0.082656,-0.029189,-0.094536,-0.013609,0.27292,-0.099485,-0.171522,0.093833,0.055532
0.284923,0.213989,0.082656,-0.029189,-0.094536,-0.013609,0.27292,-0.099485,-0.171522,0.093833,0.055532,-0.017799
0.282253,0.213989,-0.029189,-0.094536,-0.013609,0.27292,-0.099485,-0.171522,0.093833,0.055532,-0.017799,-0.016504
0.283715,0.213989,-0.094536,-0.013609,0.27292,-0.099485,-0.171522,0.093833,0.055532,-0.017799,-0.016504,-0.108535
0.28458,0.213989,-0.013609,0.27292,-0.099485,-0.171522,0.093833,0.055532,-0.017799,-0.016504,-0.108535,-0.143341
0.284303,0.213989,0.27292,-0.099485,-0.171522,0.093833,0.055532,-0.017799,-0.016504,-0.108535,-0.143341,0.071827
0.284046,0.213989,-0.099485,-0.171522,0.093833,0.055532,-0.017799,-0.016504,-0.108535,-0.143341,0.071827,0.225876
0.282356,0.213989,-0.171522,0.093833,0.055532,-0.017799,-0.016504,-0.108535,-0.143341,0.071827,0.225876,-0.076085
0.28012,0.213989,0.093833,0.055532,-0.017799,-0.016504,-0.108535,-0.143341,0.071827,0.225876,-0.076085,-0.141386
0.281242,0.213989,0.055532,-0.017799,-0.016504,-0.108535,-0.143341,0.071827,0.225876,-0.076085,-0.141386,0.093696
0.284767,0.213989,-0.017799,-0.016504,-0.108535,-0.143341,0.071827,0.225876,-0.076085,-0.141386,0.093696,0.032436
0.283582,0.213989,-0.016504,-0.108535,-0.143341,0.071827,0.225876,-0.076085,-0.141386,0.093696,0.032436,-0.014527
0.281379,0.213989,-0.108535,-0.143341,0.071827,0.225876,-0.076085,-0.141386,0.093696,0.032436,-0.014527,0.066102
0.28284,0.213989,-0.143341,0.071827,0.225876,-0.076085,-0.141386,0.093696,0.032436,-0.014527,0.066102,-0.002667
0.283346,0.213989,0.071827,0.225876,-0.076085,-0.141386,0.093696,0.032436,-0.014527,0.066102,-0.002667,-0.107789
0.283119,0.201721,0.225876,-0.076085,-0.141386,0.093696,0.032436,-0.014527,0.066102,-0.002667,-0.107789,-0.003749
0.284149,0.201721,-0.076085,-0.141386,0.093696,0.032436,-0.014527,0.066102,-0.002667,-0.107789,-0.003749,0.213285
0.284107,0.201721,-0.141386,0.093696,0.032436,-0.014527,0.066102,-0.002667,-0.107789,-0.003749,0.213285,-0.056279
0.282429,0.201721,0.093696,0.032436,-0.014527,0.066102,-0.002667,-0.107789,-0.003749,0.213285,-0.056279,-0.161585
0.28237,0.201721,0.032436,-0.014527,0.066102,-0.002667,-0.107789,-0.003749,0.213285,-0.056279,-0.161585,0.064086
0.285695,0.201721,-0.014527,0.066102,-0.002667,-0.107789,-0.003749,0.213285,-0.056279,-0.161585,0.064086,0.032416
0.28482,0.201721,0.066102,-0.002667,-0.107789,-0.003749,0.213285,-0.056279,-0.161585,0.064086,0.032416,0.00859
0.282304,0.201721,-0.002667,-0.107789,-0.003749,0.213285,-0.056279,-0.161585,0.064086,0.032416,0.00859,0.046401
0.283303,0.201721,-0.107789,-0.003749,0.213285,-0.056279,-0.161585,0.064086,0.032416,0.00859,0.046401,-0.05903
0.283808,0.201721,-0.003749,0.213285,-0.056279,-0.161585,0.064086,0.032416,0.00859,0.046401,-0.05903,-0.038392
0.283942,0.201721,0.213285,-0.056279,-0.161585,0.064086,0.032416,0.00859,0.046401,-0.05903,-0.038392,-0.000532
0.284665,0.201721,-0.056279,-0.161585,0.064086,0.032416,0.00859,0.046401,-0.05903,-0.038392,-0.000532,0.190474
0.283746,0.201721,-0.161585,0.064086,0.032416,0.00859,0.046401,-0.05903,-0.038392,-0.000532,0.190474,-0.089482
0.283149,0.201721,0.064086,0.032416,0.00859,0.046401,-0.05903,-0.038392,-0.000532,0.190474,-0.089482,-0.145042
0.28314,0.201721,0.032416,0.00859,0.046401,-0.05903,-0.038392,-0.000532,0.190474,-0.089482,-0.145042,0.090555
0.286109,0.201721,0.00859,0.046401,-0.05903,-0.038392,-0.000532,0.190474,-0.089482,-0.145042,0.090555,0.009298
0.284717,0.201721,0.046401,-0.05903,-0.038392,-0.000532,0.190474,-0.089482,-0.145042,0.090555,0.009298,0.028435
0.282459,0.201721,-0.05903,-0.038392,-0.000532,0.190474,-0.089482,-0.145042,0.090555,0.009298,0.028435,0.049819
0.283869,0.201721,-0.038392,-0.000532,0.190474,-0.089482,-0.145042,0.090555,0.009298,0.028435,0.049819,-0.019266
0.284014,0.201721,-0.000532,0.190474,-0.089482,-0.145042,0.090555,0.009298,0.028435,0.049819,-0.019266,-0.11466
0.284458,0.198852,0.190474,-0.089482,-0.145042,0.090555,0.009298,0.028435,0.049819,-0.019266,-0.11466,0.009356
0.285233,0.198852,-0.089482,-0.145042,0.090555,0.009298,0.028435,0.049819,-0.019266,-0.11466,0.009356,0.210473
0.284933,0.198852,-0.145042,0.090555,0.009298,0.028435,0.049819,-0.019266,-0.11466,0.009356,0.210473,-0.06629
0.283149,0.198852,0.090555,0.009298,0.028435,0.049819,-0.019266,-0.11466,0.009356,0.210473,-0.06629,-0.158531
0.283294,0.198852,0.009298,0.028435,0.049819,-0.019266,-0.11466,0.009356,0.210473,-0.06629,-0.158531,0.070764
0.286574,0.198852,0.028435,0.049819,-0.019266,-0.11466,0.009356,0.210473,-0.06629,-0.158531,0.070764,-0.000632
0.285543,0.198852,0.049819,-0.019266,-0.11466,0.009356,0.210473,-0.06629,-0.158531,0.070764,-0.000632,0.051611
0.283077,0.198852,-0.019266,-0.11466,0.009356,0.210473,-0.06629,-0.158531,0.070764,-0.000632,0.051611,0.036634
0.284178,0.198852,-0.11466,0.009356,0.210473,-0.06629,-0.158531,0.070764,-0.000632,0.051611,0.036634,-0.045859
0.284169,0.198852,0.009356,0.210473,-0.06629,-0.158531,0.070764,-0.000632,0.051611,0.036634,-0.045859,-0.154223
0.284973,0.198852,0.210473,-0.06629,-0.158531,0.070764,-0.000632,0.051611,0.036634,-0.045859,-0.154223,-0.098929
0.285543,0.198852,-0.06629,-0.158531,0.070764,-0.000632,0.051611,0.036634,-0.045859,-0.154223,-0.098929,0.186022
0.28483,0.198852,-0.158531,0.070764,-0.000632,0.051611,0.036634,-0.045859,-0.154223,-0.098929,0.186022,-0.03967
0.282429,0.198852,0.070764,-0.000632,0.051611,0.036634,-0.045859,-0.154223,-0.098929,0.186022,-0.03967,-0.144549
0.280884,0.198852,-0.000632,0.051611,0.036634,-0.045859,-0.154223,-0.098929,0.186022,-0.03967,-0.144549,0.063964
0.283788,0.198852,0.051611,0.036634,-0.045859,-0.154223,-0.098929,0.186022,-0.03967,-0.144549,0.063964,0.055485
0.28317,0.198852,0.036634,-0.045859,-0.154223,-0.098929,0.186022,-0.03967,-0.144549,0.063964,0.055485,-0.113112
0.280917,0.198852,-0.045859,-0.154223,-0.098929,0.186022,-0.03967,-0.144549,0.063964,0.055485,-0.113112,0.072202
0.281915,0.198852,-0.154223,-0.098929,0.186022,-0.03967,-0.144549,0.063964,0.055485,-0.113112,0.072202,-0.258884
0.282781,0.198852,-0.098929,0.186022,-0.03967,-0.144549,0.063964,0.055485,-0.113112,0.072202,-0.258884,-0.050555
0.281014,0.198852,0.186022,-0.03967,-0.144549,0.063964,0.055485,-0.113112,0.072202,-0.258884,-0.050555,-0.077802
0.282141,0.198852,-0.03967,-0.144549,0.063964,0.055485,-0.113112,0.072202,-0.258884,-0.050555,-0.077802,0.268636
0.2781,0.198852,-0.144549,0.063964,0.055485,-0.113112,0.072202,-0.258884,-0.050555,-0.077802,0.268636,-0.16389
0.277309,0.198852,0.063964,0.055485,-0.113112,0.072202,-0.258884,-0.050555,-0.077802,0.268636,-0.16389,-0.136341
0.276089,0.198852,0.055485,-0.113112,0.072202,-0.258884,-0.050555,-0.077802,0.268636,-0.16389,-0.136341,-0.043625
0.280297,0.198852,-0.113112,0.072202,-0.258884,-0.050555,-0.077802,0.268636,-0.16389,-0.136341,-0.043625,0.094166
0.277735,0.198852,0.072202,-0.258884,-0.050555,-0.077802,0.268636,-0.16389,-0.136341,-0.043625,0.094166,0.001494
0.275601,0.198852,-0.258884,-0.050555,-0.077802,0.268636,-0.16389,-0.136341,-0.043625,0.094166,0.001494,0.06779
0.274917,0.198852,-0.050555,-0.077802,0.268636,-0.16389,-0.136341,-0.043625,0.094166,0.001494,0.06779,-0.015826
0.276394,0.198852,-0.077802,0.268636,-0.16389,-0.136341,-0.043625,0.094166,0.001494,0.06779,-0.015826,-0.115369
0.276418,0.198852,0.268636,-0.16389,-0.136341,-0.043625,0.094166,0.001494,0.06779,-0.015826,-0.115369,0.013205
0.277479,0.198852,-0.16389,-0.136341,-0.043625,0.094166,0.001494,0.06779,-0.015826,-0.115369,0.013205,0.196456
0.277232,0.198852,-0.136341,-0.043625,0.094166,0.001494,0.06779,-0.015826,-0.115369,0.013205,0.196456,-0.072248
0.275425,0.198852,-0.043625,0.094166,0.001494,0.06779,-0.015826,-0.115369,0.013205,0.196456,-0.072248,-0.178495
0.275632,0.198852,0.094166,0.001494,0.06779,-0.015826,-0.115369,0.013205,0.196456,-0.072248,-0.178495,0.095932
0.278712,0.198852,0.001494,0.06779,-0.015826,-0.115369,0.013205,0.196456,-0.072248,-0.178495,0.095932,-0.009548
0.277581,0.198852,0.06779,-0.015826,-0.115369,0.013205,0.196456,-0.072248,-0.178495,0.095932,-0.009548,0.033917
0.274787,0.198852,-0.015826,-0.115369,0.013205,0.196456,-0.072248,-0.178495,0.095932,-0.009548,0.033917,0.028731
0.27629,0.198852,-0.115369,0.013205,0.196456,-0.072248,-0.178495,0.095932,-0.009548,0.033917,0.028731,-0.038633
0.27614,0.195465,0.013205,0.196456,-0.072248,-0.178495,0.095932,-0.009548,0.033917,0.028731,-0.038633,-0.098918
0.276672,0.195465,0.196456,-0.072248,-0.178495,0.095932,-0.009548,0.033917,0.028731,-0.038633,-0.098918,0.022928
0.277122,0.195465,-0.072248,-0.178495,0.095932,-0.009548,0.033917,0.028731,-0.038633,-0.098918,0.022928,0.173495
0.276518,0.195465,-0.178495,0.095932,-0.009548,0.033917,0.028731,-0.038633,-0.098918,0.022928,0.173495,-0.055908
0.274968,0.195465,0.095932,-0.009548,0.033917,0.028731,-0.038633,-0.098918,0.022928,0.173495,-0.055908,-0.155644
0.275328,0.195465,-0.009548,0.033917,0.028731,-0.038633,-0.098918,0.022928,0.173495,-0.055908,-0.155644,0.10893
0.278048,0.195465,0.033917,0.028731,-0.038633,-0.098918,0.022928,0.173495,-0.055908,-0.155644,0.10893,-0.022533
0.277173,0.195465,0.028731,-0.038633,-0.098918,0.022928,0.173495,-0.055908,-0.155644,0.10893,-0.022533,0.020933
0.274736,0.195465,-0.038633,-0.098918,0.022928,0.173495,-0.055908,-0.155644,0.10893,-0.022533,0.020933,-0.0201
0.276443,0.195465,-0.098918,0.022928,0.173495,-0.055908,-0.155644,0.10893,-0.022533,0.020933,-0.0201,-0.103467
0.276089,0.195465,0.022928,0.173495,-0.055908,-0.155644,0.10893,-0.022533,0.020933,-0.0201,-0.103467,-0.143434
0.276418,0.195465,0.173495,-0.055908,-0.155644,0.10893,-0.022533,0.020933,-0.0201,-0.103467,-0.143434,-0.012265
0.276103,0.195465,-0.055908,-0.155644,0.10893,-0.022533,0.020933,-0.0201,-0.103467,-0.143434,-0.012265,0.117063
0.274482,0.195465,-0.155644,0.10893,-0.022533,0.020933,-0.0201,-0.103467,-0.143434,-0.012265,0.117063,-0.116926
0.27223,0.195465,0.10893,-0.022533,0.020933,-0.0201,-0.103467,-0.143434,-0.012265,0.117063,-0.116926,-0.083302
0.272037,0.195465,-0.022533,0.020933,-0.0201,-0.103467,-0.143434,-0.012265,0.117063,-0.116926,-0.083302,0.056673
0.273878,0.195465,0.020933,-0.0201,-0.103467,-0.143434,-0.012265,0.117063,-0.116926,-0.083302,0.056673,0.007053
0.272042,0.194824,-0.0201,-0.103467,-0.143434,-0.012265,0.117063,-0.116926,-0.083302,0.056673,0.007053,0.062229
0.270732,0.194824,-0.103467,-0.143434,-0.012265,0.117063,-0.116926,-0.083302,0.056673,0.007053,0.062229,0.034595
0.271624,0.194824,-0.143434,-0.012265,0.117063,-0.116926,-0.083302,0.056673,0.007053,0.062229,0.034595,-0.025453
0.271735,0.194824,-0.012265,0.117063,-0.116926,-0.083302,0.056673,0.007053,0.062229,0.034595,-0.025453,-0.078559
0.272714,0.194824,0.117063,-0.116926,-0.083302,0.056673,0.007053,0.062229,0.034595,-0.025453,-0.078559,0.010259
0.273257,0.194824,-0.116926,-0.083302,0.056673,0.007053,0.062229,0.034595,-0.025453,-0.078559,0.010259,0.204146
0.272858,0.194824,-0.083302,0.056673,0.007053,0.062229,0.034595,-0.025453,-0.078559,0.010259,0.204146,-0.197716
0.271624,0.194824,0.056673,0.007053,0.062229,0.034595,-0.025453,-0.078559,0.010259,0.204146,-0.197716,-0.141018
0.271785,0.194824,0.007053,0.062229,0.034595,-0.025453,-0.078559,0.010259,0.204146,-0.197716,-0.141018,-0.227332
0.274995,0.194824,0.062229,0.034595,-0.025453,-0.078559,0.010259,0.204146,-0.197716,-0.141018,-0.227332,0.194914
0.27189,0.194824,0.034595,-0.025453,-0.078559,0.010259,0.204146,-0.197716,-0.141018,-0.227332,0.194914,-0.142131
0.269672,0.194824,-0.025453,-0.078559,0.010259,0.204146,-0.197716,-0.141018,-0.227332,0.194914,-0.142131,0.12936
0.266089,0.194824,-0.078559,0.010259,0.204146,-0.197716,-0.141018,-0.227332,0.194914,-0.142131,0.12936,0.009882
0.269166,0.194824,0.010259,0.204146,-0.197716,-0.141018,-0.227332,0.194914,-0.142131,0.12936,0.009882,-0.090371
0.266922,0.194824,0.204146,-0.197716,-0.141018,-0.227332,0.194914,-0.142131,0.12936,0.009882,-0.090371,0.016919
0.268962,0.194824,-0.197716,-0.141018,-0.227332,0.194914,-0.142131,0.12936,0.009882,-0.090371,0.016919,0.211682
0.269118,0.194824,-0.141018,-0.227332,0.194914,-0.142131,0.12936,0.009882,-0.090371,0.016919,0.211682,-0.061987
0.267694,0.194824,-0.227332,0.194914,-0.142131,0.12936,0.009882,-0.090371,0.016919,0.211682,-0.061987,-0.153306
0.267961,0.194824,0.194914,-0.142131,0.12936,0.009882,-0.090371,0.016919,0.211682,-0.061987,-0.153306,0.085239
0.271299,0.194824,-0.142131,0.12936,0.009882,-0.090371,0.016919,0.211682,-0.061987,-0.153306,0.085239,0.023202
0.270323,0.194824,0.12936,0.009882,-0.090371,0.016919,0.211682,-0.061987,-0.153306,0.085239,0.023202,-0.088203
0.26791,0.194824,0.009882,-0.090371,0.016919,0.211682,-0.061987,-0.153306,0.085239,0.023202,-0.088203,0.056234
0.269253,0.194824,-0.090371,0.016919,0.211682,-0.061987,-0.153306,0.085239,0.023202,-0.088203,0.056234,-0.15608
0.269618,0.194824,0.016919,0.211682,-0.061987,-0.153306,0.085239,0.023202,-0.088203,0.056234,-0.15608,-0.051653
0.268227,0.194824,0.211682,-0.061987,-0.153306,0.085239,0.023202,-0.088203,0.056234,-0.15608,-0.051653,0.042352
0.269113,0.194824,-0.061987,-0.153306,0.085239,0.023202,-0.088203,0.056234,-0.15608,-0.051653,0.042352,0.169366
0.266654,0.194824,-0.153306,0.085239,0.023202,-0.088203,0.056234,-0.15608,-0.051653,0.042352,0.169366,-0.039502
0.265838,0.194824,0.085239,0.023202,-0.088203,0.056234,-0.15608,-0.051653,0.042352,0.169366,-0.039502,-0.159069
0.266508,0.194824,0.023202,-0.088203,0.056234,-0.15608,-0.051653,0.042352,0.169366,-0.039502,-0.159069,0.097721
0.269182,0.194824,-0.088203,0.056234,-0.15608,-0.051653,0.042352,0.169366,-0.039502,-0.159069,0.097721,-0.109876
0.268559,0.194824,0.056234,-0.15608,-0.051653,0.042352,0.169366,-0.039502,-0.159069,0.097721,-0.109876,0.035641
0.266052,0.194824,-0.15608,-0.051653,0.042352,0.169366,-0.039502,-0.159069,0.097721,-0.109876,0.035641,-0.15973
0.267593,0.194824,-0.051653,0.042352,0.169366,-0.039502,-0.159069,0.097721,-0.109876,0.035641,-0.15973,-0.018792
0.265857,0.194824,0.042352,0.169366,-0.039502,-0.159069,0.097721,-0.109876,0.035641,-0.15973,-0.018792,-0.151652
0.266421,0.194824,0.169366,-0.039502,-0.159069,0.097721,-0.109876,0.035641,-0.15973,-0.018792,-0.151652,0.051756
0.263896,0.194824,-0.039502,-0.159069,0.097721,-0.109876,0.035641,-0.15973,-0.018792,-0.151652,0.051756,0.236809
0.263599,0.194824,-0.159069,0.097721,-0.109876,0.035641,-0.15973,-0.018792,-0.151652,0.051756,0.236809,-0.086924
0.261198,0.192993,0.097721,-0.109876,0.035641,-0.15973,-0.018792,-0.151652,0.051756,0.236809,-0.086924,-0.119821
0.262019,0.192993,-0.109876,0.035641,-0.15973,-0.018792,-0.151652,0.051756,0.236809,-0.086924,-0.119821,0.059264
0.26577,0.192993,0.035641,-0.15973,-0.018792,-0.151652,0.051756,0.236809,-0.086924,-0.119821,0.059264,-0.164693
0.264396,0.192993,-0.15973,-0.018792,-0.151652,0.051756,0.236809,-0.086924,-0.119821,0.059264,-0.164693,0.02865
0.262501,0.192993,-0.018792,-0.151652,0.051756,0.236809,-0.086924,-0.119821,0.059264,-0.164693,0.02865,0.095667
0.263439,0.192993,-0.151652,0.051756,0.236809,-0.086924,-0.119821,0.059264,-0.164693,0.02865,0.095667,-0.006161
0.260827,0.192993,0.051756,0.236809,-0.086924,-0.119821,0.059264,-0.164693,0.02865,0.095667,-0.006161,-0.076047
0.261282,0.192993,0.236809,-0.086924,-0.119821,0.059264,-0.164693,0.02865,0.095667,-0.006161,-0.076047,-0.039026
0.262798,0.192993,-0.086924,-0.119821,0.059264,-0.164693,0.02865,0.095667,-0.006161,-0.076047,-0.039026,0.11018
0.262701,0.192993,-0.119821,0.059264,-0.164693,0.02865,0.095667,-0.006161,-0.076047,-0.039026,0.11018,-0.111623
0.261496,0.192993,0.059264,-0.164693,0.02865,0.095667,-0.006161,-0.076047,-0.039026,0.11018,-0.111623,-0.143879
0.260877,0.192993,-0.164693,0.02865,0.095667,-0.006161,-0.076047,-0.039026,0.11018,-0.111623,-0.143879,0.105867
0.262625,0.192993,0.02865,0.095667,-0.006161,-0.076047,-0.039026,0.11018,-0.111623,-0.143879,0.105867,0.039232
0.260856,0.192993,0.095667,-0.006161,-0.076047,-0.039026,0.11018,-0.111623,-0.143879,0.105867,0.039232,0.041183
0.258574,0.192993,-0.006161,-0.076047,-0.039026,0.11018,-0.111623,-0.143879,0.105867,0.039232,0.041183,-0.042548
0.260254,0.192993,-0.076047,-0.039026,0.11018,-0.111623,-0.143879,0.105867,0.039232,0.041183,-0.042548,-0.097008
0.260877,0.192993,-0.039026,0.11018,-0.111623,-0.143879,0.105867,0.039232,0.041183,-0.042548,-0.097008,-0.131218
0.261531,0.193787,0.11018,-0.111623,-0.143879,0.105867,0.039232,0.041183,-0.042548,-0.097008,-0.131218,-0.013439
0.260856,0.193787,-0.111623,-0.143879,0.105867,0.039232,0.041183,-0.042548,-0.097008,-0.131218,-0.013439,0.118271
0.259318,0.193787,-0.143879,0.105867,0.039232,0.041183,-0.042548,-0.097008,-0.131218,-0.013439,0.118271,-0.247301
0.257233,0.193787,0.105867,0.039232,0.041183,-0.042548,-0.097008,-0.131218,-0.013439,0.118271,-0.247301,-0.092706
0.257019,0.193787,0.039232,0.041183,-0.042548,-0.097008,-0.131218,-0.013439,0.118271,-0.247301,-0.092706,-0.168839
0.258902,0.193787,0.041183,-0.042548,-0.097008,-0.131218,-0.013439,0.118271,-0.247301,-0.092706,-0.168839,0.183299
0.254967,0.193787,-0.042548,-0.097008,-0.131218,-0.013439,0.118271,-0.247301,-0.092706,-0.168839,0.183299,-0.122639
0.25349,0.193787,-0.097008,-0.131218,-0.013439,0.118271,-0.247301,-0.092706,-0.168839,0.183299,-0.122639,0.043546
0.250795,0.193787,-0.131218,-0.013439,0.118271,-0.247301,-0.092706,-0.168839,0.183299,-0.122639,0.043546,-0.061541
0.253725,0.193787,-0.013439,0.118271,-0.247301,-0.092706,-0.168839,0.183299,-0.122639,0.043546,-0.061541,-0.131331
0.251765,0.193787,0.118271,-0.247301,-0.092706,-0.168839,0.183299,-0.122639,0.043546,-0.061541,-0.131331,0.042345
0.25246,0.193787,-0.247301,-0.092706,-0.168839,0.183299,-0.122639,0.043546,-0.061541,-0.131331,0.042345,0.232473
0.251478,0.193787,-0.092706,-0.168839,0.183299,-0.122639,0.043546,-0.061541,-0.131331,0.042345,0.232473,-0.060847
0.249379,0.193787,-0.168839,0.183299,-0.122639,0.043546,-0.061541,-0.131331,0.042345,0.232473,-0.060847,-0.119868
0.250057,0.193787,0.183299,-0.122639,0.043546,-0.061541,-0.131331,0.042345,0.232473,-0.060847,-0.119868,0.107496
0.253775,0.193787,-0.122639,0.043546,-0.061541,-0.131331,0.042345,0.232473,-0.060847,-0.119868,0.107496,-0.022021
0.252804,0.193787,0.043546,-0.061541,-0.131331,0.042345,0.232473,-0.060847,-0.119868,0.107496,-0.022021,0.03368
0.25089,0.193787,-0.061541,-0.131331,0.042345,0.232473,-0.060847,-0.119868,0.107496,-0.022021,0.03368,0.059137
0.252607,0.193787,-0.131331,0.042345,0.232473,-0.060847,-0.119868,0.107496,-0.022021,0.03368,0.059137,-0.120116
0.252255,0.193787,0.042345,0.232473,-0.060847,-0.119868,0.107496,-0.022021,0.03368,0.059137,-0.120116,-0.113144
0.252793,0.193787,0.232473,-0.060847,-0.119868,0.107496,-0.022021,0.03368,0.059137,-0.120116,-0.113144,-0.115781
0.253737,0.193787,-0.060847,-0.119868,0.107496,-0.022021,0.03368,0.059137,-0.120116,-0.113144,-0.115781,0.164047
0.251821,0.193787,-0.119868,0.107496,-0.022021,0.03368,0.059137,-0.120116,-0.113144,-0.115781,0.164047,-0.109453
0.250013,0.193787,0.107496,-0.022021,0.03368,0.059137,-0.120116,-0.113144,-0.115781,0.164047,-0.109453,-0.121915
0.248158,0.193787,-0.022021,0.03368,0.059137,-0.120116,-0.113144,-0.115781,0.164047,-0.109453,-0.121915,0.137229
0.250787,0.193787,0.03368,0.059137,-0.120116,-0.113144,-0.115781,0.164047,-0.109453,-0.121915,0.137229,0.088058
0.249036,0.193787,0.059137,-0.120116,-0.113144,-0.115781,0.164047,-0.109453,-0.121915,0.137229,0.088058,-0.134087
0.247084,0.193787,-0.120116,-0.113144,-0.115781,0.164047,-0.109453,-0.121915,0.137229,0.088058,-0.134087,0.140697
0.249281,0.193787,-0.113144,-0.115781,0.164047,-0.109453,-0.121915,0.137229,0.088058,-0.134087,0.140697,-0.094926
0.250691,0.193787,-0.115781,0.164047,-0.109453,-0.121915,0.137229,0.088058,-0.134087,0.140697,-0.094926,-0.194131
0.248543,0.193787,0.164047,-0.109453,-0.121915,0.137229,0.088058,-0.134087,0.140697,-0.094926,-0.194131,-0.180327
0.250794,0.193787,-0.109453,-0.121915,0.137229,0.088058,-0.134087,0.140697,-0.094926,-0.194131,-0.180327,0.240383
0.249277,0.193787,-0.121915,0.137229,0.088058,-0.134087,0.140697,-0.094926,-0.194131,-0.180327,0.240383,-0.039222
0.246167,0.193787,0.137229,0.088058,-0.134087,0.140697,-0.094926,-0.194131,-0.180327,0.240383,-0.039222,-0.109152
0.243268,0.193787,0.088058,-0.134087,0.140697,-0.094926,-0.194131,-0.180327,0.240383,-0.039222,-0.109152,0.103289
0.247133,0.193787,-0.134087,0.140697,-0.094926,-0.194131,-0.180327,0.240383,-0.039222,-0.109152,0.103289,0.093792
0.246504,0.19455,0.140697,-0.094926,-0.194131,-0.180327,0.240383,-0.039222,-0.109152,0.103289,0.093792,-0.118276
0.244753,0.19455,-0.094926,-0.194131,-0.180327,0.240383,-0.039222,-0.109152,0.103289,0.093792,-0.118276,0.145721
0.24641,0.19455,-0.194131,-0.180327,0.240383,-0.039222,-0.109152,0.103289,0.093792,-0.118276,0.145721,-0.042784
0.247915,0.19455,-0.180327,0.240383,-0.039222,-0.109152,0.103289,0.093792,-0.118276,0.145721,-0.042784,-0.05727
0.246016,0.19455,0.240383,-0.039222,-0.109152,0.103289,0.093792,-0.118276,0.145721,-0.042784,-0.05727,0.024185
0.248353,0.19455,-0.039222,-0.109152,0.103289,0.093792,-0.118276,0.145721,-0.042784,-0.05727,0.024185,0.200154
0.247668,0.19455,-0.109152,0.103289,0.093792,-0.118276,0.145721,-0.042784,-0.05727,0.024185,0.200154,-0.10633
0.24675,0.19455,0.103289,0.093792,-0.118276,0.145721,-0.042784,-0.05727,0.024185,0.200154,-0.10633,-0.127879
0.247138,0.19455,0.093792,-0.118276,0.145721,-0.042784,-0.05727,0.024185,0.200154,-0.10633,-0.127879,0.094503
0.250347,0.19455,-0.118276,0.145721,-0.042784,-0.05727,0.024185,0.200154,-0.10633,-0.127879,0.094503,0.097055
0.248645,0.19455,0.145721,-0.042784,-0.05727,0.024185,0.200154,-0.10633,-0.127879,0.094503,0.097055,-0.136847
0.246597,0.19455,-0.042784,-0.05727,0.024185,0.200154,-0.10633,-0.127879,0.094503,0.097055,-0.136847,0.109743
0.248112,0.19455,-0.05727,0.024185,0.200154,-0.10633,-0.127879,0.094503,0.097055,-0.136847,0.109743,-0.024566
0.249667,0.19455,0.024185,0.200154,-0.10633,-0.127879,0.094503,0.097055,-0.136847,0.109743,-0.024566,-0.072697
0.247473,0.19455,0.200154,-0.10633,-0.127879,0.094503,0.097055,-0.136847,0.109743,-0.024566,-0.072697,0.027182
0.249231,0.19455,-0.10633,-0.127879,0.094503,0.097055,-0.136847,0.109743,-0.024566,-0.072697,0.027182,0.087826
0.248838,0.193512,-0.127879,0.094503,0.097055,-0.136847,0.109743,-0.024566,-0.072697,0.027182,0.087826,-0.027063
0.247674,0.193512,0.094503,0.097055,-0.136847,0.109743,-0.024566,-0.072697,0.027182,0.087826,-0.027063,-0.276363
0.24811,0.193512,0.097055,-0.136847,0.109743,-0.024566,-0.072697,0.027182,0.087826,-0.027063,-0.276363,0.163873
0.249518,0.193512,-0.136847,0.109743,-0.024566,-0.072697,0.027182,0.087826,-0.027063,-0.276363,0.163873,0.075702
0.249084,0.193512,0.109743,-0.024566,-0.072697,0.027182,0.087826,-0.027063,-0.276363,0.163873,0.075702,-0.248043
0.244656,0.193512,-0.024566,-0.072697,0.027182,0.087826,-0.027063,-0.276363,0.163873,0.075702,-0.248043,0.178443
0.247285,0.193512,-0.072697,0.027182,0.087826,-0.027063,-0.276363,0.163873,0.075702,-0.248043,0.178443,-0.142629
0.248499,0.193512,0.027182,0.087826,-0.027063,-0.276363,0.163873,0.075702,-0.248043,0.178443,-0.142629,-0.020594
0.244515,0.193512,0.087826,-0.027063,-0.276363,0.163873,0.075702,-0.248043,0.178443,-0.142629,-0.020594,0.003209
0.247379,0.193512,-0.027063,-0.276363,0.163873,0.075702,-0.248043,0.178443,-0.142629,-0.020594,0.003209,0.059773
0.245092,0.193512,-0.276363,0.163873,0.075702,-0.248043,0.178443,-0.142629,-0.020594,0.003209,0.059773,-0.069379
0.244761,0.193512,0.163873,0.075702,-0.248043,0.178443,-0.142629,-0.020594,0.003209,0.059773,-0.069379,-0.093675
0.244813,0.193512,0.075702,-0.248043,0.178443,-0.142629,-0.020594,0.003209,0.059773,-0.069379,-0.093675,0.066826
0.245774,0.193512,-0.248043,0.178443,-0.142629,-0.020594,0.003209,0.059773,-0.069379,-0.093675,0.066826,0.114622
0.24466,0.193512,0.178443,-0.142629,-0.020594,0.003209,0.059773,-0.069379,-0.093675,0.066826,0.114622,-0.129879
0.243155,0.193512,-0.142629,-0.020594,0.003209,0.059773,-0.069379,-0.093675,0.066826,0.114622,-0.129879,0.141822
0.244229,0.193512,-0.020594,0.003209,0.059773,-0.069379,-0.093675,0.066826,0.114622,-0.129879,0.141822,-0.024457
0.246071,0.193512,0.003209,0.059773,-0.069379,-0.093675,0.066826,0.114622,-0.129879,0.141822,-0.024457,-0.075012
0.243983,0.193512,0.059773,-0.069379,-0.093675,0.066826,0.114622,-0.129879,0.141822,-0.024457,-0.075012,0.018262
0.246261,0.193512,-0.069379,-0.093675,0.066826,0.114622,-0.129879,0.141822,-0.024457,-0.075012,0.018262,0.235399
0.245868,0.193512,-0.093675,0.066826,0.114622,-0.129879,0.141822,-0.024457,-0.075012,0.018262,0.235399,-0.084815
0.244664,0.193512,0.066826,0.114622,-0.129879,0.141822,-0.024457,-0.075012,0.018262,0.235399,-0.084815,-0.145651
0.244958,0.193512,0.114622,-0.129879,0.141822,-0.024457,-0.075012,0.018262,0.235399,-0.084815,-0.145651,0.118492
0.248738,0.193512,-0.129879,0.141822,-0.024457,-0.075012,0.018262,0.235399,-0.084815,-0.145651,0.118492,0.084761
0.247379,0.193512,0.141822,-0.024457,-0.075012,0.018262,0.235399,-0.084815,-0.145651,0.118492,0.084761,-0.130447
0.245044,0.193512,-0.024457,-0.075012,0.018262,0.235399,-0.084815,-0.145651,0.118492,0.084761,-0.130447,0.118434
0.246944,0.193512,-0.075012,0.018262,0.235399,-0.084815,-0.145651,0.118492,0.084761,-0.130447,0.118434,0.005912
0.248304,0.193512,0.018262,0.235399,-0.084815,-0.145651,0.118492,0.084761,-0.130447,0.118434,0.005912,-0.087708
0.24621,0.193512,0.235399,-0.084815,-0.145651,0.118492,0.084761,-0.130447,0.118434,0.005912,-0.087708,0.009065
0.248109,0.193512,-0.084815,-0.145651,0.118492,0.084761,-0.130447,0.118434,0.005912,-0.087708,0.009065,0.197003
0.248204,0.193512,-0.145651,0.118492,0.084761,-0.130447,0.118434,0.005912,-0.087708,0.009065,0.197003,-0.051462
0.246799,0.193512,0.118492,0.084761,-0.130447,0.118434,0.005912,-0.087708,0.009065,0.197003,-0.051462,-0.12806
0.246944,0.193512,0.084761,-0.130447,0.118434,0.005912,-0.087708,0.009065,0.197003,-0.051462,-0.12806,0.088521
0.250103,0.193512,-0.130447,0.118434,0.005912,-0.087708,0.009065,0.197003,-0.051462,-0.12806,0.088521,0.008926
0.24928,0.193512,0.118434,0.005912,-0.087708,0.009065,0.197003,-0.051462,-0.12806,0.088521,0.008926,0.036233
0.24723,0.194946,0.005912,-0.087708,0.009065,0.197003,-0.051462,-0.12806,0.088521,0.008926,0.036233,0.055322
0.248647,0.194946,-0.087708,0.009065,0.197003,-0.051462,-0.12806,0.088521,0.008926,0.036233,0.055322,-0.049047
0.248791,0.194946,0.009065,0.197003,-0.051462,-0.12806,0.088521,0.008926,0.036233,0.055322,-0.049047,-0.075885
0.249371,0.194946,0.197003,-0.051462,-0.12806,0.088521,0.008926,0.036233,0.055322,-0.049047,-0.075885,-0.027424
0.250256,0.194946,-0.051462,-0.12806,0.088521,0.008926,0.036233,0.055322,-0.049047,-0.075885,-0.027424,0.09687
0.249472,0.194946,-0.12806,0.088521,0.008926,0.036233,0.055322,-0.049047,-0.075885,-0.027424,0.09687,-0.115269
0.248258,0.194946,0.088521,0.008926,0.036233,0.055322,-0.049047,-0.075885,-0.027424,0.09687,-0.115269,-0.109404
0.247818,0.194946,0.008926,0.036233,0.055322,-0.049047,-0.075885,-0.027424,0.09687,-0.115269,-0.109404,0.139925
0.249371,0.194946,0.036233,0.055322,-0.049047,-0.075885,-0.027424,0.09687,-0.115269,-0.109404,0.139925,-0.099942
0.247525,0.194946,0.055322,-0.049047,-0.075885,-0.027424,0.09687,-0.115269,-0.109404,0.139925,-0.099942,0.03588
0.245771,0.194946,-0.049047,-0.075885,-0.027424,0.09687,-0.115269,-0.109404,0.139925,-0.099942,0.03588,-0.060401
0.248014,0.194946,-0.075885,-0.027424,0.09687,-0.115269,-0.109404,0.139925,-0.099942,0.03588,-0.060401,0.017957
0.246411,0.194946,-0.027424,0.09687,-0.115269,-0.109404,0.139925,-0.099942,0.03588,-0.060401,0.017957,-0.035847
0.246987,0.194946,0.09687,-0.115269,-0.109404,0.139925,-0.099942,0.03588,-0.060401,0.017957,-0.035847,-0.00894
0.246018,0.194946,-0.115269,-0.109404,0.139925,-0.099942,0.03588,-0.060401,0.017957,-0.035847,-0.00894,0.260148
0.246306,0.194946,-0.109404,0.139925,-0.099942,0.03588,-0.060401,0.017957,-0.035847,-0.00894,0.260148,-0.197278
0.245731,0.194946,0.139925,-0.099942,0.03588,-0.060401,0.017957,-0.035847,-0.00894,0.260148,-0.197278,-0.103137
0.245587,0.196259,-0.099942,0.03588,-0.060401,0.017957,-0.035847,-0.00894,0.260148,-0.197278,-0.103137,-0.059738
0.249761,0.196259,0.03588,-0.060401,0.017957,-0.035847,-0.00894,0.260148,-0.197278,-0.103137,-0.059738,0.17193
0.246601,0.196259,-0.060401,0.017957,-0.035847,-0.00894,0.260148,-0.197278,-0.103137,-0.059738,0.17193,-0.12404
0.244947,0.196259,0.017957,-0.035847,-0.00894,0.260148,-0.197278,-0.103137,-0.059738,0.17193,-0.12404,0.139119
0.243987,0.196259,-0.035847,-0.00894,0.260148,-0.197278,-0.103137,-0.059738,0.17193,-0.12404,0.139119,-0.015377
0.24675,0.196259,-0.00894,0.260148,-0.197278,-0.103137,-0.059738,0.17193,-0.12404,0.139119,-0.015377,-0.069182
0.244757,0.196259,0.260148,-0.197278,-0.103137,-0.059738,0.17193,-0.12404,0.139119,-0.015377,-0.069182,0.009158
0.24699,0.196259,-0.197278,-0.103137,-0.059738,0.17193,-0.12404,0.139119,-0.015377,-0.069182,0.009158,0.229835
0.246743,0.196259,-0.103137,-0.059738,0.17193,-0.12404,0.139119,-0.015377,-0.069182,0.009158,0.229835,-0.097064
0.245634,0.196259,-0.059738,0.17193,-0.12404,0.139119,-0.015377,-0.069182,0.009158,0.229835,-0.097064,-0.170025
0.245781,0.196259,0.17193,-0.12404,0.139119,-0.015377,-0.069182,0.009158,0.229835,-0.097064,-0.170025,-0.089891
0.249469,0.196259,-0.12404,0.139119,-0.015377,-0.069182,0.009158,0.229835,-0.097064,-0.170025,-0.089891,-0.080556
0.247914,0.196259,0.139119,-0.015377,-0.069182,0.009158,0.229835,-0.097064,-0.170025,-0.089891,-0.080556,-0.096202
0.245189,0.196259,-0.015377,-0.069182,0.009158,0.229835,-0.097064,-0.170025,-0.089891,-0.080556,-0.096202,0.155546
0.243745,0.196259,-0.069182,0.009158,0.229835,-0.097064,-0.170025,-0.089891,-0.080556,-0.096202,0.155546,-0.08142
0.242448,0.196259,0.009158,0.229835,-0.097064,-0.170025,-0.089891,-0.080556,-0.096202,0.155546,-0.08142,-0.130794
0.240897,0.196259,0.229835,-0.097064,-0.170025,-0.089891,-0.080556,-0.096202,0.155546,-0.08142,-0.130794,-0.03201
0.243401,0.196259,-0.097064,-0.170025,-0.089891,-0.080556,-0.096202,0.155546,-0.08142,-0.130794,-0.03201,0.279971
0.242092,0.196259,-0.170025,-0.089891,-0.080556,-0.096202,0.155546,-0.08142,-0.130794,-0.03201,0.279971,-0.063209
0.239986,0.196259,-0.089891,-0.080556,-0.096202,0.155546,-0.08142,-0.130794,-0.03201,0.279971,-0.063209,-0.147202
0.239469,0.196259,-0.080556,-0.096202,0.155546,-0.08142,-0.130794,-0.03201,0.279971,-0.063209,-0.147202,0.150518
0.243983,0.196259,-0.096202,0.155546,-0.08142,-0.130794,-0.03201,0.279971,-0.063209,-0.147202,0.150518,0.099382
0.242966,0.196259,0.155546,-0.08142,-0.130794,-0.03201,0.279971,-0.063209,-0.147202,0.150518,0.099382,-0.147469
0.240598,0.196259,-0.08142,-0.130794,-0.03201,0.279971,-0.063209,-0.147202,0.150518,0.099382,-0.147469,0.113976
0.243021,0.196259,-0.130794,-0.03201,0.279971,-0.063209,-0.147202,0.150518,0.099382,-0.147469,0.113976,-0.009313
0.24462,0.196259,-0.03201,0.279971,-0.063209,-0.147202,0.150518,0.099382,-0.147469,0.113976,-0.009313,-0.059528
0.242245,0.196259,0.279971,-0.063209,-0.147202,0.150518,0.099382,-0.147469,0.113976,-0.009313,-0.059528,0.003371
0.244079,0.196259,-0.063209,-0.147202,0.150518,0.099382,-0.147469,0.113976,-0.009313,-0.059528,0.003371,0.210007
0.243929,0.196259,-0.147202,0.150518,0.099382,-0.147469,0.113976,-0.009313,-0.059528,0.003371,0.210007,-0.057341
0.242972,0.196259,0.150518,0.099382,-0.147469,0.113976,-0.009313,-0.059528,0.003371,0.210007,-0.057341,-0.132993
0.243027,0.196259,0.099382,-0.147469,0.113976,-0.009313,-0.059528,0.003371,0.210007,-0.057341,-0.132993,0.081901
0.246404,0.196259,-0.147469,0.113976,-0.009313,-0.059528,0.003371,0.210007,-0.057341,-0.132993,0.081901,0.000218
0.245484,0.196259,0.113976,-0.009313,-0.059528,0.003371,0.210007,-0.057341,-0.132993,0.081901,0.000218,0.035627
0.243349,0.196259,-0.009313,-0.059528,0.003371,0.210007,-0.057341,-0.132993,0.081901,0.000218,0.035627,0.042346
0.244664,0.196259,-0.059528,0.003371,0.210007,-0.057341,-0.132993,0.081901,0.000218,0.035627,0.042346,-0.036543
0.244668,0.197418,0.003371,0.210007,-0.057341,-0.132993,0.081901,0.000218,0.035627,0.042346,-0.036543,-0.068851
0.245241,0.197418,0.210007,-0.057341,-0.132993,0.081901,0.000218,0.035627,0.042346,-0.036543,-0.068851,0.024288
0.245921,0.197418,-0.057341,-0.132993,0.081901,0.000218,0.035627,0.042346,-0.036543,-0.068851,0.024288,0.059728
0.245335,0.197418,-0.132993,0.081901,0.000218,0.035627,0.042346,-0.036543,-0.068851,0.024288,0.059728,-0.024104
0.244229,0.197418,0.081901,0.000218,0.035627,0.042346,-0.036543,-0.068851,0.024288,0.059728,-0.024104,-0.32168
0.24462,0.197418,0.000218,0.035627,0.042346,-0.036543,-0.068851,0.024288,0.059728,-0.024104,-0.32168,-0.017048
0.24558,0.197418,0.035627,0.042346,-0.036543,-0.068851,0.024288,0.059728,-0.024104,-0.32168,-0.017048,-0.058655
0.245193,0.197418,0.042346,-0.036543,-0.068851,0.024288,0.059728,-0.024104,-0.32168,-0.017048,-0.058655,-0.101486
0.24002,0.197418,-0.036543,-0.068851,0.024288,0.059728,-0.024104,-0.32168,-0.017048,-0.058655,-0.101486,0.18664
0.239746,0.197418,-0.068851,0.024288,0.059728,-0.024104,-0.32168,-0.017048,-0.058655,-0.101486,0.18664,-0.021247
0.238798,0.197418,0.024288,0.059728,-0.024104,-0.32168,-0.017048,-0.058655,-0.101486,0.18664,-0.021247,-0.058686
0.237157,0.197418,0.059728,-0.024104,-0.32168,-0.017048,-0.058655,-0.101486,0.18664,-0.021247,-0.058686,0.048255
0.24017,0.197418,-0.024104,-0.32168,-0.017048,-0.058655,-0.101486,0.18664,-0.021247,-0.058686,0.048255,0.205104
0.239828,0.197418,-0.32168,-0.017048,-0.058655,-0.101486,0.18664,-0.021247,-0.058686,0.048255,0.205104,-0.078111
0.238881,0.197418,-0.017048,-0.058655,-0.101486,0.18664,-0.021247,-0.058686,0.048255,0.205104,-0.078111,-0.137836
0.239661,0.197418,-0.058655,-0.101486,0.18664,-0.021247,-0.058686,0.048255,0.205104,-0.078111,-0.137836,-0.115002
0.242969,0.197418,-0.101486,0.18664,-0.021247,-0.058686,0.048255,0.205104,-0.078111,-0.137836,-0.115002,-0.119995
0.241711,0.198212,0.18664,-0.021247,-0.058686,0.048255,0.205104,-0.078111,-0.137836,-0.115002,-0.119995,-0.083316
0.239491,0.198212,-0.021247,-0.058686,0.048255,0.205104,-0.078111,-0.137836,-0.115002,-0.119995,-0.083316,0.164415
0.237635,0.198212,-0.058686,0.048255,0.205104,-0.078111,-0.137836,-0.115002,-0.119995,-0.083316,0.164415,-0.018196
0.235694,0.198212,0.048255,0.205104,-0.078111,-0.137836,-0.115002,-0.119995,-0.083316,0.164415,-0.018196,-0.055091
0.234343,0.198212,0.205104,-0.078111,-0.137836,-0.115002,-0.119995,-0.083316,0.164415,-0.018196,-0.055091,0.012845
0.237004,0.198212,-0.078111,-0.137836,-0.115002,-0.119995,-0.083316,0.164415,-0.018196,-0.055091,0.012845,0.226849
0.23671,0.198212,-0.137836,-0.115002,-0.119995,-0.083316,0.164415,-0.018196,-0.055091,0.012845,0.226849,-0.080728
0.235819,0.198212,-0.115002,-0.119995,-0.083316,0.164415,-0.018196,-0.055091,0.012845,0.226849,-0.080728,-0.133852
0.236027,0.198212,-0.119995,-0.083316,0.164415,-0.018196,-0.055091,0.012845,0.226849,-0.080728,-0.133852,0.122484
0.239696,0.198212,-0.083316,0.164415,-0.018196,-0.055091,0.012845,0.226849,-0.080728,-0.133852,0.122484,0.098705
0.238393,0.198212,0.164415,-0.018196,-0.055091,0.012845,0.226849,-0.080728,-0.133852,0.122484,0.098705,-0.154926
0.236232,0.198212,-0.018196,-0.055091,0.012845,0.226849,-0.080728,-0.133852,0.122484,0.098705,-0.154926,0.121153
0.23821,0.198212,-0.055091,0.012845,0.226849,-0.080728,-0.133852,0.122484,0.098705,-0.154926,0.121153,-0.024193
0.239805,0.198212,0.012845,0.226849,-0.080728,-0.133852,0.122484,0.098705,-0.154926,0.121153,-0.024193,-0.070353
0.2373,0.198212,0.226849,-0.080728,-0.133852,0.122484,0.098705,-0.154926,0.121153,-0.024193,-0.070353,0.039352
0.239257,0.198212,-0.080728,-0.133852,0.122484,0.098705,-0.154926,0.121153,-0.024193,-0.070353,0.039352,0.070336
