-0.032918,0.164947,-0.07845,0.046066,0.082925,0.006515,-0.033184,0.023068,-0.004666,0.049223,0.01932,0.034954
-0.033014,0.164947,0.046066,0.082925,0.006515,-0.033184,0.023068,-0.004666,0.049223,0.01932,0.034954,-0.097554
-0.031996,0.164947,0.082925,0.006515,-0.033184,0.023068,-0.004666,0.049223,0.01932,0.034954,-0.097554,0.027883
-0.031597,0.164947,0.006515,-0.033184,0.023068,-0.004666,0.049223,0.01932,0.034954,-0.097554,0.027883,0.100378
-0.030875,0.164947,-0.033184,0.023068,-0.004666,0.049223,0.01932,0.034954,-0.097554,0.027883,0.100378,-0.064317
-0.032888,0.164947,0.023068,-0.004666,0.049223,0.01932,0.034954,-0.097554,0.027883,0.100378,-0.064317,-0.058721
-0.032312,0.164947,-0.004666,0.049223,0.01932,0.034954,-0.097554,0.027883,0.100378,-0.064317,-0.058721,-0.029288
-0.030239,0.164947,0.049223,0.01932,0.034954,-0.097554,0.027883,0.100378,-0.064317,-0.058721,-0.029288,-0.011691
-0.031567,0.164947,0.01932,0.034954,-0.097554,0.027883,0.100378,-0.064317,-0.058721,-0.029288,-0.011691,0.067537
-0.032781,0.164947,0.034954,-0.097554,0.027883,0.100378,-0.064317,-0.058721,-0.029288,-0.011691,0.067537,0.013629
-0.033386,0.167297,-0.097554,0.027883,0.100378,-0.064317,-0.058721,-0.029288,-0.011691,0.067537,0.013629,0.04912
-0.033628,0.167297,0.027883,0.100378,-0.064317,-0.058721,-0.029288,-0.011691,0.067537,0.013629,0.04912,-0.11169
-0.03223,0.167297,0.100378,-0.064317,-0.058721,-0.029288,-0.011691,0.067537,0.013629,0.04912,-0.11169,0.039193
-0.031948,0.167297,-0.064317,-0.058721,-0.029288,-0.011691,0.067537,0.013629,0.04912,-0.11169,0.039193,0.117425
-0.030934,0.167297,-0.058721,-0.029288,-0.011691,0.067537,0.013629,0.04912,-0.11169,0.039193,0.117425,-0.000418
-0.033239,0.167297,-0.029288,-0.011691,0.067537,0.013629,0.04912,-0.11169,0.039193,0.117425,-0.000418,-0.02474
-0.032429,0.167297,-0.011691,0.067537,0.013629,0.04912,-0.11169,0.039193,0.117425,-0.000418,-0.02474,0.003333
-0.030004,0.167297,0.067537,0.013629,0.04912,-0.11169,0.039193,0.117425,-0.000418,-0.02474,0.003333,-0.003403
-0.030012,0.167297,0.013629,0.04912,-0.11169,0.039193,0.117425,-0.000418,-0.02474,0.003333,-0.003403,0.049412
-0.030522,0.167297,0.04912,-0.11169,0.039193,0.117425,-0.000418,-0.02474,0.003333,-0.003403,0.049412,0.029585
-0.030454,0.167297,-0.11169,0.039193,0.117425,-0.000418,-0.02474,0.003333,-0.003403,0.049412,0.029585,0.035419
-0.030524,0.167297,0.039193,0.117425,-0.000418,-0.02474,0.003333,-0.003403,0.049412,0.029585,0.035419,-0.102618
-0.029504,0.166901,0.117425,-0.000418,-0.02474,0.003333,-0.003403,0.049412,0.029585,0.035419,-0.102618,0.043704
-0.028894,0.166901,-0.000418,-0.02474,0.003333,-0.003403,0.049412,0.029585,0.035419,-0.102618,0.043704,0.108245
-0.028165,0.166901,-0.02474,0.003333,-0.003403,0.049412,0.029585,0.035419,-0.102618,0.043704,0.108245,-0.010332
-0.030277,0.166901,0.003333,-0.003403,0.049412,0.029585,0.035419,-0.102618,0.043704,0.108245,-0.010332,-0.027652
-0.029377,0.166901,-0.003403,0.049412,0.029585,0.035419,-0.102618,0.043704,0.108245,-0.010332,-0.027652,0.009162
-0.027147,0.166901,0.049412,0.029585,0.035419,-0.102618,0.043704,0.108245,-0.010332,-0.027652,0.009162,-0.00213
-0.02736,0.166901,0.029585,0.035419,-0.102618,0.043704,0.108245,-0.010332,-0.027652,0.009162,-0.00213,0.055374
-0.027929,0.166901,0.035419,-0.102618,0.043704,0.108245,-0.010332,-0.027652,0.009162,-0.00213,0.055374,0.015568
-0.02774,0.166901,-0.102618,0.043704,0.108245,-0.010332,-0.027652,0.009162,-0.00213,0.055374,0.015568,0.056133
-0.027784,0.166901,0.043704,0.108245,-0.010332,-0.027652,0.009162,-0.00213,0.055374,0.015568,0.056133,-0.126549
-0.026645,0.166901,0.108245,-0.010332,-0.027652,0.009162,-0.00213,0.055374,0.015568,0.056133,-0.126549,0.030949
-0.026325,0.166901,-0.010332,-0.027652,0.009162,-0.00213,0.055374,0.015568,0.056133,-0.126549,0.030949,0.081383
-0.025173,0.166901,-0.027652,0.009162,-0.00213,0.055374,0.015568,0.056133,-0.126549,0.030949,0.081383,-0.139644
-0.02777,0.166901,0.009162,-0.00213,0.055374,0.015568,0.056133,-0.126549,0.030949,0.081383,-0.139644,-0.011869
-0.027134,0.166901,-0.00213,0.055374,0.015568,0.056133,-0.126549,0.030949,0.081383,-0.139644,-0.011869,0.007692
-0.025461,0.166901,0.055374,0.015568,0.056133,-0.126549,0.030949,0.081383,-0.139644,-0.011869,0.007692,0.002211
-0.028334,0.166901,0.015568,0.056133,-0.126549,0.030949,0.081383,-0.139644,-0.011869,0.007692,0.002211,0.032372
-0.028578,0.166901,0.056133,-0.126549,0.030949,0.081383,-0.139644,-0.011869,0.007692,0.002211,0.032372,-0.103216
-0.02842,0.166901,-0.126549,0.030949,0.081383,-0.139644,-0.011869,0.007692,0.002211,0.032372,-0.103216,0.03525
-0.028375,0.166901,0.030949,0.081383,-0.139644,-0.011869,0.007692,0.002211,0.032372,-0.103216,0.03525,-0.083812
-0.027708,0.166901,0.081383,-0.139644,-0.011869,0.007692,0.002211,0.032372,-0.103216,0.03525,-0.083812,0.040799
-0.029836,0.166901,-0.139644,-0.011869,0.007692,0.002211,0.032372,-0.103216,0.03525,-0.083812,0.040799,0.129596
-0.029109,0.166901,-0.011869,0.007692,0.002211,0.032372,-0.103216,0.03525,-0.083812,0.040799,0.129596,0.014074
-0.030836,0.166901,0.007692,0.002211,0.032372,-0.103216,0.03525,-0.083812,0.040799,0.129596,0.014074,-0.086508
-0.029995,0.166901,0.002211,0.032372,-0.103216,0.03525,-0.083812,0.040799,0.129596,0.014074,-0.086508,-0.085314
-0.027325,0.166901,0.032372,-0.103216,0.03525,-0.083812,0.040799,0.129596,0.014074,-0.086508,-0.085314,-0.021897
-0.027035,0.164825,-0.103216,0.03525,-0.083812,0.040799,0.129596,0.014074,-0.086508,-0.085314,-0.021897,0.057919
-0.028815,0.164825,0.03525,-0.083812,0.040799,0.129596,0.014074,-0.086508,-0.085314,-0.021897,0.057919,0.039532
-0.030571,0.164825,-0.083812,0.040799,0.129596,0.014074,-0.086508,-0.085314,-0.021897,0.057919,0.039532,0.038266
-0.031023,0.164825,0.040799,0.129596,0.014074,-0.086508,-0.085314,-0.021897,0.057919,0.039532,0.038266,-0.111162
-0.029827,0.164825,0.129596,0.014074,-0.086508,-0.085314,-0.021897,0.057919,0.039532,0.038266,-0.111162,-0.091472
-0.029012,0.164825,0.014074,-0.086508,-0.085314,-0.021897,0.057919,0.039532,0.038266,-0.111162,-0.091472,0.045024
-0.028224,0.164825,-0.086508,-0.085314,-0.021897,0.057919,0.039532,0.038266,-0.111162,-0.091472,0.045024,-0.110649
-0.030513,0.164825,-0.085314,-0.021897,0.057919,0.039532,0.038266,-0.111162,-0.091472,0.045024,-0.110649,0.017627
-0.0324,0.164825,-0.021897,0.057919,0.039532,0.038266,-0.111162,-0.091472,0.045024,-0.110649,0.017627,0.023068
-0.031469,0.164825,0.057919,0.039532,0.038266,-0.111162,-0.091472,0.045024,-0.110649,0.017627,0.023068,-0.023033
-0.033759,0.164825,0.039532,0.038266,-0.111162,-0.091472,0.045024,-0.110649,0.017627,0.023068,-0.023033,0.032252
-0.033395,0.164825,0.038266,-0.111162,-0.091472,0.045024,-0.110649,0.017627,0.023068,-0.023033,0.032252,-0.100462
-0.032918,0.164825,-0.111162,-0.091472,0.045024,-0.110649,0.017627,0.023068,-0.023033,0.032252,-0.100462,0.041458
-0.033394,0.164825,-0.091472,0.045024,-0.110649,0.017627,0.023068,-0.023033,0.032252,-0.100462,0.041458,-0.109305
-0.032726,0.164825,0.045024,-0.110649,0.017627,0.023068,-0.023033,0.032252,-0.100462,0.041458,-0.109305,-0.10072
-0.034808,0.164825,-0.110649,0.017627,0.023068,-0.023033,0.032252,-0.100462,0.041458,-0.109305,-0.10072,0.103175
-0.033949,0.164825,0.017627,0.023068,-0.023033,0.032252,-0.100462,0.041458,-0.109305,-0.10072,0.103175,0.025866
-0.036213,0.164825,0.023068,-0.023033,0.032252,-0.100462,0.041458,-0.109305,-0.10072,0.103175,0.025866,-0.016253
-0.038304,0.164825,-0.023033,0.032252,-0.100462,0.041458,-0.109305,-0.10072,0.103175,0.025866,-0.016253,-0.012241
-0.036159,0.164825,0.032252,-0.100462,0.041458,-0.109305,-0.10072,0.103175,0.025866,-0.016253,-0.012241,0.00954
-0.035622,0.164825,-0.100462,0.041458,-0.109305,-0.10072,0.103175,0.025866,-0.016253,-0.012241,0.00954,0.058814
-0.035959,0.164825,0.041458,-0.109305,-0.10072,0.103175,0.025866,-0.016253,-0.012241,0.00954,0.058814,-0.042668
-0.036213,0.164825,-0.109305,-0.10072,0.103175,0.025866,-0.016253,-0.012241,0.00954,0.058814,-0.042668,-0.07777
-0.036015,0.164825,-0.10072,0.103175,0.025866,-0.016253,-0.012241,0.00954,0.058814,-0.042668,-0.07777,-0.187102
-0.034795,0.164825,0.103175,0.025866,-0.016253,-0.012241,0.00954,0.058814,-0.042668,-0.07777,-0.187102,0.040008
-0.03568,0.164825,0.025866,-0.016253,-0.012241,0.00954,0.058814,-0.042668,-0.07777,-0.187102,0.040008,0.098513
-0.037294,0.164825,-0.016253,-0.012241,0.00954,0.058814,-0.042668,-0.07777,-0.187102,0.040008,0.098513,0.007534
-0.041185,0.164825,-0.012241,0.00954,0.058814,-0.042668,-0.07777,-0.187102,0.040008,0.098513,0.007534,-0.012113
-0.040352,0.164825,0.00954,0.058814,-0.042668,-0.07777,-0.187102,0.040008,0.098513,0.007534,-0.012113,-0.027482
-0.038299,0.164825,0.058814,-0.042668,-0.07777,-0.187102,0.040008,0.098513,0.007534,-0.012113,-0.027482,-0.07489
-0.038143,0.164825,-0.042668,-0.07777,-0.187102,0.040008,0.098513,0.007534,-0.012113,-0.027482,-0.07489,0.015542
-0.038394,0.164825,-0.07777,-0.187102,0.040008,0.098513,0.007534,-0.012113,-0.027482,-0.07489,0.015542,0.050248
-0.038966,0.164825,-0.187102,0.040008,0.098513,0.007534,-0.012113,-0.027482,-0.07489,0.015542,0.050248,0.040629
-0.040524,0.164825,0.040008,0.098513,0.007534,-0.012113,-0.027482,-0.07489,0.015542,0.050248,0.040629,-0.08161
-0.0402,0.164825,0.098513,0.007534,-0.012113,-0.027482,-0.07489,0.015542,0.050248,0.040629,-0.08161,0.024846
-0.039153,0.164825,0.007534,-0.012113,-0.027482,-0.07489,0.015542,0.050248,0.040629,-0.08161,0.024846,0.102887
-0.038308,0.164825,-0.012113,-0.027482,-0.07489,0.015542,0.050248,0.040629,-0.08161,0.024846,0.102887,0.000646
-0.040005,0.167053,-0.027482,-0.07489,0.015542,0.050248,0.040629,-0.08161,0.024846,0.102887,0.000646,-0.026033
-0.039488,0.167053,-0.07489,0.015542,0.050248,0.040629,-0.08161,0.024846,0.102887,0.000646,-0.026033,0.000345
-0.037346,0.167053,0.015542,0.050248,0.040629,-0.08161,0.024846,0.102887,0.000646,-0.026033,0.000345,0.001218
-0.037333,0.167053,0.050248,0.040629,-0.08161,0.024846,0.102887,0.000646,-0.026033,0.000345,0.001218,0.058616
-0.037874,0.167053,0.040629,-0.08161,0.024846,0.102887,0.000646,-0.026033,0.000345,0.001218,0.058616,0.021618
-0.037866,0.167053,-0.08161,0.024846,0.102887,0.000646,-0.026033,0.000345,0.001218,0.058616,0.021618,0.035581
-0.037841,0.167053,0.024846,0.102887,0.000646,-0.026033,0.000345,0.001218,0.058616,0.021618,0.035581,-0.103245
-0.036623,0.167053,0.102887,0.000646,-0.026033,0.000345,0.001218,0.058616,0.021618,0.035581,-0.103245,0.044473
-0.036174,0.167053,0.000646,-0.026033,0.000345,0.001218,0.058616,0.021618,0.035581,-0.103245,0.044473,0.075541
-0.035436,0.167053,-0.026033,0.000345,0.001218,0.058616,0.021618,0.035581,-0.103245,0.044473,0.075541,-0.134615
-0.037577,0.167053,0.000345,0.001218,0.058616,0.021618,0.035581,-0.103245,0.044473,0.075541,-0.134615,-0.016281
-0.036653,0.167053,0.001218,0.058616,0.021618,0.035581,-0.103245,0.044473,0.075541,-0.134615,-0.016281,0.022643
-0.035085,0.166779,0.058616,0.021618,0.035581,-0.103245,0.044473,0.075541,-0.134615,-0.016281,0.022643,-0.0447
-0.037882,0.166779,0.021618,0.035581,-0.103245,0.044473,0.075541,-0.134615,-0.016281,0.022643,-0.0447,-0.045395
-0.038221,0.166779,0.035581,-0.103245,0.044473,0.075541,-0.134615,-0.016281,0.022643,-0.0447,-0.045395,-0.046386
-0.037751,0.166779,-0.103245,0.044473,0.075541,-0.134615,-0.016281,0.022643,-0.0447,-0.045395,-0.046386,0.023756
-0.03868,0.166779,0.044473,0.075541,-0.134615,-0.016281,0.022643,-0.0447,-0.045395,-0.046386,0.023756,-0.121088
-0.039625,0.166779,0.075541,-0.134615,-0.016281,0.022643,-0.0447,-0.045395,-0.046386,0.023756,-0.121088,0.01928
-0.040593,0.166779,-0.134615,-0.016281,0.022643,-0.0447,-0.045395,-0.046386,0.023756,-0.121088,0.01928,-0.026864
-0.040097,0.166779,-0.016281,0.022643,-0.0447,-0.045395,-0.046386,0.023756,-0.121088,0.01928,-0.026864,0.007218
-0.042621,0.166779,0.022643,-0.0447,-0.045395,-0.046386,0.023756,-0.121088,0.01928,-0.026864,0.007218,-0.002614
-0.042219,0.166779,-0.0447,-0.045395,-0.046386,0.023756,-0.121088,0.01928,-0.026864,0.007218,-0.002614,0.015376
-0.04278,0.166779,-0.045395,-0.046386,0.023756,-0.121088,0.01928,-0.026864,0.007218,-0.002614,0.015376,-0.008191
-0.042629,0.166779,-0.046386,0.023756,-0.121088,0.01928,-0.026864,0.007218,-0.002614,0.015376,-0.008191,0.073236
-0.042684,0.166779,0.023756,-0.121088,0.01928,-0.026864,0.007218,-0.002614,0.015376,-0.008191,0.073236,-0.051732
-0.042363,0.166779,-0.121088,0.01928,-0.026864,0.007218,-0.002614,0.015376,-0.008191,0.073236,-0.051732,-0.012204
-0.042534,0.166779,0.01928,-0.026864,0.007218,-0.002614,0.015376,-0.008191,0.073236,-0.051732,-0.012204,-0.132551
-0.041005,0.166779,-0.026864,0.007218,-0.002614,0.015376,-0.008191,0.073236,-0.051732,-0.012204,-0.132551,0.053365
-0.042085,0.166779,0.007218,-0.002614,0.015376,-0.008191,0.073236,-0.051732,-0.012204,-0.132551,0.053365,0.114134
-0.04234,0.166779,-0.002614,0.015376,-0.008191,0.073236,-0.051732,-0.012204,-0.132551,0.053365,0.114134,-0.061244
-0.04511,0.166779,0.015376,-0.008191,0.073236,-0.051732,-0.012204,-0.132551,0.053365,0.114134,-0.061244,-0.057373
-0.043993,0.166779,-0.008191,0.073236,-0.051732,-0.012204,-0.132551,0.053365,0.114134,-0.061244,-0.057373,-0.018902
-0.041607,0.166779,0.073236,-0.051732,-0.012204,-0.132551,0.053365,0.114134,-0.061244,-0.057373,-0.018902,-0.005306
-0.042887,0.166779,-0.051732,-0.012204,-0.132551,0.053365,0.114134,-0.061244,-0.057373,-0.018902,-0.005306,0.055171
-0.044086,0.166779,-0.012204,-0.132551,0.053365,0.114134,-0.061244,-0.057373,-0.018902,-0.005306,0.055171,0.034526
-0.044482,0.166779,-0.132551,0.053365,0.114134,-0.061244,-0.057373,-0.018902,-0.005306,0.055171,0.034526,0.049592
-0.044593,0.166779,0.053365,0.114134,-0.061244,-0.057373,-0.018902,-0.005306,0.055171,0.034526,0.049592,-0.089037
-0.043438,0.168091,0.114134,-0.061244,-0.057373,-0.018902,-0.005306,0.055171,0.034526,0.049592,-0.089037,0.03846
-0.042715,0.168091,-0.061244,-0.057373,-0.018902,-0.005306,0.055171,0.034526,0.049592,-0.089037,0.03846,0.120001
-0.04168,0.168091,-0.057373,-0.018902,-0.005306,0.055171,0.034526,0.049592,-0.089037,0.03846,0.120001,0.01016
-0.043538,0.168091,-0.018902,-0.005306,0.055171,0.034526,0.049592,-0.089037,0.03846,0.120001,0.01016,-0.021829
-0.042735,0.168091,-0.005306,0.055171,0.034526,0.049592,-0.089037,0.03846,0.120001,0.01016,-0.021829,0.000297
-0.040229,0.168091,0.055171,0.034526,0.049592,-0.089037,0.03846,0.120001,0.01016,-0.021829,0.000297,-0.002817
-0.040017,0.168091,0.034526,0.049592,-0.089037,0.03846,0.120001,0.01016,-0.021829,0.000297,-0.002817,0.050043
-0.040472,0.168091,0.049592,-0.089037,0.03846,0.120001,0.01016,-0.021829,0.000297,-0.002817,0.050043,0.019905
-0.040466,0.168091,-0.089037,0.03846,0.120001,0.01016,-0.021829,0.000297,-0.002817,0.050043,0.019905,0.046218
-0.040524,0.168091,0.03846,0.120001,0.01016,-0.021829,0.000297,-0.002817,0.050043,0.019905,0.046218,-0.101056
-0.039481,0.168091,0.120001,0.01016,-0.021829,0.000297,-0.002817,0.050043,0.019905,0.046218,-0.101056,0.041469
-0.039066,0.168091,0.01016,-0.021829,0.000297,-0.002817,0.050043,0.019905,0.046218,-0.101056,0.041469,0.098745
-0.038105,0.16861,-0.021829,0.000297,-0.002817,0.050043,0.019905,0.046218,-0.101056,0.041469,0.098745,0.007612
-0.040207,0.16861,0.000297,-0.002817,0.050043,0.019905,0.046218,-0.101056,0.041469,0.098745,0.007612,-0.027425
-0.039343,0.16861,-0.002817,0.050043,0.019905,0.046218,-0.101056,0.041469,0.098745,0.007612,-0.027425,0.008721
-0.037288,0.16861,0.050043,0.019905,0.046218,-0.101056,0.041469,0.098745,0.007612,-0.027425,0.008721,-0.008562
-0.03713,0.16861,0.019905,0.046218,-0.101056,0.041469,0.098745,0.007612,-0.027425,0.008721,-0.008562,0.062821
-0.0377,0.16861,0.046218,-0.101056,0.041469,0.098745,0.007612,-0.027425,0.008721,-0.008562,0.062821,-0.05227
-0.037519,0.16861,-0.101056,0.041469,0.098745,0.007612,-0.027425,0.008721,-0.008562,0.062821,-0.05227,0.006029
-0.037697,0.16861,0.041469,0.098745,0.007612,-0.027425,0.008721,-0.008562,0.062821,-0.05227,0.006029,-0.124844
-0.036391,0.16861,0.098745,0.007612,-0.027425,0.008721,-0.008562,0.062821,-0.05227,0.006029,-0.124844,0.034552
-0.037477,0.16861,0.007612,-0.027425,0.008721,-0.008562,0.062821,-0.05227,0.006029,-0.124844,0.034552,0.104344
-0.037352,0.16861,-0.027425,0.008721,-0.008562,0.062821,-0.05227,0.006029,-0.124844,0.034552,0.104344,0.020171
-0.039947,0.16861,0.008721,-0.008562,0.062821,-0.05227,0.006029,-0.124844,0.034552,0.104344,0.020171,-0.023254
-0.039228,0.16861,-0.008562,0.062821,-0.05227,0.006029,-0.124844,0.034552,0.104344,0.020171,-0.023254,0.003157
-0.037057,0.16861,0.062821,-0.05227,0.006029,-0.124844,0.034552,0.104344,0.020171,-0.023254,0.003157,-0.001615
-0.036638,0.16861,-0.05227,0.006029,-0.124844,0.034552,0.104344,0.020171,-0.023254,0.003157,-0.001615,0.07268
-0.03712,0.16861,0.006029,-0.124844,0.034552,0.104344,0.020171,-0.023254,0.003157,-0.001615,0.07268,0.02594
-0.037055,0.16861,-0.124844,0.034552,0.104344,0.020171,-0.023254,0.003157,-0.001615,0.07268,0.02594,0.037183
-0.037088,0.16861,0.034552,0.104344,0.020171,-0.023254,0.003157,-0.001615,0.07268,0.02594,0.037183,-0.086778
-0.035579,0.16861,0.104344,0.020171,-0.023254,0.003157,-0.001615,0.07268,0.02594,0.037183,-0.086778,0.030571
-0.035041,0.16861,0.020171,-0.023254,0.003157,-0.001615,0.07268,0.02594,0.037183,-0.086778,0.030571,0.099658
-0.03427,0.16861,-0.023254,0.003157,-0.001615,0.07268,0.02594,0.037183,-0.086778,0.030571,0.099658,0.005069
-0.036067,0.16861,0.003157,-0.001615,0.07268,0.02594,0.037183,-0.086778,0.030571,0.099658,0.005069,-0.023288
-0.035434,0.16861,-0.001615,0.07268,0.02594,0.037183,-0.086778,0.030571,0.099658,0.005069,-0.023288,0.013138
-0.033368,0.16861,0.07268,0.02594,0.037183,-0.086778,0.030571,0.099658,0.005069,-0.023288,0.013138,-0.022972
-0.033263,0.16861,0.02594,0.037183,-0.086778,0.030571,0.099658,0.005069,-0.023288,0.013138,-0.022972,0.057622
-0.033745,0.16861,0.037183,-0.086778,0.030571,0.099658,0.005069,-0.023288,0.013138,-0.022972,0.057622,0.02065
-0.033473,0.16861,-0.086778,0.030571,0.099658,0.005069,-0.023288,0.013138,-0.022972,0.057622,0.02065,0.04335
-0.033949,0.16861,0.030571,0.099658,0.005069,-0.023288,0.013138,-0.022972,0.057622,0.02065,0.04335,-0.100222
-0.032756,0.16861,0.099658,0.005069,-0.023288,0.013138,-0.022972,0.057622,0.02065,0.04335,-0.100222,0.046253
-0.032328,0.16861,0.005069,-0.023288,0.013138,-0.022972,0.057622,0.02065,0.04335,-0.100222,0.046253,0.101749
-0.031433,0.16861,-0.023288,0.013138,-0.022972,0.057622,0.02065,0.04335,-0.100222,0.046253,0.101749,-0.068538
-0.033503,0.16861,0.013138,-0.022972,0.057622,0.02065,0.04335,-0.100222,0.046253,0.101749,-0.068538,-0.067166
-0.032546,0.16861,-0.022972,0.057622,0.02065,0.04335,-0.100222,0.046253,0.101749,-0.068538,-0.067166,-0.034893
-0.030444,0.16861,0.057622,0.02065,0.04335,-0.100222,0.046253,0.101749,-0.068538,-0.067166,-0.034893,0.009496
-0.03186,0.16861,0.02065,0.04335,-0.100222,0.046253,0.101749,-0.068538,-0.067166,-0.034893,0.009496,0.049168
-0.033248,0.16861,0.04335,-0.100222,0.046253,0.101749,-0.068538,-0.067166,-0.034893,0.009496,0.049168,0.036206
-0.03397,0.16861,-0.100222,0.046253,0.101749,-0.068538,-0.067166,-0.034893,0.009496,0.049168,0.036206,0.053376
-0.033773,0.16861,0.046253,0.101749,-0.068538,-0.067166,-0.034893,0.009496,0.049168,0.036206,0.053376,-0.111705
-0.032756,0.169525,0.101749,-0.068538,-0.067166,-0.034893,0.009496,0.049168,0.036206,0.053376,-0.111705,0.04629
-0.032006,0.169525,-0.068538,-0.067166,-0.034893,0.009496,0.049168,0.036206,0.053376,-0.111705,0.04629,0.121739
-0.030904,0.169525,-0.067166,-0.034893,0.009496,0.049168,0.036206,0.053376,-0.111705,0.04629,0.121739,-0.006101
-0.03321,0.169525,-0.034893,0.009496,0.049168,0.036206,0.053376,-0.111705,0.04629,0.121739,-0.006101,-0.033297
-0.032254,0.169525,0.009496,0.049168,0.036206,0.053376,-0.111705,0.04629,0.121739,-0.006101,-0.033297,0.010472
-0.029739,0.169525,0.049168,0.036206,0.053376,-0.111705,0.04629,0.121739,-0.006101,-0.033297,0.010472,-0.009111
-0.029865,0.169525,0.036206,0.053376,-0.111705,0.04629,0.121739,-0.006101,-0.033297,0.010472,-0.009111,0.059393
-0.030552,0.169525,0.053376,-0.111705,0.04629,0.121739,-0.006101,-0.033297,0.010472,-0.009111,0.059393,0.019607
-0.030336,0.169525,-0.111705,0.04629,0.121739,-0.006101,-0.033297,0.010472,-0.009111,0.059393,0.019607,0.046905
-0.030524,0.169525,0.04629,0.121739,-0.006101,-0.033297,0.010472,-0.009111,0.059393,0.019607,0.046905,-0.111259
-0.029299,0.169525,0.121739,-0.006101,-0.033297,0.010472,-0.009111,0.059393,0.019607,0.046905,-0.111259,0.032274
-0.028894,0.169525,-0.006101,-0.033297,0.010472,-0.009111,0.059393,0.019607,0.046905,-0.111259,0.032274,0.111069
-0.027929,0.169525,-0.033297,0.010472,-0.009111,0.059393,0.019607,0.046905,-0.111259,0.032274,0.111069,-0.003155
-0.030218,0.169525,0.010472,-0.009111,0.059393,0.019607,0.046905,-0.111259,0.032274,0.111069,-0.003155,-0.0334
-0.029553,0.169525,-0.009111,0.059393,0.019607,0.046905,-0.111259,0.032274,0.111069,-0.003155,-0.0334,0.012036
-0.027266,0.169525,0.059393,0.019607,0.046905,-0.111259,0.032274,0.111069,-0.003155,-0.0334,0.012036,-0.002134
-0.02733,0.169525,0.019607,0.046905,-0.111259,0.032274,0.111069,-0.003155,-0.0334,0.012036,-0.002134,0.052495
-0.028017,0.169525,0.046905,-0.111259,0.032274,0.111069,-0.003155,-0.0334,0.012036,-0.002134,0.052495,0.017007
-0.02777,0.169525,-0.111259,0.032274,0.111069,-0.003155,-0.0334,0.012036,-0.002134,0.052495,0.017007,0.043084
-0.027814,0.169525,0.032274,0.111069,-0.003155,-0.0334,0.012036,-0.002134,0.052495,0.017007,0.043084,-0.114926
-0.026734,0.169525,0.111069,-0.003155,-0.0334,0.012036,-0.002134,0.052495,0.017007,0.043084,-0.114926,0.028071
-0.026384,0.169525,-0.003155,-0.0334,0.012036,-0.002134,0.052495,0.017007,0.043084,-0.114926,0.028071,0.108788
-0.0255,0.169525,-0.0334,0.012036,-0.002134,0.052495,0.017007,0.043084,-0.114926,0.028071,0.108788,0.022964
-0.027859,0.169525,0.012036,-0.002134,0.052495,0.017007,0.043084,-0.114926,0.028071,0.108788,0.022964,-0.04075
-0.027282,0.169525,-0.002134,0.052495,0.017007,0.043084,-0.114926,0.028071,0.108788,0.022964,-0.04075,-0.000873
-0.025046,0.169525,0.052495,0.017007,0.043084,-0.114926,0.028071,0.108788,0.022964,-0.04075,-0.000873,0.000639
-0.024575,0.16861,0.017007,0.043084,-0.114926,0.028071,0.108788,0.022964,-0.04075,-0.000873,0.000639,0.052696
-0.02541,0.16861,0.043084,-0.114926,0.028071,0.108788,0.022964,-0.04075,-0.000873,0.000639,0.052696,0.018696
-0.025428,0.16861,-0.114926,0.028071,0.108788,0.022964,-0.04075,-0.000873,0.000639,0.052696,0.018696,0.026068
-0.025415,0.16861,0.028071,0.108788,0.022964,-0.04075,-0.000873,0.000639,0.052696,0.018696,0.026068,-0.096794
-0.024334,0.16861,0.108788,0.022964,-0.04075,-0.000873,0.000639,0.052696,0.018696,0.026068,-0.096794,0.042672
-0.02395,0.16861,0.022964,-0.04075,-0.000873,0.000639,0.052696,0.018696,0.026068,-0.096794,0.042672,0.106583
-0.023416,0.16861,-0.04075,-0.000873,0.000639,0.052696,0.018696,0.026068,-0.096794,0.042672,0.106583,-0.004431
-0.025399,0.16861,-0.000873,0.000639,0.052696,0.018696,0.026068,-0.096794,0.042672,0.106583,-0.004431,-0.029223
-0.024524,0.16861,0.000639,0.052696,0.018696,0.026068,-0.096794,0.042672,0.106583,-0.004431,-0.029223,-0.051851
-0.02234,0.16861,0.052696,0.018696,0.026068,-0.096794,0.042672,0.106583,-0.004431,-0.029223,-0.051851,-0.089287
-0.02243,0.16861,0.018696,0.026068,-0.096794,0.042672,0.106583,-0.004431,-0.029223,-0.051851,-0.089287,0.016551
-0.023028,0.16861,0.026068,-0.096794,0.042672,0.106583,-0.004431,-0.029223,-0.051851,-0.089287,0.016551,0.060534
-0.024089,0.167297,-0.096794,0.042672,0.106583,-0.004431,-0.029223,-0.051851,-0.089287,0.016551,0.060534,0.028926
-0.02592,0.167297,0.042672,0.106583,-0.004431,-0.029223,-0.051851,-0.089287,0.016551,0.060534,0.028926,-0.088018
-0.02558,0.167297,0.106583,-0.004431,-0.029223,-0.051851,-0.089287,0.016551,0.060534,0.028926,-0.088018,0.044111
-0.024337,0.167297,-0.004431,-0.029223,-0.051851,-0.089287,0.016551,0.060534,0.028926,-0.088018,0.044111,0.089088
-0.023744,0.167297,-0.029223,-0.051851,-0.089287,0.016551,0.060534,0.028926,-0.088018,0.044111,0.089088,-0.004449
-0.025547,0.167297,-0.051851,-0.089287,0.016551,0.060534,0.028926,-0.088018,0.044111,0.089088,-0.004449,-0.039397
-0.024643,0.167297,-0.089287,0.016551,0.060534,0.028926,-0.088018,0.044111,0.089088,-0.004449,-0.039397,0.010809
-0.022816,0.167297,0.016551,0.060534,0.028926,-0.088018,0.044111,0.089088,-0.004449,-0.039397,0.010809,0.000545
-0.022908,0.167297,0.060534,0.028926,-0.088018,0.044111,0.089088,-0.004449,-0.039397,0.010809,0.000545,0.063061
-0.023714,0.167297,0.028926,-0.088018,0.044111,0.089088,-0.004449,-0.039397,0.010809,0.000545,0.063061,0.021842
-0.023493,0.167297,-0.088018,0.044111,0.089088,-0.004449,-0.039397,0.010809,0.000545,0.063061,0.021842,0.03666
-0.023482,0.167297,0.044111,0.089088,-0.004449,-0.039397,0.010809,0.000545,0.063061,0.021842,0.03666,-0.132484
-0.02219,0.167297,0.089088,-0.004449,-0.039397,0.010809,0.000545,0.063061,0.021842,0.03666,-0.132484,0.047187
-0.021743,0.167297,-0.004449,-0.039397,0.010809,0.000545,0.063061,0.021842,0.03666,-0.132484,0.047187,0.098244
-0.020994,0.167297,-0.039397,0.010809,0.000545,0.063061,0.021842,0.03666,-0.132484,0.047187,0.098244,-0.010233
-0.023702,0.167297,0.010809,0.000545,0.063061,0.021842,0.03666,-0.132484,0.047187,0.098244,-0.010233,-0.036582
-0.022736,0.167297,0.000545,0.063061,0.021842,0.03666,-0.132484,0.047187,0.098244,-0.010233,-0.036582,0.005045
-0.020726,0.167297,0.063061,0.021842,0.03666,-0.132484,0.047187,0.098244,-0.010233,-0.036582,0.005045,0.003382
-0.020936,0.167297,0.021842,0.03666,-0.132484,0.047187,0.098244,-0.010233,-0.036582,0.005045,0.003382,0.045694
-0.021683,0.167297,0.03666,-0.132484,0.047187,0.098244,-0.010233,-0.036582,0.005045,0.003382,0.045694,0.013228
-0.02158,0.167297,-0.132484,0.047187,0.098244,-0.010233,-0.036582,0.005045,0.003382,0.045694,0.013228,0.033964
-0.021511,0.167297,0.047187,0.098244,-0.010233,-0.036582,0.005045,0.003382,0.045694,0.013228,0.033964,-0.10373
-0.020577,0.167297,0.098244,-0.010233,-0.036582,0.005045,0.003382,0.045694,0.013228,0.033964,-0.10373,0.032696
-0.020306,0.167297,-0.010233,-0.036582,0.005045,0.003382,0.045694,0.013228,0.033964,-0.10373,0.032696,0.107452
-0.019613,0.167297,-0.036582,0.005045,0.003382,0.045694,0.013228,0.033964,-0.10373,0.032696,0.107452,-0.010201
-0.02173,0.167297,0.005045,0.003382,0.045694,0.013228,0.033964,-0.10373,0.032696,0.107452,-0.010201,-0.036676
-0.021062,0.167297,0.003382,0.045694,0.013228,0.033964,-0.10373,0.032696,0.107452,-0.010201,-0.036676,0.002156
-0.018868,0.165222,0.045694,0.013228,0.033964,-0.10373,0.032696,0.107452,-0.010201,-0.036676,0.002156,-0.026122
-0.019076,0.165222,0.013228,0.033964,-0.10373,0.032696,0.107452,-0.010201,-0.036676,0.002156,-0.026122,0.050184
-0.019824,0.165222,0.033964,-0.10373,0.032696,0.107452,-0.010201,-0.036676,0.002156,-0.026122,0.050184,0.020707
-0.01978,0.165222,-0.10373,0.032696,0.107452,-0.010201,-0.036676,0.002156,-0.026122,0.050184,0.020707,0.050495
-0.020313,0.165222,0.032696,0.107452,-0.010201,-0.036676,0.002156,-0.026122,0.050184,0.020707,0.050495,-0.120464
-0.019288,0.165222,0.107452,-0.010201,-0.036676,0.002156,-0.026122,0.050184,0.020707,0.050495,-0.120464,0.043084
-0.018865,0.165222,-0.010201,-0.036676,0.002156,-0.026122,0.050184,0.020707,0.050495,-0.120464,0.043084,0.096033
-0.017837,0.165222,-0.036676,0.002156,-0.026122,0.050184,0.020707,0.050495,-0.120464,0.043084,0.096033,0.009059
-0.02029,0.165222,0.002156,-0.026122,0.050184,0.020707,0.050495,-0.120464,0.043084,0.096033,0.009059,-0.051571
-0.019412,0.165222,-0.026122,0.050184,0.020707,0.050495,-0.120464,0.043084,0.096033,0.009059,-0.051571,-0.062852
-0.017454,0.165222,0.050184,0.020707,0.050495,-0.120464,0.043084,0.096033,0.009059,-0.051571,-0.062852,-0.114175
-0.017269,0.164429,0.020707,0.050495,-0.120464,0.043084,0.096033,0.009059,-0.051571,-0.062852,-0.114175,-0.095599
-0.018319,0.164429,0.050495,-0.120464,0.043084,0.096033,0.009059,-0.051571,-0.062852,-0.114175,-0.095599,0.044917
-0.019599,0.164429,-0.120464,0.043084,0.096033,0.009059,-0.051571,-0.062852,-0.114175,-0.095599,0.044917,0.049603
-0.02193,0.164429,0.043084,0.096033,0.009059,-0.051571,-0.062852,-0.114175,-0.095599,0.044917,0.049603,-0.098664
-0.023888,0.164429,0.096033,0.009059,-0.051571,-0.062852,-0.114175,-0.095599,0.044917,0.049603,-0.098664,0.048618
-0.022967,0.164429,0.009059,-0.051571,-0.062852,-0.114175,-0.095599,0.044917,0.049603,-0.098664,0.048618,0.098193
-0.021952,0.164429,-0.051571,-0.062852,-0.114175,-0.095599,0.044917,0.049603,-0.098664,0.048618,0.098193,-0.010235
-0.02397,0.164429,-0.062852,-0.114175,-0.095599,0.044917,0.049603,-0.098664,0.048618,0.098193,-0.010235,-0.030722
-0.022975,0.164429,-0.114175,-0.095599,0.044917,0.049603,-0.098664,0.048618,0.098193,-0.010235,-0.030722,0.00504
-0.020966,0.164429,-0.095599,0.044917,0.049603,-0.098664,0.048618,0.098193,-0.010235,-0.030722,0.00504,0.00925
-0.021175,0.164429,0.044917,0.049603,-0.098664,0.048618,0.098193,-0.010235,-0.030722,0.00504,0.00925,0.05742
-0.021803,0.164429,0.049603,-0.098664,0.048618,0.098193,-0.010235,-0.030722,0.00504,0.00925,0.05742,0.022055
-0.0217,0.164429,-0.098664,0.048618,0.098193,-0.010235,-0.030722,0.00504,0.00925,0.05742,0.022055,0.025183
-0.021511,0.164429,0.048618,0.098193,-0.010235,-0.030722,0.00504,0.00925,0.05742,0.022055,0.025183,-0.124323
-0.020337,0.164429,0.098193,-0.010235,-0.030722,0.00504,0.00925,0.05742,0.022055,0.025183,-0.124323,0.028291
-0.019887,0.164429,-0.010235,-0.030722,0.00504,0.00925,0.05742,0.022055,0.025183,-0.124323,0.028291,0.08827
-0.019373,0.164429,-0.030722,0.00504,0.00925,0.05742,0.022055,0.025183,-0.124323,0.028291,0.08827,-0.01021
-0.021909,0.164429,0.00504,0.00925,0.05742,0.022055,0.025183,-0.124323,0.028291,0.08827,-0.01021,-0.007224
-0.021331,0.164429,0.00925,0.05742,0.022055,0.025183,-0.124323,0.028291,0.08827,-0.01021,-0.007224,-0.008163
-0.019528,0.164429,0.05742,0.022055,0.025183,-0.124323,0.028291,0.08827,-0.01021,-0.007224,-0.008163,-0.009918
-0.019736,0.164429,0.022055,0.025183,-0.124323,0.028291,0.08827,-0.01021,-0.007224,-0.008163,-0.009918,0.057541
-0.019884,0.164429,0.025183,-0.124323,0.028291,0.08827,-0.01021,-0.007224,-0.008163,-0.009918,0.057541,0.004518
-0.02005,0.164429,-0.124323,0.028291,0.08827,-0.01021,-0.007224,-0.008163,-0.009918,0.057541,0.004518,0.004619
-0.020253,0.164429,0.028291,0.08827,-0.01021,-0.007224,-0.008163,-0.009918,0.057541,0.004518,0.004619,-0.114228
-0.019078,0.164429,0.08827,-0.01021,-0.007224,-0.008163,-0.009918,0.057541,0.004518,0.004619,-0.114228,0.053311
-0.018986,0.164429,-0.01021,-0.007224,-0.008163,-0.009918,0.057541,0.004518,0.004619,-0.114228,0.053311,0.061968
-0.018891,0.164429,-0.007224,-0.008163,-0.009918,0.057541,0.004518,0.004619,-0.114228,0.053311,0.061968,-0.11441
-0.021221,0.164703,-0.008163,-0.009918,0.057541,0.004518,0.004619,-0.114228,0.053311,0.061968,-0.11441,-0.086243
-0.020132,0.164703,-0.009918,0.057541,0.004518,0.004619,-0.114228,0.053311,0.061968,-0.11441,-0.086243,-0.063504
-0.018868,0.164703,0.057541,0.004518,0.004619,-0.114228,0.053311,0.061968,-0.11441,-0.086243,-0.063504,-0.025542
-0.021205,0.164703,0.004518,0.004619,-0.114228,0.053311,0.061968,-0.11441,-0.086243,-0.063504,-0.025542,0.025203
-0.022969,0.164703,0.004619,-0.114228,0.053311,0.061968,-0.11441,-0.086243,-0.063504,-0.025542,0.025203,-0.082538
-0.024268,0.164703,-0.114228,0.053311,0.061968,-0.11441,-0.086243,-0.063504,-0.025542,0.025203,-0.082538,0.038818
-0.024791,0.164703,0.053311,0.061968,-0.11441,-0.086243,-0.063504,-0.025542,0.025203,-0.082538,0.038818,-0.084771
-0.024274,0.164703,0.061968,-0.11441,-0.086243,-0.063504,-0.025542,0.025203,-0.082538,0.038818,-0.084771,0.05266
-0.025969,0.164703,-0.11441,-0.086243,-0.063504,-0.025542,0.025203,-0.082538,0.038818,-0.084771,0.05266,0.11352
-0.025173,0.164703,-0.086243,-0.063504,-0.025542,0.025203,-0.082538,0.038818,-0.084771,0.05266,0.11352,-0.007371
-0.026912,0.164703,-0.063504,-0.025542,0.025203,-0.082538,0.038818,-0.084771,0.05266,0.11352,-0.007371,-0.032101
-0.025831,0.164703,-0.025542,0.025203,-0.082538,0.038818,-0.084771,0.05266,0.11352,-0.007371,-0.032101,0.016606
-0.023501,0.164703,0.025203,-0.082538,0.038818,-0.084771,0.05266,0.11352,-0.007371,-0.032101,0.016606,-0.01687
-0.023652,0.164307,-0.082538,0.038818,-0.084771,0.05266,0.11352,-0.007371,-0.032101,0.016606,-0.01687,0.039718
-0.02431,0.164307,0.038818,-0.084771,0.05266,0.11352,-0.007371,-0.032101,0.016606,-0.01687,0.039718,0.043533
-0.02397,0.164307,-0.084771,0.05266,0.11352,-0.007371,-0.032101,0.016606,-0.01687,0.039718,0.043533,0.04236
-0.024316,0.164307,0.05266,0.11352,-0.007371,-0.032101,0.016606,-0.01687,0.039718,0.043533,0.04236,-0.103094
-0.023501,0.164307,0.11352,-0.007371,-0.032101,0.016606,-0.01687,0.039718,0.043533,0.04236,-0.103094,0.016564
-0.022609,0.164307,-0.007371,-0.032101,0.016606,-0.01687,0.039718,0.043533,0.04236,-0.103094,0.016564,0.106845
-0.021743,0.164307,-0.032101,0.016606,-0.01687,0.039718,0.043533,0.04236,-0.103094,0.016564,0.106845,0.00438
-0.023851,0.164307,0.016606,-0.01687,0.039718,0.043533,0.04236,-0.103094,0.016564,0.106845,0.00438,-0.049739
-0.023512,0.164307,-0.01687,0.039718,0.043533,0.04236,-0.103094,0.016564,0.106845,0.00438,-0.049739,-0.053424
-0.021324,0.164307,0.039718,0.043533,0.04236,-0.103094,0.016564,0.106845,0.00438,-0.049739,-0.053424,-0.082278
-0.021235,0.164307,0.043533,0.04236,-0.103094,0.016564,0.106845,0.00438,-0.049739,-0.053424,-0.082278,0.029548
-0.022252,0.164307,0.04236,-0.103094,0.016564,0.106845,0.00438,-0.049739,-0.053424,-0.082278,0.029548,0.049176
-0.023344,0.164307,-0.103094,0.016564,0.106845,0.00438,-0.049739,-0.053424,-0.082278,0.029548,0.049176,0.030524
-0.025029,0.164307,0.016564,0.106845,0.00438,-0.049739,-0.053424,-0.082278,0.029548,0.049176,0.030524,-0.102778
-0.024423,0.164307,0.106845,0.00438,-0.049739,-0.053424,-0.082278,0.029548,0.049176,0.030524,-0.102778,0.04126
-0.023414,0.164307,0.00438,-0.049739,-0.053424,-0.082278,0.029548,0.049176,0.030524,-0.102778,0.04126,0.103784
-0.022789,0.164307,-0.049739,-0.053424,-0.082278,0.029548,0.049176,0.030524,-0.102778,0.04126,0.103784,0.002887
-0.024893,0.164307,-0.053424,-0.082278,0.029548,0.049176,0.030524,-0.102778,0.04126,0.103784,0.002887,-0.032164
-0.024048,0.164307,-0.082278,0.029548,0.049176,0.030524,-0.102778,0.04126,0.103784,0.002887,-0.032164,-0.051926
-0.021922,0.164307,0.029548,0.049176,0.030524,-0.102778,0.04126,0.103784,0.002887,-0.032164,-0.051926,-0.085103
-0.021863,0.164307,0.049176,0.030524,-0.102778,0.04126,0.103784,0.002887,-0.032164,-0.051926,-0.085103,0.016533
-0.022521,0.164307,0.030524,-0.102778,0.04126,0.103784,0.002887,-0.032164,-0.051926,-0.085103,0.016533,0.051964
-0.023583,0.164307,-0.102778,0.04126,0.103784,0.002887,-0.032164,-0.051926,-0.085103,0.016533,0.051964,0.033358
-0.025326,0.164307,0.04126,0.103784,0.002887,-0.032164,-0.051926,-0.085103,0.016533,0.051964,0.033358,-0.089593
-0.024987,0.164307,0.103784,0.002887,-0.032164,-0.051926,-0.085103,0.016533,0.051964,0.033358,-0.089593,0.036886
-0.02392,0.164307,0.002887,-0.032164,-0.051926,-0.085103,0.016533,0.051964,0.033358,-0.089593,0.036886,0.067325
-0.023237,0.165619,-0.032164,-0.051926,-0.085103,0.016533,0.051964,0.033358,-0.089593,0.036886,0.067325,-0.133405
-0.025072,0.165619,-0.051926,-0.085103,0.016533,0.051964,0.033358,-0.089593,0.036886,0.067325,-0.133405,0.001217
-0.024316,0.165619,-0.085103,0.016533,0.051964,0.033358,-0.089593,0.036886,0.067325,-0.133405,0.001217,0.003469
-0.022936,0.165619,0.016533,0.051964,0.033358,-0.089593,0.036886,0.067325,-0.133405,0.001217,0.003469,-0.010929
-0.025673,0.165619,0.051964,0.033358,-0.089593,0.036886,0.067325,-0.133405,0.001217,0.003469,-0.010929,0.080165
-0.025648,0.165619,0.033358,-0.089593,0.036886,0.067325,-0.133405,0.001217,0.003469,-0.010929,0.080165,0.007109
-0.025577,0.165619,-0.089593,0.036886,0.067325,-0.133405,0.001217,0.003469,-0.010929,0.080165,0.007109,-0.024825
-0.025801,0.165619,0.036886,0.067325,-0.133405,0.001217,0.003469,-0.010929,0.080165,0.007109,-0.024825,-0.162797
-0.024156,0.165619,0.067325,-0.133405,0.001217,0.003469,-0.010929,0.080165,0.007109,-0.024825,-0.162797,0.000752
-0.02401,0.165619,-0.133405,0.001217,0.003469,-0.010929,0.080165,0.007109,-0.024825,-0.162797,0.000752,0.125959
-0.024518,0.165619,0.001217,0.003469,-0.010929,0.080165,0.007109,-0.024825,-0.162797,0.000752,0.125959,0.007034
-0.027859,0.165619,0.003469,-0.010929,0.080165,0.007109,-0.024825,-0.162797,0.000752,0.125959,0.007034,-0.036379
-0.027843,0.166138,-0.010929,0.080165,0.007109,-0.024825,-0.162797,0.000752,0.125959,0.007034,-0.036379,0.007805
-0.025254,0.166138,0.080165,0.007109,-0.024825,-0.162797,0.000752,0.125959,0.007034,-0.036379,0.007805,0.000651
-0.025109,0.166138,0.007109,-0.024825,-0.162797,0.000752,0.125959,0.007034,-0.036379,0.007805,0.000651,0.049778
-0.025856,0.166138,-0.024825,-0.162797,0.000752,0.125959,0.007034,-0.036379,0.007805,0.000651,0.049778,0.023013
-0.025696,0.166138,-0.162797,0.000752,0.125959,0.007034,-0.036379,0.007805,0.000651,0.049778,0.023013,0.039143
-0.025682,0.166138,0.000752,0.125959,0.007034,-0.036379,0.007805,0.000651,0.049778,0.023013,0.039143,-0.106949
-0.02466,0.166138,0.125959,0.007034,-0.036379,0.007805,0.000651,0.049778,0.023013,0.039143,-0.106949,0.047005
-0.024188,0.166138,0.007034,-0.036379,0.007805,0.000651,0.049778,0.023013,0.039143,-0.106949,0.047005,0.100739
-0.023386,0.166138,-0.036379,0.007805,0.000651,0.049778,0.023013,0.039143,-0.106949,0.047005,0.100739,-0.017543
-0.025577,0.166138,0.007805,0.000651,0.049778,0.023013,0.039143,-0.106949,0.047005,0.100739,-0.017543,-0.027755
-0.024613,0.166138,0.000651,0.049778,0.023013,0.039143,-0.106949,0.047005,0.100739,-0.017543,-0.027755,0.019584
-0.022548,0.166138,0.049778,0.023013,0.039143,-0.106949,0.047005,0.100739,-0.017543,-0.027755,0.019584,-0.008225
-0.022908,0.166138,0.023013,0.039143,-0.106949,0.047005,0.100739,-0.017543,-0.027755,0.019584,-0.008225,0.049962
-0.023476,0.166138,0.039143,-0.106949,0.047005,0.100739,-0.017543,-0.027755,0.019584,-0.008225,0.049962,0.021846
-0.023075,0.166138,-0.106949,0.047005,0.100739,-0.017543,-0.027755,0.019584,-0.008225,0.049962,0.021846,0.039587
-0.023243,0.166138,0.047005,0.100739,-0.017543,-0.027755,0.019584,-0.008225,0.049962,0.021846,0.039587,-0.110621
-0.02222,0.166138,0.100739,-0.017543,-0.027755,0.019584,-0.008225,0.049962,0.021846,0.039587,-0.110621,0.034083
-0.021773,0.166138,-0.017543,-0.027755,0.019584,-0.008225,0.049962,0.021846,0.039587,-0.110621,0.034083,0.076329
-0.020964,0.166138,-0.027755,0.019584,-0.008225,0.049962,0.021846,0.039587,-0.110621,0.034083,0.076329,-0.203648
-0.023224,0.166138,0.019584,-0.008225,0.049962,0.021846,0.039587,-0.110621,0.034083,0.076329,-0.203648,-0.053718
-0.022527,0.166138,-0.008225,0.049962,0.021846,0.039587,-0.110621,0.034083,0.076329,-0.203648,-0.053718,-0.015334
-0.020966,0.166138,0.049962,0.021846,0.039587,-0.110621,0.034083,0.076329,-0.203648,-0.053718,-0.015334,0.005018
-0.025139,0.166138,0.021846,0.039587,-0.110621,0.034083,0.076329,-0.203648,-0.053718,-0.015334,0.005018,0.05694
-0.026241,0.166138,0.039587,-0.110621,0.034083,0.076329,-0.203648,-0.053718,-0.015334,0.005018,0.05694,0.018594
-0.026556,0.166138,-0.110621,0.034083,0.076329,-0.203648,-0.053718,-0.015334,0.005018,0.05694,0.018594,-0.007432
-0.026453,0.166138,0.034083,0.076329,-0.203648,-0.053718,-0.015334,0.005018,0.05694,0.018594,-0.007432,-0.140981
-0.025283,0.165222,0.076329,-0.203648,-0.053718,-0.015334,0.005018,0.05694,0.018594,-0.007432,-0.140981,-0.016469
-0.024901,0.165222,-0.203648,-0.053718,-0.015334,0.005018,0.05694,0.018594,-0.007432,-0.140981,-0.016469,0.112854
-0.025054,0.165222,-0.053718,-0.015334,0.005018,0.05694,0.018594,-0.007432,-0.140981,-0.016469,0.112854,0.019967
-0.027948,0.165222,-0.015334,0.005018,0.05694,0.018594,-0.007432,-0.140981,-0.016469,0.112854,0.019967,-0.014686
-0.028286,0.165222,0.005018,0.05694,0.018594,-0.007432,-0.140981,-0.016469,0.112854,0.019967,-0.014686,-0.005225
-0.025965,0.165222,0.05694,0.018594,-0.007432,-0.140981,-0.016469,0.112854,0.019967,-0.014686,-0.005225,-0.006559
-0.025554,0.165222,0.018594,-0.007432,-0.140981,-0.016469,0.112854,0.019967,-0.014686,-0.005225,-0.006559,0.007905
-0.025856,0.165222,-0.007432,-0.140981,-0.016469,0.112854,0.019967,-0.014686,-0.005225,-0.006559,0.007905,-0.165171
-0.025963,0.165222,-0.140981,-0.016469,0.112854,0.019967,-0.014686,-0.005225,-0.006559,0.007905,-0.165171,-0.000458
-0.026097,0.165222,-0.016469,0.112854,0.019967,-0.014686,-0.005225,-0.006559,0.007905,-0.165171,-0.000458,-0.109373
-0.025935,0.165222,0.112854,0.019967,-0.014686,-0.005225,-0.006559,0.007905,-0.165171,-0.000458,-0.109373,0.049284
-0.029336,0.165222,0.019967,-0.014686,-0.005225,-0.006559,0.007905,-0.165171,-0.000458,-0.109373,0.049284,0.117954
-0.029345,0.165222,-0.014686,-0.005225,-0.006559,0.007905,-0.165171,-0.000458,-0.109373,0.049284,0.117954,-0.004626
-0.031599,0.165619,-0.005225,-0.006559,0.007905,-0.165171,-0.000458,-0.109373,0.049284,0.117954,-0.004626,-0.077691
-0.030583,0.165619,-0.006559,0.007905,-0.165171,-0.000458,-0.109373,0.049284,0.117954,-0.004626,-0.077691,-0.075102
-0.02815,0.165619,0.007905,-0.165171,-0.000458,-0.109373,0.049284,0.117954,-0.004626,-0.077691,-0.075102,-0.037403
-0.028246,0.165619,-0.165171,-0.000458,-0.109373,0.049284,0.117954,-0.004626,-0.077691,-0.075102,-0.037403,0.073409
-0.029846,0.165619,-0.000458,-0.109373,0.049284,0.117954,-0.004626,-0.077691,-0.075102,-0.037403,0.073409,-0.03167
-0.031394,0.165619,-0.109373,0.049284,0.117954,-0.004626,-0.077691,-0.075102,-0.037403,0.073409,-0.03167,-0.004841
-0.032166,0.165619,0.049284,0.117954,-0.004626,-0.077691,-0.075102,-0.037403,0.073409,-0.03167,-0.004841,-0.117188
-0.030649,0.165619,0.117954,-0.004626,-0.077691,-0.075102,-0.037403,0.073409,-0.03167,-0.004841,-0.117188,0.012314
-0.031303,0.165619,-0.004626,-0.077691,-0.075102,-0.037403,0.073409,-0.03167,-0.004841,-0.117188,0.012314,-0.043717
-0.031403,0.165619,-0.077691,-0.075102,-0.037403,0.073409,-0.03167,-0.004841,-0.117188,0.012314,-0.043717,0.010622
-0.033824,0.165619,-0.075102,-0.037403,0.073409,-0.03167,-0.004841,-0.117188,0.012314,-0.043717,0.010622,0.014748
-0.033569,0.165619,-0.037403,0.073409,-0.03167,-0.004841,-0.117188,0.012314,-0.043717,0.010622,0.014748,0.031507
-0.034475,0.165619,0.073409,-0.03167,-0.004841,-0.117188,0.012314,-0.043717,0.010622,0.014748,0.031507,-0.018763
-0.034255,0.165619,-0.03167,-0.004841,-0.117188,0.012314,-0.043717,0.010622,0.014748,0.031507,-0.018763,0.051997
-0.033949,0.165619,-0.004841,-0.117188,0.012314,-0.043717,0.010622,0.014748,0.031507,-0.018763,0.051997,0.026323
-0.033298,0.165619,-0.117188,0.012314,-0.043717,0.010622,0.014748,0.031507,-0.018763,0.051997,0.026323,0.046251
-0.033686,0.165619,0.012314,-0.043717,0.010622,0.014748,0.031507,-0.018763,0.051997,0.026323,0.046251,-0.113051
-0.03261,0.165619,-0.043717,0.010622,0.014748,0.031507,-0.018763,0.051997,0.026323,0.046251,-0.113051,0.039185
-0.032065,0.165619,0.010622,0.014748,0.031507,-0.018763,0.051997,0.026323,0.046251,-0.113051,0.039185,0.10599
-0.03111,0.165619,0.014748,0.031507,-0.018763,0.051997,0.026323,0.046251,-0.113051,0.039185,0.10599,0.005254
-0.033444,0.165619,0.031507,-0.018763,0.051997,0.026323,0.046251,-0.113051,0.039185,0.10599,0.005254,-0.03043
-0.032634,0.165619,-0.018763,0.051997,0.026323,0.046251,-0.113051,0.039185,0.10599,0.005254,-0.03043,0.003319
-0.030444,0.165619,0.051997,0.026323,0.046251,-0.113051,0.039185,0.10599,0.005254,-0.03043,0.003319,-0.011907
-0.030335,0.165619,0.026323,0.046251,-0.113051,0.039185,0.10599,0.005254,-0.03043,0.003319,-0.011907,0.046522
-0.030963,0.165619,0.046251,-0.113051,0.039185,0.10599,0.005254,-0.03043,0.003319,-0.011907,0.046522,0.012388
-0.030895,0.16626,-0.113051,0.039185,0.10599,0.005254,-0.03043,0.003319,-0.011907,0.046522,0.012388,0.032383
-0.03114,0.16626,0.039185,0.10599,0.005254,-0.03043,0.003319,-0.011907,0.046522,0.012388,0.032383,-0.092327
-0.03018,0.16626,0.10599,0.005254,-0.03043,0.003319,-0.011907,0.046522,0.012388,0.032383,-0.092327,0.036498
-0.029924,0.16626,0.005254,-0.03043,0.003319,-0.011907,0.046522,0.012388,0.032383,-0.092327,0.036498,0.112276
-0.029257,0.16626,-0.03043,0.003319,-0.011907,0.046522,0.012388,0.032383,-0.092327,0.036498,0.112276,0.008274
-0.031159,0.16626,0.003319,-0.011907,0.046522,0.012388,0.032383,-0.092327,0.036498,0.112276,0.008274,-0.044839
-0.030406,0.16626,-0.011907,0.046522,0.012388,0.032383,-0.092327,0.036498,0.112276,0.008274,-0.044839,0.013423
-0.028092,0.16626,0.046522,0.012388,0.032383,-0.092327,0.036498,0.112276,0.008274,-0.044839,0.013423,-0.010678
-0.027921,0.16626,0.012388,0.032383,-0.092327,0.036498,0.112276,0.008274,-0.044839,0.013423,-0.010678,0.058143
-0.028844,0.16626,0.032383,-0.092327,0.036498,0.112276,0.008274,-0.044839,0.013423,-0.010678,0.058143,0.019796
-0.028568,0.16626,-0.092327,0.036498,0.112276,0.008274,-0.044839,0.013423,-0.010678,0.058143,0.019796,0.051589
-0.028788,0.16626,0.036498,0.112276,0.008274,-0.044839,0.013423,-0.010678,0.058143,0.019796,0.051589,-0.104663
-0.02759,0.16626,0.112276,0.008274,-0.044839,0.013423,-0.010678,0.058143,0.019796,0.051589,-0.104663,0.029488
-0.027183,0.16626,0.008274,-0.044839,0.013423,-0.010678,0.058143,0.019796,0.051589,-0.104663,0.029488,0.074095
-0.026123,0.164551,-0.044839,0.013423,-0.010678,0.058143,0.019796,0.051589,-0.104663,0.029488,0.074095,-0.132248
-0.028273,0.164551,0.013423,-0.010678,0.058143,0.019796,0.051589,-0.104663,0.029488,0.074095,-0.132248,-0.010452
-0.027666,0.164551,-0.010678,0.058143,0.019796,0.051589,-0.104663,0.029488,0.074095,-0.132248,-0.010452,0.010544
-0.026142,0.164551,0.058143,0.019796,0.051589,-0.104663,0.029488,0.074095,-0.132248,-0.010452,0.010544,-0.007793
-0.028865,0.164551,0.019796,0.051589,-0.104663,0.029488,0.074095,-0.132248,-0.010452,0.010544,-0.007793,0.03808
-0.02908,0.164551,0.051589,-0.104663,0.029488,0.074095,-0.132248,-0.010452,0.010544,-0.007793,0.03808,-0.168362
-0.028863,0.164551,-0.104663,0.029488,0.074095,-0.132248,-0.010452,0.010544,-0.007793,0.03808,-0.168362,-0.003444
-0.029023,0.164551,0.029488,0.074095,-0.132248,-0.010452,0.010544,-0.007793,0.03808,-0.168362,-0.003444,-0.131151
-0.028239,0.164551,0.074095,-0.132248,-0.010452,0.010544,-0.007793,0.03808,-0.168362,-0.003444,-0.131151,0.051805
-0.031714,0.164551,-0.132248,-0.010452,0.010544,-0.007793,0.03808,-0.168362,-0.003444,-0.131151,0.051805,0.087377
-0.031785,0.164551,-0.010452,0.010544,-0.007793,0.03808,-0.168362,-0.003444,-0.131151,0.051805,0.087377,-0.144326
-0.034495,0.164551,0.010544,-0.007793,0.03808,-0.168362,-0.003444,-0.131151,0.051805,0.087377,-0.144326,0.009076
-0.033423,0.164551,-0.007793,0.03808,-0.168362,-0.003444,-0.131151,0.051805,0.087377,-0.144326,0.009076,0.011689
-0.031616,0.164551,0.03808,-0.168362,-0.003444,-0.131151,0.051805,0.087377,-0.144326,0.009076,0.011689,0.002454
-0.034604,0.164551,-0.168362,-0.003444,-0.131151,0.051805,0.087377,-0.144326,0.009076,0.011689,0.002454,0.061831
-0.034416,0.164551,-0.003444,-0.131151,0.051805,0.087377,-0.144326,0.009076,0.011689,0.002454,0.061831,0.033362
-0.034174,0.164551,-0.131151,0.051805,0.087377,-0.144326,0.009076,0.011689,0.002454,0.061831,0.033362,0.03344
-0.034123,0.164551,0.051805,0.087377,-0.144326,0.009076,0.011689,0.002454,0.061831,0.033362,0.03344,-0.103045
-0.032843,0.164551,0.087377,-0.144326,0.009076,0.011689,0.002454,0.061831,0.033362,0.03344,-0.103045,0.037757
-0.032153,0.164551,-0.144326,0.009076,0.011689,0.002454,0.061831,0.033362,0.03344,-0.103045,0.037757,0.05632
-0.031462,0.164551,0.009076,0.011689,0.002454,0.061831,0.033362,0.03344,-0.103045,0.037757,0.05632,-0.120437
-0.03359,0.164551,0.011689,0.002454,0.061831,0.033362,0.03344,-0.103045,0.037757,0.05632,-0.120437,-0.020462
-0.03281,0.164551,0.002454,0.061831,0.033362,0.03344,-0.103045,0.037757,0.05632,-0.120437,-0.020462,0.025786
-0.031645,0.164551,0.061831,0.033362,0.03344,-0.103045,0.037757,0.05632,-0.120437,-0.020462,0.025786,-0.013052
-0.034138,0.164551,0.033362,0.03344,-0.103045,0.037757,0.05632,-0.120437,-0.020462,0.025786,-0.013052,0.053359
-0.034562,0.164551,0.03344,-0.103045,0.037757,0.05632,-0.120437,-0.020462,0.025786,-0.013052,0.053359,-0.056856
-0.034028,0.167053,-0.103045,0.037757,0.05632,-0.120437,-0.020462,0.025786,-0.013052,0.053359,-0.056856,0.013327
-0.034298,0.167053,0.037757,0.05632,-0.120437,-0.020462,0.025786,-0.013052,0.053359,-0.056856,0.013327,-0.134455
-0.033193,0.167053,0.05632,-0.120437,-0.020462,0.025786,-0.013052,0.053359,-0.056856,0.013327,-0.134455,0.041734
-0.034371,0.167053,-0.120437,-0.020462,0.025786,-0.013052,0.053359,-0.056856,0.013327,-0.134455,0.041734,0.122025
-0.034095,0.167053,-0.020462,0.025786,-0.013052,0.053359,-0.056856,0.013327,-0.134455,0.041734,0.122025,0.021979
-0.036881,0.167053,0.025786,-0.013052,0.053359,-0.056856,0.013327,-0.134455,0.041734,0.122025,0.021979,-0.040219
-0.036015,0.167053,-0.013052,0.053359,-0.056856,0.013327,-0.134455,0.041734,0.122025,0.021979,-0.040219,-0.044703
-0.033485,0.167053,0.053359,-0.056856,0.013327,-0.134455,0.041734,0.122025,0.021979,-0.040219,-0.044703,-0.095645
-0.03303,0.167053,-0.056856,0.013327,-0.134455,0.041734,0.122025,0.021979,-0.040219,-0.044703,-0.095645,0.029384
-0.033862,0.167053,0.013327,-0.134455,0.041734,0.122025,0.021979,-0.040219,-0.044703,-0.095645,0.029384,0.062294
-0.034787,0.167053,-0.134455,0.041734,0.122025,0.021979,-0.040219,-0.044703,-0.095645,0.029384,0.062294,0.048492
-0.036769,0.168213,0.041734,0.122025,0.021979,-0.040219,-0.044703,-0.095645,0.029384,0.062294,0.048492,-0.100917
-0.036159,0.168213,0.122025,0.021979,-0.040219,-0.044703,-0.095645,0.029384,0.062294,0.048492,-0.100917,0.050241
-0.034866,0.168213,0.021979,-0.040219,-0.044703,-0.095645,0.029384,0.062294,0.048492,-0.100917,0.050241,0.102602
-0.033862,0.168213,-0.040219,-0.044703,-0.095645,0.029384,0.062294,0.048492,-0.100917,0.050241,0.102602,-0.000543
-0.035951,0.168213,-0.044703,-0.095645,0.029384,0.062294,0.048492,-0.100917,0.050241,0.102602,-0.000543,-0.051526
-0.03491,0.168213,-0.095645,0.029384,0.062294,0.048492,-0.100917,0.050241,0.102602,-0.000543,-0.051526,0.025856
-0.032785,0.168213,0.029384,0.062294,0.048492,-0.100917,0.050241,0.102602,-0.000543,-0.051526,0.025856,0.0109
-0.032796,0.168213,0.062294,0.048492,-0.100917,0.050241,0.102602,-0.000543,-0.051526,0.025856,0.0109,0.053457
-0.033862,0.168213,0.048492,-0.100917,0.050241,0.102602,-0.000543,-0.051526,0.025856,0.0109,0.053457,0.01932
-0.033327,0.168213,-0.100917,0.050241,0.102602,-0.000543,-0.051526,0.025856,0.0109,0.053457,0.01932,0.032106
-0.033102,0.168213,0.050241,0.102602,-0.000543,-0.051526,0.025856,0.0109,0.053457,0.01932,0.032106,-0.104618
-0.031996,0.168213,0.102602,-0.000543,-0.051526,0.025856,0.0109,0.053457,0.01932,0.032106,-0.104618,0.029291
-0.031597,0.168213,-0.000543,-0.051526,0.025856,0.0109,0.053457,0.01932,0.032106,-0.104618,0.029291,0.103187
-0.030934,0.168213,-0.051526,0.025856,0.0109,0.053457,0.01932,0.032106,-0.104618,0.029291,0.103187,-0.001856
-0.033093,0.168213,0.025856,0.0109,0.053457,0.01932,0.032106,-0.104618,0.029291,0.103187,-0.001856,-0.029005
-0.032488,0.168213,0.0109,0.053457,0.01932,0.032106,-0.104618,0.029291,0.103187,-0.001856,-0.029005,0.007598
-0.030356,0.168213,0.053457,0.01932,0.032106,-0.104618,0.029291,0.103187,-0.001856,-0.029005,0.007598,-0.010495
-0.030394,0.168213,0.01932,0.032106,-0.104618,0.029291,0.103187,-0.001856,-0.029005,0.007598,-0.010495,0.060762
-0.030993,0.168213,0.032106,-0.104618,0.029291,0.103187,-0.001856,-0.029005,0.007598,-0.010495,0.060762,0.023835
-0.030836,0.168213,-0.104618,0.029291,0.103187,-0.001856,-0.029005,0.007598,-0.010495,0.060762,0.023835,0.021016
-0.031052,0.168213,0.029291,0.103187,-0.001856,-0.029005,0.007598,-0.010495,0.060762,0.023835,0.021016,-0.109525
-0.029798,0.168213,0.103187,-0.001856,-0.029005,0.007598,-0.010495,0.060762,0.023835,0.021016,-0.109525,0.04791
-0.029306,0.168213,-0.001856,-0.029005,0.007598,-0.010495,0.060762,0.023835,0.021016,-0.109525,0.04791,0.108049
-0.028874,0.168213,-0.029005,0.007598,-0.010495,0.060762,0.023835,0.021016,-0.109525,0.04791,0.108049,0.002549
-0.03113,0.168213,0.007598,-0.010495,0.060762,0.023835,0.021016,-0.109525,0.04791,0.108049,0.002549,-0.039114
-0.030142,0.16861,-0.010495,0.060762,0.023835,0.021016,-0.109525,0.04791,0.108049,0.002549,-0.039114,0.006255
-0.027915,0.16861,0.060762,0.023835,0.021016,-0.109525,0.04791,0.108049,0.002549,-0.039114,0.006255,-0.004948
-0.027862,0.16861,0.023835,0.021016,-0.109525,0.04791,0.108049,0.002549,-0.039114,0.006255,-0.004948,0.052422
-0.028667,0.16861,0.021016,-0.109525,0.04791,0.108049,0.002549,-0.039114,0.006255,-0.004948,0.052422,0.024107
-0.028538,0.16861,-0.109525,0.04791,0.108049,0.002549,-0.039114,0.006255,-0.004948,0.052422,0.024107,0.018415
-0.02864,0.16861,0.04791,0.108049,0.002549,-0.039114,0.006255,-0.004948,0.052422,0.024107,0.018415,-0.08727
-0.027561,0.16861,0.108049,0.002549,-0.039114,0.006255,-0.004948,0.052422,0.024107,0.018415,-0.08727,0.04386
-0.027065,0.16861,0.002549,-0.039114,0.006255,-0.004948,0.052422,0.024107,0.018415,-0.08727,0.04386,0.105822
-0.026686,0.16861,-0.039114,0.006255,-0.004948,0.052422,0.024107,0.018415,-0.08727,0.04386,0.105822,-0.083743
-0.028479,0.16861,0.006255,-0.004948,0.052422,0.024107,0.018415,-0.08727,0.04386,0.105822,-0.083743,-0.073595
-0.027577,0.16861,-0.004948,0.052422,0.024107,0.018415,-0.08727,0.04386,0.105822,-0.083743,-0.073595,-0.022427
-0.025402,0.16861,0.052422,0.024107,0.018415,-0.08727,0.04386,0.105822,-0.083743,-0.073595,-0.022427,0.002237
-0.027124,0.16861,0.024107,0.018415,-0.08727,0.04386,0.105822,-0.083743,-0.073595,-0.022427,0.002237,0.046662
-0.028638,0.166779,0.018415,-0.08727,0.04386,0.105822,-0.083743,-0.073595,-0.022427,0.002237,0.046662,0.036962
-0.029099,0.166779,-0.08727,0.04386,0.105822,-0.083743,-0.073595,-0.022427,0.002237,0.046662,0.036962,0.054442
-0.029053,0.166779,0.04386,0.105822,-0.083743,-0.073595,-0.022427,0.002237,0.046662,0.036962,0.054442,-0.126164
-0.028092,0.166779,0.105822,-0.083743,-0.073595,-0.022427,0.002237,0.046662,0.036962,0.054442,-0.126164,0.038083
-0.02733,0.166779,-0.083743,-0.073595,-0.022427,0.002237,0.046662,0.036962,0.054442,-0.126164,0.038083,0.112928
-0.026212,0.166779,-0.073595,-0.022427,0.002237,0.046662,0.036962,0.054442,-0.126164,0.038083,0.112928,-0.000222
-0.028804,0.166779,-0.022427,0.002237,0.046662,0.036962,0.054442,-0.126164,0.038083,0.112928,-0.000222,-0.04933
-0.028021,0.166779,0.002237,0.046662,0.036962,0.054442,-0.126164,0.038083,0.112928,-0.000222,-0.04933,-0.031175
-0.025698,0.166779,0.046662,0.036962,0.054442,-0.126164,0.038083,0.112928,-0.000222,-0.04933,-0.031175,-0.093956
-0.025703,0.166779,0.036962,0.054442,-0.126164,0.038083,0.112928,-0.000222,-0.04933,-0.031175,-0.093956,0.029498
-0.026716,0.166779,0.054442,-0.126164,0.038083,0.112928,-0.000222,-0.04933,-0.031175,-0.093956,0.029498,0.052633
-0.027356,0.166779,-0.126164,0.038083,0.112928,-0.000222,-0.04933,-0.031175,-0.093956,0.029498,0.052633,0.025551
-0.029289,0.166779,0.038083,0.112928,-0.000222,-0.04933,-0.031175,-0.093956,0.029498,0.052633,0.025551,-0.122982
-0.028681,0.166779,0.112928,-0.000222,-0.04933,-0.031175,-0.093956,0.029498,0.052633,0.025551,-0.122982,-0.096034
-0.027596,0.166779,-0.000222,-0.04933,-0.031175,-0.093956,0.029498,0.052633,0.025551,-0.122982,-0.096034,0.10768
-0.027071,0.166779,-0.04933,-0.031175,-0.093956,0.029498,0.052633,0.025551,-0.122982,-0.096034,0.10768,0.012458
-0.0296,0.166779,-0.031175,-0.093956,0.029498,0.052633,0.025551,-0.122982,-0.096034,0.10768,0.012458,-0.02904
-0.03158,0.166779,-0.093956,0.029498,0.052633,0.025551,-0.122982,-0.096034,0.10768,0.012458,-0.02904,0.020531
-0.029357,0.166779,0.029498,0.052633,0.025551,-0.122982,-0.096034,0.10768,0.012458,-0.02904,0.020531,0.009407
-0.0291,0.166779,0.052633,0.025551,-0.122982,-0.096034,0.10768,0.012458,-0.02904,0.020531,0.009407,0.048087
-0.029699,0.166779,0.025551,-0.122982,-0.096034,0.10768,0.012458,-0.02904,0.020531,0.009407,0.048087,0.00111
-0.029276,0.166779,-0.122982,-0.096034,0.10768,0.012458,-0.02904,0.020531,0.009407,0.048087,0.00111,-0.03194
-0.029082,0.166779,-0.096034,0.10768,0.012458,-0.02904,0.020531,0.009407,0.048087,0.00111,-0.03194,-0.139459
-0.028092,0.166779,0.10768,0.012458,-0.02904,0.020531,0.009407,0.048087,0.00111,-0.03194,-0.139459,-0.01327
-0.028069,0.166779,0.012458,-0.02904,0.020531,0.009407,0.048087,0.00111,-0.03194,-0.139459,-0.01327,-0.022897
-0.028726,0.166779,-0.02904,0.020531,0.009407,0.048087,0.00111,-0.03194,-0.139459,-0.01327,-0.022897,-0.000523
-0.031599,0.163391,0.020531,0.009407,0.048087,0.00111,-0.03194,-0.139459,-0.01327,-0.022897,-0.000523,-0.01197
-0.031873,0.163391,0.009407,0.048087,0.00111,-0.03194,-0.139459,-0.01327,-0.022897,-0.000523,-0.01197,0.013205
-0.032347,0.163391,0.048087,0.00111,-0.03194,-0.139459,-0.01327,-0.022897,-0.000523,-0.01197,0.013205,-0.051375
-0.032358,0.163391,0.00111,-0.03194,-0.139459,-0.01327,-0.022897,-0.000523,-0.01197,0.013205,-0.051375,-0.056383
-0.032605,0.163391,-0.03194,-0.139459,-0.01327,-0.022897,-0.000523,-0.01197,0.013205,-0.051375,-0.056383,0.01764
-0.032332,0.163391,-0.139459,-0.01327,-0.022897,-0.000523,-0.01197,0.013205,-0.051375,-0.056383,0.01764,0.061358
-0.033394,0.163391,-0.01327,-0.022897,-0.000523,-0.01197,0.013205,-0.051375,-0.056383,0.01764,0.061358,-0.099788
-0.034562,0.163391,-0.022897,-0.000523,-0.01197,0.013205,-0.051375,-0.056383,0.01764,0.061358,-0.099788,0.036256
-0.034196,0.163391,-0.000523,-0.01197,0.013205,-0.051375,-0.056383,0.01764,0.061358,-0.099788,0.036256,0.123978
-0.032927,0.163391,-0.01197,0.013205,-0.051375,-0.056383,0.01764,0.061358,-0.099788,0.036256,0.123978,-0.007569
-0.034991,0.163391,0.013205,-0.051375,-0.056383,0.01764,0.061358,-0.099788,0.036256,0.123978,-0.007569,-0.034636
-0.03424,0.163391,-0.051375,-0.056383,0.01764,0.061358,-0.099788,0.036256,0.123978,-0.007569,-0.034636,-0.020812
-0.031674,0.162354,-0.056383,0.01764,0.061358,-0.099788,0.036256,0.123978,-0.007569,-0.034636,-0.020812,-0.037141
-0.031831,0.162354,0.01764,0.061358,-0.099788,0.036256,0.123978,-0.007569,-0.034636,-0.020812,-0.037141,-0.054895
-0.032546,0.162354,0.061358,-0.099788,0.036256,0.123978,-0.007569,-0.034636,-0.020812,-0.037141,-0.054895,0.01761
-0.032976,0.162354,-0.099788,0.036256,0.123978,-0.007569,-0.034636,-0.020812,-0.037141,-0.054895,0.01761,0.049977
-0.033744,0.162354,0.036256,0.123978,-0.007569,-0.034636,-0.020812,-0.037141,-0.054895,0.01761,0.049977,-0.099625
-0.034882,0.162354,0.123978,-0.007569,-0.034636,-0.020812,-0.037141,-0.054895,0.01761,0.049977,-0.099625,0.039033
-0.034517,0.162354,-0.007569,-0.034636,-0.020812,-0.037141,-0.054895,0.01761,0.049977,-0.099625,0.039033,0.094176
-0.033482,0.162354,-0.034636,-0.020812,-0.037141,-0.054895,0.01761,0.049977,-0.099625,0.039033,0.094176,-0.014655
-0.035544,0.162354,-0.020812,-0.037141,-0.054895,0.01761,0.049977,-0.099625,0.039033,0.094176,-0.014655,-0.027524
-0.034735,0.162354,-0.037141,-0.054895,0.01761,0.049977,-0.099625,0.039033,0.094176,-0.014655,-0.027524,-0.002397
-0.032785,0.162354,-0.054895,0.01761,0.049977,-0.099625,0.039033,0.094176,-0.014655,-0.027524,-0.002397,-0.001802
-0.033088,0.162354,0.01761,0.049977,-0.099625,0.039033,0.094176,-0.014655,-0.027524,-0.002397,-0.001802,0.068942
-0.033657,0.162354,0.049977,-0.099625,0.039033,0.094176,-0.014655,-0.027524,-0.002397,-0.001802,0.068942,0.007958
-0.033707,0.162354,-0.099625,0.039033,0.094176,-0.014655,-0.027524,-0.002397,-0.001802,0.068942,0.007958,0.034859
-0.033744,0.162354,0.039033,0.094176,-0.014655,-0.027524,-0.002397,-0.001802,0.068942,0.007958,0.034859,-0.117181
-0.032317,0.162354,0.094176,-0.014655,-0.027524,-0.002397,-0.001802,0.068942,0.007958,0.034859,-0.117181,0.005264
-0.032153,0.162354,-0.014655,-0.027524,-0.002397,-0.001802,0.068942,0.007958,0.034859,-0.117181,0.005264,-0.038068
-0.031433,0.162354,-0.027524,-0.002397,-0.001802,0.068942,0.007958,0.034859,-0.117181,0.005264,-0.038068,0.010617
-0.033853,0.162354,-0.002397,-0.001802,0.068942,0.007958,0.034859,-0.117181,0.005264,-0.038068,0.010617,-0.016243
-0.033744,0.162354,-0.001802,0.068942,0.007958,0.034859,-0.117181,0.005264,-0.038068,0.010617,-0.016243,-0.002406
-0.034533,0.162354,0.068942,0.007958,0.034859,-0.117181,0.005264,-0.038068,0.010617,-0.016243,-0.002406,-0.011589
-0.034313,0.162354,0.007958,0.034859,-0.117181,0.005264,-0.038068,0.010617,-0.016243,-0.002406,-0.011589,0.056113
-0.034649,0.162354,0.034859,-0.117181,0.005264,-0.038068,0.010617,-0.016243,-0.002406,-0.011589,0.056113,0.010673
-0.034699,0.162354,-0.117181,0.005264,-0.038068,0.010617,-0.016243,-0.002406,-0.011589,0.056113,0.010673,0.040279
-0.034939,0.162354,0.005264,-0.038068,0.010617,-0.016243,-0.002406,-0.011589,0.056113,0.010673,0.040279,-0.112509
-0.033776,0.161835,-0.038068,0.010617,-0.016243,-0.002406,-0.011589,0.056113,0.010673,0.040279,-0.112509,0.046108
-0.033555,0.161835,0.010617,-0.016243,-0.002406,-0.011589,0.056113,0.010673,0.040279,-0.112509,0.046108,0.125442
-0.032722,0.161835,-0.016243,-0.002406,-0.011589,0.056113,0.010673,0.040279,-0.112509,0.046108,0.125442,0.005185
-0.035049,0.161835,-0.002406,-0.011589,0.056113,0.010673,0.040279,-0.112509,0.046108,0.125442,0.005185,-0.06016
-0.034094,0.161835,-0.011589,0.056113,0.010673,0.040279,-0.112509,0.046108,0.125442,0.005185,-0.06016,0.001864
-0.031499,0.161835,0.056113,0.010673,0.040279,-0.112509,0.046108,0.125442,0.005185,-0.06016,0.001864,-0.011764
-0.031391,0.161835,0.010673,0.040279,-0.112509,0.046108,0.125442,0.005185,-0.06016,0.001864,-0.011764,0.037922
-0.032634,0.161835,0.040279,-0.112509,0.046108,0.125442,0.005185,-0.06016,0.001864,-0.011764,0.037922,-0.051358
-0.032596,0.161835,-0.112509,0.046108,0.125442,0.005185,-0.06016,0.001864,-0.011764,0.037922,-0.051358,-0.068391
-0.032839,0.161835,0.046108,0.125442,0.005185,-0.06016,0.001864,-0.011764,0.037922,-0.051358,-0.068391,-0.164982
-0.032054,0.161835,0.125442,0.005185,-0.06016,0.001864,-0.011764,0.037922,-0.051358,-0.068391,-0.164982,0.008183
-0.033117,0.161835,0.005185,-0.06016,0.001864,-0.011764,0.037922,-0.051358,-0.068391,-0.164982,0.008183,0.089328
-0.034533,0.159607,-0.06016,0.001864,-0.011764,0.037922,-0.051358,-0.068391,-0.164982,0.008183,0.089328,0.0105
-0.037953,0.159607,0.001864,-0.011764,0.037922,-0.051358,-0.068391,-0.164982,0.008183,0.089328,0.0105,-0.01766
-0.037783,0.159607,-0.011764,0.037922,-0.051358,-0.068391,-0.164982,0.008183,0.089328,0.0105,-0.01766,-0.002426
-0.035927,0.159607,0.037922,-0.051358,-0.068391,-0.164982,0.008183,0.089328,0.0105,-0.01766,-0.002426,-0.040816
-0.035709,0.159607,-0.051358,-0.068391,-0.164982,0.008183,0.089328,0.0105,-0.01766,-0.002426,-0.040816,-0.067965
-0.036075,0.159607,-0.068391,-0.164982,0.008183,0.089328,0.0105,-0.01766,-0.002426,-0.040816,-0.067965,-0.054802
-0.036126,0.159607,-0.164982,0.008183,0.089328,0.0105,-0.01766,-0.002426,-0.040816,-0.067965,-0.054802,-0.064675
-0.036972,0.159607,0.008183,0.089328,0.0105,-0.01766,-0.002426,-0.040816,-0.067965,-0.054802,-0.064675,-0.172798
-0.038386,0.159607,0.089328,0.0105,-0.01766,-0.002426,-0.040816,-0.067965,-0.054802,-0.064675,-0.172798,-0.017573
-0.039528,0.159607,0.0105,-0.01766,-0.002426,-0.040816,-0.067965,-0.054802,-0.064675,-0.172798,-0.017573,-0.076544
-0.040875,0.159607,-0.01766,-0.002426,-0.040816,-0.067965,-0.054802,-0.064675,-0.172798,-0.017573,-0.076544,-0.174622
-0.044482,0.159607,-0.002426,-0.040816,-0.067965,-0.054802,-0.064675,-0.172798,-0.017573,-0.076544,-0.174622,-0.04717
-0.044849,0.159607,-0.040816,-0.067965,-0.054802,-0.064675,-0.172798,-0.017573,-0.076544,-0.174622,-0.04717,0.006798
-0.046455,0.159607,-0.067965,-0.054802,-0.064675,-0.172798,-0.017573,-0.076544,-0.174622,-0.04717,0.006798,0.019181
-0.050128,0.159607,-0.054802,-0.064675,-0.172798,-0.017573,-0.076544,-0.174622,-0.04717,0.006798,0.019181,0.069331
-0.051121,0.159607,-0.064675,-0.172798,-0.017573,-0.076544,-0.174622,-0.04717,0.006798,0.019181,0.069331,0.049793
-0.050978,0.159607,-0.172798,-0.017573,-0.076544,-0.174622,-0.04717,0.006798,0.019181,0.069331,0.049793,0.047081
-0.050574,0.159607,-0.017573,-0.076544,-0.174622,-0.04717,0.006798,0.019181,0.069331,0.049793,0.047081,-0.053912
-0.049114,0.159607,-0.076544,-0.174622,-0.04717,0.006798,0.019181,0.069331,0.049793,0.047081,-0.053912,0.015159
-0.048066,0.159607,-0.174622,-0.04717,0.006798,0.019181,0.069331,0.049793,0.047081,-0.053912,0.015159,0.115753
-0.047078,0.159607,-0.04717,0.006798,0.019181,0.069331,0.049793,0.047081,-0.053912,0.015159,0.115753,-0.071497
-0.048209,0.159607,0.006798,0.019181,0.069331,0.049793,0.047081,-0.053912,0.015159,0.115753,-0.071497,-0.11343
-0.047891,0.159607,0.019181,0.069331,0.049793,0.047081,-0.053912,0.015159,0.115753,-0.071497,-0.11343,-0.101743
-0.04546,0.159607,0.069331,0.049793,0.047081,-0.053912,0.015159,0.115753,-0.071497,-0.11343,-0.101743,-0.072734
-0.046961,0.160645,0.049793,0.047081,-0.053912,0.015159,0.115753,-0.071497,-0.11343,-0.101743,-0.072734,0.0424
-0.049344,0.160645,0.047081,-0.053912,0.015159,0.115753,-0.071497,-0.11343,-0.101743,-0.072734,0.0424,0.015897
-0.051485,0.160645,-0.053912,0.015159,0.115753,-0.071497,-0.11343,-0.101743,-0.072734,0.0424,0.015897,0.024923
-0.053019,0.160645,0.015159,0.115753,-0.071497,-0.11343,-0.101743,-0.072734,0.0424,0.015897,0.024923,-0.115769
-0.052123,0.160645,0.115753,-0.071497,-0.11343,-0.101743,-0.072734,0.0424,0.015897,0.024923,-0.115769,-0.094519
-0.051788,0.160645,-0.071497,-0.11343,-0.101743,-0.072734,0.0424,0.015897,0.024923,-0.115769,-0.094519,0.080476
-0.051262,0.160645,-0.11343,-0.101743,-0.072734,0.0424,0.015897,0.024923,-0.115769,-0.094519,0.080476,0.005138
-0.053704,0.160645,-0.101743,-0.072734,0.0424,0.015897,0.024923,-0.115769,-0.094519,0.080476,0.005138,-0.05344
-0.055702,0.160645,-0.072734,0.0424,0.015897,0.024923,-0.115769,-0.094519,0.080476,0.005138,-0.05344,-0.034264
-0.053998,0.160645,0.0424,0.015897,0.024923,-0.115769,-0.094519,0.080476,0.005138,-0.05344,-0.034264,-0.038763
-0.053889,0.160645,0.015897,0.024923,-0.115769,-0.094519,0.080476,0.005138,-0.05344,-0.034264,-0.038763,0.031691
-0.055019,0.160645,0.024923,-0.115769,-0.094519,0.080476,0.005138,-0.05344,-0.034264,-0.038763,0.031691,0.005024
-0.055744,0.161041,-0.115769,-0.094519,0.080476,0.005138,-0.05344,-0.034264,-0.038763,0.031691,0.005024,0.019094
-0.056565,0.161041,-0.094519,0.080476,0.005138,-0.05344,-0.034264,-0.038763,0.031691,0.005024,0.019094,-0.097304
-0.055893,0.161041,0.080476,0.005138,-0.05344,-0.034264,-0.038763,0.031691,0.005024,0.019094,-0.097304,-0.007103
-0.055787,0.161041,0.005138,-0.05344,-0.034264,-0.038763,0.031691,0.005024,0.019094,-0.097304,-0.007103,-0.049187
-0.055382,0.161041,-0.05344,-0.034264,-0.038763,0.031691,0.005024,0.019094,-0.097304,-0.007103,-0.049187,-0.021164
-0.057443,0.161041,-0.034264,-0.038763,0.031691,0.005024,0.019094,-0.097304,-0.007103,-0.049187,-0.021164,-0.034689
-0.057593,0.161041,-0.038763,0.031691,0.005024,0.019094,-0.097304,-0.007103,-0.049187,-0.021164,-0.034689,-0.002638
-0.058639,0.161041,0.031691,0.005024,0.019094,-0.097304,-0.007103,-0.049187,-0.021164,-0.034689,-0.002638,-0.027692
-0.059089,0.161041,0.005024,0.019094,-0.097304,-0.007103,-0.049187,-0.021164,-0.034689,-0.002638,-0.027692,0.03289
-0.059826,0.161041,0.019094,-0.097304,-0.007103,-0.049187,-0.021164,-0.034689,-0.002638,-0.027692,0.03289,-0.005591
-0.059882,0.161041,-0.097304,-0.007103,-0.049187,-0.021164,-0.034689,-0.002638,-0.027692,0.03289,-0.005591,0.025108
-0.060471,0.161041,-0.007103,-0.049187,-0.021164,-0.034689,-0.002638,-0.027692,0.03289,-0.005591,0.025108,-0.107791
-0.059771,0.161041,-0.049187,-0.021164,-0.034689,-0.002638,-0.027692,0.03289,-0.005591,0.025108,-0.107791,0.006109
-0.05989,0.161041,-0.021164,-0.034689,-0.002638,-0.027692,0.03289,-0.005591,0.025108,-0.107791,0.006109,0.054829
-0.059356,0.161041,-0.034689,-0.002638,-0.027692,0.03289,-0.005591,0.025108,-0.107791,0.006109,0.054829,-0.151089
-0.061649,0.161041,-0.002638,-0.027692,0.03289,-0.005591,0.025108,-0.107791,0.006109,0.054829,-0.151089,-0.008817
-0.061518,0.161041,-0.027692,0.03289,-0.005591,0.025108,-0.107791,0.006109,0.054829,-0.151089,-0.008817,-0.006524
-0.06035,0.161041,0.03289,-0.005591,0.025108,-0.107791,0.006109,0.054829,-0.151089,-0.008817,-0.006524,-0.022028
-0.063574,0.161041,-0.005591,0.025108,-0.107791,0.006109,0.054829,-0.151089,-0.008817,-0.006524,-0.022028,0.018703
-0.063763,0.161041,0.025108,-0.107791,0.006109,0.054829,-0.151089,-0.008817,-0.006524,-0.022028,0.018703,0.00965
-0.063902,0.161041,-0.107791,0.006109,0.054829,-0.151089,-0.008817,-0.006524,-0.022028,0.018703,0.00965,0.020705
-0.064372,0.161041,0.006109,0.054829,-0.151089,-0.008817,-0.006524,-0.022028,0.018703,0.00965,0.020705,-0.096279
-0.063972,0.161041,0.054829,-0.151089,-0.008817,-0.006524,-0.022028,0.018703,0.00965,0.020705,-0.096279,0.002386
-0.063766,0.159729,-0.151089,-0.008817,-0.006524,-0.022028,0.018703,0.00965,0.020705,-0.096279,0.002386,0.088993
-0.063324,0.159729,-0.008817,-0.006524,-0.022028,0.018703,0.00965,0.020705,-0.096279,0.002386,0.088993,0.001995
-0.06538,0.159729,-0.006524,-0.022028,0.018703,0.00965,0.020705,-0.096279,0.002386,0.088993,0.001995,-0.029343
-0.065329,0.159729,-0.022028,0.018703,0.00965,0.020705,-0.096279,0.002386,0.088993,0.001995,-0.029343,-0.028319
-0.063425,0.159729,0.018703,0.00965,0.020705,-0.096279,0.002386,0.088993,0.001995,-0.029343,-0.028319,-0.028333
-0.063383,0.159729,0.00965,0.020705,-0.096279,0.002386,0.088993,0.001995,-0.029343,-0.028319,-0.028333,0.036577
-0.064009,0.159729,0.020705,-0.096279,0.002386,0.088993,0.001995,-0.029343,-0.028319,-0.028333,0.036577,0.003221
-0.064614,0.159729,-0.096279,0.002386,0.088993,0.001995,-0.029343,-0.028319,-0.028333,0.036577,0.003221,0.021914
-0.06522,0.159729,0.002386,0.088993,0.001995,-0.029343,-0.028319,-0.028333,0.036577,0.003221,0.021914,-0.080795
-0.064437,0.159729,0.088993,0.001995,-0.029343,-0.028319,-0.028333,0.036577,0.003221,0.021914,-0.080795,0.012609
-0.064368,0.159729,0.001995,-0.029343,-0.028319,-0.028333,0.036577,0.003221,0.021914,-0.080795,0.012609,0.071065
-0.0639,0.162354,-0.029343,-0.028319,-0.028333,0.036577,0.003221,0.021914,-0.080795,0.012609,0.071065,-0.010821
-0.065626,0.162354,-0.028319,-0.028333,0.036577,0.003221,0.021914,-0.080795,0.012609,0.071065,-0.010821,-0.042109
-0.065356,0.162354,-0.028333,0.036577,0.003221,0.021914,-0.080795,0.012609,0.071065,-0.010821,-0.042109,-0.055056
-0.063836,0.162354,0.036577,0.003221,0.021914,-0.080795,0.012609,0.071065,-0.010821,-0.042109,-0.055056,-0.111759
-0.064067,0.162354,0.003221,0.021914,-0.080795,0.012609,0.071065,-0.010821,-0.042109,-0.055056,-0.111759,0.007409
-0.064967,0.162354,0.021914,-0.080795,0.012609,0.071065,-0.010821,-0.042109,-0.055056,-0.111759,0.007409,0.037109
-0.066145,0.162354,-0.080795,0.012609,0.071065,-0.010821,-0.042109,-0.055056,-0.111759,0.007409,0.037109,-0.051957
-0.06854,0.162354,0.012609,0.071065,-0.010821,-0.042109,-0.055056,-0.111759,0.007409,0.037109,-0.051957,-0.156155
-0.068381,0.162354,0.071065,-0.010821,-0.042109,-0.055056,-0.111759,0.007409,0.037109,-0.051957,-0.156155,-0.156417
-0.067583,0.162354,-0.010821,-0.042109,-0.055056,-0.111759,0.007409,0.037109,-0.051957,-0.156155,-0.156417,0.085636
-0.068698,0.162354,-0.042109,-0.055056,-0.111759,0.007409,0.037109,-0.051957,-0.156155,-0.156417,0.085636,-0.0703
-0.072055,0.162354,-0.055056,-0.111759,0.007409,0.037109,-0.051957,-0.156155,-0.156417,0.085636,-0.0703,-0.074558
-0.07543,0.162354,-0.111759,0.007409,0.037109,-0.051957,-0.156155,-0.156417,0.085636,-0.0703,-0.074558,-0.01508
-0.073578,0.162354,0.007409,0.037109,-0.051957,-0.156155,-0.156417,0.085636,-0.0703,-0.074558,-0.01508,0.021294
-0.075099,0.162354,0.037109,-0.051957,-0.156155,-0.156417,0.085636,-0.0703,-0.074558,-0.01508,0.021294,0.023786
-0.076712,0.162354,-0.051957,-0.156155,-0.156417,0.085636,-0.0703,-0.074558,-0.01508,0.021294,0.023786,0.022289
-0.077038,0.162354,-0.156155,-0.156417,0.085636,-0.0703,-0.074558,-0.01508,0.021294,0.023786,0.022289,0.021712
-0.076577,0.162354,-0.156417,0.085636,-0.0703,-0.074558,-0.01508,0.021294,0.023786,0.022289,0.021712,-0.076871
-0.076062,0.162354,0.085636,-0.0703,-0.074558,-0.01508,0.021294,0.023786,0.022289,0.021712,-0.076871,0.000365
-0.075579,0.162354,-0.0703,-0.074558,-0.01508,0.021294,0.023786,0.022289,0.021712,-0.076871,0.000365,-0.080291
-0.07511,0.162354,-0.074558,-0.01508,0.021294,0.023786,0.022289,0.021712,-0.076871,0.000365,-0.080291,-0.013412
-0.076772,0.162354,-0.01508,0.021294,0.023786,0.022289,0.021712,-0.076871,0.000365,-0.080291,-0.013412,0.00661
-0.076764,0.165741,0.021294,0.023786,0.022289,0.021712,-0.076871,0.000365,-0.080291,-0.013412,0.00661,0.010696
-0.078506,0.165741,0.023786,0.022289,0.021712,-0.076871,0.000365,-0.080291,-0.013412,0.00661,0.010696,-0.020351
-0.078798,0.165741,0.022289,0.021712,-0.076871,0.000365,-0.080291,-0.013412,0.00661,0.010696,-0.020351,0.016457
-0.078654,0.165741,0.021712,-0.076871,0.000365,-0.080291,-0.013412,0.00661,0.010696,-0.020351,0.016457,0.003671
-0.078422,0.165741,-0.076871,0.000365,-0.080291,-0.013412,0.00661,0.010696,-0.020351,0.016457,0.003671,0.006646
-0.078864,0.165741,0.000365,-0.080291,-0.013412,0.00661,0.010696,-0.020351,0.016457,0.003671,0.006646,-0.071259
-0.078506,0.165741,-0.080291,-0.013412,0.00661,0.010696,-0.020351,0.016457,0.003671,0.006646,-0.071259,0.005377
-0.078426,0.165741,-0.013412,0.00661,0.010696,-0.020351,0.016457,0.003671,0.006646,-0.071259,0.005377,0.103118
-0.078282,0.165741,0.00661,0.010696,-0.020351,0.016457,0.003671,0.006646,-0.071259,0.005377,0.103118,-0.019526
-0.079828,0.165741,0.010696,-0.020351,0.016457,0.003671,0.006646,-0.071259,0.005377,0.103118,-0.019526,-0.036189
-0.079712,0.163666,-0.020351,0.016457,0.003671,0.006646,-0.071259,0.005377,0.103118,-0.019526,-0.036189,0.000893
-0.077472,0.163666,0.016457,0.003671,0.006646,-0.071259,0.005377,0.103118,-0.019526,-0.036189,0.000893,-0.028867
-0.077896,0.163666,0.003671,0.006646,-0.071259,0.005377,0.103118,-0.019526,-0.036189,0.000893,-0.028867,0.009155
-0.078681,0.163666,0.006646,-0.071259,0.005377,0.103118,-0.019526,-0.036189,0.000893,-0.028867,0.009155,0.030479
-0.078661,0.163666,-0.071259,0.005377,0.103118,-0.019526,-0.036189,0.000893,-0.028867,0.009155,0.030479,0.010319
-0.079288,0.163666,0.005377,0.103118,-0.019526,-0.036189,0.000893,-0.028867,0.009155,0.030479,0.010319,-0.087132
-0.079089,0.163666,0.103118,-0.019526,-0.036189,0.000893,-0.028867,0.009155,0.030479,0.010319,-0.087132,0.027328
-0.078426,0.163666,-0.019526,-0.036189,0.000893,-0.028867,0.009155,0.030479,0.010319,-0.087132,0.027328,0.033516
-0.078203,0.163666,-0.036189,0.000893,-0.028867,0.009155,0.030479,0.010319,-0.087132,0.027328,0.033516,-0.198628
-0.080093,0.163666,0.000893,-0.028867,0.009155,0.030479,0.010319,-0.087132,0.027328,0.033516,-0.198628,-0.09228
-0.0795,0.163666,-0.028867,0.009155,0.030479,0.010319,-0.087132,0.027328,0.033516,-0.198628,-0.09228,-0.065024
-0.078771,0.163666,0.009155,0.030479,0.010319,-0.087132,0.027328,0.033516,-0.198628,-0.09228,-0.065024,-0.065781
-0.083098,0.163666,0.030479,0.010319,-0.087132,0.027328,0.033516,-0.198628,-0.09228,-0.065024,-0.065781,-0.043637
-0.085113,0.163666,0.010319,-0.087132,0.027328,0.033516,-0.198628,-0.09228,-0.065024,-0.065781,-0.043637,-0.047558
-0.086534,0.163666,-0.087132,0.027328,0.033516,-0.198628,-0.09228,-0.065024,-0.065781,-0.043637,-0.047558,-0.004877
-0.087974,0.163666,0.027328,0.033516,-0.198628,-0.09228,-0.065024,-0.065781,-0.043637,-0.047558,-0.004877,-0.055833
-0.088933,0.163666,0.033516,-0.198628,-0.09228,-0.065024,-0.065781,-0.043637,-0.047558,-0.004877,-0.055833,0.03744
-0.089978,0.163666,-0.198628,-0.09228,-0.065024,-0.065781,-0.043637,-0.047558,-0.004877,-0.055833,0.03744,0.096763
-0.090085,0.163666,-0.09228,-0.065024,-0.065781,-0.043637,-0.047558,-0.004877,-0.055833,0.03744,0.096763,-0.077045
-0.091312,0.163666,-0.065024,-0.065781,-0.043637,-0.047558,-0.004877,-0.055833,0.03744,0.096763,-0.077045,-0.084743
-0.090489,0.163666,-0.065781,-0.043637,-0.047558,-0.004877,-0.055833,0.03744,0.096763,-0.077045,-0.084743,-0.016932
-0.088362,0.163666,-0.043637,-0.047558,-0.004877,-0.055833,0.03744,0.096763,-0.077045,-0.084743,-0.016932,0.013924
-0.090056,0.164551,-0.047558,-0.004877,-0.055833,0.03744,0.096763,-0.077045,-0.084743,-0.016932,0.013924,-0.034625
-0.09192,0.164551,-0.004877,-0.055833,0.03744,0.096763,-0.077045,-0.084743,-0.016932,0.013924,-0.034625,-0.099277
-0.092293,0.164551,-0.055833,0.03744,0.096763,-0.077045,-0.084743,-0.016932,0.013924,-0.034625,-0.099277,-0.010886
-0.091986,0.164551,0.03744,0.096763,-0.077045,-0.084743,-0.016932,0.013924,-0.034625,-0.099277,-0.010886,-0.057287
-0.09275,0.164551,0.096763,-0.077045,-0.084743,-0.016932,0.013924,-0.034625,-0.099277,-0.010886,-0.057287,0.020857
-0.094943,0.164551,-0.077045,-0.084743,-0.016932,0.013924,-0.034625,-0.099277,-0.010886,-0.057287,0.020857,0.084979
-0.095184,0.164551,-0.084743,-0.016932,0.013924,-0.034625,-0.099277,-0.010886,-0.057287,0.020857,0.084979,-0.077
-0.09645,0.164551,-0.016932,0.013924,-0.034625,-0.099277,-0.010886,-0.057287,0.020857,0.084979,-0.077,-0.092665
-0.095988,0.164551,0.013924,-0.034625,-0.099277,-0.010886,-0.057287,0.020857,0.084979,-0.077,-0.092665,-0.080846
-0.094109,0.164551,-0.034625,-0.099277,-0.010886,-0.057287,0.020857,0.084979,-0.077,-0.092665,-0.080846,-0.074885
-0.095812,0.165222,-0.099277,-0.010886,-0.057287,0.020857,0.084979,-0.077,-0.092665,-0.080846,-0.074885,-0.000135
-0.097864,0.165222,-0.010886,-0.057287,0.020857,0.084979,-0.077,-0.092665,-0.080846,-0.074885,-0.000135,0.079664
-0.099656,0.165222,-0.057287,0.020857,0.084979,-0.077,-0.092665,-0.080846,-0.074885,-0.000135,0.079664,-0.005273
-0.10132,0.165222,0.020857,0.084979,-0.077,-0.092665,-0.080846,-0.074885,-0.000135,0.079664,-0.005273,-0.071296
-0.101323,0.165222,0.084979,-0.077,-0.092665,-0.080846,-0.074885,-0.000135,0.079664,-0.005273,-0.071296,0.025293
-0.09955,0.165222,-0.077,-0.092665,-0.080846,-0.074885,-0.000135,0.079664,-0.005273,-0.071296,0.025293,0.087418
-0.099667,0.165222,-0.092665,-0.080846,-0.074885,-0.000135,0.079664,-0.005273,-0.071296,0.025293,0.087418,-0.009997
-0.101251,0.165222,-0.080846,-0.074885,-0.000135,0.079664,-0.005273,-0.071296,0.025293,0.087418,-0.009997,-0.025817
-0.100689,0.165222,-0.074885,-0.000135,0.079664,-0.005273,-0.071296,0.025293,0.087418,-0.009997,-0.025817,-0.010924
-0.098745,0.165222,-0.000135,0.079664,-0.005273,-0.071296,0.025293,0.087418,-0.009997,-0.025817,-0.010924,0.012783
-0.098968,0.165222,0.079664,-0.005273,-0.071296,0.025293,0.087418,-0.009997,-0.025817,-0.010924,0.012783,0.012265
-0.099541,0.165222,-0.005273,-0.071296,0.025293,0.087418,-0.009997,-0.025817,-0.010924,0.012783,0.012265,0.025372
-0.099783,0.165222,-0.071296,0.025293,0.087418,-0.009997,-0.025817,-0.010924,0.012783,0.012265,0.025372,0.003925
-0.099499,0.165222,0.025293,0.087418,-0.009997,-0.025817,-0.010924,0.012783,0.012265,0.025372,0.003925,-0.069257
-0.099227,0.165222,0.087418,-0.009997,-0.025817,-0.010924,0.012783,0.012265,0.025372,0.003925,-0.069257,0.028757
-0.098663,0.165222,-0.009997,-0.025817,-0.010924,0.012783,0.012265,0.025372,0.003925,-0.069257,0.028757,0.072798
-0.098576,0.165222,-0.025817,-0.010924,0.012783,0.012265,0.025372,0.003925,-0.069257,0.028757,0.072798,-0.021425
-0.100112,0.165222,-0.010924,0.012783,0.012265,0.025372,0.003925,-0.069257,0.028757,0.072798,-0.021425,-0.024695
-0.099474,0.165222,0.012783,0.012265,0.025372,0.003925,-0.069257,0.028757,0.072798,-0.021425,-0.024695,-0.001773
-0.097858,0.165222,0.012265,0.025372,0.003925,-0.069257,0.028757,0.072798,-0.021425,-0.024695,-0.001773,-0.006669
-0.098333,0.165222,0.025372,0.003925,-0.069257,0.028757,0.072798,-0.021425,-0.024695,-0.001773,-0.006669,0.004264
-0.098881,0.168213,0.003925,-0.069257,0.028757,0.072798,-0.021425,-0.024695,-0.001773,-0.006669,0.004264,0.048287
-0.09892,0.168213,-0.069257,0.028757,0.072798,-0.021425,-0.024695,-0.001773,-0.006669,0.004264,0.048287,0.013167
-0.099068,0.168213,0.028757,0.072798,-0.021425,-0.024695,-0.001773,-0.006669,0.004264,0.048287,0.013167,-0.08205
-0.098973,0.168213,0.072798,-0.021425,-0.024695,-0.001773,-0.006669,0.004264,0.048287,0.013167,-0.08205,0.019644
-0.097901,0.168213,-0.021425,-0.024695,-0.001773,-0.006669,0.004264,0.048287,0.013167,-0.08205,0.019644,0.085497
-0.097609,0.168213,-0.024695,-0.001773,-0.006669,0.004264,0.048287,0.013167,-0.08205,0.019644,0.085497,-0.020302
-0.099428,0.168213,-0.001773,-0.006669,0.004264,0.048287,0.013167,-0.08205,0.019644,0.085497,-0.020302,-0.018972
-0.098992,0.168213,-0.006669,0.004264,0.048287,0.013167,-0.08205,0.019644,0.085497,-0.020302,-0.018972,-0.008658
-0.097095,0.168213,0.004264,0.048287,0.013167,-0.08205,0.019644,0.085497,-0.020302,-0.018972,-0.008658,0.004744
-0.097545,0.169403,0.048287,0.013167,-0.08205,0.019644,0.085497,-0.020302,-0.018972,-0.008658,0.004744,0.022528
-0.097966,0.169403,0.013167,-0.08205,0.019644,0.085497,-0.020302,-0.018972,-0.008658,0.004744,0.022528,-0.037452
-0.098158,0.169403,-0.08205,0.019644,0.085497,-0.020302,-0.018972,-0.008658,0.004744,0.022528,-0.037452,-0.048701
-0.098052,0.169403,0.019644,0.085497,-0.020302,-0.018972,-0.008658,0.004744,0.022528,-0.037452,-0.048701,-0.100881
-0.097553,0.169403,0.085497,-0.020302,-0.018972,-0.008658,0.004744,0.022528,-0.037452,-0.048701,-0.100881,0.045733
-0.098384,0.169403,-0.020302,-0.018972,-0.008658,0.004744,0.022528,-0.037452,-0.048701,-0.100881,0.045733,0.07829
-0.099465,0.169403,-0.018972,-0.008658,0.004744,0.022528,-0.037452,-0.048701,-0.100881,0.045733,0.07829,-0.011137
-0.101706,0.169403,-0.008658,0.004744,0.022528,-0.037452,-0.048701,-0.100881,0.045733,0.07829,-0.011137,-0.022392
-0.100689,0.169403,0.004744,0.022528,-0.037452,-0.048701,-0.100881,0.045733,0.07829,-0.011137,-0.022392,0.002791
-0.098948,0.169403,0.022528,-0.037452,-0.048701,-0.100881,0.045733,0.07829,-0.011137,-0.022392,0.002791,-0.00662
-0.099196,0.169403,-0.037452,-0.048701,-0.100881,0.045733,0.07829,-0.011137,-0.022392,0.002791,-0.00662,0.011129
-0.099693,0.169403,-0.048701,-0.100881,0.045733,0.07829,-0.011137,-0.022392,0.002791,-0.00662,0.011129,0.044747
-0.099631,0.169403,-0.100881,0.045733,0.07829,-0.011137,-0.022392,0.002791,-0.00662,0.011129,0.044747,0.006226
-0.099778,0.169403,0.045733,0.07829,-0.011137,-0.022392,0.002791,-0.00662,0.011129,0.044747,0.006226,-0.086412
-0.099531,0.169403,0.07829,-0.011137,-0.022392,0.002791,-0.00662,0.011129,0.044747,0.006226,-0.086412,-0.110879
-0.098536,0.169403,-0.011137,-0.022392,0.002791,-0.00662,0.011129,0.044747,0.006226,-0.086412,-0.110879,0.030412
-0.098398,0.169403,-0.022392,0.002791,-0.00662,0.011129,0.044747,0.006226,-0.086412,-0.110879,0.030412,-0.084312
-0.100315,0.169403,0.002791,-0.00662,0.011129,0.044747,0.006226,-0.086412,-0.110879,0.030412,-0.084312,-0.05708
-0.102782,0.169403,-0.00662,0.011129,0.044747,0.006226,-0.086412,-0.110879,0.030412,-0.084312,-0.05708,-0.084557
-0.102104,0.169403,0.011129,0.044747,0.006226,-0.086412,-0.110879,0.030412,-0.084312,-0.05708,-0.084557,-0.01057
-0.103986,0.169403,0.044747,0.006226,-0.086412,-0.110879,0.030412,-0.084312,-0.05708,-0.084557,-0.01057,0.019161
-0.10526,0.172394,0.006226,-0.086412,-0.110879,0.030412,-0.084312,-0.05708,-0.084557,-0.01057,0.019161,0.062288
-0.107151,0.172394,-0.086412,-0.110879,0.030412,-0.084312,-0.05708,-0.084557,-0.01057,0.019161,0.062288,0.011278
-0.107387,0.172394,-0.110879,0.030412,-0.084312,-0.05708,-0.084557,-0.01057,0.019161,0.062288,0.011278,-0.046608
-0.106958,0.172394,0.030412,-0.084312,-0.05708,-0.084557,-0.01057,0.019161,0.062288,0.011278,-0.046608,0.044116
-0.105563,0.172394,-0.084312,-0.05708,-0.084557,-0.01057,0.019161,0.062288,0.011278,-0.046608,0.044116,0.087518
-0.10531,0.172394,-0.05708,-0.084557,-0.01057,0.019161,0.062288,0.011278,-0.046608,0.044116,0.087518,-0.013413
-0.106352,0.172394,-0.084557,-0.01057,0.019161,0.062288,0.011278,-0.046608,0.044116,0.087518,-0.013413,-0.080641
-0.105366,0.172394,-0.01057,0.019161,0.062288,0.011278,-0.046608,0.044116,0.087518,-0.013413,-0.080641,-0.11119
-0.10341,0.172394,0.019161,0.062288,0.011278,-0.046608,0.044116,0.087518,-0.013413,-0.080641,-0.11119,-0.047048
-0.10371,0.172394,0.062288,0.011278,-0.046608,0.044116,0.087518,-0.013413,-0.080641,-0.11119,-0.047048,-0.094073
-0.105511,0.174072,0.011278,-0.046608,0.044116,0.087518,-0.013413,-0.080641,-0.11119,-0.047048,-0.094073,0.051328
-0.107998,0.174072,-0.046608,0.044116,0.087518,-0.013413,-0.080641,-0.11119,-0.047048,-0.094073,0.051328,0.029627
-0.109053,0.174072,0.044116,0.087518,-0.013413,-0.080641,-0.11119,-0.047048,-0.094073,0.051328,0.029627,-0.050456
-0.111168,0.174072,0.087518,-0.013413,-0.080641,-0.11119,-0.047048,-0.094073,0.051328,0.029627,-0.050456,-0.006996
-0.110013,0.174072,-0.013413,-0.080641,-0.11119,-0.047048,-0.094073,0.051328,0.029627,-0.050456,-0.006996,-0.036718
-0.109348,0.174072,-0.080641,-0.11119,-0.047048,-0.094073,0.051328,0.029627,-0.050456,-0.006996,-0.036718,0.010674
-0.11048,0.174072,-0.11119,-0.047048,-0.094073,0.051328,0.029627,-0.050456,-0.006996,-0.036718,0.010674,0.050361
-0.110638,0.174072,-0.047048,-0.094073,0.051328,0.029627,-0.050456,-0.006996,-0.036718,0.010674,0.050361,0.055613
-0.111464,0.174072,-0.094073,0.051328,0.029627,-0.050456,-0.006996,-0.036718,0.010674,0.050361,0.055613,0.033871
-0.111224,0.174072,0.051328,0.029627,-0.050456,-0.006996,-0.036718,0.010674,0.050361,0.055613,0.033871,0.040233
-0.110091,0.174072,0.029627,-0.050456,-0.006996,-0.036718,0.010674,0.050361,0.055613,0.033871,0.040233,0.06558
-0.108844,0.174072,-0.050456,-0.006996,-0.036718,0.010674,0.050361,0.055613,0.033871,0.040233,0.06558,0.023583
-0.108084,0.174072,-0.006996,-0.036718,0.010674,0.050361,0.055613,0.033871,0.040233,0.06558,0.023583,-0.062265
-0.107182,0.174072,-0.036718,0.010674,0.050361,0.055613,0.033871,0.040233,0.06558,0.023583,-0.062265,0.036261
-0.105712,0.174072,0.010674,0.050361,0.055613,0.033871,0.040233,0.06558,0.023583,-0.062265,0.036261,0.115515
-0.105185,0.174072,0.050361,0.055613,0.033871,0.040233,0.06558,0.023583,-0.062265,0.036261,0.115515,0.0181
-0.106577,0.174072,0.055613,0.033871,0.040233,0.06558,0.023583,-0.062265,0.036261,0.115515,0.0181,-0.007663
-0.105766,0.174072,0.033871,0.040233,0.06558,0.023583,-0.062265,0.036261,0.115515,0.0181,-0.007663,0.016284
-0.103184,0.174072,0.040233,0.06558,0.023583,-0.062265,0.036261,0.115515,0.0181,-0.007663,0.016284,-0.017717
-0.10278,0.174072,0.06558,0.023583,-0.062265,0.036261,0.115515,0.0181,-0.007663,0.016284,-0.017717,-0.146625
-0.102951,0.176697,0.023583,-0.062265,0.036261,0.115515,0.0181,-0.007663,0.016284,-0.017717,-0.146625,-0.068924
-0.102588,0.176697,-0.062265,0.036261,0.115515,0.0181,-0.007663,0.016284,-0.017717,-0.146625,-0.068924,0.036655
-0.102983,0.176697,0.036261,0.115515,0.0181,-0.007663,0.016284,-0.017717,-0.146625,-0.068924,0.036655,0.000378
-0.106261,0.176697,0.115515,0.0181,-0.007663,0.016284,-0.017717,-0.146625,-0.068924,0.036655,0.000378,0.04964
-0.107806,0.176697,0.0181,-0.007663,0.016284,-0.017717,-0.146625,-0.068924,0.036655,0.000378,0.04964,0.103118
-0.106985,0.176697,-0.007663,0.016284,-0.017717,-0.146625,-0.068924,0.036655,0.000378,0.04964,0.103118,0.007941
-0.106976,0.176697,0.016284,-0.017717,-0.146625,-0.068924,0.036655,0.000378,0.04964,0.103118,0.007941,0.005846
-0.105866,0.176697,-0.017717,-0.146625,-0.068924,0.036655,0.000378,0.04964,0.103118,0.007941,0.005846,0.015127
-0.103561,0.176697,-0.146625,-0.068924,0.036655,0.000378,0.04964,0.103118,0.007941,0.005846,0.015127,0.016184
-0.103383,0.175903,-0.068924,0.036655,0.000378,0.04964,0.103118,0.007941,0.005846,0.015127,0.016184,0.048501
-0.103253,0.175903,0.036655,0.000378,0.04964,0.103118,0.007941,0.005846,0.015127,0.016184,0.048501,0.092143
-0.102916,0.175903,0.000378,0.04964,0.103118,0.007941,0.005846,0.015127,0.016184,0.048501,0.092143,0.029033
-0.102555,0.175903,0.04964,0.103118,0.007941,0.005846,0.015127,0.016184,0.048501,0.092143,0.029033,-0.073777
-0.101474,0.175903,0.103118,0.007941,0.005846,0.015127,0.016184,0.048501,0.092143,0.029033,-0.073777,-0.118737
-0.099424,0.175903,0.007941,0.005846,0.015127,0.016184,0.048501,0.092143,0.029033,-0.073777,-0.118737,0.080109
-0.098779,0.175903,0.005846,0.015127,0.016184,0.048501,0.092143,0.029033,-0.073777,-0.118737,0.080109,-0.034896
-0.100417,0.175903,0.015127,0.016184,0.048501,0.092143,0.029033,-0.073777,-0.118737,0.080109,-0.034896,-0.109103
-0.103059,0.175903,0.016184,0.048501,0.092143,0.029033,-0.073777,-0.118737,0.080109,-0.034896,-0.109103,-0.09259
-0.101273,0.175903,0.048501,0.092143,0.029033,-0.073777,-0.118737,0.080109,-0.034896,-0.109103,-0.09259,0.017272
-0.102051,0.175903,0.092143,0.029033,-0.073777,-0.118737,0.080109,-0.034896,-0.109103,-0.09259,0.017272,0.051527
-0.104484,0.175903,0.029033,-0.073777,-0.118737,0.080109,-0.034896,-0.109103,-0.09259,0.017272,0.051527,0.015672
-0.106552,0.175903,-0.073777,-0.118737,0.080109,-0.034896,-0.109103,-0.09259,0.017272,0.051527,0.015672,-0.037978
-0.106166,0.175903,-0.118737,0.080109,-0.034896,-0.109103,-0.09259,0.017272,0.051527,0.015672,-0.037978,-0.071124
-0.105013,0.175903,0.080109,-0.034896,-0.109103,-0.09259,0.017272,0.051527,0.015672,-0.037978,-0.071124,0.079823
-0.104662,0.175903,-0.034896,-0.109103,-0.09259,0.017272,0.051527,0.015672,-0.037978,-0.071124,0.079823,0.097649
-0.105511,0.175903,-0.109103,-0.09259,0.017272,0.051527,0.015672,-0.037978,-0.071124,0.079823,0.097649,-0.007794
-0.107101,0.175903,-0.09259,0.017272,0.051527,0.015672,-0.037978,-0.071124,0.079823,0.097649,-0.007794,0.032954
-0.105316,0.175903,0.017272,0.051527,0.015672,-0.037978,-0.071124,0.079823,0.097649,-0.007794,0.032954,0.026505
-0.103134,0.175903,0.051527,0.015672,-0.037978,-0.071124,0.079823,0.097649,-0.007794,0.032954,0.026505,0.012792
-0.103308,0.175903,0.015672,-0.037978,-0.071124,0.079823,0.097649,-0.007794,0.032954,0.026505,0.012792,0.023651
-0.102573,0.175507,-0.037978,-0.071124,0.079823,0.097649,-0.007794,0.032954,0.026505,0.012792,0.023651,-0.016811
-0.101983,0.175507,-0.071124,0.079823,0.097649,-0.007794,0.032954,0.026505,0.012792,0.023651,-0.016811,-0.025747
-0.101699,0.175507,0.079823,0.097649,-0.007794,0.032954,0.026505,0.012792,0.023651,-0.016811,-0.025747,-0.087657
-0.101172,0.175507,0.097649,-0.007794,0.032954,0.026505,0.012792,0.023651,-0.016811,-0.025747,-0.087657,0.057896
-0.101547,0.175507,-0.007794,0.032954,0.026505,0.012792,0.023651,-0.016811,-0.025747,-0.087657,0.057896,0.105105
-0.10212,0.175507,0.032954,0.026505,0.012792,0.023651,-0.016811,-0.025747,-0.087657,0.057896,0.105105,-0.054195
-0.104073,0.175507,0.026505,0.012792,0.023651,-0.016811,-0.025747,-0.087657,0.057896,0.105105,-0.054195,-0.111478
-0.102782,0.175507,0.012792,0.023651,-0.016811,-0.025747,-0.087657,0.057896,0.105105,-0.054195,-0.111478,-0.093809
-0.10044,0.175507,0.023651,-0.016811,-0.025747,-0.087657,0.057896,0.105105,-0.054195,-0.111478,-0.093809,0.009452
-0.101647,0.174988,-0.016811,-0.025747,-0.087657,0.057896,0.105105,-0.054195,-0.111478,-0.093809,0.009452,0.045952
-0.104132,0.174988,-0.025747,-0.087657,0.057896,0.105105,-0.054195,-0.111478,-0.093809,0.009452,0.045952,0.089789
-0.106227,0.174988,-0.087657,0.057896,0.105105,-0.054195,-0.111478,-0.093809,0.009452,0.045952,0.089789,0.06246
-0.106016,0.174988,0.057896,0.105105,-0.054195,-0.111478,-0.093809,0.009452,0.045952,0.089789,0.06246,-0.040343
-0.104988,0.174988,0.105105,-0.054195,-0.111478,-0.093809,0.009452,0.045952,0.089789,0.06246,-0.040343,0.037707
-0.102981,0.174988,-0.054195,-0.111478,-0.093809,0.009452,0.045952,0.089789,0.06246,-0.040343,0.037707,0.055394
-0.10159,0.174988,-0.111478,-0.093809,0.009452,0.045952,0.089789,0.06246,-0.040343,0.037707,0.055394,-0.100505
-0.102488,0.174988,-0.093809,0.009452,0.045952,0.089789,0.06246,-0.040343,0.037707,0.055394,-0.100505,0.007038
-0.101648,0.174988,0.009452,0.045952,0.089789,0.06246,-0.040343,0.037707,0.055394,-0.100505,0.007038,0.033318
-0.100415,0.174988,0.045952,0.089789,0.06246,-0.040343,0.037707,0.055394,-0.100505,0.007038,0.033318,0.034363
-0.102655,0.174988,0.089789,0.06246,-0.040343,0.037707,0.055394,-0.100505,0.007038,0.033318,0.034363,0.010043
-0.102498,0.174988,0.06246,-0.040343,0.037707,0.055394,-0.100505,0.007038,0.033318,0.034363,0.010043,0.070708
-0.101756,0.174988,-0.040343,0.037707,0.055394,-0.100505,0.007038,0.033318,0.034363,0.010043,0.070708,0.034793
-0.100992,0.174988,0.037707,0.055394,-0.100505,0.007038,0.033318,0.034363,0.010043,0.070708,0.034793,-0.03729
-0.100768,0.174988,0.055394,-0.100505,0.007038,0.033318,0.034363,0.010043,0.070708,0.034793,-0.03729,0.045997
-0.099196,0.174988,-0.100505,0.007038,0.033318,0.034363,0.010043,0.070708,0.034793,-0.03729,0.045997,0.099473
-0.098424,0.174988,0.007038,0.033318,0.034363,0.010043,0.070708,0.034793,-0.03729,0.045997,0.099473,0.025782
-0.09925,0.174988,0.033318,0.034363,0.010043,0.070708,0.034793,-0.03729,0.045997,0.099473,0.025782,0.008784
-0.09823,0.174988,0.034363,0.010043,0.070708,0.034793,-0.03729,0.045997,0.099473,0.025782,0.008784,0.023793
-0.096025,0.174988,0.010043,0.070708,0.034793,-0.03729,0.045997,0.099473,0.025782,0.008784,0.023793,0.0209
-0.095455,0.174988,0.070708,0.034793,-0.03729,0.045997,0.099473,0.025782,0.008784,0.023793,0.0209,-0.008757
-0.09526,0.176422,0.034793,-0.03729,0.045997,0.099473,0.025782,0.008784,0.023793,0.0209,-0.008757,-0.063094
-0.094735,0.176422,-0.03729,0.045997,0.099473,0.025782,0.008784,0.023793,0.0209,-0.008757,-0.063094,0.038851
-0.094274,0.176422,0.045997,0.099473,0.025782,0.008784,0.023793,0.0209,-0.008757,-0.063094,0.038851,-0.03534
-0.094467,0.176422,0.099473,0.025782,0.008784,0.023793,0.0209,-0.008757,-0.063094,0.038851,-0.03534,0.027816
-0.095863,0.176422,0.025782,0.008784,0.023793,0.0209,-0.008757,-0.063094,0.038851,-0.03534,0.027816,0.115403
-0.095004,0.176422,0.008784,0.023793,0.0209,-0.008757,-0.063094,0.038851,-0.03534,0.027816,0.115403,0.016885
-0.095785,0.176422,0.023793,0.0209,-0.008757,-0.063094,0.038851,-0.03534,0.027816,0.115403,0.016885,0.011409
-0.09517,0.176422,0.0209,-0.008757,-0.063094,0.038851,-0.03534,0.027816,0.115403,0.016885,0.011409,0.014714
-0.092621,0.176422,-0.008757,-0.063094,0.038851,-0.03534,0.027816,0.115403,0.016885,0.011409,0.014714,0.025663
-0.092249,0.176819,-0.063094,0.038851,-0.03534,0.027816,0.115403,0.016885,0.011409,0.014714,0.025663,0.046015
-0.091997,0.176819,0.038851,-0.03534,0.027816,0.115403,0.016885,0.011409,0.014714,0.025663,0.046015,0.070198
-0.091674,0.176819,-0.03534,0.027816,0.115403,0.016885,0.011409,0.014714,0.025663,0.046015,0.070198,0.033114
-0.091109,0.176819,0.027816,0.115403,0.016885,0.011409,0.014714,0.025663,0.046015,0.070198,0.033114,-0.05621
-0.090097,0.176819,0.115403,0.016885,0.011409,0.014714,0.025663,0.046015,0.070198,0.033114,-0.05621,0.037611
-0.088553,0.176819,0.016885,0.011409,0.014714,0.025663,0.046015,0.070198,0.033114,-0.05621,0.037611,0.102079
-0.087827,0.176819,0.011409,0.014714,0.025663,0.046015,0.070198,0.033114,-0.05621,0.037611,0.102079,0.012787
-0.089059,0.176819,0.014714,0.025663,0.046015,0.070198,0.033114,-0.05621,0.037611,0.102079,0.012787,-0.051214
-0.088234,0.176819,0.025663,0.046015,0.070198,0.033114,-0.05621,0.037611,0.102079,0.012787,-0.051214,-0.086029
-0.085996,0.176819,0.046015,0.070198,0.033114,-0.05621,0.037611,0.102079,0.012787,-0.051214,-0.086029,-0.006199
-0.085716,0.176819,0.070198,0.033114,-0.05621,0.037611,0.102079,0.012787,-0.051214,-0.086029,-0.006199,0.048562
-0.086837,0.176819,0.033114,-0.05621,0.037611,0.102079,0.012787,-0.051214,-0.086029,-0.006199,0.048562,0.067263
-0.088722,0.176819,-0.05621,0.037611,0.102079,0.012787,-0.051214,-0.086029,-0.006199,0.048562,0.067263,0.049047
-0.088858,0.176819,0.037611,0.102079,0.012787,-0.051214,-0.086029,-0.006199,0.048562,0.067263,0.049047,-0.041123
-0.087791,0.176819,0.102079,0.012787,-0.051214,-0.086029,-0.006199,0.048562,0.067263,0.049047,-0.041123,0.03305
-0.086316,0.176819,0.012787,-0.051214,-0.086029,-0.006199,0.048562,0.067263,0.049047,-0.041123,0.03305,0.114843
-0.085244,0.176819,-0.051214,-0.086029,-0.006199,0.048562,0.067263,0.049047,-0.041123,0.03305,0.114843,0.00824
-0.086142,0.176819,-0.086029,-0.006199,0.048562,0.067263,0.049047,-0.041123,0.03305,0.114843,0.00824,0.012339
-0.08542,0.176819,-0.006199,0.048562,0.067263,0.049047,-0.041123,0.03305,0.114843,0.00824,0.012339,0.023819
-0.08291,0.176819,0.048562,0.067263,0.049047,-0.041123,0.03305,0.114843,0.00824,0.012339,0.023819,0.016338
-0.08273,0.176819,0.067263,0.049047,-0.041123,0.03305,0.114843,0.00824,0.012339,0.023819,0.016338,0.040714
-0.082461,0.176819,0.049047,-0.041123,0.03305,0.114843,0.00824,0.012339,0.023819,0.016338,0.040714,0.063081
-0.081943,0.176819,-0.041123,0.03305,0.114843,0.00824,0.012339,0.023819,0.016338,0.040714,0.063081,0.042025
-0.081587,0.17865,0.03305,0.114843,0.00824,0.012339,0.023819,0.016338,0.040714,0.063081,0.042025,-0.057813
-0.0807,0.17865,0.114843,0.00824,0.012339,0.023819,0.016338,0.040714,0.063081,0.042025,-0.057813,0.033453
-0.079327,0.17865,0.00824,0.012339,0.023819,0.016338,0.040714,0.063081,0.042025,-0.057813,0.033453,0.102089
-0.078415,0.17865,0.012339,0.023819,0.016338,0.040714,0.063081,0.042025,-0.057813,0.033453,0.102089,0.009917
-0.079669,0.17865,0.023819,0.016338,0.040714,0.063081,0.042025,-0.057813,0.033453,0.102089,0.009917,-0.057138
-0.078943,0.17865,0.016338,0.040714,0.063081,0.042025,-0.057813,0.033453,0.102089,0.009917,-0.057138,-0.086028
-0.076728,0.17865,0.040714,0.063081,0.042025,-0.057813,0.033453,0.102089,0.009917,-0.057138,-0.086028,-0.006816
-0.076513,0.17865,0.063081,0.042025,-0.057813,0.033453,0.102089,0.009917,-0.057138,-0.086028,-0.006816,0.016471
-0.077751,0.17865,0.042025,-0.057813,0.033453,0.102089,0.009917,-0.057138,-0.086028,-0.006816,0.016471,-0.058334
-0.079616,0.17865,-0.057813,0.033453,0.102089,0.009917,-0.057138,-0.086028,-0.006816,0.016471,-0.058334,0.038107
-0.079764,0.177338,0.033453,0.102089,0.009917,-0.057138,-0.086028,-0.006816,0.016471,-0.058334,0.038107,-0.059995
-0.079406,0.177338,0.102089,0.009917,-0.057138,-0.086028,-0.006816,0.016471,-0.058334,0.038107,-0.059995,-0.096145
-0.080676,0.177338,0.009917,-0.057138,-0.086028,-0.006816,0.016471,-0.058334,0.038107,-0.059995,-0.096145,0.103399
