0.039255,0.245667,-0.008008,0.04579,0.062649,0.021927,-0.150522,0.12319,0.088045,-0.183989,-0.114174,0.054063
0.040949,0.245667,0.04579,0.062649,0.021927,-0.150522,0.12319,0.088045,-0.183989,-0.114174,0.054063,0.012967
0.037405,0.245667,0.062649,0.021927,-0.150522,0.12319,0.088045,-0.183989,-0.114174,0.054063,0.012967,0.071877
0.035202,0.245667,0.021927,-0.150522,0.12319,0.088045,-0.183989,-0.114174,0.054063,0.012967,0.071877,0.055588
0.036245,0.245667,-0.150522,0.12319,0.088045,-0.183989,-0.114174,0.054063,0.012967,0.071877,0.055588,0.011337
0.036495,0.245667,0.12319,0.088045,-0.183989,-0.114174,0.054063,0.012967,0.071877,0.055588,0.011337,-0.1276
0.037882,0.245667,0.088045,-0.183989,-0.114174,0.054063,0.012967,0.071877,0.055588,0.011337,-0.1276,0.103848
0.038953,0.245667,-0.183989,-0.114174,0.054063,0.012967,0.071877,0.055588,0.011337,-0.1276,0.103848,0.213053
0.039172,0.245667,-0.114174,0.054063,0.012967,0.071877,0.055588,0.011337,-0.1276,0.103848,0.213053,-0.098873
0.036715,0.245667,0.054063,0.012967,0.071877,0.055588,0.011337,-0.1276,0.103848,0.213053,-0.098873,-0.025495
0.038715,0.245667,0.012967,0.071877,0.055588,0.011337,-0.1276,0.103848,0.213053,-0.098873,-0.025495,0.081536
0.042812,0.246979,0.071877,0.055588,0.011337,-0.1276,0.103848,0.213053,-0.098873,-0.025495,0.081536,-0.026026
0.040913,0.246979,0.055588,0.011337,-0.1276,0.103848,0.213053,-0.098873,-0.025495,0.081536,-0.026026,0.01424
0.040423,0.246979,0.011337,-0.1276,0.103848,0.213053,-0.098873,-0.025495,0.081536,-0.026026,0.01424,0.065262
0.041987,0.246979,-0.1276,0.103848,0.213053,-0.098873,-0.025495,0.081536,-0.026026,0.01424,0.065262,0.038402
0.041488,0.246979,0.103848,0.213053,-0.098873,-0.025495,0.081536,-0.026026,0.01424,0.065262,0.038402,-0.159237
0.041762,0.246979,0.213053,-0.098873,-0.025495,0.081536,-0.026026,0.01424,0.065262,0.038402,-0.159237,0.064113
0.043015,0.246979,-0.098873,-0.025495,0.081536,-0.026026,0.01424,0.065262,0.038402,-0.159237,0.064113,-0.043925
0.043751,0.246979,-0.025495,0.081536,-0.026026,0.01424,0.065262,0.038402,-0.159237,0.064113,-0.043925,-0.105467
0.040698,0.246979,0.081536,-0.026026,0.01424,0.065262,0.038402,-0.159237,0.064113,-0.043925,-0.105467,-0.007957
0.041929,0.246979,-0.026026,0.01424,0.065262,0.038402,-0.159237,0.064113,-0.043925,-0.105467,-0.007957,0.086439
0.041085,0.246979,0.01424,0.065262,0.038402,-0.159237,0.064113,-0.043925,-0.105467,-0.007957,0.086439,-0.002957
0.039055,0.246979,0.065262,0.038402,-0.159237,0.064113,-0.043925,-0.105467,-0.007957,0.086439,-0.002957,0.067089
0.038901,0.246979,0.038402,-0.159237,0.064113,-0.043925,-0.105467,-0.007957,0.086439,-0.002957,0.067089,0.072354
0.040563,0.246979,-0.159237,0.064113,-0.043925,-0.105467,-0.007957,0.086439,-0.002957,0.067089,0.072354,0.029538
0.040506,0.246979,0.064113,-0.043925,-0.105467,-0.007957,0.086439,-0.002957,0.067089,0.072354,0.029538,-0.153942
0.041795,0.246979,-0.043925,-0.105467,-0.007957,0.086439,-0.002957,0.067089,0.072354,0.029538,-0.153942,0.110184
0.043185,0.246979,-0.105467,-0.007957,0.086439,-0.002957,0.067089,0.072354,0.029538,-0.153942,0.110184,0.209927
0.043751,0.246979,-0.007957,0.086439,-0.002957,0.067089,0.072354,0.029538,-0.153942,0.110184,0.209927,-0.201044
0.0408,0.246979,0.086439,-0.002957,0.067089,0.072354,0.029538,-0.153942,0.110184,0.209927,-0.201044,-0.131537
0.042914,0.246979,-0.002957,0.067089,0.072354,0.029538,-0.153942,0.110184,0.209927,-0.201044,-0.131537,0.000233
0.046934,0.246979,0.067089,0.072354,0.029538,-0.153942,0.110184,0.209927,-0.201044,-0.131537,0.000233,-0.002957
0.043083,0.246979,0.072354,0.029538,-0.153942,0.110184,0.209927,-0.201044,-0.131537,0.000233,-0.002957,-0.006803
0.040558,0.246979,0.029538,-0.153942,0.110184,0.209927,-0.201044,-0.131537,0.000233,-0.002957,-0.006803,0.215428
0.040563,0.246979,-0.153942,0.110184,0.209927,-0.201044,-0.131537,0.000233,-0.002957,-0.006803,0.215428,-0.039746
0.040506,0.246979,0.110184,0.209927,-0.201044,-0.131537,0.000233,-0.002957,-0.006803,0.215428,-0.039746,-0.134516
0.040375,0.246979,0.209927,-0.201044,-0.131537,0.000233,-0.002957,-0.006803,0.215428,-0.039746,-0.134516,0.071265
0.044512,0.246979,-0.201044,-0.131537,0.000233,-0.002957,-0.006803,0.215428,-0.039746,-0.134516,0.071265,0.195437
0.043751,0.246979,-0.131537,0.000233,-0.002957,-0.006803,0.215428,-0.039746,-0.134516,0.071265,0.195437,-0.184785
0.041173,0.246979,0.000233,-0.002957,-0.006803,0.215428,-0.039746,-0.134516,0.071265,0.195437,-0.184785,-0.133196
0.04254,0.246979,-0.002957,-0.006803,0.215428,-0.039746,-0.134516,0.071265,0.195437,-0.184785,-0.133196,-0.019146
0.046285,0.246979,-0.006803,0.215428,-0.039746,-0.134516,0.071265,0.195437,-0.184785,-0.133196,-0.019146,-0.027503
0.042743,0.246979,0.215428,-0.039746,-0.134516,0.071265,0.195437,-0.184785,-0.133196,-0.019146,-0.027503,0.088048
0.040186,0.246979,-0.039746,-0.134516,0.071265,0.195437,-0.184785,-0.133196,-0.019146,-0.027503,0.088048,0.072145
0.039818,0.246979,-0.134516,0.071265,0.195437,-0.184785,-0.133196,-0.019146,-0.027503,0.088048,0.072145,0.048936
0.039289,0.246979,0.071265,0.195437,-0.184785,-0.133196,-0.019146,-0.027503,0.088048,0.072145,0.048936,-0.148462
0.040983,0.246979,0.195437,-0.184785,-0.133196,-0.019146,-0.027503,0.088048,0.072145,0.048936,-0.148462,0.103009
0.04237,0.243591,-0.184785,-0.133196,-0.019146,-0.027503,0.088048,0.072145,0.048936,-0.148462,0.103009,0.200744
0.043308,0.243591,-0.133196,-0.019146,-0.027503,0.088048,0.072145,0.048936,-0.148462,0.103009,0.200744,-0.083679
0.040461,0.243591,-0.019146,-0.027503,0.088048,0.072145,0.048936,-0.148462,0.103009,0.200744,-0.083679,-0.045097
0.042438,0.243591,-0.027503,0.088048,0.072145,0.048936,-0.148462,0.103009,0.200744,-0.083679,-0.045097,0.082402
0.046285,0.243591,0.088048,0.072145,0.048936,-0.148462,0.103009,0.200744,-0.083679,-0.045097,0.082402,-0.006831
0.044683,0.243591,0.072145,0.048936,-0.148462,0.103009,0.200744,-0.083679,-0.045097,0.082402,-0.006831,0.003392
0.043819,0.243591,0.048936,-0.148462,0.103009,0.200744,-0.083679,-0.045097,0.082402,-0.006831,0.003392,0.067906
0.045395,0.243591,-0.148462,0.103009,0.200744,-0.083679,-0.045097,0.082402,-0.006831,0.003392,0.067906,0.008519
0.045265,0.243591,0.103009,0.200744,-0.083679,-0.045097,0.082402,-0.006831,0.003392,0.067906,0.008519,-0.12493
0.04533,0.243591,0.200744,-0.083679,-0.045097,0.082402,-0.006831,0.003392,0.067906,0.008519,-0.12493,0.091437
0.046629,0.243591,-0.083679,-0.045097,0.082402,-0.006831,0.003392,0.067906,0.008519,-0.12493,0.091437,0.175536
0.046792,0.243591,-0.045097,0.082402,-0.006831,0.003392,0.067906,0.008519,-0.12493,0.091437,0.175536,-0.116577
0.044405,0.243591,0.082402,-0.006831,0.003392,0.067906,0.008519,-0.12493,0.091437,0.175536,-0.116577,-0.025536
0.046153,0.243591,-0.006831,0.003392,0.067906,0.008519,-0.12493,0.091437,0.175536,-0.116577,-0.025536,0.063327
0.049506,0.243591,0.003392,0.067906,0.008519,-0.12493,0.091437,0.175536,-0.116577,-0.025536,0.063327,-0.025007
0.04728,0.243591,0.067906,0.008519,-0.12493,0.091437,0.175536,-0.116577,-0.025536,0.063327,-0.025007,0.026543
0.046792,0.242157,0.008519,-0.12493,0.091437,0.175536,-0.116577,-0.025536,0.063327,-0.025007,0.026543,0.066776
0.048,0.242157,-0.12493,0.091437,0.175536,-0.116577,-0.025536,0.063327,-0.025007,0.026543,0.066776,0.019612
0.047523,0.242157,0.091437,0.175536,-0.116577,-0.025536,0.063327,-0.025007,0.026543,0.066776,0.019612,-0.169025
0.04803,0.242157,0.175536,-0.116577,-0.025536,0.063327,-0.025007,0.026543,0.066776,0.019612,-0.169025,0.081068
0.049305,0.242157,-0.116577,-0.025536,0.063327,-0.025007,0.026543,0.066776,0.019612,-0.169025,0.081068,0.181745
0.049679,0.242157,-0.025536,0.063327,-0.025007,0.026543,0.066776,0.019612,-0.169025,0.081068,0.181745,-0.106311
0.046456,0.242157,0.063327,-0.025007,0.026543,0.066776,0.019612,-0.169025,0.081068,0.181745,-0.106311,-0.039981
0.048003,0.242157,-0.025007,0.026543,0.066776,0.019612,-0.169025,0.081068,0.181745,-0.106311,-0.039981,0.061889
0.051469,0.242157,0.026543,0.066776,0.019612,-0.169025,0.081068,0.181745,-0.106311,-0.039981,0.061889,-0.082966
0.049442,0.242157,0.066776,0.019612,-0.169025,0.081068,0.181745,-0.106311,-0.039981,0.061889,-0.082966,-0.154221
0.04868,0.242157,0.019612,-0.169025,0.081068,0.181745,-0.106311,-0.039981,0.061889,-0.082966,-0.154221,0.021458
0.049859,0.242157,-0.169025,0.081068,0.181745,-0.106311,-0.039981,0.061889,-0.082966,-0.154221,0.021458,0.02634
0.048278,0.242157,0.081068,0.181745,-0.106311,-0.039981,0.061889,-0.082966,-0.154221,0.021458,0.02634,-0.126527
0.04533,0.242157,0.181745,-0.106311,-0.039981,0.061889,-0.082966,-0.154221,0.021458,0.02634,-0.126527,0.091314
0.04574,0.242157,-0.106311,-0.039981,0.061889,-0.082966,-0.154221,0.021458,0.02634,-0.126527,0.091314,0.207709
0.046244,0.242157,-0.039981,0.061889,-0.082966,-0.154221,0.021458,0.02634,-0.126527,0.091314,0.207709,-0.116586
0.043825,0.242157,0.061889,-0.082966,-0.154221,0.021458,0.02634,-0.126527,0.091314,0.207709,-0.116586,-0.03809
0.045572,0.242157,-0.082966,-0.154221,0.021458,0.02634,-0.126527,0.091314,0.207709,-0.116586,-0.03809,0.068692
0.04954,0.242157,-0.154221,0.021458,0.02634,-0.126527,0.091314,0.207709,-0.116586,-0.03809,0.068692,-0.012414
0.047314,0.242157,0.021458,0.02634,-0.126527,0.091314,0.207709,-0.116586,-0.03809,0.068692,-0.012414,0.026542
0.046586,0.242157,0.02634,-0.126527,0.091314,0.207709,-0.116586,-0.03809,0.068692,-0.012414,0.026542,0.041579
0.047897,0.242157,-0.126527,0.091314,0.207709,-0.116586,-0.03809,0.068692,-0.012414,0.026542,0.041579,0.024995
0.04766,0.242157,0.091314,0.207709,-0.116586,-0.03809,0.068692,-0.012414,0.026542,0.041579,0.024995,-0.174295
0.048167,0.242157,0.207709,-0.116586,-0.03809,0.068692,-0.012414,0.026542,0.041579,0.024995,-0.174295,0.082803
0.048961,0.242157,-0.116586,-0.03809,0.068692,-0.012414,0.026542,0.041579,0.024995,-0.174295,0.082803,0.170755
0.049437,0.242157,-0.03809,0.068692,-0.012414,0.026542,0.041579,0.024995,-0.174295,0.082803,0.170755,-0.100779
0.046114,0.242157,0.068692,-0.012414,0.026542,0.041579,0.024995,-0.174295,0.082803,0.170755,-0.100779,-0.138778
0.047695,0.242157,-0.012414,0.026542,0.041579,0.024995,-0.174295,0.082803,0.170755,-0.100779,-0.138778,-0.064115
0.050951,0.242157,0.026542,0.041579,0.024995,-0.174295,0.082803,0.170755,-0.100779,-0.138778,-0.064115,-0.095823
0.04903,0.242157,0.041579,0.024995,-0.174295,0.082803,0.170755,-0.100779,-0.138778,-0.064115,-0.095823,0.021254
0.046381,0.242157,0.024995,-0.174295,0.082803,0.170755,-0.100779,-0.138778,-0.064115,-0.095823,0.021254,0.088889
0.045156,0.242157,-0.174295,0.082803,0.170755,-0.100779,-0.138778,-0.064115,-0.095823,0.021254,0.088889,0.045997
0.043322,0.242157,0.082803,0.170755,-0.100779,-0.138778,-0.064115,-0.095823,0.021254,0.088889,0.045997,-0.208296
0.043729,0.242157,0.170755,-0.100779,-0.138778,-0.064115,-0.095823,0.021254,0.088889,0.045997,-0.208296,-0.096661
0.045433,0.242157,-0.100779,-0.138778,-0.064115,-0.095823,0.021254,0.088889,0.045997,-0.208296,-0.096661,0.130651
0.046312,0.242157,-0.138778,-0.064115,-0.095823,0.021254,0.088889,0.045997,-0.208296,-0.096661,0.130651,-0.068952
0.042327,0.242157,-0.064115,-0.095823,0.021254,0.088889,0.045997,-0.208296,-0.096661,0.130651,-0.068952,-0.016674
0.040472,0.242157,-0.095823,0.021254,0.088889,0.045997,-0.208296,-0.096661,0.130651,-0.068952,-0.016674,0.078218
0.042982,0.242035,0.021254,0.088889,0.045997,-0.208296,-0.096661,0.130651,-0.068952,-0.016674,0.078218,-0.001333
0.041658,0.242035,0.088889,0.045997,-0.208296,-0.096661,0.130651,-0.068952,-0.016674,0.078218,-0.001333,0.046065
0.041337,0.242035,0.045997,-0.208296,-0.096661,0.130651,-0.068952,-0.016674,0.078218,-0.001333,0.046065,0.046157
0.042837,0.242035,-0.208296,-0.096661,0.130651,-0.068952,-0.016674,0.078218,-0.001333,0.046065,0.046157,0.006547
0.042812,0.242035,-0.096661,0.130651,-0.068952,-0.016674,0.078218,-0.001333,0.046065,0.046157,0.006547,-0.149034
0.043695,0.242035,0.130651,-0.068952,-0.016674,0.078218,-0.001333,0.046065,0.046157,0.006547,-0.149034,0.106912
0.04458,0.242035,-0.068952,-0.016674,0.078218,-0.001333,0.046065,0.046157,0.006547,-0.149034,0.106912,0.172795
0.044706,0.242035,-0.016674,0.078218,-0.001333,0.046065,0.046157,0.006547,-0.149034,0.106912,0.172795,-0.124825
0.041851,0.242035,0.078218,-0.001333,0.046065,0.046157,0.006547,-0.149034,0.106912,0.172795,-0.124825,-0.045103
0.0439,0.242035,-0.001333,0.046065,0.046157,0.006547,-0.149034,0.106912,0.172795,-0.124825,-0.045103,0.057397
0.047208,0.242035,0.046065,0.046157,0.006547,-0.149034,0.106912,0.172795,-0.124825,-0.045103,0.057397,-0.008594
0.044819,0.242035,0.046157,0.006547,-0.149034,0.106912,0.172795,-0.124825,-0.045103,0.057397,-0.008594,0.008762
0.043955,0.242035,0.006547,-0.149034,0.106912,0.172795,-0.124825,-0.045103,0.057397,-0.008594,0.008762,0.05712
0.045053,0.242035,-0.149034,0.106912,0.172795,-0.124825,-0.045103,0.057397,-0.008594,0.008762,0.05712,0.017432
0.044889,0.242035,0.106912,0.172795,-0.124825,-0.045103,0.057397,-0.008594,0.008762,0.05712,0.017432,-0.14264
0.045057,0.242035,0.172795,-0.124825,-0.045103,0.057397,-0.008594,0.008762,0.05712,0.017432,-0.14264,0.084157
0.04615,0.239288,-0.124825,-0.045103,0.057397,-0.008594,0.008762,0.05712,0.017432,-0.14264,0.084157,0.177003
0.046484,0.239288,-0.045103,0.057397,-0.008594,0.008762,0.05712,0.017432,-0.14264,0.084157,0.177003,-0.100262
0.043757,0.239288,0.057397,-0.008594,0.008762,0.05712,0.017432,-0.14264,0.084157,0.177003,-0.100262,-0.029115
0.045367,0.239288,-0.008594,0.008762,0.05712,0.017432,-0.14264,0.084157,0.177003,-0.100262,-0.029115,0.057827
0.04875,0.239288,0.008762,0.05712,0.017432,-0.14264,0.084157,0.177003,-0.100262,-0.029115,0.057827,-0.028517
0.046835,0.239288,0.05712,0.017432,-0.14264,0.084157,0.177003,-0.100262,-0.029115,0.057827,-0.028517,0.028335
0.046278,0.239288,0.017432,-0.14264,0.084157,0.177003,-0.100262,-0.029115,0.057827,-0.028517,0.028335,0.050432
0.047382,0.239288,-0.14264,0.084157,0.177003,-0.100262,-0.029115,0.057827,-0.028517,0.028335,0.050432,0.023107
0.046838,0.239288,0.084157,0.177003,-0.100262,-0.029115,0.057827,-0.028517,0.028335,0.050432,0.023107,-0.145331
0.047379,0.239288,0.177003,-0.100262,-0.029115,0.057827,-0.028517,0.028335,0.050432,0.023107,-0.145331,0.086378
0.048343,0.239288,-0.100262,-0.029115,0.057827,-0.028517,0.028335,0.050432,0.023107,-0.145331,0.086378,0.187033
0.048783,0.239288,-0.029115,0.057827,-0.028517,0.028335,0.050432,0.023107,-0.145331,0.086378,0.187033,-0.109861
0.046011,0.239288,0.057827,-0.028517,0.028335,0.050432,0.023107,-0.145331,0.086378,0.187033,-0.109861,-0.045366
0.04766,0.239288,-0.028517,0.028335,0.050432,0.023107,-0.145331,0.086378,0.187033,-0.109861,-0.045366,0.069046
0.051227,0.239288,0.028335,0.050432,0.023107,-0.145331,0.086378,0.187033,-0.109861,-0.045366,0.069046,-0.028812
0.049133,0.239288,0.050432,0.023107,-0.145331,0.086378,0.187033,-0.109861,-0.045366,0.069046,-0.028812,0.022928
0.048268,0.239288,0.023107,-0.145331,0.086378,0.187033,-0.109861,-0.045366,0.069046,-0.028812,0.022928,0.043608
0.049583,0.239288,-0.145331,0.086378,0.187033,-0.109861,-0.045366,0.069046,-0.028812,0.022928,0.043608,0.030629
0.049034,0.239288,0.086378,0.187033,-0.109861,-0.045366,0.069046,-0.028812,0.022928,0.043608,0.030629,-0.156981
0.049472,0.239288,0.187033,-0.109861,-0.045366,0.069046,-0.028812,0.022928,0.043608,0.030629,-0.156981,0.088551
0.050303,0.239288,-0.109861,-0.045366,0.069046,-0.028812,0.022928,0.043608,0.030629,-0.156981,0.088551,0.166067
0.050886,0.239288,-0.045366,0.069046,-0.028812,0.022928,0.043608,0.030629,-0.156981,0.088551,0.166067,-0.112065
0.047897,0.239288,0.069046,-0.028812,0.022928,0.043608,0.030629,-0.156981,0.088551,0.166067,-0.112065,-0.034608
0.049585,0.239288,-0.028812,0.022928,0.043608,0.030629,-0.156981,0.088551,0.166067,-0.112065,-0.034608,0.06396
0.052747,0.239288,0.022928,0.043608,0.030629,-0.156981,0.088551,0.166067,-0.112065,-0.034608,0.06396,-0.016334
0.050613,0.239288,0.043608,0.030629,-0.156981,0.088551,0.166067,-0.112065,-0.034608,0.06396,-0.016334,0.013838
0.049954,0.239288,0.030629,-0.156981,0.088551,0.166067,-0.112065,-0.034608,0.06396,-0.016334,0.013838,-0.07558
0.051171,0.239288,-0.156981,0.088551,0.166067,-0.112065,-0.034608,0.06396,-0.016334,0.013838,-0.07558,-0.126422
0.05086,0.239288,0.088551,0.166067,-0.112065,-0.034608,0.06396,-0.016334,0.013838,-0.07558,-0.126422,-0.309912
0.051124,0.239288,0.166067,-0.112065,-0.034608,0.06396,-0.016334,0.013838,-0.07558,-0.126422,-0.309912,-0.018889
0.049683,0.239288,-0.112065,-0.034608,0.06396,-0.016334,0.013838,-0.07558,-0.126422,-0.309912,-0.018889,0.16627
0.047272,0.239288,-0.034608,0.06396,-0.016334,0.013838,-0.07558,-0.126422,-0.309912,-0.018889,0.16627,-0.023072
0.041342,0.239288,0.06396,-0.016334,0.013838,-0.07558,-0.126422,-0.309912,-0.018889,0.16627,-0.023072,-0.016631
0.04098,0.239288,-0.016334,0.013838,-0.07558,-0.126422,-0.309912,-0.018889,0.16627,-0.023072,-0.016631,0.057294
0.044171,0.239288,0.013838,-0.07558,-0.126422,-0.309912,-0.018889,0.16627,-0.023072,-0.016631,0.057294,-0.035244
0.043729,0.239288,-0.07558,-0.126422,-0.309912,-0.018889,0.16627,-0.023072,-0.016631,0.057294,-0.035244,-0.021311
0.04341,0.239288,-0.126422,-0.309912,-0.018889,0.16627,-0.023072,-0.016631,0.057294,-0.035244,-0.021311,0.181645
0.044507,0.239288,-0.309912,-0.018889,0.16627,-0.023072,-0.016631,0.057294,-0.035244,-0.021311,0.181645,-0.050603
0.043832,0.234192,-0.018889,0.16627,-0.023072,-0.016631,0.057294,-0.035244,-0.021311,0.181645,-0.050603,-0.186811
0.043424,0.234192,0.16627,-0.023072,-0.016631,0.057294,-0.035244,-0.021311,0.181645,-0.050603,-0.186811,-0.112514
0.046903,0.234192,-0.023072,-0.016631,0.057294,-0.035244,-0.021311,0.181645,-0.050603,-0.186811,-0.112514,0.135879
0.045936,0.234192,-0.016631,0.057294,-0.035244,-0.021311,0.181645,-0.050603,-0.186811,-0.112514,0.135879,-0.093592
0.042361,0.234192,0.057294,-0.035244,-0.021311,0.181645,-0.050603,-0.186811,-0.112514,0.135879,-0.093592,-0.027255
0.040201,0.234192,-0.035244,-0.021311,0.181645,-0.050603,-0.186811,-0.112514,0.135879,-0.093592,-0.027255,0.047917
0.042812,0.234192,-0.021311,0.181645,-0.050603,-0.186811,-0.112514,0.135879,-0.093592,-0.027255,0.047917,-0.004778
0.041014,0.234192,0.181645,-0.050603,-0.186811,-0.112514,0.135879,-0.093592,-0.027255,0.047917,-0.004778,0.02306
0.04049,0.234192,-0.050603,-0.186811,-0.112514,0.135879,-0.093592,-0.027255,0.047917,-0.004778,0.02306,0.04934
0.04141,0.234192,-0.186811,-0.112514,0.135879,-0.093592,-0.027255,0.047917,-0.004778,0.02306,0.04934,0.027686
0.041318,0.234192,-0.112514,0.135879,-0.093592,-0.027255,0.047917,-0.004778,0.02306,0.04934,0.027686,-0.146672
0.041762,0.234192,0.135879,-0.093592,-0.027255,0.047917,-0.004778,0.02306,0.04934,0.027686,-0.146672,0.074683
0.042709,0.234192,-0.093592,-0.027255,0.047917,-0.004778,0.02306,0.04934,0.027686,-0.146672,0.074683,-0.042153
0.04324,0.234192,-0.027255,0.047917,-0.004778,0.02306,0.04934,0.027686,-0.146672,0.074683,-0.042153,-0.121203
0.040427,0.234192,0.047917,-0.004778,0.02306,0.04934,0.027686,-0.146672,0.074683,-0.042153,-0.121203,-0.025479
0.041861,0.234192,-0.004778,0.02306,0.04934,0.027686,-0.146672,0.074683,-0.042153,-0.121203,-0.025479,0.082736
0.041051,0.234192,0.02306,0.04934,0.027686,-0.146672,0.074683,-0.042153,-0.121203,-0.025479,0.082736,-0.002917
0.038717,0.229645,0.04934,0.027686,-0.146672,0.074683,-0.042153,-0.121203,-0.025479,0.082736,-0.002917,0.031862
0.038227,0.229645,0.027686,-0.146672,0.074683,-0.042153,-0.121203,-0.025479,0.082736,-0.002917,0.031862,0.061407
0.039818,0.229645,-0.146672,0.074683,-0.042153,-0.121203,-0.025479,0.082736,-0.002917,0.031862,0.061407,0.041682
0.039762,0.229645,0.074683,-0.042153,-0.121203,-0.025479,0.082736,-0.002917,0.031862,0.061407,0.041682,-0.144553
0.040375,0.229645,-0.042153,-0.121203,-0.025479,0.082736,-0.002917,0.031862,0.061407,0.041682,-0.144553,0.09043
0.041556,0.229645,-0.121203,-0.025479,0.082736,-0.002917,0.031862,0.061407,0.041682,-0.144553,0.09043,0.102556
0.042356,0.229645,-0.025479,0.082736,-0.002917,0.031862,0.061407,0.041682,-0.144553,0.09043,0.102556,-0.190374
0.039581,0.229645,0.082736,-0.002917,0.031862,0.061407,0.041682,-0.144553,0.09043,0.102556,-0.190374,-0.177507
0.041318,0.229645,-0.002917,0.031862,0.061407,0.041682,-0.144553,0.09043,0.102556,-0.190374,-0.177507,-0.065923
0.043288,0.229645,0.031862,0.061407,0.041682,-0.144553,0.09043,0.102556,-0.190374,-0.177507,-0.065923,-0.104576
0.039628,0.229645,0.061407,0.041682,-0.144553,0.09043,0.102556,-0.190374,-0.177507,-0.065923,-0.104576,-0.079732
0.036208,0.229645,0.041682,-0.144553,0.09043,0.102556,-0.190374,-0.177507,-0.065923,-0.104576,-0.079732,0.049074
0.034936,0.229645,-0.144553,0.09043,0.102556,-0.190374,-0.177507,-0.065923,-0.104576,-0.079732,0.049074,0.084862
0.032914,0.229645,0.09043,0.102556,-0.190374,-0.177507,-0.065923,-0.104576,-0.079732,0.049074,0.084862,-0.105151
0.031368,0.229645,0.102556,-0.190374,-0.177507,-0.065923,-0.104576,-0.079732,0.049074,0.084862,-0.105151,0.09921
0.032321,0.229645,-0.190374,-0.177507,-0.065923,-0.104576,-0.079732,0.049074,0.084862,-0.105151,0.09921,0.126984
0.033963,0.229645,-0.177507,-0.065923,-0.104576,-0.079732,0.049074,0.084862,-0.105151,0.09921,0.126984,-0.157694
0.031929,0.229645,-0.065923,-0.104576,-0.079732,0.049074,0.084862,-0.105151,0.09921,0.126984,-0.157694,-0.078762
0.033849,0.229645,-0.104576,-0.079732,0.049074,0.084862,-0.105151,0.09921,0.126984,-0.157694,-0.078762,0.081074
0.036304,0.229645,-0.079732,0.049074,0.084862,-0.105151,0.09921,0.126984,-0.157694,-0.078762,0.081074,0.0493
0.033253,0.229645,0.049074,0.084862,-0.105151,0.09921,0.126984,-0.157694,-0.078762,0.081074,0.0493,0.113209
0.031728,0.229645,0.084862,-0.105151,0.09921,0.126984,-0.157694,-0.078762,0.081074,0.0493,0.113209,0.044829
0.033297,0.229645,-0.105151,0.09921,0.126984,-0.157694,-0.078762,0.081074,0.0493,0.113209,0.044829,-0.008028
0.03425,0.229645,0.09921,0.126984,-0.157694,-0.078762,0.081074,0.0493,0.113209,0.044829,-0.008028,-0.177123
0.036438,0.229645,0.126984,-0.157694,-0.078762,0.081074,0.0493,0.113209,0.044829,-0.008028,-0.177123,0.030295
0.037304,0.229645,-0.157694,-0.078762,0.081074,0.0493,0.113209,0.044829,-0.008028,-0.177123,0.030295,0.102811
0.037149,0.229645,-0.078762,0.081074,0.0493,0.113209,0.044829,-0.008028,-0.177123,0.030295,0.102811,-0.181772
0.033731,0.229645,0.081074,0.0493,0.113209,0.044829,-0.008028,-0.177123,0.030295,0.102811,-0.181772,-0.078684
0.034317,0.229645,0.0493,0.113209,0.044829,-0.008028,-0.177123,0.030295,0.102811,-0.181772,-0.078684,0.068882
0.036304,0.229645,0.113209,0.044829,-0.008028,-0.177123,0.030295,0.102811,-0.181772,-0.078684,0.068882,0.011298
0.032787,0.229645,0.044829,-0.008028,-0.177123,0.030295,0.102811,-0.181772,-0.078684,0.068882,0.011298,0.061072
0.031262,0.229645,-0.008028,-0.177123,0.030295,0.102811,-0.181772,-0.078684,0.068882,0.011298,0.061072,0.092873
0.032596,0.229645,-0.177123,0.030295,0.102811,-0.181772,-0.078684,0.068882,0.011298,0.061072,0.092873,0.037128
0.032814,0.229645,0.030295,0.102811,-0.181772,-0.078684,0.068882,0.011298,0.061072,0.092873,0.037128,-0.121477
0.033997,0.229645,0.102811,-0.181772,-0.078684,0.068882,0.011298,0.061072,0.092873,0.037128,-0.121477,0.030312
0.035794,0.231995,-0.181772,-0.078684,0.068882,0.011298,0.061072,0.092873,0.037128,-0.121477,0.030312,-0.066551
0.03651,0.231995,-0.078684,0.068882,0.011298,0.061072,0.092873,0.037128,-0.121477,0.030312,-0.066551,-0.212785
0.034166,0.231995,0.068882,0.011298,0.061072,0.092873,0.037128,-0.121477,0.030312,-0.066551,-0.212785,-0.113749
0.034752,0.231995,0.011298,0.061072,0.092873,0.037128,-0.121477,0.030312,-0.066551,-0.212785,-0.113749,-0.006797
0.033464,0.231995,0.061072,0.092873,0.037128,-0.121477,0.030312,-0.066551,-0.212785,-0.113749,-0.006797,0.011404
0.029333,0.231995,0.092873,0.037128,-0.121477,0.030312,-0.066551,-0.212785,-0.113749,-0.006797,0.011404,0.030044
0.027121,0.231995,0.037128,-0.121477,0.030312,-0.066551,-0.212785,-0.113749,-0.006797,0.011404,0.030044,0.207061
0.026989,0.231995,-0.121477,0.030312,-0.066551,-0.212785,-0.113749,-0.006797,0.011404,0.030044,0.207061,-0.030573
0.027211,0.231995,0.030312,-0.066551,-0.212785,-0.113749,-0.006797,0.011404,0.030044,0.207061,-0.030573,-0.131664
0.027796,0.231995,-0.066551,-0.212785,-0.113749,-0.006797,0.011404,0.030044,0.207061,-0.030573,-0.131664,0.07621
0.031821,0.231995,-0.212785,-0.113749,-0.006797,0.011404,0.030044,0.207061,-0.030573,-0.131664,0.07621,0.218871
0.031229,0.231995,-0.113749,-0.006797,0.011404,0.030044,0.207061,-0.030573,-0.131664,0.07621,0.218871,-0.069418
0.028674,0.231995,-0.006797,0.011404,0.030044,0.207061,-0.030573,-0.131664,0.07621,0.218871,-0.069418,-0.035764
0.030154,0.231995,0.011404,0.030044,0.207061,-0.030573,-0.131664,0.07621,0.218871,-0.069418,-0.035764,0.051839
0.034398,0.231995,0.030044,0.207061,-0.030573,-0.131664,0.07621,0.218871,-0.069418,-0.035764,0.051839,0.009556
0.033053,0.232758,0.207061,-0.030573,-0.131664,0.07621,0.218871,-0.069418,-0.035764,0.051839,0.009556,0.057687
0.032361,0.232758,-0.030573,-0.131664,0.07621,0.218871,-0.069418,-0.035764,0.051839,0.009556,0.057687,0.049715
0.033364,0.232758,-0.131664,0.07621,0.218871,-0.069418,-0.035764,0.051839,0.009556,0.057687,0.049715,0.017957
0.033548,0.232758,0.07621,0.218871,-0.069418,-0.035764,0.051839,0.009556,0.057687,0.049715,0.017957,-0.133398
0.034665,0.232758,0.218871,-0.069418,-0.035764,0.051839,0.009556,0.057687,0.049715,0.017957,-0.133398,0.089151
0.035626,0.232758,-0.069418,-0.035764,0.051839,0.009556,0.057687,0.049715,0.017957,-0.133398,0.089151,0.09603
0.035973,0.232758,-0.035764,0.051839,0.009556,0.057687,0.049715,0.017957,-0.133398,0.089151,0.09603,-0.183814
0.033397,0.232758,0.051839,0.009556,0.057687,0.049715,0.017957,-0.133398,0.089151,0.09603,-0.183814,-0.087378
0.03512,0.232758,0.009556,0.057687,0.049715,0.017957,-0.133398,0.089151,0.09603,-0.183814,-0.087378,0.055181
0.036975,0.232758,0.057687,0.049715,0.017957,-0.133398,0.089151,0.09603,-0.183814,-0.087378,0.055181,0.01819
0.03342,0.232758,0.049715,0.017957,-0.133398,0.089151,0.09603,-0.183814,-0.087378,0.055181,0.01819,0.036965
0.031728,0.232758,0.017957,-0.133398,0.089151,0.09603,-0.183814,-0.087378,0.055181,0.01819,0.036965,0.18318
0.032796,0.232758,-0.133398,0.089151,0.09603,-0.183814,-0.087378,0.055181,0.01819,0.036965,0.18318,-0.134981
0.033148,0.232758,0.089151,0.09603,-0.183814,-0.087378,0.055181,0.01819,0.036965,0.18318,-0.134981,-0.189703
0.033864,0.232758,0.09603,-0.183814,-0.087378,0.055181,0.01819,0.036965,0.18318,-0.134981,-0.189703,0.026771
0.037405,0.232758,-0.183814,-0.087378,0.055181,0.01819,0.036965,0.18318,-0.134981,-0.189703,0.026771,0.198914
0.0348,0.232758,-0.087378,0.055181,0.01819,0.036965,0.18318,-0.134981,-0.189703,0.026771,0.198914,-0.014284
0.03113,0.232758,0.055181,0.01819,0.036965,0.18318,-0.134981,-0.189703,0.026771,0.198914,-0.014284,-0.101523
0.031649,0.232758,0.01819,0.036965,0.18318,-0.134981,-0.189703,0.026771,0.198914,-0.014284,-0.101523,-0.055088
0.035501,0.232758,0.036965,0.18318,-0.134981,-0.189703,0.026771,0.198914,-0.014284,-0.101523,-0.055088,-0.065953
0.035224,0.232758,0.18318,-0.134981,-0.189703,0.026771,0.198914,-0.014284,-0.101523,-0.055088,-0.065953,0.067747
0.033261,0.232758,-0.134981,-0.189703,0.026771,0.198914,-0.014284,-0.101523,-0.055088,-0.065953,0.067747,0.087133
0.032196,0.232758,-0.189703,0.026771,0.198914,-0.014284,-0.101523,-0.055088,-0.065953,0.067747,0.087133,0.083632
0.030918,0.232758,0.026771,0.198914,-0.014284,-0.101523,-0.055088,-0.065953,0.067747,0.087133,0.083632,-0.115972
0.032232,0.232758,0.198914,-0.014284,-0.101523,-0.055088,-0.065953,0.067747,0.087133,0.083632,-0.115972,0.096067
0.033921,0.232758,-0.014284,-0.101523,-0.055088,-0.065953,0.067747,0.087133,0.083632,-0.115972,0.096067,0.191917
0.035537,0.232758,-0.101523,-0.055088,-0.065953,0.067747,0.087133,0.083632,-0.115972,0.096067,0.191917,-0.066609
0.033297,0.232758,-0.055088,-0.065953,0.067747,0.087133,0.083632,-0.115972,0.096067,0.191917,-0.066609,-0.049873
0.035153,0.232758,-0.065953,0.067747,0.087133,0.083632,-0.115972,0.096067,0.191917,-0.066609,-0.049873,-0.010301
0.038857,0.232758,0.067747,0.087133,0.083632,-0.115972,0.096067,0.191917,-0.066609,-0.049873,-0.010301,-0.108566
0.037573,0.232758,0.087133,0.083632,-0.115972,0.096067,0.191917,-0.066609,-0.049873,-0.010301,-0.108566,-0.021685
0.036611,0.232758,0.083632,-0.115972,0.096067,0.191917,-0.066609,-0.049873,-0.010301,-0.108566,-0.021685,0.078981
0.036413,0.232758,-0.115972,0.096067,0.191917,-0.066609,-0.049873,-0.010301,-0.108566,-0.021685,0.078981,0.044022
0.034317,0.232758,0.096067,0.191917,-0.066609,-0.049873,-0.010301,-0.108566,-0.021685,0.078981,0.044022,-0.178416
0.033897,0.232758,0.191917,-0.066609,-0.049873,-0.010301,-0.108566,-0.021685,0.078981,0.044022,-0.178416,-0.081552
0.035425,0.232758,-0.066609,-0.049873,-0.010301,-0.108566,-0.021685,0.078981,0.044022,-0.178416,-0.081552,0.055779
0.036275,0.23172,-0.049873,-0.010301,-0.108566,-0.021685,0.078981,0.044022,-0.178416,-0.081552,0.055779,-0.157792
0.032829,0.23172,-0.010301,-0.108566,-0.021685,0.078981,0.044022,-0.178416,-0.081552,0.055779,-0.157792,-0.049231
0.03125,0.23172,-0.108566,-0.021685,0.078981,0.044022,-0.178416,-0.081552,0.055779,-0.157792,-0.049231,0.066533
0.032332,0.23172,-0.021685,0.078981,0.044022,-0.178416,-0.081552,0.055779,-0.157792,-0.049231,0.066533,0.038702
0.029267,0.23172,0.078981,0.044022,-0.178416,-0.081552,0.055779,-0.157792,-0.049231,0.066533,0.038702,0.035184
0.02831,0.23172,0.044022,-0.178416,-0.081552,0.055779,-0.157792,-0.049231,0.066533,0.038702,0.035184,0.064452
0.029602,0.23172,-0.178416,-0.081552,0.055779,-0.157792,-0.049231,0.066533,0.038702,0.035184,0.064452,-0.088885
0.030353,0.23172,-0.081552,0.055779,-0.157792,-0.049231,0.066533,0.038702,0.035184,0.064452,-0.088885,-0.22642
0.031037,0.23172,0.055779,-0.157792,-0.049231,0.066533,0.038702,0.035184,0.064452,-0.088885,-0.22642,0.101256
0.032287,0.23172,-0.157792,-0.049231,0.066533,0.038702,0.035184,0.064452,-0.088885,-0.22642,0.101256,0.219467
0.030564,0.23172,-0.049231,0.066533,0.038702,0.035184,0.064452,-0.088885,-0.22642,0.101256,0.219467,-0.007449
0.026165,0.23172,0.066533,0.038702,0.035184,0.064452,-0.088885,-0.22642,0.101256,0.219467,-0.007449,-0.040883
0.028135,0.23172,0.038702,0.035184,0.064452,-0.088885,-0.22642,0.101256,0.219467,-0.007449,-0.040883,0.039626
0.032398,0.23172,0.035184,0.064452,-0.088885,-0.22642,0.101256,0.219467,-0.007449,-0.040883,0.039626,-0.000735
0.032254,0.23172,0.064452,-0.088885,-0.22642,0.101256,0.219467,-0.007449,-0.040883,0.039626,-0.000735,-0.00596
0.031462,0.23172,-0.088885,-0.22642,0.101256,0.219467,-0.007449,-0.040883,0.039626,-0.000735,-0.00596,0.185613
0.032229,0.23172,-0.22642,0.101256,0.219467,-0.007449,-0.040883,0.039626,-0.000735,-0.00596,0.185613,-0.049728
0.032215,0.23172,0.101256,0.219467,-0.007449,-0.040883,0.039626,-0.000735,-0.00596,0.185613,-0.049728,-0.122606
0.032099,0.233154,0.219467,-0.007449,-0.040883,0.039626,-0.000735,-0.00596,0.185613,-0.049728,-0.122606,0.090666
0.035693,0.233154,-0.007449,-0.040883,0.039626,-0.000735,-0.00596,0.185613,-0.049728,-0.122606,0.090666,0.186201
0.034733,0.233154,-0.040883,0.039626,-0.000735,-0.00596,0.185613,-0.049728,-0.122606,0.090666,0.186201,-0.172089
0.032362,0.233154,0.039626,-0.000735,-0.00596,0.185613,-0.049728,-0.122606,0.090666,0.186201,-0.172089,-0.13057
0.034116,0.233154,-0.000735,-0.00596,0.185613,-0.049728,-0.122606,0.090666,0.186201,-0.172089,-0.13057,-0.022278
0.037714,0.233154,-0.00596,0.185613,-0.049728,-0.122606,0.090666,0.186201,-0.172089,-0.13057,-0.022278,0.004456
0.034388,0.233154,0.185613,-0.049728,-0.122606,0.090666,0.186201,-0.172089,-0.13057,-0.022278,0.004456,0.019788
0.031861,0.233154,-0.049728,-0.122606,0.090666,0.186201,-0.172089,-0.13057,-0.022278,0.004456,0.019788,0.202829
0.03143,0.233154,-0.122606,0.090666,0.186201,-0.172089,-0.13057,-0.022278,0.004456,0.019788,0.202829,-0.01157
0.031516,0.233154,0.090666,0.186201,-0.172089,-0.13057,-0.022278,0.004456,0.019788,0.202829,-0.01157,-0.122903
0.0319,0.233154,0.186201,-0.172089,-0.13057,-0.022278,0.004456,0.019788,0.202829,-0.01157,-0.122903,0.075254
0.035827,0.233154,-0.172089,-0.13057,-0.022278,0.004456,0.019788,0.202829,-0.01157,-0.122903,0.075254,0.196935
0.035604,0.233154,-0.13057,-0.022278,0.004456,0.019788,0.202829,-0.01157,-0.122903,0.075254,0.196935,-0.059594
0.03323,0.233154,-0.022278,0.004456,0.019788,0.202829,-0.01157,-0.122903,0.075254,0.196935,-0.059594,-0.044632
0.034685,0.233154,0.004456,0.019788,0.202829,-0.01157,-0.122903,0.075254,0.196935,-0.059594,-0.044632,0.071783
0.038487,0.233154,0.019788,0.202829,-0.01157,-0.122903,0.075254,0.196935,-0.059594,-0.044632,0.071783,0.000701
0.037338,0.233154,0.202829,-0.01157,-0.122903,0.075254,0.196935,-0.059594,-0.044632,0.071783,0.000701,0.065047
0.036477,0.233154,-0.01157,-0.122903,0.075254,0.196935,-0.059594,-0.044632,0.071783,0.000701,0.065047,0.050589
0.03786,0.233154,-0.122903,0.075254,0.196935,-0.059594,-0.044632,0.071783,0.000701,0.065047,0.050589,0.022019
0.037873,0.233154,0.075254,0.196935,-0.059594,-0.044632,0.071783,0.000701,0.065047,0.050589,0.022019,-0.13508
0.039127,0.233154,0.196935,-0.059594,-0.044632,0.071783,0.000701,0.065047,0.050589,0.022019,-0.13508,0.072524
0.040101,0.233154,-0.059594,-0.044632,0.071783,0.000701,0.065047,0.050589,0.022019,-0.13508,0.072524,0.19567
0.040524,0.233154,-0.044632,0.071783,0.000701,0.065047,0.050589,0.022019,-0.13508,0.072524,0.19567,-0.09365
0.037927,0.233154,0.071783,0.000701,0.065047,0.050589,0.022019,-0.13508,0.072524,0.19567,-0.09365,-0.043121
0.039323,0.233154,0.000701,0.065047,0.050589,0.022019,-0.13508,0.072524,0.19567,-0.09365,-0.043121,-0.019151
0.043084,0.233154,0.065047,0.050589,0.022019,-0.13508,0.072524,0.19567,-0.09365,-0.043121,-0.019151,-0.118658
0.041285,0.233154,0.050589,0.022019,-0.13508,0.072524,0.19567,-0.09365,-0.043121,-0.019151,-0.118658,-0.025676
0.040456,0.233154,0.022019,-0.13508,0.072524,0.19567,-0.09365,-0.043121,-0.019151,-0.118658,-0.025676,0.07819
0.040089,0.233154,-0.13508,0.072524,0.19567,-0.09365,-0.043121,-0.019151,-0.118658,-0.025676,0.07819,0.048202
0.037806,0.233154,0.072524,0.19567,-0.09365,-0.043121,-0.019151,-0.118658,-0.025676,0.07819,0.048202,-0.122558
0.037311,0.233154,0.19567,-0.09365,-0.043121,-0.019151,-0.118658,-0.025676,0.07819,0.048202,-0.122558,0.093489
0.038819,0.233154,-0.09365,-0.043121,-0.019151,-0.118658,-0.025676,0.07819,0.048202,-0.122558,0.093489,0.172622
0.039746,0.233154,-0.043121,-0.019151,-0.118658,-0.025676,0.07819,0.048202,-0.122558,0.093489,0.172622,-0.06184
0.037388,0.233154,-0.019151,-0.118658,-0.025676,0.07819,0.048202,-0.122558,0.093489,0.172622,-0.06184,-0.041361
0.039188,0.233154,-0.118658,-0.025676,0.07819,0.048202,-0.122558,0.093489,0.172622,-0.06184,-0.041361,0.053233
0.042507,0.233154,-0.025676,0.07819,0.048202,-0.122558,0.093489,0.172622,-0.06184,-0.041361,0.053233,-0.010092
0.041319,0.230286,0.07819,0.048202,-0.122558,0.093489,0.172622,-0.06184,-0.041361,0.053233,-0.010092,-0.031507
0.040524,0.230286,0.048202,-0.122558,0.093489,0.172622,-0.06184,-0.041361,0.053233,-0.010092,-0.031507,0.057964
0.041546,0.230286,-0.122558,0.093489,0.172622,-0.06184,-0.041361,0.053233,-0.010092,-0.031507,0.057964,-0.094247
0.041352,0.230286,0.093489,0.172622,-0.06184,-0.041361,0.053233,-0.010092,-0.031507,0.057964,-0.094247,-0.275965
0.040747,0.230286,0.172622,-0.06184,-0.041361,0.053233,-0.010092,-0.031507,0.057964,-0.094247,-0.275965,-0.121716
0.041861,0.230286,-0.06184,-0.041361,0.053233,-0.010092,-0.031507,0.057964,-0.094247,-0.275965,-0.121716,0.088594
0.04005,0.230286,-0.041361,0.053233,-0.010092,-0.031507,0.057964,-0.094247,-0.275965,-0.121716,0.088594,-0.16364
0.034735,0.230286,0.053233,-0.010092,-0.031507,0.057964,-0.094247,-0.275965,-0.121716,0.088594,-0.16364,-0.054487
0.032381,0.230286,-0.010092,-0.031507,0.057964,-0.094247,-0.275965,-0.121716,0.088594,-0.16364,-0.054487,0.035989
0.034097,0.230286,-0.031507,0.057964,-0.094247,-0.275965,-0.121716,0.088594,-0.16364,-0.054487,0.035989,-0.045087
0.030924,0.230286,0.057964,-0.094247,-0.275965,-0.121716,0.088594,-0.16364,-0.054487,0.035989,-0.045087,-0.137934
0.029867,0.230286,-0.094247,-0.275965,-0.121716,0.088594,-0.16364,-0.054487,0.035989,-0.045087,-0.137934,0.153614
0.030565,0.230286,-0.275965,-0.121716,0.088594,-0.16364,-0.054487,0.035989,-0.045087,-0.137934,0.153614,-0.022001
0.02969,0.230286,-0.121716,0.088594,-0.16364,-0.054487,0.035989,-0.045087,-0.137934,0.153614,-0.022001,-0.098803
0.027006,0.230286,0.088594,-0.16364,-0.054487,0.035989,-0.045087,-0.137934,0.153614,-0.022001,-0.098803,0.096502
0.029996,0.230286,-0.16364,-0.054487,0.035989,-0.045087,-0.137934,0.153614,-0.022001,-0.098803,0.096502,0.223685
0.029569,0.228973,-0.054487,0.035989,-0.045087,-0.137934,0.153614,-0.022001,-0.098803,0.096502,0.223685,-0.166955
0.027649,0.228973,0.035989,-0.045087,-0.137934,0.153614,-0.022001,-0.098803,0.096502,0.223685,-0.166955,-0.127697
0.029524,0.228973,-0.045087,-0.137934,0.153614,-0.022001,-0.098803,0.096502,0.223685,-0.166955,-0.127697,-0.10519
0.033864,0.228973,-0.137934,0.153614,-0.022001,-0.098803,0.096502,0.223685,-0.166955,-0.127697,-0.10519,-0.109861
0.030626,0.228973,0.153614,-0.022001,-0.098803,0.096502,0.223685,-0.166955,-0.127697,-0.10519,-0.109861,0.028354
0.028145,0.228973,-0.022001,-0.098803,0.096502,0.223685,-0.166955,-0.127697,-0.10519,-0.109861,0.028354,0.091546
0.026099,0.228973,-0.098803,0.096502,0.223685,-0.166955,-0.127697,-0.10519,-0.109861,0.028354,0.091546,0.050745
0.023956,0.228973,0.096502,0.223685,-0.166955,-0.127697,-0.10519,-0.109861,0.028354,0.091546,0.050745,-0.123488
0.02451,0.228973,0.223685,-0.166955,-0.127697,-0.10519,-0.109861,0.028354,0.091546,0.050745,-0.123488,0.082336
0.026298,0.228973,-0.166955,-0.127697,-0.10519,-0.109861,0.028354,0.091546,0.050745,-0.123488,0.082336,0.172505
0.027286,0.228973,-0.127697,-0.10519,-0.109861,0.028354,0.091546,0.050745,-0.123488,0.082336,0.172505,-0.034751
0.024881,0.228973,-0.10519,-0.109861,0.028354,0.091546,0.050745,-0.123488,0.082336,0.172505,-0.034751,-0.105238
0.026486,0.228973,-0.109861,0.028354,0.091546,0.050745,-0.123488,0.082336,0.172505,-0.034751,-0.105238,-0.049148
0.029844,0.228973,0.028354,0.091546,0.050745,-0.123488,0.082336,0.172505,-0.034751,-0.105238,-0.049148,-0.034165
0.029168,0.228973,0.091546,0.050745,-0.123488,0.082336,0.172505,-0.034751,-0.105238,-0.049148,-0.034165,0.065441
0.027121,0.228973,0.050745,-0.123488,0.082336,0.172505,-0.034751,-0.105238,-0.049148,-0.034165,0.065441,0.075303
0.026165,0.228973,-0.123488,0.082336,0.172505,-0.034751,-0.105238,-0.049148,-0.034165,0.065441,0.075303,0.051163
0.025499,0.228973,0.082336,0.172505,-0.034751,-0.105238,-0.049148,-0.034165,0.065441,0.075303,0.051163,-0.137711
0.026775,0.228973,0.172505,-0.034751,-0.105238,-0.049148,-0.034165,0.065441,0.075303,0.051163,-0.137711,0.092849
0.028243,0.228973,-0.034751,-0.105238,-0.049148,-0.034165,0.065441,0.075303,0.051163,-0.137711,0.092849,0.180154
0.029237,0.228973,-0.105238,-0.049148,-0.034165,0.065441,0.075303,0.051163,-0.137711,0.092849,0.180154,-0.137204
0.02656,0.228973,-0.049148,-0.034165,0.065441,0.075303,0.051163,-0.137711,0.092849,0.180154,-0.137204,-0.11541
0.028366,0.228973,-0.034165,0.065441,0.075303,0.051163,-0.137711,0.092849,0.180154,-0.137204,-0.11541,-0.003409
0.031867,0.228973,0.065441,0.075303,0.051163,-0.137711,0.092849,0.180154,-0.137204,-0.11541,-0.003409,-0.032585
0.029201,0.228973,0.075303,0.051163,-0.137711,0.092849,0.180154,-0.137204,-0.11541,-0.003409,-0.032585,-0.149654
0.026956,0.228973,0.051163,-0.137711,0.092849,0.180154,-0.137204,-0.11541,-0.003409,-0.032585,-0.149654,0.175407
0.02689,0.228973,-0.137711,0.092849,0.180154,-0.137204,-0.11541,-0.003409,-0.032585,-0.149654,0.175407,-0.001705
0.026255,0.228973,0.092849,0.180154,-0.137204,-0.11541,-0.003409,-0.032585,-0.149654,0.175407,-0.001705,-0.141799
0.023333,0.228973,0.180154,-0.137204,-0.11541,-0.003409,-0.032585,-0.149654,0.175407,-0.001705,-0.141799,-0.065639
0.026759,0.228973,-0.137204,-0.11541,-0.003409,-0.032585,-0.149654,0.175407,-0.001705,-0.141799,-0.065639,0.16585
0.026725,0.228973,-0.11541,-0.003409,-0.032585,-0.149654,0.175407,-0.001705,-0.141799,-0.065639,0.16585,-0.125106
0.023962,0.228973,-0.003409,-0.032585,-0.149654,0.175407,-0.001705,-0.141799,-0.065639,0.16585,-0.125106,-0.083859
0.02268,0.228973,-0.032585,-0.149654,0.175407,-0.001705,-0.141799,-0.065639,0.16585,-0.125106,-0.083859,-0.006792
0.025921,0.228973,-0.149654,0.175407,-0.001705,-0.141799,-0.065639,0.16585,-0.125106,-0.083859,-0.006792,0.036553
0.023476,0.230957,0.175407,-0.001705,-0.141799,-0.065639,0.16585,-0.125106,-0.083859,-0.006792,0.036553,0.060088
0.021837,0.230957,-0.001705,-0.141799,-0.065639,0.16585,-0.125106,-0.083859,-0.006792,0.036553,0.060088,0.212779
0.021704,0.230957,-0.141799,-0.065639,0.16585,-0.125106,-0.083859,-0.006792,0.036553,0.060088,0.212779,-0.003342
0.022419,0.230957,-0.065639,0.16585,-0.125106,-0.083859,-0.006792,0.036553,0.060088,0.212779,-0.003342,-0.111809
0.023594,0.230957,0.16585,-0.125106,-0.083859,-0.006792,0.036553,0.060088,0.212779,-0.003342,-0.111809,0.068901
0.027747,0.230957,-0.125106,-0.083859,-0.006792,0.036553,0.060088,0.212779,-0.003342,-0.111809,0.068901,-0.013865
0.027682,0.230957,-0.083859,-0.006792,0.036553,0.060088,0.212779,-0.003342,-0.111809,0.068901,-0.013865,-0.053108
0.025506,0.230957,-0.006792,0.036553,0.060088,0.212779,-0.003342,-0.111809,0.068901,-0.013865,-0.053108,-0.005154
0.026848,0.230957,0.036553,0.060088,0.212779,-0.003342,-0.111809,0.068901,-0.013865,-0.053108,-0.005154,0.111739
0.026578,0.230957,0.060088,0.212779,-0.003342,-0.111809,0.068901,-0.013865,-0.053108,-0.005154,0.111739,0.030083
0.025542,0.230957,0.212779,-0.003342,-0.111809,0.068901,-0.013865,-0.053108,-0.005154,0.111739,0.030083,0.045336
0.025441,0.230957,-0.003342,-0.111809,0.068901,-0.013865,-0.053108,-0.005154,0.111739,0.030083,0.045336,-0.078781
0.027616,0.230957,-0.111809,0.068901,-0.013865,-0.053108,-0.005154,0.111739,0.030083,0.045336,-0.078781,0.01532
0.028201,0.230957,0.068901,-0.013865,-0.053108,-0.005154,0.111739,0.030083,0.045336,-0.078781,0.01532,-0.118619
0.029083,0.230957,-0.013865,-0.053108,-0.005154,0.111739,0.030083,0.045336,-0.078781,0.01532,-0.118619,-0.052577
0.027549,0.230957,-0.053108,-0.005154,0.111739,0.030083,0.045336,-0.078781,0.01532,-0.118619,-0.052577,0.220841
0.027848,0.231201,-0.005154,0.111739,0.030083,0.045336,-0.078781,0.01532,-0.118619,-0.052577,0.220841,-0.009246
0.025539,0.231201,0.111739,0.030083,0.045336,-0.078781,0.01532,-0.118619,-0.052577,0.220841,-0.009246,0.02225
0.024514,0.231201,0.030083,0.045336,-0.078781,0.01532,-0.118619,-0.052577,0.220841,-0.009246,0.02225,0.092406
0.028819,0.231201,0.045336,-0.078781,0.01532,-0.118619,-0.052577,0.220841,-0.009246,0.02225,0.092406,0.031908
0.028639,0.231201,-0.078781,0.01532,-0.118619,-0.052577,0.220841,-0.009246,0.02225,0.092406,0.031908,0.105648
0.029071,0.231201,0.01532,-0.118619,-0.052577,0.220841,-0.009246,0.02225,0.092406,0.031908,0.105648,0.089258
0.030864,0.231201,-0.118619,-0.052577,0.220841,-0.009246,0.02225,0.092406,0.031908,0.105648,0.089258,0.052689
0.031483,0.231201,-0.052577,0.220841,-0.009246,0.02225,0.092406,0.031908,0.105648,0.089258,0.052689,-0.09022
0.03353,0.231201,0.220841,-0.009246,0.02225,0.092406,0.031908,0.105648,0.089258,0.052689,-0.09022,0.141659
0.035258,0.231201,-0.009246,0.02225,0.092406,0.031908,0.105648,0.089258,0.052689,-0.09022,0.141659,0.228134
0.036275,0.231201,0.02225,0.092406,0.031908,0.105648,0.089258,0.052689,-0.09022,0.141659,0.228134,-0.063494
0.034534,0.231201,0.092406,0.031908,0.105648,0.089258,0.052689,-0.09022,0.141659,0.228134,-0.063494,-0.030769
0.037267,0.231201,0.031908,0.105648,0.089258,0.052689,-0.09022,0.141659,0.228134,-0.063494,-0.030769,0.104391
0.04166,0.231201,0.105648,0.089258,0.052689,-0.09022,0.141659,0.228134,-0.063494,-0.030769,0.104391,0.01288
0.040439,0.231201,0.089258,0.052689,-0.09022,0.141659,0.228134,-0.063494,-0.030769,0.104391,0.01288,0.04426
0.039847,0.231201,0.052689,-0.09022,0.141659,0.228134,-0.063494,-0.030769,0.104391,0.01288,0.04426,0.074429
0.041851,0.231201,-0.09022,0.141659,0.228134,-0.063494,-0.030769,0.104391,0.01288,0.04426,0.074429,0.072594
0.042098,0.231201,0.141659,0.228134,-0.063494,-0.030769,0.104391,0.01288,0.04426,0.074429,0.072594,-0.128143
0.042948,0.231201,0.228134,-0.063494,-0.030769,0.104391,0.01288,0.04426,0.074429,0.072594,-0.128143,0.116209
0.044376,0.231201,-0.063494,-0.030769,0.104391,0.01288,0.04426,0.074429,0.072594,-0.128143,0.116209,0.19328
0.045765,0.231201,-0.030769,0.104391,0.01288,0.04426,0.074429,0.072594,-0.128143,0.116209,0.19328,-0.060905
0.043314,0.231201,0.104391,0.01288,0.04426,0.074429,0.072594,-0.128143,0.116209,0.19328,-0.060905,-0.029136
0.045538,0.231201,0.01288,0.04426,0.074429,0.072594,-0.128143,0.116209,0.19328,-0.060905,-0.029136,0.086966
0.049231,0.231201,0.04426,0.074429,0.072594,-0.128143,0.116209,0.19328,-0.060905,-0.029136,0.086966,0.001918
0.048068,0.231201,0.074429,0.072594,-0.128143,0.116209,0.19328,-0.060905,-0.029136,0.086966,0.001918,0.053598
0.047512,0.231201,0.072594,-0.128143,0.116209,0.19328,-0.060905,-0.029136,0.086966,0.001918,0.053598,0.08001
0.04917,0.231201,-0.128143,0.116209,0.19328,-0.060905,-0.029136,0.086966,0.001918,0.053598,0.08001,0.034496
0.049206,0.231201,0.116209,0.19328,-0.060905,-0.029136,0.086966,0.001918,0.053598,0.08001,0.034496,-0.119596
0.050228,0.231201,0.19328,-0.060905,-0.029136,0.086966,0.001918,0.053598,0.08001,0.034496,-0.119596,0.083545
0.051752,0.231201,-0.060905,-0.029136,0.086966,0.001918,0.053598,0.08001,0.034496,-0.119596,0.083545,0.185213
0.052408,0.231201,-0.029136,0.086966,0.001918,0.053598,0.08001,0.034496,-0.119596,0.083545,0.185213,-0.103623
0.050135,0.231201,0.086966,0.001918,0.053598,0.08001,0.034496,-0.119596,0.083545,0.185213,-0.103623,-0.029217
0.051724,0.231201,0.001918,0.053598,0.08001,0.034496,-0.119596,0.083545,0.185213,-0.103623,-0.029217,0.086527
0.055242,0.231201,0.053598,0.08001,0.034496,-0.119596,0.083545,0.185213,-0.103623,-0.029217,0.086527,-0.011156
0.053275,0.231201,0.08001,0.034496,-0.119596,0.083545,0.185213,-0.103623,-0.029217,0.086527,-0.011156,0.015515
0.05272,0.231201,0.034496,-0.119596,0.083545,0.185213,-0.103623,-0.029217,0.086527,-0.011156,0.015515,0.044492
0.054361,0.228729,-0.119596,0.083545,0.185213,-0.103623,-0.029217,0.086527,-0.011156,0.015515,0.044492,0.03325
0.054149,0.228729,0.083545,0.185213,-0.103623,-0.029217,0.086527,-0.011156,0.015515,0.044492,0.03325,-0.159153
0.054444,0.228729,0.185213,-0.103623,-0.029217,0.086527,-0.011156,0.015515,0.044492,0.03325,-0.159153,0.065736
0.055288,0.228729,-0.103623,-0.029217,0.086527,-0.011156,0.015515,0.044492,0.03325,-0.159153,0.065736,0.158637
0.055918,0.228729,-0.029217,0.086527,-0.011156,0.015515,0.044492,0.03325,-0.159153,0.065736,0.158637,-0.104086
0.052902,0.228729,0.086527,-0.011156,0.015515,0.044492,0.03325,-0.159153,0.065736,0.158637,-0.104086,-0.120744
0.054149,0.228729,-0.011156,0.015515,0.044492,0.03325,-0.159153,0.065736,0.158637,-0.104086,-0.120744,-0.063379
0.057157,0.228729,0.015515,0.044492,0.03325,-0.159153,0.065736,0.158637,-0.104086,-0.120744,-0.063379,-0.144955
0.055184,0.228729,0.044492,0.03325,-0.159153,0.065736,0.158637,-0.104086,-0.120744,-0.063379,-0.144955,-0.167054
0.052893,0.228729,0.03325,-0.159153,0.065736,0.158637,-0.104086,-0.120744,-0.063379,-0.144955,-0.167054,0.026868
0.05169,0.228729,-0.159153,0.065736,0.158637,-0.104086,-0.120744,-0.063379,-0.144955,-0.167054,0.026868,-0.041621
0.048931,0.228729,0.065736,0.158637,-0.104086,-0.120744,-0.063379,-0.144955,-0.167054,0.026868,-0.041621,-0.200727
0.045739,0.228729,0.158637,-0.104086,-0.120744,-0.063379,-0.144955,-0.167054,0.026868,-0.041621,-0.200727,0.030573
0.046253,0.228729,-0.104086,-0.120744,-0.063379,-0.144955,-0.167054,0.026868,-0.041621,-0.200727,0.030573,0.136501
0.045457,0.228729,-0.120744,-0.063379,-0.144955,-0.167054,0.026868,-0.041621,-0.200727,0.030573,0.136501,-0.04972
0.041614,0.228729,-0.063379,-0.144955,-0.167054,0.026868,-0.041621,-0.200727,0.030573,0.136501,-0.04972,-0.020183
0.0422,0.228729,-0.144955,-0.167054,0.026868,-0.041621,-0.200727,0.030573,0.136501,-0.04972,-0.020183,0.055524
0.044818,0.226898,-0.167054,0.026868,-0.041621,-0.200727,0.030573,0.136501,-0.04972,-0.020183,0.055524,-0.033468
0.043865,0.226898,0.026868,-0.041621,-0.200727,0.030573,0.136501,-0.04972,-0.020183,0.055524,-0.033468,0.053225
0.043478,0.226898,-0.041621,-0.200727,0.030573,0.136501,-0.04972,-0.020183,0.055524,-0.033468,0.053225,0.024981
0.044541,0.226898,-0.200727,0.030573,0.136501,-0.04972,-0.020183,0.055524,-0.033468,0.053225,0.024981,0.019139
0.0439,0.226898,0.030573,0.136501,-0.04972,-0.020183,0.055524,-0.033468,0.053225,0.024981,0.019139,-0.158347
0.04492,0.226898,0.136501,-0.04972,-0.020183,0.055524,-0.033468,0.053225,0.024981,0.019139,-0.158347,0.075061
0.045399,0.226898,-0.04972,-0.020183,0.055524,-0.033468,0.053225,0.024981,0.019139,-0.158347,0.075061,0.04969
0.045765,0.226898,-0.020183,0.055524,-0.033468,0.053225,0.024981,0.019139,-0.158347,0.075061,0.04969,-0.29321
0.042735,0.226898,0.055524,-0.033468,0.053225,0.024981,0.019139,-0.158347,0.075061,0.04969,-0.29321,-0.203517
0.044173,0.226898,-0.033468,0.053225,0.024981,0.019139,-0.158347,0.075061,0.04969,-0.29321,-0.203517,-0.036336
0.045125,0.226898,0.053225,0.024981,0.019139,-0.158347,0.075061,0.04969,-0.29321,-0.203517,-0.036336,0.004315
0.039493,0.226898,0.024981,0.019139,-0.158347,0.075061,0.04969,-0.29321,-0.203517,-0.036336,0.004315,0.099472
0.03557,0.226898,0.019139,-0.158347,0.075061,0.04969,-0.29321,-0.203517,-0.036336,0.004315,0.099472,0.053631
0.034869,0.226898,-0.158347,0.075061,0.04969,-0.29321,-0.203517,-0.036336,0.004315,0.099472,0.053631,0.021736
0.034952,0.226898,0.075061,0.04969,-0.29321,-0.203517,-0.036336,0.004315,0.099472,0.053631,0.021736,-0.127306
0.036874,0.226898,0.04969,-0.29321,-0.203517,-0.036336,0.004315,0.099472,0.053631,0.021736,-0.127306,0.072203
0.037909,0.226898,-0.29321,-0.203517,-0.036336,0.004315,0.099472,0.053631,0.021736,-0.127306,0.072203,0.073726
0.038328,0.226898,-0.203517,-0.036336,0.004315,0.099472,0.053631,0.021736,-0.127306,0.072203,0.073726,-0.163867
0.035875,0.226898,-0.036336,0.004315,0.099472,0.053631,0.021736,-0.127306,0.072203,0.073726,-0.163867,-0.108496
0.037267,0.226898,0.004315,0.099472,0.053631,0.021736,-0.127306,0.072203,0.073726,-0.163867,-0.108496,0.074564
0.038689,0.226898,0.099472,0.053631,0.021736,-0.127306,0.072203,0.073726,-0.163867,-0.108496,0.074564,0.025127
0.035526,0.226898,0.053631,0.021736,-0.127306,0.072203,0.073726,-0.163867,-0.108496,0.074564,0.025127,0.002379
0.033428,0.226898,0.021736,-0.127306,0.072203,0.073726,-0.163867,-0.108496,0.074564,0.025127,0.002379,-0.128123
0.034869,0.226898,-0.127306,0.072203,0.073726,-0.163867,-0.108496,0.074564,0.025127,0.002379,-0.128123,-0.015109
0.035354,0.226898,0.072203,0.073726,-0.163867,-0.108496,0.074564,0.025127,0.002379,-0.128123,-0.015109,-0.103055
0.0354,0.226898,0.073726,-0.163867,-0.108496,0.074564,0.025127,0.002379,-0.128123,-0.015109,-0.103055,0.114407
0.03292,0.226898,-0.163867,-0.108496,0.074564,0.025127,0.002379,-0.128123,-0.015109,-0.103055,0.114407,0.204722
0.032627,0.226898,-0.108496,0.074564,0.025127,0.002379,-0.128123,-0.015109,-0.103055,0.114407,0.204722,-0.171683
0.030631,0.226898,0.074564,0.025127,0.002379,-0.128123,-0.015109,-0.103055,0.114407,0.204722,-0.171683,-0.08224
0.032848,0.226898,0.025127,0.002379,-0.128123,-0.015109,-0.103055,0.114407,0.204722,-0.171683,-0.08224,-0.013682
0.036807,0.226898,0.002379,-0.128123,-0.015109,-0.103055,0.114407,0.204722,-0.171683,-0.08224,-0.013682,-0.010999
0.033487,0.226898,-0.128123,-0.015109,-0.103055,0.114407,0.204722,-0.171683,-0.08224,-0.013682,-0.010999,0.018075
0.031894,0.226898,-0.015109,-0.103055,0.114407,0.204722,-0.171683,-0.08224,-0.013682,-0.010999,0.018075,0.214878
0.031629,0.226898,-0.103055,0.114407,0.204722,-0.171683,-0.08224,-0.013682,-0.010999,0.018075,0.214878,-0.021985
0.031416,0.226898,0.114407,0.204722,-0.171683,-0.08224,-0.013682,-0.010999,0.018075,0.214878,-0.021985,-0.133224
0.031767,0.23526,0.204722,-0.171683,-0.08224,-0.013682,-0.010999,0.018075,0.214878,-0.021985,-0.133224,0.085589
0.035928,0.23526,-0.171683,-0.08224,-0.013682,-0.010999,0.018075,0.214878,-0.021985,-0.133224,0.085589,0.203871
0.035503,0.23526,-0.08224,-0.013682,-0.010999,0.018075,0.214878,-0.021985,-0.133224,0.085589,0.203871,-0.066562
0.03293,0.23526,-0.013682,-0.010999,0.018075,0.214878,-0.021985,-0.133224,0.085589,0.203871,-0.066562,-0.044628
0.034584,0.23526,-0.010999,0.018075,0.214878,-0.021985,-0.133224,0.085589,0.203871,-0.066562,-0.044628,0.080509
0.038521,0.23526,0.018075,0.214878,-0.021985,-0.133224,0.085589,0.203871,-0.066562,-0.044628,0.080509,0.002443
0.037237,0.23526,0.214878,-0.021985,-0.133224,0.085589,0.203871,-0.066562,-0.044628,0.080509,0.002443,0.030101
0.036376,0.23526,-0.021985,-0.133224,0.085589,0.203871,-0.066562,-0.044628,0.080509,0.002443,0.030101,-0.047401
0.037927,0.23526,-0.133224,0.085589,0.203871,-0.066562,-0.044628,0.080509,0.002443,0.030101,-0.047401,-0.002778
0.037974,0.23526,0.085589,0.203871,-0.066562,-0.044628,0.080509,0.002443,0.030101,-0.047401,-0.002778,-0.229216
0.038554,0.23526,0.203871,-0.066562,-0.044628,0.080509,0.002443,0.030101,-0.047401,-0.002778,-0.229216,0.141172
0.03764,0.23526,-0.066562,-0.044628,0.080509,0.002443,0.030101,-0.047401,-0.002778,-0.229216,0.141172,0.176508
0.037587,0.23526,-0.044628,0.080509,0.002443,0.030101,-0.047401,-0.002778,-0.229216,0.141172,0.176508,-0.052707
0.033163,0.23526,0.080509,0.002443,0.030101,-0.047401,-0.002778,-0.229216,0.141172,0.176508,-0.052707,-0.011487
0.035891,0.23526,0.002443,0.030101,-0.047401,-0.002778,-0.229216,0.141172,0.176508,-0.052707,-0.011487,0.075656
0.039295,0.23526,0.030101,-0.047401,-0.002778,-0.229216,0.141172,0.176508,-0.052707,-0.011487,0.075656,0.007644
0.03828,0.231598,-0.047401,-0.002778,-0.229216,0.141172,0.176508,-0.052707,-0.011487,0.075656,0.007644,0.061727
0.038058,0.231598,-0.002778,-0.229216,0.141172,0.176508,-0.052707,-0.011487,0.075656,0.007644,0.061727,0.072106
0.039514,0.231598,-0.229216,0.141172,0.176508,-0.052707,-0.011487,0.075656,0.007644,0.061727,0.072106,0.047134
0.03966,0.231598,0.141172,0.176508,-0.052707,-0.011487,0.075656,0.007644,0.061727,0.072106,0.047134,-0.121933
0.040848,0.231598,0.176508,-0.052707,-0.011487,0.075656,0.007644,0.061727,0.072106,0.047134,-0.121933,0.085371
0.042234,0.231598,-0.052707,-0.011487,0.075656,0.007644,0.061727,0.072106,0.047134,-0.121933,0.085371,0.190037
0.043138,0.231598,-0.011487,0.075656,0.007644,0.061727,0.072106,0.047134,-0.121933,0.085371,0.190037,-0.096084
0.0408,0.231598,0.075656,0.007644,0.061727,0.072106,0.047134,-0.121933,0.085371,0.190037,-0.096084,-0.037957
0.042438,0.231598,0.007644,0.061727,0.072106,0.047134,-0.121933,0.085371,0.190037,-0.096084,-0.037957,0.085894
0.04608,0.231598,0.061727,0.072106,0.047134,-0.121933,0.085371,0.190037,-0.096084,-0.037957,0.085894,-0.001464
0.04424,0.231598,0.072106,0.047134,-0.121933,0.085371,0.190037,-0.096084,-0.037957,0.085894,-0.001464,0.039043
0.043513,0.231598,0.047134,-0.121933,0.085371,0.190037,-0.096084,-0.037957,0.085894,-0.001464,0.039043,0.059084
0.045156,0.231598,-0.121933,0.085371,0.190037,-0.096084,-0.037957,0.085894,-0.001464,0.039043,0.059084,0.022932
0.045128,0.231598,0.085371,0.190037,-0.096084,-0.037957,0.085894,-0.001464,0.039043,0.059084,0.022932,-0.126944
0.045875,0.231598,0.190037,-0.096084,-0.037957,0.085894,-0.001464,0.039043,0.059084,0.022932,-0.126944,0.087979
0.047006,0.231598,-0.096084,-0.037957,0.085894,-0.001464,0.039043,0.059084,0.022932,-0.126944,0.087979,0.195634
0.047444,0.231598,-0.037957,0.085894,-0.001464,0.039043,0.059084,0.022932,-0.126944,0.087979,0.195634,-0.093467
0.045019,0.231598,0.085894,-0.001464,0.039043,0.059084,0.022932,-0.126944,0.087979,0.195634,-0.093467,-0.029144
0.046701,0.231598,-0.001464,0.039043,0.059084,0.022932,-0.126944,0.087979,0.195634,-0.093467,-0.029144,0.076254
0.050435,0.231598,0.039043,0.059084,0.022932,-0.126944,0.087979,0.195634,-0.093467,-0.029144,0.076254,-0.012558
0.048652,0.231598,0.059084,0.022932,-0.126944,0.087979,0.195634,-0.093467,-0.029144,0.076254,-0.012558,0.022921
0.048096,0.231598,0.022932,-0.126944,0.087979,0.195634,-0.093467,-0.029144,0.076254,-0.012558,0.022921,0.043657
0.049549,0.231598,-0.126944,0.087979,0.195634,-0.093467,-0.029144,0.076254,-0.012558,0.022921,0.043657,0.039754
0.049309,0.231598,0.087979,0.195634,-0.093467,-0.029144,0.076254,-0.012558,0.022921,0.043657,0.039754,-0.133709
0.049747,0.231598,0.195634,-0.093467,-0.029144,0.076254,-0.012558,0.022921,0.043657,0.039754,-0.133709,0.081488
0.050579,0.231598,-0.093467,-0.029144,0.076254,-0.012558,0.022921,0.043657,0.039754,-0.133709,0.081488,0.17365
0.051335,0.231598,-0.029144,0.076254,-0.012558,0.022921,0.043657,0.039754,-0.133709,0.081488,0.17365,-0.095972
0.048791,0.231598,0.076254,-0.012558,0.022921,0.043657,0.039754,-0.133709,0.081488,0.17365,-0.095972,-0.11982
0.050343,0.231598,-0.012558,0.022921,0.043657,0.039754,-0.133709,0.081488,0.17365,-0.095972,-0.11982,-0.068249
0.053646,0.231598,0.022921,0.043657,0.039754,-0.133709,0.081488,0.17365,-0.095972,-0.11982,-0.068249,-0.091462
0.051821,0.231598,0.043657,0.039754,-0.133709,0.081488,0.17365,-0.095972,-0.11982,-0.068249,-0.091462,0.031919
0.049541,0.231598,0.039754,-0.133709,0.081488,0.17365,-0.095972,-0.11982,-0.068249,-0.091462,0.031919,0.066551
0.048241,0.231598,-0.133709,0.081488,0.17365,-0.095972,-0.11982,-0.068249,-0.091462,0.031919,0.066551,0.046583
0.046495,0.231598,0.081488,0.17365,-0.095972,-0.11982,-0.068249,-0.091462,0.031919,0.066551,0.046583,-0.149114
0.047105,0.231598,0.17365,-0.095972,-0.11982,-0.068249,-0.091462,0.031919,0.066551,0.046583,-0.149114,0.075664
0.048377,0.231598,-0.095972,-0.11982,-0.068249,-0.091462,0.031919,0.066551,0.046583,-0.149114,0.075664,0.176254
0.049265,0.229645,-0.11982,-0.068249,-0.091462,0.031919,0.066551,0.046583,-0.149114,0.075664,0.176254,-0.109861
0.046422,0.229645,-0.068249,-0.091462,0.031919,0.066551,0.046583,-0.149114,0.075664,0.176254,-0.109861,-0.039965
0.047866,0.229645,-0.091462,0.031919,0.066551,0.046583,-0.149114,0.075664,0.176254,-0.109861,-0.039965,0.067266
0.051227,0.229645,0.031919,0.066551,0.046583,-0.149114,0.075664,0.176254,-0.109861,-0.039965,0.067266,-0.016182
0.049133,0.229645,0.066551,0.046583,-0.149114,0.075664,0.176254,-0.109861,-0.039965,0.067266,-0.016182,0.021116
0.048371,0.229645,0.046583,-0.149114,0.075664,0.176254,-0.109861,-0.039965,0.067266,-0.016182,0.021116,0.023769
0.049652,0.229645,-0.149114,0.075664,0.176254,-0.109861,-0.039965,0.067266,-0.016182,0.021116,0.023769,0.001603
0.049344,0.229645,0.075664,0.176254,-0.109861,-0.039965,0.067266,-0.016182,0.021116,0.023769,0.001603,-0.145907
0.049747,0.229645,0.176254,-0.109861,-0.039965,0.067266,-0.016182,0.021116,0.023769,0.001603,-0.145907,0.070417
0.0502,0.229645,-0.109861,-0.039965,0.067266,-0.016182,0.021116,0.023769,0.001603,-0.145907,0.070417,0.133114
0.05023,0.229645,-0.039965,0.067266,-0.016182,0.021116,0.023769,0.001603,-0.145907,0.070417,0.133114,-0.10808
0.047451,0.229645,0.067266,-0.016182,0.021116,0.023769,0.001603,-0.145907,0.070417,0.133114,-0.10808,-0.113734
0.048793,0.229645,-0.016182,0.021116,0.023769,0.001603,-0.145907,0.070417,0.133114,-0.10808,-0.113734,-0.053487
0.051331,0.229645,0.021116,0.023769,0.001603,-0.145907,0.070417,0.133114,-0.10808,-0.113734,-0.053487,-0.103246
0.04927,0.229645,0.023769,0.001603,-0.145907,0.070417,0.133114,-0.10808,-0.113734,-0.053487,-0.103246,0.014131
0.047101,0.229645,0.001603,-0.145907,0.070417,0.133114,-0.10808,-0.113734,-0.053487,-0.103246,0.014131,0.049846
0.046079,0.229645,-0.145907,0.070417,0.133114,-0.10808,-0.113734,-0.053487,-0.103246,0.014131,0.049846,0.053137
0.044105,0.229645,0.070417,0.133114,-0.10808,-0.113734,-0.053487,-0.103246,0.014131,0.049846,0.053137,-0.176372
0.044376,0.228729,0.133114,-0.10808,-0.113734,-0.053487,-0.103246,0.014131,0.049846,0.053137,-0.176372,0.048402
0.045331,0.228729,-0.10808,-0.113734,-0.053487,-0.103246,0.014131,0.049846,0.053137,-0.176372,0.048402,-0.053186
0.046347,0.228729,-0.113734,-0.053487,-0.103246,0.014131,0.049846,0.053137,-0.176372,0.048402,-0.053186,-0.100648
0.042973,0.228729,-0.053487,-0.103246,0.014131,0.049846,0.053137,-0.176372,0.048402,-0.053186,-0.100648,-0.018445
0.0439,0.228729,-0.103246,0.014131,0.049846,0.053137,-0.176372,0.048402,-0.053186,-0.100648,-0.018445,0.076261
0.04288,0.228729,0.014131,0.049846,0.053137,-0.176372,0.048402,-0.053186,-0.100648,-0.018445,0.076261,0.000484
0.040946,0.228729,0.049846,0.053137,-0.176372,0.048402,-0.053186,-0.100648,-0.018445,0.076261,0.000484,0.03365
0.040592,0.228729,0.053137,-0.176372,0.048402,-0.053186,-0.100648,-0.018445,0.076261,0.000484,0.03365,0.042432
0.042055,0.228729,-0.176372,0.048402,-0.053186,-0.100648,-0.018445,0.076261,0.000484,0.03365,0.042432,0.01357
0.042065,0.228729,0.048402,-0.053186,-0.100648,-0.018445,0.076261,0.000484,0.03365,0.042432,0.01357,-0.145125
0.042711,0.228729,-0.053186,-0.100648,-0.018445,0.076261,0.000484,0.03365,0.042432,0.01357,-0.145125,0.055306
0.043525,0.228729,-0.100648,-0.018445,0.076261,0.000484,0.03365,0.042432,0.01357,-0.145125,0.055306,-0.043956
0.043785,0.228729,-0.018445,0.076261,0.000484,0.03365,0.042432,0.01357,-0.145125,0.055306,-0.043956,-0.121252
0.041003,0.228729,0.076261,0.000484,0.03365,0.042432,0.01357,-0.145125,0.055306,-0.043956,-0.121252,-0.014973
0.042065,0.228729,0.000484,0.03365,0.042432,0.01357,-0.145125,0.055306,-0.043956,-0.121252,-0.014973,0.072264
0.04122,0.228729,0.03365,0.042432,0.01357,-0.145125,0.055306,-0.043956,-0.121252,-0.014973,0.072264,-0.001164
0.038886,0.228729,0.042432,0.01357,-0.145125,0.055306,-0.043956,-0.121252,-0.014973,0.072264,-0.001164,0.03362
0.038598,0.228729,0.01357,-0.145125,0.055306,-0.043956,-0.121252,-0.014973,0.072264,-0.001164,0.03362,0.050877
0.039987,0.228729,-0.145125,0.055306,-0.043956,-0.121252,-0.014973,0.072264,-0.001164,0.03362,0.050877,0.041688
0.039965,0.228729,0.055306,-0.043956,-0.121252,-0.014973,0.072264,-0.001164,0.03362,0.050877,0.041688,-0.137533
0.040611,0.228729,-0.043956,-0.121252,-0.014973,0.072264,-0.001164,0.03362,0.050877,0.041688,-0.137533,0.094003
0.04159,0.228729,-0.121252,-0.014973,0.072264,-0.001164,0.03362,0.050877,0.041688,-0.137533,0.094003,0.187845
0.04239,0.228729,-0.014973,0.072264,-0.001164,0.03362,0.050877,0.041688,-0.137533,0.094003,0.187845,-0.076377
0.03975,0.228729,0.072264,-0.001164,0.03362,0.050877,0.041688,-0.137533,0.094003,0.187845,-0.076377,-0.045033
0.041556,0.228729,-0.001164,0.03362,0.050877,0.041688,-0.137533,0.094003,0.187845,-0.076377,-0.045033,0.050069
0.045159,0.228729,0.03362,0.050877,0.041688,-0.137533,0.094003,0.187845,-0.076377,-0.045033,0.050069,-0.010271
0.043695,0.228729,0.050877,0.041688,-0.137533,0.094003,0.187845,-0.076377,-0.045033,0.050069,-0.010271,0.042549
0.042832,0.228729,0.041688,-0.137533,0.094003,0.187845,-0.076377,-0.045033,0.050069,-0.010271,0.042549,0.049852
0.043791,0.228729,-0.137533,0.094003,0.187845,-0.076377,-0.045033,0.050069,-0.010271,0.042549,0.049852,0.01913
0.043594,0.228729,0.094003,0.187845,-0.076377,-0.045033,0.050069,-0.010271,0.042549,0.049852,0.01913,-0.128126
0.04441,0.228729,0.187845,-0.076377,-0.045033,0.050069,-0.010271,0.042549,0.049852,0.01913,-0.128126,0.041304
0.045365,0.228729,-0.076377,-0.045033,0.050069,-0.010271,0.042549,0.049852,0.01913,-0.128126,0.041304,-0.035522
0.045731,0.228729,-0.045033,0.050069,-0.010271,0.042549,0.049852,0.01913,-0.128126,0.041304,-0.035522,-0.090189
0.04328,0.228729,0.050069,-0.010271,0.042549,0.049852,0.01913,-0.128126,0.041304,-0.035522,-0.090189,-0.018437
0.044071,0.228729,-0.010271,0.042549,0.049852,0.01913,-0.128126,0.041304,-0.035522,-0.090189,-0.018437,0.090636
0.04339,0.228729,0.042549,0.049852,0.01913,-0.128126,0.041304,-0.035522,-0.090189,-0.018437,0.090636,0.000433
0.041658,0.228729,0.049852,0.01913,-0.128126,0.041304,-0.035522,-0.090189,-0.018437,0.090636,0.000433,0.049624
0.041304,0.230408,0.01913,-0.128126,0.041304,-0.035522,-0.090189,-0.018437,0.090636,0.000433,0.049624,-0.072644
0.043041,0.230408,-0.128126,0.041304,-0.035522,-0.090189,-0.018437,0.090636,0.000433,0.049624,-0.072644,-0.002482
0.04305,0.230408,0.041304,-0.035522,-0.090189,-0.018437,0.090636,0.000433,0.049624,-0.072644,-0.002482,-0.237686
0.044001,0.230408,-0.035522,-0.090189,-0.018437,0.090636,0.000433,0.049624,-0.072644,-0.002482,-0.237686,0.12705
0.042607,0.230408,-0.090189,-0.018437,0.090636,0.000433,0.049624,-0.072644,-0.002482,-0.237686,0.12705,0.210415
0.04256,0.230408,-0.018437,0.090636,0.000433,0.049624,-0.072644,-0.002482,-0.237686,0.12705,0.210415,-0.056778
0.037994,0.230408,0.090636,0.000433,0.049624,-0.072644,-0.002482,-0.237686,0.12705,0.210415,-0.056778,-0.030835
0.040438,0.230408,0.000433,0.049624,-0.072644,-0.002482,-0.237686,0.12705,0.210415,-0.056778,-0.030835,0.05897
0.044478,0.230408,0.049624,-0.072644,-0.002482,-0.237686,0.12705,0.210415,-0.056778,-0.030835,0.05897,-0.02095
0.043389,0.230408,-0.072644,-0.002482,-0.237686,0.12705,0.210415,-0.056778,-0.030835,0.05897,-0.02095,0.040771
0.042798,0.230408,-0.002482,-0.237686,0.12705,0.210415,-0.056778,-0.030835,0.05897,-0.02095,0.040771,0.05696
0.043927,0.230408,-0.237686,0.12705,0.210415,-0.056778,-0.030835,0.05897,-0.02095,0.040771,0.05696,0.035245
0.043526,0.230408,0.12705,0.210415,-0.056778,-0.030835,0.05897,-0.02095,0.040771,0.05696,0.035245,-0.13003
0.044308,0.230408,0.210415,-0.056778,-0.030835,0.05897,-0.02095,0.040771,0.05696,0.035245,-0.13003,0.08591
0.045399,0.230408,-0.056778,-0.030835,0.05897,-0.02095,0.040771,0.05696,0.035245,-0.13003,0.08591,0.083702
0.046073,0.230408,-0.030835,0.05897,-0.02095,0.040771,0.05696,0.035245,-0.13003,0.08591,0.083702,-0.28575
0.043586,0.231079,0.05897,-0.02095,0.040771,0.05696,0.035245,-0.13003,0.08591,0.083702,-0.28575,-0.164284
0.04523,0.231079,-0.02095,0.040771,0.05696,0.035245,-0.13003,0.08591,0.083702,-0.28575,-0.164284,-0.026075
0.046832,0.231079,0.040771,0.05696,0.035245,-0.13003,0.08591,0.083702,-0.28575,-0.164284,-0.026075,0.019941
0.041353,0.231079,0.05696,0.035245,-0.13003,0.08591,0.083702,-0.28575,-0.164284,-0.026075,0.019941,-0.022232
0.038193,0.231079,0.035245,-0.13003,0.08591,0.083702,-0.28575,-0.164284,-0.026075,0.019941,-0.022232,-0.064703
0.037691,0.231079,-0.13003,0.08591,0.083702,-0.28575,-0.164284,-0.026075,0.019941,-0.022232,-0.064703,-0.103524
0.038075,0.231079,0.08591,0.083702,-0.28575,-0.164284,-0.026075,0.019941,-0.022232,-0.064703,-0.103524,-0.198063
0.037646,0.231079,0.083702,-0.28575,-0.164284,-0.026075,0.019941,-0.022232,-0.064703,-0.103524,-0.198063,0.10578
0.036397,0.231079,-0.28575,-0.164284,-0.026075,0.019941,-0.022232,-0.064703,-0.103524,-0.198063,0.10578,0.242843
0.034398,0.231079,-0.164284,-0.026075,0.019941,-0.022232,-0.064703,-0.103524,-0.198063,0.10578,0.242843,-0.017745
0.030565,0.231079,-0.026075,0.019941,-0.022232,-0.064703,-0.103524,-0.198063,0.10578,0.242843,-0.017745,-0.018497
0.032615,0.231079,0.019941,-0.022232,-0.064703,-0.103524,-0.198063,0.10578,0.242843,-0.017745,-0.018497,0.08232
0.037311,0.231079,-0.022232,-0.064703,-0.103524,-0.198063,0.10578,0.242843,-0.017745,-0.018497,0.08232,-0.001069
0.036968,0.231079,-0.064703,-0.103524,-0.198063,0.10578,0.242843,-0.017745,-0.018497,0.08232,-0.001069,-0.010042
0.036611,0.231079,-0.103524,-0.198063,0.10578,0.242843,-0.017745,-0.018497,0.08232,-0.001069,-0.010042,-0.106424
0.038197,0.231079,-0.198063,0.10578,0.242843,-0.017745,-0.018497,0.08232,-0.001069,-0.010042,-0.106424,-0.001134
0.038176,0.231079,0.10578,0.242843,-0.017745,-0.018497,0.08232,-0.001069,-0.010042,-0.106424,-0.001134,-0.09533
0.037983,0.231079,0.242843,-0.017745,-0.018497,0.08232,-0.001069,-0.010042,-0.106424,-0.001134,-0.09533,0.106675
0.035928,0.231079,-0.017745,-0.018497,0.08232,-0.001069,-0.010042,-0.106424,-0.001134,-0.09533,0.106675,0.18537
0.035906,0.231079,-0.018497,0.08232,-0.001069,-0.010042,-0.106424,-0.001134,-0.09533,0.106675,0.18537,-0.078953
0.034066,0.231079,0.08232,-0.001069,-0.010042,-0.106424,-0.001134,-0.09533,0.106675,0.18537,-0.078953,-0.011491
0.036125,0.231079,-0.001069,-0.010042,-0.106424,-0.001134,-0.09533,0.106675,0.18537,-0.078953,-0.011491,0.07915
0.0397,0.231079,-0.010042,-0.106424,-0.001134,-0.09533,0.106675,0.18537,-0.078953,-0.011491,0.07915,-0.009915
0.038179,0.231079,-0.106424,-0.001134,-0.09533,0.106675,0.18537,-0.078953,-0.011491,0.07915,-0.009915,0.047643
0.037957,0.231079,-0.001134,-0.09533,0.106675,0.18537,-0.078953,-0.011491,0.07915,-0.009915,0.047643,0.078993
0.03948,0.231079,-0.09533,0.106675,0.18537,-0.078953,-0.011491,0.07915,-0.009915,0.047643,0.078993,0.061217
0.039289,0.231079,0.106675,0.18537,-0.078953,-0.011491,0.07915,-0.009915,0.047643,0.078993,0.061217,-0.141244
0.040206,0.231079,0.18537,-0.078953,-0.011491,0.07915,-0.009915,0.047643,0.078993,0.061217,-0.141244,0.097632
0.041725,0.231079,-0.078953,-0.011491,0.07915,-0.009915,0.047643,0.078993,0.061217,-0.141244,0.097632,0.182732
0.0429,0.231079,-0.011491,0.07915,-0.009915,0.047643,0.078993,0.061217,-0.141244,0.097632,0.182732,-0.064013
0.04019,0.231079,0.07915,-0.009915,0.047643,0.078993,0.061217,-0.141244,0.097632,0.182732,-0.064013,-0.041515
0.042065,0.231079,-0.009915,0.047643,0.078993,0.061217,-0.141244,0.097632,0.182732,-0.064013,-0.041515,0.062676
0.045568,0.231079,0.047643,0.078993,0.061217,-0.141244,0.097632,0.182732,-0.064013,-0.041515,0.062676,0.011048
0.044342,0.231079,0.078993,0.061217,-0.141244,0.097632,0.182732,-0.064013,-0.041515,0.062676,0.011048,0.026558
0.043547,0.231079,0.061217,-0.141244,0.097632,0.182732,-0.064013,-0.041515,0.062676,0.011048,0.026558,0.066153
0.044746,0.231079,-0.141244,0.097632,0.182732,-0.064013,-0.041515,0.062676,0.011048,0.026558,0.066153,0.031876
0.044957,0.228607,0.097632,0.182732,-0.064013,-0.041515,0.062676,0.011048,0.026558,0.066153,0.031876,-0.114397
0.045466,0.228607,0.182732,-0.064013,-0.041515,0.062676,0.011048,0.026558,0.066153,0.031876,-0.114397,0.091593
0.046732,0.228607,-0.064013,-0.041515,0.062676,0.011048,0.026558,0.066153,0.031876,-0.114397,0.091593,0.170435
0.047341,0.228607,-0.041515,0.062676,0.011048,0.026558,0.066153,0.031876,-0.114397,0.091593,0.170435,-0.080818
0.045156,0.228607,0.062676,0.011048,0.026558,0.066153,0.031876,-0.114397,0.091593,0.170435,-0.080818,-0.032742
0.046906,0.228607,0.011048,0.026558,0.066153,0.031876,-0.114397,0.091593,0.170435,-0.080818,-0.032742,0.065374
0.050159,0.228607,0.026558,0.066153,0.031876,-0.114397,0.091593,0.170435,-0.080818,-0.032742,0.065374,-0.017944
0.048617,0.228607,0.066153,0.031876,-0.114397,0.091593,0.170435,-0.080818,-0.032742,0.065374,-0.017944,0.035543
0.047993,0.228607,0.031876,-0.114397,0.091593,0.170435,-0.080818,-0.032742,0.065374,-0.017944,0.035543,0.058097
0.049239,0.228607,-0.114397,0.091593,0.170435,-0.080818,-0.032742,0.065374,-0.017944,0.035543,0.058097,0.025237
0.048897,0.228607,0.091593,0.170435,-0.080818,-0.032742,0.065374,-0.017944,0.035543,0.058097,0.025237,-0.135451
0.049575,0.228607,0.170435,-0.080818,-0.032742,0.065374,-0.017944,0.035543,0.058097,0.025237,-0.135451,0.076017
0.050682,0.228607,-0.080818,-0.032742,0.065374,-0.017944,0.035543,0.058097,0.025237,-0.135451,0.076017,0.173526
0.051162,0.228607,-0.032742,0.065374,-0.017944,0.035543,0.058097,0.025237,-0.135451,0.076017,0.173526,-0.083204
0.048585,0.228607,0.065374,-0.017944,0.035543,0.058097,0.025237,-0.135451,0.076017,0.173526,-0.083204,-0.038277
0.050033,0.228607,-0.017944,0.035543,0.058097,0.025237,-0.135451,0.076017,0.173526,-0.083204,-0.038277,0.064179
0.053335,0.228607,0.035543,0.058097,0.025237,-0.135451,0.076017,0.173526,-0.083204,-0.038277,0.064179,-0.020081
0.051752,0.226898,0.058097,0.025237,-0.135451,0.076017,0.173526,-0.083204,-0.038277,0.064179,-0.020081,0.033778
0.051024,0.226898,0.025237,-0.135451,0.076017,0.173526,-0.083204,-0.038277,0.064179,-0.020081,0.033778,0.031386
0.052244,0.226898,-0.135451,0.076017,0.173526,-0.083204,-0.038277,0.064179,-0.020081,0.033778,0.031386,0.020086
0.051862,0.226898,0.076017,0.173526,-0.083204,-0.038277,0.064179,-0.020081,0.033778,0.031386,0.020086,-0.143569
0.052505,0.226898,0.173526,-0.083204,-0.038277,0.064179,-0.020081,0.033778,0.031386,0.020086,-0.143569,0.067268
0.053101,0.226898,-0.083204,-0.038277,0.064179,-0.020081,0.033778,0.031386,0.020086,-0.143569,0.067268,0.057433
0.053483,0.226898,-0.038277,0.064179,-0.020081,0.033778,0.031386,0.020086,-0.143569,0.067268,0.057433,-0.186273
0.050756,0.226898,0.064179,-0.020081,0.033778,0.031386,0.020086,-0.143569,0.067268,0.057433,-0.186273,-0.110222
0.052035,0.226898,-0.020081,0.033778,0.031386,0.020086,-0.143569,0.067268,0.057433,-0.186273,-0.110222,0.067072
0.053127,0.226898,0.033778,0.031386,0.020086,-0.143569,0.067268,0.057433,-0.186273,-0.110222,0.067072,-0.070073
0.04958,0.226898,0.031386,0.020086,-0.143569,0.067268,0.057433,-0.186273,-0.110222,0.067072,-0.070073,-0.125327
0.047478,0.226898,0.020086,-0.143569,0.067268,0.057433,-0.186273,-0.110222,0.067072,-0.070073,-0.125327,0.001827
0.048757,0.226898,-0.143569,0.067268,0.057433,-0.186273,-0.110222,0.067072,-0.070073,-0.125327,0.001827,0.028034
0.04742,0.226898,0.067268,0.057433,-0.186273,-0.110222,0.067072,-0.070073,-0.125327,0.001827,0.028034,-0.113862
0.045023,0.226898,0.057433,-0.186273,-0.110222,0.067072,-0.070073,-0.125327,0.001827,0.028034,-0.113862,0.087662
0.045058,0.226898,-0.186273,-0.110222,0.067072,-0.070073,-0.125327,0.001827,0.028034,-0.113862,0.087662,0.189475
0.045594,0.226898,-0.110222,0.067072,-0.070073,-0.125327,0.001827,0.028034,-0.113862,0.087662,0.189475,-0.096676
0.043416,0.226898,0.067072,-0.070073,-0.125327,0.001827,0.028034,-0.113862,0.087662,0.189475,-0.096676,-0.045234
0.045094,0.226898,-0.070073,-0.125327,0.001827,0.028034,-0.113862,0.087662,0.189475,-0.096676,-0.045234,0.057778
0.048716,0.226898,-0.125327,0.001827,0.028034,-0.113862,0.087662,0.189475,-0.096676,-0.045234,0.057778,-0.024896
0.046869,0.226898,0.001827,0.028034,-0.113862,0.087662,0.189475,-0.096676,-0.045234,0.057778,-0.024896,0.022969
0.046004,0.226898,0.028034,-0.113862,0.087662,0.189475,-0.096676,-0.045234,0.057778,-0.024896,0.022969,0.046779
0.047108,0.226898,-0.113862,0.087662,0.189475,-0.096676,-0.045234,0.057778,-0.024896,0.022969,0.046779,0.021251
0.046632,0.226898,0.087662,0.189475,-0.096676,-0.045234,0.057778,-0.024896,0.022969,0.046779,0.021251,-0.15769
0.047071,0.226898,0.189475,-0.096676,-0.045234,0.057778,-0.024896,0.022969,0.046779,0.021251,-0.15769,0.064728
0.047965,0.226898,-0.096676,-0.045234,0.057778,-0.024896,0.022969,0.046779,0.021251,-0.15769,0.064728,0.157686
0.048371,0.226898,-0.045234,0.057778,-0.024896,0.022969,0.046779,0.021251,-0.15769,0.064728,0.157686,-0.105846
0.045361,0.226898,0.057778,-0.024896,0.022969,0.046779,0.021251,-0.15769,0.064728,0.157686,-0.105846,-0.052451
0.046598,0.226898,-0.024896,0.022969,0.046779,0.021251,-0.15769,0.064728,0.157686,-0.105846,-0.052451,0.059683
0.049609,0.226898,0.022969,0.046779,0.021251,-0.15769,0.064728,0.157686,-0.105846,-0.052451,0.059683,-0.026766
0.047588,0.226898,0.046779,0.021251,-0.15769,0.064728,0.157686,-0.105846,-0.052451,0.059683,-0.026766,0.022956
0.046586,0.226898,0.021251,-0.15769,0.064728,0.157686,-0.105846,-0.052451,0.059683,-0.026766,0.022956,0.0361
0.047725,0.226898,-0.15769,0.064728,0.157686,-0.105846,-0.052451,0.059683,-0.026766,0.022956,0.0361,0.024912
0.047215,0.226898,0.064728,0.157686,-0.105846,-0.052451,0.059683,-0.026766,0.022956,0.0361,0.024912,-0.152514
0.047653,0.226898,0.157686,-0.105846,-0.052451,0.059683,-0.026766,0.022956,0.0361,0.024912,-0.152514,0.07378
0.048343,0.226898,-0.105846,-0.052451,0.059683,-0.026766,0.022956,0.0361,0.024912,-0.152514,0.07378,0.152533
0.048818,0.226898,-0.052451,0.059683,-0.026766,0.022956,0.0361,0.024912,-0.152514,0.07378,0.152533,-0.098814
0.045908,0.226105,0.059683,-0.026766,0.022956,0.0361,0.024912,-0.152514,0.07378,0.152533,-0.098814,-0.048917
0.047317,0.226105,-0.026766,0.022956,0.0361,0.024912,-0.152514,0.07378,0.152533,-0.098814,-0.048917,0.058031
0.050228,0.226105,0.022956,0.0361,0.024912,-0.152514,0.07378,0.152533,-0.098814,-0.048917,0.058031,-0.017867
0.048343,0.226105,0.0361,0.024912,-0.152514,0.07378,0.152533,-0.098814,-0.048917,0.058031,-0.017867,0.019345
0.047409,0.226105,0.024912,-0.152514,0.07378,0.152533,-0.098814,-0.048917,0.058031,-0.017867,0.019345,0.034437
0.048516,0.226105,-0.152514,0.07378,0.152533,-0.098814,-0.048917,0.058031,-0.017867,0.019345,0.034437,0.034075
0.048175,0.226105,0.07378,0.152533,-0.098814,-0.048917,0.058031,-0.017867,0.019345,0.034437,0.034075,-0.167314
0.048544,0.226105,0.152533,-0.098814,-0.048917,0.058031,-0.017867,0.019345,0.034437,0.034075,-0.167314,0.090111
0.049202,0.226105,-0.098814,-0.048917,0.058031,-0.017867,0.019345,0.034437,0.034075,-0.167314,0.090111,0.136609
0.049851,0.226105,-0.048917,0.058031,-0.017867,0.019345,0.034437,0.034075,-0.167314,0.090111,0.136609,-0.183453
0.046662,0.226105,0.058031,-0.017867,0.019345,0.034437,0.034075,-0.167314,0.090111,0.136609,-0.183453,-0.088254
0.048381,0.226105,-0.017867,0.019345,0.034437,0.034075,-0.167314,0.090111,0.136609,-0.183453,-0.088254,-0.02114
0.050986,0.226105,0.019345,0.034437,0.034075,-0.167314,0.090111,0.136609,-0.183453,-0.088254,-0.02114,-0.040731
0.047485,0.226105,0.034437,0.034075,-0.167314,0.090111,0.136609,-0.183453,-0.088254,-0.02114,-0.040731,-0.00367
0.045799,0.226105,0.034075,-0.167314,0.090111,0.136609,-0.183453,-0.088254,-0.02114,-0.040731,-0.00367,0.196667
0.045395,0.226105,-0.167314,0.090111,0.136609,-0.183453,-0.088254,-0.02114,-0.040731,-0.00367,0.196667,-0.036331
0.044616,0.225067,0.090111,0.136609,-0.183453,-0.088254,-0.02114,-0.040731,-0.00367,0.196667,-0.036331,-0.139509
0.044546,0.225067,0.136609,-0.183453,-0.088254,-0.02114,-0.040731,-0.00367,0.196667,-0.036331,-0.139509,0.07721
0.048308,0.225067,-0.183453,-0.088254,-0.02114,-0.040731,-0.00367,0.196667,-0.036331,-0.139509,0.07721,0.188282
0.047615,0.225067,-0.088254,-0.02114,-0.040731,-0.00367,0.196667,-0.036331,-0.139509,0.07721,0.188282,-0.089782
0.044951,0.225067,-0.02114,-0.040731,-0.00367,0.196667,-0.036331,-0.139509,0.07721,0.188282,-0.089782,-0.041728
0.046427,0.225067,-0.040731,-0.00367,0.196667,-0.036331,-0.139509,0.07721,0.188282,-0.089782,-0.041728,0.070697
0.050022,0.225067,-0.00367,0.196667,-0.036331,-0.139509,0.07721,0.188282,-0.089782,-0.041728,0.070697,-0.028716
0.048308,0.225067,0.196667,-0.036331,-0.139509,0.07721,0.188282,-0.089782,-0.041728,0.070697,-0.028716,0.00856
0.047512,0.225067,-0.036331,-0.139509,0.07721,0.188282,-0.089782,-0.041728,0.070697,-0.028716,0.00856,-0.076939
0.04886,0.225067,-0.139509,0.07721,0.188282,-0.089782,-0.041728,0.070697,-0.028716,0.00856,-0.076939,-0.005803
0.048312,0.225067,0.07721,0.188282,-0.089782,-0.041728,0.070697,-0.028716,0.00856,-0.076939,-0.005803,-0.247667
0.048476,0.225067,0.188282,-0.089782,-0.041728,0.070697,-0.028716,0.00856,-0.076939,-0.005803,-0.247667,0.112326
0.047006,0.225067,-0.089782,-0.041728,0.070697,-0.028716,0.00856,-0.076939,-0.005803,-0.247667,0.112326,0.1658
0.046895,0.225067,-0.041728,0.070697,-0.028716,0.00856,-0.076939,-0.005803,-0.247667,0.112326,0.1658,-0.160493
0.042157,0.225067,0.070697,-0.028716,0.00856,-0.076939,-0.005803,-0.247667,0.112326,0.1658,-0.160493,-0.10186
0.044309,0.225067,-0.028716,0.00856,-0.076939,-0.005803,-0.247667,0.112326,0.1658,-0.160493,-0.10186,-0.013912
0.047482,0.225067,0.00856,-0.076939,-0.005803,-0.247667,0.112326,0.1658,-0.160493,-0.10186,-0.013912,-0.010141
0.04441,0.225067,-0.076939,-0.005803,-0.247667,0.112326,0.1658,-0.160493,-0.10186,-0.013912,-0.010141,0.079654
0.042458,0.225067,-0.005803,-0.247667,0.112326,0.1658,-0.160493,-0.10186,-0.013912,-0.010141,0.079654,0.063907
0.042191,0.225067,-0.247667,0.112326,0.1658,-0.160493,-0.10186,-0.013912,-0.010141,0.079654,0.063907,-0.04866
0.041997,0.225067,0.112326,0.1658,-0.160493,-0.10186,-0.013912,-0.010141,0.079654,0.063907,-0.04866,-0.194528
0.043525,0.225067,0.1658,-0.160493,-0.10186,-0.013912,-0.010141,0.079654,0.063907,-0.04866,-0.194528,0.011143
0.044751,0.225067,-0.160493,-0.10186,-0.013912,-0.010141,0.079654,0.063907,-0.04866,-0.194528,0.011143,0.153604
0.043819,0.225067,-0.10186,-0.013912,-0.010141,0.079654,0.063907,-0.04866,-0.194528,0.011143,0.153604,-0.028359
0.040089,0.225067,-0.013912,-0.010141,0.079654,0.063907,-0.04866,-0.194528,0.011143,0.153604,-0.028359,-0.006021
0.040303,0.225067,-0.010141,0.079654,0.063907,-0.04866,-0.194528,0.011143,0.153604,-0.028359,-0.006021,0.082084
0.043254,0.225067,0.079654,0.063907,-0.04866,-0.194528,0.011143,0.153604,-0.028359,-0.006021,0.082084,-0.024533
0.042709,0.225067,0.063907,-0.04866,-0.194528,0.011143,0.153604,-0.028359,-0.006021,0.082084,-0.024533,0.040782
0.042594,0.225067,-0.04866,-0.194528,0.011143,0.153604,-0.028359,-0.006021,0.082084,-0.024533,0.040782,0.044518
0.044166,0.225067,-0.194528,0.011143,0.153604,-0.028359,-0.006021,0.082084,-0.024533,0.040782,0.044518,0.031646
0.043696,0.225067,0.011143,0.153604,-0.028359,-0.006021,0.082084,-0.024533,0.040782,0.044518,0.031646,-0.112182
0.044478,0.225067,0.153604,-0.028359,-0.006021,0.082084,-0.024533,0.040782,0.044518,0.031646,-0.112182,0.084164
0.045331,0.225067,-0.028359,-0.006021,0.082084,-0.024533,0.040782,0.044518,0.031646,-0.112182,0.084164,0.180612
0.045936,0.225067,-0.006021,0.082084,-0.024533,0.040782,0.044518,0.031646,-0.112182,0.084164,0.180612,-0.100284
0.043791,0.225067,0.082084,-0.024533,0.040782,0.044518,0.031646,-0.112182,0.084164,0.180612,-0.100284,-0.039864
0.045401,0.225067,-0.024533,0.040782,0.044518,0.031646,-0.112182,0.084164,0.180612,-0.100284,-0.039864,0.075803
0.048853,0.225067,0.040782,0.044518,0.031646,-0.112182,0.084164,0.180612,-0.100284,-0.039864,0.075803,-0.015984
0.046937,0.224548,0.044518,0.031646,-0.112182,0.084164,0.180612,-0.100284,-0.039864,0.075803,-0.015984,0.033721
0.046176,0.224548,0.031646,-0.112182,0.084164,0.180612,-0.100284,-0.039864,0.075803,-0.015984,0.033721,0.050541
0.047622,0.224548,-0.112182,0.084164,0.180612,-0.100284,-0.039864,0.075803,-0.015984,0.033721,0.050541,0.03765
0.047317,0.224548,0.084164,0.180612,-0.100284,-0.039864,0.075803,-0.015984,0.033721,0.050541,0.03765,-0.11511
0.047962,0.224548,0.180612,-0.100284,-0.039864,0.075803,-0.015984,0.033721,0.050541,0.03765,-0.11511,0.08305
0.048927,0.224548,-0.100284,-0.039864,0.075803,-0.015984,0.033721,0.050541,0.03765,-0.11511,0.08305,0.167666
0.049644,0.224548,-0.039864,0.075803,-0.015984,0.033721,0.050541,0.03765,-0.11511,0.08305,0.167666,-0.083002
0.047451,0.224548,0.075803,-0.015984,0.033721,0.050541,0.03765,-0.11511,0.08305,0.167666,-0.083002,-0.040036
0.049034,0.224548,-0.015984,0.033721,0.050541,0.03765,-0.11511,0.08305,0.167666,-0.083002,-0.040036,0.07668
0.052228,0.224548,0.033721,0.050541,0.03765,-0.11511,0.08305,0.167666,-0.083002,-0.040036,0.07668,-0.019982
0.050648,0.224548,0.050541,0.03765,-0.11511,0.08305,0.167666,-0.083002,-0.040036,0.07668,-0.019982,0.031953
0.049885,0.224548,0.03765,-0.11511,0.08305,0.167666,-0.083002,-0.040036,0.07668,-0.019982,0.031953,0.060351
0.051344,0.224548,-0.11511,0.08305,0.167666,-0.083002,-0.040036,0.07668,-0.019982,0.031953,0.060351,0.034661
0.050964,0.224548,0.08305,0.167666,-0.083002,-0.040036,0.07668,-0.019982,0.031953,0.060351,0.034661,-0.138082
0.051572,0.224548,0.167666,-0.083002,-0.040036,0.07668,-0.019982,0.031953,0.060351,0.034661,-0.138082,0.07455
0.05272,0.224548,-0.083002,-0.040036,0.07668,-0.019982,0.031953,0.060351,0.034661,-0.138082,0.07455,0.189078
0.053379,0.225586,-0.040036,0.07668,-0.019982,0.031953,0.060351,0.034661,-0.138082,0.07455,0.189078,-0.120173
0.050756,0.225586,0.07668,-0.019982,0.031953,0.060351,0.034661,-0.138082,0.07455,0.189078,-0.120173,-0.038344
0.052173,0.225586,-0.019982,0.031953,0.060351,0.034661,-0.138082,0.07455,0.189078,-0.120173,-0.038344,0.070024
0.055764,0.225586,0.031953,0.060351,0.034661,-0.138082,0.07455,0.189078,-0.120173,-0.038344,0.070024,-0.012964
0.053483,0.225586,0.060351,0.034661,-0.138082,0.07455,0.189078,-0.120173,-0.038344,0.070024,-0.012964,-0.026424
0.052754,0.225586,0.034661,-0.138082,0.07455,0.189078,-0.120173,-0.038344,0.070024,-0.012964,-0.026424,-0.128525
0.054083,0.225586,-0.138082,0.07455,0.189078,-0.120173,-0.038344,0.070024,-0.012964,-0.026424,-0.128525,-0.126776
0.053837,0.225586,0.07455,0.189078,-0.120173,-0.038344,0.070024,-0.012964,-0.026424,-0.128525,-0.126776,-0.204196
0.053335,0.225586,0.189078,-0.120173,-0.038344,0.070024,-0.012964,-0.026424,-0.128525,-0.126776,-0.204196,-0.162876
0.050889,0.225586,-0.120173,-0.038344,0.070024,-0.012964,-0.026424,-0.128525,-0.126776,-0.204196,-0.162876,0.130944
0.048474,0.225586,-0.038344,0.070024,-0.012964,-0.026424,-0.128525,-0.126776,-0.204196,-0.162876,0.130944,-0.008877
0.044575,0.225586,0.070024,-0.012964,-0.026424,-0.128525,-0.126776,-0.204196,-0.162876,0.130944,-0.008877,0.001143
0.041454,0.225586,-0.012964,-0.026424,-0.128525,-0.126776,-0.204196,-0.162876,0.130944,-0.008877,0.001143,0.1003
0.043967,0.225586,-0.026424,-0.128525,-0.126776,-0.204196,-0.162876,0.130944,-0.008877,0.001143,0.1003,-0.008651
0.043797,0.225586,-0.128525,-0.126776,-0.204196,-0.162876,0.130944,-0.008877,0.001143,0.1003,-0.008651,-0.037579
0.043819,0.225586,-0.126776,-0.204196,-0.162876,0.130944,-0.008877,0.001143,0.1003,-0.008651,-0.037579,0.195058
0.045737,0.225586,-0.204196,-0.162876,0.130944,-0.008877,0.001143,0.1003,-0.008651,-0.037579,0.195058,-0.136838
0.045572,0.225586,-0.162876,0.130944,-0.008877,0.001143,0.1003,-0.008651,-0.037579,0.195058,-0.136838,-0.18506
0.044852,0.225586,0.130944,-0.008877,0.001143,0.1003,-0.008651,-0.037579,0.195058,-0.136838,-0.18506,0.004011
0.048583,0.225586,-0.008877,0.001143,0.1003,-0.008651,-0.037579,0.195058,-0.136838,-0.18506,0.004011,0.154397
0.04597,0.225586,0.001143,0.1003,-0.008651,-0.037579,0.195058,-0.136838,-0.18506,0.004011,0.154397,-0.042664
0.042429,0.225586,0.1003,-0.008651,-0.037579,0.195058,-0.136838,-0.18506,0.004011,0.154397,-0.042664,-0.020177
0.042506,0.225586,-0.008651,-0.037579,0.195058,-0.136838,-0.18506,0.004011,0.154397,-0.042664,-0.020177,0.053876
0.045466,0.225586,-0.037579,0.195058,-0.136838,-0.18506,0.004011,0.154397,-0.042664,-0.020177,0.053876,-0.0318
0.044649,0.225586,0.195058,-0.136838,-0.18506,0.004011,0.154397,-0.042664,-0.020177,0.053876,-0.0318,0.044375
0.044262,0.225586,-0.136838,-0.18506,0.004011,0.154397,-0.042664,-0.020177,0.053876,-0.0318,0.044375,-0.081765
0.045293,0.225586,-0.18506,0.004011,0.154397,-0.042664,-0.020177,0.053876,-0.0318,0.044375,-0.081765,0.010057
0.044684,0.225586,0.004011,0.154397,-0.042664,-0.020177,0.053876,-0.0318,0.044375,-0.081765,0.010057,-0.238746
0.045534,0.225586,0.154397,-0.042664,-0.020177,0.053876,-0.0318,0.044375,-0.081765,0.010057,-0.238746,0.120469
0.043967,0.225586,-0.042664,-0.020177,0.053876,-0.0318,0.044375,-0.081765,0.010057,-0.238746,0.120469,0.200478
0.04416,0.225586,-0.020177,0.053876,-0.0318,0.044375,-0.081765,0.010057,-0.238746,0.120469,0.200478,-0.07647
0.039581,0.225586,0.053876,-0.0318,0.044375,-0.081765,0.010057,-0.238746,0.120469,0.200478,-0.07647,-0.048625
0.041895,0.225586,-0.0318,0.044375,-0.081765,0.010057,-0.238746,0.120469,0.200478,-0.07647,-0.048625,0.071564
0.045739,0.225586,0.044375,-0.081765,0.010057,-0.238746,0.120469,0.200478,-0.07647,-0.048625,0.071564,-0.00322
0.044274,0.225586,-0.081765,0.010057,-0.238746,0.120469,0.200478,-0.07647,-0.048625,0.071564,-0.00322,0.040806
0.043342,0.225586,0.010057,-0.238746,0.120469,0.200478,-0.07647,-0.048625,0.071564,-0.00322,0.040806,0.060782
0.044712,0.225586,-0.238746,0.120469,0.200478,-0.07647,-0.048625,0.071564,-0.00322,0.040806,0.060782,0.031851
0.04465,0.227295,0.120469,0.200478,-0.07647,-0.048625,0.071564,-0.00322,0.040806,0.060782,0.031851,-0.105418
0.045432,0.227295,0.200478,-0.07647,-0.048625,0.071564,-0.00322,0.040806,0.060782,0.031851,-0.105418,0.037849
0.046595,0.227295,-0.07647,-0.048625,0.071564,-0.00322,0.040806,0.060782,0.031851,-0.105418,0.037849,-0.053658
0.047203,0.227295,-0.048625,0.071564,-0.00322,0.040806,0.060782,0.031851,-0.105418,0.037849,-0.053658,-0.109973
0.04519,0.227295,0.071564,-0.00322,0.040806,0.060782,0.031851,-0.105418,0.037849,-0.053658,-0.109973,0.004622
0.045914,0.227295,-0.00322,0.040806,0.060782,0.031851,-0.105418,0.037849,-0.053658,-0.109973,0.004622,0.100005
0.044886,0.227295,0.040806,0.060782,0.031851,-0.105418,0.037849,-0.053658,-0.109973,0.004622,0.100005,-0.001442
0.042777,0.227295,0.060782,0.031851,-0.105418,0.037849,-0.053658,-0.109973,0.004622,0.100005,-0.001442,-0.088803
0.042866,0.227295,0.031851,-0.105418,0.037849,-0.053658,-0.109973,0.004622,0.100005,-0.001442,-0.088803,0.047814
0.04478,0.227295,-0.105418,0.037849,-0.053658,-0.109973,0.004622,0.100005,-0.001442,-0.088803,0.047814,-0.066338
0.044753,0.227295,0.037849,-0.053658,-0.109973,0.004622,0.100005,-0.001442,-0.088803,0.047814,-0.066338,-0.134121
0.04305,0.227295,-0.053658,-0.109973,0.004622,0.100005,-0.001442,-0.088803,0.047814,-0.066338,-0.134121,0.115315
0.043967,0.227295,-0.109973,0.004622,0.100005,-0.001442,-0.088803,0.047814,-0.066338,-0.134121,0.115315,0.13832
0.042696,0.227295,0.004622,0.100005,-0.001442,-0.088803,0.047814,-0.066338,-0.134121,0.115315,0.13832,-0.168301
0.040122,0.227295,0.100005,-0.001442,-0.088803,0.047814,-0.066338,-0.134121,0.115315,0.13832,-0.168301,-0.092469
0.042336,0.227295,-0.001442,-0.088803,0.047814,-0.066338,-0.134121,0.115315,0.13832,-0.168301,-0.092469,0.076114
0.044989,0.227295,-0.088803,0.047814,-0.066338,-0.134121,0.115315,0.13832,-0.168301,-0.092469,0.076114,0.012883
0.041759,0.22821,0.047814,-0.066338,-0.134121,0.115315,0.13832,-0.168301,-0.092469,0.076114,0.012883,0.031879
0.039983,0.22821,-0.066338,-0.134121,0.115315,0.13832,-0.168301,-0.092469,0.076114,0.012883,0.031879,-0.119822
0.041444,0.22821,-0.134121,0.115315,0.13832,-0.168301,-0.092469,0.076114,0.012883,0.031879,-0.119822,-0.000876
0.041691,0.22821,0.115315,0.13832,-0.168301,-0.092469,0.076114,0.012883,0.031879,-0.119822,-0.000876,-0.106888
0.042304,0.22821,0.13832,-0.168301,-0.092469,0.076114,0.012883,0.031879,-0.119822,-0.000876,-0.106888,0.091849
0.04,0.22821,-0.168301,-0.092469,0.076114,0.012883,0.031879,-0.119822,-0.000876,-0.106888,0.091849,0.014312
0.039983,0.22821,-0.092469,0.076114,0.012883,0.031879,-0.119822,-0.000876,-0.106888,0.091849,0.014312,-0.091222
0.037927,0.22821,0.076114,0.012883,0.031879,-0.119822,-0.000876,-0.106888,0.091849,0.014312,-0.091222,-0.056907
0.039694,0.22821,0.012883,0.031879,-0.119822,-0.000876,-0.106888,0.091849,0.014312,-0.091222,-0.056907,-0.026014
0.03997,0.22821,0.031879,-0.119822,-0.000876,-0.106888,0.091849,0.014312,-0.091222,-0.056907,-0.026014,-0.047937
0.038212,0.22821,-0.119822,-0.000876,-0.106888,0.091849,0.014312,-0.091222,-0.056907,-0.026014,-0.047937,0.056128
0.037116,0.22821,-0.000876,-0.106888,0.091849,0.014312,-0.091222,-0.056907,-0.026014,-0.047937,0.056128,0.111253
0.036614,0.22821,-0.106888,0.091849,0.014312,-0.091222,-0.056907,-0.026014,-0.047937,0.056128,0.111253,0.081665
0.03569,0.22821,0.091849,0.014312,-0.091222,-0.056907,-0.026014,-0.047937,0.056128,0.111253,0.081665,-0.105283
0.036774,0.22821,0.014312,-0.091222,-0.056907,-0.026014,-0.047937,0.056128,0.111253,0.081665,-0.105283,0.097242
0.03892,0.22821,-0.091222,-0.056907,-0.026014,-0.047937,0.056128,0.111253,0.081665,-0.105283,0.097242,0.205032
0.04049,0.22821,-0.056907,-0.026014,-0.047937,0.056128,0.111253,0.081665,-0.105283,0.097242,0.205032,-0.04435
0.038467,0.22821,-0.026014,-0.047937,0.056128,0.111253,0.081665,-0.105283,0.097242,0.205032,-0.04435,-0.046791
0.040337,0.22821,-0.047937,0.056128,0.111253,0.081665,-0.105283,0.097242,0.205032,-0.04435,-0.046791,0.085634
0.044274,0.22821,0.056128,0.111253,0.081665,-0.105283,0.097242,0.205032,-0.04435,-0.046791,0.085634,0.000374
0.043423,0.22821,0.111253,0.081665,-0.105283,0.097242,0.205032,-0.04435,-0.046791,0.085634,0.000374,0.053252
0.042526,0.22821,0.081665,-0.105283,0.097242,0.205032,-0.04435,-0.046791,0.085634,0.000374,0.053252,0.060721
0.044166,0.22821,-0.105283,0.097242,0.205032,-0.04435,-0.046791,0.085634,0.000374,0.053252,0.060721,0.019255
0.044173,0.22821,0.097242,0.205032,-0.04435,-0.046791,0.085634,0.000374,0.053252,0.060721,0.019255,-0.174775
0.045193,0.22821,0.205032,-0.04435,-0.046791,0.085634,0.000374,0.053252,0.060721,0.019255,-0.174775,-0.084638
0.046356,0.22821,-0.04435,-0.046791,0.085634,0.000374,0.053252,0.060721,0.019255,-0.174775,-0.084638,0.161241
0.046723,0.22821,-0.046791,0.085634,0.000374,0.053252,0.060721,0.019255,-0.174775,-0.084638,0.161241,-0.051495
0.043382,0.22821,0.085634,0.000374,0.053252,0.060721,0.019255,-0.174775,-0.084638,0.161241,-0.051495,-0.011299
0.041759,0.22821,0.000374,0.053252,0.060721,0.019255,-0.174775,-0.084638,0.161241,-0.051495,-0.011299,0.096669
0.044852,0.22821,0.053252,0.060721,0.019255,-0.174775,-0.084638,0.161241,-0.051495,-0.011299,0.096669,0.021756
0.043865,0.22821,0.060721,0.019255,-0.174775,-0.084638,0.161241,-0.051495,-0.011299,0.096669,0.021756,0.053374
0.043649,0.22821,0.019255,-0.174775,-0.084638,0.161241,-0.051495,-0.011299,0.096669,0.021756,0.053374,0.052136
0.045498,0.22821,-0.174775,-0.084638,0.161241,-0.051495,-0.011299,0.096669,0.021756,0.053374,0.052136,0.041083
0.045914,0.22821,-0.084638,0.161241,-0.051495,-0.011299,0.096669,0.021756,0.053374,0.052136,0.041083,-0.100463
0.046934,0.22821,0.161241,-0.051495,-0.011299,0.096669,0.021756,0.053374,0.052136,0.041083,-0.100463,0.068521
0.047931,0.22821,-0.051495,-0.011299,0.096669,0.021756,0.053374,0.052136,0.041083,-0.100463,0.068521,-0.032691
0.048715,0.22937,-0.011299,0.096669,0.021756,0.053374,0.052136,0.041083,-0.100463,0.068521,-0.032691,-0.09283
0.046799,0.22937,0.096669,0.021756,0.053374,0.052136,0.041083,-0.100463,0.068521,-0.032691,-0.09283,0.008439
0.048106,0.22937,0.021756,0.053374,0.052136,0.041083,-0.100463,0.068521,-0.032691,-0.09283,0.008439,0.10453
0.047482,0.22937,0.053374,0.052136,0.041083,-0.100463,0.068521,-0.032691,-0.09283,0.008439,0.10453,-0.01421
0.045706,0.22937,0.052136,0.041083,-0.100463,0.068521,-0.032691,-0.09283,0.008439,0.10453,-0.01421,-0.021861
0.045868,0.22937,0.041083,-0.100463,0.068521,-0.032691,-0.09283,0.008439,0.10453,-0.01421,-0.021861,0.084556
0.047863,0.22937,-0.100463,0.068521,-0.032691,-0.09283,0.008439,0.10453,-0.01421,-0.021861,0.084556,-0.068733
0.047592,0.22937,0.068521,-0.032691,-0.09283,0.008439,0.10453,-0.01421,-0.021861,0.084556,-0.068733,-0.223197
0.047174,0.22937,-0.032691,-0.09283,0.008439,0.10453,-0.01421,-0.021861,0.084556,-0.068733,-0.223197,0.087619
0.048789,0.22937,-0.09283,0.008439,0.10453,-0.01421,-0.021861,0.084556,-0.068733,-0.223197,0.087619,0.246977
0.047478,0.22937,0.008439,0.10453,-0.01421,-0.021861,0.084556,-0.068733,-0.223197,0.087619,0.246977,-0.030357
0.043212,0.22937,0.10453,-0.01421,-0.021861,0.084556,-0.068733,-0.223197,0.087619,0.246977,-0.030357,-0.068762
0.044889,0.22937,-0.01421,-0.021861,0.084556,-0.068733,-0.223197,0.087619,0.246977,-0.030357,-0.068762,0.072544
0.049609,0.22937,-0.021861,0.084556,-0.068733,-0.223197,0.087619,0.246977,-0.030357,-0.068762,0.072544,0.014568
0.04903,0.22937,0.084556,-0.068733,-0.223197,0.087619,0.246977,-0.030357,-0.068762,0.072544,0.014568,0.037357
0.047718,0.22937,-0.068733,-0.223197,0.087619,0.246977,-0.030357,-0.068762,0.072544,0.014568,0.037357,0.069087
0.049101,0.22937,-0.223197,0.087619,0.246977,-0.030357,-0.068762,0.072544,0.014568,0.037357,0.069087,0.028979
0.049378,0.230957,0.087619,0.246977,-0.030357,-0.068762,0.072544,0.014568,0.037357,0.069087,0.028979,-0.10496
0.05009,0.230957,0.246977,-0.030357,-0.068762,0.072544,0.014568,0.037357,0.069087,0.028979,-0.10496,0.085334
0.051407,0.230957,-0.030357,-0.068762,0.072544,0.014568,0.037357,0.069087,0.028979,-0.10496,0.085334,0.161357
0.051958,0.230957,-0.068762,0.072544,0.014568,0.037357,0.069087,0.028979,-0.10496,0.085334,0.161357,-0.10894
0.049962,0.230957,0.072544,0.014568,0.037357,0.069087,0.028979,-0.10496,0.085334,0.161357,-0.10894,-0.031025
0.051586,0.230957,0.014568,0.037357,0.069087,0.028979,-0.10496,0.085334,0.161357,-0.10894,-0.031025,0.086334
0.054652,0.230957,0.037357,0.069087,0.028979,-0.10496,0.085334,0.161357,-0.10894,-0.031025,0.086334,-0.082245
0.052582,0.230957,0.069087,0.028979,-0.10496,0.085334,0.161357,-0.10894,-0.031025,0.086334,-0.082245,-0.150817
0.051992,0.230957,0.028979,-0.10496,0.085334,0.161357,-0.10894,-0.031025,0.086334,-0.082245,-0.150817,0.027311
0.053631,0.230957,-0.10496,0.085334,0.161357,-0.10894,-0.031025,0.086334,-0.082245,-0.150817,0.027311,0.068627
0.05207,0.230957,0.085334,0.161357,-0.10894,-0.031025,0.086334,-0.082245,-0.150817,0.027311,0.068627,-0.13179
0.049197,0.230957,0.161357,-0.10894,-0.031025,0.086334,-0.082245,-0.150817,0.027311,0.068627,-0.13179,0.08325
0.049718,0.230957,-0.10894,-0.031025,0.086334,-0.082245,-0.150817,0.027311,0.068627,-0.13179,0.08325,0.088095
0.051024,0.230957,-0.031025,0.086334,-0.082245,-0.150817,0.027311,0.068627,-0.13179,0.08325,0.088095,-0.287772
0.048516,0.230957,0.086334,-0.082245,-0.150817,0.027311,0.068627,-0.13179,0.08325,0.088095,-0.287772,-0.155643
0.050101,0.230957,-0.082245,-0.150817,0.027311,0.068627,-0.13179,0.08325,0.088095,-0.287772,-0.155643,-0.024585
0.051779,0.230957,-0.150817,0.027311,0.068627,-0.13179,0.08325,0.088095,-0.287772,-0.155643,-0.024585,0.023511
0.046287,0.230957,0.027311,0.068627,-0.13179,0.08325,0.088095,-0.287772,-0.155643,-0.024585,0.023511,0.046086
0.043308,0.230957,0.068627,-0.13179,0.08325,0.088095,-0.287772,-0.155643,-0.024585,0.023511,0.046086,0.216195
