0.60047,0.248291,-0.100609,-0.013254,0.317577,-0.165139,-0.180474,-0.004092,0.307525,0.074,-0.068456,0.051449
0.604311,0.248291,-0.013254,0.317577,-0.165139,-0.180474,-0.004092,0.307525,0.074,-0.068456,0.051449,-0.120695
0.605234,0.248291,0.317577,-0.165139,-0.180474,-0.004092,0.307525,0.074,-0.068456,0.051449,-0.120695,-0.16759
0.604381,0.248291,-0.165139,-0.180474,-0.004092,0.307525,0.074,-0.068456,0.051449,-0.120695,-0.16759,0.343794
0.605021,0.248291,-0.180474,-0.004092,0.307525,0.074,-0.068456,0.051449,-0.120695,-0.16759,0.343794,-0.255521
0.603518,0.248291,-0.004092,0.307525,0.074,-0.068456,0.051449,-0.120695,-0.16759,0.343794,-0.255521,-0.013249
0.601425,0.248291,0.307525,0.074,-0.068456,0.051449,-0.120695,-0.16759,0.343794,-0.255521,-0.013249,-0.062107
0.605717,0.248291,0.074,-0.068456,0.051449,-0.120695,-0.16759,0.343794,-0.255521,-0.013249,-0.062107,0.340293
0.602531,0.248291,-0.068456,0.051449,-0.120695,-0.16759,0.343794,-0.255521,-0.013249,-0.062107,0.340293,-0.080722
0.602366,0.248291,0.051449,-0.120695,-0.16759,0.343794,-0.255521,-0.013249,-0.062107,0.340293,-0.080722,0.067312
0.601591,0.248291,-0.120695,-0.16759,0.343794,-0.255521,-0.013249,-0.062107,0.340293,-0.080722,0.067312,-0.013236
0.605838,0.248291,-0.16759,0.343794,-0.255521,-0.013249,-0.062107,0.340293,-0.080722,0.067312,-0.013236,-0.049801
0.604831,0.248291,0.343794,-0.255521,-0.013249,-0.062107,0.340293,-0.080722,0.067312,-0.013236,-0.049801,-0.02674
0.60567,0.248291,-0.255521,-0.013249,-0.062107,0.340293,-0.080722,0.067312,-0.013236,-0.049801,-0.02674,0.45667
0.605505,0.248291,-0.013249,-0.062107,0.340293,-0.080722,0.067312,-0.013236,-0.049801,-0.02674,0.45667,-0.315597
0.604885,0.248291,-0.062107,0.340293,-0.080722,0.067312,-0.013236,-0.049801,-0.02674,0.45667,-0.315597,-0.058632
0.604552,0.248291,0.340293,-0.080722,0.067312,-0.013236,-0.049801,-0.02674,0.45667,-0.315597,-0.058632,0.001922
0.610239,0.248291,-0.080722,0.067312,-0.013236,-0.049801,-0.02674,0.45667,-0.315597,-0.058632,0.001922,0.089396
0.606315,0.248291,0.067312,-0.013236,-0.049801,-0.02674,0.45667,-0.315597,-0.058632,0.001922,0.089396,-0.029074
0.605586,0.248291,-0.013236,-0.049801,-0.02674,0.45667,-0.315597,-0.058632,0.001922,0.089396,-0.029074,-0.171904
0.60561,0.248291,-0.049801,-0.02674,0.45667,-0.315597,-0.058632,0.001922,0.089396,-0.029074,-0.171904,0.142123
0.606724,0.248291,-0.02674,0.45667,-0.315597,-0.058632,0.001922,0.089396,-0.029074,-0.171904,0.142123,-0.056352
0.606361,0.248291,0.45667,-0.315597,-0.058632,0.001922,0.089396,-0.029074,-0.171904,0.142123,-0.056352,-0.078331
0.60422,0.248291,-0.315597,-0.058632,0.001922,0.089396,-0.029074,-0.171904,0.142123,-0.056352,-0.078331,0.261553
0.605989,0.248291,-0.058632,0.001922,0.089396,-0.029074,-0.171904,0.142123,-0.056352,-0.078331,0.261553,-0.262684
0.605288,0.248291,0.001922,0.089396,-0.029074,-0.171904,0.142123,-0.056352,-0.078331,0.261553,-0.262684,0.032021
0.604311,0.248291,0.089396,-0.029074,-0.171904,0.142123,-0.056352,-0.078331,0.261553,-0.262684,0.032021,-0.114156
0.607571,0.248291,-0.029074,-0.171904,0.142123,-0.056352,-0.078331,0.261553,-0.262684,0.032021,-0.114156,0.334689
0.6043,0.248291,-0.171904,0.142123,-0.056352,-0.078331,0.261553,-0.262684,0.032021,-0.114156,0.334689,-0.054967
0.604699,0.248291,0.142123,-0.056352,-0.078331,0.261553,-0.262684,0.032021,-0.114156,0.334689,-0.054967,0.041763
0.603277,0.248291,-0.056352,-0.078331,0.261553,-0.262684,0.032021,-0.114156,0.334689,-0.054967,0.041763,-0.019716
0.607449,0.248291,-0.078331,0.261553,-0.262684,0.032021,-0.114156,0.334689,-0.054967,0.041763,-0.019716,-0.050084
0.606764,0.248291,0.261553,-0.262684,0.032021,-0.114156,0.334689,-0.054967,0.041763,-0.019716,-0.050084,0.011771
0.607284,0.248291,-0.262684,0.032021,-0.114156,0.334689,-0.054967,0.041763,-0.019716,-0.050084,0.011771,0.373631
0.607039,0.248291,0.032021,-0.114156,0.334689,-0.054967,0.041763,-0.019716,-0.050084,0.011771,0.373631,-0.225073
0.606416,0.248291,-0.114156,0.334689,-0.054967,0.041763,-0.019716,-0.050084,0.011771,0.373631,-0.225073,-0.071791
0.606562,0.248291,0.334689,-0.054967,0.041763,-0.019716,-0.050084,0.011771,0.373631,-0.225073,-0.071791,-0.037184
0.611212,0.248291,-0.054967,0.041763,-0.019716,-0.050084,0.011771,0.373631,-0.225073,-0.071791,-0.037184,0.303969
0.608416,0.248291,0.041763,-0.019716,-0.050084,0.011771,0.373631,-0.225073,-0.071791,-0.037184,0.303969,-0.068055
0.607524,0.248291,-0.019716,-0.050084,0.011771,0.373631,-0.225073,-0.071791,-0.037184,0.303969,-0.068055,-0.009893
0.607061,0.248291,-0.050084,0.011771,0.373631,-0.225073,-0.071791,-0.037184,0.303969,-0.068055,-0.009893,0.025994
0.610842,0.248291,0.011771,0.373631,-0.225073,-0.071791,-0.037184,0.303969,-0.068055,-0.009893,0.025994,-0.037586
0.609996,0.248291,0.373631,-0.225073,-0.071791,-0.037184,0.303969,-0.068055,-0.009893,0.025994,-0.037586,-0.040589
0.609874,0.248291,-0.225073,-0.071791,-0.037184,0.303969,-0.068055,-0.009893,0.025994,-0.037586,-0.040589,0.408498
0.610196,0.248291,-0.071791,-0.037184,0.303969,-0.068055,-0.009893,0.025994,-0.037586,-0.040589,0.408498,-0.265293
0.609729,0.248291,-0.037184,0.303969,-0.068055,-0.009893,0.025994,-0.037586,-0.040589,0.408498,-0.265293,-0.032842
0.609225,0.248291,0.303969,-0.068055,-0.009893,0.025994,-0.037586,-0.040589,0.408498,-0.265293,-0.032842,-0.076793
0.614299,0.248291,-0.068055,-0.009893,0.025994,-0.037586,-0.040589,0.408498,-0.265293,-0.032842,-0.076793,0.298553
0.611009,0.248291,-0.009893,0.025994,-0.037586,-0.040589,0.408498,-0.265293,-0.032842,-0.076793,0.298553,-0.068174
0.610602,0.248291,0.025994,-0.037586,-0.040589,0.408498,-0.265293,-0.032842,-0.076793,0.298553,-0.068174,-0.022782
0.609648,0.248291,-0.037586,-0.040589,0.408498,-0.265293,-0.032842,-0.076793,0.298553,-0.068174,-0.022782,0.026176
0.613356,0.248291,-0.040589,0.408498,-0.265293,-0.032842,-0.076793,0.298553,-0.068174,-0.022782,0.026176,-0.024855
0.61251,0.248291,0.408498,-0.265293,-0.032842,-0.076793,0.298553,-0.068174,-0.022782,0.026176,-0.024855,-0.073731
0.612228,0.248291,-0.265293,-0.032842,-0.076793,0.298553,-0.068174,-0.022782,0.026176,-0.024855,-0.073731,0.430045
0.612552,0.248291,-0.032842,-0.076793,0.298553,-0.068174,-0.022782,0.026176,-0.024855,-0.073731,0.430045,-0.266207
0.612244,0.248291,-0.076793,0.298553,-0.068174,-0.022782,0.026176,-0.024855,-0.073731,0.430045,-0.266207,-0.006623
0.611328,0.248291,0.298553,-0.068174,-0.022782,0.026176,-0.024855,-0.073731,0.430045,-0.266207,-0.006623,-0.10361
0.616663,0.239044,-0.068174,-0.022782,0.026176,-0.024855,-0.073731,0.430045,-0.266207,-0.006623,-0.10361,0.266696
0.613366,0.239044,-0.022782,0.026176,-0.024855,-0.073731,0.430045,-0.266207,-0.006623,-0.10361,0.266696,-0.055131
0.613284,0.239044,0.026176,-0.024855,-0.073731,0.430045,-0.266207,-0.006623,-0.10361,0.266696,-0.055131,0.003667
0.612,0.239044,-0.024855,-0.073731,0.430045,-0.266207,-0.006623,-0.10361,0.266696,-0.055131,0.003667,-0.01978
0.615308,0.239044,-0.073731,0.430045,-0.266207,-0.006623,-0.10361,0.266696,-0.055131,0.003667,-0.01978,-0.117042
0.614625,0.239044,0.430045,-0.266207,-0.006623,-0.10361,0.266696,-0.055131,0.003667,-0.01978,-0.117042,-0.139192
0.61467,0.239044,-0.266207,-0.006623,-0.10361,0.266696,-0.055131,0.003667,-0.01978,-0.117042,-0.139192,0.154021
0.614425,0.239044,-0.006623,-0.10361,0.266696,-0.055131,0.003667,-0.01978,-0.117042,-0.139192,0.154021,-0.081759
0.612975,0.239044,-0.10361,0.266696,-0.055131,0.003667,-0.01978,-0.117042,-0.139192,0.154021,-0.081759,-0.216028
0.611247,0.239044,0.266696,-0.055131,0.003667,-0.01978,-0.117042,-0.139192,0.154021,-0.081759,-0.216028,-0.017941
0.61316,0.239044,-0.055131,0.003667,-0.01978,-0.117042,-0.139192,0.154021,-0.081759,-0.216028,-0.017941,0.096042
0.612146,0.239044,0.003667,-0.01978,-0.117042,-0.139192,0.154021,-0.081759,-0.216028,-0.017941,0.096042,0.029671
0.609466,0.239044,-0.01978,-0.117042,-0.139192,0.154021,-0.081759,-0.216028,-0.017941,0.096042,0.029671,-0.205423
0.609244,0.239044,-0.117042,-0.139192,0.154021,-0.081759,-0.216028,-0.017941,0.096042,0.029671,-0.205423,0.130257
0.610438,0.239044,-0.139192,0.154021,-0.081759,-0.216028,-0.017941,0.096042,0.029671,-0.205423,0.130257,-0.031026
0.610806,0.239044,0.154021,-0.081759,-0.216028,-0.017941,0.096042,0.029671,-0.205423,0.130257,-0.031026,-0.040543
0.608254,0.239044,-0.081759,-0.216028,-0.017941,0.096042,0.029671,-0.205423,0.130257,-0.031026,-0.040543,0.368959
0.609872,0.239044,-0.216028,-0.017941,0.096042,0.029671,-0.205423,0.130257,-0.031026,-0.040543,0.368959,-0.251948
0.609487,0.239044,-0.017941,0.096042,0.029671,-0.205423,0.130257,-0.031026,-0.040543,0.368959,-0.251948,0.026042
0.608982,0.239044,0.096042,0.029671,-0.205423,0.130257,-0.031026,-0.040543,0.368959,-0.251948,0.026042,-0.128989
0.613567,0.239044,0.029671,-0.205423,0.130257,-0.031026,-0.040543,0.368959,-0.251948,0.026042,-0.128989,0.122088
0.610441,0.239044,-0.205423,0.130257,-0.031026,-0.040543,0.368959,-0.251948,0.026042,-0.128989,0.122088,-0.185039
0.610764,0.239044,0.130257,-0.031026,-0.040543,0.368959,-0.251948,0.026042,-0.128989,0.122088,-0.185039,0.048549
0.609163,0.239044,-0.031026,-0.040543,0.368959,-0.251948,0.026042,-0.128989,0.122088,-0.185039,0.048549,-0.130408
0.610681,0.239044,-0.040543,0.368959,-0.251948,0.026042,-0.128989,0.122088,-0.185039,0.048549,-0.130408,-0.037167
0.608379,0.239044,0.368959,-0.251948,0.026042,-0.128989,0.122088,-0.185039,0.048549,-0.130408,-0.037167,-0.014152
0.608982,0.239044,-0.251948,0.026042,-0.128989,0.122088,-0.185039,0.048549,-0.130408,-0.037167,-0.014152,0.452149
0.607362,0.239044,0.026042,-0.128989,0.122088,-0.185039,0.048549,-0.130408,-0.037167,-0.014152,0.452149,-0.368652
0.6069,0.239044,-0.128989,0.122088,-0.185039,0.048549,-0.130408,-0.037167,-0.014152,0.452149,-0.368652,0.091
0.606724,0.239044,0.122088,-0.185039,0.048549,-0.130408,-0.037167,-0.014152,0.452149,-0.368652,0.091,-0.141378
0.612348,0.239044,-0.185039,0.048549,-0.130408,-0.037167,-0.014152,0.452149,-0.368652,0.091,-0.141378,0.186839
0.607769,0.239044,0.048549,-0.130408,-0.037167,-0.014152,0.452149,-0.368652,0.091,-0.141378,0.186839,-0.152322
0.608899,0.239044,-0.130408,-0.037167,-0.014152,0.452149,-0.368652,0.091,-0.141378,0.186839,-0.152322,0.093965
0.607142,0.239044,-0.037167,-0.014152,0.452149,-0.368652,0.091,-0.141378,0.186839,-0.152322,0.093965,-0.000197
0.609467,0.239044,-0.014152,0.452149,-0.368652,0.091,-0.141378,0.186839,-0.152322,0.093965,-0.000197,-0.089377
0.607571,0.239044,0.452149,-0.368652,0.091,-0.141378,0.186839,-0.152322,0.093965,-0.000197,-0.089377,-0.046626
0.60874,0.239044,-0.368652,0.091,-0.141378,0.186839,-0.152322,0.093965,-0.000197,-0.089377,-0.046626,0.367467
0.608737,0.239044,0.091,-0.141378,0.186839,-0.152322,0.093965,-0.000197,-0.089377,-0.046626,0.367467,-0.173056
0.607626,0.239044,-0.141378,0.186839,-0.152322,0.093965,-0.000197,-0.089377,-0.046626,0.367467,-0.173056,-0.097963
0.607046,0.239044,0.186839,-0.152322,0.093965,-0.000197,-0.089377,-0.046626,0.367467,-0.173056,-0.097963,0.001702
0.611617,0.239044,-0.152322,0.093965,-0.000197,-0.089377,-0.046626,0.367467,-0.173056,-0.097963,0.001702,0.278387
0.609468,0.239044,0.093965,-0.000197,-0.089377,-0.046626,0.367467,-0.173056,-0.097963,0.001702,0.278387,-0.009368
0.608252,0.239044,-0.000197,-0.089377,-0.046626,0.367467,-0.173056,-0.097963,0.001702,0.278387,-0.009368,-0.179567
0.608273,0.239044,-0.089377,-0.046626,0.367467,-0.173056,-0.097963,0.001702,0.278387,-0.009368,-0.179567,0.025934
0.611734,0.239044,-0.046626,0.367467,-0.173056,-0.097963,0.001702,0.278387,-0.009368,-0.179567,0.025934,-0.16114
0.611617,0.239044,0.367467,-0.173056,-0.097963,0.001702,0.278387,-0.009368,-0.179567,0.025934,-0.16114,-0.01429
0.609388,0.239044,-0.173056,-0.097963,0.001702,0.278387,-0.009368,-0.179567,0.025934,-0.16114,-0.01429,0.387461
0.60971,0.234985,-0.097963,0.001702,0.278387,-0.009368,-0.179567,0.025934,-0.16114,-0.01429,0.387461,-0.238449
0.607707,0.234985,0.001702,0.278387,-0.009368,-0.179567,0.025934,-0.16114,-0.01429,0.387461,-0.238449,-0.00017
0.607529,0.234985,0.278387,-0.009368,-0.179567,0.025934,-0.16114,-0.01429,0.387461,-0.238449,-0.00017,-0.070016
0.612348,0.234985,-0.009368,-0.179567,0.025934,-0.16114,-0.01429,0.387461,-0.238449,-0.00017,-0.070016,0.245831
0.609388,0.234985,-0.179567,0.025934,-0.16114,-0.01429,0.387461,-0.238449,-0.00017,-0.070016,0.245831,0.016745
0.609385,0.234985,0.025934,-0.16114,-0.01429,0.387461,-0.238449,-0.00017,-0.070016,0.245831,0.016745,-0.048988
0.608516,0.234985,-0.16114,-0.01429,0.387461,-0.238449,-0.00017,-0.070016,0.245831,0.016745,-0.048988,-0.000118
0.611571,0.234985,-0.01429,0.387461,-0.238449,-0.00017,-0.070016,0.245831,0.016745,-0.048988,-0.000118,-0.083455
0.611779,0.234985,0.387461,-0.238449,-0.00017,-0.070016,0.245831,0.016745,-0.048988,-0.000118,-0.083455,-0.053675
0.611172,0.234985,-0.238449,-0.00017,-0.070016,0.245831,0.016745,-0.048988,-0.000118,-0.083455,-0.053675,0.421844
0.61117,0.234985,-0.00017,-0.070016,0.245831,0.016745,-0.048988,-0.000118,-0.083455,-0.053675,0.421844,-0.271983
0.610134,0.234985,-0.070016,0.245831,0.016745,-0.048988,-0.000118,-0.083455,-0.053675,0.421844,-0.271983,-0.085196
0.609467,0.234985,0.245831,0.016745,-0.048988,-0.000118,-0.083455,-0.053675,0.421844,-0.271983,-0.085196,-0.245836
0.614706,0.234985,0.016745,-0.048988,-0.000118,-0.083455,-0.053675,0.421844,-0.271983,-0.085196,-0.245836,0.291003
0.611334,0.234985,-0.048988,-0.000118,-0.083455,-0.053675,0.421844,-0.271983,-0.085196,-0.245836,0.291003,-0.068055
0.610277,0.234985,-0.000118,-0.083455,-0.053675,0.421844,-0.271983,-0.085196,-0.245836,0.291003,-0.068055,0.055415
0.607223,0.234985,-0.083455,-0.053675,0.421844,-0.271983,-0.085196,-0.245836,0.291003,-0.068055,0.055415,-0.052444
0.610842,0.234985,-0.053675,0.421844,-0.271983,-0.085196,-0.245836,0.291003,-0.068055,0.055415,-0.052444,-0.037569
0.609996,0.234985,0.421844,-0.271983,-0.085196,-0.245836,0.291003,-0.068055,0.055415,-0.052444,-0.037569,-0.001558
0.610685,0.234985,-0.271983,-0.085196,-0.245836,0.291003,-0.068055,0.055415,-0.052444,-0.037569,-0.001558,0.369377
0.610034,0.234985,-0.085196,-0.245836,0.291003,-0.068055,0.055415,-0.052444,-0.037569,-0.001558,0.369377,-0.193255
0.609567,0.234985,-0.245836,0.291003,-0.068055,0.055415,-0.052444,-0.037569,-0.001558,0.369377,-0.193255,-0.039407
0.609548,0.234985,0.291003,-0.068055,0.055415,-0.052444,-0.037569,-0.001558,0.369377,-0.193255,-0.039407,-0.050832
0.614136,0.234985,-0.068055,0.055415,-0.052444,-0.037569,-0.001558,0.369377,-0.193255,-0.039407,-0.050832,0.056963
0.61174,0.234985,0.055415,-0.052444,-0.037569,-0.001558,0.369377,-0.193255,-0.039407,-0.050832,0.056963,-0.022438
0.611251,0.234985,-0.052444,-0.037569,-0.001558,0.369377,-0.193255,-0.039407,-0.050832,0.056963,-0.022438,-0.127312
0.610621,0.234985,-0.037569,-0.001558,0.369377,-0.193255,-0.039407,-0.050832,0.056963,-0.022438,-0.127312,-0.039312
0.611328,0.234985,-0.001558,0.369377,-0.193255,-0.039407,-0.050832,0.056963,-0.022438,-0.127312,-0.039312,-0.15438
0.611049,0.234985,0.369377,-0.193255,-0.039407,-0.050832,0.056963,-0.022438,-0.127312,-0.039312,-0.15438,-0.014166
0.609468,0.234985,-0.193255,-0.039407,-0.050832,0.056963,-0.022438,-0.127312,-0.039312,-0.15438,-0.014166,0.393451
0.60898,0.234985,-0.039407,-0.050832,0.056963,-0.022438,-0.127312,-0.039312,-0.15438,-0.014166,0.393451,-0.218722
0.607061,0.234985,-0.050832,0.056963,-0.022438,-0.127312,-0.039312,-0.15438,-0.014166,0.393451,-0.218722,-0.032777
0.606885,0.234985,0.056963,-0.022438,-0.127312,-0.039312,-0.15438,-0.014166,0.393451,-0.218722,-0.032777,-0.024349
0.611779,0.234985,-0.022438,-0.127312,-0.039312,-0.15438,-0.014166,0.393451,-0.218722,-0.032777,-0.024349,0.271887
0.609064,0.234985,-0.127312,-0.039312,-0.15438,-0.014166,0.393451,-0.218722,-0.032777,-0.024349,0.271887,0.010234
0.608656,0.234985,-0.039312,-0.15438,-0.014166,0.393451,-0.218722,-0.032777,-0.024349,0.271887,0.010234,-0.068621
0.608354,0.234985,-0.15438,-0.014166,0.393451,-0.218722,-0.032777,-0.024349,0.271887,0.010234,-0.068621,0.078512
0.611734,0.234985,-0.014166,0.393451,-0.218722,-0.032777,-0.024349,0.271887,0.010234,-0.068621,0.078512,-0.090187
0.611861,0.234985,0.393451,-0.218722,-0.032777,-0.024349,0.271887,0.010234,-0.068621,0.078512,-0.090187,-0.066859
0.611009,0.234985,-0.218722,-0.032777,-0.024349,0.271887,0.010234,-0.068621,0.078512,-0.090187,-0.066859,0.422346
0.611983,0.234985,-0.032777,-0.024349,0.271887,0.010234,-0.068621,0.078512,-0.090187,-0.066859,0.422346,-0.25913
0.610864,0.234985,-0.024349,0.271887,0.010234,-0.068621,0.078512,-0.090187,-0.066859,0.422346,-0.25913,-0.078726
0.610033,0.234985,0.271887,0.010234,-0.068621,0.078512,-0.090187,-0.066859,0.422346,-0.25913,-0.078726,-0.044256
0.615276,0.234985,0.010234,-0.068621,0.078512,-0.090187,-0.066859,0.422346,-0.25913,-0.078726,-0.044256,0.207224
0.612065,0.234985,-0.068621,0.078512,-0.090187,-0.066859,0.422346,-0.25913,-0.078726,-0.044256,0.207224,-0.087784
0.611089,0.234985,0.078512,-0.090187,-0.066859,0.422346,-0.25913,-0.078726,-0.044256,0.207224,-0.087784,-0.101302
0.61054,0.234985,-0.090187,-0.066859,0.422346,-0.25913,-0.078726,-0.044256,0.207224,-0.087784,-0.101302,0.07846
0.613113,0.234985,-0.066859,0.422346,-0.25913,-0.078726,-0.044256,0.207224,-0.087784,-0.101302,0.07846,-0.070525
0.612023,0.234985,0.422346,-0.25913,-0.078726,-0.044256,0.207224,-0.087784,-0.101302,0.07846,-0.070525,-0.014763
0.610766,0.234985,-0.25913,-0.078726,-0.044256,0.207224,-0.087784,-0.101302,0.07846,-0.070525,-0.014763,0.324261
0.611739,0.234985,-0.078726,-0.044256,0.207224,-0.087784,-0.101302,0.07846,-0.070525,-0.014763,0.324261,-0.16063
0.610864,0.234985,-0.044256,0.207224,-0.087784,-0.101302,0.07846,-0.070525,-0.014763,0.324261,-0.16063,-0.098462
0.610681,0.234985,0.207224,-0.087784,-0.101302,0.07846,-0.070525,-0.014763,0.324261,-0.16063,-0.098462,-0.04432
0.614706,0.234985,-0.087784,-0.101302,0.07846,-0.070525,-0.014763,0.324261,-0.16063,-0.098462,-0.04432,0.233523
0.612715,0.234985,-0.101302,0.07846,-0.070525,-0.014763,0.324261,-0.16063,-0.098462,-0.04432,0.233523,0.010444
0.611495,0.234985,0.07846,-0.070525,-0.014763,0.324261,-0.16063,-0.098462,-0.04432,0.233523,0.010444,-0.022684
0.610945,0.234985,-0.070525,-0.014763,0.324261,-0.16063,-0.098462,-0.04432,0.233523,0.010444,-0.022684,-0.026366
0.613844,0.234985,-0.014763,0.324261,-0.16063,-0.098462,-0.04432,0.233523,0.010444,-0.022684,-0.026366,0.001314
0.613973,0.234985,0.324261,-0.16063,-0.098462,-0.04432,0.233523,0.010444,-0.022684,-0.026366,0.001314,-0.080562
0.613692,0.234985,-0.16063,-0.098462,-0.04432,0.233523,0.010444,-0.022684,-0.026366,0.001314,-0.080562,0.430971
0.613366,0.234985,-0.098462,-0.04432,0.233523,0.010444,-0.022684,-0.026366,0.001314,-0.080562,0.430971,-0.227127
0.613382,0.234985,-0.04432,0.233523,0.010444,-0.022684,-0.026366,0.001314,-0.080562,0.430971,-0.227127,-0.118549
0.612382,0.234985,0.233523,0.010444,-0.022684,-0.026366,0.001314,-0.080562,0.430971,-0.227127,-0.118549,-0.182193
0.617725,0.234985,0.010444,-0.022684,-0.026366,0.001314,-0.080562,0.430971,-0.227127,-0.118549,-0.182193,0.227047
0.614915,0.234985,-0.022684,-0.026366,0.001314,-0.080562,0.430971,-0.227127,-0.118549,-0.182193,0.227047,0.023582
0.613447,0.234985,-0.026366,0.001314,-0.080562,0.430971,-0.227127,-0.118549,-0.182193,0.227047,0.023582,-0.009525
0.611188,0.234985,0.001314,-0.080562,0.430971,-0.227127,-0.118549,-0.182193,0.227047,0.023582,-0.009525,0.013149
0.614006,0.234985,-0.080562,0.430971,-0.227127,-0.118549,-0.182193,0.227047,0.023582,-0.009525,0.013149,-0.156366
0.614299,0.234985,0.430971,-0.227127,-0.118549,-0.182193,0.227047,0.023582,-0.009525,0.013149,-0.156366,-0.145483
0.614181,0.234985,-0.227127,-0.118549,-0.182193,0.227047,0.023582,-0.009525,0.013149,-0.156366,-0.145483,0.324205
0.614344,0.234985,-0.118549,-0.182193,0.227047,0.023582,-0.009525,0.013149,-0.156366,-0.145483,0.324205,-0.180282
0.612406,0.234985,-0.182193,0.227047,0.023582,-0.009525,0.013149,-0.156366,-0.145483,0.324205,-0.180282,-0.013212
0.6106,0.234985,0.227047,0.023582,-0.009525,0.013149,-0.156366,-0.145483,0.324205,-0.180282,-0.013212,-0.083693
0.614625,0.234985,0.023582,-0.009525,0.013149,-0.156366,-0.145483,0.324205,-0.180282,-0.013212,-0.083693,0.25984
0.61239,0.234985,-0.009525,0.013149,-0.156366,-0.145483,0.324205,-0.180282,-0.013212,-0.083693,0.25984,-0.0092
0.612226,0.234985,0.013149,-0.156366,-0.145483,0.324205,-0.180282,-0.013212,-0.083693,0.25984,-0.0092,-0.022676
0.611188,0.234985,-0.156366,-0.145483,0.324205,-0.180282,-0.013212,-0.083693,0.25984,-0.0092,-0.022676,-0.000039
0.614413,0.234985,-0.145483,0.324205,-0.180282,-0.013212,-0.083693,0.25984,-0.0092,-0.022676,-0.000039,-0.057869
0.614299,0.234985,0.324205,-0.180282,-0.013212,-0.083693,0.25984,-0.0092,-0.022676,-0.000039,-0.057869,-0.021686
0.614018,0.234985,-0.180282,-0.013212,-0.083693,0.25984,-0.0092,-0.022676,-0.000039,-0.057869,-0.021686,0.372069
0.614017,0.234985,-0.013212,-0.083693,0.25984,-0.0092,-0.022676,-0.000039,-0.057869,-0.021686,0.372069,-0.220518
0.613301,0.234985,-0.083693,0.25984,-0.0092,-0.022676,-0.000039,-0.057869,-0.021686,0.372069,-0.220518,-0.079062
0.613032,0.234985,0.25984,-0.0092,-0.022676,-0.000039,-0.057869,-0.021686,0.372069,-0.220518,-0.079062,0.02099
0.617643,0.234985,-0.0092,-0.022676,-0.000039,-0.057869,-0.021686,0.372069,-0.220518,-0.079062,0.02099,0.194981
0.614915,0.234985,-0.022676,-0.000039,-0.057869,-0.021686,0.372069,-0.220518,-0.079062,0.02099,0.194981,0.043694
0.613936,0.234985,-0.000039,-0.057869,-0.021686,0.372069,-0.220518,-0.079062,0.02099,0.194981,0.043694,-0.062137
0.614196,0.234985,-0.057869,-0.021686,0.372069,-0.220518,-0.079062,0.02099,0.194981,0.043694,-0.062137,0.046342
0.616612,0.234985,-0.021686,0.372069,-0.220518,-0.079062,0.02099,0.194981,0.043694,-0.062137,0.046342,-0.065028
0.617153,0.234985,0.372069,-0.220518,-0.079062,0.02099,0.194981,0.043694,-0.062137,0.046342,-0.065028,-0.081344
0.616384,0.234985,-0.220518,-0.079062,0.02099,0.194981,0.043694,-0.062137,0.046342,-0.065028,-0.081344,0.453342
0.616957,0.233429,-0.079062,0.02099,0.194981,0.043694,-0.062137,0.046342,-0.065028,-0.081344,0.453342,-0.333938
0.616153,0.233429,0.02099,0.194981,0.043694,-0.062137,0.046342,-0.065028,-0.081344,0.453342,-0.333938,0.019886
0.615145,0.233429,0.194981,0.043694,-0.062137,0.046342,-0.065028,-0.081344,0.453342,-0.333938,0.019886,-0.137555
0.620755,0.233429,0.043694,-0.062137,0.046342,-0.065028,-0.081344,0.453342,-0.333938,0.019886,-0.137555,0.400265
0.616629,0.233429,-0.062137,0.046342,-0.065028,-0.081344,0.453342,-0.333938,0.019886,-0.137555,0.400265,-0.161132
0.616875,0.233429,0.046342,-0.065028,-0.081344,0.453342,-0.333938,0.019886,-0.137555,0.400265,-0.161132,0.010695
0.615174,0.233429,-0.065028,-0.081344,0.453342,-0.333938,0.019886,-0.137555,0.400265,-0.161132,0.010695,-0.092716
0.620126,0.233429,-0.081344,0.453342,-0.333938,0.019886,-0.137555,0.400265,-0.161132,0.010695,-0.092716,-0.091474
0.618133,0.233429,0.453342,-0.333938,0.019886,-0.137555,0.400265,-0.161132,0.010695,-0.092716,-0.091474,-0.140345
0.618266,0.233429,-0.333938,0.019886,-0.137555,0.400265,-0.161132,0.010695,-0.092716,-0.091474,-0.140345,0.412734
0.61712,0.233429,0.019886,-0.137555,0.400265,-0.161132,0.010695,-0.092716,-0.091474,-0.140345,0.412734,-0.207817
0.615989,0.233429,-0.137555,0.400265,-0.161132,0.010695,-0.092716,-0.091474,-0.140345,0.412734,-0.207817,-0.046245
0.61425,0.233429,0.400265,-0.161132,0.010695,-0.092716,-0.091474,-0.140345,0.412734,-0.207817,-0.046245,-0.051699
0.619361,0.233429,-0.161132,0.010695,-0.092716,-0.091474,-0.140345,0.412734,-0.207817,-0.046245,-0.051699,0.208517
0.616793,0.233429,0.010695,-0.092716,-0.091474,-0.140345,0.412734,-0.207817,-0.046245,-0.051699,0.208517,0.017485
0.616221,0.233429,-0.092716,-0.091474,-0.140345,0.412734,-0.207817,-0.046245,-0.051699,0.208517,0.017485,-0.015792
0.615582,0.233429,-0.091474,-0.140345,0.412734,-0.207817,-0.046245,-0.051699,0.208517,0.017485,-0.015792,-0.092698
0.618163,0.233429,-0.140345,0.412734,-0.207817,-0.046245,-0.051699,0.208517,0.017485,-0.015792,-0.092698,-0.098062
0.618379,0.233429,0.412734,-0.207817,-0.046245,-0.051699,0.208517,0.017485,-0.015792,-0.092698,-0.098062,-0.1206
0.618184,0.233429,-0.207817,-0.046245,-0.051699,0.208517,0.017485,-0.015792,-0.092698,-0.098062,-0.1206,0.485753
0.617039,0.233429,-0.046245,-0.051699,0.208517,0.017485,-0.015792,-0.092698,-0.098062,-0.1206,0.485753,-0.287489
0.615826,0.233429,-0.051699,0.208517,0.017485,-0.015792,-0.092698,-0.098062,-0.1206,0.485753,-0.287489,-0.019806
0.614332,0.233429,0.208517,0.017485,-0.015792,-0.092698,-0.098062,-0.1206,0.485753,-0.287489,-0.019806,-0.078129
0.620345,0.233429,0.017485,-0.015792,-0.092698,-0.098062,-0.1206,0.485753,-0.287489,-0.019806,-0.078129,0.254794
0.616793,0.233429,-0.015792,-0.092698,-0.098062,-0.1206,0.485753,-0.287489,-0.019806,-0.078129,0.254794,-0.022173
0.616548,0.233429,-0.092698,-0.098062,-0.1206,0.485753,-0.287489,-0.019806,-0.078129,0.254794,-0.022173,-0.035667
0.615582,0.233429,-0.098062,-0.1206,0.485753,-0.287489,-0.019806,-0.078129,0.254794,-0.022173,-0.035667,0.086384
0.618735,0.233429,-0.1206,0.485753,-0.287489,-0.019806,-0.078129,0.254794,-0.022173,-0.035667,0.086384,-0.118447
0.618461,0.233429,0.485753,-0.287489,-0.019806,-0.078129,0.254794,-0.022173,-0.035667,0.086384,-0.118447,-0.009221
0.61802,0.233429,-0.287489,-0.019806,-0.078129,0.254794,-0.022173,-0.035667,0.086384,-0.118447,-0.009221,0.3822
0.619086,0.233429,-0.019806,-0.078129,0.254794,-0.022173,-0.035667,0.086384,-0.118447,-0.009221,0.3822,-0.235194
0.617623,0.233429,-0.078129,0.254794,-0.022173,-0.035667,0.086384,-0.118447,-0.009221,0.3822,-0.235194,-0.04641
0.617509,0.233429,0.254794,-0.022173,-0.035667,0.086384,-0.118447,-0.009221,0.3822,-0.235194,-0.04641,-0.111732
0.622233,0.233429,-0.022173,-0.035667,0.086384,-0.118447,-0.009221,0.3822,-0.235194,-0.04641,-0.111732,0.175857
0.619331,0.233429,-0.035667,0.086384,-0.118447,-0.009221,0.3822,-0.235194,-0.04641,-0.111732,0.175857,-0.174225
0.618758,0.233429,0.086384,-0.118447,-0.009221,0.3822,-0.235194,-0.04641,-0.111732,0.175857,-0.174225,-0.154548
0.617378,0.233429,-0.118447,-0.009221,0.3822,-0.235194,-0.04641,-0.111732,0.175857,-0.174225,-0.154548,-0.006593
0.619553,0.233429,-0.009221,0.3822,-0.235194,-0.04641,-0.111732,0.175857,-0.174225,-0.154548,-0.006593,-0.097608
0.617398,0.233429,0.3822,-0.235194,-0.04641,-0.111732,0.175857,-0.174225,-0.154548,-0.006593,-0.097608,0.043747
0.615486,0.233429,-0.235194,-0.04641,-0.111732,0.175857,-0.174225,-0.154548,-0.006593,-0.097608,0.043747,0.36014
0.615404,0.233429,-0.04641,-0.111732,0.175857,-0.174225,-0.154548,-0.006593,-0.097608,0.043747,0.36014,-0.187939
0.614196,0.233429,-0.111732,0.175857,-0.174225,-0.154548,-0.006593,-0.097608,0.043747,0.36014,-0.187939,-0.079316
0.614738,0.233429,0.175857,-0.174225,-0.154548,-0.006593,-0.097608,0.043747,0.36014,-0.187939,-0.079316,0.007711
0.619197,0.233429,-0.174225,-0.154548,-0.006593,-0.097608,0.043747,0.36014,-0.187939,-0.079316,0.007711,0.268172
0.616875,0.233429,-0.154548,-0.006593,-0.097608,0.043747,0.36014,-0.187939,-0.079316,0.007711,0.268172,-0.127952
0.615894,0.233429,-0.006593,-0.097608,0.043747,0.36014,-0.187939,-0.079316,0.007711,0.268172,-0.127952,0.010639
0.615989,0.233429,-0.097608,0.043747,0.36014,-0.187939,-0.079316,0.007711,0.268172,-0.127952,0.010639,-0.152164
0.619307,0.233429,0.043747,0.36014,-0.187939,-0.079316,0.007711,0.268172,-0.127952,0.010639,-0.152164,-0.005487
0.617725,0.233429,0.36014,-0.187939,-0.079316,0.007711,0.268172,-0.127952,0.010639,-0.152164,-0.005487,-0.087832
0.617856,0.233307,-0.187939,-0.079316,0.007711,0.268172,-0.127952,0.010639,-0.152164,-0.005487,-0.087832,0.426497
0.615976,0.233307,-0.079316,0.007711,0.268172,-0.127952,0.010639,-0.152164,-0.005487,-0.087832,0.426497,-0.254337
0.615908,0.233307,0.007711,0.268172,-0.127952,0.010639,-0.152164,-0.005487,-0.087832,0.426497,-0.254337,-0.06609
0.61482,0.233307,0.268172,-0.127952,0.010639,-0.152164,-0.005487,-0.087832,0.426497,-0.254337,-0.06609,-0.005514
0.620099,0.233307,-0.127952,0.010639,-0.152164,-0.005487,-0.087832,0.426497,-0.254337,-0.06609,-0.005514,0.221876
0.616956,0.233307,0.010639,-0.152164,-0.005487,-0.087832,0.426497,-0.254337,-0.06609,-0.005514,0.221876,0.070548
0.616139,0.233307,-0.152164,-0.005487,-0.087832,0.426497,-0.254337,-0.06609,-0.005514,0.221876,0.070548,-0.128482
0.616071,0.233307,-0.005487,-0.087832,0.426497,-0.254337,-0.06609,-0.005514,0.221876,0.070548,-0.128482,0.119656
0.618817,0.233307,-0.087832,0.426497,-0.254337,-0.06609,-0.005514,0.221876,0.070548,-0.128482,0.119656,-0.171559
0.619689,0.233307,0.426497,-0.254337,-0.06609,-0.005514,0.221876,0.070548,-0.128482,0.119656,-0.171559,-0.147502
0.618102,0.233307,-0.254337,-0.06609,-0.005514,0.221876,0.070548,-0.128482,0.119656,-0.171559,-0.147502,0.13582
0.619579,0.233307,-0.06609,-0.005514,0.221876,0.070548,-0.128482,0.119656,-0.171559,-0.147502,0.13582,-0.101753
0.61746,0.233307,-0.005514,0.221876,0.070548,-0.128482,0.119656,-0.171559,-0.147502,0.13582,-0.101753,-0.230653
0.615634,0.233307,0.221876,0.070548,-0.128482,0.119656,-0.171559,-0.147502,0.13582,-0.101753,-0.230653,-0.057735
0.617316,0.233307,0.070548,-0.128482,0.119656,-0.171559,-0.147502,0.13582,-0.101753,-0.230653,-0.057735,0.089674
0.616057,0.233307,-0.128482,0.119656,-0.171559,-0.147502,0.13582,-0.101753,-0.230653,-0.057735,0.089674,-0.002702
0.613203,0.233307,0.119656,-0.171559,-0.147502,0.13582,-0.101753,-0.230653,-0.057735,0.089674,-0.002702,-0.127655
0.612487,0.233307,-0.171559,-0.147502,0.13582,-0.101753,-0.230653,-0.057735,0.089674,-0.002702,-0.127655,0.032713
0.6136,0.233307,-0.147502,0.13582,-0.101753,-0.230653,-0.057735,0.089674,-0.002702,-0.127655,0.032713,-0.109902
0.613567,0.233307,0.13582,-0.101753,-0.230653,-0.057735,0.089674,-0.002702,-0.127655,0.032713,-0.109902,0.024319
0.611984,0.233307,-0.101753,-0.230653,-0.057735,0.089674,-0.002702,-0.127655,0.032713,-0.109902,0.024319,0.37077
0.612389,0.233307,-0.230653,-0.057735,0.089674,-0.002702,-0.127655,0.032713,-0.109902,0.024319,0.37077,-0.154289
0.611026,0.233307,-0.057735,0.089674,-0.002702,-0.127655,0.032713,-0.109902,0.024319,0.37077,-0.154289,-0.059242
0.611328,0.233307,0.089674,-0.002702,-0.127655,0.032713,-0.109902,0.024319,0.37077,-0.154289,-0.059242,-0.024932
0.615928,0.233307,-0.002702,-0.127655,0.032713,-0.109902,0.024319,0.37077,-0.154289,-0.059242,-0.024932,0.135586
0.614018,0.233307,-0.127655,0.032713,-0.109902,0.024319,0.37077,-0.154289,-0.059242,-0.024932,0.135586,0.063103
0.613284,0.233307,0.032713,-0.109902,0.024319,0.37077,-0.154289,-0.059242,-0.024932,0.135586,0.063103,-0.383519
0.612975,0.233307,-0.109902,0.024319,0.37077,-0.154289,-0.059242,-0.024932,0.135586,0.063103,-0.383519,0.091559
0.614657,0.233307,0.024319,0.37077,-0.154289,-0.059242,-0.024932,0.135586,0.063103,-0.383519,0.091559,-0.201065
0.615439,0.233307,0.37077,-0.154289,-0.059242,-0.024932,0.135586,0.063103,-0.383519,0.091559,-0.201065,0.05697
0.610685,0.233307,-0.154289,-0.059242,-0.024932,0.135586,0.063103,-0.383519,0.091559,-0.201065,0.05697,0.310707
0.61182,0.233307,-0.059242,-0.024932,0.135586,0.063103,-0.383519,0.091559,-0.201065,0.05697,0.310707,-0.317362
0.609325,0.233307,-0.024932,0.135586,0.063103,-0.383519,0.091559,-0.201065,0.05697,0.310707,-0.317362,-0.006688
0.610033,0.233307,0.135586,0.063103,-0.383519,0.091559,-0.201065,0.05697,0.310707,-0.317362,-0.006688,-0.128708
0.613892,0.233307,0.063103,-0.383519,0.091559,-0.201065,0.05697,0.310707,-0.317362,-0.006688,-0.128708,0.27186
0.609955,0.233307,-0.383519,0.091559,-0.201065,0.05697,0.310707,-0.317362,-0.006688,-0.128708,0.27186,-0.055058
0.609872,0.233307,0.091559,-0.201065,0.05697,0.310707,-0.317362,-0.006688,-0.128708,0.27186,-0.055058,0.094912
0.608273,0.233307,-0.201065,0.05697,0.310707,-0.317362,-0.006688,-0.128708,0.27186,-0.055058,0.094912,-0.032866
0.611652,0.233307,0.05697,0.310707,-0.317362,-0.006688,-0.128708,0.27186,-0.055058,0.094912,-0.032866,-0.063979
0.610968,0.233307,0.310707,-0.317362,-0.006688,-0.128708,0.27186,-0.055058,0.094912,-0.032866,-0.063979,-0.092904
0.612146,0.233307,-0.317362,-0.006688,-0.128708,0.27186,-0.055058,0.094912,-0.032866,-0.063979,-0.092904,0.140438
0.611739,0.233307,-0.006688,-0.128708,0.27186,-0.055058,0.094912,-0.032866,-0.063979,-0.092904,0.140438,-0.166524
0.610945,0.233307,-0.128708,0.27186,-0.055058,0.094912,-0.032866,-0.063979,-0.092904,0.140438,-0.166524,-0.228037
0.609791,0.233307,0.27186,-0.055058,0.094912,-0.032866,-0.063979,-0.092904,0.140438,-0.166524,-0.228037,-0.004644
0.611536,0.233307,-0.055058,0.094912,-0.032866,-0.063979,-0.092904,0.140438,-0.166524,-0.228037,-0.004644,0.121839
0.609468,0.233307,0.094912,-0.032866,-0.063979,-0.092904,0.140438,-0.166524,-0.228037,-0.004644,0.121839,0.003386
0.606635,0.233307,-0.032866,-0.063979,-0.092904,0.140438,-0.166524,-0.228037,-0.004644,0.121839,0.003386,-0.288742
0.606577,0.233307,-0.063979,-0.092904,0.140438,-0.166524,-0.228037,-0.004644,0.121839,0.003386,-0.288742,-0.019708
0.608094,0.233307,-0.092904,0.140438,-0.166524,-0.228037,-0.004644,0.121839,0.003386,-0.288742,-0.019708,-0.268299
0.608136,0.233307,0.140438,-0.166524,-0.228037,-0.004644,0.121839,0.003386,-0.288742,-0.019708,-0.268299,-0.089907
0.604542,0.233307,-0.166524,-0.228037,-0.004644,0.121839,0.003386,-0.288742,-0.019708,-0.268299,-0.089907,0.201198
0.604296,0.233307,-0.228037,-0.004644,0.121839,0.003386,-0.288742,-0.019708,-0.268299,-0.089907,0.201198,-0.190253
0.60095,0.233307,-0.004644,0.121839,0.003386,-0.288742,-0.019708,-0.268299,-0.089907,0.201198,-0.190253,-0.013254
0.599826,0.233307,0.121839,0.003386,-0.288742,-0.019708,-0.268299,-0.089907,0.201198,-0.190253,-0.013254,-0.010434
0.602342,0.233307,0.003386,-0.288742,-0.019708,-0.268299,-0.089907,0.201198,-0.190253,-0.013254,-0.010434,0.146762
0.599966,0.233307,-0.288742,-0.019708,-0.268299,-0.089907,0.201198,-0.190253,-0.013254,-0.010434,0.146762,0.028465
0.5998,0.233307,-0.019708,-0.268299,-0.089907,0.201198,-0.190253,-0.013254,-0.010434,0.146762,0.028465,-0.209318
0.59967,0.233307,-0.268299,-0.089907,0.201198,-0.190253,-0.013254,-0.010434,0.146762,0.028465,-0.209318,0.070053
0.601505,0.233307,-0.089907,0.201198,-0.190253,-0.013254,-0.010434,0.146762,0.028465,-0.209318,0.070053,-0.131976
0.601861,0.233307,0.201198,-0.190253,-0.013254,-0.010434,0.146762,0.028465,-0.209318,0.070053,-0.131976,-0.089184
0.599245,0.233307,-0.190253,-0.013254,-0.010434,0.146762,0.028465,-0.209318,0.070053,-0.131976,-0.089184,0.443535
0.60012,0.233307,-0.013254,-0.010434,0.146762,0.028465,-0.209318,0.070053,-0.131976,-0.089184,0.443535,-0.209637
0.598471,0.233307,-0.010434,0.146762,0.028465,-0.209318,0.070053,-0.131976,-0.089184,0.443535,-0.209637,-0.038892
0.597354,0.233307,0.146762,0.028465,-0.209318,0.070053,-0.131976,-0.089184,0.443535,-0.209637,-0.038892,-0.061604
0.602903,0.233307,0.028465,-0.209318,0.070053,-0.131976,-0.089184,0.443535,-0.209637,-0.038892,-0.061604,0.300444
0.600286,0.233307,-0.209318,0.070053,-0.131976,-0.089184,0.443535,-0.209637,-0.038892,-0.061604,0.300444,-0.054833
0.5998,0.233307,0.070053,-0.131976,-0.089184,0.443535,-0.209637,-0.038892,-0.061604,0.300444,-0.054833,0.021608
0.59903,0.233307,-0.131976,-0.089184,0.443535,-0.209637,-0.038892,-0.061604,0.300444,-0.054833,0.021608,-0.148269
0.602786,0.233307,-0.089184,0.443535,-0.209637,-0.038892,-0.061604,0.300444,-0.054833,0.021608,-0.148269,-0.080949
0.602101,0.233307,0.443535,-0.209637,-0.038892,-0.061604,0.300444,-0.054833,0.021608,-0.148269,-0.080949,-0.191228
0.602371,0.233307,-0.209637,-0.038892,-0.061604,0.300444,-0.054833,0.021608,-0.148269,-0.080949,-0.191228,0.142531
0.600521,0.233307,-0.038892,-0.061604,0.300444,-0.054833,0.021608,-0.148269,-0.080949,-0.191228,0.142531,-0.221195
0.59951,0.233307,-0.061604,0.300444,-0.054833,0.021608,-0.148269,-0.080949,-0.191228,0.142531,-0.221195,-0.121326
0.597115,0.233307,0.300444,-0.054833,0.021608,-0.148269,-0.080949,-0.191228,0.142531,-0.221195,-0.121326,-0.003571
0.598901,0.233307,-0.054833,0.021608,-0.148269,-0.080949,-0.191228,0.142531,-0.221195,-0.121326,-0.003571,0.19043
0.596132,0.233307,0.021608,-0.148269,-0.080949,-0.191228,0.142531,-0.221195,-0.121326,-0.003571,0.19043,-0.054699
0.594612,0.233307,-0.148269,-0.080949,-0.191228,0.142531,-0.221195,-0.121326,-0.003571,0.19043,-0.054699,-0.163389
0.594568,0.233307,-0.080949,-0.191228,0.142531,-0.221195,-0.121326,-0.003571,0.19043,-0.054699,-0.163389,0.209287
0.596956,0.233307,-0.191228,0.142531,-0.221195,-0.121326,-0.003571,0.19043,-0.054699,-0.163389,0.209287,-0.137252
0.59627,0.233307,0.142531,-0.221195,-0.121326,-0.003571,0.19043,-0.054699,-0.163389,0.209287,-0.137252,0.114362
0.594222,0.233307,-0.221195,-0.121326,-0.003571,0.19043,-0.054699,-0.163389,0.209287,-0.137252,0.114362,0.314681
0.596843,0.233307,-0.121326,-0.003571,0.19043,-0.054699,-0.163389,0.209287,-0.137252,0.114362,0.314681,-0.132282
0.595124,0.233307,-0.003571,0.19043,-0.054699,-0.163389,0.209287,-0.137252,0.114362,0.314681,-0.132282,-0.128272
0.596558,0.233307,0.19043,-0.054699,-0.163389,0.209287,-0.137252,0.114362,0.314681,-0.132282,-0.128272,-0.213516
0.600499,0.233307,-0.054699,-0.163389,0.209287,-0.137252,0.114362,0.314681,-0.132282,-0.128272,-0.213516,0.323981
0.598846,0.233307,-0.163389,0.209287,-0.137252,0.114362,0.314681,-0.132282,-0.128272,-0.213516,0.323981,-0.029265
0.597242,0.233307,0.209287,-0.137252,0.114362,0.314681,-0.132282,-0.128272,-0.213516,0.323981,-0.029265,-0.08103
0.594568,0.233307,-0.137252,0.114362,0.314681,-0.132282,-0.128272,-0.213516,0.323981,-0.029265,-0.08103,-0.076988
0.598629,0.233307,0.114362,0.314681,-0.132282,-0.128272,-0.213516,0.323981,-0.029265,-0.08103,-0.076988,-0.143411
0.598262,0.233307,0.314681,-0.132282,-0.128272,-0.213516,0.323981,-0.029265,-0.08103,-0.076988,-0.143411,-0.024894
0.597248,0.233307,-0.132282,-0.128272,-0.213516,0.323981,-0.029265,-0.08103,-0.076988,-0.143411,-0.024894,0.249474
0.596285,0.233307,-0.128272,-0.213516,0.323981,-0.029265,-0.08103,-0.076988,-0.143411,-0.024894,0.249474,-0.163598
0.594488,0.233826,-0.213516,0.323981,-0.029265,-0.08103,-0.076988,-0.143411,-0.024894,0.249474,-0.163598,-0.222441
0.594175,0.233826,0.323981,-0.029265,-0.08103,-0.076988,-0.143411,-0.024894,0.249474,-0.163598,-0.222441,0.059794
0.597305,0.233826,-0.029265,-0.08103,-0.076988,-0.143411,-0.024894,0.249474,-0.163598,-0.222441,0.059794,0.266201
0.595256,0.233826,-0.08103,-0.076988,-0.143411,-0.024894,0.249474,-0.163598,-0.222441,0.059794,0.266201,0.02147
0.592467,0.233826,-0.076988,-0.143411,-0.024894,0.249474,-0.163598,-0.222441,0.059794,0.266201,0.02147,-0.036438
0.593218,0.233826,-0.143411,-0.024894,0.249474,-0.163598,-0.222441,0.059794,0.266201,0.02147,-0.036438,0.075977
0.596558,0.233826,-0.024894,0.249474,-0.163598,-0.222441,0.059794,0.266201,0.02147,-0.036438,0.075977,-0.105638
0.596827,0.233826,0.249474,-0.163598,-0.222441,0.059794,0.266201,0.02147,-0.036438,0.075977,-0.105638,0.044579
0.596371,0.233826,-0.163598,-0.222441,0.059794,0.266201,0.02147,-0.036438,0.075977,-0.105638,0.044579,0.378702
0.597322,0.233826,-0.222441,0.059794,0.266201,0.02147,-0.036438,0.075977,-0.105638,0.044579,0.378702,-0.26664
0.595999,0.233826,0.059794,0.266201,0.02147,-0.036438,0.075977,-0.105638,0.044579,0.378702,-0.26664,-0.064325
0.596558,0.233826,0.266201,0.02147,-0.036438,0.075977,-0.105638,0.044579,0.378702,-0.26664,-0.064325,-0.048359
0.6013,0.233826,0.02147,-0.036438,0.075977,-0.105638,0.044579,0.378702,-0.26664,-0.064325,-0.048359,0.280213
0.597966,0.233826,-0.036438,0.075977,-0.105638,0.044579,0.378702,-0.26664,-0.064325,-0.048359,0.280213,-0.029226
0.597162,0.233826,0.075977,-0.105638,0.044579,0.378702,-0.26664,-0.064325,-0.048359,0.280213,-0.029226,-0.049141
0.596557,0.233826,-0.105638,0.044579,0.378702,-0.26664,-0.064325,-0.048359,0.280213,-0.029226,-0.049141,0.082857
0.600065,0.233826,0.044579,0.378702,-0.26664,-0.064325,-0.048359,0.280213,-0.029226,-0.049141,0.082857,-0.061668
0.5997,0.233826,0.378702,-0.26664,-0.064325,-0.048359,0.280213,-0.029226,-0.049141,0.082857,-0.061668,0.0189
0.599085,0.233826,-0.26664,-0.064325,-0.048359,0.280213,-0.029226,-0.049141,0.082857,-0.061668,0.0189,0.342461
0.60012,0.233826,-0.064325,-0.048359,0.280213,-0.029226,-0.049141,0.082857,-0.061668,0.0189,0.342461,-0.164936
0.59935,0.233826,-0.048359,0.280213,-0.029226,-0.049141,0.082857,-0.061668,0.0189,0.342461,-0.164936,-0.071105
0.599586,0.233826,0.280213,-0.029226,-0.049141,0.082857,-0.061668,0.0189,0.342461,-0.164936,-0.071105,-0.055419
0.603867,0.233826,-0.029226,-0.049141,0.082857,-0.061668,0.0189,0.342461,-0.164936,-0.071105,-0.055419,0.275249
0.601809,0.233826,-0.049141,0.082857,-0.061668,0.0189,0.342461,-0.164936,-0.071105,-0.055419,0.275249,-0.074137
0.600922,0.233826,0.082857,-0.061668,0.0189,0.342461,-0.164936,-0.071105,-0.055419,0.275249,-0.074137,0.028154
0.60023,0.233826,-0.061668,0.0189,0.342461,-0.164936,-0.071105,-0.055419,0.275249,-0.074137,0.028154,-0.077687
0.603668,0.233826,0.0189,0.342461,-0.164936,-0.071105,-0.055419,0.275249,-0.074137,0.028154,-0.077687,0.060105
0.602743,0.233826,0.342461,-0.164936,-0.071105,-0.055419,0.275249,-0.074137,0.028154,-0.077687,0.060105,-0.116104
0.603094,0.233826,-0.164936,-0.071105,-0.055419,0.275249,-0.074137,0.028154,-0.077687,0.060105,-0.116104,0.518537
0.602125,0.233826,-0.071105,-0.055419,0.275249,-0.074137,0.028154,-0.077687,0.060105,-0.116104,0.518537,-0.35316
0.602875,0.233826,-0.055419,0.275249,-0.074137,0.028154,-0.077687,0.060105,-0.116104,0.518537,-0.35316,0.012579
0.601425,0.233826,0.275249,-0.074137,0.028154,-0.077687,0.060105,-0.116104,0.518537,-0.35316,0.012579,-0.088115
0.607894,0.233826,-0.074137,0.028154,-0.077687,0.060105,-0.116104,0.518537,-0.35316,0.012579,-0.088115,0.07642
0.603496,0.233826,0.028154,-0.077687,0.060105,-0.116104,0.518537,-0.35316,0.012579,-0.088115,0.07642,-0.054858
0.603652,0.233826,-0.077687,0.060105,-0.116104,0.518537,-0.35316,0.012579,-0.088115,0.07642,-0.054858,-0.113368
0.602554,0.233826,0.060105,-0.116104,0.518537,-0.35316,0.012579,-0.088115,0.07642,-0.054858,-0.113368,0.0382
0.603508,0.233826,-0.116104,0.518537,-0.35316,0.012579,-0.088115,0.07642,-0.054858,-0.113368,0.0382,-0.202976
0.602823,0.233826,0.518537,-0.35316,0.012579,-0.088115,0.07642,-0.054858,-0.113368,0.0382,-0.202976,0.025274
0.601408,0.233826,-0.35316,0.012579,-0.088115,0.07642,-0.054858,-0.113368,0.0382,-0.202976,0.025274,0.201138
0.601884,0.233826,0.012579,-0.088115,0.07642,-0.054858,-0.113368,0.0382,-0.202976,0.025274,0.201138,-0.171
0.59935,0.233826,-0.088115,0.07642,-0.054858,-0.113368,0.0382,-0.202976,0.025274,0.201138,-0.171,-0.051707
0.599666,0.233826,0.07642,-0.054858,-0.113368,0.0382,-0.202976,0.025274,0.201138,-0.171,-0.051707,-0.023181
0.602181,0.234589,-0.054858,-0.113368,0.0382,-0.202976,0.025274,0.201138,-0.171,-0.051707,-0.023181,-0.089375
0.600046,0.234589,-0.113368,0.0382,-0.202976,0.025274,0.201138,-0.171,-0.051707,-0.023181,-0.089375,0.021646
0.5994,0.234589,0.0382,-0.202976,0.025274,0.201138,-0.171,-0.051707,-0.023181,-0.089375,0.021646,-0.21464
0.59911,0.234589,-0.202976,0.025274,0.201138,-0.171,-0.051707,-0.023181,-0.089375,0.021646,-0.21464,-0.006914
0.597991,0.234589,0.025274,0.201138,-0.171,-0.051707,-0.023181,-0.089375,0.021646,-0.21464,-0.006914,-0.225317
0.598262,0.234589,0.201138,-0.171,-0.051707,-0.023181,-0.089375,0.021646,-0.21464,-0.006914,-0.225317,-0.062336
0.595574,0.234589,-0.171,-0.051707,-0.023181,-0.089375,0.021646,-0.21464,-0.006914,-0.225317,-0.062336,0.241879
0.595488,0.234589,-0.051707,-0.023181,-0.089375,0.021646,-0.21464,-0.006914,-0.225317,-0.062336,0.241879,-0.232565
0.592663,0.234589,-0.023181,-0.089375,0.021646,-0.21464,-0.006914,-0.225317,-0.062336,0.241879,-0.232565,-0.057474
0.591879,0.234589,-0.089375,0.021646,-0.21464,-0.006914,-0.225317,-0.062336,0.241879,-0.232565,-0.057474,-0.179313
0.594918,0.234589,0.021646,-0.21464,-0.006914,-0.225317,-0.062336,0.241879,-0.232565,-0.057474,-0.179313,0.302414
0.592,0.234589,-0.21464,-0.006914,-0.225317,-0.062336,0.241879,-0.232565,-0.057474,-0.179313,0.302414,-0.048279
0.591278,0.234589,-0.006914,-0.225317,-0.062336,0.241879,-0.232565,-0.057474,-0.179313,0.302414,-0.048279,0.045469
0.589024,0.234589,-0.225317,-0.062336,0.241879,-0.232565,-0.057474,-0.179313,0.302414,-0.048279,0.045469,0.005696
0.592828,0.234589,-0.062336,0.241879,-0.232565,-0.057474,-0.179313,0.302414,-0.048279,0.045469,0.005696,-0.04762
0.592221,0.234589,0.241879,-0.232565,-0.057474,-0.179313,0.302414,-0.048279,0.045469,0.005696,-0.04762,-0.03708
0.592792,0.234589,-0.232565,-0.057474,-0.179313,0.302414,-0.048279,0.045469,0.005696,-0.04762,-0.03708,0.444827
0.592864,0.234589,-0.057474,-0.179313,0.302414,-0.048279,0.045469,0.005696,-0.04762,-0.03708,0.444827,-0.290415
0.592266,0.234589,-0.179313,0.302414,-0.048279,0.045469,0.005696,-0.04762,-0.03708,0.444827,-0.290415,-0.082904
0.5918,0.234589,0.302414,-0.048279,0.045469,0.005696,-0.04762,-0.03708,0.444827,-0.290415,-0.082904,-0.267886
0.597385,0.234589,-0.048279,0.045469,0.005696,-0.04762,-0.03708,0.444827,-0.290415,-0.082904,-0.267886,0.378263
0.593745,0.234589,0.045469,0.005696,-0.04762,-0.03708,0.444827,-0.290415,-0.082904,-0.267886,0.378263,-0.123991
0.592705,0.234589,0.005696,-0.04762,-0.03708,0.444827,-0.290415,-0.082904,-0.267886,0.378263,-0.123991,0.102491
0.58934,0.234589,-0.04762,-0.03708,0.444827,-0.290415,-0.082904,-0.267886,0.378263,-0.123991,0.102491,-0.032284
0.594096,0.234589,-0.03708,0.444827,-0.290415,-0.082904,-0.267886,0.378263,-0.123991,0.102491,-0.032284,-0.04141
0.592538,0.234589,0.444827,-0.290415,-0.082904,-0.267886,0.378263,-0.123991,0.102491,-0.032284,-0.04141,-0.005726
0.593825,0.234589,-0.290415,-0.082904,-0.267886,0.378263,-0.123991,0.102491,-0.032284,-0.04141,-0.005726,0.39486
0.59342,0.234589,-0.082904,-0.267886,0.378263,-0.123991,0.102491,-0.032284,-0.04141,-0.005726,0.39486,-0.246236
0.5929,0.234589,-0.267886,0.378263,-0.123991,0.102491,-0.032284,-0.04141,-0.005726,0.39486,-0.246236,-0.00691
0.592828,0.234589,0.378263,-0.123991,0.102491,-0.032284,-0.04141,-0.005726,0.39486,-0.246236,-0.00691,-0.041597
0.597784,0.234589,-0.123991,0.102491,-0.032284,-0.04141,-0.005726,0.39486,-0.246236,-0.00691,-0.041597,0.139593
0.594699,0.234589,0.102491,-0.032284,-0.04141,-0.005726,0.39486,-0.246236,-0.00691,-0.041597,0.139593,-0.035648
0.594612,0.234589,-0.032284,-0.04141,-0.005726,0.39486,-0.246236,-0.00691,-0.041597,0.139593,-0.035648,-0.302166
0.594091,0.234589,-0.04141,-0.005726,0.39486,-0.246236,-0.00691,-0.041597,0.139593,-0.035648,-0.302166,0.100465
0.595842,0.234589,-0.005726,0.39486,-0.246236,-0.00691,-0.041597,0.139593,-0.035648,-0.302166,0.100465,-0.186253
0.595395,0.234589,0.39486,-0.246236,-0.00691,-0.041597,0.139593,-0.035648,-0.302166,0.100465,-0.186253,0.057366
0.591603,0.234589,-0.246236,-0.00691,-0.041597,0.139593,-0.035648,-0.302166,0.100465,-0.186253,0.057366,0.165749
0.592864,0.234589,-0.00691,-0.041597,0.139593,-0.035648,-0.302166,0.100465,-0.186253,0.057366,0.165749,-0.030238
0.590525,0.234589,-0.041597,0.139593,-0.035648,-0.302166,0.100465,-0.186253,0.057366,0.165749,-0.030238,-0.28446
0.591247,0.234589,0.139593,-0.035648,-0.302166,0.100465,-0.186253,0.057366,0.165749,-0.030238,-0.28446,0.040853
0.593331,0.234589,-0.035648,-0.302166,0.100465,-0.186253,0.057366,0.165749,-0.030238,-0.28446,0.040853,0.076204
0.592951,0.234589,-0.302166,0.100465,-0.186253,0.057366,0.165749,-0.030238,-0.28446,0.040853,0.076204,0.165604
0.589379,0.234589,0.100465,-0.186253,0.057366,0.165749,-0.030238,-0.28446,0.040853,0.076204,0.165604,-0.332375
0.589893,0.234589,-0.186253,0.057366,0.165749,-0.030238,-0.28446,0.040853,0.076204,0.165604,-0.332375,0.206976
0.590852,0.234589,0.057366,0.165749,-0.030238,-0.28446,0.040853,0.076204,0.165604,-0.332375,0.206976,-0.097682
0.592934,0.234589,0.165749,-0.030238,-0.28446,0.040853,0.076204,0.165604,-0.332375,0.206976,-0.097682,0.019722
0.588756,0.234589,-0.030238,-0.28446,0.040853,0.076204,0.165604,-0.332375,0.206976,-0.097682,0.019722,0.159108
0.591357,0.234589,-0.28446,0.040853,0.076204,0.165604,-0.332375,0.206976,-0.097682,0.019722,0.159108,-0.244277
0.59013,0.234589,0.040853,0.076204,0.165604,-0.332375,0.206976,-0.097682,0.019722,0.159108,-0.244277,0.011859
0.590378,0.234589,0.076204,0.165604,-0.332375,0.206976,-0.097682,0.019722,0.159108,-0.244277,0.011859,-0.072137
0.59238,0.234589,0.165604,-0.332375,0.206976,-0.097682,0.019722,0.159108,-0.244277,0.011859,-0.072137,0.346295
0.589309,0.234589,-0.332375,0.206976,-0.097682,0.019722,0.159108,-0.244277,0.011859,-0.072137,0.346295,-0.174086
0.589458,0.234589,0.206976,-0.097682,0.019722,0.159108,-0.244277,0.011859,-0.072137,0.346295,-0.174086,0.133515
0.588551,0.234589,-0.097682,0.019722,0.159108,-0.244277,0.011859,-0.072137,0.346295,-0.174086,0.133515,-0.057501
0.592908,0.234589,0.019722,0.159108,-0.244277,0.011859,-0.072137,0.346295,-0.174086,0.133515,-0.057501,-0.003305
0.590718,0.234589,0.159108,-0.244277,0.011859,-0.072137,0.346295,-0.174086,0.133515,-0.057501,-0.003305,-0.018107
0.592396,0.234589,-0.244277,0.011859,-0.072137,0.346295,-0.174086,0.133515,-0.057501,-0.003305,-0.018107,0.419051
0.591674,0.234589,0.011859,-0.072137,0.346295,-0.174086,0.133515,-0.057501,-0.003305,-0.018107,0.419051,-0.239488
0.591633,0.234589,-0.072137,0.346295,-0.174086,0.133515,-0.057501,-0.003305,-0.018107,0.419051,-0.239488,-0.063931
0.591405,0.234589,0.346295,-0.174086,0.133515,-0.057501,-0.003305,-0.018107,0.419051,-0.239488,-0.063931,-0.016044
0.596668,0.234589,-0.174086,0.133515,-0.057501,-0.003305,-0.018107,0.419051,-0.239488,-0.063931,-0.016044,0.177335
0.593666,0.234589,0.133515,-0.057501,-0.003305,-0.018107,0.419051,-0.239488,-0.063931,-0.016044,0.177335,-0.073601
0.592864,0.234589,-0.057501,-0.003305,-0.018107,0.419051,-0.239488,-0.063931,-0.016044,0.177335,-0.073601,-0.225951
0.592663,0.234589,-0.003305,-0.018107,0.419051,-0.239488,-0.063931,-0.016044,0.177335,-0.073601,-0.225951,-0.038501
0.594889,0.234589,-0.018107,0.419051,-0.239488,-0.063931,-0.016044,0.177335,-0.073601,-0.225951,-0.038501,-0.216629
0.593965,0.234589,0.419051,-0.239488,-0.063931,-0.016044,0.177335,-0.073601,-0.225951,-0.038501,-0.216629,-0.135907
0.591128,0.234589,-0.239488,-0.063931,-0.016044,0.177335,-0.073601,-0.225951,-0.038501,-0.216629,-0.135907,0.389417
0.590645,0.234589,-0.063931,-0.016044,0.177335,-0.073601,-0.225951,-0.038501,-0.216629,-0.135907,0.389417,-0.206232
0.58792,0.234589,-0.016044,0.177335,-0.073601,-0.225951,-0.038501,-0.216629,-0.135907,0.389417,-0.206232,-0.019563
0.586206,0.234589,0.177335,-0.073601,-0.225951,-0.038501,-0.216629,-0.135907,0.389417,-0.206232,-0.019563,0.003246
0.591114,0.234589,-0.073601,-0.225951,-0.038501,-0.216629,-0.135907,0.389417,-0.206232,-0.019563,0.003246,0.25178
0.58852,0.234589,-0.225951,-0.038501,-0.216629,-0.135907,0.389417,-0.206232,-0.019563,0.003246,0.25178,-0.129849
0.588273,0.234589,-0.038501,-0.216629,-0.135907,0.389417,-0.206232,-0.019563,0.003246,0.25178,-0.129849,-0.01783
0.588314,0.234589,-0.216629,-0.135907,0.389417,-0.206232,-0.019563,0.003246,0.25178,-0.129849,-0.01783,-0.069839
0.591484,0.234589,-0.135907,0.389417,-0.206232,-0.019563,0.003246,0.25178,-0.129849,-0.01783,-0.069839,-0.065717
0.589849,0.234589,0.389417,-0.206232,-0.019563,0.003246,0.25178,-0.129849,-0.01783,-0.069839,-0.065717,-0.011273
0.589625,0.234589,-0.206232,-0.019563,0.003246,0.25178,-0.129849,-0.01783,-0.069839,-0.065717,-0.011273,0.397002
0.588747,0.234589,-0.019563,0.003246,0.25178,-0.129849,-0.01783,-0.069839,-0.065717,-0.011273,0.397002,-0.300932
0.58792,0.234589,0.003246,0.25178,-0.129849,-0.01783,-0.069839,-0.065717,-0.011273,0.397002,-0.300932,0.024401
0.587778,0.234589,0.25178,-0.129849,-0.01783,-0.069839,-0.065717,-0.011273,0.397002,-0.300932,0.024401,-0.078351
0.592776,0.234589,-0.129849,-0.01783,-0.069839,-0.065717,-0.011273,0.397002,-0.300932,0.024401,-0.078351,0.396573
0.588993,0.234589,-0.01783,-0.069839,-0.065717,-0.011273,0.397002,-0.300932,0.024401,-0.078351,0.396573,-0.123864
0.5893,0.234589,-0.069839,-0.065717,-0.011273,0.397002,-0.300932,0.024401,-0.078351,0.396573,-0.123864,0.051702
0.588314,0.234589,-0.065717,-0.011273,0.397002,-0.300932,0.024401,-0.078351,0.396573,-0.123864,0.051702,0.024674
0.593304,0.234589,-0.011273,0.397002,-0.300932,0.024401,-0.078351,0.396573,-0.123864,0.051702,0.024674,-0.060216
0.591746,0.234589,0.397002,-0.300932,0.024401,-0.078351,0.396573,-0.123864,0.051702,0.024674,-0.060216,-0.011884
0.592396,0.234589,-0.300932,0.024401,-0.078351,0.396573,-0.123864,0.051702,0.024674,-0.060216,-0.011884,0.216522
0.592705,0.235626,0.024401,-0.078351,0.396573,-0.123864,0.051702,0.024674,-0.060216,-0.011884,0.216522,-0.093485
0.59195,0.235626,-0.078351,0.396573,-0.123864,0.051702,0.024674,-0.060216,-0.011884,0.216522,-0.093485,-0.322403
0.5918,0.235626,0.396573,-0.123864,0.051702,0.024674,-0.060216,-0.011884,0.216522,-0.093485,-0.322403,0.053435
0.594521,0.235626,-0.123864,0.051702,0.024674,-0.060216,-0.011884,0.216522,-0.093485,-0.322403,0.053435,0.189363
0.593348,0.235626,0.051702,0.024674,-0.060216,-0.011884,0.216522,-0.093485,-0.322403,0.053435,0.189363,0.096676
0.5893,0.235626,0.024674,-0.060216,-0.011884,0.216522,-0.093485,-0.322403,0.053435,0.189363,0.096676,-0.150222
0.589972,0.235626,-0.060216,-0.011884,0.216522,-0.093485,-0.322403,0.053435,0.189363,0.096676,-0.150222,0.075183
0.592354,0.235626,-0.011884,0.216522,-0.093485,-0.322403,0.053435,0.189363,0.096676,-0.150222,0.075183,-0.129531
0.593569,0.235626,0.216522,-0.093485,-0.322403,0.053435,0.189363,0.096676,-0.150222,0.075183,-0.129531,-0.074466
0.591682,0.235626,-0.093485,-0.322403,0.053435,0.189363,0.096676,-0.150222,0.075183,-0.129531,-0.074466,0.28509
0.592626,0.235626,-0.322403,0.053435,0.189363,0.096676,-0.150222,0.075183,-0.129531,-0.074466,0.28509,-0.194361
0.590999,0.235626,0.053435,0.189363,0.096676,-0.150222,0.075183,-0.129531,-0.074466,0.28509,-0.194361,-0.019583
0.590062,0.235626,0.189363,0.096676,-0.150222,0.075183,-0.129531,-0.074466,0.28509,-0.194361,-0.019583,-0.066158
0.593648,0.235626,0.096676,-0.150222,0.075183,-0.129531,-0.074466,0.28509,-0.194361,-0.019583,-0.066158,0.170514
0.591207,0.235626,-0.150222,0.075183,-0.129531,-0.074466,0.28509,-0.194361,-0.019583,-0.066158,0.170514,-0.129992
0.590961,0.235626,0.075183,-0.129531,-0.074466,0.28509,-0.194361,-0.019583,-0.066158,0.170514,-0.129992,-0.193568
0.59013,0.235626,-0.129531,-0.074466,0.28509,-0.194361,-0.019583,-0.066158,0.170514,-0.129992,-0.193568,-0.057169
0.592275,0.235626,-0.074466,0.28509,-0.194361,-0.019583,-0.066158,0.170514,-0.129992,-0.193568,-0.057169,-0.221308
0.590639,0.235626,0.28509,-0.194361,-0.019583,-0.066158,0.170514,-0.129992,-0.193568,-0.057169,-0.221308,-0.07278
0.588204,0.235626,-0.194361,-0.019583,-0.066158,0.170514,-0.129992,-0.193568,-0.057169,-0.221308,-0.07278,0.349913
0.587485,0.235626,-0.019583,-0.066158,0.170514,-0.129992,-0.193568,-0.057169,-0.221308,-0.07278,0.349913,-0.143001
0.584696,0.235626,-0.066158,0.170514,-0.129992,-0.193568,-0.057169,-0.221308,-0.07278,0.349913,-0.143001,-0.069503
0.583776,0.235626,0.170514,-0.129992,-0.193568,-0.057169,-0.221308,-0.07278,0.349913,-0.143001,-0.069503,-0.04638
0.588193,0.235626,-0.129992,-0.193568,-0.057169,-0.221308,-0.07278,0.349913,-0.143001,-0.069503,-0.04638,0.313109
0.586392,0.235626,-0.193568,-0.057169,-0.221308,-0.07278,0.349913,-0.143001,-0.069503,-0.04638,0.313109,0.014313
0.585516,0.235626,-0.057169,-0.221308,-0.07278,0.349913,-0.143001,-0.069503,-0.04638,0.313109,0.014313,-0.055498
0.584931,0.235626,-0.221308,-0.07278,0.349913,-0.143001,-0.069503,-0.04638,0.313109,0.014313,-0.055498,0.049473
0.58888,0.235626,-0.07278,0.349913,-0.143001,-0.069503,-0.04638,0.313109,0.014313,-0.055498,0.049473,-0.065753
0.58906,0.235626,0.349913,-0.143001,-0.069503,-0.04638,0.313109,0.014313,-0.055498,0.049473,-0.065753,0.051156
0.588362,0.235626,-0.143001,-0.069503,-0.04638,0.313109,0.014313,-0.055498,0.049473,-0.065753,0.051156,0.328434
0.588984,0.235626,-0.069503,-0.04638,0.313109,0.014313,-0.055498,0.049473,-0.065753,0.051156,0.328434,-0.395049
0.588157,0.235626,-0.04638,0.313109,0.014313,-0.055498,0.049473,-0.065753,0.051156,0.328434,-0.395049,0.030608
0.588801,0.235626,0.313109,0.014313,-0.055498,0.049473,-0.065753,0.051156,0.328434,-0.395049,0.030608,-0.209266
0.592934,0.235626,0.014313,-0.055498,0.049473,-0.065753,0.051156,0.328434,-0.395049,0.030608,-0.209266,0.207133
0.587967,0.235626,-0.055498,0.049473,-0.065753,0.051156,0.328434,-0.395049,0.030608,-0.209266,0.207133,-0.141807
0.588352,0.235626,0.049473,-0.065753,0.051156,0.328434,-0.395049,0.030608,-0.209266,0.207133,-0.141807,-0.148953
0.585717,0.235626,-0.065753,0.051156,0.328434,-0.395049,0.030608,-0.209266,0.207133,-0.141807,-0.148953,-0.063106
0.588329,0.235626,0.051156,0.328434,-0.395049,0.030608,-0.209266,0.207133,-0.141807,-0.148953,-0.063106,-0.14527
0.586541,0.235626,0.328434,-0.395049,0.030608,-0.209266,0.207133,-0.141807,-0.148953,-0.063106,-0.14527,-0.127511
0.584662,0.238251,-0.395049,0.030608,-0.209266,0.207133,-0.141807,-0.148953,-0.063106,-0.14527,-0.127511,0.45314
0.583866,0.238251,0.030608,-0.209266,0.207133,-0.141807,-0.148953,-0.063106,-0.14527,-0.127511,0.45314,-0.211027
0.582032,0.238251,-0.209266,0.207133,-0.141807,-0.148953,-0.063106,-0.14527,-0.127511,0.45314,-0.211027,-0.025743
0.580418,0.238251,0.207133,-0.141807,-0.148953,-0.063106,-0.14527,-0.127511,0.45314,-0.211027,-0.025743,-0.014979
0.586148,0.238251,-0.141807,-0.148953,-0.063106,-0.14527,-0.127511,0.45314,-0.211027,-0.025743,-0.014979,0.287275
0.583485,0.238251,-0.148953,-0.063106,-0.14527,-0.127511,0.45314,-0.211027,-0.025743,-0.014979,0.287275,0.020304
0.58316,0.238251,-0.063106,-0.14527,-0.127511,0.45314,-0.211027,-0.025743,-0.014979,0.287275,0.020304,-0.099152
0.582971,0.238251,-0.14527,-0.127511,0.45314,-0.211027,-0.025743,-0.014979,0.287275,0.020304,-0.099152,0.099169
0.586599,0.238251,-0.127511,0.45314,-0.211027,-0.025743,-0.014979,0.287275,0.020304,-0.099152,0.099169,-0.108974
0.586855,0.238251,0.45314,-0.211027,-0.025743,-0.014979,0.287275,0.020304,-0.099152,0.099169,-0.108974,0.038803
0.585605,0.238251,-0.211027,-0.025743,-0.014979,0.287275,0.020304,-0.099152,0.099169,-0.108974,0.038803,0.320184
0.586854,0.238251,-0.025743,-0.014979,0.287275,0.020304,-0.099152,0.099169,-0.108974,0.038803,0.320184,-0.199654
0.585481,0.238251,-0.014979,0.287275,0.020304,-0.099152,0.099169,-0.108974,0.038803,0.320184,-0.199654,-0.138354
0.585971,0.238251,0.287275,0.020304,-0.099152,0.099169,-0.108974,0.038803,0.320184,-0.199654,-0.138354,-0.263841
0.590007,0.238251,0.020304,-0.099152,0.099169,-0.108974,0.038803,0.320184,-0.199654,-0.138354,-0.263841,0.324393
0.587494,0.238251,-0.099152,0.099169,-0.108974,0.038803,0.320184,-0.199654,-0.138354,-0.263841,0.324393,-0.110399
0.585752,0.238251,0.099169,-0.108974,0.038803,0.320184,-0.199654,-0.138354,-0.263841,0.324393,-0.110399,0.069106
0.582423,0.238251,-0.108974,0.038803,0.320184,-0.199654,-0.138354,-0.263841,0.324393,-0.110399,0.069106,-0.013293
0.58652,0.238251,0.038803,0.320184,-0.199654,-0.138354,-0.263841,0.324393,-0.110399,0.069106,-0.013293,-0.033984
0.585127,0.238251,0.320184,-0.199654,-0.138354,-0.263841,0.324393,-0.110399,0.069106,-0.013293,-0.033984,0.013951
0.585998,0.238251,-0.199654,-0.138354,-0.263841,0.324393,-0.110399,0.069106,-0.013293,-0.033984,0.013951,0.414015
0.585831,0.238251,-0.138354,-0.263841,0.324393,-0.110399,0.069106,-0.013293,-0.033984,0.013951,0.414015,-0.262486
0.585402,0.238251,-0.263841,0.324393,-0.110399,0.069106,-0.013293,-0.033984,0.013951,0.414015,-0.262486,-0.007034
0.585578,0.238251,0.324393,-0.110399,0.069106,-0.013293,-0.033984,0.013951,0.414015,-0.262486,-0.007034,-0.021701
0.590797,0.238251,-0.110399,0.069106,-0.013293,-0.033984,0.013951,0.414015,-0.262486,-0.007034,-0.021701,0.270191
0.587494,0.238251,0.069106,-0.013293,-0.033984,0.013951,0.414015,-0.262486,-0.007034,-0.021701,0.270191,-0.060799
0.587406,0.238251,-0.013293,-0.033984,0.013951,0.414015,-0.262486,-0.007034,-0.021701,0.270191,-0.060799,-0.155796
0.587133,0.238251,-0.033984,0.013951,0.414015,-0.262486,-0.007034,-0.021701,0.270191,-0.060799,-0.155796,-0.107176
0.590536,0.238251,0.013951,0.414015,-0.262486,-0.007034,-0.021701,0.270191,-0.060799,-0.155796,-0.107176,-0.214588
0.58977,0.238251,0.414015,-0.262486,-0.007034,-0.021701,0.270191,-0.060799,-0.155796,-0.107176,-0.214588,-0.035427
0.58781,0.238251,-0.262486,-0.007034,-0.021701,0.270191,-0.060799,-0.155796,-0.107176,-0.214588,-0.035427,0.437084
0.58646,0.238251,-0.007034,-0.021701,0.270191,-0.060799,-0.155796,-0.107176,-0.214588,-0.035427,0.437084,-0.249242
0.583754,0.238251,-0.021701,0.270191,-0.060799,-0.155796,-0.107176,-0.214588,-0.035427,0.437084,-0.249242,0.011677
0.583307,0.238251,0.270191,-0.060799,-0.155796,-0.107176,-0.214588,-0.035427,0.437084,-0.249242,0.011677,-0.121122
0.588824,0.238251,-0.060799,-0.155796,-0.107176,-0.214588,-0.035427,0.437084,-0.249242,0.011677,-0.121122,0.007847
0.585684,0.238251,-0.155796,-0.107176,-0.214588,-0.035427,0.437084,-0.249242,0.011677,-0.121122,0.007847,-0.023377
0.585831,0.238251,-0.107176,-0.214588,-0.035427,0.437084,-0.249242,0.011677,-0.121122,0.007847,-0.023377,-0.21042
0.584303,0.238251,-0.214588,-0.035427,0.437084,-0.249242,0.011677,-0.121122,0.007847,-0.023377,-0.21042,0.036243
0.584403,0.238251,-0.035427,0.437084,-0.249242,0.011677,-0.121122,0.007847,-0.023377,-0.21042,0.036243,-0.237001
0.584107,0.238251,0.437084,-0.249242,0.011677,-0.121122,0.007847,-0.023377,-0.21042,0.036243,-0.237001,-0.046756
0.581449,0.238251,-0.249242,0.011677,-0.121122,0.007847,-0.023377,-0.21042,0.036243,-0.237001,-0.046756,0.234704
0.581906,0.238251,0.011677,-0.121122,0.007847,-0.023377,-0.21042,0.036243,-0.237001,-0.046756,0.234704,-0.221892
0.578909,0.238251,-0.121122,0.007847,-0.023377,-0.21042,0.036243,-0.237001,-0.046756,0.234704,-0.221892,0.017475
0.578316,0.238251,0.007847,-0.023377,-0.21042,0.036243,-0.237001,-0.046756,0.234704,-0.221892,0.017475,-0.026801
0.581291,0.238251,-0.023377,-0.21042,0.036243,-0.237001,-0.046756,0.234704,-0.221892,0.017475,-0.026801,0.328581
0.578482,0.238251,-0.21042,0.036243,-0.237001,-0.046756,0.234704,-0.221892,0.017475,-0.026801,0.328581,-0.196113
0.578703,0.238251,0.036243,-0.237001,-0.046756,0.234704,-0.221892,0.017475,-0.026801,0.328581,-0.196113,0.024694
0.578364,0.238251,-0.237001,-0.046756,0.234704,-0.221892,0.017475,-0.026801,0.328581,-0.196113,0.024694,-0.105875
0.582525,0.238251,-0.046756,0.234704,-0.221892,0.017475,-0.026801,0.328581,-0.196113,0.024694,-0.105875,0.003935
0.580042,0.238251,0.234704,-0.221892,0.017475,-0.026801,0.328581,-0.196113,0.024694,-0.105875,0.003935,-0.034526
0.580354,0.238251,-0.221892,0.017475,-0.026801,0.328581,-0.196113,0.024694,-0.105875,0.003935,-0.034526,0.445248
0.579015,0.238251,0.017475,-0.026801,0.328581,-0.196113,0.024694,-0.105875,0.003935,-0.034526,0.445248,-0.266104
0.579065,0.238251,-0.026801,0.328581,-0.196113,0.024694,-0.105875,0.003935,-0.034526,0.445248,-0.266104,-0.038048
0.578627,0.238251,0.328581,-0.196113,0.024694,-0.105875,0.003935,-0.034526,0.445248,-0.266104,-0.038048,-0.02086
0.584264,0.238251,-0.196113,0.024694,-0.105875,0.003935,-0.034526,0.445248,-0.266104,-0.038048,-0.02086,0.267524
0.580901,0.238251,0.024694,-0.105875,0.003935,-0.034526,0.445248,-0.266104,-0.038048,-0.02086,0.267524,0.02615
0.58042,0.238251,-0.105875,0.003935,-0.034526,0.445248,-0.266104,-0.038048,-0.02086,0.267524,0.02615,-0.092705
0.580157,0.238251,0.003935,-0.034526,0.445248,-0.266104,-0.038048,-0.02086,0.267524,0.02615,-0.092705,0.073675
0.583541,0.238251,-0.034526,0.445248,-0.266104,-0.038048,-0.02086,0.267524,0.02615,-0.092705,0.073675,-0.101872
0.583872,0.238251,0.445248,-0.266104,-0.038048,-0.02086,0.267524,0.02615,-0.092705,0.073675,-0.101872,-0.010449
0.582701,0.238251,-0.266104,-0.038048,-0.02086,0.267524,0.02615,-0.092705,0.073675,-0.101872,-0.010449,0.436085
0.583631,0.238251,-0.038048,-0.02086,0.267524,0.02615,-0.092705,0.073675,-0.101872,-0.010449,0.436085,-0.30481
0.582345,0.238251,-0.02086,0.267524,0.02615,-0.092705,0.073675,-0.101872,-0.010449,0.436085,-0.30481,-0.013301
0.582212,0.238251,0.267524,0.02615,-0.092705,0.073675,-0.101872,-0.010449,0.436085,-0.30481,-0.013301,-0.064684
0.587721,0.238251,0.02615,-0.092705,0.073675,-0.101872,-0.010449,0.436085,-0.30481,-0.013301,-0.064684,0.349542
0.583877,0.238251,-0.092705,0.073675,-0.101872,-0.010449,0.436085,-0.30481,-0.013301,-0.064684,0.349542,-0.08558
0.583709,0.238251,0.073675,-0.101872,-0.010449,0.436085,-0.30481,-0.013301,-0.064684,0.349542,-0.08558,-0.005616
0.582893,0.238251,-0.101872,-0.010449,0.436085,-0.30481,-0.013301,-0.064684,0.349542,-0.08558,-0.005616,0.05548
0.587306,0.238251,-0.010449,0.436085,-0.30481,-0.013301,-0.064684,0.349542,-0.08558,-0.005616,0.05548,-0.077804
0.586226,0.238251,0.436085,-0.30481,-0.013301,-0.064684,0.349542,-0.08558,-0.005616,0.05548,-0.077804,0.020108
0.586155,0.238251,-0.30481,-0.013301,-0.064684,0.349542,-0.08558,-0.005616,0.05548,-0.077804,0.020108,0.33913
0.586854,0.238251,-0.013301,-0.064684,0.349542,-0.08558,-0.005616,0.05548,-0.077804,0.020108,0.33913,-0.193513
0.585874,0.238251,-0.064684,0.349542,-0.08558,-0.005616,0.05548,-0.077804,0.020108,0.33913,-0.193513,-0.03836
0.586128,0.238251,0.349542,-0.08558,-0.005616,0.05548,-0.077804,0.020108,0.33913,-0.193513,-0.03836,-0.065445
0.590402,0.238251,-0.08558,-0.005616,0.05548,-0.077804,0.020108,0.33913,-0.193513,-0.03836,-0.065445,0.326464
0.587967,0.238251,-0.005616,0.05548,-0.077804,0.020108,0.33913,-0.193513,-0.03836,-0.065445,0.326464,-0.023173
0.587485,0.238251,0.05548,-0.077804,0.020108,0.33913,-0.193513,-0.03836,-0.065445,0.326464,-0.023173,-0.030365
0.58666,0.238251,-0.077804,0.020108,0.33913,-0.193513,-0.03836,-0.065445,0.326464,-0.023173,-0.030365,0.005596
0.590773,0.238251,0.020108,0.33913,-0.193513,-0.03836,-0.065445,0.326464,-0.023173,-0.030365,0.005596,-0.047164
0.590481,0.238251,0.33913,-0.193513,-0.03836,-0.065445,0.326464,-0.023173,-0.030365,0.005596,-0.047164,-0.036565
0.590099,0.238251,-0.193513,-0.03836,-0.065445,0.326464,-0.023173,-0.030365,0.005596,-0.047164,-0.036565,0.391802
0.59017,0.238251,-0.03836,-0.065445,0.326464,-0.023173,-0.030365,0.005596,-0.047164,-0.036565,0.391802,-0.257468
0.589577,0.238251,-0.065445,0.326464,-0.023173,-0.030365,0.005596,-0.047164,-0.036565,0.391802,-0.257468,-0.013295
0.589116,0.238495,0.326464,-0.023173,-0.030365,0.005596,-0.047164,-0.036565,0.391802,-0.257468,-0.013295,-0.11005
0.594045,0.238495,-0.023173,-0.030365,0.005596,-0.047164,-0.036565,0.391802,-0.257468,-0.013295,-0.11005,-0.011489
0.590812,0.238495,-0.030365,0.005596,-0.047164,-0.036565,0.391802,-0.257468,-0.013295,-0.11005,-0.011489,-0.060745
0.590645,0.238495,0.005596,-0.047164,-0.036565,0.391802,-0.257468,-0.013295,-0.11005,-0.011489,-0.060745,-0.26154
0.589261,0.238495,-0.047164,-0.036565,0.391802,-0.257468,-0.013295,-0.11005,-0.011489,-0.060745,-0.26154,0.061577
0.589116,0.238495,-0.036565,0.391802,-0.257468,-0.013295,-0.11005,-0.011489,-0.060745,-0.26154,0.061577,-0.325809
0.588351,0.238495,0.391802,-0.257468,-0.013295,-0.11005,-0.011489,-0.060745,-0.26154,0.061577,-0.325809,-0.016541
0.585055,0.238495,-0.257468,-0.013295,-0.11005,-0.011489,-0.060745,-0.26154,0.061577,-0.325809,-0.016541,0.261215
0.585831,0.238495,-0.013295,-0.11005,-0.011489,-0.060745,-0.26154,0.061577,-0.325809,-0.016541,0.261215,-0.105198
0.581719,0.238495,-0.11005,-0.011489,-0.060745,-0.26154,0.061577,-0.325809,-0.016541,0.261215,-0.105198,-0.050578
0.58151,0.238495,-0.011489,-0.060745,-0.26154,0.061577,-0.325809,-0.016541,0.261215,-0.105198,-0.050578,-0.021149
0.584813,0.238495,-0.060745,-0.26154,0.061577,-0.325809,-0.016541,0.261215,-0.105198,-0.050578,-0.021149,0.231142
0.583485,0.238495,-0.26154,0.061577,-0.325809,-0.016541,0.261215,-0.105198,-0.050578,-0.021149,0.231142,-0.023341
0.582847,0.238495,0.061577,-0.325809,-0.016541,0.261215,-0.105198,-0.050578,-0.021149,0.231142,-0.023341,-0.198342
0.582579,0.238495,-0.325809,-0.016541,0.261215,-0.105198,-0.050578,-0.021149,0.231142,-0.023341,-0.198342,0.011526
0.5855,0.238495,-0.016541,0.261215,-0.105198,-0.050578,-0.021149,0.231142,-0.023341,-0.198342,0.011526,-0.163444
0.585205,0.238495,0.261215,-0.105198,-0.050578,-0.021149,0.231142,-0.023341,-0.198342,0.011526,-0.163444,-0.034859
0.582701,0.238495,-0.105198,-0.050578,-0.021149,0.231142,-0.023341,-0.198342,0.011526,-0.163444,-0.034859,0.322539
0.582847,0.238495,-0.050578,-0.021149,0.231142,-0.023341,-0.198342,0.011526,-0.163444,-0.034859,0.322539,-0.136169
0.580781,0.238495,-0.021149,0.231142,-0.023341,-0.198342,0.011526,-0.163444,-0.034859,0.322539,-0.136169,-0.093898
0.58034,0.238495,0.231142,-0.023341,-0.198342,0.011526,-0.163444,-0.034859,0.322539,-0.136169,-0.093898,0.040883
0.584421,0.238495,-0.023341,-0.198342,0.011526,-0.163444,-0.034859,0.322539,-0.136169,-0.093898,0.040883,0.168938
0.582701,0.238495,-0.198342,0.011526,-0.163444,-0.034859,0.322539,-0.136169,-0.093898,0.040883,0.168938,0.032447
0.581515,0.238495,0.011526,-0.163444,-0.034859,0.322539,-0.136169,-0.093898,0.040883,0.168938,0.032447,-0.067923
0.582032,0.238495,-0.163444,-0.034859,0.322539,-0.136169,-0.093898,0.040883,0.168938,0.032447,-0.067923,0.005354
0.584167,0.238495,-0.034859,0.322539,-0.136169,-0.093898,0.040883,0.168938,0.032447,-0.067923,0.005354,-0.0647
0.584578,0.238495,0.322539,-0.136169,-0.093898,0.040883,0.168938,0.032447,-0.067923,0.005354,-0.0647,-0.035281
0.58372,0.238495,-0.136169,-0.093898,0.040883,0.168938,0.032447,-0.067923,0.005354,-0.0647,-0.035281,0.448876
0.583788,0.238495,-0.093898,0.040883,0.168938,0.032447,-0.067923,0.005354,-0.0647,-0.035281,0.448876,-0.27391
0.582971,0.238495,0.040883,0.168938,0.032447,-0.067923,0.005354,-0.0647,-0.035281,0.448876,-0.27391,-0.044437
0.582525,0.238495,0.168938,0.032447,-0.067923,0.005354,-0.0647,-0.035281,0.448876,-0.27391,-0.044437,-0.008888
0.588193,0.238495,0.032447,-0.067923,0.005354,-0.0647,-0.035281,0.448876,-0.27391,-0.044437,-0.008888,0.331446
0.584741,0.238495,-0.067923,0.005354,-0.0647,-0.035281,0.448876,-0.27391,-0.044437,-0.008888,0.331446,-0.073204
0.58418,0.238495,0.005354,-0.0647,-0.035281,0.448876,-0.27391,-0.044437,-0.008888,0.331446,-0.073204,-0.036763
0.584068,0.238495,-0.0647,-0.035281,0.448876,-0.27391,-0.044437,-0.008888,0.331446,-0.073204,-0.036763,0.055569
0.58825,0.238495,-0.035281,0.448876,-0.27391,-0.044437,-0.008888,0.331446,-0.073204,-0.036763,0.055569,-0.05922
0.587327,0.238495,0.448876,-0.27391,-0.044437,-0.008888,0.331446,-0.073204,-0.036763,0.055569,-0.05922,-0.067138
0.586864,0.238495,-0.27391,-0.044437,-0.008888,0.331446,-0.073204,-0.036763,0.055569,-0.05922,-0.067138,0.263773
0.587563,0.238495,-0.044437,-0.008888,0.331446,-0.073204,-0.036763,0.055569,-0.05922,-0.067138,0.263773,-0.286839
0.586818,0.238495,-0.008888,0.331446,-0.073204,-0.036763,0.055569,-0.05922,-0.067138,0.263773,-0.286839,0.042903
0.585971,0.238495,0.331446,-0.073204,-0.036763,0.055569,-0.05922,-0.067138,0.263773,-0.286839,0.042903,-0.108789
0.589297,0.238495,-0.073204,-0.036763,0.055569,-0.05922,-0.067138,0.263773,-0.286839,0.042903,-0.108789,0.125908
0.585684,0.238495,-0.036763,0.055569,-0.05922,-0.067138,0.263773,-0.286839,0.042903,-0.108789,0.125908,-0.079321
0.586224,0.238495,0.055569,-0.05922,-0.067138,0.263773,-0.286839,0.042903,-0.108789,0.125908,-0.079321,-0.247989
0.584853,0.238495,-0.05922,-0.067138,0.263773,-0.286839,0.042903,-0.108789,0.125908,-0.079321,-0.247989,-0.025724
0.586442,0.238495,-0.067138,0.263773,-0.286839,0.042903,-0.108789,0.125908,-0.079321,-0.247989,-0.025724,-0.193932
0.585441,0.238495,0.263773,-0.286839,0.042903,-0.108789,0.125908,-0.079321,-0.247989,-0.025724,-0.193932,-0.077562
0.58231,0.238495,-0.286839,0.042903,-0.108789,0.125908,-0.079321,-0.247989,-0.025724,-0.193932,-0.077562,0.339867
0.581985,0.238495,0.042903,-0.108789,0.125908,-0.079321,-0.247989,-0.025724,-0.193932,-0.077562,0.339867,-0.185352
0.579533,0.238495,-0.108789,0.125908,-0.079321,-0.247989,-0.025724,-0.193932,-0.077562,0.339867,-0.185352,-0.04419
0.57855,0.238495,0.125908,-0.079321,-0.247989,-0.025724,-0.193932,-0.077562,0.339867,-0.185352,-0.04419,0.003847
0.582854,0.238495,-0.079321,-0.247989,-0.025724,-0.193932,-0.077562,0.339867,-0.185352,-0.04419,0.003847,0.267472
0.580511,0.238495,-0.247989,-0.025724,-0.193932,-0.077562,0.339867,-0.185352,-0.04419,0.003847,0.267472,-0.004853
0.579952,0.238495,-0.025724,-0.193932,-0.077562,0.339867,-0.185352,-0.04419,0.003847,0.267472,-0.004853,-0.055478
0.58,0.238495,-0.193932,-0.077562,0.339867,-0.185352,-0.04419,0.003847,0.267472,-0.004853,-0.055478,0.086081
0.583385,0.238495,-0.077562,0.339867,-0.185352,-0.04419,0.003847,0.267472,-0.004853,-0.055478,0.086081,-0.077083
0.583324,0.238495,0.339867,-0.185352,-0.04419,0.003847,0.267472,-0.004853,-0.055478,0.086081,-0.077083,-0.016706
0.582623,0.238495,-0.185352,-0.04419,0.003847,0.267472,-0.004853,-0.055478,0.086081,-0.077083,-0.016706,0.392671
0.583709,0.238495,-0.04419,0.003847,0.267472,-0.004853,-0.055478,0.086081,-0.077083,-0.016706,0.392671,-0.279834
0.582736,0.238495,0.003847,0.267472,-0.004853,-0.055478,0.086081,-0.077083,-0.016706,0.392671,-0.279834,-0.031968
0.582525,0.238495,0.267472,-0.004853,-0.055478,0.086081,-0.077083,-0.016706,0.392671,-0.279834,-0.031968,-0.046052
0.587485,0.238495,-0.004853,-0.055478,0.086081,-0.077083,-0.016706,0.392671,-0.279834,-0.031968,-0.046052,0.318427
0.583956,0.238495,-0.055478,0.086081,-0.077083,-0.016706,0.392671,-0.279834,-0.031968,-0.046052,0.318427,-0.029529
0.583552,0.238495,0.086081,-0.077083,-0.016706,0.392671,-0.279834,-0.031968,-0.046052,0.318427,-0.029529,-0.043021
0.582971,0.238495,-0.077083,-0.016706,0.392671,-0.279834,-0.031968,-0.046052,0.318427,-0.029529,-0.043021,0.08049
0.586992,0.238495,-0.016706,0.392671,-0.279834,-0.031968,-0.046052,0.318427,-0.029529,-0.043021,0.08049,-0.077854
0.586619,0.238495,0.392671,-0.279834,-0.031968,-0.046052,0.318427,-0.029529,-0.043021,0.08049,-0.077854,-0.073154
0.586077,0.238495,-0.279834,-0.031968,-0.046052,0.318427,-0.029529,-0.043021,0.08049,-0.077854,-0.073154,0.219573
0.58709,0.238495,-0.031968,-0.046052,0.318427,-0.029529,-0.043021,0.08049,-0.077854,-0.073154,0.219573,-0.298705
0.58611,0.238495,-0.046052,0.318427,-0.029529,-0.043021,0.08049,-0.077854,-0.073154,0.219573,-0.298705,0.017822
0.585186,0.238495,0.318427,-0.029529,-0.043021,0.08049,-0.077854,-0.073154,0.219573,-0.298705,0.017822,-0.071044
0.587957,0.238495,-0.029529,-0.043021,0.08049,-0.077854,-0.073154,0.219573,-0.298705,0.017822,-0.071044,0.268816
0.584191,0.238495,-0.043021,0.08049,-0.077854,-0.073154,0.219573,-0.298705,0.017822,-0.071044,0.268816,-0.017067
0.584416,0.238495,0.08049,-0.077854,-0.073154,0.219573,-0.298705,0.017822,-0.071044,0.268816,-0.017067,-0.01179
0.583519,0.238495,-0.077854,-0.073154,0.219573,-0.298705,0.017822,-0.071044,0.268816,-0.017067,-0.01179,0.055519
0.586913,0.238495,-0.073154,0.219573,-0.298705,0.017822,-0.071044,0.268816,-0.017067,-0.01179,0.055519,-0.08414
0.586698,0.238495,0.219573,-0.298705,0.017822,-0.071044,0.268816,-0.017067,-0.01179,0.055519,-0.08414,0.038769
0.586549,0.238495,-0.298705,0.017822,-0.071044,0.268816,-0.017067,-0.01179,0.055519,-0.08414,0.038769,0.377228
0.587248,0.238495,0.017822,-0.071044,0.268816,-0.017067,-0.01179,0.055519,-0.08414,0.038769,0.377228,-0.206325
0.586188,0.238495,-0.071044,0.268816,-0.017067,-0.01179,0.055519,-0.08414,0.038769,0.377228,-0.206325,-0.151178
0.586677,0.238495,0.268816,-0.017067,-0.01179,0.055519,-0.08414,0.038769,0.377228,-0.206325,-0.151178,0.065883
0.59143,0.238495,-0.017067,-0.01179,0.055519,-0.08414,0.038769,0.377228,-0.206325,-0.151178,0.065883,0.069927
0.588835,0.238495,-0.01179,0.055519,-0.08414,0.038769,0.377228,-0.206325,-0.151178,0.065883,0.069927,-0.098184
0.586933,0.238495,0.055519,-0.08414,0.038769,0.377228,-0.206325,-0.151178,0.065883,0.069927,-0.098184,-0.198953
0.587763,0.238495,-0.08414,0.038769,0.377228,-0.206325,-0.151178,0.065883,0.069927,-0.098184,-0.198953,-0.112887
0.588644,0.238495,0.038769,0.377228,-0.206325,-0.151178,0.065883,0.069927,-0.098184,-0.198953,-0.112887,-0.16987
0.587406,0.238495,0.377228,-0.206325,-0.151178,0.065883,0.069927,-0.098184,-0.198953,-0.112887,-0.16987,-0.133415
0.584898,0.238495,-0.206325,-0.151178,0.065883,0.069927,-0.098184,-0.198953,-0.112887,-0.16987,-0.133415,0.346862
0.583474,0.238495,-0.151178,0.065883,0.069927,-0.098184,-0.198953,-0.112887,-0.16987,-0.133415,0.346862,-0.204206
0.581328,0.238495,0.065883,0.069927,-0.098184,-0.198953,-0.112887,-0.16987,-0.133415,0.346862,-0.204206,0.042441
0.579639,0.238495,0.069927,-0.098184,-0.198953,-0.112887,-0.16987,-0.133415,0.346862,-0.204206,0.042441,-0.095214
0.584029,0.238495,-0.098184,-0.198953,-0.112887,-0.16987,-0.133415,0.346862,-0.204206,0.042441,-0.095214,0.187252
0.581449,0.238495,-0.198953,-0.112887,-0.16987,-0.133415,0.346862,-0.204206,0.042441,-0.095214,0.187252,0.013708
0.581985,0.238495,-0.112887,-0.16987,-0.133415,0.346862,-0.204206,0.042441,-0.095214,0.187252,0.013708,-0.21635
0.580781,0.238495,-0.16987,-0.133415,0.346862,-0.204206,0.042441,-0.095214,0.187252,0.013708,-0.21635,0.209782
0.58315,0.238495,-0.133415,0.346862,-0.204206,0.042441,-0.095214,0.187252,0.013708,-0.21635,0.209782,-0.15742
0.583324,0.238495,0.346862,-0.204206,0.042441,-0.095214,0.187252,0.013708,-0.21635,0.209782,-0.15742,0.119314
0.580589,0.238495,-0.204206,0.042441,-0.095214,0.187252,0.013708,-0.21635,0.209782,-0.15742,0.119314,0.280609
0.583238,0.238495,0.042441,-0.095214,0.187252,0.013708,-0.21635,0.209782,-0.15742,0.119314,0.280609,-0.167564
0.58125,0.238495,-0.095214,0.187252,0.013708,-0.21635,0.209782,-0.15742,0.119314,0.280609,-0.167564,-0.10033
0.582759,0.238495,0.187252,0.013708,-0.21635,0.209782,-0.15742,0.119314,0.280609,-0.167564,-0.10033,-0.262213
0.586305,0.238495,0.013708,-0.21635,0.209782,-0.15742,0.119314,0.280609,-0.167564,-0.10033,-0.262213,0.316824
0.584191,0.238495,-0.21635,0.209782,-0.15742,0.119314,0.280609,-0.167564,-0.10033,-0.262213,0.316824,-0.122378
0.582925,0.238495,0.209782,-0.15742,0.119314,0.280609,-0.167564,-0.10033,-0.262213,0.316824,-0.122378,0.074603
0.579611,0.238495,-0.15742,0.119314,0.280609,-0.167564,-0.10033,-0.262213,0.316824,-0.122378,0.074603,-0.025723
0.58362,0.238495,0.119314,0.280609,-0.167564,-0.10033,-0.262213,0.316824,-0.122378,0.074603,-0.025723,0.00366
0.582072,0.238495,0.280609,-0.167564,-0.10033,-0.262213,0.316824,-0.122378,0.074603,-0.025723,0.00366,-0.010516
0.583014,0.238495,-0.167564,-0.10033,-0.262213,0.316824,-0.122378,0.074603,-0.025723,0.00366,-0.010516,0.423954
0.58269,0.238495,-0.10033,-0.262213,0.316824,-0.122378,0.074603,-0.025723,0.00366,-0.010516,0.423954,-0.230259
0.582736,0.238495,-0.262213,0.316824,-0.122378,0.074603,-0.025723,0.00366,-0.010516,0.423954,-0.230259,-0.038225
0.582603,0.238495,0.316824,-0.122378,0.074603,-0.025723,0.00366,-0.010516,0.423954,-0.230259,-0.038225,0.03465
0.587957,0.238495,-0.122378,0.074603,-0.025723,0.00366,-0.010516,0.423954,-0.230259,-0.038225,0.03465,0.250636
0.585055,0.238495,0.074603,-0.025723,0.00366,-0.010516,0.423954,-0.230259,-0.038225,0.03465,0.250636,-0.017003
0.584573,0.238495,-0.025723,0.00366,-0.010516,0.423954,-0.230259,-0.038225,0.03465,0.250636,-0.017003,-0.068016
0.58501,0.238495,0.00366,-0.010516,0.423954,-0.230259,-0.038225,0.03465,0.250636,-0.017003,-0.068016,0.030527
0.588171,0.238495,-0.010516,0.423954,-0.230259,-0.038225,0.03465,0.250636,-0.017003,-0.068016,0.030527,-0.152794
0.587957,0.238495,0.423954,-0.230259,-0.038225,0.03465,0.250636,-0.017003,-0.068016,0.030527,-0.152794,-0.135009
0.5871,0.238495,-0.230259,-0.038225,0.03465,0.250636,-0.017003,-0.068016,0.030527,-0.152794,-0.135009,0.331234
0.587485,0.238495,-0.038225,0.03465,0.250636,-0.017003,-0.068016,0.030527,-0.152794,-0.135009,0.331234,-0.416726
0.58556,0.238495,0.03465,0.250636,-0.017003,-0.068016,0.030527,-0.152794,-0.135009,0.331234,-0.416726,0.092334
0.583854,0.238495,0.250636,-0.017003,-0.068016,0.030527,-0.152794,-0.135009,0.331234,-0.416726,0.092334,-0.188622
0.588036,0.238129,-0.017003,-0.068016,0.030527,-0.152794,-0.135009,0.331234,-0.416726,0.092334,-0.188622,0.373706
0.582779,0.238129,-0.068016,0.030527,-0.152794,-0.135009,0.331234,-0.416726,0.092334,-0.188622,0.373706,-0.302453
0.583945,0.238129,0.030527,-0.152794,-0.135009,0.331234,-0.416726,0.092334,-0.188622,0.373706,-0.302453,0.155478
0.581563,0.238129,-0.152794,-0.135009,0.331234,-0.416726,0.092334,-0.188622,0.373706,-0.302453,0.155478,-0.137635
0.586285,0.238129,-0.135009,0.331234,-0.416726,0.092334,-0.188622,0.373706,-0.302453,0.155478,-0.137635,0.009873
0.582463,0.238129,0.331234,-0.416726,0.092334,-0.188622,0.373706,-0.302453,0.155478,-0.137635,0.009873,-0.035264
0.584426,0.238129,-0.416726,0.092334,-0.188622,0.373706,-0.302453,0.155478,-0.137635,0.009873,-0.035264,0.486238
0.58269,0.238129,0.092334,-0.188622,0.373706,-0.302453,0.155478,-0.137635,0.009873,-0.035264,0.486238,-0.311397
0.582814,0.238129,-0.188622,0.373706,-0.302453,0.155478,-0.137635,0.009873,-0.035264,0.486238,-0.311397,-0.019541
0.582368,0.238129,0.373706,-0.302453,0.155478,-0.137635,0.009873,-0.035264,0.486238,-0.311397,-0.019541,-0.052381
0.588508,0.238129,-0.302453,0.155478,-0.137635,0.009873,-0.035264,0.486238,-0.311397,-0.019541,-0.052381,0.349961
0.584584,0.238129,0.155478,-0.137635,0.009873,-0.035264,0.486238,-0.311397,-0.019541,-0.052381,0.349961,-0.066952
0.584337,0.238129,-0.137635,0.009873,-0.035264,0.486238,-0.311397,-0.019541,-0.052381,0.349961,-0.066952,-0.024259
0.583676,0.238129,0.009873,-0.035264,0.486238,-0.311397,-0.019541,-0.052381,0.349961,-0.066952,-0.024259,0.024266
0.588093,0.238129,-0.035264,0.486238,-0.311397,-0.019541,-0.052381,0.349961,-0.066952,-0.024259,0.024266,-0.021686
0.587248,0.238129,0.486238,-0.311397,-0.019541,-0.052381,0.349961,-0.066952,-0.024259,0.024266,-0.021686,-0.029835
0.586943,0.238129,-0.311397,-0.019541,-0.052381,0.349961,-0.066952,-0.024259,0.024266,-0.021686,-0.029835,0.207752
0.587248,0.238129,-0.019541,-0.052381,0.349961,-0.066952,-0.024259,0.024266,-0.021686,-0.029835,0.207752,-0.174447
0.586975,0.238129,-0.052381,0.349961,-0.066952,-0.024259,0.024266,-0.021686,-0.029835,0.207752,-0.174447,-0.219253
0.586599,0.238129,0.349961,-0.066952,-0.024259,0.024266,-0.021686,-0.029835,0.207752,-0.174447,-0.219253,0.009766
0.589218,0.238129,-0.066952,-0.024259,0.024266,-0.021686,-0.029835,0.207752,-0.174447,-0.219253,0.009766,0.256657
0.587021,0.238129,-0.024259,0.024266,-0.021686,-0.029835,0.207752,-0.174447,-0.219253,0.009766,0.256657,0.03293
0.584259,0.238129,0.024266,-0.021686,-0.029835,0.207752,-0.174447,-0.219253,0.009766,0.256657,0.03293,-0.211588
0.584382,0.238129,-0.021686,-0.029835,0.207752,-0.174447,-0.219253,0.009766,0.256657,0.03293,-0.211588,0.042869
0.587621,0.238129,-0.029835,0.207752,-0.174447,-0.219253,0.009766,0.256657,0.03293,-0.211588,0.042869,-0.133577
0.588036,0.238129,0.207752,-0.174447,-0.219253,0.009766,0.256657,0.03293,-0.211588,0.042869,-0.133577,0.026466
0.585369,0.238129,-0.174447,-0.219253,0.009766,0.256657,0.03293,-0.211588,0.042869,-0.133577,0.026466,0.431948
0.585909,0.238129,-0.219253,0.009766,0.256657,0.03293,-0.211588,0.042869,-0.133577,0.026466,0.431948,-0.274662
0.584225,0.238129,0.009766,0.256657,0.03293,-0.211588,0.042869,-0.133577,0.026466,0.431948,-0.274662,-0.000801
0.584559,0.238129,0.256657,0.03293,-0.211588,0.042869,-0.133577,0.026466,0.431948,-0.274662,-0.000801,-0.071488
0.590007,0.238129,0.03293,-0.211588,0.042869,-0.133577,0.026466,0.431948,-0.274662,-0.000801,-0.071488,0.344756
0.586549,0.238129,-0.211588,0.042869,-0.133577,0.026466,0.431948,-0.274662,-0.000801,-0.071488,0.344756,-0.11711
0.586539,0.238129,0.042869,-0.133577,0.026466,0.431948,-0.274662,-0.000801,-0.071488,0.344756,-0.11711,0.038508
0.585638,0.238129,-0.133577,0.026466,0.431948,-0.274662,-0.000801,-0.071488,0.344756,-0.11711,0.038508,-0.013292
0.589984,0.238129,0.026466,0.431948,-0.274662,-0.000801,-0.071488,0.344756,-0.11711,0.038508,-0.013292,-0.04693
0.588508,0.238129,0.431948,-0.274662,-0.000801,-0.071488,0.344756,-0.11711,0.038508,-0.013292,-0.04693,0.019892
0.588993,0.238129,-0.274662,-0.000801,-0.071488,0.344756,-0.11711,0.038508,-0.013292,-0.04693,0.019892,0.378668
0.588826,0.238129,-0.000801,-0.071488,0.344756,-0.11711,0.038508,-0.013292,-0.04693,0.019892,0.378668,-0.388974
0.588235,0.238129,-0.071488,0.344756,-0.11711,0.038508,-0.013292,-0.04693,0.019892,0.378668,-0.388974,0.036906
0.588486,0.238129,0.344756,-0.11711,0.038508,-0.013292,-0.04693,0.019892,0.378668,-0.388974,0.036906,-0.172034
0.593251,0.238129,-0.11711,0.038508,-0.013292,-0.04693,0.019892,0.378668,-0.388974,0.036906,-0.172034,0.207373
0.588362,0.237854,0.038508,-0.013292,-0.04693,0.019892,0.378668,-0.388974,0.036906,-0.172034,0.207373,-0.229261
0.588826,0.237854,-0.013292,-0.04693,0.019892,0.378668,-0.388974,0.036906,-0.172034,0.207373,-0.229261,-0.117803
0.58666,0.237854,-0.04693,0.019892,0.378668,-0.388974,0.036906,-0.172034,0.207373,-0.229261,-0.117803,-0.16879
0.589274,0.237854,0.019892,0.378668,-0.388974,0.036906,-0.172034,0.207373,-0.229261,-0.117803,-0.16879,-0.151065
0.586383,0.237854,0.378668,-0.388974,0.036906,-0.172034,0.207373,-0.229261,-0.117803,-0.16879,-0.151065,-0.102524
0.584898,0.237854,-0.388974,0.036906,-0.172034,0.207373,-0.229261,-0.117803,-0.16879,-0.151065,-0.102524,0.464766
0.582768,0.237854,0.036906,-0.172034,0.207373,-0.229261,-0.117803,-0.16879,-0.151065,-0.102524,0.464766,-0.433457
0.580859,0.237854,-0.172034,0.207373,-0.229261,-0.117803,-0.16879,-0.151065,-0.102524,0.464766,-0.433457,0.085576
0.579561,0.237854,0.207373,-0.229261,-0.117803,-0.16879,-0.151065,-0.102524,0.464766,-0.433457,0.085576,-0.156585
0.585441,0.237854,-0.229261,-0.117803,-0.16879,-0.151065,-0.102524,0.464766,-0.433457,0.085576,-0.156585,0.205364
0.579964,0.237854,-0.117803,-0.16879,-0.151065,-0.102524,0.464766,-0.433457,0.085576,-0.156585,0.205364,-0.035806
0.581046,0.237854,-0.16879,-0.151065,-0.102524,0.464766,-0.433457,0.085576,-0.156585,0.205364,-0.035806,-0.178785
0.579065,0.237854,-0.151065,-0.102524,0.464766,-0.433457,0.085576,-0.156585,0.205364,-0.035806,-0.178785,0.178133
0.581666,0.237854,-0.102524,0.464766,-0.433457,0.085576,-0.156585,0.205364,-0.035806,-0.178785,0.178133,-0.138184
0.581212,0.237854,0.464766,-0.433457,0.085576,-0.156585,0.205364,-0.035806,-0.178785,0.178133,-0.138184,0.069882
0.57895,0.237854,-0.433457,0.085576,-0.156585,0.205364,-0.035806,-0.178785,0.178133,-0.138184,0.069882,0.372219
0.581202,0.237854,0.085576,-0.156585,0.205364,-0.035806,-0.178785,0.178133,-0.138184,0.069882,0.372219,-0.204505
0.579455,0.237854,-0.156585,0.205364,-0.035806,-0.178785,0.178133,-0.138184,0.069882,0.372219,-0.204505,-0.050507
0.58034,0.237854,0.205364,-0.035806,-0.178785,0.178133,-0.138184,0.069882,0.372219,-0.204505,-0.050507,-0.070464
0.585048,0.237854,-0.035806,-0.178785,0.178133,-0.138184,0.069882,0.372219,-0.204505,-0.050507,-0.070464,0.342278
0.582466,0.237854,-0.178785,0.178133,-0.138184,0.069882,0.372219,-0.204505,-0.050507,-0.070464,0.342278,-0.054401
0.581828,0.237854,0.178133,-0.138184,0.069882,0.372219,-0.204505,-0.050507,-0.070464,0.342278,-0.054401,-0.005752
0.580938,0.237854,-0.138184,0.069882,0.372219,-0.204505,-0.050507,-0.070464,0.342278,-0.054401,-0.005752,-0.013306
0.585265,0.237854,0.069882,0.372219,-0.204505,-0.050507,-0.070464,0.342278,-0.054401,-0.005752,-0.013306,-0.033745
0.584578,0.237854,0.372219,-0.204505,-0.050507,-0.070464,0.342278,-0.054401,-0.005752,-0.013306,-0.033745,0.032683
0.584505,0.237854,-0.204505,-0.050507,-0.070464,0.342278,-0.054401,-0.005752,-0.013306,-0.033745,0.032683,0.306552
0.584337,0.237854,-0.050507,-0.070464,0.342278,-0.054401,-0.005752,-0.013306,-0.033745,0.032683,0.306552,-0.199155
0.583911,0.237854,-0.070464,0.342278,-0.054401,-0.005752,-0.013306,-0.033745,0.032683,0.306552,-0.199155,-0.06942
0.584324,0.237854,0.342278,-0.054401,-0.005752,-0.013306,-0.033745,0.032683,0.306552,-0.199155,-0.06942,-0.002723
0.588193,0.237854,-0.054401,-0.005752,-0.013306,-0.033745,0.032683,0.306552,-0.199155,-0.06942,-0.002723,0.313026
0.585684,0.237854,-0.005752,-0.013306,-0.033745,0.032683,0.306552,-0.199155,-0.06942,-0.002723,0.313026,-0.116927
0.584809,0.237854,-0.013306,-0.033745,0.032683,0.306552,-0.199155,-0.06942,-0.002723,0.313026,-0.116927,0.025776
0.584774,0.237854,-0.033745,0.032683,0.306552,-0.199155,-0.06942,-0.002723,0.313026,-0.116927,0.025776,0.036836
0.588722,0.237854,0.032683,0.306552,-0.199155,-0.06942,-0.002723,0.313026,-0.116927,0.025776,0.036836,-0.078056
0.587248,0.237854,0.306552,-0.199155,-0.06942,-0.002723,0.313026,-0.116927,0.025776,0.036836,-0.078056,-0.011164
0.587573,0.237854,-0.199155,-0.06942,-0.002723,0.313026,-0.116927,0.025776,0.036836,-0.078056,-0.011164,0.245507
0.588037,0.237854,-0.06942,-0.002723,0.313026,-0.116927,0.025776,0.036836,-0.078056,-0.011164,0.245507,-0.168369
0.587054,0.237854,-0.002723,0.313026,-0.116927,0.025776,0.036836,-0.078056,-0.011164,0.245507,-0.168369,-0.207106
0.586913,0.237854,0.313026,-0.116927,0.025776,0.036836,-0.078056,-0.011164,0.245507,-0.168369,-0.207106,-0.033894
0.590007,0.237854,-0.116927,0.025776,0.036836,-0.078056,-0.011164,0.245507,-0.168369,-0.207106,-0.033894,0.045041
0.587888,0.237854,0.025776,0.036836,-0.078056,-0.011164,0.245507,-0.168369,-0.207106,-0.033894,0.045041,0.06997
0.58528,0.237854,0.036836,-0.078056,-0.011164,0.245507,-0.168369,-0.207106,-0.033894,0.045041,0.06997,-0.186207
0.584853,0.237854,-0.078056,-0.011164,0.245507,-0.168369,-0.207106,-0.033894,0.045041,0.06997,-0.186207,0.030247
0.585421,0.237854,-0.011164,0.245507,-0.168369,-0.207106,-0.033894,0.045041,0.06997,-0.186207,0.030247,-0.126846
0.586305,0.237854,0.245507,-0.168369,-0.207106,-0.033894,0.045041,0.06997,-0.186207,0.030247,-0.126846,0.113255
0.583956,0.237854,-0.168369,-0.207106,-0.033894,0.045041,0.06997,-0.186207,0.030247,-0.126846,0.113255,0.343968
0.584337,0.237854,-0.207106,-0.033894,0.045041,0.06997,-0.186207,0.030247,-0.126846,0.113255,0.343968,-0.224196
0.582736,0.237854,-0.033894,0.045041,0.06997,-0.186207,0.030247,-0.126846,0.113255,0.343968,-0.224196,-0.007065
0.584167,0.237854,0.045041,0.06997,-0.186207,0.030247,-0.126846,0.113255,0.343968,-0.224196,-0.007065,-0.040161
0.588508,0.237854,0.06997,-0.186207,0.030247,-0.126846,0.113255,0.343968,-0.224196,-0.007065,-0.040161,0.344468
0.585684,0.237854,-0.186207,0.030247,-0.126846,0.113255,0.343968,-0.224196,-0.007065,-0.040161,0.344468,-0.054506
0.585595,0.237854,0.030247,-0.126846,0.113255,0.343968,-0.224196,-0.007065,-0.040161,0.344468,-0.054506,-0.011637
0.585088,0.237854,-0.126846,0.113255,0.343968,-0.224196,-0.007065,-0.040161,0.344468,-0.054506,-0.011637,-0.013289
0.589432,0.237854,0.113255,0.343968,-0.224196,-0.007065,-0.040161,0.344468,-0.054506,-0.011637,-0.013289,-0.046879
0.588745,0.237854,0.343968,-0.224196,-0.007065,-0.040161,0.344468,-0.054506,-0.011637,-0.013289,-0.046879,-0.023745
0.588598,0.237854,-0.224196,-0.007065,-0.040161,0.344468,-0.054506,-0.011637,-0.013289,-0.046879,-0.023745,0.359014
0.588431,0.237854,-0.007065,-0.040161,0.344468,-0.054506,-0.011637,-0.013289,-0.046879,-0.023745,0.359014,-0.250436
0.587841,0.237854,-0.040161,0.344468,-0.054506,-0.011637,-0.013289,-0.046879,-0.023745,0.359014,-0.250436,-0.044671
0.587542,0.237854,0.344468,-0.054506,-0.011637,-0.013289,-0.046879,-0.023745,0.359014,-0.250436,-0.044671,-0.021818
0.592063,0.237854,-0.054506,-0.011637,-0.013289,-0.046879,-0.023745,0.359014,-0.250436,-0.044671,-0.021818,0.308279
0.588914,0.237854,-0.011637,-0.013289,-0.046879,-0.023745,0.359014,-0.250436,-0.044671,-0.021818,0.308279,-0.048279
0.588352,0.237854,-0.013289,-0.046879,-0.023745,0.359014,-0.250436,-0.044671,-0.021818,0.308279,-0.048279,-0.03033
0.588078,0.237854,-0.046879,-0.023745,0.359014,-0.250436,-0.044671,-0.021818,0.308279,-0.048279,-0.03033,0.030861
0.591958,0.237854,-0.023745,0.359014,-0.250436,-0.044671,-0.021818,0.308279,-0.048279,-0.03033,0.030861,-0.059945
0.591351,0.237854,0.359014,-0.250436,-0.044671,-0.021818,0.308279,-0.048279,-0.03033,0.030861,-0.059945,-0.043042
0.59097,0.237854,-0.250436,-0.044671,-0.021818,0.308279,-0.048279,-0.03033,0.030861,-0.059945,-0.043042,0.430566
0.591357,0.237854,-0.044671,-0.021818,0.308279,-0.048279,-0.03033,0.030861,-0.059945,-0.043042,0.430566,-0.270632
0.590604,0.237854,-0.021818,0.308279,-0.048279,-0.03033,0.030861,-0.059945,-0.043042,0.430566,-0.270632,-0.006964
0.590062,0.237854,0.308279,-0.048279,-0.03033,0.030861,-0.059945,-0.043042,0.430566,-0.270632,-0.006964,-0.097864
0.595474,0.237854,-0.048279,-0.03033,0.030861,-0.059945,-0.043042,0.430566,-0.270632,-0.006964,-0.097864,0.322158
0.592079,0.237854,-0.03033,0.030861,-0.059945,-0.043042,0.430566,-0.270632,-0.006964,-0.097864,0.322158,-0.016712
0.591991,0.237854,0.030861,-0.059945,-0.043042,0.430566,-0.270632,-0.006964,-0.097864,0.322158,-0.016712,-0.200918
0.590762,0.237854,-0.059945,-0.043042,0.430566,-0.270632,-0.006964,-0.097864,0.322158,-0.016712,-0.200918,0.011984
0.59481,0.237854,-0.043042,0.430566,-0.270632,-0.006964,-0.097864,0.322158,-0.016712,-0.200918,0.011984,-0.192263
0.5946,0.237854,0.430566,-0.270632,-0.006964,-0.097864,0.322158,-0.016712,-0.200918,0.011984,-0.192263,0.044833
0.592079,0.237854,-0.270632,-0.006964,-0.097864,0.322158,-0.016712,-0.200918,0.011984,-0.192263,0.044833,0.316886
0.592229,0.237854,-0.006964,-0.097864,0.322158,-0.016712,-0.200918,0.011984,-0.192263,0.044833,0.316886,-0.162986
0.589814,0.237854,-0.097864,0.322158,-0.016712,-0.200918,0.011984,-0.192263,0.044833,0.316886,-0.162986,-0.082738
0.590378,0.237854,0.322158,-0.016712,-0.200918,0.011984,-0.192263,0.044833,0.316886,-0.162986,-0.082738,0.00933
0.594362,0.237854,-0.016712,-0.200918,0.011984,-0.192263,0.044833,0.316886,-0.162986,-0.082738,0.00933,0.297143
0.592317,0.237854,-0.200918,0.011984,-0.192263,0.044833,0.316886,-0.162986,-0.082738,0.00933,0.297143,-0.067313
0.591278,0.237854,0.011984,-0.192263,0.044833,0.316886,-0.162986,-0.082738,0.00933,0.297143,-0.067313,0.020517
0.591395,0.237854,-0.192263,0.044833,0.316886,-0.162986,-0.082738,0.00933,0.297143,-0.067313,0.020517,0.024811
0.595128,0.237854,0.044833,0.316886,-0.162986,-0.082738,0.00933,0.297143,-0.067313,0.020517,0.024811,-0.035281
0.594283,0.237854,0.316886,-0.162986,-0.082738,0.00933,0.297143,-0.067313,0.020517,0.024811,-0.035281,-0.125828
0.59454,0.237854,-0.162986,-0.082738,0.00933,0.297143,-0.067313,0.020517,0.024811,-0.035281,-0.125828,0.312194
0.594851,0.233948,-0.082738,0.00933,0.297143,-0.067313,0.020517,0.024811,-0.035281,-0.125828,0.312194,-0.290131
0.594409,0.233948,0.00933,0.297143,-0.067313,0.020517,0.024811,-0.035281,-0.125828,0.312194,-0.290131,-0.032244
0.592828,0.233948,0.297143,-0.067313,0.020517,0.024811,-0.035281,-0.125828,0.312194,-0.290131,-0.032244,-0.028672
0.596748,0.233948,-0.067313,0.020517,0.024811,-0.035281,-0.125828,0.312194,-0.290131,-0.032244,-0.028672,0.164644
0.59311,0.233948,0.020517,0.024811,-0.035281,-0.125828,0.312194,-0.290131,-0.032244,-0.028672,0.164644,-0.023045
0.592705,0.233948,0.024811,-0.035281,-0.125828,0.312194,-0.290131,-0.032244,-0.028672,0.164644,-0.023045,-0.288993
0.592346,0.233948,-0.035281,-0.125828,0.312194,-0.290131,-0.032244,-0.028672,0.164644,-0.023045,-0.288993,0.081298
0.594414,0.233948,-0.125828,0.312194,-0.290131,-0.032244,-0.028672,0.164644,-0.023045,-0.288993,0.081298,-0.19197
0.594124,0.233948,0.312194,-0.290131,-0.032244,-0.028672,0.164644,-0.023045,-0.288993,0.081298,-0.19197,0.007315
0.590495,0.233948,-0.290131,-0.032244,-0.028672,0.164644,-0.023045,-0.288993,0.081298,-0.19197,0.007315,0.177529
0.591516,0.233948,-0.032244,-0.028672,0.164644,-0.023045,-0.288993,0.081298,-0.19197,0.007315,0.177529,-0.212596
0.589103,0.233948,-0.028672,0.164644,-0.023045,-0.288993,0.081298,-0.19197,0.007315,0.177529,-0.212596,-0.038392
0.589195,0.233948,0.164644,-0.023045,-0.288993,0.081298,-0.19197,0.007315,0.177529,-0.212596,-0.038392,0.003246
0.59143,0.233948,-0.023045,-0.288993,0.081298,-0.19197,0.007315,0.177529,-0.212596,-0.038392,0.003246,0.239226
0.588756,0.233948,-0.288993,0.081298,-0.19197,0.007315,0.177529,-0.212596,-0.038392,0.003246,0.239226,0.058607
0.588273,0.233948,0.081298,-0.19197,0.007315,0.177529,-0.212596,-0.038392,0.003246,0.239226,0.058607,-0.074408
0.588314,0.233948,-0.19197,0.007315,0.177529,-0.212596,-0.038392,0.003246,0.239226,0.058607,-0.074408,-0.025893
0.591326,0.233948,0.007315,0.177529,-0.212596,-0.038392,0.003246,0.239226,0.058607,-0.074408,-0.025893,-0.185378
0.592063,0.233948,0.177529,-0.212596,-0.038392,0.003246,0.239226,0.058607,-0.074408,-0.025893,-0.185378,0.001124
0.591128,0.233948,-0.212596,-0.038392,0.003246,0.239226,0.058607,-0.074408,-0.025893,-0.185378,0.001124,0.328214
0.590803,0.233948,-0.038392,0.003246,0.239226,0.058607,-0.074408,-0.025893,-0.185378,0.001124,0.328214,-0.18779
0.588472,0.233948,0.003246,0.239226,0.058607,-0.074408,-0.025893,-0.185378,0.001124,0.328214,-0.18779,-0.076197
0.588486,0.233948,0.239226,0.058607,-0.074408,-0.025893,-0.185378,0.001124,0.328214,-0.18779,-0.076197,-0.021934
0.592617,0.233948,0.058607,-0.074408,-0.025893,-0.185378,0.001124,0.328214,-0.18779,-0.076197,-0.021934,0.289823
0.590258,0.233948,-0.074408,-0.025893,-0.185378,0.001124,0.328214,-0.18779,-0.076197,-0.021934,0.289823,-0.010501
0.5893,0.233948,-0.025893,-0.185378,0.001124,0.328214,-0.18779,-0.076197,-0.021934,0.289823,-0.010501,-0.049206
0.589024,0.233948,-0.185378,0.001124,0.328214,-0.18779,-0.076197,-0.021934,0.289823,-0.010501,-0.049206,0.068888
0.59267,0.233948,0.001124,0.328214,-0.18779,-0.076197,-0.021934,0.289823,-0.010501,-0.049206,0.068888,-0.079158
0.592538,0.233948,0.328214,-0.18779,-0.076197,-0.021934,0.289823,-0.010501,-0.049206,0.068888,-0.079158,0.02588
0.59192,0.233948,-0.18779,-0.076197,-0.021934,0.289823,-0.010501,-0.049206,0.068888,-0.079158,0.02588,0.3371
0.592785,0.233948,-0.076197,-0.021934,0.289823,-0.010501,-0.049206,0.068888,-0.079158,0.02588,0.3371,-0.182405
0.591791,0.233948,-0.021934,0.289823,-0.010501,-0.049206,0.068888,-0.079158,0.02588,0.3371,-0.182405,-0.13357
0.592116,0.233948,0.289823,-0.010501,-0.049206,0.068888,-0.079158,0.02588,0.3371,-0.182405,-0.13357,-0.028615
0.59635,0.233948,-0.010501,-0.049206,0.068888,-0.079158,0.02588,0.3371,-0.182405,-0.13357,-0.028615,0.221458
0.594063,0.233948,-0.049206,0.068888,-0.079158,0.02588,0.3371,-0.182405,-0.13357,-0.028615,0.221458,-0.010385
0.592388,0.233948,0.068888,-0.079158,0.02588,0.3371,-0.182405,-0.13357,-0.028615,0.221458,-0.010385,-0.16937
0.592029,0.233948,-0.079158,0.02588,0.3371,-0.182405,-0.13357,-0.028615,0.221458,-0.010385,-0.16937,-0.139534
0.59481,0.233948,0.02588,0.3371,-0.182405,-0.13357,-0.028615,0.221458,-0.010385,-0.16937,-0.139534,-0.197911
0.59468,0.233948,0.3371,-0.182405,-0.13357,-0.028615,0.221458,-0.010385,-0.16937,-0.139534,-0.197911,-0.055039
0.592555,0.233948,-0.182405,-0.13357,-0.028615,0.221458,-0.010385,-0.16937,-0.139534,-0.197911,-0.055039,0.428391
