0.301166,0.28479,0.148278,-0.061966,0.187129,-0.054155,-0.037719,0.031924,0.303823,-0.116274,-0.223664,0.155433
0.305832,0.28479,-0.061966,0.187129,-0.054155,-0.037719,0.031924,0.303823,-0.116274,-0.223664,0.155433,0.163381
0.30405,0.28479,0.187129,-0.054155,-0.037719,0.031924,0.303823,-0.116274,-0.223664,0.155433,0.163381,-0.107385
0.300619,0.28479,-0.054155,-0.037719,0.031924,0.303823,-0.116274,-0.223664,0.155433,0.163381,-0.107385,0.109392
0.303005,0.28479,-0.037719,0.031924,0.303823,-0.116274,-0.223664,0.155433,0.163381,-0.107385,0.109392,-0.016237
0.305512,0.28479,0.031924,0.303823,-0.116274,-0.223664,0.155433,0.163381,-0.107385,0.109392,-0.016237,-0.031398
0.303864,0.28479,0.303823,-0.116274,-0.223664,0.155433,0.163381,-0.107385,0.109392,-0.016237,-0.031398,-0.020159
0.305541,0.286102,-0.116274,-0.223664,0.155433,0.163381,-0.107385,0.109392,-0.016237,-0.031398,-0.020159,0.330904
0.305292,0.286102,-0.223664,0.155433,0.163381,-0.107385,0.109392,-0.016237,-0.031398,-0.020159,0.330904,-0.155412
0.304812,0.286102,0.155433,0.163381,-0.107385,0.109392,-0.016237,-0.031398,-0.020159,0.330904,-0.155412,-0.169642
0.304502,0.286102,0.163381,-0.107385,0.109392,-0.016237,-0.031398,-0.020159,0.330904,-0.155412,-0.169642,0.104274
0.309571,0.286102,-0.107385,0.109392,-0.016237,-0.031398,-0.020159,0.330904,-0.155412,-0.169642,0.104274,-0.082794
0.307196,0.286102,0.109392,-0.016237,-0.031398,-0.020159,0.330904,-0.155412,-0.169642,0.104274,-0.082794,0.024266
0.3046,0.286102,-0.016237,-0.031398,-0.020159,0.330904,-0.155412,-0.169642,0.104274,-0.082794,0.024266,-0.178454
0.306197,0.286102,-0.031398,-0.020159,0.330904,-0.155412,-0.169642,0.104274,-0.082794,0.024266,-0.178454,0.06693
0.304927,0.286102,-0.020159,0.330904,-0.155412,-0.169642,0.104274,-0.082794,0.024266,-0.178454,0.06693,-0.058825
0.3053,0.286102,0.330904,-0.155412,-0.169642,0.104274,-0.082794,0.024266,-0.178454,0.06693,-0.058825,-0.081772
0.302563,0.286102,-0.155412,-0.169642,0.104274,-0.082794,0.024266,-0.178454,0.06693,-0.058825,-0.081772,0.217257
0.303589,0.286102,-0.169642,0.104274,-0.082794,0.024266,-0.178454,0.06693,-0.058825,-0.081772,0.217257,-0.288537
0.302687,0.286102,0.104274,-0.082794,0.024266,-0.178454,0.06693,-0.058825,-0.081772,0.217257,-0.288537,-0.108903
0.30143,0.286102,-0.082794,0.024266,-0.178454,0.06693,-0.058825,-0.081772,0.217257,-0.288537,-0.108903,0.15486
0.304768,0.286102,0.024266,-0.178454,0.06693,-0.058825,-0.081772,0.217257,-0.288537,-0.108903,0.15486,0.166295
0.300338,0.286102,-0.178454,0.06693,-0.058825,-0.081772,0.217257,-0.288537,-0.108903,0.15486,0.166295,-0.06913
0.298663,0.286102,0.06693,-0.058825,-0.081772,0.217257,-0.288537,-0.108903,0.15486,0.166295,-0.06913,0.102005
0.301045,0.286102,-0.058825,-0.081772,0.217257,-0.288537,-0.108903,0.15486,0.166295,-0.06913,0.102005,-0.037029
0.3036,0.286102,-0.081772,0.217257,-0.288537,-0.108903,0.15486,0.166295,-0.06913,0.102005,-0.037029,-0.065722
0.302538,0.286102,0.217257,-0.288537,-0.108903,0.15486,0.166295,-0.06913,0.102005,-0.037029,-0.065722,0.031874
0.304103,0.286102,-0.288537,-0.108903,0.15486,0.166295,-0.06913,0.102005,-0.037029,-0.065722,0.031874,0.284313
0.303536,0.283905,-0.108903,0.15486,0.166295,-0.06913,0.102005,-0.037029,-0.065722,0.031874,0.284313,-0.321168
0.302528,0.283905,0.15486,0.166295,-0.06913,0.102005,-0.037029,-0.065722,0.031874,0.284313,-0.321168,-0.154148
0.303017,0.283905,0.166295,-0.06913,0.102005,-0.037029,-0.065722,0.031874,0.284313,-0.321168,-0.154148,-0.164219
0.307378,0.283905,-0.06913,0.102005,-0.037029,-0.065722,0.031874,0.284313,-0.321168,-0.154148,-0.164219,-0.012271
0.302457,0.283905,0.102005,-0.037029,-0.065722,0.031874,0.284313,-0.321168,-0.154148,-0.164219,-0.012271,-0.156763
0.30009,0.283905,-0.037029,-0.065722,0.031874,0.284313,-0.321168,-0.154148,-0.164219,-0.012271,-0.156763,0.126883
0.297562,0.283905,-0.065722,0.031874,0.284313,-0.321168,-0.154148,-0.164219,-0.012271,-0.156763,0.126883,0.018046
0.297373,0.283905,0.031874,0.284313,-0.321168,-0.154148,-0.164219,-0.012271,-0.156763,0.126883,0.018046,-0.125585
0.294952,0.283905,0.284313,-0.321168,-0.154148,-0.164219,-0.012271,-0.156763,0.126883,0.018046,-0.125585,-0.126869
0.29691,0.283905,-0.321168,-0.154148,-0.164219,-0.012271,-0.156763,0.126883,0.018046,-0.125585,-0.126869,0.199082
0.297188,0.283905,-0.154148,-0.164219,-0.012271,-0.156763,0.126883,0.018046,-0.125585,-0.126869,0.199082,-0.060205
0.295251,0.283905,-0.164219,-0.012271,-0.156763,0.126883,0.018046,-0.125585,-0.126869,0.199082,-0.060205,-0.16199
0.293289,0.283905,-0.012271,-0.156763,0.126883,0.018046,-0.125585,-0.126869,0.199082,-0.060205,-0.16199,0.166794
0.296368,0.283905,-0.156763,0.126883,0.018046,-0.125585,-0.126869,0.199082,-0.060205,-0.16199,0.166794,0.178405
0.295438,0.283905,0.126883,0.018046,-0.125585,-0.126869,0.199082,-0.060205,-0.16199,0.166794,0.178405,-0.116265
0.292937,0.283905,0.018046,-0.125585,-0.126869,0.199082,-0.060205,-0.16199,0.166794,0.178405,-0.116265,0.134308
0.295513,0.283905,-0.125585,-0.126869,0.199082,-0.060205,-0.16199,0.166794,0.178405,-0.116265,0.134308,-0.050382
0.298267,0.283905,-0.126869,0.199082,-0.060205,-0.16199,0.166794,0.178405,-0.116265,0.134308,-0.050382,-0.040597
0.296472,0.283905,0.199082,-0.060205,-0.16199,0.166794,0.178405,-0.116265,0.134308,-0.050382,-0.040597,0.035441
0.298542,0.283905,-0.060205,-0.16199,0.166794,0.178405,-0.116265,0.134308,-0.050382,-0.040597,0.035441,0.308052
0.297767,0.283905,-0.16199,0.166794,0.178405,-0.116265,0.134308,-0.050382,-0.040597,0.035441,0.308052,-0.177517
0.297142,0.283905,0.166794,0.178405,-0.116265,0.134308,-0.050382,-0.040597,0.035441,0.308052,-0.177517,-0.204484
0.297688,0.283905,0.178405,-0.116265,0.134308,-0.050382,-0.040597,0.035441,0.308052,-0.177517,-0.204484,0.171386
0.302432,0.283905,-0.116265,0.134308,-0.050382,-0.040597,0.035441,0.308052,-0.177517,-0.204484,0.171386,0.114249
0.299704,0.283905,0.134308,-0.050382,-0.040597,0.035441,0.308052,-0.177517,-0.204484,0.171386,0.114249,-0.109978
0.296556,0.283905,-0.050382,-0.040597,0.035441,0.308052,-0.177517,-0.204484,0.171386,0.114249,-0.109978,0.125076
0.299196,0.283905,-0.040597,0.035441,0.308052,-0.177517,-0.204484,0.171386,0.114249,-0.109978,0.125076,-0.026515
0.300954,0.283905,0.035441,0.308052,-0.177517,-0.204484,0.171386,0.114249,-0.109978,0.125076,-0.026515,-0.058253
0.299261,0.283905,0.308052,-0.177517,-0.204484,0.171386,0.114249,-0.109978,0.125076,-0.026515,-0.058253,-0.016008
0.301185,0.283905,-0.177517,-0.204484,0.171386,0.114249,-0.109978,0.125076,-0.026515,-0.058253,-0.016008,0.333825
0.300777,0.283905,-0.204484,0.171386,0.114249,-0.109978,0.125076,-0.026515,-0.058253,-0.016008,0.333825,-0.150659
0.299882,0.283905,0.171386,0.114249,-0.109978,0.125076,-0.026515,-0.058253,-0.016008,0.333825,-0.150659,-0.185097
0.299635,0.283905,0.114249,-0.109978,0.125076,-0.026515,-0.058253,-0.016008,0.333825,-0.150659,-0.185097,0.12409
0.304768,0.283905,-0.109978,0.125076,-0.026515,-0.058253,-0.016008,0.333825,-0.150659,-0.185097,0.12409,0.156069
0.302457,0.283905,0.125076,-0.026515,-0.058253,-0.016008,0.333825,-0.150659,-0.185097,0.12409,0.156069,-0.113987
0.299614,0.283905,-0.026515,-0.058253,-0.016008,0.333825,-0.150659,-0.185097,0.12409,0.156069,-0.113987,0.126157
0.301521,0.283905,-0.058253,-0.016008,0.333825,-0.150659,-0.185097,0.12409,0.156069,-0.113987,0.126157,-0.050895
0.303919,0.283905,-0.016008,0.333825,-0.150659,-0.185097,0.12409,0.156069,-0.113987,0.126157,-0.050895,-0.038034
0.302167,0.283905,0.333825,-0.150659,-0.185097,0.12409,0.156069,-0.113987,0.126157,-0.050895,-0.038034,0.014616
0.304103,0.283905,-0.150659,-0.185097,0.12409,0.156069,-0.113987,0.126157,-0.050895,-0.038034,0.014616,0.31566
0.303323,0.283905,-0.185097,0.12409,0.156069,-0.113987,0.126157,-0.050895,-0.038034,0.014616,0.31566,-0.141011
0.30274,0.283905,0.12409,0.156069,-0.113987,0.126157,-0.050895,-0.038034,0.014616,0.31566,-0.141011,-0.203691
0.302964,0.283905,0.156069,-0.113987,0.126157,-0.050895,-0.038034,0.014616,0.31566,-0.141011,-0.203691,0.155985
0.307806,0.280243,-0.113987,0.126157,-0.050895,-0.038034,0.014616,0.31566,-0.141011,-0.203691,0.155985,0.143001
0.305648,0.280243,0.126157,-0.050895,-0.038034,0.014616,0.31566,-0.141011,-0.203691,0.155985,0.143001,-0.145832
0.302527,0.280243,-0.050895,-0.038034,0.014616,0.31566,-0.141011,-0.203691,0.155985,0.143001,-0.145832,0.123691
0.304918,0.280243,-0.038034,0.014616,0.31566,-0.141011,-0.203691,0.155985,0.143001,-0.145832,0.123691,-0.023239
0.307109,0.280243,0.014616,0.31566,-0.141011,-0.203691,0.155985,0.143001,-0.145832,0.123691,-0.023239,-0.05243
0.304874,0.280243,0.31566,-0.141011,-0.203691,0.155985,0.143001,-0.145832,0.123691,-0.023239,-0.05243,-0.009879
0.306768,0.280243,-0.141011,-0.203691,0.155985,0.143001,-0.145832,0.123691,-0.023239,-0.05243,-0.009879,0.300105
0.306413,0.280243,-0.203691,0.155985,0.143001,-0.145832,0.123691,-0.023239,-0.05243,-0.009879,0.300105,-0.117049
0.30561,0.280243,0.155985,0.143001,-0.145832,0.123691,-0.023239,-0.05243,-0.009879,0.300105,-0.117049,-0.218781
0.305459,0.280243,0.143001,-0.145832,0.123691,-0.023239,-0.05243,-0.009879,0.300105,-0.117049,-0.218781,0.139224
0.310053,0.280243,-0.145832,0.123691,-0.023239,-0.05243,-0.009879,0.300105,-0.117049,-0.218781,0.139224,0.14348
0.308265,0.280243,0.123691,-0.023239,-0.05243,-0.009879,0.300105,-0.117049,-0.218781,0.139224,0.14348,-0.132468
0.30492,0.280243,-0.023239,-0.05243,-0.009879,0.300105,-0.117049,-0.218781,0.139224,0.14348,-0.132468,0.121041
0.30705,0.280243,-0.05243,-0.009879,0.300105,-0.117049,-0.218781,0.139224,0.14348,-0.132468,0.121041,-0.04786
0.309245,0.280243,-0.009879,0.300105,-0.117049,-0.218781,0.139224,0.14348,-0.132468,0.121041,-0.04786,-0.05979
0.307218,0.280243,0.300105,-0.117049,-0.218781,0.139224,0.14348,-0.132468,0.121041,-0.04786,-0.05979,0.000346
0.309069,0.280243,-0.117049,-0.218781,0.139224,0.14348,-0.132468,0.121041,-0.04786,-0.05979,0.000346,0.291022
0.308338,0.280243,-0.218781,0.139224,0.14348,-0.132468,0.121041,-0.04786,-0.05979,0.000346,0.291022,-0.156038
0.307424,0.280243,0.139224,0.14348,-0.132468,0.121041,-0.04786,-0.05979,0.000346,0.291022,-0.156038,-0.2089
0.307429,0.280243,0.14348,-0.132468,0.121041,-0.04786,-0.05979,0.000346,0.291022,-0.156038,-0.2089,0.167616
0.311878,0.280243,-0.132468,0.121041,-0.04786,-0.05979,0.000346,0.291022,-0.156038,-0.2089,0.167616,0.115786
0.309497,0.278931,0.121041,-0.04786,-0.05979,0.000346,0.291022,-0.156038,-0.2089,0.167616,0.115786,-0.129311
0.306306,0.278931,-0.04786,-0.05979,0.000346,0.291022,-0.156038,-0.2089,0.167616,0.115786,-0.129311,0.111016
0.308868,0.278931,-0.05979,0.000346,0.291022,-0.156038,-0.2089,0.167616,0.115786,-0.129311,0.111016,-0.033904
0.310638,0.278931,0.000346,0.291022,-0.156038,-0.2089,0.167616,0.115786,-0.129311,0.111016,-0.033904,-0.070607
0.308661,0.278931,0.291022,-0.156038,-0.2089,0.167616,0.115786,-0.129311,0.111016,-0.033904,-0.070607,-0.111422
0.310356,0.278931,-0.156038,-0.2089,0.167616,0.115786,-0.129311,0.111016,-0.033904,-0.070607,-0.111422,0.146826
0.309839,0.278931,-0.2089,0.167616,0.115786,-0.129311,0.111016,-0.033904,-0.070607,-0.111422,0.146826,-0.256405
0.308761,0.278931,0.167616,0.115786,-0.129311,0.111016,-0.033904,-0.070607,-0.111422,0.146826,-0.256405,-0.123937
0.307056,0.278931,0.115786,-0.129311,0.111016,-0.033904,-0.070607,-0.111422,0.146826,-0.256405,-0.123937,0.128429
0.309303,0.278931,-0.129311,0.111016,-0.033904,-0.070607,-0.111422,0.146826,-0.256405,-0.123937,0.128429,0.143118
0.305381,0.278931,0.111016,-0.033904,-0.070607,-0.111422,0.146826,-0.256405,-0.123937,0.128429,0.143118,-0.104301
0.303483,0.278931,-0.033904,-0.070607,-0.111422,0.146826,-0.256405,-0.123937,0.128429,0.143118,-0.104301,0.103136
0.305451,0.278931,-0.070607,-0.111422,0.146826,-0.256405,-0.123937,0.128429,0.143118,-0.104301,0.103136,-0.016263
0.307643,0.278931,-0.111422,0.146826,-0.256405,-0.123937,0.128429,0.143118,-0.104301,0.103136,-0.016263,-0.077026
0.306045,0.278931,0.146826,-0.256405,-0.123937,0.128429,0.143118,-0.104301,0.103136,-0.016263,-0.077026,0.000473
0.307623,0.278931,-0.256405,-0.123937,0.128429,0.143118,-0.104301,0.103136,-0.016263,-0.077026,0.000473,0.31824
0.307375,0.278931,-0.123937,0.128429,0.143118,-0.104301,0.103136,-0.016263,-0.077026,0.000473,0.31824,-0.176843
0.306197,0.278931,0.128429,0.143118,-0.104301,0.103136,-0.016263,-0.077026,0.000473,0.31824,-0.176843,-0.170071
0.306204,0.278931,0.143118,-0.104301,0.103136,-0.016263,-0.077026,0.000473,0.31824,-0.176843,-0.170071,0.087017
0.311072,0.278931,-0.104301,0.103136,-0.016263,-0.077026,0.000473,0.31824,-0.176843,-0.170071,0.087017,0.136496
0.308372,0.278931,0.103136,-0.016263,-0.077026,0.000473,0.31824,-0.176843,-0.170071,0.087017,0.136496,-0.139429
0.305772,0.278931,-0.016263,-0.077026,0.000473,0.31824,-0.176843,-0.170071,0.087017,0.136496,-0.139429,0.099951
0.307104,0.278931,-0.077026,0.000473,0.31824,-0.176843,-0.170071,0.087017,0.136496,-0.139429,0.099951,-0.04081
0.309192,0.278931,0.000473,0.31824,-0.176843,-0.170071,0.087017,0.136496,-0.139429,0.099951,-0.04081,-0.059714
0.307058,0.278931,0.31824,-0.176843,-0.170071,0.087017,0.136496,-0.139429,0.099951,-0.04081,-0.059714,-0.003098
0.308586,0.278931,-0.176843,-0.170071,0.087017,0.136496,-0.139429,0.099951,-0.04081,-0.059714,-0.003098,0.073365
0.307963,0.278931,-0.170071,0.087017,0.136496,-0.139429,0.099951,-0.04081,-0.059714,-0.003098,0.073365,-0.050377
0.30705,0.278931,0.087017,0.136496,-0.139429,0.099951,-0.04081,-0.059714,-0.003098,0.073365,-0.050377,-0.491303
0.307003,0.278931,0.136496,-0.139429,0.099951,-0.04081,-0.059714,-0.003098,0.073365,-0.050377,-0.491303,0.265908
0.308126,0.278931,-0.139429,0.099951,-0.04081,-0.059714,-0.003098,0.073365,-0.050377,-0.491303,0.265908,0.066454
0.307356,0.278931,0.099951,-0.04081,-0.059714,-0.003098,0.073365,-0.050377,-0.491303,0.265908,0.066454,-0.131443
0.299825,0.278931,-0.04081,-0.059714,-0.003098,0.073365,-0.050377,-0.491303,0.265908,0.066454,-0.131443,0.220407
0.303908,0.278931,-0.059714,-0.003098,0.073365,-0.050377,-0.491303,0.265908,0.066454,-0.131443,0.220407,-0.110267
0.304927,0.278931,-0.003098,0.073365,-0.050377,-0.491303,0.265908,0.066454,-0.131443,0.220407,-0.110267,-0.045169
0.302909,0.278931,0.073365,-0.050377,-0.491303,0.265908,0.066454,-0.131443,0.220407,-0.110267,-0.045169,-0.013116
0.306288,0.278931,-0.050377,-0.491303,0.265908,0.066454,-0.131443,0.220407,-0.110267,-0.045169,-0.013116,0.288302
0.3046,0.278931,-0.491303,0.265908,0.066454,-0.131443,0.220407,-0.110267,-0.045169,-0.013116,0.288302,-0.123665
0.303908,0.278931,0.265908,0.066454,-0.131443,0.220407,-0.110267,-0.045169,-0.013116,0.288302,-0.123665,-0.217809
0.303706,0.278931,0.066454,-0.131443,0.220407,-0.110267,-0.045169,-0.013116,0.288302,-0.123665,-0.217809,0.145666
0.308126,0.278931,-0.131443,0.220407,-0.110267,-0.045169,-0.013116,0.288302,-0.123665,-0.217809,0.145666,0.097794
0.306234,0.278931,0.220407,-0.110267,-0.045169,-0.013116,0.288302,-0.123665,-0.217809,0.145666,0.097794,-0.142237
0.302898,0.278931,-0.110267,-0.045169,-0.013116,0.288302,-0.123665,-0.217809,0.145666,0.097794,-0.142237,0.113072
0.305131,0.278931,-0.045169,-0.013116,0.288302,-0.123665,-0.217809,0.145666,0.097794,-0.142237,0.113072,-0.051093
0.30663,0.278931,-0.013116,0.288302,-0.123665,-0.217809,0.145666,0.097794,-0.142237,0.113072,-0.051093,-0.073071
0.304449,0.275818,0.288302,-0.123665,-0.217809,0.145666,0.097794,-0.142237,0.113072,-0.051093,-0.073071,0.011043
0.306181,0.275818,-0.123665,-0.217809,0.145666,0.097794,-0.142237,0.113072,-0.051093,-0.073071,0.011043,0.264378
0.305399,0.275818,-0.217809,0.145666,0.097794,-0.142237,0.113072,-0.051093,-0.073071,0.011043,0.264378,-0.311507
0.30428,0.275818,0.145666,0.097794,-0.142237,0.113072,-0.051093,-0.073071,0.011043,0.264378,-0.311507,-0.144223
0.304449,0.275818,0.097794,-0.142237,0.113072,-0.051093,-0.073071,0.011043,0.264378,-0.311507,-0.144223,-0.099661
0.3085,0.275818,-0.142237,0.113072,-0.051093,-0.073071,0.011043,0.264378,-0.311507,-0.144223,-0.099661,0.05596
0.303731,0.275818,0.113072,-0.051093,-0.073071,0.011043,0.264378,-0.311507,-0.144223,-0.099661,0.05596,-0.215802
0.301519,0.275818,-0.051093,-0.073071,0.011043,0.264378,-0.311507,-0.144223,-0.099661,0.05596,-0.215802,-0.267444
0.299987,0.275818,-0.073071,0.011043,0.264378,-0.311507,-0.144223,-0.099661,0.05596,-0.215802,-0.267444,-0.211746
0.300849,0.275818,0.011043,0.264378,-0.311507,-0.144223,-0.099661,0.05596,-0.215802,-0.267444,-0.211746,-0.079588
0.297523,0.275818,0.264378,-0.311507,-0.144223,-0.099661,0.05596,-0.215802,-0.267444,-0.211746,-0.079588,0.002206
0.293395,0.275818,-0.311507,-0.144223,-0.099661,0.05596,-0.215802,-0.267444,-0.211746,-0.079588,0.002206,0.179979
0.29012,0.275818,-0.144223,-0.099661,0.05596,-0.215802,-0.267444,-0.211746,-0.079588,0.002206,0.179979,-0.177413
0.288886,0.275818,-0.099661,0.05596,-0.215802,-0.267444,-0.211746,-0.079588,0.002206,0.179979,-0.177413,-0.066215
0.28892,0.275818,0.05596,-0.215802,-0.267444,-0.211746,-0.079588,0.002206,0.179979,-0.177413,-0.066215,0.175272
0.291713,0.275818,-0.215802,-0.267444,-0.211746,-0.079588,0.002206,0.179979,-0.177413,-0.066215,0.175272,0.14656
0.288963,0.275818,-0.267444,-0.211746,-0.079588,0.002206,0.179979,-0.177413,-0.066215,0.175272,0.14656,-0.058023
0.287936,0.275818,-0.211746,-0.079588,0.002206,0.179979,-0.177413,-0.066215,0.175272,0.14656,-0.058023,0.176648
0.290653,0.273468,-0.079588,0.002206,0.179979,-0.177413,-0.066215,0.175272,0.14656,-0.058023,0.176648,-0.029663
0.292924,0.273468,0.002206,0.179979,-0.177413,-0.066215,0.175272,0.14656,-0.058023,0.176648,-0.029663,-0.036659
0.292025,0.273468,0.179979,-0.177413,-0.066215,0.175272,0.14656,-0.058023,0.176648,-0.029663,-0.036659,-0.072454
0.294757,0.273468,-0.177413,-0.066215,0.175272,0.14656,-0.058023,0.176648,-0.029663,-0.036659,-0.072454,0.144489
0.294299,0.273468,-0.066215,0.175272,0.14656,-0.058023,0.176648,-0.029663,-0.036659,-0.072454,0.144489,-0.249199
0.293732,0.273468,0.175272,0.14656,-0.058023,0.176648,-0.029663,-0.036659,-0.072454,0.144489,-0.249199,-0.126911
0.292611,0.273468,0.14656,-0.058023,0.176648,-0.029663,-0.036659,-0.072454,0.144489,-0.249199,-0.126911,0.192504
0.294847,0.273468,-0.058023,0.176648,-0.029663,-0.036659,-0.072454,0.144489,-0.249199,-0.126911,0.192504,0.136741
0.290993,0.273468,0.176648,-0.029663,-0.036659,-0.072454,0.144489,-0.249199,-0.126911,0.192504,0.136741,-0.074982
0.289027,0.273468,-0.029663,-0.036659,-0.072454,0.144489,-0.249199,-0.126911,0.192504,0.136741,-0.074982,0.143121
0.292009,0.273468,-0.036659,-0.072454,0.144489,-0.249199,-0.126911,0.192504,0.136741,-0.074982,0.143121,-0.005887
0.294125,0.273468,-0.072454,0.144489,-0.249199,-0.126911,0.192504,0.136741,-0.074982,0.143121,-0.005887,-0.033387
0.292965,0.273468,0.144489,-0.249199,-0.126911,0.192504,0.136741,-0.074982,0.143121,-0.005887,-0.033387,0.025339
0.295176,0.273468,-0.249199,-0.126911,0.192504,0.136741,-0.074982,0.143121,-0.005887,-0.033387,0.025339,0.336781
0.295085,0.273468,-0.126911,0.192504,0.136741,-0.074982,0.143121,-0.005887,-0.033387,0.025339,0.336781,-0.101538
0.29457,0.273468,0.192504,0.136741,-0.074982,0.143121,-0.005887,-0.033387,0.025339,0.336781,-0.101538,-0.238002
0.294962,0.273468,0.136741,-0.074982,0.143121,-0.005887,-0.033387,0.025339,0.336781,-0.101538,-0.238002,-0.097729
0.300158,0.273468,-0.074982,0.143121,-0.005887,-0.033387,0.025339,0.336781,-0.101538,-0.238002,-0.097729,0.12349
0.298595,0.273468,0.143121,-0.005887,-0.033387,0.025339,0.336781,-0.101538,-0.238002,-0.097729,0.12349,-0.075109
0.294928,0.273468,-0.005887,-0.033387,0.025339,0.336781,-0.101538,-0.238002,-0.097729,0.12349,-0.075109,0.181126
0.293419,0.273468,-0.033387,0.025339,0.336781,-0.101538,-0.238002,-0.097729,0.12349,-0.075109,0.181126,-0.118347
0.295328,0.273468,0.025339,0.336781,-0.101538,-0.238002,-0.097729,0.12349,-0.075109,0.181126,-0.118347,-0.13838
0.294167,0.273468,0.336781,-0.101538,-0.238002,-0.097729,0.12349,-0.075109,0.181126,-0.118347,-0.13838,-0.068883
0.296962,0.273468,-0.101538,-0.238002,-0.097729,0.12349,-0.075109,0.181126,-0.118347,-0.13838,-0.068883,0.405823
0.295138,0.273468,-0.238002,-0.097729,0.12349,-0.075109,0.181126,-0.118347,-0.13838,-0.068883,0.405823,-0.111474
0.293,0.273468,-0.097729,0.12349,-0.075109,0.181126,-0.118347,-0.13838,-0.068883,0.405823,-0.111474,-0.206433
0.291934,0.273468,0.12349,-0.075109,0.181126,-0.118347,-0.13838,-0.068883,0.405823,-0.111474,-0.206433,-0.029751
0.298207,0.273468,-0.075109,0.181126,-0.118347,-0.13838,-0.068883,0.405823,-0.111474,-0.206433,-0.029751,0.119992
0.296489,0.273468,0.181126,-0.118347,-0.13838,-0.068883,0.405823,-0.111474,-0.206433,-0.029751,0.119992,-0.054774
0.293304,0.273468,-0.118347,-0.13838,-0.068883,0.405823,-0.111474,-0.206433,-0.029751,0.119992,-0.054774,0.12647
0.292844,0.273468,-0.13838,-0.068883,0.405823,-0.111474,-0.206433,-0.029751,0.119992,-0.054774,0.12647,0.052085
0.2947,0.273468,-0.068883,0.405823,-0.111474,-0.206433,-0.029751,0.119992,-0.054774,0.12647,0.052085,0.003864
0.293853,0.273468,0.405823,-0.111474,-0.206433,-0.029751,0.119992,-0.054774,0.12647,0.052085,0.003864,0.066101
0.295806,0.273468,-0.111474,-0.206433,-0.029751,0.119992,-0.054774,0.12647,0.052085,0.003864,0.066101,0.30116
0.296609,0.273468,-0.206433,-0.029751,0.119992,-0.054774,0.12647,0.052085,0.003864,0.066101,0.30116,-0.088091
0.296668,0.273468,-0.029751,0.119992,-0.054774,0.12647,0.052085,0.003864,0.066101,0.30116,-0.088091,-0.167374
0.297688,0.273468,0.119992,-0.054774,0.12647,0.052085,0.003864,0.066101,0.30116,-0.088091,-0.167374,0.185769
0.302326,0.273468,-0.054774,0.12647,0.052085,0.003864,0.066101,0.30116,-0.088091,-0.167374,0.185769,0.173277
0.300973,0.273468,0.12647,0.052085,0.003864,0.066101,0.30116,-0.088091,-0.167374,0.185769,0.173277,-0.113987
0.2984,0.273468,0.052085,0.003864,0.066101,0.30116,-0.088091,-0.167374,0.185769,0.173277,-0.113987,0.025753
0.301256,0.273468,0.003864,0.066101,0.30116,-0.088091,-0.167374,0.185769,0.173277,-0.113987,0.025753,-0.133532
0.303919,0.273468,0.066101,0.30116,-0.088091,-0.167374,0.185769,0.173277,-0.113987,0.025753,-0.133532,-0.140462
0.302167,0.272552,0.30116,-0.088091,-0.167374,0.185769,0.173277,-0.113987,0.025753,-0.133532,-0.140462,0.11068
0.302563,0.272552,-0.088091,-0.167374,0.185769,0.173277,-0.113987,0.025753,-0.133532,-0.140462,0.11068,0.313366
0.300513,0.272552,-0.167374,0.185769,0.173277,-0.113987,0.025753,-0.133532,-0.140462,0.11068,0.313366,-0.133395
0.298352,0.272552,0.185769,0.173277,-0.113987,0.025753,-0.133532,-0.140462,0.11068,0.313366,-0.133395,-0.126709
0.300057,0.272552,0.173277,-0.113987,0.025753,-0.133532,-0.140462,0.11068,0.313366,-0.133395,-0.126709,0.152042
0.304874,0.272552,-0.113987,0.025753,-0.133532,-0.140462,0.11068,0.313366,-0.133395,-0.126709,0.152042,0.170379
0.302828,0.272552,0.025753,-0.133532,-0.140462,0.11068,0.313366,-0.133395,-0.126709,0.152042,0.170379,-0.107443
0.300883,0.272552,-0.133532,-0.140462,0.11068,0.313366,-0.133395,-0.126709,0.152042,0.170379,-0.107443,0.182728
0.303217,0.272552,-0.140462,0.11068,0.313366,-0.133395,-0.126709,0.152042,0.170379,-0.107443,0.182728,0.001219
0.305831,0.272552,0.11068,0.313366,-0.133395,-0.126709,0.152042,0.170379,-0.107443,0.182728,0.001219,-0.052549
0.304183,0.272552,0.313366,-0.133395,-0.126709,0.152042,0.170379,-0.107443,0.182728,0.001219,-0.052549,-0.051599
0.306982,0.272552,-0.133395,-0.126709,0.152042,0.170379,-0.107443,0.182728,0.001219,-0.052549,-0.051599,0.156624
0.307,0.272552,-0.126709,0.152042,0.170379,-0.107443,0.182728,0.001219,-0.052549,-0.051599,0.156624,-0.217484
0.306197,0.272552,0.152042,0.170379,-0.107443,0.182728,0.001219,-0.052549,-0.051599,0.156624,-0.217484,-0.102924
0.305406,0.272552,0.170379,-0.107443,0.182728,0.001219,-0.052549,-0.051599,0.156624,-0.217484,-0.102924,0.183924
0.307806,0.272552,-0.107443,0.182728,0.001219,-0.052549,-0.051599,0.156624,-0.217484,-0.102924,0.183924,-0.082657
0.304476,0.272552,0.182728,0.001219,-0.052549,-0.051599,0.156624,-0.217484,-0.102924,0.183924,-0.082657,0.086671
0.302898,0.272552,0.001219,-0.052549,-0.051599,0.156624,-0.217484,-0.102924,0.183924,-0.082657,0.086671,-0.171695
0.305717,0.272552,-0.052549,-0.051599,0.156624,-0.217484,-0.102924,0.183924,-0.082657,0.086671,-0.171695,0.108742
0.304449,0.272552,-0.051599,0.156624,-0.217484,-0.102924,0.183924,-0.082657,0.086671,-0.171695,0.108742,-0.04867
0.305779,0.272552,0.156624,-0.217484,-0.102924,0.183924,-0.082657,0.086671,-0.171695,0.108742,-0.04867,0.031827
0.303147,0.272552,-0.217484,-0.102924,0.183924,-0.082657,0.086671,-0.171695,0.108742,-0.04867,0.031827,0.380046
0.304813,0.272552,-0.102924,0.183924,-0.082657,0.086671,-0.171695,0.108742,-0.04867,0.031827,0.380046,-0.141629
0.304067,0.273865,0.183924,-0.082657,0.086671,-0.171695,0.108742,-0.04867,0.031827,0.380046,-0.141629,-0.163041
0.304556,0.273865,-0.082657,0.086671,-0.171695,0.108742,-0.04867,0.031827,0.380046,-0.141629,-0.163041,0.15692
0.310375,0.273865,0.086671,-0.171695,0.108742,-0.04867,0.031827,0.380046,-0.141629,-0.163041,0.15692,0.161272
0.308212,0.273865,-0.171695,0.108742,-0.04867,0.031827,0.380046,-0.141629,-0.163041,0.15692,0.161272,-0.122311
0.305719,0.273865,0.108742,-0.04867,0.031827,0.380046,-0.141629,-0.163041,0.15692,0.161272,-0.122311,0.142719
0.308119,0.273865,-0.04867,0.031827,0.380046,-0.141629,-0.163041,0.15692,0.161272,-0.122311,0.142719,-0.033929
0.310584,0.273865,0.031827,0.380046,-0.141629,-0.163041,0.15692,0.161272,-0.122311,0.142719,-0.033929,-0.070732
0.308714,0.273865,0.380046,-0.141629,-0.163041,0.15692,0.161272,-0.122311,0.142719,-0.033929,-0.070732,0.021149
0.310893,0.273865,-0.141629,-0.163041,0.15692,0.161272,-0.122311,0.142719,-0.033929,-0.070732,0.021149,0.282012
0.310376,0.273865,-0.163041,0.15692,0.161272,-0.122311,0.142719,-0.033929,-0.070732,0.021149,0.282012,-0.114223
0.309297,0.273865,0.15692,0.161272,-0.122311,0.142719,-0.033929,-0.070732,0.021149,0.282012,-0.114223,-0.206616
0.30962,0.273865,0.161272,-0.122311,0.142719,-0.033929,-0.070732,0.021149,0.282012,-0.114223,-0.206616,0.1438
0.313924,0.273865,-0.122311,0.142719,-0.033929,-0.070732,0.021149,0.282012,-0.114223,-0.206616,0.1438,0.133823
0.312184,0.273865,0.142719,-0.033929,-0.070732,0.021149,0.282012,-0.114223,-0.206616,0.1438,0.133823,-0.122887
0.309034,0.273865,-0.033929,-0.070732,0.021149,0.282012,-0.114223,-0.206616,0.1438,0.133823,-0.122887,0.13674
0.311228,0.273865,-0.070732,0.021149,0.282012,-0.114223,-0.206616,0.1438,0.133823,-0.122887,0.13674,-0.044706
0.313269,0.273865,0.021149,0.282012,-0.114223,-0.206616,0.1438,0.133823,-0.122887,0.13674,-0.044706,-0.060704
0.311395,0.273865,0.282012,-0.114223,-0.206616,0.1438,0.133823,-0.122887,0.13674,-0.044706,-0.060704,0.003403
0.313478,0.273865,-0.114223,-0.206616,0.1438,0.133823,-0.122887,0.13674,-0.044706,-0.060704,0.003403,0.301455
0.312798,0.273865,-0.206616,0.1438,0.133823,-0.122887,0.13674,-0.044706,-0.060704,0.003403,0.301455,-0.175044
0.311873,0.273865,0.1438,0.133823,-0.122887,0.13674,-0.044706,-0.060704,0.003403,0.301455,-0.175044,-0.19326
0.311925,0.273865,0.133823,-0.122887,0.13674,-0.044706,-0.060704,0.003403,0.301455,-0.175044,-0.19326,0.144284
0.316517,0.273865,-0.122887,0.13674,-0.044706,-0.060704,0.003403,0.301455,-0.175044,-0.19326,0.144284,0.123572
0.313856,0.273865,0.13674,-0.044706,-0.060704,0.003403,0.301455,-0.175044,-0.19326,0.144284,0.123572,-0.130323
0.310914,0.273865,-0.044706,-0.060704,0.003403,0.301455,-0.175044,-0.19326,0.144284,0.123572,-0.130323,0.098277
0.313112,0.273865,-0.060704,0.003403,0.301455,-0.175044,-0.19326,0.144284,0.123572,-0.130323,0.098277,-0.019914
0.314994,0.273865,0.003403,0.301455,-0.175044,-0.19326,0.144284,0.123572,-0.130323,0.098277,-0.019914,-0.085768
0.313008,0.273865,0.301455,-0.175044,-0.19326,0.144284,0.123572,-0.130323,0.098277,-0.019914,-0.085768,-0.031966
0.314504,0.273865,-0.175044,-0.19326,0.144284,0.123572,-0.130323,0.098277,-0.019914,-0.085768,-0.031966,0.301818
0.314201,0.273865,-0.19326,0.144284,0.123572,-0.130323,0.098277,-0.019914,-0.085768,-0.031966,0.301818,-0.160992
0.312896,0.273865,0.144284,0.123572,-0.130323,0.098277,-0.019914,-0.085768,-0.031966,0.301818,-0.160992,-0.207684
0.312409,0.273865,0.123572,-0.130323,0.098277,-0.019914,-0.085768,-0.031966,0.301818,-0.160992,-0.207684,0.109003
0.317005,0.273865,-0.130323,0.098277,-0.019914,-0.085768,-0.031966,0.301818,-0.160992,-0.207684,0.109003,0.137743
0.314558,0.273865,0.098277,-0.019914,-0.085768,-0.031966,0.301818,-0.160992,-0.207684,0.109003,0.137743,-0.148022
0.311397,0.273865,-0.019914,-0.085768,-0.031966,0.301818,-0.160992,-0.207684,0.109003,0.137743,-0.148022,0.126666
0.313058,0.273865,-0.085768,-0.031966,0.301818,-0.160992,-0.207684,0.109003,0.137743,-0.148022,0.126666,-0.080322
0.315156,0.273865,-0.031966,0.301818,-0.160992,-0.207684,0.109003,0.137743,-0.148022,0.126666,-0.080322,-0.071473
0.3129,0.273865,0.301818,-0.160992,-0.207684,0.109003,0.137743,-0.148022,0.126666,-0.080322,-0.071473,-0.007237
0.314828,0.273865,-0.160992,-0.207684,0.109003,0.137743,-0.148022,0.126666,-0.080322,-0.071473,-0.007237,0.301818
0.313607,0.273865,-0.207684,0.109003,0.137743,-0.148022,0.126666,-0.080322,-0.071473,-0.007237,0.301818,-0.160992
0.312519,0.273865,0.109003,0.137743,-0.148022,0.126666,-0.080322,-0.071473,-0.007237,0.301818,-0.160992,-0.207684
0.312409,0.273865,0.137743,-0.148022,0.126666,-0.080322,-0.071473,-0.007237,0.301818,-0.160992,-0.207684,0.130251
0.317005,0.273865,-0.148022,0.126666,-0.080322,-0.071473,-0.007237,0.301818,-0.160992,-0.207684,0.130251,0.134257
0.314558,0.273865,0.126666,-0.080322,-0.071473,-0.007237,0.301818,-0.160992,-0.207684,0.130251,0.134257,-0.176344
0.311397,0.260162,-0.080322,-0.071473,-0.007237,0.301818,-0.160992,-0.207684,0.130251,0.134257,-0.176344,0.105296
0.313381,0.260162,-0.071473,-0.007237,0.301818,-0.160992,-0.207684,0.130251,0.134257,-0.176344,0.105296,-0.034114
0.315425,0.260162,-0.007237,0.301818,-0.160992,-0.207684,0.130251,0.134257,-0.176344,0.105296,-0.034114,-0.085674
0.312739,0.260162,0.301818,-0.160992,-0.207684,0.130251,0.134257,-0.176344,0.105296,-0.034114,-0.085674,-0.024851
0.314342,0.260162,-0.160992,-0.207684,0.130251,0.134257,-0.176344,0.105296,-0.034114,-0.085674,-0.024851,0.248244
0.313823,0.260162,-0.207684,0.130251,0.134257,-0.176344,0.105296,-0.034114,-0.085674,-0.024851,0.248244,-0.291521
0.312519,0.260162,0.130251,0.134257,-0.176344,0.105296,-0.034114,-0.085674,-0.024851,0.248244,-0.291521,-0.178232
0.31214,0.260162,0.134257,-0.176344,0.105296,-0.034114,-0.085674,-0.024851,0.248244,-0.291521,-0.178232,-0.129745
0.315922,0.260162,-0.176344,0.105296,-0.034114,-0.085674,-0.024851,0.248244,-0.291521,-0.178232,-0.129745,0.241495
0.311485,0.260162,0.105296,-0.034114,-0.085674,-0.024851,0.248244,-0.291521,-0.178232,-0.129745,0.241495,-0.185142
0.308766,0.260162,-0.034114,-0.085674,-0.024851,0.248244,-0.291521,-0.178232,-0.129745,0.241495,-0.185142,0.135252
0.306783,0.260162,-0.085674,-0.024851,0.248244,-0.291521,-0.178232,-0.129745,0.241495,-0.185142,0.135252,-0.040894
0.310477,0.260162,-0.024851,0.248244,-0.291521,-0.178232,-0.129745,0.241495,-0.185142,0.135252,-0.040894,-0.108907
0.307645,0.260162,0.248244,-0.291521,-0.178232,-0.129745,0.241495,-0.185142,0.135252,-0.040894,-0.108907,0.052658
0.309712,0.260162,-0.291521,-0.178232,-0.129745,0.241495,-0.185142,0.135252,-0.040894,-0.108907,0.052658,0.242252
0.309088,0.260162,-0.178232,-0.129745,0.241495,-0.185142,0.135252,-0.040894,-0.108907,0.052658,0.242252,-0.149025
0.307424,0.260162,-0.129745,0.241495,-0.185142,0.135252,-0.040894,-0.108907,0.052658,0.242252,-0.149025,-0.201998
0.30823,0.260162,0.241495,-0.185142,0.135252,-0.040894,-0.108907,0.052658,0.242252,-0.149025,-0.201998,0.115127
0.311932,0.260162,-0.185142,0.135252,-0.040894,-0.108907,0.052658,0.242252,-0.149025,-0.201998,0.115127,0.136752
0.309658,0.260162,0.135252,-0.040894,-0.108907,0.052658,0.242252,-0.149025,-0.201998,0.115127,0.136752,-0.174663
0.306573,0.260162,-0.040894,-0.108907,0.052658,0.242252,-0.149025,-0.201998,0.115127,0.136752,-0.174663,0.103681
0.308333,0.260162,-0.108907,0.052658,0.242252,-0.149025,-0.201998,0.115127,0.136752,-0.174663,0.103681,-0.054899
0.310423,0.260162,0.052658,0.242252,-0.149025,-0.201998,0.115127,0.136752,-0.174663,0.103681,-0.054899,-0.108715
0.307752,0.260162,0.242252,-0.149025,-0.201998,0.115127,0.136752,-0.174663,0.103681,-0.054899,-0.108715,0.00736
0.309337,0.260162,-0.149025,-0.201998,0.115127,0.136752,-0.174663,0.103681,-0.054899,-0.108715,0.00736,0.223903
0.308499,0.260162,-0.201998,0.115127,0.136752,-0.174663,0.103681,-0.054899,-0.108715,0.00736,0.223903,-0.124112
0.306837,0.260162,0.115127,0.136752,-0.174663,0.103681,-0.054899,-0.108715,0.00736,0.223903,-0.124112,-0.225849
0.30695,0.260162,0.136752,-0.174663,0.103681,-0.054899,-0.108715,0.00736,0.223903,-0.124112,-0.225849,-0.124933
0.310375,0.260162,-0.174663,0.103681,-0.054899,-0.108715,0.00736,0.223903,-0.124112,-0.225849,-0.124933,-0.105961
0.308479,0.260162,0.103681,-0.054899,-0.108715,0.00736,0.223903,-0.124112,-0.225849,-0.124933,-0.105961,0.016973
0.305026,0.260162,-0.054899,-0.108715,0.00736,0.223903,-0.124112,-0.225849,-0.124933,-0.105961,0.016973,-0.163587
0.303111,0.260162,-0.108715,0.00736,0.223903,-0.124112,-0.225849,-0.124933,-0.105961,0.016973,-0.163587,0.076673
0.301483,0.260162,0.00736,0.223903,-0.124112,-0.225849,-0.124933,-0.105961,0.016973,-0.163587,0.076673,-0.075341
0.301744,0.260162,0.223903,-0.124112,-0.225849,-0.124933,-0.105961,0.016973,-0.163587,0.076673,-0.075341,-0.009081
0.299228,0.260162,-0.124112,-0.225849,-0.124933,-0.105961,0.016973,-0.163587,0.076673,-0.075341,-0.009081,0.357624
0.300407,0.260162,-0.225849,-0.124933,-0.105961,0.016973,-0.163587,0.076673,-0.075341,-0.009081,0.357624,-0.178232
0.299248,0.260162,-0.124933,-0.105961,0.016973,-0.163587,0.076673,-0.075341,-0.009081,0.357624,-0.178232,-0.147087
0.299109,0.260162,-0.105961,0.016973,-0.163587,0.076673,-0.075341,-0.009081,0.357624,-0.178232,-0.147087,0.127539
0.304608,0.260162,0.016973,-0.163587,0.076673,-0.075341,-0.009081,0.357624,-0.178232,-0.147087,0.127539,0.142253
0.301873,0.260162,-0.163587,0.076673,-0.075341,-0.009081,0.357624,-0.178232,-0.147087,0.127539,0.142253,-0.120837
0.299614,0.260162,0.076673,-0.075341,-0.009081,0.357624,-0.178232,-0.147087,0.127539,0.142253,-0.120837,0.126062
0.301574,0.260162,-0.075341,-0.009081,0.357624,-0.178232,-0.147087,0.127539,0.142253,-0.120837,0.126062,-0.047414
0.303759,0.260162,-0.009081,0.357624,-0.178232,-0.147087,0.127539,0.142253,-0.120837,0.126062,-0.047414,-0.069083
0.301903,0.260162,0.357624,-0.178232,-0.147087,0.127539,0.142253,-0.120837,0.126062,-0.047414,-0.069083,0.021551
0.303837,0.260162,-0.178232,-0.147087,0.127539,0.142253,-0.120837,0.126062,-0.047414,-0.069083,0.021551,0.276898
0.303111,0.260162,-0.147087,0.127539,0.142253,-0.120837,0.126062,-0.047414,-0.069083,0.021551,0.276898,-0.320677
0.302051,0.260162,0.127539,0.142253,-0.120837,0.126062,-0.047414,-0.069083,0.021551,0.276898,-0.320677,-0.147037
0.302382,0.260162,0.142253,-0.120837,0.126062,-0.047414,-0.069083,0.021551,0.276898,-0.320677,-0.147037,-0.081951
0.306631,0.260162,-0.120837,0.126062,-0.047414,-0.069083,0.021551,0.276898,-0.320677,-0.147037,-0.081951,0.237655
0.301714,0.260162,0.126062,-0.047414,-0.069083,0.021551,0.276898,-0.320677,-0.147037,-0.081951,0.237655,-0.151267
0.299455,0.260162,-0.047414,-0.069083,0.021551,0.276898,-0.320677,-0.147037,-0.081951,0.237655,-0.151267,0.132066
0.298194,0.260162,-0.069083,0.021551,0.276898,-0.320677,-0.147037,-0.081951,0.237655,-0.151267,0.132066,-0.00582
0.301853,0.260162,0.021551,0.276898,-0.320677,-0.147037,-0.081951,0.237655,-0.151267,0.132066,-0.00582,-0.075598
0.299525,0.260162,0.276898,-0.320677,-0.147037,-0.081951,0.237655,-0.151267,0.132066,-0.00582,-0.075598,0.038812
0.301555,0.260162,-0.320677,-0.147037,-0.081951,0.237655,-0.151267,0.132066,-0.00582,-0.075598,0.038812,0.255046
0.301466,0.260162,-0.147037,-0.081951,0.237655,-0.151267,0.132066,-0.00582,-0.075598,0.038812,0.255046,-0.091851
0.300304,0.260162,-0.081951,0.237655,-0.151267,0.132066,-0.00582,-0.075598,0.038812,0.255046,-0.091851,-0.188931
0.300902,0.260162,0.237655,-0.151267,0.132066,-0.00582,-0.075598,0.038812,0.255046,-0.091851,-0.188931,0.113931
0.304821,0.260162,-0.151267,0.132066,-0.00582,-0.075598,0.038812,0.255046,-0.091851,-0.188931,0.113931,-0.067911
0.303412,0.260162,0.132066,-0.00582,-0.075598,0.038812,0.255046,-0.091851,-0.188931,0.113931,-0.067911,0.03415
0.300513,0.260162,-0.00582,-0.075598,0.038812,0.255046,-0.091851,-0.188931,0.113931,-0.067911,0.03415,-0.262871
0.302263,0.260162,-0.075598,0.038812,0.255046,-0.091851,-0.188931,0.113931,-0.067911,0.03415,-0.262871,-0.067377
0.301219,0.260162,0.038812,0.255046,-0.091851,-0.188931,0.113931,-0.067911,0.03415,-0.262871,-0.067377,-0.145748
0.301744,0.260162,0.255046,-0.091851,-0.188931,0.113931,-0.067911,0.03415,-0.262871,-0.067377,-0.145748,0.072766
0.297699,0.252594,-0.091851,-0.188931,0.113931,-0.067911,0.03415,-0.262871,-0.067377,-0.145748,0.072766,0.344142
0.296661,0.252594,-0.188931,0.113931,-0.067911,0.03415,-0.262871,-0.067377,-0.145748,0.072766,0.344142,-0.1462
0.294413,0.252594,0.113931,-0.067911,0.03415,-0.262871,-0.067377,-0.145748,0.072766,0.344142,-0.1462,-0.122167
0.295537,0.252594,-0.067911,0.03415,-0.262871,-0.067377,-0.145748,0.072766,0.344142,-0.1462,-0.122167,0.133727
0.300845,0.252594,0.03415,-0.262871,-0.067377,-0.145748,0.072766,0.344142,-0.1462,-0.122167,0.133727,0.19317
0.298595,0.252594,-0.262871,-0.067377,-0.145748,0.072766,0.344142,-0.1462,-0.122167,0.133727,0.19317,-0.123831
0.296714,0.252594,-0.067377,-0.145748,0.072766,0.344142,-0.1462,-0.122167,0.133727,0.19317,-0.123831,0.125285
0.298774,0.252594,-0.145748,0.072766,0.344142,-0.1462,-0.122167,0.133727,0.19317,-0.123831,0.125285,-0.088575
0.301747,0.252594,0.072766,0.344142,-0.1462,-0.122167,0.133727,0.19317,-0.123831,0.125285,-0.088575,-0.222414
0.299841,0.252594,0.344142,-0.1462,-0.122167,0.133727,0.19317,-0.123831,0.125285,-0.088575,-0.222414,-0.28962
0.301767,0.252594,-0.1462,-0.122167,0.133727,0.19317,-0.123831,0.125285,-0.088575,-0.222414,-0.28962,0.283621
0.300407,0.252594,-0.122167,0.133727,0.19317,-0.123831,0.125285,-0.088575,-0.222414,-0.28962,0.283621,-0.087449
0.296984,0.252594,0.133727,0.19317,-0.123831,0.125285,-0.088575,-0.222414,-0.28962,0.283621,-0.087449,-0.107816
0.292507,0.252594,0.19317,-0.123831,0.125285,-0.088575,-0.222414,-0.28962,0.283621,-0.087449,-0.107816,0.122836
0.296893,0.252594,-0.123831,0.125285,-0.088575,-0.222414,-0.28962,0.283621,-0.087449,-0.107816,0.122836,0.16824
0.295544,0.252594,0.125285,-0.088575,-0.222414,-0.28962,0.283621,-0.087449,-0.107816,0.122836,0.16824,-0.109485
0.29388,0.252594,-0.088575,-0.222414,-0.28962,0.283621,-0.087449,-0.107816,0.122836,0.16824,-0.109485,0.154956
0.295776,0.252594,-0.222414,-0.28962,0.283621,-0.087449,-0.107816,0.122836,0.16824,-0.109485,0.154956,-0.029862
0.298372,0.252594,-0.28962,0.283621,-0.087449,-0.107816,0.122836,0.16824,-0.109485,0.154956,-0.029862,-0.023626
0.296682,0.252594,0.283621,-0.087449,-0.107816,0.122836,0.16824,-0.109485,0.154956,-0.029862,-0.023626,0.066171
0.29907,0.252594,-0.087449,-0.107816,0.122836,0.16824,-0.109485,0.154956,-0.029862,-0.023626,0.066171,0.288535
0.298611,0.25116,-0.107816,0.122836,0.16824,-0.109485,0.154956,-0.029862,-0.023626,0.066171,0.288535,-0.13658
0.298247,0.25116,0.122836,0.16824,-0.109485,0.154956,-0.029862,-0.023626,0.066171,0.288535,-0.13658,-0.19162
0.299267,0.25116,0.16824,-0.109485,0.154956,-0.029862,-0.023626,0.066171,0.288535,-0.13658,-0.19162,0.16519
0.303705,0.25116,-0.109485,0.154956,-0.029862,-0.023626,0.066171,0.288535,-0.13658,-0.19162,0.16519,0.128366
0.301608,0.25116,0.154956,-0.029862,-0.023626,0.066171,0.288535,-0.13658,-0.19162,0.16519,0.128366,-0.113832
0.298663,0.25116,-0.029862,-0.023626,0.066171,0.288535,-0.13658,-0.19162,0.16519,0.128366,-0.113832,0.139728
0.301203,0.25116,-0.023626,0.066171,0.288535,-0.13658,-0.19162,0.16519,0.128366,-0.113832,0.139728,-0.005803
0.303176,0.25116,0.066171,0.288535,-0.13658,-0.19162,0.16519,0.128366,-0.113832,0.139728,-0.005803,-0.041518
0.301426,0.25116,0.288535,-0.13658,-0.19162,0.16519,0.128366,-0.113832,0.139728,-0.005803,-0.041518,-0.002638
0.303572,0.25116,-0.13658,-0.19162,0.16519,0.128366,-0.113832,0.139728,-0.005803,-0.041518,-0.002638,0.312061
0.303483,0.25116,-0.19162,0.16519,0.128366,-0.113832,0.139728,-0.005803,-0.041518,-0.002638,0.312061,-0.123567
0.302846,0.25116,0.16519,0.128366,-0.113832,0.139728,-0.005803,-0.041518,-0.002638,0.312061,-0.123567,-0.14829
0.302805,0.25116,0.128366,-0.113832,0.139728,-0.005803,-0.041518,-0.002638,0.312061,-0.123567,-0.14829,0.124932
0.307592,0.25116,-0.113832,0.139728,-0.005803,-0.041518,-0.002638,0.312061,-0.123567,-0.14829,0.124932,-0.082549
0.305701,0.25116,0.139728,-0.005803,-0.041518,-0.002638,0.312061,-0.123567,-0.14829,0.124932,-0.082549,0.062283
0.30343,0.25116,-0.005803,-0.041518,-0.002638,0.312061,-0.123567,-0.14829,0.124932,-0.082549,0.062283,-0.164547
0.305344,0.25116,-0.041518,-0.002638,0.312061,-0.123567,-0.14829,0.124932,-0.082549,0.062283,-0.164547,0.084269
0.304078,0.25116,-0.002638,0.312061,-0.123567,-0.14829,0.124932,-0.082549,0.062283,-0.164547,0.084269,-0.083068
0.305034,0.25116,0.312061,-0.123567,-0.14829,0.124932,-0.082549,0.062283,-0.164547,0.084269,-0.083068,0.045672
0.30251,0.25116,-0.123567,-0.14829,0.124932,-0.082549,0.062283,-0.164547,0.084269,-0.083068,0.045672,0.354309
0.303802,0.25116,-0.14829,0.124932,-0.082549,0.062283,-0.164547,0.084269,-0.083068,0.045672,0.354309,-0.315063
0.302528,0.25116,0.124932,-0.082549,0.062283,-0.164547,0.084269,-0.083068,0.045672,0.354309,-0.315063,-0.109705
0.303229,0.25116,-0.082549,0.062283,-0.164547,0.084269,-0.083068,0.045672,0.354309,-0.315063,-0.109705,-0.068868
0.308661,0.25116,0.062283,-0.164547,0.084269,-0.083068,0.045672,0.354309,-0.315063,-0.109705,-0.068868,0.290937
0.303837,0.25116,-0.164547,0.084269,-0.083068,0.045672,0.354309,-0.315063,-0.109705,-0.068868,0.290937,-0.266044
0.302155,0.25116,0.084269,-0.083068,0.045672,0.354309,-0.315063,-0.109705,-0.068868,0.290937,-0.266044,0.136286
0.301098,0.25116,-0.083068,0.045672,0.354309,-0.315063,-0.109705,-0.068868,0.290937,-0.266044,0.136286,-0.171762
0.305565,0.25116,0.045672,0.354309,-0.315063,-0.109705,-0.068868,0.290937,-0.266044,0.136286,-0.171762,0.003618
0.301479,0.25116,0.354309,-0.315063,-0.109705,-0.068868,0.290937,-0.266044,0.136286,-0.171762,0.003618,0.080082
0.303572,0.25116,-0.315063,-0.109705,-0.068868,0.290937,-0.266044,0.136286,-0.171762,0.003618,0.080082,0.092988
0.300936,0.25116,-0.109705,-0.068868,0.290937,-0.266044,0.136286,-0.171762,0.003618,0.080082,0.092988,0.022492
0.300992,0.25116,-0.068868,0.290937,-0.266044,0.136286,-0.171762,0.003618,0.080082,0.092988,0.022492,-0.432965
0.302223,0.25116,0.290937,-0.266044,0.136286,-0.171762,0.003618,0.080082,0.092988,0.022492,-0.432965,0.302485
0.303652,0.25116,-0.266044,0.136286,-0.171762,0.003618,0.080082,0.092988,0.022492,-0.432965,0.302485,0.083615
0.303997,0.25116,0.136286,-0.171762,0.003618,0.080082,0.092988,0.022492,-0.432965,0.302485,0.083615,-0.089765
0.297346,0.25116,-0.171762,0.003618,0.080082,0.092988,0.022492,-0.432965,0.302485,0.083615,-0.089765,0.230245
0.301998,0.25116,0.003618,0.080082,0.092988,0.022492,-0.432965,0.302485,0.083615,-0.089765,0.230245,-0.051021
0.303282,0.25116,0.080082,0.092988,0.022492,-0.432965,0.302485,0.083615,-0.089765,0.230245,-0.051021,-0.121349
0.301903,0.25116,0.092988,0.022492,-0.432965,0.302485,0.083615,-0.089765,0.230245,-0.051021,-0.121349,-0.225802
0.305434,0.25116,0.022492,-0.432965,0.302485,0.083615,-0.089765,0.230245,-0.051021,-0.121349,-0.225802,0.088752
0.304653,0.25116,-0.432965,0.302485,0.083615,-0.089765,0.230245,-0.051021,-0.121349,-0.225802,0.088752,-0.159857
0.302793,0.25116,0.302485,0.083615,-0.089765,0.230245,-0.051021,-0.121349,-0.225802,0.088752,-0.159857,-0.101596
0.299319,0.252991,0.083615,-0.089765,0.230245,-0.051021,-0.121349,-0.225802,0.088752,-0.159857,-0.101596,0.147424
0.300686,0.252991,-0.089765,0.230245,-0.051021,-0.121349,-0.225802,0.088752,-0.159857,-0.101596,0.147424,0.196666
0.298226,0.252991,0.230245,-0.051021,-0.121349,-0.225802,0.088752,-0.159857,-0.101596,0.147424,0.196666,-0.106743
0.296661,0.252991,-0.051021,-0.121349,-0.225802,0.088752,-0.159857,-0.101596,0.147424,0.196666,-0.106743,0.139286
0.298932,0.252991,-0.121349,-0.225802,0.088752,-0.159857,-0.101596,0.147424,0.196666,-0.106743,0.139286,-0.092152
0.301959,0.252991,-0.225802,0.088752,-0.159857,-0.101596,0.147424,0.196666,-0.106743,0.139286,-0.092152,-0.157789
0.300316,0.252991,0.088752,-0.159857,-0.101596,0.147424,0.196666,-0.106743,0.139286,-0.092152,-0.157789,-0.066971
0.302457,0.252991,-0.159857,-0.101596,0.147424,0.196666,-0.106743,0.139286,-0.092152,-0.157789,-0.066971,0.225399
0.301042,0.252991,-0.101596,0.147424,0.196666,-0.106743,0.139286,-0.092152,-0.157789,-0.066971,0.225399,-0.046718
0.298616,0.252991,0.147424,0.196666,-0.106743,0.139286,-0.092152,-0.157789,-0.066971,0.225399,-0.046718,-0.405683
0.297583,0.252991,0.196666,-0.106743,0.139286,-0.092152,-0.157789,-0.066971,0.225399,-0.046718,-0.405683,0.290158
0.301056,0.252991,-0.106743,0.139286,-0.092152,-0.157789,-0.066971,0.225399,-0.046718,-0.405683,0.290158,0.117567
0.300338,0.252991,0.139286,-0.092152,-0.157789,-0.066971,0.225399,-0.046718,-0.405683,0.290158,0.117567,-0.096186
0.294089,0.252991,-0.092152,-0.157789,-0.066971,0.225399,-0.046718,-0.405683,0.290158,0.117567,-0.096186,0.231844
0.298563,0.252991,-0.157789,-0.066971,0.225399,-0.046718,-0.405683,0.290158,0.117567,-0.096186,0.231844,-0.050741
0.300374,0.252991,-0.066971,0.225399,-0.046718,-0.405683,0.290158,0.117567,-0.096186,0.231844,-0.050741,-0.010223
0.298892,0.252991,0.225399,-0.046718,-0.405683,0.290158,0.117567,-0.096186,0.231844,-0.050741,-0.010223,0.028472
0.302457,0.252991,-0.046718,-0.405683,0.290158,0.117567,-0.096186,0.231844,-0.050741,-0.010223,0.028472,0.332279
0.301678,0.252991,-0.405683,0.290158,0.117567,-0.096186,0.231844,-0.050741,-0.010223,0.028472,0.332279,-0.092147
0.301521,0.252991,0.290158,0.117567,-0.096186,0.231844,-0.050741,-0.010223,0.028472,0.332279,-0.092147,-0.18639
0.301959,0.254822,0.117567,-0.096186,0.231844,-0.050741,-0.010223,0.028472,0.332279,-0.092147,-0.18639,0.169978
0.307058,0.254822,-0.096186,0.231844,-0.050741,-0.010223,0.028472,0.332279,-0.092147,-0.18639,0.169978,0.139624
0.305648,0.254822,0.231844,-0.050741,-0.010223,0.028472,0.332279,-0.092147,-0.18639,0.169978,0.139624,-0.128591
0.302792,0.254822,-0.050741,-0.010223,0.028472,0.332279,-0.092147,-0.18639,0.169978,0.139624,-0.128591,0.155415
0.305397,0.254822,-0.010223,0.028472,0.332279,-0.092147,-0.18639,0.169978,0.139624,-0.128591,0.155415,-0.033767
0.307536,0.254822,0.028472,0.332279,-0.092147,-0.18639,0.169978,0.139624,-0.128591,0.155415,-0.033767,-0.04914
0.305566,0.254822,0.332279,-0.092147,-0.18639,0.169978,0.139624,-0.128591,0.155415,-0.033767,-0.04914,0.017817
0.307944,0.254822,-0.092147,-0.18639,0.169978,0.139624,-0.128591,0.155415,-0.033767,-0.04914,0.017817,0.315318
0.307428,0.254822,-0.18639,0.169978,0.139624,-0.128591,0.155415,-0.033767,-0.04914,0.017817,0.315318,-0.113849
0.306677,0.254822,0.169978,0.139624,-0.128591,0.155415,-0.033767,-0.04914,0.017817,0.315318,-0.113849,-0.170681
0.30695,0.254822,0.139624,-0.128591,0.155415,-0.033767,-0.04914,0.017817,0.315318,-0.113849,-0.170681,0.125821
0.311771,0.254822,-0.128591,0.155415,-0.033767,-0.04914,0.017817,0.315318,-0.113849,-0.170681,0.125821,0.179193
0.310034,0.254822,0.155415,-0.033767,-0.04914,0.017817,0.315318,-0.113849,-0.170681,0.125821,0.179193,-0.133155
0.307428,0.254822,-0.033767,-0.04914,0.017817,0.315318,-0.113849,-0.170681,0.125821,0.179193,-0.133155,0.0621
0.30935,0.254822,-0.04914,0.017817,0.315318,-0.113849,-0.170681,0.125821,0.179193,-0.133155,0.0621,-0.156999
0.312086,0.254822,0.017817,0.315318,-0.113849,-0.170681,0.125821,0.179193,-0.133155,0.0621,-0.156999,-0.133182
0.310053,0.254822,0.315318,-0.113849,-0.170681,0.125821,0.179193,-0.133155,0.0621,-0.156999,-0.133182,0.010871
0.311001,0.254822,-0.113849,-0.170681,0.125821,0.179193,-0.133155,0.0621,-0.156999,-0.133182,0.010871,0.143188
0.308606,0.254822,-0.170681,0.125821,0.179193,-0.133155,0.0621,-0.156999,-0.133182,0.010871,0.143188,-0.197059
0.30657,0.254822,0.125821,0.179193,-0.133155,0.0621,-0.156999,-0.133182,0.010871,0.143188,-0.197059,-0.10324
0.306736,0.254822,0.179193,-0.133155,0.0621,-0.156999,-0.133182,0.010871,0.143188,-0.197059,-0.10324,0.163506
0.308928,0.254822,-0.133155,0.0621,-0.156999,-0.133182,0.010871,0.143188,-0.197059,-0.10324,0.163506,0.195934
0.305914,0.254822,0.0621,-0.156999,-0.133182,0.010871,0.143188,-0.197059,-0.10324,0.163506,0.195934,-0.101189
0.304334,0.254822,-0.156999,-0.133182,0.010871,0.143188,-0.197059,-0.10324,0.163506,0.195934,-0.101189,0.142544
0.306837,0.254822,-0.133182,0.010871,0.143188,-0.197059,-0.10324,0.163506,0.195934,-0.101189,0.142544,-0.083137
0.309834,0.254822,0.010871,0.143188,-0.197059,-0.10324,0.163506,0.195934,-0.101189,0.142544,-0.083137,-0.147365
0.308287,0.254822,0.143188,-0.197059,-0.10324,0.163506,0.195934,-0.101189,0.142544,-0.083137,-0.147365,-0.1558
0.310464,0.254822,-0.197059,-0.10324,0.163506,0.195934,-0.101189,0.142544,-0.083137,-0.147365,-0.1558,0.429229
0.309195,0.254822,-0.10324,0.163506,0.195934,-0.101189,0.142544,-0.083137,-0.147365,-0.1558,0.429229,-0.141812
0.306944,0.254822,0.163506,0.195934,-0.101189,0.142544,-0.083137,-0.147365,-0.1558,0.429229,-0.141812,-0.212138
0.304556,0.254822,0.195934,-0.101189,0.142544,-0.083137,-0.147365,-0.1558,0.429229,-0.141812,-0.212138,-0.107846
0.311126,0.254822,-0.101189,0.142544,-0.083137,-0.147365,-0.1558,0.429229,-0.141812,-0.212138,-0.107846,0.15324
0.308961,0.254822,0.142544,-0.083137,-0.147365,-0.1558,0.429229,-0.141812,-0.212138,-0.107846,0.15324,-0.111013
0.305719,0.254822,-0.083137,-0.147365,-0.1558,0.429229,-0.141812,-0.212138,-0.107846,0.15324,-0.111013,0.169007
0.304067,0.254822,-0.147365,-0.1558,0.429229,-0.141812,-0.212138,-0.107846,0.15324,-0.111013,0.169007,-0.012756
0.306417,0.254822,-0.1558,0.429229,-0.141812,-0.212138,-0.107846,0.15324,-0.111013,0.169007,-0.012756,-0.021179
0.304715,0.254822,0.429229,-0.141812,-0.212138,-0.107846,0.15324,-0.111013,0.169007,-0.012756,-0.021179,0.021289
0.307302,0.254822,-0.141812,-0.212138,-0.107846,0.15324,-0.111013,0.169007,-0.012756,-0.021179,0.021289,0.333063
0.307107,0.254822,-0.212138,-0.107846,0.15324,-0.111013,0.169007,-0.012756,-0.021179,0.021289,0.333063,-0.138548
0.306783,0.254822,-0.107846,0.15324,-0.111013,0.169007,-0.012756,-0.021179,0.021289,0.333063,-0.138548,-0.174203
0.307109,0.254822,0.15324,-0.111013,0.169007,-0.012756,-0.021179,0.021289,0.333063,-0.138548,-0.174203,0.171489
0.312201,0.254822,-0.111013,0.169007,-0.012756,-0.021179,0.021289,0.333063,-0.138548,-0.174203,0.171489,0.140628
0.310088,0.254822,0.169007,-0.012756,-0.021179,0.021289,0.333063,-0.138548,-0.174203,0.171489,0.140628,-0.150718
0.307428,0.254822,-0.012756,-0.021179,0.021289,0.333063,-0.138548,-0.174203,0.171489,0.140628,-0.150718,0.13967
0.310047,0.254822,-0.021179,0.021289,0.333063,-0.138548,-0.174203,0.171489,0.140628,-0.150718,0.13967,-0.026923
0.312194,0.255066,0.021289,0.333063,-0.138548,-0.174203,0.171489,0.140628,-0.150718,0.13967,-0.026923,-0.05694
0.309892,0.255066,0.333063,-0.138548,-0.174203,0.171489,0.140628,-0.150718,0.13967,-0.026923,-0.05694,0.007025
0.312023,0.255066,-0.138548,-0.174203,0.171489,0.140628,-0.150718,0.13967,-0.026923,-0.05694,0.007025,0.297092
0.311613,0.255066,-0.174203,0.171489,0.140628,-0.150718,0.13967,-0.026923,-0.05694,0.007025,0.297092,-0.12866
0.310745,0.255066,0.171489,0.140628,-0.150718,0.13967,-0.026923,-0.05694,0.007025,0.297092,-0.12866,-0.168406
0.310852,0.255066,0.140628,-0.150718,0.13967,-0.026923,-0.05694,0.007025,0.297092,-0.12866,-0.168406,0.080629
0.315382,0.255066,-0.150718,0.13967,-0.026923,-0.05694,0.007025,0.297092,-0.12866,-0.168406,0.080629,0.091574
0.313424,0.255066,0.13967,-0.026923,-0.05694,0.007025,0.297092,-0.12866,-0.168406,0.080629,0.091574,0.025301
0.31086,0.255066,-0.026923,-0.05694,0.007025,0.297092,-0.12866,-0.168406,0.080629,0.091574,0.025301,0.045203
0.312089,0.255066,-0.05694,0.007025,0.297092,-0.12866,-0.168406,0.080629,0.091574,0.025301,0.045203,-0.041238
0.313485,0.255066,0.007025,0.297092,-0.12866,-0.168406,0.080629,0.091574,0.025301,0.045203,-0.041238,-0.145747
0.31387,0.255066,0.297092,-0.12866,-0.168406,0.080629,0.091574,0.025301,0.045203,-0.041238,-0.145747,-0.151013
0.314558,0.255066,-0.12866,-0.168406,0.080629,0.091574,0.025301,0.045203,-0.041238,-0.145747,-0.151013,0.211212
0.313931,0.255066,-0.168406,0.080629,0.091574,0.025301,0.045203,-0.041238,-0.145747,-0.151013,0.211212,-0.09286
0.311712,0.255066,0.080629,0.091574,0.025301,0.045203,-0.041238,-0.145747,-0.151013,0.211212,-0.09286,-0.164093
0.309406,0.255066,0.091574,0.025301,0.045203,-0.041238,-0.145747,-0.151013,0.211212,-0.09286,-0.164093,0.150762
0.312631,0.255066,0.025301,0.045203,-0.041238,-0.145747,-0.151013,0.211212,-0.09286,-0.164093,0.150762,0.172626
0.311216,0.255066,0.045203,-0.041238,-0.145747,-0.151013,0.211212,-0.09286,-0.164093,0.150762,0.172626,-0.130008
0.308713,0.255066,-0.041238,-0.145747,-0.151013,0.211212,-0.09286,-0.164093,0.150762,0.172626,-0.130008,0.136843
0.311013,0.255066,-0.145747,-0.151013,0.211212,-0.09286,-0.164093,0.150762,0.172626,-0.130008,0.136843,-0.012803
0.313646,0.255859,-0.151013,0.211212,-0.09286,-0.164093,0.150762,0.172626,-0.130008,0.136843,-0.012803,-0.067927
0.311663,0.255859,0.211212,-0.09286,-0.164093,0.150762,0.172626,-0.130008,0.136843,-0.012803,-0.067927,0.020971
0.313748,0.255859,-0.09286,-0.164093,0.150762,0.172626,-0.130008,0.136843,-0.012803,-0.067927,0.020971,0.284316
0.313553,0.255859,-0.164093,0.150762,0.172626,-0.130008,0.136843,-0.012803,-0.067927,0.020971,0.284316,-0.121925
0.312519,0.255859,0.150762,0.172626,-0.130008,0.136843,-0.012803,-0.067927,0.020971,0.284316,-0.121925,-0.193865
0.312839,0.255859,0.172626,-0.130008,0.136843,-0.012803,-0.067927,0.020971,0.284316,-0.121925,-0.193865,0.084348
0.317167,0.255859,-0.130008,0.136843,-0.012803,-0.067927,0.020971,0.284316,-0.121925,-0.193865,0.084348,-0.102614
0.315315,0.255859,0.136843,-0.012803,-0.067927,0.020971,0.284316,-0.121925,-0.193865,0.084348,-0.102614,-0.168215
0.312367,0.255859,-0.012803,-0.067927,0.020971,0.284316,-0.121925,-0.193865,0.084348,-0.102614,-0.168215,0.164235
0.313651,0.255859,-0.067927,0.020971,0.284316,-0.121925,-0.193865,0.084348,-0.102614,-0.168215,0.164235,-0.044582
0.312086,0.255859,0.020971,0.284316,-0.121925,-0.193865,0.084348,-0.102614,-0.168215,0.164235,-0.044582,-0.067444
0.309517,0.255859,0.284316,-0.121925,-0.193865,0.084348,-0.102614,-0.168215,0.164235,-0.044582,-0.067444,0.024608
0.312023,0.255859,-0.121925,-0.193865,0.084348,-0.102614,-0.168215,0.164235,-0.044582,-0.067444,0.024608,0.123578
0.311344,0.255859,-0.193865,0.084348,-0.102614,-0.168215,0.164235,-0.044582,-0.067444,0.024608,0.123578,-0.068164
0.310315,0.255859,0.084348,-0.102614,-0.168215,0.164235,-0.044582,-0.067444,0.024608,0.123578,-0.068164,-0.443808
0.310691,0.255859,-0.102614,-0.168215,0.164235,-0.044582,-0.067444,0.024608,0.123578,-0.068164,-0.443808,0.230079
0.312577,0.255859,-0.168215,0.164235,-0.044582,-0.067444,0.024608,0.123578,-0.068164,-0.443808,0.230079,-0.250011
0.311538,0.255859,0.164235,-0.044582,-0.067444,0.024608,0.123578,-0.068164,-0.443808,0.230079,-0.250011,0.027678
0.30476,0.255859,-0.044582,-0.067444,0.024608,0.123578,-0.068164,-0.443808,0.230079,-0.250011,0.027678,0.14813
0.308279,0.255859,-0.067444,0.024608,0.123578,-0.068164,-0.443808,0.230079,-0.250011,0.027678,0.14813,-0.197418
0.304449,0.255859,0.024608,0.123578,-0.068164,-0.443808,0.230079,-0.250011,0.027678,0.14813,-0.197418,-0.07623
0.304874,0.255859,0.123578,-0.068164,-0.443808,0.230079,-0.250011,0.027678,0.14813,-0.197418,-0.07623,-0.12308
0.307142,0.255859,-0.068164,-0.443808,0.230079,-0.250011,0.027678,0.14813,-0.197418,-0.07623,-0.12308,0.432525
0.304121,0.255859,-0.443808,0.230079,-0.250011,0.027678,0.14813,-0.197418,-0.07623,-0.12308,0.432525,-0.16533
0.302952,0.255859,0.230079,-0.250011,0.027678,0.14813,-0.197418,-0.07623,-0.12308,0.432525,-0.16533,-0.137737
0.30106,0.255859,-0.250011,0.027678,0.14813,-0.197418,-0.07623,-0.12308,0.432525,-0.16533,-0.137737,0.156144
0.307699,0.255859,0.027678,0.14813,-0.197418,-0.07623,-0.12308,0.432525,-0.16533,-0.137737,0.156144,0.143118
0.305168,0.255859,0.14813,-0.197418,-0.07623,-0.12308,0.432525,-0.16533,-0.137737,0.156144,0.143118,-0.128618
0.303058,0.255859,-0.197418,-0.07623,-0.12308,0.432525,-0.16533,-0.137737,0.156144,0.143118,-0.128618,0.033221
0.305451,0.255859,-0.07623,-0.12308,0.432525,-0.16533,-0.137737,0.156144,0.143118,-0.128618,0.033221,-0.151918
0.307643,0.255859,-0.12308,0.432525,-0.16533,-0.137737,0.156144,0.143118,-0.128618,0.033221,-0.151918,-0.138321
0.305672,0.255859,0.432525,-0.16533,-0.137737,0.156144,0.143118,-0.128618,0.033221,-0.151918,-0.138321,0.056009
0.306181,0.255859,-0.16533,-0.137737,0.156144,0.143118,-0.128618,0.033221,-0.151918,-0.138321,0.056009,0.284008
0.303855,0.255859,-0.137737,0.156144,0.143118,-0.128618,0.033221,-0.151918,-0.138321,0.056009,0.284008,-0.102562
0.301733,0.255859,0.156144,0.143118,-0.128618,0.033221,-0.151918,-0.138321,0.056009,0.284008,-0.102562,-0.186283
0.302594,0.255859,0.143118,-0.128618,0.033221,-0.151918,-0.138321,0.056009,0.284008,-0.102562,-0.186283,0.124734
0.306951,0.255859,-0.128618,0.033221,-0.151918,-0.138321,0.056009,0.284008,-0.102562,-0.186283,0.124734,0.174211
0.305381,0.255859,0.033221,-0.151918,-0.138321,0.056009,0.284008,-0.102562,-0.186283,0.124734,0.174211,-0.13543
0.302527,0.255859,-0.151918,-0.138321,0.056009,0.284008,-0.102562,-0.186283,0.124734,0.174211,-0.13543,0.151686
0.304439,0.255859,-0.138321,0.056009,0.284008,-0.102562,-0.186283,0.124734,0.174211,-0.13543,0.151686,-0.016255
0.307109,0.255859,0.056009,0.284008,-0.102562,-0.186283,0.124734,0.174211,-0.13543,0.151686,-0.016255,-0.049081
0.305034,0.255859,0.284008,-0.102562,-0.186283,0.124734,0.174211,-0.13543,0.151686,-0.016255,-0.049081,0.017834
0.307356,0.255859,-0.102562,-0.186283,0.124734,0.174211,-0.13543,0.151686,-0.016255,-0.049081,0.017834,0.286922
0.307107,0.257416,-0.186283,0.124734,0.174211,-0.13543,0.151686,-0.016255,-0.049081,0.017834,0.286922,-0.124243
0.306357,0.257416,0.124734,0.174211,-0.13543,0.151686,-0.016255,-0.049081,0.017834,0.286922,-0.124243,-0.163357
0.30663,0.257416,0.174211,-0.13543,0.151686,-0.016255,-0.049081,0.017834,0.286922,-0.124243,-0.163357,0.150181
0.311019,0.257416,-0.13543,0.151686,-0.016255,-0.049081,0.017834,0.286922,-0.124243,-0.163357,0.150181,0.136872
0.309122,0.257416,0.151686,-0.016255,-0.049081,0.017834,0.286922,-0.124243,-0.163357,0.150181,0.136872,-0.129402
0.306626,0.257416,-0.016255,-0.049081,0.017834,0.286922,-0.124243,-0.163357,0.150181,0.136872,-0.129402,0.156954
0.308922,0.257416,-0.049081,0.017834,0.286922,-0.124243,-0.163357,0.150181,0.136872,-0.129402,0.156954,-0.019846
0.311013,0.257416,0.017834,0.286922,-0.124243,-0.163357,0.150181,0.136872,-0.129402,0.156954,-0.019846,-0.053324
0.309035,0.257416,0.286922,-0.124243,-0.163357,0.150181,0.136872,-0.129402,0.156954,-0.019846,-0.053324,0.000048
0.311431,0.257416,-0.124243,-0.163357,0.150181,0.136872,-0.129402,0.156954,-0.019846,-0.053324,0.000048,0.328628
0.311128,0.257416,-0.163357,0.150181,0.136872,-0.129402,0.156954,-0.019846,-0.053324,0.000048,0.328628,-0.139279
0.310315,0.257416,0.150181,0.136872,-0.129402,0.156954,-0.019846,-0.053324,0.000048,0.328628,-0.139279,-0.178894
0.310316,0.257416,0.136872,-0.129402,0.156954,-0.019846,-0.053324,0.000048,0.328628,-0.139279,-0.178894,0.144178
0.315328,0.257416,-0.129402,0.156954,-0.019846,-0.053324,0.000048,0.328628,-0.139279,-0.178894,0.144178,0.045675
0.313208,0.257416,0.156954,-0.019846,-0.053324,0.000048,0.328628,-0.139279,-0.178894,0.144178,0.045675,0.042977
0.310484,0.257416,-0.019846,-0.053324,0.000048,0.328628,-0.139279,-0.178894,0.144178,0.045675,0.042977,0.048788
0.312681,0.257416,-0.053324,0.000048,0.328628,-0.139279,-0.178894,0.144178,0.045675,0.042977,0.048788,-0.023473
0.313377,0.257416,0.000048,0.328628,-0.139279,-0.178894,0.144178,0.045675,0.042977,0.048788,-0.023473,-0.053949
0.314032,0.257416,0.328628,-0.139279,-0.178894,0.144178,0.045675,0.042977,0.048788,-0.023473,-0.053949,0.003237
0.314774,0.257416,-0.139279,-0.178894,0.144178,0.045675,0.042977,0.048788,-0.023473,-0.053949,0.003237,0.113954
0.314417,0.257416,-0.178894,0.144178,0.045675,0.042977,0.048788,-0.023473,-0.053949,0.003237,0.113954,-0.054155
0.313597,0.257416,0.144178,0.045675,0.042977,0.048788,-0.023473,-0.053949,0.003237,0.113954,-0.054155,-0.418772
0.313646,0.257416,0.045675,0.042977,0.048788,-0.023473,-0.053949,0.003237,0.113954,-0.054155,-0.418772,0.270504
0.315382,0.257416,0.042977,0.048788,-0.023473,-0.053949,0.003237,0.113954,-0.054155,-0.418772,0.270504,-0.133746
0.314558,0.257416,0.048788,-0.023473,-0.053949,0.003237,0.113954,-0.054155,-0.418772,0.270504,-0.133746,0.035453
0.308177,0.257416,-0.023473,-0.053949,0.003237,0.113954,-0.054155,-0.418772,0.270504,-0.133746,0.035453,-0.082089
0.312304,0.257416,-0.053949,0.003237,0.113954,-0.054155,-0.418772,0.270504,-0.133746,0.035453,-0.082089,0.057607
0.310262,0.257416,0.003237,0.113954,-0.054155,-0.418772,0.270504,-0.133746,0.035453,-0.082089,0.057607,-0.028599
0.310804,0.257416,0.113954,-0.054155,-0.418772,0.270504,-0.133746,0.035453,-0.082089,0.057607,-0.028599,-0.020942
0.309551,0.257416,-0.054155,-0.418772,0.270504,-0.133746,0.035453,-0.082089,0.057607,-0.028599,-0.020942,0.409756
0.31043,0.257416,-0.418772,0.270504,-0.133746,0.035453,-0.082089,0.057607,-0.028599,-0.020942,0.409756,-0.164232
0.309993,0.257416,0.270504,-0.133746,0.035453,-0.082089,0.057607,-0.028599,-0.020942,0.409756,-0.164232,-0.154299
0.309673,0.257416,-0.133746,0.035453,-0.082089,0.057607,-0.028599,-0.020942,0.409756,-0.164232,-0.154299,0.137255
0.315922,0.257416,0.035453,-0.082089,0.057607,-0.028599,-0.020942,0.409756,-0.164232,-0.154299,0.137255,0.166157
0.313424,0.257416,-0.082089,0.057607,-0.028599,-0.020942,0.409756,-0.164232,-0.154299,0.137255,0.166157,-0.105718
0.311075,0.257416,0.057607,-0.028599,-0.020942,0.409756,-0.164232,-0.154299,0.137255,0.166157,-0.105718,0.098609
0.313166,0.257416,-0.028599,-0.020942,0.409756,-0.164232,-0.154299,0.137255,0.166157,-0.105718,0.098609,0.005015
0.315695,0.257416,-0.020942,0.409756,-0.164232,-0.154299,0.137255,0.166157,-0.105718,0.098609,0.005015,-0.0897
0.314086,0.257416,0.409756,-0.164232,-0.154299,0.137255,0.166157,-0.105718,0.098609,0.005015,-0.0897,-0.003917
0.315586,0.257416,-0.164232,-0.154299,0.137255,0.166157,-0.105718,0.098609,0.005015,-0.0897,-0.003917,0.303208
0.315662,0.257416,-0.154299,0.137255,0.166157,-0.105718,0.098609,0.005015,-0.0897,-0.003917,0.303208,-0.150814
0.314298,0.257416,0.137255,0.166157,-0.105718,0.098609,0.005015,-0.0897,-0.003917,0.303208,-0.150814,-0.165988
0.314239,0.257416,0.166157,-0.105718,0.098609,0.005015,-0.0897,-0.003917,0.303208,-0.150814,-0.165988,0.116604
0.318849,0.257416,-0.105718,0.098609,0.005015,-0.0897,-0.003917,0.303208,-0.150814,-0.165988,0.116604,0.156168
0.316561,0.257416,0.098609,0.005015,-0.0897,-0.003917,0.303208,-0.150814,-0.165988,0.116604,0.156168,-0.148845
0.314039,0.257416,0.005015,-0.0897,-0.003917,0.303208,-0.150814,-0.165988,0.116604,0.156168,-0.148845,0.138542
0.315812,0.257416,-0.0897,-0.003917,0.303208,-0.150814,-0.165988,0.116604,0.156168,-0.148845,0.138542,-0.030738
0.318185,0.257416,-0.003917,0.303208,-0.150814,-0.165988,0.116604,0.156168,-0.148845,0.138542,-0.030738,-0.065256
0.315922,0.257416,0.303208,-0.150814,-0.165988,0.116604,0.156168,-0.148845,0.138542,-0.030738,-0.065256,-0.064581
0.318026,0.257416,-0.150814,-0.165988,0.116604,0.156168,-0.148845,0.138542,-0.030738,-0.065256,-0.064581,0.139556
0.31756,0.257416,-0.165988,0.116604,0.156168,-0.148845,0.138542,-0.030738,-0.065256,-0.064581,0.139556,-0.200303
0.31657,0.257416,0.116604,0.156168,-0.148845,0.138542,-0.030738,-0.065256,-0.064581,0.139556,-0.200303,-0.147625
0.315587,0.257416,0.156168,-0.148845,0.138542,-0.030738,-0.065256,-0.064581,0.139556,-0.200303,-0.147625,0.144691
0.317709,0.257416,-0.148845,0.138542,-0.030738,-0.065256,-0.064581,0.139556,-0.200303,-0.147625,0.144691,0.063421
0.314666,0.257416,0.138542,-0.030738,-0.065256,-0.064581,0.139556,-0.200303,-0.147625,0.144691,0.063421,-0.066741
0.312421,0.257416,-0.030738,-0.065256,-0.064581,0.139556,-0.200303,-0.147625,0.144691,0.063421,-0.066741,0.027555
0.314622,0.257416,-0.065256,-0.064581,0.139556,-0.200303,-0.147625,0.144691,0.063421,-0.066741,0.027555,-0.338367
0.315587,0.257416,-0.064581,0.139556,-0.200303,-0.147625,0.144691,0.063421,-0.066741,0.027555,-0.338367,-0.021495
0.314571,0.257416,0.139556,-0.200303,-0.147625,0.144691,0.063421,-0.066741,0.027555,-0.338367,-0.021495,-0.146539
0.314991,0.257416,-0.200303,-0.147625,0.144691,0.063421,-0.066741,0.027555,-0.338367,-0.021495,-0.146539,0.396737
0.309839,0.257416,-0.147625,0.144691,0.063421,-0.066741,0.027555,-0.338367,-0.021495,-0.146539,0.396737,-0.103539
0.309511,0.257416,0.144691,0.063421,-0.066741,0.027555,-0.338367,-0.021495,-0.146539,0.396737,-0.103539,-0.181851
0.307269,0.257416,0.063421,-0.066741,0.027555,-0.338367,-0.021495,-0.146539,0.396737,-0.103539,-0.181851,0.171996
0.313331,0.257416,-0.066741,0.027555,-0.338367,-0.021495,-0.146539,0.396737,-0.103539,-0.181851,0.171996,0.006949
0.311754,0.257416,0.027555,-0.338367,-0.021495,-0.146539,0.396737,-0.103539,-0.181851,0.171996,0.006949,0.067402
0.308981,0.257416,-0.338367,-0.021495,-0.146539,0.396737,-0.103539,-0.181851,0.171996,0.006949,0.067402,0.066264
0.311604,0.255585,-0.021495,-0.146539,0.396737,-0.103539,-0.181851,0.171996,0.006949,0.067402,0.066264,-0.140268
0.311711,0.255585,-0.146539,0.396737,-0.103539,-0.181851,0.171996,0.006949,0.067402,0.066264,-0.140268,-0.239453
0.312739,0.255585,0.396737,-0.103539,-0.181851,0.171996,0.006949,0.067402,0.066264,-0.140268,-0.239453,-0.30507
0.313748,0.255585,-0.103539,-0.181851,0.171996,0.006949,0.067402,0.066264,-0.140268,-0.239453,-0.30507,0.28799
0.311613,0.255585,-0.181851,0.171996,0.006949,0.067402,0.066264,-0.140268,-0.239453,-0.30507,0.28799,-0.085244
0.307959,0.255585,0.171996,0.006949,0.067402,0.066264,-0.140268,-0.239453,-0.30507,0.28799,-0.085244,-0.155464
0.303282,0.255585,0.006949,0.067402,0.066264,-0.140268,-0.239453,-0.30507,0.28799,-0.085244,-0.155464,0.14945
0.307699,0.255585,0.067402,0.066264,-0.140268,-0.239453,-0.30507,0.28799,-0.085244,-0.155464,0.14945,-0.072426
0.306394,0.255585,0.066264,-0.140268,-0.239453,-0.30507,0.28799,-0.085244,-0.155464,0.14945,-0.072426,0.076423
0.304014,0.255585,-0.140268,-0.239453,-0.30507,0.28799,-0.085244,-0.155464,0.14945,-0.072426,0.076423,-0.203053
0.306303,0.255585,-0.239453,-0.30507,0.28799,-0.085244,-0.155464,0.14945,-0.072426,0.076423,-0.203053,0.105296
0.305193,0.255585,-0.30507,0.28799,-0.085244,-0.155464,0.14945,-0.072426,0.076423,-0.203053,0.105296,-0.05215
0.306365,0.255585,0.28799,-0.085244,-0.155464,0.14945,-0.072426,0.076423,-0.203053,0.105296,-0.05215,0.062997
0.303253,0.255585,-0.085244,-0.155464,0.14945,-0.072426,0.076423,-0.203053,0.105296,-0.05215,0.062997,0.338351
0.304866,0.255585,-0.155464,0.14945,-0.072426,0.076423,-0.203053,0.105296,-0.05215,0.062997,0.338351,-0.176562
0.304067,0.255585,0.14945,-0.072426,0.076423,-0.203053,0.105296,-0.05215,0.062997,0.338351,-0.176562,-0.134944
0.305034,0.255585,-0.072426,0.076423,-0.203053,0.105296,-0.05215,0.062997,0.338351,-0.176562,-0.134944,0.100931
0.310214,0.255585,0.076423,-0.203053,0.105296,-0.05215,0.062997,0.338351,-0.176562,-0.134944,0.100931,-0.076091
0.307516,0.255585,-0.203053,0.105296,-0.05215,0.062997,0.338351,-0.176562,-0.134944,0.100931,-0.076091,0.024378
0.305452,0.255585,0.105296,-0.05215,0.062997,0.338351,-0.176562,-0.134944,0.100931,-0.076091,0.024378,-0.17183
0.306997,0.255585,-0.05215,0.062997,0.338351,-0.176562,-0.134944,0.100931,-0.076091,0.024378,-0.17183,-0.033527
0.305831,0.256378,0.062997,0.338351,-0.176562,-0.134944,0.100931,-0.076091,0.024378,-0.17183,-0.033527,-0.148342
0.306205,0.256378,0.338351,-0.176562,-0.134944,0.100931,-0.076091,0.024378,-0.17183,-0.033527,-0.148342,-0.207531
0.303572,0.256378,-0.176562,-0.134944,0.100931,-0.076091,0.024378,-0.17183,-0.033527,-0.148342,-0.207531,0.294196
0.303058,0.256378,-0.134944,0.100931,-0.076091,0.024378,-0.17183,-0.033527,-0.148342,-0.207531,0.294196,-0.245956
0.30078,0.256378,0.100931,-0.076091,0.024378,-0.17183,-0.033527,-0.148342,-0.207531,0.294196,-0.245956,-0.067452
0.297583,0.256378,-0.076091,0.024378,-0.17183,-0.033527,-0.148342,-0.207531,0.294196,-0.245956,-0.067452,0.175062
0.302114,0.256378,0.024378,-0.17183,-0.033527,-0.148342,-0.207531,0.294196,-0.245956,-0.067452,0.175062,0.152226
0.298332,0.256378,-0.17183,-0.033527,-0.148342,-0.207531,0.294196,-0.245956,-0.067452,0.175062,0.152226,-0.055255
0.297293,0.256378,-0.033527,-0.148342,-0.207531,0.294196,-0.245956,-0.067452,0.175062,0.152226,-0.055255,0.146684
0.299987,0.256378,-0.148342,-0.207531,0.294196,-0.245956,-0.067452,0.175062,0.152226,-0.055255,0.146684,-0.113138
0.302329,0.256378,-0.207531,0.294196,-0.245956,-0.067452,0.175062,0.152226,-0.055255,0.146684,-0.113138,-0.223332
0.301479,0.256378,0.294196,-0.245956,-0.067452,0.175062,0.152226,-0.055255,0.146684,-0.113138,-0.223332,-0.250267
0.303731,0.256378,-0.245956,-0.067452,0.175062,0.152226,-0.055255,0.146684,-0.113138,-0.223332,-0.250267,0.316007
0.301996,0.256378,-0.067452,0.175062,0.152226,-0.055255,0.146684,-0.113138,-0.223332,-0.250267,0.316007,-0.070648
0.298563,0.256378,0.175062,0.152226,-0.055255,0.146684,-0.113138,-0.223332,-0.250267,0.316007,-0.070648,-0.139202
0.2947,0.256378,0.152226,-0.055255,0.146684,-0.113138,-0.223332,-0.250267,0.316007,-0.070648,-0.139202,0.161035
0.299577,0.256378,-0.055255,0.146684,-0.113138,-0.223332,-0.250267,0.316007,-0.070648,-0.139202,0.161035,0.186307
0.29849,0.256378,0.146684,-0.113138,-0.223332,-0.250267,0.316007,-0.070648,-0.139202,0.161035,0.186307,-0.09297
0.296346,0.256378,-0.113138,-0.223332,-0.250267,0.316007,-0.070648,-0.139202,0.161035,0.186307,-0.09297,0.035804
0.298826,0.256378,-0.223332,-0.250267,0.316007,-0.070648,-0.139202,0.161035,0.186307,-0.09297,0.035804,-0.098714
0.301694,0.256378,-0.250267,0.316007,-0.070648,-0.139202,0.161035,0.186307,-0.09297,0.035804,-0.098714,-0.112673
0.300263,0.256378,0.316007,-0.070648,-0.139202,0.161035,0.186307,-0.09297,0.035804,-0.098714,-0.112673,0.124245
0.300814,0.256378,-0.070648,-0.139202,0.161035,0.186307,-0.09297,0.035804,-0.098714,-0.112673,0.124245,0.274855
0.299297,0.256378,-0.139202,0.161035,0.186307,-0.09297,0.035804,-0.098714,-0.112673,0.124245,0.274855,-0.081352
0.297562,0.256378,0.161035,0.186307,-0.09297,0.035804,-0.098714,-0.112673,0.124245,0.274855,-0.081352,-0.205712
0.299477,0.256378,0.186307,-0.09297,0.035804,-0.098714,-0.112673,0.124245,0.274855,-0.081352,-0.205712,-0.088753
0.303705,0.256378,-0.09297,0.035804,-0.098714,-0.112673,0.124245,0.274855,-0.081352,-0.205712,-0.088753,0.162
0.302457,0.256378,0.035804,-0.098714,-0.112673,0.124245,0.274855,-0.081352,-0.205712,-0.088753,0.162,-0.106454
0.299297,0.256378,-0.098714,-0.112673,0.124245,0.274855,-0.081352,-0.205712,-0.088753,0.162,-0.106454,0.193812
0.297931,0.256378,-0.112673,0.124245,0.274855,-0.081352,-0.205712,-0.088753,0.162,-0.106454,0.193812,0.028736
0.300426,0.256378,0.124245,0.274855,-0.081352,-0.205712,-0.088753,0.162,-0.106454,0.193812,0.028736,-0.041319
0.298787,0.256378,0.274855,-0.081352,-0.205712,-0.088753,0.162,-0.106454,0.193812,0.028736,-0.041319,0.056002
0.301767,0.256378,-0.081352,-0.205712,-0.088753,0.162,-0.106454,0.193812,0.028736,-0.041319,0.056002,0.325709
0.302208,0.256378,-0.205712,-0.088753,0.162,-0.106454,0.193812,0.028736,-0.041319,0.056002,0.325709,-0.12005
0.301574,0.256378,-0.088753,0.162,-0.106454,0.193812,0.028736,-0.041319,0.056002,0.325709,-0.12005,-0.151728
0.302435,0.256378,0.162,-0.106454,0.193812,0.028736,-0.041319,0.056002,0.325709,-0.12005,-0.151728,0.191028
0.307432,0.256378,-0.106454,0.193812,0.028736,-0.041319,0.056002,0.325709,-0.12005,-0.151728,0.191028,0.164249
0.305594,0.256378,0.193812,0.028736,-0.041319,0.056002,0.325709,-0.12005,-0.151728,0.191028,0.164249,-0.146266
0.30327,0.256378,0.028736,-0.041319,0.056002,0.325709,-0.12005,-0.151728,0.191028,0.164249,-0.146266,0.148812
0.306197,0.256378,-0.041319,0.056002,0.325709,-0.12005,-0.151728,0.191028,0.164249,-0.146266,0.148812,-0.005757
0.308711,0.256378,0.056002,0.325709,-0.12005,-0.151728,0.191028,0.164249,-0.146266,0.148812,-0.005757,-0.052861
0.306471,0.256378,0.325709,-0.12005,-0.151728,0.191028,0.164249,-0.146266,0.148812,-0.005757,-0.052861,0.035202
0.308747,0.256378,-0.12005,-0.151728,0.191028,0.164249,-0.146266,0.148812,-0.005757,-0.052861,0.035202,0.112257
0.308659,0.256378,-0.151728,0.191028,0.164249,-0.146266,0.148812,-0.005757,-0.052861,0.035202,0.112257,-0.011798
0.307852,0.254669,0.191028,0.164249,-0.146266,0.148812,-0.005757,-0.052861,0.035202,0.112257,-0.011798,-0.442216
0.30839,0.254669,0.164249,-0.146266,0.148812,-0.005757,-0.052861,0.035202,0.112257,-0.011798,-0.442216,0.264248
0.310107,0.254669,-0.146266,0.148812,-0.005757,-0.052861,0.035202,0.112257,-0.011798,-0.442216,0.264248,0.129517
0.309927,0.254669,0.148812,-0.005757,-0.052861,0.035202,0.112257,-0.011798,-0.442216,0.264248,0.129517,-0.115033
0.303164,0.254669,-0.005757,-0.052861,0.035202,0.112257,-0.011798,-0.442216,0.264248,0.129517,-0.115033,0.089551
0.307211,0.254669,-0.052861,0.035202,0.112257,-0.011798,-0.442216,0.264248,0.129517,-0.115033,0.089551,-0.142299
0.309192,0.254669,0.035202,0.112257,-0.011798,-0.442216,0.264248,0.129517,-0.115033,0.089551,-0.142299,-0.135917
0.307432,0.254669,0.112257,-0.011798,-0.442216,0.264248,0.129517,-0.115033,0.089551,-0.142299,-0.135917,0.090783
0.308801,0.254669,-0.011798,-0.442216,0.264248,0.129517,-0.115033,0.089551,-0.142299,-0.135917,0.090783,0.107981
0.306626,0.254669,-0.442216,0.264248,0.129517,-0.115033,0.089551,-0.142299,-0.135917,0.090783,0.107981,-0.011945
0.304546,0.254669,0.264248,0.129517,-0.115033,0.089551,-0.142299,-0.135917,0.090783,0.107981,-0.011945,-0.415604
0.305938,0.254669,0.129517,-0.115033,0.089551,-0.142299,-0.135917,0.090783,0.107981,-0.011945,-0.415604,0.287441
0.307592,0.254669,-0.115033,0.089551,-0.142299,-0.135917,0.090783,0.107981,-0.011945,-0.415604,0.287441,0.129178
0.307409,0.254669,0.089551,-0.142299,-0.135917,0.090783,0.107981,-0.011945,-0.415604,0.287441,0.129178,-0.097314
0.301042,0.254669,-0.142299,-0.135917,0.090783,0.107981,-0.011945,-0.415604,0.287441,0.129178,-0.097314,0.106597
0.305451,0.254669,-0.135917,0.090783,0.107981,-0.011945,-0.415604,0.287441,0.129178,-0.097314,0.106597,-0.148895
0.307429,0.254669,0.090783,0.107981,-0.011945,-0.415604,0.287441,0.129178,-0.097314,0.106597,-0.148895,-0.131953
0.305938,0.254669,0.107981,-0.011945,-0.415604,0.287441,0.129178,-0.097314,0.106597,-0.148895,-0.131953,0.06989
0.30757,0.254669,-0.011945,-0.415604,0.287441,0.129178,-0.097314,0.106597,-0.148895,-0.131953,0.06989,0.299253
0.305292,0.254669,-0.415604,0.287441,0.129178,-0.097314,0.106597,-0.148895,-0.131953,0.06989,0.299253,-0.067894
0.30327,0.254669,0.287441,0.129178,-0.097314,0.106597,-0.148895,-0.131953,0.06989,0.299253,-0.067894,-0.128079
0.304343,0.255188,0.129178,-0.097314,0.106597,-0.148895,-0.131953,0.06989,0.299253,-0.067894,-0.128079,0.125486
0.308928,0.255188,-0.097314,0.106597,-0.148895,-0.131953,0.06989,0.299253,-0.067894,-0.128079,0.125486,0.164702
0.307891,0.255188,0.106597,-0.148895,-0.131953,0.06989,0.299253,-0.067894,-0.128079,0.125486,0.164702,-0.136236
0.305932,0.255188,-0.148895,-0.131953,0.06989,0.299253,-0.067894,-0.128079,0.125486,0.164702,-0.136236,0.167191
0.307852,0.255188,-0.131953,0.06989,0.299253,-0.067894,-0.128079,0.125486,0.164702,-0.136236,0.167191,-0.023354
0.31037,0.255188,0.06989,0.299253,-0.067894,-0.128079,0.125486,0.164702,-0.136236,0.167191,-0.023354,-0.070764
0.308287,0.255188,0.299253,-0.067894,-0.128079,0.125486,0.164702,-0.136236,0.167191,-0.023354,-0.070764,0.049189
0.31084,0.255188,-0.067894,-0.128079,0.125486,0.164702,-0.136236,0.167191,-0.023354,-0.070764,0.049189,0.261142
0.310484,0.255188,-0.128079,0.125486,0.164702,-0.136236,0.167191,-0.023354,-0.070764,0.049189,0.261142,-0.12134
0.309404,0.255188,0.125486,0.164702,-0.136236,0.167191,-0.023354,-0.070764,0.049189,0.261142,-0.12134,-0.178539
0.310155,0.255188,0.164702,-0.136236,0.167191,-0.023354,-0.070764,0.049189,0.261142,-0.12134,-0.178539,0.143939
0.31414,0.255188,-0.136236,0.167191,-0.023354,-0.070764,0.049189,0.261142,-0.12134,-0.178539,0.143939,0.155148
0.312292,0.255188,0.167191,-0.023354,-0.070764,0.049189,0.261142,-0.12134,-0.178539,0.143939,0.155148,-0.15478
0.309571,0.255188,-0.023354,-0.070764,0.049189,0.261142,-0.12134,-0.178539,0.143939,0.155148,-0.15478,0.055424
0.311766,0.255188,-0.070764,0.049189,0.261142,-0.12134,-0.178539,0.143939,0.155148,-0.15478,0.055424,-0.259499
0.314131,0.255188,0.049189,0.261142,-0.12134,-0.178539,0.143939,0.155148,-0.15478,0.055424,-0.259499,-0.241124
0.311771,0.255188,0.261142,-0.12134,-0.178539,0.143939,0.155148,-0.15478,0.055424,-0.259499,-0.241124,-0.040944
0.312615,0.255188,-0.12134,-0.178539,0.143939,0.155148,-0.15478,0.055424,-0.259499,-0.241124,-0.040944,0.348281
0.308659,0.255188,-0.178539,0.143939,0.155148,-0.15478,0.055424,-0.259499,-0.241124,-0.040944,0.348281,-0.130975
0.304971,0.255188,0.143939,0.155148,-0.15478,0.055424,-0.259499,-0.241124,-0.040944,0.348281,-0.130975,-0.103608
0.304343,0.255188,0.155148,-0.15478,0.055424,-0.259499,-0.241124,-0.040944,0.348281,-0.130975,-0.103608,0.139525
0.309678,0.255188,-0.15478,0.055424,-0.259499,-0.241124,-0.040944,0.348281,-0.130975,-0.103608,0.139525,0.157778
0.307677,0.255188,0.055424,-0.259499,-0.241124,-0.040944,0.348281,-0.130975,-0.103608,0.139525,0.157778,-0.115314
0.306093,0.255188,-0.259499,-0.241124,-0.040944,0.348281,-0.130975,-0.103608,0.139525,0.157778,-0.115314,0.178042
0.308226,0.255188,-0.241124,-0.040944,0.348281,-0.130975,-0.103608,0.139525,0.157778,-0.115314,0.178042,-0.016313
0.310638,0.255188,-0.040944,0.348281,-0.130975,-0.103608,0.139525,0.157778,-0.115314,0.178042,-0.016313,-0.039287
0.308875,0.255188,0.348281,-0.130975,-0.103608,0.139525,0.157778,-0.115314,0.178042,-0.016313,-0.039287,0.021071
0.311592,0.255188,-0.130975,-0.103608,0.139525,0.157778,-0.115314,0.178042,-0.016313,-0.039287,0.021071,0.095476
0.311344,0.255188,-0.103608,0.139525,0.157778,-0.115314,0.178042,-0.016313,-0.039287,0.021071,0.095476,-0.064633
0.310745,0.255188,0.139525,0.157778,-0.115314,0.178042,-0.016313,-0.039287,0.021071,0.095476,-0.064633,-0.454233
0.311066,0.255188,0.157778,-0.115314,0.178042,-0.016313,-0.039287,0.021071,0.095476,-0.064633,-0.454233,0.286057
0.312524,0.255188,-0.115314,0.178042,-0.016313,-0.039287,0.021071,0.095476,-0.064633,-0.454233,0.286057,0.084228
0.311538,0.255188,0.178042,-0.016313,-0.039287,0.021071,0.095476,-0.064633,-0.454233,0.286057,0.084228,-0.24428
0.3046,0.255188,-0.016313,-0.039287,0.021071,0.095476,-0.064633,-0.454233,0.286057,0.084228,-0.24428,0.180408
0.308975,0.255188,-0.039287,0.021071,0.095476,-0.064633,-0.454233,0.286057,0.084228,-0.24428,0.180408,-0.268052
0.310262,0.255188,0.021071,0.095476,-0.064633,-0.454233,0.286057,0.084228,-0.24428,0.180408,-0.268052,0.121833
0.306525,0.255188,0.095476,-0.064633,-0.454233,0.286057,0.084228,-0.24428,0.180408,-0.268052,0.121833,-0.051787
0.309283,0.255188,-0.064633,-0.454233,0.286057,0.084228,-0.24428,0.180408,-0.268052,0.121833,-0.051787,0.314762
0.305186,0.255188,-0.454233,0.286057,0.084228,-0.24428,0.180408,-0.268052,0.121833,-0.051787,0.314762,-0.057502
0.30705,0.255188,0.286057,0.084228,-0.24428,0.180408,-0.268052,0.121833,-0.051787,0.314762,-0.057502,-0.233676
0.306257,0.255188,0.084228,-0.24428,0.180408,-0.268052,0.121833,-0.051787,0.314762,-0.057502,-0.233676,-0.042028
0.311072,0.255188,-0.24428,0.180408,-0.268052,0.121833,-0.051787,0.314762,-0.057502,-0.233676,-0.042028,0.10487
0.310195,0.255188,0.180408,-0.268052,0.121833,-0.051787,0.314762,-0.057502,-0.233676,-0.042028,0.10487,-0.090386
0.306626,0.255188,-0.268052,0.121833,-0.051787,0.314762,-0.057502,-0.233676,-0.042028,0.10487,-0.090386,0.176731
0.305983,0.255066,0.121833,-0.051787,0.314762,-0.057502,-0.233676,-0.042028,0.10487,-0.090386,0.176731,-0.005747
0.30759,0.255066,-0.051787,0.314762,-0.057502,-0.233676,-0.042028,0.10487,-0.090386,0.176731,-0.005747,-0.038892
0.306205,0.255066,0.314762,-0.057502,-0.233676,-0.042028,0.10487,-0.090386,0.176731,-0.005747,-0.038892,0.028203
0.308908,0.255066,-0.057502,-0.233676,-0.042028,0.10487,-0.090386,0.176731,-0.005747,-0.038892,0.028203,0.316669
0.30882,0.255066,-0.233676,-0.042028,0.10487,-0.090386,0.176731,-0.005747,-0.038892,0.028203,0.316669,-0.114159
0.308226,0.255066,-0.042028,0.10487,-0.090386,0.176731,-0.005747,-0.038892,0.028203,0.316669,-0.114159,-0.185365
0.308657,0.255066,0.10487,-0.090386,0.176731,-0.005747,-0.038892,0.028203,0.316669,-0.114159,-0.185365,0.186099
0.313493,0.255066,-0.090386,0.176731,-0.005747,-0.038892,0.028203,0.316669,-0.114159,-0.185365,0.186099,0.155148
0.311754,0.255066,0.176731,-0.005747,-0.038892,0.028203,0.316669,-0.114159,-0.185365,0.186099,0.155148,-0.147741
0.308927,0.255066,-0.005747,-0.038892,0.028203,0.316669,-0.114159,-0.185365,0.186099,0.155148,-0.147741,0.13693
0.311766,0.255066,-0.038892,0.028203,0.316669,-0.114159,-0.185365,0.186099,0.155148,-0.147741,0.13693,-0.009247
0.314131,0.255066,0.028203,0.316669,-0.114159,-0.185365,0.186099,0.155148,-0.147741,0.13693,-0.009247,-0.060912
0.311878,0.255066,0.316669,-0.114159,-0.185365,0.186099,0.155148,-0.147741,0.13693,-0.009247,-0.060912,0.017416
0.313964,0.255066,-0.114159,-0.185365,0.186099,0.155148,-0.147741,0.13693,-0.009247,-0.060912,0.017416,0.295258
0.313823,0.255066,-0.185365,0.186099,0.155148,-0.147741,0.13693,-0.009247,-0.060912,0.017416,0.295258,-0.154071
0.312896,0.255066,0.186099,0.155148,-0.147741,0.13693,-0.009247,-0.060912,0.017416,0.295258,-0.154071,-0.176171
0.313162,0.255066,0.155148,-0.147741,0.13693,-0.009247,-0.060912,0.017416,0.295258,-0.154071,-0.176171,-0.11707
0.317655,0.255066,-0.147741,0.13693,-0.009247,-0.060912,0.017416,0.295258,-0.154071,-0.176171,-0.11707,-0.070159
0.315315,0.255066,0.13693,-0.009247,-0.060912,0.017416,0.295258,-0.154071,-0.176171,-0.11707,-0.070159,0.042396
0.312636,0.255066,-0.009247,-0.060912,0.017416,0.295258,-0.154071,-0.176171,-0.11707,-0.070159,0.042396,-0.159144
0.310852,0.255859,-0.060912,0.017416,0.295258,-0.154071,-0.176171,-0.11707,-0.070159,0.042396,-0.159144,0.138222
0.309781,0.255859,0.017416,0.295258,-0.154071,-0.176171,-0.11707,-0.070159,0.042396,-0.159144,0.138222,-0.056635
0.310428,0.255859,0.295258,-0.154071,-0.176171,-0.11707,-0.070159,0.042396,-0.159144,0.138222,-0.056635,0.031666
0.307998,0.255859,-0.154071,-0.176171,-0.11707,-0.070159,0.042396,-0.159144,0.138222,-0.056635,0.031666,0.370721
0.310107,0.255859,-0.176171,-0.11707,-0.070159,0.042396,-0.159144,0.138222,-0.056635,0.031666,0.370721,-0.14992
0.309243,0.255859,-0.11707,-0.070159,0.042396,-0.159144,0.138222,-0.056635,0.031666,0.370721,-0.14992,-0.133022
0.309727,0.255859,-0.070159,0.042396,-0.159144,0.138222,-0.056635,0.031666,0.370721,-0.14992,-0.133022,0.105411
0.315382,0.255859,0.042396,-0.159144,0.138222,-0.056635,0.031666,0.370721,-0.14992,-0.133022,0.105411,-0.294913
0.3131,0.255859,-0.159144,0.138222,-0.056635,0.031666,0.370721,-0.14992,-0.133022,0.105411,-0.294913,0.045643
0.311075,0.255859,0.138222,-0.056635,0.031666,0.370721,-0.14992,-0.133022,0.105411,-0.294913,0.045643,-0.186603
0.312681,0.255859,-0.056635,0.031666,0.370721,-0.14992,-0.133022,0.105411,-0.294913,0.045643,-0.186603,0.113034
0.308177,0.255859,0.031666,0.370721,-0.14992,-0.133022,0.105411,-0.294913,0.045643,-0.186603,0.113034,-0.059662
0.308875,0.255859,0.370721,-0.14992,-0.133022,0.105411,-0.294913,0.045643,-0.186603,0.113034,-0.059662,0.059616
0.306021,0.255859,-0.14992,-0.133022,0.105411,-0.294913,0.045643,-0.186603,0.113034,-0.059662,0.059616,0.340655
0.307749,0.255859,-0.133022,0.105411,-0.294913,0.045643,-0.186603,0.113034,-0.059662,0.059616,0.340655,-0.156336
0.306837,0.255859,0.105411,-0.294913,0.045643,-0.186603,0.113034,-0.059662,0.059616,0.340655,-0.156336,-0.118273
0.30775,0.255859,-0.294913,0.045643,-0.186603,0.113034,-0.059662,0.059616,0.340655,-0.156336,-0.118273,0.136682
0.312954,0.255859,0.045643,-0.186603,0.113034,-0.059662,0.059616,0.340655,-0.156336,-0.118273,0.136682,0.183185
0.310571,0.255859,-0.186603,0.113034,-0.059662,0.059616,0.340655,-0.156336,-0.118273,0.136682,0.183185,-0.108876
0.308766,0.255859,0.113034,-0.059662,0.059616,0.340655,-0.156336,-0.118273,0.136682,0.183185,-0.108876,0.14407
0.310852,0.255859,-0.059662,0.059616,0.340655,-0.156336,-0.118273,0.136682,0.183185,-0.108876,0.14407,-0.030557
0.313646,0.255859,0.059616,0.340655,-0.156336,-0.118273,0.136682,0.183185,-0.108876,0.14407,-0.030557,-0.075038
0.311986,0.255859,0.340655,-0.156336,-0.118273,0.136682,0.183185,-0.108876,0.14407,-0.030557,-0.075038,0.031559
0.31418,0.255859,-0.156336,-0.118273,0.136682,0.183185,-0.108876,0.14407,-0.030557,-0.075038,0.031559,0.284464
0.313715,0.255859,-0.118273,0.136682,0.183185,-0.108876,0.14407,-0.030557,-0.075038,0.031559,0.284464,-0.114845
0.312573,0.255859,0.136682,0.183185,-0.108876,0.14407,-0.030557,-0.075038,0.031559,0.284464,-0.114845,-0.179829
0.313054,0.255859,0.183185,-0.108876,0.14407,-0.030557,-0.075038,0.031559,0.284464,-0.114845,-0.179829,0.08442
0.317384,0.255859,-0.108876,0.14407,-0.030557,-0.075038,0.031559,0.284464,-0.114845,-0.179829,0.08442,-0.092227
0.31564,0.255859,0.14407,-0.030557,-0.075038,0.031559,0.284464,-0.114845,-0.179829,0.08442,-0.092227,-0.154392
0.312906,0.255859,-0.030557,-0.075038,0.031559,0.284464,-0.114845,-0.179829,0.08442,-0.092227,-0.154392,0.175271
0.31419,0.255859,-0.075038,0.031559,0.284464,-0.114845,-0.179829,0.08442,-0.092227,-0.154392,0.175271,-0.034045
0.312785,0.255859,0.031559,0.284464,-0.114845,-0.179829,0.08442,-0.092227,-0.154392,0.175271,-0.034045,-0.035948
0.310428,0.255859,0.284464,-0.114845,-0.179829,0.08442,-0.092227,-0.154392,0.175271,-0.034045,-0.035948,0.038629
0.3131,0.255859,-0.114845,-0.179829,0.08442,-0.092227,-0.154392,0.175271,-0.034045,-0.035948,0.038629,0.120699
0.312582,0.255859,-0.179829,0.08442,-0.092227,-0.154392,0.175271,-0.034045,-0.035948,0.038629,0.120699,-0.075376
0.312035,0.255859,0.08442,-0.092227,-0.154392,0.175271,-0.034045,-0.035948,0.038629,0.120699,-0.075376,-0.421117
0.312624,0.255859,-0.092227,-0.154392,0.175271,-0.034045,-0.035948,0.038629,0.120699,-0.075376,-0.421117,0.290947
0.314463,0.255859,-0.154392,0.175271,-0.034045,-0.035948,0.038629,0.120699,-0.075376,-0.421117,0.290947,0.112662
0.313316,0.255859,0.175271,-0.034045,-0.035948,0.038629,0.120699,-0.075376,-0.421117,0.290947,0.112662,-0.12988
0.306894,0.255859,-0.034045,-0.035948,0.038629,0.120699,-0.075376,-0.421117,0.290947,0.112662,-0.12988,0.214624
0.311336,0.255859,-0.035948,0.038629,0.120699,-0.075376,-0.421117,0.290947,0.112662,-0.12988,0.214624,-0.058966
0.313054,0.255859,0.038629,0.120699,-0.075376,-0.421117,0.290947,0.112662,-0.12988,0.214624,-0.058966,-0.050216
0.311072,0.255859,0.120699,-0.075376,-0.421117,0.290947,0.112662,-0.12988,0.214624,-0.058966,-0.050216,-0.000203
0.314342,0.255859,-0.075376,-0.421117,0.290947,0.112662,-0.12988,0.214624,-0.058966,-0.050216,-0.000203,0.323424
0.313445,0.255066,-0.421117,0.290947,0.112662,-0.12988,0.214624,-0.058966,-0.050216,-0.000203,0.323424,-0.296035
0.312681,0.255066,0.290947,0.112662,-0.12988,0.214624,-0.058966,-0.050216,-0.000203,0.323424,-0.296035,-0.17533
0.312678,0.255066,0.112662,-0.12988,0.214624,-0.058966,-0.050216,-0.000203,0.323424,-0.296035,-0.17533,-0.322351
0.317601,0.255066,-0.12988,0.214624,-0.058966,-0.050216,-0.000203,0.323424,-0.296035,-0.17533,-0.322351,0.244421
0.3131,0.255066,0.214624,-0.058966,-0.050216,-0.000203,0.323424,-0.296035,-0.17533,-0.322351,0.244421,-0.125507
0.31043,0.255066,-0.058966,-0.050216,-0.000203,0.323424,-0.296035,-0.17533,-0.322351,0.244421,-0.125507,0.156205
0.305504,0.255066,-0.050216,-0.000203,0.323424,-0.296035,-0.17533,-0.322351,0.244421,-0.125507,0.156205,0.004806
0.309245,0.255066,-0.000203,0.323424,-0.296035,-0.17533,-0.322351,0.244421,-0.125507,0.156205,0.004806,-0.074105
0.307325,0.255066,0.323424,-0.296035,-0.17533,-0.322351,0.244421,-0.125507,0.156205,0.004806,-0.074105,0.052675
0.309712,0.255066,-0.296035,-0.17533,-0.322351,0.244421,-0.125507,0.156205,0.004806,-0.074105,0.052675,0.119635
0.309785,0.255066,-0.17533,-0.322351,0.244421,-0.125507,0.156205,0.004806,-0.074105,0.052675,0.119635,-0.057512
0.308654,0.255066,-0.322351,0.244421,-0.125507,0.156205,0.004806,-0.074105,0.052675,0.119635,-0.057512,-0.418398
0.309459,0.255066,0.244421,-0.125507,0.156205,0.004806,-0.074105,0.052675,0.119635,-0.057512,-0.418398,0.299721
0.311287,0.255066,-0.125507,0.156205,0.004806,-0.074105,0.052675,0.119635,-0.057512,-0.418398,0.299721,0.098219
0.31041,0.255066,0.156205,0.004806,-0.074105,0.052675,0.119635,-0.057512,-0.418398,0.299721,0.098219,-0.143152
0.304014,0.255066,0.004806,-0.074105,0.052675,0.119635,-0.057512,-0.418398,0.299721,0.098219,-0.143152,0.191662
0.308601,0.255066,-0.074105,0.052675,0.119635,-0.057512,-0.418398,0.299721,0.098219,-0.143152,0.191662,-0.079683
0.310102,0.255066,0.052675,0.119635,-0.057512,-0.418398,0.299721,0.098219,-0.143152,0.191662,-0.079683,-0.046025
0.307912,0.255066,0.119635,-0.057512,-0.418398,0.299721,0.098219,-0.143152,0.191662,-0.079683,-0.046025,0.003678
0.31084,0.255066,-0.057512,-0.418398,0.299721,0.098219,-0.143152,0.191662,-0.079683,-0.046025,0.003678,0.292167
0.309624,0.255066,-0.418398,0.299721,0.098219,-0.143152,0.191662,-0.079683,-0.046025,0.003678,0.292167,-0.110615
0.308922,0.255066,0.299721,0.098219,-0.143152,0.191662,-0.079683,-0.046025,0.003678,0.292167,-0.110615,-0.188878
0.308978,0.254822,0.098219,-0.143152,0.191662,-0.079683,-0.046025,0.003678,0.292167,-0.110615,-0.188878,0.12967
0.313439,0.254822,-0.143152,0.191662,-0.079683,-0.046025,0.003678,0.292167,-0.110615,-0.188878,0.12967,0.123162
0.311754,0.254822,0.191662,-0.079683,-0.046025,0.003678,0.292167,-0.110615,-0.188878,0.12967,0.123162,-0.129795
0.308874,0.254822,-0.079683,-0.046025,0.003678,0.292167,-0.110615,-0.188878,0.12967,0.123162,-0.129795,0.037571
0.310852,0.254822,-0.046025,0.003678,0.292167,-0.110615,-0.188878,0.12967,0.123162,-0.129795,0.037571,-0.153604
0.312731,0.254822,0.003678,0.292167,-0.110615,-0.188878,0.12967,0.123162,-0.129795,0.037571,-0.153604,-0.150762
0.31075,0.254822,0.292167,-0.110615,-0.188878,0.12967,0.123162,-0.129795,0.037571,-0.153604,-0.150762,-0.020443
0.311323,0.254822,-0.110615,-0.188878,0.12967,0.123162,-0.129795,0.037571,-0.153604,-0.150762,-0.020443,0.164033
0.308981,0.254822,-0.188878,0.12967,0.123162,-0.129795,0.037571,-0.153604,-0.150762,-0.020443,0.164033,-0.228373
0.306677,0.254822,0.12967,0.123162,-0.129795,0.037571,-0.153604,-0.150762,-0.020443,0.164033,-0.228373,-0.092709
0.306364,0.254822,0.123162,-0.129795,0.037571,-0.153604,-0.150762,-0.020443,0.164033,-0.228373,-0.092709,0.12157
0.308875,0.254822,-0.129795,0.037571,-0.153604,-0.150762,-0.020443,0.164033,-0.228373,-0.092709,0.12157,0.209572
0.305381,0.254822,0.037571,-0.153604,-0.150762,-0.020443,0.164033,-0.228373,-0.092709,0.12157,0.209572,-0.101052
0.303961,0.254822,-0.153604,-0.150762,-0.020443,0.164033,-0.228373,-0.092709,0.12157,0.209572,-0.101052,0.124652
0.305823,0.254822,-0.150762,-0.020443,0.164033,-0.228373,-0.092709,0.12157,0.209572,-0.101052,0.124652,0.01887
0.309031,0.254822,-0.020443,0.164033,-0.228373,-0.092709,0.12157,0.209572,-0.101052,0.124652,0.01887,-0.06357
0.307485,0.254822,0.164033,-0.228373,-0.092709,0.12157,0.209572,-0.101052,0.124652,0.01887,-0.06357,0.010697
0.30939,0.254822,-0.228373,-0.092709,0.12157,0.209572,-0.101052,0.124652,0.01887,-0.06357,0.010697,0.309757
0.309678,0.254822,-0.092709,0.12157,0.209572,-0.101052,0.124652,0.01887,-0.06357,0.010697,0.309757,-0.12476
0.308708,0.254822,0.12157,0.209572,-0.101052,0.124652,0.01887,-0.06357,0.010697,0.309757,-0.12476,-0.188849
0.308871,0.254822,0.209572,-0.101052,0.124652,0.01887,-0.06357,0.010697,0.309757,-0.12476,-0.188849,0.112049
0.313601,0.254822,-0.101052,0.124652,0.01887,-0.06357,0.010697,0.309757,-0.12476,-0.188849,0.112049,0.158371
0.3117,0.254822,0.124652,0.01887,-0.06357,0.010697,0.309757,-0.12476,-0.188849,0.112049,0.158371,-0.150933
0.30882,0.254822,0.01887,-0.06357,0.010697,0.309757,-0.12476,-0.188849,0.112049,0.158371,-0.150933,0.150596
0.31053,0.254822,-0.06357,0.010697,0.309757,-0.12476,-0.188849,0.112049,0.158371,-0.150933,0.150596,-0.150607
0.312946,0.254822,0.010697,0.309757,-0.12476,-0.188849,0.112049,0.158371,-0.150933,0.150596,-0.150607,-0.154954
0.310643,0.254822,0.309757,-0.12476,-0.188849,0.112049,0.158371,-0.150933,0.150596,-0.150607,-0.154954,-0.097327
0.312939,0.254822,-0.12476,-0.188849,0.112049,0.158371,-0.150933,0.150596,-0.150607,-0.154954,-0.097327,0.375093
0.310645,0.254822,-0.188849,0.112049,0.158371,-0.150933,0.150596,-0.150607,-0.154954,-0.097327,0.375093,-0.124551
0.308279,0.254822,0.112049,0.158371,-0.150933,0.150596,-0.150607,-0.154954,-0.097327,0.375093,-0.124551,-0.16038
0.30679,0.254822,0.158371,-0.150933,0.150596,-0.150607,-0.154954,-0.097327,0.375093,-0.124551,-0.16038,0.133015
0.312524,0.254822,-0.150933,0.150596,-0.150607,-0.154954,-0.097327,0.375093,-0.124551,-0.16038,0.133015,0.168874
0.310625,0.254822,0.150596,-0.150607,-0.154954,-0.097327,0.375093,-0.124551,-0.16038,0.133015,0.168874,-0.136834
0.308177,0.254822,-0.150607,-0.154954,-0.097327,0.375093,-0.124551,-0.16038,0.133015,0.168874,-0.136834,0.147075
0.310208,0.254822,-0.154954,-0.097327,0.375093,-0.124551,-0.16038,0.133015,0.168874,-0.136834,0.147075,-0.002166
0.312785,0.254822,-0.097327,0.375093,-0.124551,-0.16038,0.133015,0.168874,-0.136834,0.147075,-0.002166,-0.036
0.310697,0.254822,0.375093,-0.124551,-0.16038,0.133015,0.168874,-0.136834,0.147075,-0.002166,-0.036,-0.003693
0.312939,0.254822,-0.124551,-0.16038,0.133015,0.168874,-0.136834,0.147075,-0.002166,-0.036,-0.003693,0.30174
0.312906,0.254822,-0.16038,0.133015,0.168874,-0.136834,0.147075,-0.002166,-0.036,-0.003693,0.30174,-0.128979
0.312358,0.254822,0.133015,0.168874,-0.136834,0.147075,-0.002166,-0.036,-0.003693,0.30174,-0.128979,-0.172491
0.312301,0.254822,0.168874,-0.136834,0.147075,-0.002166,-0.036,-0.003693,0.30174,-0.128979,-0.172491,0.09853
0.316896,0.254822,-0.136834,0.147075,-0.002166,-0.036,-0.003693,0.30174,-0.128979,-0.172491,0.09853,0.187678
0.314936,0.254822,0.147075,-0.002166,-0.036,-0.003693,0.30174,-0.128979,-0.172491,0.09853,0.187678,-0.289804
0.312313,0.254822,-0.002166,-0.036,-0.003693,0.30174,-0.128979,-0.172491,0.09853,0.187678,-0.289804,0.122882
0.313813,0.256256,-0.036,-0.003693,0.30174,-0.128979,-0.172491,0.09853,0.187678,-0.289804,0.122882,-0.214541
0.316668,0.256256,-0.003693,0.30174,-0.128979,-0.172491,0.09853,0.187678,-0.289804,0.122882,-0.214541,-0.000491
0.312255,0.256256,0.30174,-0.128979,-0.172491,0.09853,0.187678,-0.289804,0.122882,-0.214541,-0.000491,0.007015
0.314126,0.256256,-0.128979,-0.172491,0.09853,0.187678,-0.289804,0.122882,-0.214541,-0.000491,0.007015,0.311379
0.31086,0.256256,-0.172491,0.09853,0.187678,-0.289804,0.122882,-0.214541,-0.000491,0.007015,0.311379,-0.100346
0.310852,0.256256,0.09853,0.187678,-0.289804,0.122882,-0.214541,-0.000491,0.007015,0.311379,-0.100346,-0.189863
0.310959,0.256256,0.187678,-0.289804,0.122882,-0.214541,-0.000491,0.007015,0.311379,-0.100346,-0.189863,0.169202
0.315706,0.256256,-0.289804,0.122882,-0.214541,-0.000491,0.007015,0.311379,-0.100346,-0.189863,0.169202,-0.074495
0.31418,0.256256,0.122882,-0.214541,-0.000491,0.007015,0.311379,-0.100346,-0.189863,0.169202,-0.074495,0.035813
0.31129,0.256256,-0.214541,-0.000491,0.007015,0.311379,-0.100346,-0.189863,0.169202,-0.074495,0.035813,-0.149381
0.313867,0.256256,-0.000491,0.007015,0.311379,-0.100346,-0.189863,0.169202,-0.074495,0.035813,-0.149381,0.086127
0.312731,0.256256,0.007015,0.311379,-0.100346,-0.189863,0.169202,-0.074495,0.035813,-0.149381,0.086127,-0.06412
0.313277,0.256256,0.311379,-0.100346,-0.189863,0.169202,-0.074495,0.035813,-0.149381,0.086127,-0.06412,0.00345
0.311001,0.256256,-0.100346,-0.189863,0.169202,-0.074495,0.035813,-0.149381,0.086127,-0.06412,0.00345,0.361554
0.312313,0.256256,-0.189863,0.169202,-0.074495,0.035813,-0.149381,0.086127,-0.06412,0.00345,0.361554,-0.150306
0.311336,0.256256,0.169202,-0.074495,0.035813,-0.149381,0.086127,-0.06412,0.00345,0.361554,-0.150306,-0.161755
0.311388,0.256256,-0.074495,0.035813,-0.149381,0.086127,-0.06412,0.00345,0.361554,-0.150306,-0.161755,0.144618
0.316896,0.256256,0.035813,-0.149381,0.086127,-0.06412,0.00345,0.361554,-0.150306,-0.161755,0.144618,0.155802
0.314612,0.256256,-0.149381,0.086127,-0.06412,0.00345,0.361554,-0.150306,-0.161755,0.144618,0.155802,-0.105897
0.312151,0.256256,0.086127,-0.06412,0.00345,0.361554,-0.150306,-0.161755,0.144618,0.155802,-0.105897,0.127496
0.314352,0.256256,-0.06412,0.00345,0.361554,-0.150306,-0.161755,0.144618,0.155802,-0.105897,0.127496,-0.037841
0.316723,0.256256,0.00345,0.361554,-0.150306,-0.161755,0.144618,0.155802,-0.105897,0.127496,-0.037841,-0.160962
0.315111,0.2565,0.361554,-0.150306,-0.161755,0.144618,0.155802,-0.105897,0.127496,-0.037841,-0.160962,-0.145012
0.317049,0.2565,-0.150306,-0.161755,0.144618,0.155802,-0.105897,0.127496,-0.037841,-0.160962,-0.145012,0.219635
0.316475,0.2565,-0.161755,0.144618,0.155802,-0.105897,0.127496,-0.037841,-0.160962,-0.145012,0.219635,-0.107366
0.314028,0.2565,0.144618,0.155802,-0.105897,0.127496,-0.037841,-0.160962,-0.145012,0.219635,-0.107366,-0.150793
0.311818,0.2565,0.155802,-0.105897,0.127496,-0.037841,-0.160962,-0.145012,0.219635,-0.107366,-0.150793,0.084206
0.315166,0.2565,-0.105897,0.127496,-0.037841,-0.160962,-0.145012,0.219635,-0.107366,-0.150793,0.084206,-0.063572
0.313532,0.2565,0.127496,-0.037841,-0.160962,-0.145012,0.219635,-0.107366,-0.150793,0.084206,-0.063572,-0.14703
0.311236,0.2565,-0.037841,-0.160962,-0.145012,0.219635,-0.107366,-0.150793,0.084206,-0.063572,-0.14703,0.185325
