<model>
gaussian
</model>
<W>
0.0
0.0
0.0
0.0
0.0
0.0
0.0
0.0
0.0
0.06005087395204978
0.016574278852105273
0.0
0.0
0.011544429048726101
0.0
0.0
0.0
0.0
0.0
0.0
0.0
0.0
0.0
0.0
0.0
0.0
0.021719455491926
0.0
0.0
0.0
0.0
0.0
0.5009693035665099
1.8636449477082984E-4
-0.07506978070341441
5.0502086537340674E-5
-1.91785935932387E-6
8.584397625064355E-4
0.0053961053556408345
0.009231738067575046
-0.0025113955616693495
-0.0025115121900012305
2.5978890144884303E-5
1.1889740829906792E-4
-3.664423497242719E-4
-0.0029826769956966537
0.0088093123972941
-0.10211733412101842
-0.0806451611560366
-7.730866950472759E-5
0.004821501033350772
-0.0028812817633405707
-0.001979661474016625
-0.0012685928903826138
0.00114253453828983
4.006716823079515E-5
0.0010714844467571982
4.153250634089112E-4
5.014849675553101E-4
8.564954621563814E-4
0.010118911559090948
0.019772198324877532
0.009066245419492525
3.136760055899579E-4
-6.801433261927059E-6
0.0024918835794407457
0.0025272319345466254
0.0010718515015626373
0.008695266513111921
0.012181212006896924
0.007088999032953236
5.680398432945655E-4
0.008681612986676246
-5.449830675385847E-5
2.0449032169400638E-4
3.025754980277018E-4
0.0027098662861830825
0.0019504309651536822
9.444222495589294E-4
0.00251034962989527
0.0024458926894446176
7.234127729023321E-4
0.002331247790806179
1.5159173733447773E-4
0.01666218898681504
0.0010114839633708073
0.0016670848723909781
6.859955775191384E-4
0.015585703906225268
0.0012788728063182209
2.4011584183880608E-4
-1.505376987731566E-6
0.007529656117926775
-3.5002662299721266E-6
8.494348171517174E-7
-0.0017387451655845876
3.21318835752038E-5
-0.10447860867567527
-0.007993471782584027
0.0024691428113896574
0.010054458022418444
-0.10719437892764883
-0.00494560664031618
0.009523096152401989
0.009796909166393641
-0.1517267951264294
0.001001043569393456
-8.155383025014729E-4
-0.05588579462508725
0.003929981981570796
-0.04802085469602568
0.008123398049989294
0.0025118310054059734
2.8920445843105824E-4
0.002073012266945673
-0.11013467567623048
0.01013972712965927
0.0011400456198775721
-0.010012802944999732
0.013642752697041516
0.0078706588493902
0.0010208335141332903
-7.785263380410967E-6
1.6076036994094878E-4
-1.1573337905002035E-4
1.6078733570923376E-4
4.5900654299657617E-7
0.0
0.0
0.0
0.0
0.0
0.0
0.0
0.0
0.0
0.0
0.0
0.0
0.0
0.0
0.0
0.0
0.0
0.0
0.0
0.0
0.0
0.0
0.0
0.0
0.0
0.0
0.0
0.0
0.0
0.0
0.0
0.0
0.0
0.0
0.0
0.0
0.0
0.0
0.0
0.0
0.0
0.0
0.0
0.0
0.0
0.0
0.0
0.0
0.0
0.0
0.0
0.0
0.0
0.0
0.0
0.0
0.0
0.0
0.0
0.0
0.0
0.0
0.0
0.0
0.0
0.0
0.0
0.0
0.0
0.0
0.0
0.0
0.0
0.0
0.0
0.0
0.0
0.0
0.0
0.0
0.0
0.0
0.0
0.0
0.0
0.0
0.0
0.0
0.0
0.0
0.0
0.0
0.0
0.0
0.0
0.0
0.0
0.0
0.0
0.0
0.0
0.0
0.0
0.0
0.0
0.0
0.0
0.0
0.0
0.0
0.0
0.0
0.0
0.0
0.0
0.0
0.0
0.0
0.0
0.0
0.0
0.0
0.0
0.0
0.0
0.0
0.0
</W>
<b>
1.0065801421759204
</b>
<info>
Training (X) File : /home/vibhatha/data/libsvm/webspam/webspam_isesvm_train_x_bin.72 
Training (Y) File : /home/vibhatha/data/libsvm/webspam/webspam_isesvm_train_y.72.bin 
Testing (X) File : /home/vibhatha/data/libsvm/webspam/webspam_isesvm_test_x_bin.72 
Testing (Y) File : /home/vibhatha/data/libsvm/webspam/webspam_isesvm_test_y.72.bin 
I/O Time : 142
Kernel Matrix Calculation : 0.0 s
</info>
