92.44604316546763
88.84892086330936
89.568345323741
87.76978417266187
88.12949640287769
88.48920863309353
91.72661870503596
92.08633093525181
90.28776978417267
87.05035971223022
91.36690647482014
90.28776978417267
89.568345323741
87.05035971223022
90.28776978417267
89.568345323741
91.00719424460432
91.36690647482014
90.64748201438849
83.81294964028777
91.00719424460432
92.08633093525181
91.72661870503596
90.28776978417267
88.84892086330936
87.41007194244604
86.6906474820144
88.84892086330936
89.92805755395683
92.80575539568345
93.88489208633094
89.568345323741
90.28776978417267
91.36690647482014
91.00719424460432
89.92805755395683
92.80575539568345
91.00719424460432
89.20863309352518
92.08633093525181
