<model>
linear
</model>
<W>
0.0
0.0
0.0
0.0
0.0
0.0
0.0
0.0
-0.0017322527426828823
-0.9074372848696216
-1.4055256371597804
0.0
0.0
0.18514740795294907
0.0
0.0
0.0
0.0
0.0
0.0
0.0
0.0
0.0
0.0
0.0
0.0
2.0402483913491034
0.0
0.0
0.0
0.0
0.0
-0.7746448602854803
1.9505285517119246
3.1248697801396115
2.944445961392727
-0.16649463850120017
-0.8182417351033157
-2.5321245582706684
-0.9059469069758157
1.953795031713377
2.0021548317133755
1.552345836404347
2.3680867140182453
2.4413402068284316
2.0503840731906755
1.7022295504175682
7.7313187725848955
-3.984743785853162
5.060198415820249
3.559619405123033
-2.811886194480638
-1.0782261517488108
-1.6634677004641427
5.459904068208593
0.16191240401771195
1.1076728866507626
-2.403002184191593
-2.1506853646603727
-2.607634715226169
-2.6213343105012816
-2.697581268675894
-2.5306348322858048
-3.1981261829645056
0.6740629031482083
2.4065349465748525
-2.171844724189029
-1.2467347446378965
-1.5031547090605915
-1.8155052481970508
0.27605787642815494
-1.3643988323642435
-1.9616173248681634
3.1982249802346883
0.004929399456755015
-1.3171278513941738
-1.4382308446071819
-2.886830454854863
-0.7161141962487758
0.946101640625493
1.1833408967935715
-0.4210053858548384
1.0879454852821075
5.1021410246861985
-1.5663108366022431
0.40994654053446833
1.2454369341768903
-0.5014702560739321
-2.530009025820487
-1.0603558325896583
-1.8856498055576276
-0.18592955493761035
0.4716191492390461
-0.18592955493761035
0.11307374073084435
8.387987305886833
0.0
5.8471384684215995
2.676439391872523
-6.312101110057049
-2.7253854158840642
0.38807760056003826
3.4073790978005185
-6.988911578324851
-1.3321542650543368
7.351678640600015
0.17880832212370612
-1.4558326787886096
4.389804397253227
-9.745022878718505
5.062890530556237
-0.6520170993955027
0.5285256590433037
-1.3140651601892037
-6.069626487881609
6.613681297710405
-1.0208334437471345
-1.8664222586411348
7.6352204338855785
-5.859431461608246
-2.623389416533376
-0.4651996384503998
-0.7071418745036844
-0.8145632539715159
1.6626481592186009
-0.8145632539715159
-1.0356891865305247
0.0
0.0
0.0
0.0
0.0
0.0
0.0
0.0
0.0
0.0
0.0
0.0
0.0
0.0
0.0
0.0
0.0
0.0
0.0
0.0
0.0
0.0
0.0
0.0
0.0
0.0
0.0
0.0
0.0
0.0
0.0
0.0
0.0
0.0
0.0
0.0
0.0
0.0
0.0
0.0
0.0
0.0
0.0
0.0
0.0
0.0
0.0
0.0
0.0
0.0
0.0
0.0
0.0
0.0
0.0
0.0
0.0
0.0
0.0
0.0
0.0
0.0
0.0
0.0
0.0
0.0
0.0
0.0
0.0
0.0
0.0
0.0
0.0
0.0
0.0
0.0
0.0
0.0
0.0
0.0
0.0
0.0
0.0
0.0
0.0
0.0
0.0
0.0
0.0
0.0
0.0
0.0
0.0
0.0
0.0
0.0
0.0
0.0
0.0
0.0
0.0
0.0
0.0
0.0
0.0
0.0
0.0
0.0
0.0
0.0
0.0
0.0
0.0
0.0
0.0
0.0
0.0
0.0
0.0
0.0
0.0
0.0
0.0
0.0
0.0
0.0
0.0
</W>
<b>
-1.917881690690063
</b>
<info>
Training (X) File : /home/vibhatha/data/libsvm/webspam/webspam_isesvm_train_x_bin.99 
Training (Y) File : /home/vibhatha/data/libsvm/webspam/webspam_isesvm_train_y.99.bin 
Testing (X) File : /home/vibhatha/data/libsvm/webspam/webspam_isesvm_test_x_bin.99 
Testing (Y) File : /home/vibhatha/data/libsvm/webspam/webspam_isesvm_test_y.99.bin 
I/O Time : 108
Kernel Matrix Calculation : 0.239 s
</info>
