90.28776978417267
90.28776978417267
89.92805755395683
89.568345323741
89.20863309352518
88.84892086330936
90.64748201438849
89.20863309352518
88.84892086330936
88.12949640287769
90.64748201438849
87.05035971223022
87.76978417266187
88.48920863309353
86.6906474820144
88.48920863309353
90.28776978417267
89.20863309352518
88.12949640287769
82.37410071942446
91.72661870503596
91.36690647482014
89.568345323741
89.92805755395683
89.92805755395683
88.48920863309353
87.76978417266187
87.76978417266187
86.6906474820144
91.72661870503596
92.08633093525181
88.12949640287769
88.48920863309353
90.64748201438849
91.00719424460432
87.05035971223022
89.92805755395683
87.76978417266187
87.76978417266187
89.92805755395683
