<model>
linear
</model>
<W>
0.0
0.0
0.0
0.0
0.0
0.0
0.0
0.0
0.0
-2.4418178274645532
5.121440087513955
0.0
0.0
-4.620111949690882
0.0
0.0
0.0
0.0
0.0
0.0
0.0
0.0
0.0
0.0
0.0
0.0
0.03463345459574738
0.0
0.0
0.0
0.0
0.0
-2.142449368009286
0.036032302688453394
0.3199156477733798
5.0506001327310965
-0.328048102779249
-3.8289033909824175
0.7388497230642516
-4.2715504334430054
5.719505532019042
5.73932641518943
0.22691821664050663
2.906398808920576
-3.286845961111691
6.238505916376911
-1.384232204071242
11.253681794196627
-1.8484336144545201
5.389205742361348
0.753722631608069
0.3364854986836813
-0.9354114980465134
-3.1338269181966747
6.201891089861541
0.3854360613789304
2.6051214669198606
3.840628440679641
-6.2355428401075335
-5.854316480023109
-5.760761719017159
-6.028988705139698
-5.813201572909588
-2.6749239624415484
0.21112493304454416
5.39317295134608
-1.1392050799542912
-5.90405972862923
4.4920679485872625
-6.773076957256266
-1.341430357738877
1.4135008938029954
-0.6845017813307985
7.406020372763206
2.406785048639174
-2.9263836158360284
-3.1687993683059372
-6.092072758257548
-4.7946593585031545
0.2920848094946302
-7.557480553913967
1.6707966770205578
1.43861319432215
-0.7367940818050827
-2.794975482054737
-1.063422105270482
-1.7630358880332349
0.30420936078608085
-0.7446564387024924
-3.0727732361145637
-2.892218867778541
-4.077114840053497
-2.22557865256614
-4.0717707364982765
-0.01671719136109206
3.862180290731055
-0.026848648906893494
2.1375859648089097
-2.809878942303982
1.2008102654452406
0.43451986847139956
-4.41262636851385
6.405251837389514
-5.129469019638764
-0.15687030204080443
0.39080540913570516
-1.1577624017955142
-0.7763973712284058
3.838303145983806
-6.189033591298428
8.224360392145309
-8.110789713868364
1.0427571233494777
-2.1297896033678083
-5.1299999905142455
11.408261140033275
0.8877496092229649
-2.226323550951498
6.30632364551162
-5.5483988354212
0.18109336997650669
3.8605452877881863
-0.32331569133423715
-0.3585171032569065
0.16497342484003596
-0.3574410494766002
-0.2734235046919625
0.0
0.0
0.0
0.0
0.0
0.0
0.0
0.0
0.0
0.0
0.0
0.0
0.0
0.0
0.0
0.0
0.0
0.0
0.0
0.0
0.0
0.0
0.0
0.0
0.0
0.0
0.0
0.0
0.0
0.0
0.0
0.0
0.0
0.0
0.0
0.0
0.0
0.0
0.0
0.0
0.0
0.0
0.0
0.0
0.0
0.0
0.0
0.0
0.0
0.0
0.0
0.0
0.0
0.0
0.0
0.0
0.0
0.0
0.0
0.0
0.0
0.0
0.0
0.0
0.0
0.0
0.0
0.0
0.0
0.0
0.0
0.0
0.0
0.0
0.0
0.0
0.0
0.0
0.0
0.0
0.0
0.0
0.0
0.0
0.0
0.0
0.0
0.0
0.0
0.0
0.0
0.0
0.0
0.0
0.0
0.0
0.0
0.0
0.0
0.0
0.0
0.0
0.0
0.0
0.0
0.0
0.0
0.0
0.0
0.0
0.0
0.0
0.0
0.0
0.0
0.0
0.0
0.0
0.0
0.0
0.0
0.0
0.0
0.0
0.0
0.0
0.0
</W>
<b>
1.2173591555190661
</b>
<info>
Training (X) File : /home/vibhatha/data/libsvm/webspam/webspam_isesvm_train_x_bin.376 
Training (Y) File : /home/vibhatha/data/libsvm/webspam/webspam_isesvm_train_y.376.bin 
Testing (X) File : /home/vibhatha/data/libsvm/webspam/webspam_isesvm_test_x_bin.376 
Testing (Y) File : /home/vibhatha/data/libsvm/webspam/webspam_isesvm_test_y.376.bin 
I/O Time : 129
Kernel Matrix Calculation : 0.259 s
</info>
