<model>
linear
</model>
<W>
0.0
0.0
0.0
0.0
0.0
0.0
0.0
0.0
0.0
-0.8943782766157358
1.0495892826874644
0.0
0.0
-4.267484644261822
0.0
0.0
0.0
0.0
0.0
0.0
0.0
0.0
0.0
0.0
0.0
0.0
2.116326843283027
0.0
0.0
0.0
0.0
0.0
-0.8644688254891433
-1.0892254094310938
1.8887964342813683
1.7793860396913852
-0.2140919700515037
-3.878840767668045
-1.3885135912287123
-6.290875988877956
4.446898983227684
4.331049156387583
0.7747673109489776
-1.0554210679993774
-2.611885669961937
2.5282257773374006
-0.03036653229627584
7.9932074498770405
-1.9780595820192957
-0.3732728558812322
2.2494046914378756
-1.9069740195191835
-1.3971164672128893
1.406327284718715
3.8851298060615056
0.6539185273762751
4.713279815537921
0.2834478966200172
3.8162084442292654
0.09992023461876687
-0.21727789136144615
-3.2318621292877943
-0.27488283016487647
-2.3151523622495023
0.7555072615805628
2.856757145753445
0.8477687900082466
-2.778086632304368
0.709837446248046
-2.7361118309102834
-5.958275402361597
-1.4639028069912707
-3.715247172237727
2.334543677477379
-0.7594459358653299
0.12269028164153872
-0.6907824059057059
-0.9934856044817435
2.2451936370176293
-0.0975186714393187
-4.521644880415154
0.6460852443986109
3.468858751154859
2.1335874524347216
-0.48626550051387896
-0.8671098005202418
0.7286715093523374
-2.4403176101768924
0.21720354110478213
-2.7693777418280194
-2.29416029861165
0.8889944970122362
-0.7650415796518497
0.8889944970122362
-0.06001689288543226
1.6409864729813086
0.0146516258
2.5031213346525734
-2.502201933341129
-3.299900275002889
-3.8620370845515595
-1.9829260675335463
0.8439563968569002
-3.955817877816928
-2.1200703422575993
5.234999807515422
-3.7830230734124948
-2.742912515025303
5.752896729491331
-7.9622728848932045
5.085814480509313
-2.895775460773453
0.954020960622711
-0.08024510932117884
-3.1634033804622073
10.78454463160058
-1.984328051822839
-1.6992515671060147
6.4535360223038785
-0.6448932166290492
1.610212006200039
0.9775347588019008
-1.07259674304586
-0.4875194036110143
1.4613661358152803
-0.4882422966110146
-0.045402097899999994
-0.0010766939
0.0
0.0
0.0
0.0
0.0
0.0
0.0
0.0
0.0
0.0
0.0
0.0
0.0
0.0
0.0
0.0
0.0
0.0
0.0
0.0
0.0
0.0
0.0
0.0
0.0
0.0
0.0
0.0
0.0
0.0
0.0
0.0
0.0
0.0
0.0
0.0
0.0
0.0
0.0
0.0
0.0
0.0
0.0
0.0
0.0
0.0
0.0
0.0
0.0
0.0
0.0
0.0
0.0
0.0
0.0
0.0
0.0
0.0
0.0
0.0
0.0
0.0
0.0
0.0
0.0
0.0
0.0
0.0
0.0
0.0
0.0
0.0
0.0
0.0
0.0
0.0
0.0
0.0
0.0
0.0
0.0
0.0
0.0
0.0
0.0
0.0
0.0
0.0
0.0
0.0
0.0
0.0
0.0
0.0
0.0
0.0
0.0
0.0
0.0
0.0
0.0
0.0
0.0
0.0
0.0
0.0
0.0
0.0
0.0
0.0
0.0
0.0
0.0
0.0
0.0
0.0
0.0
0.0
0.0
0.0
0.0
0.0
0.0
0.0
0.0
0.0
</W>
<b>
-1.5371726311984375
</b>
<info>
Training (X) File : /home/vibhatha/data/libsvm/webspam/webspam_isesvm_train_x_bin.159 
Training (Y) File : /home/vibhatha/data/libsvm/webspam/webspam_isesvm_train_y.159.bin 
Testing (X) File : /home/vibhatha/data/libsvm/webspam/webspam_isesvm_test_x_bin.159 
Testing (Y) File : /home/vibhatha/data/libsvm/webspam/webspam_isesvm_test_y.159.bin 
I/O Time : 144
Kernel Matrix Calculation : 0.256 s
</info>
