<model>
linear
</model>
<W>
0.0
0.0
0.0
0.0
0.0
0.0
0.0
0.0
0.0
-1.298657657604877
5.915440366845925
0.0
0.0
-4.077662382898474
0.0
0.0
0.0
0.0
0.0
0.0
0.0
0.0
0.0
0.0
0.0
9.949552293164743E-20
2.946486496402431
0.0
0.0
0.0
0.0
0.0
-0.2323236521923202
-0.3336069272359894
1.062115267035689
2.1337970704889666
-0.33413009552774264
2.7365602330824057
1.8868596861960618
-2.371652366637187
2.997526685381283
3.0067420187645344
0.24945620219121445
1.2594193948176484
3.454505790691948
3.9713250368687802
-1.6447654882143437
6.783637106009266
-0.6732512425265529
1.0046867869100264
2.231187211292648
1.2507217369576469
-2.196197854767555
-2.3085269391651737
5.244421454716497
-2.7556493207790114
1.2237431949903073
2.2620653353237197
-0.25719302455127246
-1.135571984542136
-3.923516534036266
-5.066204512281884
-4.081209388751497
-3.03342741836269
-0.0162633409652486
3.9334016814449417
-3.7822629097168456
-0.8555124242557053
0.7701324433347267
-0.5898616803241366
-8.754413576669457
0.3399449522151465
1.2982957200075376
1.7336844960187787
-0.04136703541067456
-0.4878508737030493
0.6549278619847096
-1.0827439211043288
0.8634010384798803
0.704176372352121
-2.353229478198539
0.39796150506748
-1.2323609585499529
1.9505815780322258
-1.0716221555072047
-0.45178450003475296
-1.2497212392282462
0.11038604202384208
-0.7905027925019714
-1.780569112087353
-1.9380770181502807
-0.13255926070795065
-2.1697606022813565
0.06410804929204941
0.02718870500885856
2.096550879779138
-0.0035617951598436517
3.8033934742999422
-0.17498504633877873
-0.08759650566606159
-6.587250636782649
-2.1040920591594343
0.04539546516870036
-7.109963018886834
3.5506119479405442
10.172091868292075
-1.9689787281593123
-2.136641166044954
0.11529817307432527
-3.400733984780452
5.0269069446370125
-1.9508451680192593
-0.6794490726368482
0.1088165069682406
-7.653823543751207
10.107730470937106
1.1562272338434143
-0.553667879920564
5.2674386962621575
-0.16760813705010053
0.9984082423781497
-0.9670968672124348
-0.6345218115706474
-0.23169563273282595
1.1772316538063978
-0.23385254273282602
-0.6317109419606919
0.0
0.0
0.0
0.0
0.0
0.0
0.0
0.0
0.0
0.0
0.0
0.0
0.0
0.0
0.0
0.0
0.0
0.0
0.0
0.0
0.0
0.0
0.0
0.0
0.0
0.0
0.0
0.0
0.0
0.0
0.0
0.0
0.0
0.0
0.0
0.0
0.0
0.0
0.0
0.0
0.0
0.0
0.0
0.0
0.0
0.0
0.0
0.0
0.0
0.0
0.0
0.0
0.0
0.0
0.0
0.0
0.0
0.0
0.0
0.0
0.0
0.0
0.0
0.0
0.0
0.0
0.0
0.0
0.0
0.0
0.0
0.0
0.0
0.0
0.0
0.0
0.0
0.0
0.0
0.0
0.0
0.0
0.0
0.0
0.0
0.0
0.0
0.0
0.0
0.0
0.0
0.0
0.0
0.0
0.0
0.0
0.0
0.0
0.0
0.0
0.0
0.0
0.0
0.0
0.0
0.0
0.0
0.0
0.0
0.0
0.0
0.0
0.0
0.0
0.0
0.0
0.0
0.0
0.0
0.0
0.0
0.0
0.0
0.0
0.0
0.0
0.0
</W>
<b>
-1.997699046239879
</b>
<info>
Training (X) File : /home/vibhatha/data/libsvm/webspam/webspam_isesvm_train_x_bin.145 
Training (Y) File : /home/vibhatha/data/libsvm/webspam/webspam_isesvm_train_y.145.bin 
Testing (X) File : /home/vibhatha/data/libsvm/webspam/webspam_isesvm_test_x_bin.145 
Testing (Y) File : /home/vibhatha/data/libsvm/webspam/webspam_isesvm_test_y.145.bin 
I/O Time : 134
Kernel Matrix Calculation : 0.202 s
</info>
