91.36690647482014
90.64748201438849
88.84892086330936
88.84892086330936
87.41007194244604
86.6906474820144
89.92805755395683
90.28776978417267
90.28776978417267
88.48920863309353
89.20863309352518
87.05035971223022
87.05035971223022
88.48920863309353
89.20863309352518
89.568345323741
91.00719424460432
86.33093525179856
88.12949640287769
82.37410071942446
89.568345323741
92.08633093525181
89.568345323741
87.05035971223022
87.76978417266187
85.61151079136691
88.48920863309353
85.25179856115108
88.12949640287769
89.20863309352518
89.20863309352518
89.568345323741
90.28776978417267
89.92805755395683
89.20863309352518
85.61151079136691
91.36690647482014
90.64748201438849
89.92805755395683
89.20863309352518
