91.37554585152839
90.61135371179039
89.51965065502183
89.41048034934498
90.06550218340611
91.26637554585153
89.62882096069869
89.73799126637554
89.08296943231441
83.07860262008734
89.73799126637554
90.39301310043668
90.82969432314411
89.95633187772926
91.15720524017468
85.91703056768559
81.4410480349345
87.882096069869
89.51965065502183
91.5938864628821
89.95633187772926
89.8471615720524
88.97379912663756
81.55021834061135
88.31877729257643
89.8471615720524
91.26637554585153
89.62882096069869
90.82969432314411
90.82969432314411
89.19213973799127
90.28384279475983
93.01310043668121
90.17467248908298
89.62882096069869
89.30131004366812
90.82969432314411
90.93886462882097
91.15720524017468
91.26637554585153
