91.36690647482014
91.36690647482014
90.28776978417267
86.33093525179856
88.48920863309353
89.568345323741
90.28776978417267
89.92805755395683
89.92805755395683
88.12949640287769
91.72661870503596
88.48920863309353
89.20863309352518
90.28776978417267
88.12949640287769
88.48920863309353
91.36690647482014
87.41007194244604
90.28776978417267
84.17266187050359
90.28776978417267
92.44604316546763
91.72661870503596
88.48920863309353
88.48920863309353
89.568345323741
87.41007194244604
88.12949640287769
86.33093525179856
92.80575539568345
91.36690647482014
89.568345323741
90.64748201438849
89.20863309352518
90.28776978417267
88.84892086330936
90.28776978417267
90.64748201438849
87.76978417266187
89.568345323741
