<model>
gaussian
</model>
<W>
-1.7763568394002505E-15
-1.7763568394002505E-15
-1.7763568394002505E-15
-1.7763568394002505E-15
-1.7763568394002505E-15
-1.7763568394002505E-15
-1.7763568394002505E-15
-1.7763568394002505E-15
-1.7763568394002505E-15
0.8607285796171054
0.5142971591927111
-1.7763568394002505E-15
-1.7763568394002505E-15
0.14720182852028918
-1.7763568394002505E-15
-1.7763568394002505E-15
-1.7763568394002505E-15
-1.7763568394002505E-15
-1.7763568394002505E-15
-1.7763568394002505E-15
-1.7763568394002505E-15
-1.7763568394002505E-15
-1.7763568394002505E-15
-1.7763568394002505E-15
-1.7763568394002505E-15
-1.7763568394002505E-15
-0.31022299681542487
-1.7763568394002505E-15
-1.7763568394002505E-15
-1.7763568394002505E-15
-1.7763568394002505E-15
-1.7763568394002505E-15
1.433962357975531
0.0019026684070417854
-0.7562293703353986
-0.003247745079468345
4.445725638646536E-5
0.02152150773201944
0.06434521374661628
0.12347356945126498
-0.043136995378884935
-0.043239337902158725
0.06505972244816594
-0.0010254175127539789
-0.020106025473234812
-0.07387977953312908
0.010358746429067311
-0.45789460831194395
-0.0816344780707079
0.019373912763856027
0.06542598061336724
0.040315536739935265
0.0064476255850063335
-0.014391894727323273
-0.015254329724880611
0.0021969239012749053
0.006806914402771036
-3.5041562410964566E-4
-0.008221816152317096
0.00817224612688694
0.38310628160403926
0.12045013640964464
0.3716193347899569
6.987458410483427E-4
-3.195851119603965E-4
0.04641589195984808
0.036307014194873144
0.03227012517938954
0.2844990587540822
0.3662014415540644
0.08315267288817063
0.007291299587643962
0.30747686250509987
0.07911519182060411
0.007150711750809613
0.0016797763100968588
0.11397153946310468
0.06889753027794665
0.030606086148718292
0.05210847082450565
0.07210809522172901
0.010511990752461564
0.003575066466084964
-0.009635579932309568
0.5875656425790144
0.019650030154020337
0.009413218473746099
-8.496927945942367E-4
0.0031413784149370017
0.03964182681813977
0.008189581529038925
-9.085136526163495E-4
0.004355736226758999
-9.419556342153967E-4
1.613859938087714E-5
-0.001422014872297428
2.013924062751471E-4
-1.0643286853535043
-0.07924737981778751
-0.13533733936580472
0.2679275533835027
-0.7858351327722827
-0.0522053842685688
0.022128503158476254
0.12173591774891723
-1.5546120169073485
0.016864713674867637
-0.006758160983848294
-0.7278760558996021
0.24887961919431623
-0.6670820949765295
-0.09167128994799245
-0.14355898724858596
0.0018741053134672114
0.0680993473261734
-1.2349612778642887
-0.0726885211245184
0.031195769408343565
-0.08496976731405137
0.11212480215306364
0.007582054281085604
-0.004205657017428255
0.006240719554809537
6.052161691330049E-4
-0.001163353352342078
6.06075532252337E-4
8.100843387781609E-5
-1.7763568394002505E-15
-1.7763568394002505E-15
-1.7763568394002505E-15
-1.7763568394002505E-15
-1.7763568394002505E-15
-1.7763568394002505E-15
-1.7763568394002505E-15
-1.7763568394002505E-15
-1.7763568394002505E-15
-1.7763568394002505E-15
-1.7763568394002505E-15
-1.7763568394002505E-15
-1.7763568394002505E-15
-1.7763568394002505E-15
-1.7763568394002505E-15
-1.7763568394002505E-15
-1.7763568394002505E-15
-1.7763568394002505E-15
-1.7763568394002505E-15
-1.7763568394002505E-15
-1.7763568394002505E-15
-1.7763568394002505E-15
-1.7763568394002505E-15
-1.7763568394002505E-15
-1.7763568394002505E-15
-1.7763568394002505E-15
-1.7763568394002505E-15
-1.7763568394002505E-15
-1.7763568394002505E-15
-1.7763568394002505E-15
-1.7763568394002505E-15
-1.7763568394002505E-15
-1.7763568394002505E-15
-1.7763568394002505E-15
-1.7763568394002505E-15
-1.7763568394002505E-15
-1.7763568394002505E-15
-1.7763568394002505E-15
-1.7763568394002505E-15
-1.7763568394002505E-15
-1.7763568394002505E-15
-1.7763568394002505E-15
-1.7763568394002505E-15
-1.7763568394002505E-15
-1.7763568394002505E-15
-1.7763568394002505E-15
-1.7763568394002505E-15
-1.7763568394002505E-15
-1.7763568394002505E-15
-1.7763568394002505E-15
-1.7763568394002505E-15
-1.7763568394002505E-15
-1.7763568394002505E-15
-1.7763568394002505E-15
-1.7763568394002505E-15
-1.7763568394002505E-15
-1.7763568394002505E-15
-1.7763568394002505E-15
-1.7763568394002505E-15
-1.7763568394002505E-15
-1.7763568394002505E-15
-1.7763568394002505E-15
-1.7763568394002505E-15
-1.7763568394002505E-15
-1.7763568394002505E-15
-1.7763568394002505E-15
-1.7763568394002505E-15
-1.7763568394002505E-15
-1.7763568394002505E-15
-1.7763568394002505E-15
-1.7763568394002505E-15
-1.7763568394002505E-15
-1.7763568394002505E-15
-1.7763568394002505E-15
-1.7763568394002505E-15
-1.7763568394002505E-15
-1.7763568394002505E-15
-1.7763568394002505E-15
-1.7763568394002505E-15
-1.7763568394002505E-15
-1.7763568394002505E-15
-1.7763568394002505E-15
-1.7763568394002505E-15
-1.7763568394002505E-15
-1.7763568394002505E-15
-1.7763568394002505E-15
-1.7763568394002505E-15
-1.7763568394002505E-15
-1.7763568394002505E-15
-1.7763568394002505E-15
-1.7763568394002505E-15
-1.7763568394002505E-15
-1.7763568394002505E-15
-1.7763568394002505E-15
-1.7763568394002505E-15
-1.7763568394002505E-15
-1.7763568394002505E-15
-1.7763568394002505E-15
-1.7763568394002505E-15
-1.7763568394002505E-15
-1.7763568394002505E-15
-1.7763568394002505E-15
-1.7763568394002505E-15
-1.7763568394002505E-15
-1.7763568394002505E-15
-1.7763568394002505E-15
-1.7763568394002505E-15
-1.7763568394002505E-15
-1.7763568394002505E-15
-1.7763568394002505E-15
-1.7763568394002505E-15
-1.7763568394002505E-15
-1.7763568394002505E-15
-1.7763568394002505E-15
-1.7763568394002505E-15
-1.7763568394002505E-15
-1.7763568394002505E-15
-1.7763568394002505E-15
-1.7763568394002505E-15
-1.7763568394002505E-15
-1.7763568394002505E-15
-1.7763568394002505E-15
-1.7763568394002505E-15
-1.7763568394002505E-15
-1.7763568394002505E-15
-1.7763568394002505E-15
-1.7763568394002505E-15
</W>
<b>
1.9997922190122495
</b>
<info>
Training (X) File : /home/vibhatha/data/libsvm/webspam/webspam_isesvm_train_x_bin.117 
Training (Y) File : /home/vibhatha/data/libsvm/webspam/webspam_isesvm_train_y.117.bin 
Testing (X) File : /home/vibhatha/data/libsvm/webspam/webspam_isesvm_test_x_bin.117 
Testing (Y) File : /home/vibhatha/data/libsvm/webspam/webspam_isesvm_test_y.117.bin 
I/O Time : 122
Kernel Matrix Calculation : 0.0 s
</info>
