<model>
gaussian
</model>
<W>
-1.7763568394002505E-14
-1.7763568394002505E-14
-1.7763568394002505E-14
-1.7763568394002505E-14
-1.7763568394002505E-14
-1.7763568394002505E-14
-1.7763568394002505E-14
-1.7763568394002505E-14
-1.7763568394002505E-14
-0.2791598783574045
-5.104713869161837
-1.7763568394002505E-14
-1.7763568394002505E-14
1.2420571948241466
-1.7763568394002505E-14
-1.7763568394002505E-14
-1.7763568394002505E-14
-1.7763568394002505E-14
-1.7763568394002505E-14
-1.7763568394002505E-14
-1.7763568394002505E-14
-1.7763568394002505E-14
-1.7763568394002505E-14
-1.7763568394002505E-14
-1.7763568394002505E-14
-1.7763568394002505E-14
-1.3603754571875228
-1.7763568394002505E-14
-1.7763568394002505E-14
-1.7763568394002505E-14
-1.7763568394002505E-14
-1.7763568394002505E-14
-0.7706433030574592
0.17638652015353884
-1.8439583127210055
-0.14783041647625694
0.0016071004094122773
-0.5522629860116144
-0.5198076037360657
-0.14130608687325186
-0.4543793022811933
-0.45141920418224046
0.10778215863081186
-0.14860756461771985
2.086773266586526
1.1016489237417117
3.4218524597050477
-5.886484443050335
-1.0682550827997856
0.14527320236664237
1.8811763870060276
-0.2766023686190484
1.6290110843164238
0.3136351314583019
-0.23163596909240236
0.916111330622263
-0.543238772135572
0.18633512065496663
-0.723921662599615
-0.3842752431007348
0.9511288098993278
4.358074095756684
0.5751134679343801
0.02162978775448643
-0.03330324205919055
-5.426762464466233
0.20040517718313958
-0.9864565171293351
-1.678482845377449
2.7213748834198386
1.3973934288837548
-0.2028997234190797
1.5564901836995029
-1.236402315445694
0.21826222847710497
0.15642599824646908
1.559868939035073
0.7139280656939238
0.10106203173578526
0.2752987030266623
0.3582769177919548
-0.09279662090072802
-1.060964231084339
-0.17892641051330546
-0.7998566638574585
0.7653170722103069
1.1445851928446766
0.46455948516328943
0.17606057611513926
0.6523352540019867
0.2702718779175832
-0.07300949313183125
0.06676619549314111
-0.08170196060391888
5.753726340529397E-5
-0.7310257896456008
-9.490483510177228E-6
-1.8665528043347739
-0.04416075592350663
2.8555465974771086
2.8646508805595867
3.5562053862084997
-2.0702144423644415
7.311498296061305
2.5710870018393313
-7.314409354744967
0.35642814129001094
1.2005766294980804
-2.2618408860450008
4.294652524547221
-3.952154314772644
1.2035593132698952
1.3753050079593128
0.07239957104386541
1.8717720238483015
-7.345382705800116
-3.5897272323205605
1.4692989948172441
-3.606325739257082
2.321250041827452
-0.6758088809622596
-1.272896935065308
0.07295293001657654
-0.05648792251507828
-0.04133480993506389
-0.05648792251507828
0.0037701915709398293
-1.7763568394002505E-14
-1.7763568394002505E-14
-1.7763568394002505E-14
-1.7763568394002505E-14
-1.7763568394002505E-14
-1.7763568394002505E-14
-1.7763568394002505E-14
-1.7763568394002505E-14
-1.7763568394002505E-14
-1.7763568394002505E-14
-1.7763568394002505E-14
-1.7763568394002505E-14
-1.7763568394002505E-14
-1.7763568394002505E-14
-1.7763568394002505E-14
-1.7763568394002505E-14
-1.7763568394002505E-14
-1.7763568394002505E-14
-1.7763568394002505E-14
-1.7763568394002505E-14
-1.7763568394002505E-14
-1.7763568394002505E-14
-1.7763568394002505E-14
-1.7763568394002505E-14
-1.7763568394002505E-14
-1.7763568394002505E-14
-1.7763568394002505E-14
-1.7763568394002505E-14
-1.7763568394002505E-14
-1.7763568394002505E-14
-1.7763568394002505E-14
-1.7763568394002505E-14
-1.7763568394002505E-14
-1.7763568394002505E-14
-1.7763568394002505E-14
-1.7763568394002505E-14
-1.7763568394002505E-14
-1.7763568394002505E-14
-1.7763568394002505E-14
-1.7763568394002505E-14
-1.7763568394002505E-14
-1.7763568394002505E-14
-1.7763568394002505E-14
-1.7763568394002505E-14
-1.7763568394002505E-14
-1.7763568394002505E-14
-1.7763568394002505E-14
-1.7763568394002505E-14
-1.7763568394002505E-14
-1.7763568394002505E-14
-1.7763568394002505E-14
-1.7763568394002505E-14
-1.7763568394002505E-14
-1.7763568394002505E-14
-1.7763568394002505E-14
-1.7763568394002505E-14
-1.7763568394002505E-14
-1.7763568394002505E-14
-1.7763568394002505E-14
-1.7763568394002505E-14
-1.7763568394002505E-14
-1.7763568394002505E-14
-1.7763568394002505E-14
-1.7763568394002505E-14
-1.7763568394002505E-14
-1.7763568394002505E-14
-1.7763568394002505E-14
-1.7763568394002505E-14
-1.7763568394002505E-14
-1.7763568394002505E-14
-1.7763568394002505E-14
-1.7763568394002505E-14
-1.7763568394002505E-14
-1.7763568394002505E-14
-1.7763568394002505E-14
-1.7763568394002505E-14
-1.7763568394002505E-14
-1.7763568394002505E-14
-1.7763568394002505E-14
-1.7763568394002505E-14
-1.7763568394002505E-14
-1.7763568394002505E-14
-1.7763568394002505E-14
-1.7763568394002505E-14
-1.7763568394002505E-14
-1.7763568394002505E-14
-1.7763568394002505E-14
-1.7763568394002505E-14
-1.7763568394002505E-14
-1.7763568394002505E-14
-1.7763568394002505E-14
-1.7763568394002505E-14
-1.7763568394002505E-14
-1.7763568394002505E-14
-1.7763568394002505E-14
-1.7763568394002505E-14
-1.7763568394002505E-14
-1.7763568394002505E-14
-1.7763568394002505E-14
-1.7763568394002505E-14
-1.7763568394002505E-14
-1.7763568394002505E-14
-1.7763568394002505E-14
-1.7763568394002505E-14
-1.7763568394002505E-14
-1.7763568394002505E-14
-1.7763568394002505E-14
-1.7763568394002505E-14
-1.7763568394002505E-14
-1.7763568394002505E-14
-1.7763568394002505E-14
-1.7763568394002505E-14
-1.7763568394002505E-14
-1.7763568394002505E-14
-1.7763568394002505E-14
-1.7763568394002505E-14
-1.7763568394002505E-14
-1.7763568394002505E-14
-1.7763568394002505E-14
-1.7763568394002505E-14
-1.7763568394002505E-14
-1.7763568394002505E-14
-1.7763568394002505E-14
-1.7763568394002505E-14
-1.7763568394002505E-14
-1.7763568394002505E-14
-1.7763568394002505E-14
</W>
<b>
-0.6065866402965063
</b>
<info>
Training (X) File : /home/vibhatha/data/libsvm/webspam/webspam_isesvm_train_x_bin.101 
Training (Y) File : /home/vibhatha/data/libsvm/webspam/webspam_isesvm_train_y.101.bin 
Testing (X) File : /home/vibhatha/data/libsvm/webspam/webspam_isesvm_test_x_bin.101 
Testing (Y) File : /home/vibhatha/data/libsvm/webspam/webspam_isesvm_test_y.101.bin 
I/O Time : 137
Kernel Matrix Calculation : 0.0 s
</info>
