<model>
linear
</model>
<W>
0.0
0.0
0.0
0.0
0.0
0.0
0.0
0.0
0.0
-0.836119534995087
1.1155458775003126
0.0
0.0
-0.49606607677610937
0.0
0.0
0.0
0.0
0.0
0.0
0.0
0.0
0.0
0.0
0.0
0.0
1.8662880484031652
0.0
0.0
0.0
0.0
0.0
-0.37594409808530527
0.22292660922678298
3.1786191982155336
0.019985837572745288
0.05514333549385238
0.1243403705234592
-1.279516087983995
-0.2560537972134235
1.412594620651783
1.4291667654895346
-0.1576205576346547
-0.48707346446767263
1.2162343784337801
0.6797638251682542
-1.4184409929511008
5.636135864100335
-0.34642671869894126
-0.3204256470238486
0.3555451076854311
-0.4363037249006598
0.27388564476465493
-0.07420845563126087
0.7760910699644786
0.28148126944755053
0.7227410928538474
-0.05125771909140985
-0.3362215244685755
-0.08324824081292058
0.1131702937773601
-4.206820019685437
0.1257094168039059
-0.8010916945967688
0.21124588016380794
0.9066056683948933
-0.9422450396247956
-2.140391633062497
-0.05489877493725547
-2.4327986819612986
-1.8647038607740005
0.8003143938207841
-0.4308904247193758
0.8185510207029345
-0.23106471328971037
-0.6477433986006899
-1.1388807270504826
-1.1806815389843388
0.5214113315112979
-1.6487303484152829
-0.804833641247803
0.024936788528447024
0.3492200642475921
0.19289992735622577
-0.19564732868534807
-0.23755398841128084
0.37820544645134596
0.32694835200848565
-0.29862485061198873
-0.5164896433484795
-0.3987251296956313
0.37844201656236603
-0.00535140998376212
0.379623506562366
-0.040401395281272075
1.7460203789991513
0.002119335
2.3034059063028516
0.10220875577463925
-1.308080790401144
-1.4061496109358862
-1.2622211588464982
0.5448600578185414
-2.7766014563664934
-0.41169494836829684
3.145100580298412
-0.4231071857191477
-1.0436380764379845
3.3984972307744914
-1.3854814125494204
2.7820244519188826
-1.6602761532798744
0.8712419334308532
-0.2257960507389394
-3.1661905291388894
5.864850207910407
-0.1643275959771513
-0.18161822147147766
1.1987009916234181
-0.32045708110837356
0.34938616330175365
-0.06532173053562029
-0.29096379929435684
-0.44310176158792736
0.24551723254675378
-0.4425796310879274
3.940122053202385E-5
0.0
0.0
0.0
0.0
0.0
0.0
0.0
0.0
0.0
0.0
0.0
0.0
0.0
0.0
0.0
0.0
0.0
0.0
0.0
0.0
0.0
0.0
0.0
0.0
0.0
0.0
0.0
0.0
0.0
0.0
0.0
0.0
0.0
0.0
0.0
0.0
0.0
0.0
0.0
0.0
0.0
0.0
0.0
0.0
0.0
0.0
0.0
0.0
0.0
0.0
0.0
0.0
0.0
0.0
0.0
0.0
0.0
0.0
0.0
0.0
0.0
0.0
0.0
0.0
0.0
0.0
0.0
0.0
0.0
0.0
0.0
0.0
0.0
0.0
0.0
0.0
0.0
0.0
0.0
0.0
0.0
0.0
0.0
0.0
0.0
0.0
0.0
0.0
0.0
0.0
0.0
0.0
0.0
0.0
0.0
0.0
0.0
0.0
0.0
0.0
0.0
0.0
0.0
0.0
0.0
0.0
0.0
0.0
0.0
0.0
0.0
0.0
0.0
0.0
0.0
0.0
0.0
0.0
0.0
0.0
0.0
0.0
0.0
0.0
0.0
0.0
0.0
</W>
<b>
-1.7067309350020792
</b>
<info>
Training (X) File : /home/vibhatha/data/libsvm/webspam/webspam_isesvm_train_x_bin.185 
Training (Y) File : /home/vibhatha/data/libsvm/webspam/webspam_isesvm_train_y.185.bin 
Testing (X) File : /home/vibhatha/data/libsvm/webspam/webspam_isesvm_test_x_bin.185 
Testing (Y) File : /home/vibhatha/data/libsvm/webspam/webspam_isesvm_test_y.185.bin 
I/O Time : 110
Kernel Matrix Calculation : 0.204 s
</info>
