90.28776978417267
92.08633093525181
89.92805755395683
85.97122302158273
87.76978417266187
88.48920863309353
90.28776978417267
92.44604316546763
88.12949640287769
87.41007194244604
92.44604316546763
88.84892086330936
86.6906474820144
91.36690647482014
90.64748201438849
89.568345323741
90.28776978417267
87.41007194244604
87.76978417266187
84.53237410071942
88.12949640287769
91.36690647482014
89.92805755395683
91.36690647482014
87.76978417266187
89.568345323741
87.76978417266187
86.33093525179856
87.41007194244604
93.88489208633094
89.568345323741
87.76978417266187
87.41007194244604
88.48920863309353
90.64748201438849
88.12949640287769
89.92805755395683
91.72661870503596
89.568345323741
90.28776978417267
