<model>
linear
</model>
<W>
0.0
0.0
0.0
0.0
0.0
0.0
0.0
0.0
1.1265049656983271E-20
0.08563373912904937
0.17659472304166163
0.0
0.0
-4.411667971098474
0.0
0.0
0.0
0.0
0.0
0.0
0.0
0.0
0.0
0.0
0.0
0.0
1.787357139037222
0.0
0.0
0.0
0.0
0.0
0.9254540986229238
1.5069487224310917E-4
1.5403925805222975
0.44263107129048507
-0.23081023273174228
-0.397559261333315
-3.0700340341676986
-2.5531437231131364
1.0289717480159912
0.9838943999307465
0.26329491495123203
-0.1436326132499932
0.9453104370272243
1.5348222815549835
-0.546856496649329
4.580907374594978
0.1818823451528639
1.7638122180252422
0.6656059085609588
-1.2770544939908306
0.40196114328173643
-1.046206610715161
1.54231132193673
1.0768590752937626
1.7416234170299794
0.8078934416657675
2.608657608243251
-0.08873186321412235
-0.9198495657698865
-4.64016150328458
-0.8956289930618614
-0.8300341042240589
0.3563333486448612
1.4780145369980358
-1.4531332931004388
-2.691275727549125
0.1614801680417613
-2.185813607436609
-1.7419206529630529
-0.2015041814234848
-0.8770426475763745
0.7898283993964121
-0.7648658079178136
-0.7810370479353568
-0.952273749015804
-2.2942802150190977
-0.19776598084044938
0.08444452085126072
-0.9026460727147263
-0.017598331189838848
1.1996933498511912
0.7013966143537085
0.4175654509533741
-1.2881483561929687
-0.6219009801761992
-0.4130842235643075
-0.21784643864585015
-1.1989631414834172
-0.45128900465074795
-0.3242763193782196
0.03990877365113523
-0.3167183193782197
-0.04340133123401244
1.0229756291816081
-0.0032845950000000004
3.2651599406631773
0.1430435363417235
-0.614604377014967
-2.180643274102206
-0.17328041077314638
0.5980081659173275
-3.3985274768324274
-1.4720009361748985
5.651458999536593
-0.43178455834051177
-1.4217894704122043
3.9036428886343377
-4.033919699995604
2.7663695248397344
-0.6181776060408373
1.127286278526356
-0.3352888810009741
-2.389629503905048
6.1293207182637515
-0.2190071168620633
-2.7030391063935357
5.524056651518896
-1.3705273615787652
1.5857797951451094
1.0558823205881323
0.26713348960434086
-0.06312320700954281
0.5175712680292164
-0.06662645700954282
-0.015115655500000005
0.0
0.0
0.0
0.0
0.0
0.0
0.0
0.0
0.0
0.0
0.0
0.0
0.0
0.0
0.0
0.0
0.0
0.0
0.0
0.0
0.0
0.0
0.0
0.0
0.0
0.0
0.0
0.0
0.0
0.0
0.0
0.0
0.0
0.0
0.0
0.0
0.0
0.0
0.0
0.0
0.0
0.0
0.0
0.0
0.0
0.0
0.0
0.0
0.0
0.0
0.0
0.0
0.0
0.0
0.0
0.0
0.0
0.0
0.0
0.0
0.0
0.0
0.0
0.0
0.0
0.0
0.0
0.0
0.0
0.0
0.0
0.0
0.0
0.0
0.0
0.0
0.0
0.0
0.0
0.0
0.0
0.0
0.0
0.0
0.0
0.0
0.0
0.0
0.0
0.0
0.0
0.0
0.0
0.0
0.0
0.0
0.0
0.0
0.0
0.0
0.0
0.0
0.0
0.0
0.0
0.0
0.0
0.0
0.0
0.0
0.0
0.0
0.0
0.0
0.0
0.0
0.0
0.0
0.0
0.0
0.0
0.0
0.0
0.0
0.0
0.0
0.0
</W>
<b>
-2.8269356305527604
</b>
<info>
Training (X) File : /home/vibhatha/data/libsvm/webspam/webspam_isesvm_train_x_bin.331 
Training (Y) File : /home/vibhatha/data/libsvm/webspam/webspam_isesvm_train_y.331.bin 
Testing (X) File : /home/vibhatha/data/libsvm/webspam/webspam_isesvm_test_x_bin.331 
Testing (Y) File : /home/vibhatha/data/libsvm/webspam/webspam_isesvm_test_y.331.bin 
I/O Time : 112
Kernel Matrix Calculation : 0.223 s
</info>
