86.68122270742357
87.77292576419214
96.50655021834062
96.94323144104804
96.17903930131004
91.70305676855895
78.16593886462883
79.58515283842796
65.82969432314411
54.03930131004366
78.49344978165938
87.22707423580786
87.33624454148472
87.66375545851528
80.45851528384279
58.951965065502186
52.94759825327511
73.36244541484717
87.55458515283843
87.44541484716157
88.31877729257643
84.60698689956332
69.32314410480349
54.14847161572053
69.54148471615721
87.99126637554585
87.66375545851528
89.8471615720524
88.20960698689956
88.20960698689956
89.19213973799127
87.66375545851528
87.55458515283843
74.12663755458514
58.73362445414847
84.06113537117903
87.33624454148472
88.75545851528385
88.42794759825327
87.55458515283843
