<model>
linear
</model>
<W>
0.0
0.0
0.0
0.0
0.0
0.0
0.0
0.0
0.0
-1.352158124810366
-0.8304014741452297
0.0
0.0
-1.472192356159145
0.0
0.0
0.0
0.0
0.0
0.0
0.0
0.0
0.0
0.0
0.0
0.0
1.436722987390286
0.0
0.0
0.0
0.0
0.0
-1.5125257285186597
0.9388334116719952
3.2093293738877775
3.132326444941733
-0.5232697514161987
-2.484629579840801
-4.832862426598779
-6.975083644251499
5.730556915371513
5.983162915371515
0.782164594586593
1.4878193708621616
0.42378480433389837
-0.8688206527910565
-3.6869241687590626
7.732844386578778
0.42339944313283995
0.014037993383047703
3.1817505873002245
-1.6064685346640857
-5.846121366631749
2.289425267169565
7.34597934474274
3.133007642781895
3.159144717800348
-1.2984922334840783
0.5673127816591684
-1.2170170614866587
-3.397298701854057
-9.079849531869733
-3.5842893101230144
-2.179239396834562
0.213439194611695
1.2697513077412776
-1.9239141579252308
-3.7496479924712025
2.1313751059545876
-3.0329691317301046
-4.661692549837124
2.9220106087697735
-0.8552625463576455
6.497343735591606
-1.122668384645858
-2.528155790575409
-2.3893074478578007
-3.368691740295564
4.209794374716386
-1.7357758647929773
-2.4659543888895086
2.1863162443962882
-1.8732573350517905
2.212124559059736
0.5406652881452225
-3.6666654007307784
2.4411898910037664
0.18211900177374843
-1.5705830750113468
-3.468281986106227
-2.3716348745328433
1.620810535340016
-0.33695007605113364
1.620810535340016
-0.9494723050147372
2.3924957298497285
-0.061207133030457744
3.180236546171476
0.7783627380199174
3.028993054942878
2.0342981402355322
1.4115716394647317
6.485683308810873
-6.374952107131329
-5.742748621795091
2.1116628346246364
-2.003138229293698
-7.189274172813287
6.85294677676681
-9.16853679422302
2.1636269498174805
-2.5293479328824713
-4.4991306694349325
-6.336656945413871
-5.394169399220707
12.17310965166398
-1.100007426926722
-3.740633506710958
6.973358409181644
-0.6605284893941602
-0.2439731066713039
3.528022629501641
0.7079797302892523
0.7428000951944166
0.10311695924024458
0.7428000951944166
-0.16814111171175739
0.0
0.0
0.0
0.0
0.0
0.0
0.0
0.0
0.0
0.0
0.0
0.0
0.0
0.0
0.0
0.0
0.0
0.0
0.0
0.0
0.0
0.0
0.0
0.0
0.0
0.0
0.0
0.0
0.0
0.0
0.0
0.0
0.0
0.0
0.0
0.0
0.0
0.0
0.0
0.0
0.0
0.0
0.0
0.0
0.0
0.0
0.0
0.0
0.0
0.0
0.0
0.0
0.0
0.0
0.0
0.0
0.0
0.0
0.0
0.0
0.0
0.0
0.0
0.0
0.0
0.0
0.0
0.0
0.0
0.0
0.0
0.0
0.0
0.0
0.0
0.0
0.0
0.0
0.0
0.0
0.0
0.0
0.0
0.0
0.0
0.0
0.0
0.0
0.0
0.0
0.0
0.0
0.0
0.0
0.0
0.0
0.0
0.0
0.0
0.0
0.0
0.0
0.0
0.0
0.0
0.0
0.0
0.0
0.0
0.0
0.0
0.0
0.0
0.0
0.0
0.0
0.0
0.0
0.0
0.0
0.0
0.0
0.0
0.0
0.0
0.0
0.0
</W>
<b>
-0.4221954812276269
</b>
<info>
Training (X) File : /home/vibhatha/data/libsvm/webspam/webspam_isesvm_train_x_bin.111 
Training (Y) File : /home/vibhatha/data/libsvm/webspam/webspam_isesvm_train_y.111.bin 
Testing (X) File : /home/vibhatha/data/libsvm/webspam/webspam_isesvm_test_x_bin.111 
Testing (Y) File : /home/vibhatha/data/libsvm/webspam/webspam_isesvm_test_y.111.bin 
I/O Time : 61
Kernel Matrix Calculation : 0.229 s
</info>
