<model>
linear
</model>
<W>
0.0
0.0
0.0
0.0
0.0
0.0
0.0
0.0
0.0
-1.5772819884244473
1.2002796642367506
0.0
0.0
1.6484134065316258
0.0
0.0
0.0
0.0
0.0
0.0
0.0
0.0
0.0
0.0
0.0
0.0
4.551641683173419
0.0
0.0
0.0
0.0
0.0
1.6477336638303264
0.9622828920011982
2.839335038405922
5.458750063794501
-0.7935259741474947
1.6379302954650843
-5.440114682828833
-6.3891749997112415
8.351381170866754
8.39707950181558
-0.1272129623281419
2.6120356587211946
-6.029084406362349
0.8045344279499951
9.583667542070524
9.574464351033328
-0.5062597207504771
-1.0854700028144242
2.5743973459439404
-2.9619236209736988
0.48820956045826014
-3.4785413261885942
5.773360497548472
-1.6317861027748295
0.5287397331373755
6.663691344896033
-0.3862660639652676
-0.8679186773922711
-5.194140931655531
-6.73848569772704
-5.119707905829805
-3.7373188319090245
1.1769305735562097
4.566099420920513
3.5156469698033237
-7.908538598655343
5.254730030198043
-5.348034623091602
-3.7042286863159894
-1.4123129511129242
-2.8590410015101293
0.6925650727440009
0.6989880419782101
-0.3261340372891322
2.1167191561641485
-3.855655699126415
1.7737965250989394
-0.24484056669733167
-7.546687382163017
0.2906334088501559
6.174512178889632
1.6206896438827676
2.5073585056295107
0.7329685870677087
1.0653310522357171
2.551389420634167
-0.6179878358249982
-4.07936671442834
-2.280687956874343
0.7872618790058739
-1.7942266118496932
0.6133961267722992
-0.24143967229312724
-0.06442600677804772
-0.16218019620333998
2.8463101171741005
3.281774134660536
-4.612649175514369
4.19172543209552
-1.8044641573346034
4.897311161973718
-7.028634143863359
1.974514208987673
0.3517680530810914
-7.823076904014576
-2.9455178616823505
5.763767704153511
-7.138825680193847
5.854751472419845
-5.199819603496239
1.146640491855238
-1.447941169685483
-2.638849242470082
14.99111873758934
6.372062389103361
-1.884904879351663
8.305587695984581
-1.7144167076973267
1.3454066962324338
-1.8541020718065635
-1.7383736327889747
-1.3894639227861094
3.7081848290736596
-1.7470270922812192
-0.4206011201458368
0.0
0.0
0.0
0.0
0.0
0.0
0.0
0.0
0.0
0.0
0.0
0.0
0.0
0.0
0.0
0.0
0.0
0.0
0.0
0.0
0.0
0.0
0.0
0.0
0.0
0.0
0.0
0.0
0.0
0.0
0.0
0.0
0.0
0.0
0.0
0.0
0.0
0.0
0.0
0.0
0.0
0.0
0.0
0.0
0.0
0.0
0.0
0.0
0.0
0.0
0.0
0.0
0.0
0.0
0.0
0.0
0.0
0.0
0.0
0.0
0.0
0.0
0.0
0.0
0.0
0.0
0.0
0.0
0.0
0.0
0.0
0.0
0.0
0.0
0.0
0.0
0.0
0.0
0.0
0.0
0.0
0.0
0.0
0.0
0.0
0.0
0.0
0.0
0.0
0.0
0.0
0.0
0.0
0.0
0.0
0.0
0.0
0.0
0.0
0.0
0.0
0.0
0.0
0.0
0.0
0.0
0.0
0.0
0.0
0.0
0.0
0.0
0.0
0.0
0.0
0.0
0.0
0.0
0.0
0.0
0.0
0.0
0.0
0.0
0.0
0.0
0.0
</W>
<b>
-5.501778049372334
</b>
<info>
Training (X) File : /home/vibhatha/data/libsvm/webspam/webspam_isesvm_train_x_bin.192 
Training (Y) File : /home/vibhatha/data/libsvm/webspam/webspam_isesvm_train_y.192.bin 
Testing (X) File : /home/vibhatha/data/libsvm/webspam/webspam_isesvm_test_x_bin.192 
Testing (Y) File : /home/vibhatha/data/libsvm/webspam/webspam_isesvm_test_y.192.bin 
I/O Time : 140
Kernel Matrix Calculation : 0.22 s
</info>
