91.00719424460432
93.16546762589928
91.00719424460432
87.41007194244604
89.20863309352518
91.00719424460432
89.20863309352518
88.48920863309353
90.28776978417267
88.48920863309353
93.16546762589928
91.00719424460432
88.12949640287769
88.84892086330936
90.28776978417267
89.92805755395683
89.568345323741
89.92805755395683
91.00719424460432
87.05035971223022
89.568345323741
89.92805755395683
90.64748201438849
89.20863309352518
89.568345323741
88.84892086330936
86.6906474820144
88.12949640287769
89.20863309352518
92.08633093525181
93.16546762589928
88.84892086330936
89.92805755395683
88.12949640287769
90.28776978417267
89.92805755395683
92.80575539568345
89.20863309352518
88.84892086330936
91.36690647482014
