99.56331877729258
99.56331877729258
94.32314410480349
92.79475982532752
87.44541484716157
84.27947598253274
79.58515283842796
86.02620087336244
73.7991266375546
55.567685589519655
79.14847161572052
91.92139737991266
94.65065502183407
99.45414847161572
92.68558951965066
62.772925764192145
57.20524017467249
75.43668122270742
92.35807860262008
92.79475982532752
96.17903930131004
100.0
77.18340611353712
56.76855895196506
73.58078602620087
93.44978165938865
93.23144104803494
95.85152838427948
95.41484716157204
93.12227074235808
94.97816593886463
94.32314410480349
92.03056768558952
82.42358078602619
59.60698689956332
92.68558951965066
90.17467248908298
93.88646288209607
93.99563318777294
98.0349344978166
