91.36690647482014
90.28776978417267
89.20863309352518
88.48920863309353
88.48920863309353
88.84892086330936
89.20863309352518
89.92805755395683
89.92805755395683
89.20863309352518
92.80575539568345
89.568345323741
87.41007194244604
89.568345323741
88.12949640287769
88.12949640287769
90.28776978417267
89.568345323741
91.36690647482014
84.89208633093526
91.72661870503596
93.88489208633094
91.36690647482014
89.20863309352518
87.41007194244604
88.84892086330936
90.28776978417267
87.76978417266187
88.84892086330936
89.92805755395683
92.08633093525181
89.92805755395683
86.6906474820144
89.568345323741
90.64748201438849
87.41007194244604
91.00719424460432
91.72661870503596
87.41007194244604
91.00719424460432
