<model>
linear
</model>
<W>
0.0
0.0
0.0
0.0
0.0
0.0
0.0
0.0
0.0
-1.2886849816599644
1.2499630932011512
0.0
0.0
-3.598575194885602
0.0
0.0
0.0
0.0
0.0
0.0
0.0
0.0
0.0
0.0
0.0
0.0
2.834585739824993
0.0
0.0
0.0
0.0
0.0
1.0865389154180125
0.03006253860667364
4.5149352447476785
0.5450156110886166
-0.012773596257863751
1.574521265180131
-2.8532081989563154
-3.470839179342922
1.3295307927531788
1.34077338986753
-1.8499754294355164
-0.009133368409566817
-1.0456976382878995
4.381083851354978
-3.8681986744215613
8.485057820661943
-0.743102577914378
1.1616056531264174
1.0914974086389697
0.4238866878388827
-0.6856763018158849
-0.5798017333344984
2.720184887435786
0.821845552244018
1.0008412177215016
0.5209589591454225
2.38626541267392
-1.4378564404693406
-2.542039212637099
-5.798172161694454
-2.560967906014383
-1.2299707864947027
0.40043135466983715
3.678073799353025
0.7052046580611019
-1.8867164538459071
2.039033034177991
-1.0793491437631328
-2.5866271944815735
0.5773303129526408
-1.909092869694345
-0.22222019149746225
0.12359589823495178
-1.0653478161987002
-0.2654601434058687
-1.341548579557184
0.10350802121804942
-0.9954611239544044
-0.6374584389071084
0.08769897459120833
1.3463457406936146
1.5772419108395455
-0.167978408857596
-0.4897656471095365
-0.02910490811569856
0.6160982029837244
0.05479596860331377
-1.2708126534340227
-0.6803264225898381
0.395527096602178
0.03576796973093633
0.46631305660217814
-0.010409063950961469
-0.5381511632660423
0.015168684999999998
2.7066073706451004
-3.1826915943188867
-1.4674895290603607
-2.1831216175812793
-0.7769258921027221
1.539058547001188
-3.266493962396811
-0.44049387567603443
5.531351202157395
-0.8409170905907293
-1.709641033524447
3.503038849518643
-4.668807941918024
1.5549729750796086
1.1524041776404501
0.6063023580156285
-0.7649724023465632
-3.0339759804631257
6.7707294496772965
-0.6824336695950134
-2.264803973798646
1.553447811969737
1.1067936112667094
2.397819964819953
1.6653137571732968
0.6620584091066344
-0.5535723045862859
0.7334102334249786
-0.620020994586286
-0.07958232533445317
0.0
0.0
0.0
0.0
0.0
0.0
0.0
0.0
0.0
0.0
0.0
0.0
0.0
0.0
0.0
0.0
0.0
0.0
0.0
0.0
0.0
0.0
0.0
0.0
0.0
0.0
0.0
0.0
0.0
0.0
0.0
0.0
0.0
0.0
0.0
0.0
0.0
0.0
0.0
0.0
0.0
0.0
0.0
0.0
0.0
0.0
0.0
0.0
0.0
0.0
0.0
0.0
0.0
0.0
0.0
0.0
0.0
0.0
0.0
0.0
0.0
0.0
0.0
0.0
0.0
0.0
0.0
0.0
0.0
0.0
0.0
0.0
0.0
0.0
0.0
0.0
0.0
0.0
0.0
0.0
0.0
0.0
0.0
0.0
0.0
0.0
0.0
0.0
0.0
0.0
0.0
0.0
0.0
0.0
0.0
0.0
0.0
0.0
0.0
0.0
0.0
0.0
0.0
0.0
0.0
0.0
0.0
0.0
0.0
0.0
0.0
0.0
0.0
0.0
0.0
0.0
0.0
0.0
0.0
0.0
0.0
0.0
0.0
0.0
0.0
0.0
0.0
</W>
<b>
-2.713602577743344
</b>
<info>
Training (X) File : /home/vibhatha/data/libsvm/webspam/webspam_isesvm_train_x_bin.121 
Training (Y) File : /home/vibhatha/data/libsvm/webspam/webspam_isesvm_train_y.121.bin 
Testing (X) File : /home/vibhatha/data/libsvm/webspam/webspam_isesvm_test_x_bin.121 
Testing (Y) File : /home/vibhatha/data/libsvm/webspam/webspam_isesvm_test_y.121.bin 
I/O Time : 137
Kernel Matrix Calculation : 0.286 s
</info>
